"(1, 3)","(0, 1)","(0, 7)","(1, 5)","(4, 5)","(6, 7)","(3, 7)","(3, 6)","(2, 3)","(4, 8)","(3, 5)","(1, 8)","(4, 7)","(2, 9)","(3, 8)","(1, 4)","(0, 3)","(2, 6)","(6, 9)","(5, 8)","(2, 4)","(7, 9)","(4, 9)","(1, 2)","(1, 9)","(2, 5)","(7, 8)","(2, 8)","(0, 4)","(5, 7)","(5, 6)","(0, 2)","(1, 7)","(0, 9)","(0, 6)","(4, 6)","(6, 8)","(2, 7)","(8, 9)","(3, 4)","(0, 8)","(5, 9)","(0, 5)","(1, 6)","(3, 9)",
1.0,0.999,0.9632,0.9622,0.9746,0.9966,0.9943,0.9915,0.9857,0.9215,0.7376,0.9323,0.9069,0.8376,0.8005,0.8554,0.6759,0.8223,0.941,0.7817,0.6112,0.9517,0.7243,0.6279,0.6128,0.6162,0.855,0.5601,0.6174,0.7834,0.5096,0.5417,0.3941,0.5899,0.673,0.5861,0.5249,0.3165,0.4844,0.2604,0.5118,0.3182,0.2085,0.1651,0.3508,
1.0,0.9991,0.9702,0.9693,0.9674,0.9978,0.9951,0.9906,0.9857,0.9242,0.736,0.9319,0.9091,0.8396,0.8024,0.8578,0.6907,0.8256,0.9445,0.7837,0.6158,0.9549,0.726,0.6268,0.6086,0.6155,0.8609,0.5761,0.6363,0.783,0.5017,0.5674,0.3823,0.6078,0.6927,0.5934,0.5278,0.311,0.4879,0.2696,0.5393,0.3092,0.2147,0.1673,0.366,
1.0,0.9989,0.9665,0.9654,0.971,0.9975,0.9946,0.9901,0.9851,0.9229,0.7371,0.9307,0.9064,0.8391,0.8005,0.8558,0.6847,0.8247,0.9409,0.7839,0.6102,0.9507,0.7196,0.624,0.609,0.6182,0.8544,0.5705,0.6229,0.7809,0.4982,0.5562,0.3845,0.5907,0.6739,0.5822,0.5142,0.3122,0.4752,0.2598,0.5178,0.3049,0.2094,0.163,0.3582,
1.0,0.9984,0.9668,0.9652,0.9696,0.9982,0.995,0.9912,0.9855,0.923,0.7301,0.929,0.9085,0.833,0.7954,0.8531,0.6784,0.818,0.9391,0.7808,0.6088,0.9543,0.7224,0.6185,0.6052,0.608,0.8566,0.559,0.621,0.7865,0.5104,0.5483,0.3923,0.5961,0.678,0.5827,0.5171,0.3242,0.479,0.2587,0.5255,0.3149,0.2106,0.1626,0.3554,
1.0,0.9987,0.9695,0.9682,0.971,0.9973,0.9949,0.9918,0.9875,0.9226,0.738,0.9342,0.9086,0.8354,0.7975,0.8576,0.6824,0.8237,0.9411,0.7815,0.607,0.9559,0.7201,0.6195,0.6089,0.6103,0.8589,0.5677,0.6174,0.7855,0.5112,0.5463,0.3891,0.5954,0.676,0.5824,0.5236,0.3162,0.4806,0.261,0.5208,0.3146,0.2086,0.1682,0.352,
1.0,0.9988,0.969,0.9678,0.9677,0.9977,0.9961,0.9904,0.9843,0.9279,0.7353,0.9296,0.9116,0.8353,0.7952,0.8581,0.6817,0.8226,0.9406,0.7845,0.6092,0.954,0.7271,0.6174,0.6091,0.6143,0.8603,0.5639,0.6268,0.7871,0.5075,0.5552,0.3918,0.6002,0.6886,0.5883,0.5219,0.3174,0.4818,0.2691,0.5282,0.3163,0.2115,0.1642,0.3546,
1.0,0.9988,0.9676,0.9664,0.9717,0.9972,0.9951,0.991,0.9858,0.9268,0.7398,0.9326,0.9116,0.8378,0.8013,0.8612,0.6793,0.8246,0.9435,0.7849,0.6119,0.9532,0.723,0.6238,0.6062,0.6202,0.852,0.5695,0.6225,0.7878,0.5084,0.5577,0.3858,0.5851,0.6821,0.59,0.5296,0.3099,0.4635,0.2621,0.5178,0.3097,0.2098,0.1606,0.3475,
1.0,0.9992,0.967,0.9662,0.9715,0.9981,0.9967,0.9916,0.9855,0.9219,0.7376,0.9323,0.9072,0.8416,0.8047,0.8555,0.6869,0.8282,0.9381,0.7845,0.6123,0.9541,0.7237,0.6281,0.609,0.6145,0.8553,0.5651,0.6267,0.7821,0.5039,0.5533,0.3888,0.592,0.6777,0.585,0.5152,0.3192,0.4729,0.2648,0.5259,0.308,0.2096,0.1687,0.36,
1.0,0.9988,0.9705,0.9693,0.9676,0.9972,0.9946,0.9901,0.9847,0.9246,0.7352,0.9317,0.9081,0.8405,0.8022,0.8571,0.6816,0.8272,0.9431,0.7764,0.617,0.9537,0.7267,0.6276,0.6098,0.618,0.8491,0.5669,0.625,0.779,0.5087,0.5598,0.4019,0.5964,0.681,0.5847,0.5152,0.3247,0.4802,0.2576,0.5193,0.314,0.211,0.1654,0.3561,
1.0,0.9988,0.9674,0.9662,0.9696,0.9976,0.9956,0.9912,0.9864,0.9247,0.736,0.9294,0.9087,0.8378,0.7987,0.8549,0.6825,0.8258,0.9444,0.7821,0.6132,0.9564,0.7275,0.623,0.6112,0.6177,0.8604,0.573,0.616,0.7861,0.5118,0.5523,0.3885,0.5886,0.6749,0.5822,0.5249,0.3235,0.4808,0.2624,0.5269,0.3072,0.2027,0.1645,0.3515,
1.0,0.9986,0.9675,0.9661,0.9693,0.9974,0.9951,0.9891,0.9842,0.9258,0.7376,0.9297,0.9085,0.8384,0.7985,0.8574,0.6821,0.8276,0.9456,0.7819,0.6151,0.9499,0.7199,0.6239,0.604,0.6216,0.8503,0.5734,0.6212,0.7825,0.5077,0.5542,0.3935,0.5842,0.6662,0.5839,0.5099,0.3233,0.4677,0.256,0.5111,0.3086,0.202,0.1591,0.3478,
1.0,0.9992,0.9706,0.9698,0.9685,0.9975,0.9961,0.9906,0.9855,0.9274,0.7383,0.9337,0.9125,0.8394,0.7997,0.8618,0.6903,0.8276,0.9441,0.7891,0.6075,0.9507,0.7157,0.6156,0.5966,0.6098,0.8634,0.5682,0.6207,0.7857,0.5087,0.5542,0.3859,0.5987,0.6822,0.5799,0.5246,0.3169,0.4852,0.2599,0.5406,0.3192,0.2188,0.1571,0.3599,
1.0,0.9989,0.9683,0.9672,0.9672,0.9981,0.9958,0.9918,0.9862,0.9256,0.74,0.9286,0.9112,0.8416,0.8049,0.8551,0.6913,0.8267,0.9323,0.7833,0.6102,0.9551,0.7264,0.6192,0.6106,0.6128,0.8578,0.566,0.6281,0.784,0.5045,0.55,0.3895,0.5876,0.669,0.5868,0.5126,0.318,0.4792,0.268,0.5228,0.3142,0.2106,0.1595,0.355,
1.0,0.9987,0.9672,0.9659,0.9706,0.9972,0.9951,0.9898,0.9842,0.9219,0.7348,0.9302,0.9047,0.8402,0.8025,0.8526,0.6842,0.8264,0.9387,0.781,0.6101,0.9531,0.7227,0.6222,0.6068,0.6147,0.855,0.5631,0.6175,0.7832,0.5019,0.5473,0.3894,0.5983,0.6791,0.5801,0.5249,0.3129,0.4887,0.2606,0.5274,0.311,0.2024,0.1738,0.3623,
1.0,0.9991,0.9685,0.9676,0.9717,0.9965,0.9945,0.9893,0.9837,0.9226,0.7334,0.9352,0.9066,0.8363,0.7991,0.8586,0.677,0.8229,0.9407,0.7817,0.6075,0.9486,0.721,0.6243,0.5991,0.609,0.8502,0.5544,0.615,0.7795,0.4985,0.5403,0.3818,0.5851,0.6777,0.5762,0.5205,0.3098,0.4753,0.2588,0.5156,0.3104,0.2072,0.1583,0.3466,
1.0,0.9988,0.9682,0.967,0.9726,0.9971,0.995,0.9912,0.9857,0.9203,0.7317,0.9353,0.9065,0.8324,0.7953,0.8568,0.6781,0.8193,0.942,0.7828,0.6115,0.9537,0.7258,0.6282,0.6091,0.6093,0.8541,0.561,0.6208,0.7799,0.509,0.5456,0.3968,0.5792,0.6747,0.5897,0.5246,0.3146,0.4755,0.2605,0.527,0.3114,0.2106,0.1684,0.3501,
1.0,0.999,0.9701,0.9691,0.9704,0.9979,0.9955,0.9888,0.9849,0.9245,0.7348,0.9345,0.9084,0.8353,0.7992,0.8599,0.6873,0.8206,0.937,0.7889,0.6057,0.9517,0.7198,0.6165,0.6135,0.6142,0.8574,0.5681,0.6279,0.7861,0.5079,0.5533,0.3869,0.596,0.6811,0.5894,0.5306,0.3056,0.4791,0.2654,0.5325,0.3173,0.2182,0.1628,0.3547,
1.0,0.9985,0.9673,0.9658,0.9696,0.9968,0.994,0.9897,0.9844,0.9207,0.7305,0.9298,0.9037,0.838,0.7992,0.8521,0.6794,0.8247,0.9406,0.7784,0.6072,0.951,0.7162,0.6203,0.6039,0.609,0.8544,0.5646,0.6155,0.7837,0.5111,0.5544,0.3864,0.5885,0.6691,0.5793,0.5172,0.3187,0.4764,0.2626,0.518,0.3121,0.2103,0.1554,0.3487,
1.0,0.9992,0.9674,0.9666,0.9691,0.9974,0.9959,0.9912,0.9873,0.9253,0.7394,0.9304,0.9103,0.8403,0.8027,0.8565,0.6896,0.8296,0.9454,0.7851,0.615,0.9534,0.7265,0.6231,0.6004,0.6119,0.8582,0.5679,0.6179,0.7828,0.5115,0.5497,0.3845,0.5832,0.6734,0.5858,0.5272,0.3163,0.4709,0.262,0.5174,0.312,0.2063,0.1602,0.3444,
1.0,0.9989,0.9683,0.9672,0.9693,0.9971,0.9953,0.9908,0.9848,0.9291,0.7434,0.9304,0.9125,0.8437,0.8053,0.8607,0.6878,0.8312,0.9426,0.7854,0.6222,0.9531,0.7259,0.6292,0.6055,0.624,0.8538,0.5731,0.6242,0.7901,0.5128,0.5611,0.3889,0.5955,0.6776,0.5871,0.5185,0.3185,0.4734,0.2644,0.5257,0.3161,0.2092,0.1611,0.3567,
1.0,0.9987,0.9666,0.9653,0.9702,0.9978,0.9958,0.9902,0.9862,0.9223,0.7356,0.9302,0.9065,0.8378,0.8018,0.854,0.6828,0.8266,0.9436,0.7814,0.6136,0.9544,0.7216,0.6228,0.6048,0.6116,0.8516,0.5605,0.6202,0.7751,0.5106,0.5401,0.3946,0.5804,0.6782,0.585,0.5293,0.3133,0.4775,0.2623,0.5294,0.3176,0.2108,0.1636,0.3512,
1.0,0.9985,0.969,0.9675,0.9702,0.9973,0.9953,0.9906,0.9848,0.9221,0.7305,0.9324,0.9068,0.8351,0.7958,0.8542,0.6813,0.8228,0.9434,0.7814,0.6065,0.954,0.7176,0.6218,0.6035,0.6041,0.8548,0.5599,0.6197,0.7767,0.5066,0.5461,0.3841,0.5901,0.6807,0.5865,0.5217,0.3117,0.4776,0.2559,0.5223,0.308,0.2075,0.161,0.3503,
1.0,0.9983,0.9636,0.9619,0.9733,0.9977,0.9956,0.9902,0.9847,0.9215,0.7386,0.9295,0.9057,0.8417,0.8004,0.8523,0.6852,0.8275,0.9389,0.7814,0.6081,0.9504,0.7198,0.621,0.6055,0.614,0.8613,0.5705,0.6199,0.787,0.506,0.5569,0.3895,0.5896,0.6745,0.5805,0.5169,0.3199,0.4792,0.2594,0.5249,0.3094,0.2088,0.1565,0.3529,
1.0,0.9986,0.9687,0.9673,0.9677,0.9972,0.9949,0.99,0.9859,0.9205,0.7299,0.93,0.9041,0.8382,0.8029,0.8523,0.6873,0.8265,0.9426,0.7825,0.6084,0.9566,0.7223,0.6218,0.6095,0.6075,0.8564,0.5705,0.6175,0.777,0.5034,0.5535,0.3881,0.5888,0.6811,0.5866,0.5392,0.3154,0.4826,0.2667,0.5216,0.3138,0.2105,0.168,0.3611,
1.0,0.9986,0.964,0.9626,0.9685,0.9976,0.9956,0.9889,0.9829,0.9238,0.7371,0.9261,0.907,0.8419,0.8021,0.8525,0.687,0.8291,0.9384,0.7859,0.6136,0.9534,0.7273,0.6208,0.607,0.6142,0.8608,0.571,0.6186,0.7803,0.5002,0.5438,0.3842,0.5828,0.6689,0.5807,0.5199,0.3099,0.4815,0.2593,0.5237,0.3173,0.2036,0.1598,0.3561,
1.0,0.9992,0.9646,0.9638,0.9703,0.9977,0.9958,0.9921,0.9871,0.9227,0.7374,0.9291,0.9089,0.8392,0.803,0.8541,0.6859,0.8269,0.9402,0.7844,0.6044,0.951,0.7172,0.6159,0.5991,0.6115,0.8626,0.5713,0.6163,0.786,0.5017,0.5494,0.3895,0.5917,0.6711,0.5792,0.5191,0.3254,0.4795,0.2556,0.5276,0.3147,0.213,0.1593,0.3509,
1.0,0.9989,0.9657,0.9646,0.9703,0.9974,0.9958,0.9914,0.9841,0.9222,0.7386,0.9284,0.9069,0.8405,0.8013,0.8521,0.6842,0.8259,0.9399,0.7811,0.6074,0.9522,0.7131,0.6178,0.6076,0.6196,0.856,0.5698,0.6126,0.7802,0.4996,0.552,0.3897,0.5934,0.6682,0.5758,0.5126,0.3148,0.4853,0.2509,0.5226,0.3109,0.2033,0.1659,0.3566,
1.0,0.9988,0.9681,0.9669,0.9699,0.9981,0.9956,0.9905,0.9861,0.9257,0.7431,0.9311,0.9105,0.8433,0.8057,0.8582,0.6953,0.8306,0.9389,0.7895,0.6072,0.9545,0.7185,0.6193,0.6007,0.6175,0.8623,0.573,0.6219,0.7827,0.5028,0.5604,0.3832,0.593,0.68,0.5747,0.512,0.3195,0.4828,0.2599,0.5345,0.314,0.2111,0.1577,0.3654,
1.0,0.9987,0.9686,0.9673,0.9667,0.9964,0.9945,0.9923,0.9849,0.9227,0.7338,0.9272,0.9058,0.839,0.7984,0.8506,0.6868,0.8239,0.9374,0.78,0.6088,0.9554,0.7188,0.618,0.6003,0.6096,0.8575,0.5666,0.6149,0.7788,0.4973,0.5541,0.383,0.592,0.6808,0.5776,0.5274,0.3108,0.479,0.2619,0.5279,0.3026,0.2126,0.1593,0.355,
1.0,0.9985,0.9634,0.9619,0.9704,0.9972,0.9945,0.9895,0.9833,0.9231,0.7369,0.9261,0.9062,0.8411,0.8023,0.8507,0.6847,0.8263,0.9383,0.7856,0.6136,0.9496,0.7198,0.6226,0.5991,0.6156,0.8575,0.5668,0.618,0.7828,0.5059,0.5504,0.3853,0.5876,0.675,0.5748,0.5195,0.311,0.4771,0.2664,0.5246,0.3167,0.2082,0.1563,0.3572,
1.0,0.9993,0.968,0.9673,0.9713,0.9977,0.9961,0.9891,0.9841,0.915,0.7245,0.9331,0.8972,0.8343,0.794,0.8499,0.6818,0.8221,0.9414,0.7786,0.6037,0.9497,0.7169,0.6256,0.6099,0.6027,0.8598,0.568,0.6156,0.775,0.5025,0.5498,0.3911,0.5856,0.6707,0.5743,0.5221,0.3124,0.4777,0.265,0.527,0.3081,0.2047,0.1643,0.354,
1.0,0.9981,0.9687,0.9668,0.9719,0.9971,0.9947,0.9892,0.983,0.9224,0.7327,0.9334,0.9057,0.8359,0.7973,0.8569,0.6829,0.8228,0.9389,0.7846,0.6135,0.949,0.7235,0.6259,0.6091,0.6093,0.8564,0.5595,0.6274,0.7793,0.4976,0.5471,0.3926,0.5891,0.6717,0.5832,0.521,0.3038,0.4772,0.2647,0.5246,0.3057,0.2099,0.1669,0.3505,
1.0,0.9985,0.9698,0.9683,0.9715,0.9967,0.9939,0.9897,0.9825,0.9229,0.7352,0.9346,0.9068,0.8392,0.8002,0.8594,0.6875,0.8242,0.9388,0.7894,0.609,0.9542,0.7211,0.624,0.6104,0.6169,0.8604,0.5737,0.6243,0.7869,0.5081,0.56,0.3858,0.5945,0.6745,0.5816,0.5254,0.3203,0.487,0.263,0.5295,0.3197,0.2133,0.167,0.3614,
1.0,0.9988,0.9694,0.9682,0.9682,0.9982,0.9963,0.9907,0.9846,0.9259,0.7427,0.9315,0.9115,0.8437,0.8062,0.8587,0.6844,0.8293,0.9421,0.7801,0.6152,0.9535,0.7268,0.6259,0.6059,0.6219,0.8534,0.5707,0.622,0.7878,0.5099,0.5623,0.3921,0.5938,0.6828,0.5878,0.5221,0.3209,0.4741,0.2666,0.5196,0.3144,0.2073,0.1628,0.3557,
1.0,0.999,0.9677,0.9667,0.9706,0.9967,0.9948,0.9919,0.987,0.9216,0.7381,0.9322,0.9072,0.8406,0.8038,0.8558,0.6847,0.8275,0.9393,0.7808,0.6087,0.954,0.7201,0.6227,0.6074,0.6109,0.8559,0.5599,0.6151,0.7769,0.5017,0.5472,0.3913,0.5855,0.6674,0.5799,0.5206,0.314,0.4797,0.2592,0.518,0.3091,0.2027,0.1629,0.3501,
1.0,0.9989,0.9682,0.9671,0.9682,0.9975,0.9953,0.9928,0.9865,0.9229,0.7393,0.9302,0.9096,0.841,0.8057,0.8545,0.6904,0.8275,0.939,0.7823,0.6135,0.9559,0.7223,0.6239,0.6104,0.6177,0.8608,0.5721,0.6261,0.7807,0.5024,0.5547,0.3895,0.5946,0.675,0.5795,0.5211,0.3262,0.4795,0.2645,0.5305,0.3093,0.206,0.1636,0.3611,
1.0,0.9996,0.9701,0.9697,0.9688,0.9976,0.9964,0.9926,0.9869,0.9182,0.7343,0.934,0.9041,0.8384,0.8024,0.8544,0.6876,0.8247,0.9405,0.7751,0.6072,0.9531,0.7162,0.6252,0.6106,0.6149,0.8568,0.5764,0.6169,0.778,0.5004,0.5613,0.3908,0.5852,0.676,0.5774,0.5307,0.3222,0.4745,0.2595,0.5226,0.3015,0.2079,0.1739,0.3489,
1.0,0.9987,0.9705,0.9692,0.9709,0.9974,0.9946,0.9904,0.9842,0.9224,0.7415,0.9351,0.9067,0.8455,0.8068,0.8583,0.6937,0.8319,0.9393,0.7847,0.6198,0.9533,0.7257,0.635,0.6172,0.6173,0.8597,0.5754,0.6327,0.7824,0.4965,0.5606,0.393,0.5974,0.6704,0.5826,0.5233,0.3171,0.4838,0.2758,0.5273,0.3039,0.2086,0.1674,0.3648,
1.0,0.9987,0.9698,0.9685,0.9745,0.9975,0.9953,0.9909,0.9871,0.9257,0.7395,0.938,0.9105,0.8358,0.7987,0.8638,0.6857,0.8251,0.9458,0.7903,0.6082,0.9522,0.7203,0.6247,0.606,0.6197,0.8604,0.5705,0.6187,0.7914,0.5194,0.5582,0.3871,0.5921,0.6775,0.5847,0.5232,0.3188,0.4748,0.2607,0.5235,0.3155,0.2129,0.1607,0.3441,
1.0,0.9991,0.9665,0.9656,0.9698,0.9976,0.9957,0.9908,0.9834,0.9245,0.7356,0.9299,0.9092,0.8398,0.7984,0.8553,0.6827,0.8258,0.9433,0.7837,0.6117,0.9547,0.7184,0.6218,0.6023,0.6119,0.858,0.5706,0.6151,0.7812,0.506,0.5527,0.3795,0.5922,0.6797,0.5819,0.5261,0.3151,0.4827,0.2632,0.5259,0.3136,0.2044,0.1529,0.3555,
1.0,0.9989,0.9654,0.9643,0.9707,0.9969,0.9947,0.9913,0.9854,0.9242,0.7362,0.9301,0.9094,0.8382,0.8019,0.8563,0.6853,0.8252,0.9398,0.7887,0.6117,0.9567,0.7248,0.6212,0.5977,0.6064,0.8585,0.5581,0.6157,0.7823,0.5,0.5434,0.378,0.5925,0.6776,0.5831,0.5205,0.3074,0.484,0.2621,0.5272,0.3095,0.2082,0.159,0.3541,
1.0,0.9985,0.9645,0.963,0.9669,0.997,0.9952,0.9899,0.983,0.9215,0.7325,0.9244,0.9058,0.8381,0.7988,0.8473,0.683,0.8254,0.9417,0.7821,0.6167,0.9527,0.7254,0.6235,0.6067,0.6153,0.8558,0.5704,0.6213,0.7762,0.4995,0.5513,0.3798,0.5856,0.6685,0.5849,0.5179,0.3096,0.4799,0.2647,0.5239,0.3003,0.2033,0.1636,0.3507,
1.0,0.9992,0.9654,0.9646,0.9681,0.9973,0.9959,0.9911,0.987,0.9242,0.739,0.9271,0.908,0.8401,0.8044,0.8522,0.6864,0.8283,0.9403,0.7806,0.6121,0.9524,0.7231,0.6181,0.6063,0.6153,0.858,0.5664,0.6225,0.7822,0.4999,0.5475,0.3791,0.5916,0.6757,0.5837,0.52,0.3159,0.4822,0.2641,0.5211,0.3103,0.1987,0.1583,0.3596,
1.0,0.9986,0.9685,0.9671,0.9699,0.9978,0.9946,0.9889,0.9836,0.9277,0.7394,0.9318,0.9112,0.8411,0.8009,0.8596,0.6787,0.8262,0.9422,0.7793,0.6186,0.9521,0.7278,0.6265,0.6137,0.6273,0.8461,0.5707,0.6243,0.7847,0.5164,0.5592,0.3883,0.5839,0.6704,0.5898,0.5175,0.3263,0.4581,0.2601,0.5128,0.3091,0.207,0.1622,0.3386,
1.0,0.9992,0.9663,0.9655,0.9729,0.9975,0.9957,0.9922,0.9855,0.9202,0.7386,0.9326,0.9053,0.8425,0.8026,0.8542,0.6877,0.8298,0.9411,0.7812,0.6125,0.9548,0.7181,0.6292,0.6023,0.6167,0.8564,0.5728,0.6137,0.7784,0.4939,0.5517,0.3903,0.5837,0.6632,0.5735,0.515,0.3151,0.4645,0.2593,0.5186,0.2978,0.2036,0.1612,0.3501,
1.0,0.9993,0.9669,0.9662,0.971,0.9982,0.9963,0.9893,0.9844,0.9267,0.7322,0.9323,0.9103,0.8316,0.7906,0.8602,0.6788,0.8168,0.9375,0.7884,0.6069,0.9495,0.7249,0.6152,0.6016,0.6042,0.8614,0.5585,0.6243,0.7867,0.5088,0.5426,0.3871,0.5893,0.6742,0.5816,0.5254,0.3141,0.4763,0.2622,0.5249,0.3117,0.2084,0.1677,0.35,
1.0,0.9987,0.9669,0.9656,0.9703,0.9969,0.9948,0.9901,0.9857,0.9228,0.7339,0.9301,0.9056,0.8374,0.7988,0.8534,0.6778,0.8258,0.9446,0.7784,0.6149,0.9531,0.7257,0.6259,0.6097,0.6128,0.8498,0.5643,0.6214,0.7804,0.5122,0.554,0.3928,0.5873,0.6829,0.5895,0.5235,0.3201,0.475,0.2656,0.5265,0.3111,0.2114,0.1741,0.3529,
1.0,0.9989,0.969,0.9679,0.9698,0.9979,0.9955,0.9907,0.9847,0.9194,0.7291,0.9336,0.906,0.8361,0.7987,0.8539,0.6858,0.8215,0.937,0.7821,0.5996,0.9541,0.7138,0.6141,0.5994,0.6062,0.8613,0.5636,0.6121,0.7791,0.4998,0.5483,0.3925,0.5959,0.674,0.5733,0.5246,0.3143,0.4886,0.2553,0.5265,0.3089,0.2126,0.1605,0.36,
1.0,0.9985,0.9662,0.9647,0.9684,0.9974,0.9952,0.9911,0.9852,0.9204,0.7381,0.9285,0.9062,0.8439,0.806,0.8495,0.6888,0.831,0.9397,0.7782,0.6107,0.9548,0.7185,0.6236,0.6173,0.62,0.8562,0.5771,0.6163,0.7775,0.5009,0.5623,0.3967,0.5912,0.6724,0.583,0.5229,0.3242,0.484,0.26,0.5219,0.3181,0.2038,0.1673,0.3608,
1.0,0.9993,0.9699,0.9692,0.9706,0.9971,0.9955,0.9902,0.9844,0.924,0.7387,0.9341,0.9074,0.8406,0.8026,0.8584,0.6893,0.8268,0.9399,0.7867,0.6165,0.9525,0.7273,0.6302,0.6123,0.6173,0.8592,0.5693,0.6188,0.782,0.5063,0.5509,0.4001,0.595,0.6693,0.5816,0.5233,0.3183,0.4883,0.264,0.5233,0.311,0.2048,0.1619,0.3564,
1.0,0.9991,0.9656,0.9647,0.9708,0.997,0.9956,0.9919,0.9859,0.9243,0.7335,0.9286,0.9075,0.8356,0.7962,0.8538,0.6778,0.8225,0.9429,0.7804,0.6092,0.9521,0.7247,0.6255,0.6098,0.6129,0.8539,0.5623,0.6242,0.7832,0.5033,0.5472,0.3917,0.5878,0.6668,0.5852,0.5229,0.3157,0.4757,0.2602,0.5161,0.305,0.1993,0.167,0.3499,
1.0,0.9988,0.9664,0.9652,0.9711,0.9968,0.9942,0.9899,0.9856,0.9189,0.7303,0.9312,0.9028,0.8369,0.7989,0.853,0.6819,0.8242,0.9393,0.7808,0.6031,0.9481,0.7136,0.6194,0.6023,0.6077,0.8593,0.5656,0.6095,0.7793,0.4974,0.5482,0.3865,0.5852,0.6672,0.573,0.5148,0.3117,0.4765,0.2531,0.5176,0.3029,0.206,0.1606,0.3525,
1.0,0.9991,0.963,0.9621,0.9682,0.9964,0.9946,0.9905,0.9854,0.9257,0.7428,0.9248,0.908,0.848,0.8104,0.8523,0.6875,0.8354,0.9433,0.7827,0.6194,0.951,0.7242,0.6251,0.6091,0.6287,0.8557,0.584,0.6151,0.7849,0.5074,0.5621,0.3887,0.5898,0.6676,0.5869,0.5221,0.3247,0.4777,0.2624,0.5135,0.3139,0.2077,0.1611,0.3604,
1.0,0.9988,0.9696,0.9684,0.9715,0.9972,0.9948,0.9904,0.9869,0.9254,0.7374,0.9341,0.9085,0.8356,0.7987,0.8595,0.6871,0.8232,0.9439,0.787,0.6105,0.9536,0.7284,0.6218,0.6108,0.6104,0.8595,0.5583,0.6215,0.7815,0.4996,0.5387,0.3885,0.593,0.6729,0.5871,0.5279,0.3079,0.4837,0.2588,0.5185,0.3105,0.2028,0.1679,0.3606,
1.0,0.9989,0.9665,0.9654,0.9715,0.9977,0.9958,0.9913,0.9864,0.9231,0.7421,0.9317,0.9089,0.8384,0.8021,0.8566,0.6873,0.8271,0.9408,0.7875,0.6091,0.9548,0.7197,0.6184,0.604,0.6158,0.861,0.5634,0.616,0.7811,0.4987,0.5448,0.3896,0.5904,0.6808,0.5785,0.5263,0.3146,0.4873,0.2603,0.5313,0.3124,0.2096,0.1673,0.3591,
1.0,0.9993,0.9683,0.9676,0.9686,0.9979,0.9963,0.9904,0.9855,0.9178,0.729,0.9295,0.9006,0.8365,0.7962,0.8475,0.6848,0.8245,0.9418,0.7743,0.6053,0.9521,0.7117,0.6193,0.5985,0.6007,0.8566,0.5626,0.6122,0.7721,0.4967,0.5412,0.3876,0.5932,0.673,0.571,0.5127,0.3071,0.48,0.2518,0.5203,0.3049,0.2008,0.1562,0.3558,
1.0,0.9983,0.9673,0.9656,0.9676,0.9983,0.9952,0.9888,0.9837,0.9208,0.7294,0.9277,0.905,0.8369,0.7981,0.8497,0.683,0.8236,0.9398,0.781,0.6025,0.9556,0.7173,0.6148,0.6105,0.6117,0.8575,0.5634,0.6196,0.7751,0.4957,0.5501,0.3846,0.5989,0.6781,0.5852,0.5248,0.3093,0.483,0.2571,0.5248,0.3062,0.2063,0.1622,0.3548,
1.0,0.9992,0.9694,0.9686,0.9725,0.997,0.9948,0.9891,0.9845,0.9272,0.7444,0.9356,0.909,0.8406,0.7993,0.8636,0.6848,0.8277,0.9416,0.7869,0.6141,0.9515,0.7268,0.6272,0.6111,0.6193,0.8539,0.5728,0.6297,0.7876,0.5145,0.5564,0.3902,0.5975,0.6749,0.589,0.5266,0.3185,0.4756,0.2703,0.5215,0.3217,0.213,0.1694,0.36,
1.0,0.9989,0.9713,0.9702,0.9686,0.9969,0.9949,0.9917,0.9867,0.9232,0.7386,0.9336,0.9076,0.8418,0.8053,0.8572,0.6923,0.8295,0.94,0.7824,0.6044,0.9531,0.7183,0.6209,0.605,0.6131,0.8614,0.5742,0.6179,0.7887,0.5107,0.5609,0.392,0.5981,0.6821,0.5807,0.5242,0.3206,0.4844,0.2619,0.5257,0.3223,0.2158,0.1634,0.361,
1.0,0.9995,0.9678,0.9673,0.9684,0.9988,0.9971,0.9912,0.9861,0.9253,0.735,0.9306,0.9113,0.8356,0.7982,0.8567,0.6827,0.8238,0.9445,0.7833,0.612,0.9578,0.7279,0.622,0.609,0.6123,0.8575,0.5609,0.6238,0.7773,0.5008,0.5515,0.3914,0.6027,0.6817,0.5846,0.5226,0.3164,0.4874,0.265,0.526,0.3103,0.2041,0.1651,0.3555,
1.0,0.999,0.9675,0.9665,0.9705,0.9971,0.9953,0.9921,0.987,0.921,0.7331,0.9306,0.9047,0.8373,0.8017,0.8535,0.6813,0.8248,0.939,0.7775,0.6068,0.9541,0.7245,0.6214,0.6103,0.6099,0.8537,0.5625,0.6223,0.7861,0.5077,0.5492,0.3948,0.5947,0.6758,0.5849,0.5138,0.315,0.4862,0.26,0.5228,0.317,0.2056,0.1617,0.3617,
1.0,0.9985,0.9681,0.9666,0.9711,0.9968,0.9943,0.9904,0.9837,0.9241,0.736,0.9317,0.9083,0.8385,0.7991,0.8564,0.68,0.8247,0.9431,0.7822,0.6146,0.9531,0.7274,0.6264,0.6123,0.6202,0.8517,0.5697,0.6222,0.7881,0.4989,0.5527,0.3887,0.593,0.6779,0.5896,0.524,0.3153,0.4794,0.2607,0.5247,0.3048,0.2037,0.1677,0.3504,
1.0,0.9991,0.968,0.9671,0.9706,0.9965,0.9945,0.9908,0.9861,0.9243,0.7324,0.9323,0.9072,0.8335,0.796,0.8568,0.691,0.822,0.9417,0.7951,0.6098,0.9541,0.7253,0.6203,0.6118,0.6084,0.8661,0.5697,0.6216,0.7801,0.5101,0.5416,0.3932,0.5843,0.6701,0.5855,0.5269,0.3131,0.4902,0.2638,0.5314,0.316,0.2065,0.1623,0.3527,
1.0,0.9989,0.9686,0.9675,0.9717,0.9968,0.9945,0.9899,0.9839,0.9236,0.7297,0.9325,0.9055,0.8301,0.788,0.8577,0.675,0.8155,0.9402,0.7818,0.6055,0.9509,0.7221,0.6194,0.6103,0.6094,0.8566,0.5625,0.6205,0.7813,0.5041,0.5442,0.3917,0.5897,0.6751,0.5814,0.5208,0.3126,0.4853,0.2566,0.5312,0.3125,0.2054,0.1675,0.3506,
1.0,0.9987,0.9693,0.968,0.9719,0.9972,0.9948,0.9902,0.9847,0.924,0.7433,0.9344,0.9076,0.8438,0.806,0.8592,0.6843,0.8293,0.9391,0.7783,0.6184,0.9539,0.726,0.632,0.612,0.6209,0.8482,0.568,0.6241,0.7843,0.5082,0.5576,0.3884,0.5896,0.6773,0.5898,0.522,0.318,0.471,0.2611,0.5164,0.3145,0.2055,0.1672,0.3493,
1.0,0.999,0.9689,0.9679,0.9754,0.9973,0.9952,0.9907,0.9873,0.9251,0.7523,0.9389,0.9106,0.8479,0.8124,0.8643,0.6964,0.8375,0.9449,0.7876,0.6175,0.9581,0.7266,0.6346,0.6128,0.6342,0.8578,0.5849,0.616,0.7895,0.5161,0.5661,0.4007,0.5876,0.6785,0.5856,0.5243,0.3256,0.4781,0.2612,0.5242,0.32,0.2093,0.1693,0.355,
1.0,0.9993,0.9695,0.9688,0.9695,0.9966,0.9943,0.9906,0.9862,0.9286,0.744,0.9331,0.9119,0.8434,0.8091,0.8634,0.6962,0.8311,0.9431,0.7923,0.6183,0.9536,0.7317,0.6304,0.6126,0.6225,0.8594,0.5784,0.6317,0.7896,0.508,0.5595,0.3904,0.5914,0.6768,0.5931,0.5305,0.3176,0.4856,0.2732,0.5304,0.3158,0.205,0.1688,0.3592,
1.0,0.999,0.9673,0.9663,0.9702,0.9981,0.9957,0.9898,0.9854,0.9232,0.7356,0.9306,0.9063,0.8381,0.8014,0.8554,0.6848,0.8253,0.9392,0.7859,0.6096,0.9542,0.7201,0.6207,0.6106,0.6138,0.8545,0.5696,0.6214,0.7823,0.4966,0.5529,0.3805,0.5943,0.6778,0.5777,0.5195,0.3035,0.4797,0.2641,0.5233,0.3012,0.1999,0.1576,0.3584,
1.0,0.9991,0.9658,0.9649,0.9676,0.9967,0.9949,0.9912,0.9863,0.9265,0.7399,0.9271,0.9109,0.8392,0.8032,0.8549,0.6862,0.8269,0.9402,0.7858,0.6148,0.9507,0.7191,0.6206,0.6014,0.6138,0.8556,0.5672,0.6189,0.7834,0.5041,0.548,0.3715,0.5849,0.6697,0.5801,0.5138,0.3124,0.4777,0.2626,0.5276,0.302,0.2036,0.1557,0.3563,
1.0,0.999,0.9687,0.9677,0.9712,0.9968,0.9947,0.9899,0.9821,0.9213,0.7368,0.9345,0.9058,0.8414,0.7993,0.8567,0.6862,0.8254,0.9379,0.7829,0.612,0.9515,0.7218,0.6257,0.6103,0.6111,0.8591,0.5682,0.6236,0.7766,0.4923,0.5515,0.3818,0.5933,0.6763,0.5802,0.5202,0.3081,0.4891,0.2685,0.5322,0.2994,0.2067,0.1629,0.3564,
1.0,0.9988,0.9682,0.967,0.9696,0.9964,0.9941,0.9913,0.9849,0.9242,0.7317,0.9315,0.9083,0.8342,0.7981,0.8563,0.6858,0.8191,0.9388,0.7891,0.61,0.9507,0.723,0.6198,0.6079,0.6096,0.8619,0.5654,0.6199,0.7832,0.5012,0.5469,0.3871,0.5875,0.6755,0.584,0.5192,0.3115,0.4781,0.2591,0.5328,0.316,0.2072,0.1578,0.3546,
1.0,0.9989,0.9678,0.9667,0.9688,0.997,0.9949,0.9899,0.9835,0.9281,0.7379,0.9305,0.9119,0.8387,0.7993,0.86,0.6848,0.824,0.9381,0.7882,0.612,0.9487,0.7208,0.6148,0.601,0.6156,0.8603,0.5669,0.6212,0.7853,0.5024,0.5472,0.3809,0.5891,0.6671,0.579,0.5195,0.3134,0.4722,0.2678,0.5163,0.3049,0.2102,0.1592,0.3458,
1.0,0.9993,0.9657,0.965,0.9689,0.9969,0.9952,0.9906,0.9855,0.9209,0.7342,0.9297,0.9058,0.8378,0.802,0.8519,0.6832,0.8247,0.941,0.7823,0.6123,0.9506,0.7222,0.621,0.6046,0.6104,0.8576,0.5664,0.6177,0.7809,0.5034,0.5464,0.3874,0.591,0.6759,0.5831,0.5282,0.3111,0.482,0.2622,0.5264,0.3119,0.21,0.1647,0.3573,
1.0,0.9994,0.9655,0.9649,0.9678,0.9973,0.9952,0.9897,0.9839,0.9266,0.7384,0.926,0.9077,0.841,0.7982,0.8548,0.6807,0.8254,0.9402,0.7786,0.6125,0.9486,0.7201,0.6196,0.5986,0.6178,0.85,0.5655,0.6226,0.7768,0.5039,0.5514,0.3824,0.586,0.6712,0.5832,0.5239,0.3143,0.4713,0.2633,0.5194,0.3106,0.2035,0.1616,0.351,
1.0,0.9987,0.9661,0.9648,0.9718,0.9978,0.9948,0.9913,0.9869,0.9246,0.7363,0.9315,0.9101,0.8371,0.7999,0.8579,0.683,0.823,0.9361,0.7833,0.6021,0.9537,0.7201,0.6137,0.5941,0.6006,0.8572,0.5571,0.6158,0.7849,0.5109,0.541,0.3898,0.587,0.6666,0.5752,0.5182,0.3142,0.4781,0.2549,0.5193,0.3108,0.2112,0.1636,0.3524,
1.0,0.9988,0.9696,0.9684,0.971,0.9979,0.9962,0.9923,0.987,0.9228,0.737,0.9335,0.9085,0.8383,0.8037,0.8577,0.6907,0.8265,0.9413,0.7834,0.6159,0.9564,0.7289,0.6302,0.6208,0.6155,0.86,0.5718,0.6282,0.7938,0.5108,0.5579,0.3934,0.5948,0.6793,0.5922,0.5267,0.323,0.4767,0.2712,0.5299,0.3173,0.2109,0.1764,0.3518,
1.0,0.999,0.9674,0.9664,0.9712,0.9977,0.9957,0.9893,0.984,0.9251,0.7378,0.9327,0.9089,0.8383,0.7988,0.8592,0.6836,0.8245,0.9402,0.7856,0.6069,0.9535,0.7239,0.6183,0.6045,0.6171,0.8587,0.5721,0.6127,0.7844,0.5044,0.5537,0.3907,0.5915,0.6824,0.5809,0.5273,0.3163,0.4881,0.2516,0.5305,0.314,0.2134,0.1696,0.3601,
1.0,0.9981,0.9666,0.9647,0.9678,0.9967,0.9935,0.9909,0.9849,0.9244,0.7326,0.9272,0.9091,0.8369,0.7961,0.8522,0.6828,0.8225,0.9406,0.7817,0.6087,0.954,0.7217,0.6175,0.6048,0.6119,0.8603,0.5688,0.6171,0.7803,0.5039,0.5467,0.3816,0.5885,0.6711,0.5847,0.5223,0.3192,0.4797,0.2544,0.5232,0.309,0.202,0.1644,0.3526,
1.0,0.999,0.9679,0.9669,0.9715,0.9977,0.9951,0.9894,0.9844,0.924,0.7349,0.9328,0.9075,0.8359,0.7983,0.8577,0.6836,0.8218,0.9368,0.7866,0.6044,0.9535,0.7226,0.6181,0.6004,0.606,0.856,0.557,0.619,0.7877,0.5035,0.5428,0.3833,0.595,0.6732,0.5761,0.5176,0.3089,0.4852,0.2572,0.5214,0.308,0.2066,0.1639,0.3503,
1.0,0.9988,0.968,0.9668,0.9695,0.9974,0.9955,0.9899,0.9851,0.918,0.7347,0.9306,0.9015,0.8417,0.8026,0.8491,0.6845,0.8293,0.9424,0.7712,0.608,0.9548,0.7144,0.6247,0.598,0.6082,0.8488,0.5615,0.613,0.7707,0.5006,0.5474,0.3833,0.587,0.6787,0.5788,0.5228,0.3045,0.4771,0.2522,0.5275,0.3053,0.2031,0.1551,0.3536,
1.0,0.999,0.9703,0.9693,0.9688,0.9969,0.9957,0.9927,0.9857,0.9262,0.7421,0.9322,0.9114,0.8432,0.8036,0.8594,0.6902,0.8312,0.9425,0.7835,0.6178,0.9563,0.7281,0.6303,0.6162,0.6224,0.8603,0.5725,0.6274,0.7822,0.504,0.5609,0.3909,0.5917,0.6792,0.5889,0.5166,0.3271,0.4803,0.2627,0.5266,0.3136,0.2153,0.1643,0.356,
1.0,0.9984,0.9679,0.9663,0.9709,0.9965,0.994,0.9909,0.9851,0.922,0.733,0.9323,0.9065,0.8379,0.8019,0.8558,0.6927,0.8238,0.9367,0.7901,0.6089,0.9505,0.7236,0.6224,0.6084,0.6077,0.864,0.567,0.6263,0.7815,0.4988,0.5462,0.3891,0.5863,0.6709,0.5846,0.5245,0.3115,0.4871,0.2679,0.5307,0.3113,0.2063,0.1664,0.3602,
1.0,0.9983,0.9708,0.9691,0.9714,0.997,0.9943,0.9889,0.9838,0.9277,0.7373,0.9359,0.9109,0.837,0.7988,0.8639,0.6799,0.8262,0.9441,0.7863,0.6136,0.9585,0.7288,0.6237,0.6092,0.6185,0.8513,0.5616,0.6209,0.786,0.5107,0.5552,0.3852,0.5917,0.6812,0.5857,0.5152,0.3145,0.4758,0.2537,0.5216,0.3135,0.2084,0.1621,0.3474,
1.0,0.9989,0.9678,0.9667,0.9682,0.9959,0.9938,0.9897,0.9825,0.9282,0.7354,0.9304,0.9108,0.8371,0.7963,0.8599,0.6749,0.8218,0.9393,0.7841,0.6182,0.9498,0.7295,0.6233,0.6026,0.613,0.85,0.5667,0.6256,0.7818,0.5049,0.5496,0.3814,0.5835,0.675,0.5858,0.5216,0.3146,0.4742,0.2667,0.5192,0.3079,0.2042,0.1618,0.3458,
1.0,0.9991,0.967,0.9661,0.9713,0.9976,0.9952,0.989,0.9844,0.9219,0.7422,0.9314,0.9038,0.8456,0.8073,0.8537,0.6905,0.8323,0.9401,0.784,0.6236,0.9506,0.7272,0.6372,0.6099,0.62,0.852,0.5658,0.6182,0.7765,0.5044,0.5498,0.3883,0.5801,0.6718,0.588,0.5276,0.3109,0.4728,0.2663,0.513,0.3053,0.2044,0.1697,0.3512,
1.0,0.9992,0.9663,0.9655,0.9678,0.9979,0.9965,0.99,0.9848,0.9199,0.7307,0.9279,0.9043,0.8389,0.8039,0.8486,0.68,0.8252,0.9416,0.7766,0.6071,0.9567,0.7234,0.6201,0.6036,0.6102,0.8526,0.563,0.6164,0.7821,0.5001,0.5462,0.3731,0.5889,0.6829,0.5864,0.5251,0.3102,0.4736,0.2562,0.5173,0.3118,0.204,0.16,0.3529,
1.0,0.999,0.9679,0.9669,0.9689,0.9979,0.9958,0.9902,0.9842,0.9201,0.7249,0.9291,0.9024,0.83,0.7869,0.8492,0.675,0.8143,0.9341,0.7758,0.5948,0.9505,0.7175,0.6096,0.6078,0.5955,0.8576,0.5511,0.6221,0.7747,0.4989,0.5383,0.3889,0.594,0.6736,0.5815,0.5189,0.311,0.4824,0.2537,0.5241,0.3177,0.2109,0.1628,0.3551,
1.0,0.999,0.9659,0.9649,0.9706,0.9982,0.996,0.991,0.9868,0.9223,0.7355,0.9301,0.9076,0.8383,0.8024,0.8543,0.6826,0.8263,0.9388,0.782,0.5985,0.9552,0.7136,0.6098,0.6056,0.6118,0.8565,0.5671,0.6118,0.7858,0.5054,0.55,0.3824,0.5897,0.6669,0.5725,0.5045,0.3217,0.4879,0.2514,0.5244,0.3147,0.2023,0.16,0.3508,
1.0,0.9987,0.97,0.9687,0.9718,0.9977,0.9954,0.9893,0.9848,0.9246,0.7393,0.9356,0.9082,0.8379,0.7969,0.8617,0.6814,0.8253,0.9425,0.7805,0.6101,0.9555,0.7191,0.6239,0.6056,0.6092,0.8538,0.5606,0.616,0.7786,0.5072,0.5449,0.3805,0.5918,0.6768,0.5864,0.5253,0.3173,0.4816,0.2555,0.5233,0.3087,0.2048,0.1679,0.3435,
1.0,0.9994,0.9671,0.9665,0.969,0.997,0.995,0.9893,0.9834,0.9258,0.7324,0.9293,0.9073,0.8379,0.7983,0.8561,0.6814,0.8248,0.9423,0.7848,0.612,0.9543,0.7258,0.6238,0.6116,0.6207,0.8567,0.5762,0.6241,0.7842,0.5111,0.5584,0.3882,0.594,0.6811,0.5897,0.5266,0.3214,0.4832,0.2603,0.5285,0.3187,0.2126,0.1636,0.3568,
1.0,0.9992,0.9679,0.9671,0.9682,0.9974,0.9955,0.9901,0.9852,0.9262,0.7372,0.9293,0.9091,0.8395,0.801,0.8571,0.6832,0.8282,0.9434,0.7801,0.6148,0.9528,0.7257,0.6264,0.6121,0.616,0.8541,0.5698,0.6235,0.7807,0.5044,0.5575,0.3859,0.5944,0.6773,0.5876,0.5236,0.3174,0.4754,0.2655,0.5284,0.3103,0.2123,0.1586,0.3572,
1.0,0.9989,0.9672,0.9661,0.9681,0.9974,0.9952,0.9902,0.9837,0.9219,0.7314,0.9298,0.9065,0.8393,0.7983,0.853,0.6879,0.8241,0.9379,0.7834,0.6003,0.9539,0.7162,0.6111,0.6004,0.6103,0.8672,0.5714,0.6107,0.7775,0.4957,0.5511,0.3788,0.5969,0.6757,0.5731,0.5238,0.3114,0.4875,0.255,0.53,0.3029,0.2068,0.158,0.3612,
1.0,0.9991,0.971,0.9701,0.9684,0.997,0.9949,0.9888,0.9846,0.928,0.7362,0.9341,0.9107,0.8379,0.8029,0.8627,0.6873,0.8263,0.9401,0.7898,0.6117,0.9545,0.7269,0.6189,0.6138,0.6186,0.8526,0.5732,0.6264,0.7863,0.5212,0.5569,0.3917,0.5949,0.6721,0.5884,0.5278,0.3199,0.4773,0.267,0.5255,0.3272,0.2122,0.1597,0.3574,
1.0,0.9991,0.9691,0.9682,0.9684,0.9969,0.9951,0.9912,0.9857,0.9188,0.7373,0.9313,0.9038,0.8438,0.8056,0.8513,0.6852,0.8316,0.944,0.7736,0.6103,0.9572,0.7162,0.6241,0.6041,0.616,0.852,0.5679,0.6135,0.7758,0.4985,0.5583,0.3842,0.6,0.6831,0.5804,0.5254,0.3109,0.4879,0.2567,0.5256,0.3067,0.2092,0.1659,0.3675,
1.0,0.9989,0.969,0.9679,0.973,0.998,0.9959,0.9908,0.9852,0.9261,0.7379,0.9361,0.9117,0.8374,0.8008,0.8623,0.6828,0.8251,0.943,0.7871,0.6107,0.9564,0.7255,0.6249,0.6101,0.6201,0.8529,0.5649,0.6197,0.7914,0.5085,0.5528,0.3914,0.5947,0.6791,0.5831,0.5158,0.3129,0.478,0.2539,0.5198,0.3156,0.2024,0.1648,0.3501,
1.0,0.9981,0.9687,0.9668,0.9697,0.9987,0.9958,0.9894,0.9848,0.9206,0.7334,0.9289,0.9034,0.8371,0.796,0.8503,0.6808,0.8251,0.9408,0.7749,0.6031,0.9526,0.7107,0.6173,0.5945,0.6098,0.8486,0.56,0.6152,0.7753,0.5005,0.5507,0.3824,0.5881,0.676,0.5747,0.5075,0.3057,0.4694,0.2497,0.5264,0.3065,0.2053,0.1592,0.3514,
1.0,0.9989,0.9641,0.963,0.9672,0.9968,0.9949,0.9895,0.9836,0.9242,0.7343,0.9249,0.9066,0.8387,0.801,0.8499,0.6856,0.8257,0.9401,0.7851,0.6028,0.9502,0.7163,0.6092,0.5933,0.6136,0.8602,0.5654,0.6115,0.7796,0.4989,0.5462,0.3746,0.5882,0.6721,0.576,0.5259,0.3051,0.4754,0.2597,0.5187,0.3098,0.2075,0.1529,0.3577,
1.0,0.9985,0.9683,0.9668,0.9715,0.9979,0.9951,0.9901,0.9844,0.9199,0.7325,0.9328,0.9047,0.8369,0.798,0.8535,0.6838,0.823,0.937,0.7832,0.6069,0.9543,0.724,0.6216,0.6128,0.6048,0.8612,0.5641,0.627,0.7838,0.5003,0.5483,0.3829,0.5914,0.6733,0.5781,0.5082,0.316,0.4784,0.2588,0.5265,0.3032,0.2012,0.1531,0.3505,
1.0,0.9991,0.9685,0.9676,0.9677,0.9974,0.9955,0.9893,0.9842,0.9218,0.7355,0.9305,0.9047,0.8426,0.8015,0.8531,0.683,0.829,0.9412,0.7743,0.6101,0.9517,0.7201,0.6231,0.6081,0.616,0.8536,0.5756,0.6224,0.7773,0.5043,0.5652,0.385,0.5989,0.679,0.5828,0.513,0.3189,0.4725,0.2594,0.5272,0.3018,0.2028,0.1622,0.3541,
1.0,0.9985,0.9664,0.9649,0.9694,0.9974,0.9955,0.9912,0.9848,0.9226,0.7324,0.9295,0.9087,0.8375,0.8005,0.8521,0.6829,0.8231,0.9411,0.7808,0.6135,0.9534,0.7212,0.6212,0.6087,0.6142,0.8535,0.5678,0.6255,0.7808,0.5055,0.5543,0.3864,0.5863,0.6793,0.5886,0.5235,0.3142,0.4849,0.2629,0.5309,0.3069,0.2062,0.1684,0.3494,
1.0,0.9988,0.9704,0.9692,0.9695,0.9977,0.9958,0.9904,0.9848,0.9225,0.7342,0.9334,0.9067,0.8376,0.8003,0.8575,0.6871,0.8233,0.9399,0.7852,0.6044,0.9492,0.7158,0.6196,0.6014,0.6141,0.8592,0.5638,0.6155,0.7783,0.5044,0.5515,0.3928,0.5829,0.6795,0.5764,0.5175,0.3146,0.4736,0.255,0.5224,0.3054,0.2137,0.1642,0.3476,
1.0,0.9989,0.9698,0.9687,0.9693,0.9976,0.9947,0.99,0.9848,0.9235,0.7388,0.9324,0.9071,0.8423,0.803,0.8574,0.6847,0.8283,0.9389,0.7775,0.6092,0.9526,0.7178,0.6237,0.6,0.6164,0.8521,0.5704,0.6131,0.7832,0.5002,0.5557,0.385,0.5946,0.6836,0.5762,0.5255,0.321,0.4789,0.2556,0.5281,0.3088,0.2088,0.17,0.3529,
1.0,0.9986,0.9653,0.9639,0.9693,0.9969,0.9945,0.99,0.9836,0.9252,0.7352,0.9263,0.9067,0.839,0.7994,0.8529,0.6825,0.8249,0.944,0.7839,0.6098,0.9518,0.7144,0.6191,0.5986,0.62,0.8542,0.5734,0.6119,0.7822,0.5127,0.5548,0.3899,0.593,0.6797,0.5785,0.5273,0.3192,0.4787,0.2612,0.525,0.3183,0.2122,0.1618,0.3584,
1.0,0.9992,0.9676,0.9668,0.97,0.9975,0.9954,0.9912,0.9864,0.9295,0.7397,0.9307,0.9129,0.8367,0.7992,0.8604,0.6818,0.8242,0.9421,0.7855,0.6126,0.95,0.7202,0.6209,0.6016,0.6179,0.8539,0.5684,0.6211,0.7919,0.5111,0.5537,0.3889,0.5913,0.6722,0.583,0.5173,0.3143,0.4774,0.2653,0.5248,0.3178,0.2126,0.1662,0.3537,
1.0,0.9985,0.9646,0.9631,0.9718,0.9979,0.9955,0.9899,0.9853,0.9257,0.7446,0.9291,0.9099,0.8444,0.8095,0.8568,0.6939,0.8327,0.9432,0.7927,0.6132,0.9533,0.7188,0.6238,0.5999,0.6233,0.8611,0.5765,0.6125,0.7903,0.5118,0.5546,0.384,0.5877,0.6681,0.5801,0.5262,0.3147,0.4796,0.2625,0.5195,0.3193,0.208,0.1644,0.3637,
1.0,0.9986,0.9689,0.9675,0.9706,0.9972,0.995,0.9919,0.9873,0.9239,0.7409,0.9322,0.9089,0.8402,0.8052,0.8578,0.6865,0.8278,0.938,0.7828,0.6104,0.9528,0.7241,0.6215,0.61,0.6092,0.8574,0.5588,0.6276,0.7859,0.5003,0.5459,0.3958,0.5967,0.6755,0.5847,0.5149,0.3144,0.4793,0.2625,0.5223,0.3105,0.2073,0.1619,0.356,
1.0,0.9985,0.9689,0.9674,0.9687,0.9976,0.9948,0.9912,0.9864,0.92,0.7355,0.9314,0.9057,0.8416,0.8075,0.8514,0.693,0.8293,0.942,0.7829,0.6124,0.9578,0.7248,0.625,0.609,0.6128,0.8583,0.5701,0.6204,0.7807,0.5067,0.556,0.3895,0.5935,0.6828,0.5843,0.5301,0.3212,0.4828,0.2633,0.5273,0.3119,0.2124,0.1692,0.3616,
1.0,0.9989,0.9669,0.9658,0.9692,0.9975,0.9954,0.9913,0.9859,0.9261,0.7353,0.9296,0.911,0.8344,0.7969,0.8569,0.6799,0.8194,0.9401,0.7842,0.6132,0.9517,0.7266,0.6214,0.6035,0.6108,0.8549,0.5586,0.6266,0.7837,0.5063,0.5473,0.3906,0.5903,0.6788,0.5881,0.5232,0.3108,0.4674,0.2646,0.518,0.3096,0.2082,0.1581,0.3414,
1.0,0.9997,0.9675,0.9672,0.9701,0.9975,0.9963,0.9896,0.9832,0.9241,0.7334,0.933,0.9078,0.8404,0.8015,0.8578,0.6846,0.8268,0.9391,0.7859,0.61,0.9511,0.7218,0.6228,0.6072,0.612,0.8571,0.5679,0.6239,0.7835,0.4972,0.5551,0.3845,0.5942,0.6717,0.587,0.5172,0.3101,0.4756,0.2584,0.5242,0.3102,0.203,0.1604,0.3573,
1.0,0.999,0.9671,0.9661,0.9686,0.9977,0.9956,0.9906,0.9845,0.9247,0.7355,0.9298,0.91,0.8369,0.7947,0.8548,0.6794,0.8226,0.9406,0.7814,0.613,0.9559,0.7261,0.621,0.6064,0.6087,0.8603,0.567,0.6241,0.7768,0.5092,0.5512,0.3859,0.593,0.683,0.5866,0.5334,0.321,0.4794,0.2655,0.5298,0.3081,0.208,0.1631,0.3558,
1.0,0.9988,0.9678,0.9666,0.9688,0.9972,0.9952,0.9914,0.9861,0.9243,0.7291,0.9303,0.9096,0.831,0.7972,0.8568,0.6813,0.8181,0.9424,0.7862,0.6054,0.955,0.7247,0.6154,0.6094,0.6121,0.8597,0.5658,0.6216,0.7861,0.5118,0.5466,0.3914,0.5915,0.6759,0.5872,0.526,0.3179,0.4818,0.2566,0.527,0.3145,0.2104,0.1689,0.3495,
1.0,0.9993,0.9674,0.9667,0.9709,0.9959,0.9948,0.9921,0.9859,0.9186,0.7289,0.9308,0.901,0.8354,0.797,0.8505,0.6861,0.8225,0.9398,0.7833,0.6055,0.9485,0.7211,0.6239,0.6099,0.6077,0.863,0.5642,0.612,0.7813,0.4935,0.5436,0.386,0.5748,0.6669,0.5726,0.5181,0.3038,0.4693,0.2564,0.5174,0.3005,0.1961,0.1579,0.3447,
1.0,0.9989,0.9658,0.9647,0.9727,0.9978,0.9956,0.9903,0.9848,0.9252,0.7423,0.9326,0.9095,0.8403,0.8039,0.8586,0.6881,0.8275,0.9439,0.7894,0.618,0.955,0.7262,0.6293,0.6048,0.6239,0.8581,0.5679,0.6207,0.7848,0.5196,0.5543,0.3917,0.5899,0.6821,0.5859,0.535,0.3215,0.4801,0.2685,0.5354,0.3201,0.2174,0.1715,0.3542,
1.0,0.9984,0.9644,0.9628,0.9692,0.9966,0.9941,0.9893,0.9839,0.9267,0.7366,0.9257,0.909,0.8379,0.7988,0.8544,0.6829,0.8252,0.9429,0.7889,0.6167,0.9541,0.7281,0.6219,0.6049,0.6132,0.8569,0.5679,0.626,0.7835,0.5105,0.5482,0.3857,0.5929,0.677,0.5971,0.5215,0.3178,0.4901,0.2653,0.5289,0.3161,0.2068,0.1634,0.3682,
1.0,0.9991,0.9684,0.9675,0.9694,0.998,0.9958,0.991,0.9859,0.9245,0.7367,0.9319,0.9101,0.837,0.8002,0.8569,0.6827,0.8238,0.9415,0.7821,0.6136,0.9557,0.7253,0.6236,0.6065,0.6128,0.8556,0.5592,0.621,0.7851,0.5101,0.5475,0.3856,0.5923,0.6797,0.5841,0.5198,0.3183,0.479,0.2579,0.528,0.3115,0.2079,0.167,0.3497,
1.0,0.9986,0.9702,0.9688,0.9709,0.9973,0.9943,0.99,0.9862,0.9219,0.7337,0.9339,0.9053,0.8366,0.798,0.8562,0.6835,0.8245,0.9401,0.779,0.6095,0.9501,0.7224,0.6268,0.6096,0.6077,0.8551,0.5643,0.621,0.7838,0.5094,0.5526,0.3978,0.5917,0.6749,0.5834,0.5123,0.3187,0.4806,0.257,0.5166,0.3153,0.209,0.1633,0.3508,
1.0,0.9991,0.9688,0.9679,0.9699,0.9977,0.9954,0.9898,0.9847,0.9226,0.7331,0.9312,0.9054,0.8363,0.7962,0.8543,0.6829,0.8222,0.9367,0.7813,0.603,0.9523,0.7175,0.617,0.6077,0.6083,0.8566,0.5616,0.6196,0.7813,0.5091,0.5522,0.3918,0.5911,0.677,0.5792,0.5274,0.3168,0.4808,0.2645,0.526,0.3217,0.2127,0.1631,0.3571,
1.0,0.9992,0.969,0.9682,0.971,0.9975,0.9958,0.991,0.9866,0.9255,0.7441,0.9332,0.9097,0.845,0.8107,0.8596,0.6954,0.8342,0.9449,0.7882,0.6154,0.9547,0.7218,0.6275,0.6063,0.6243,0.8583,0.5791,0.6143,0.7941,0.5173,0.5631,0.3825,0.5885,0.6809,0.5861,0.5366,0.3293,0.4781,0.2672,0.5304,0.318,0.2167,0.1686,0.3554,
1.0,0.999,0.9689,0.9679,0.9703,0.9964,0.9942,0.9885,0.984,0.9235,0.7381,0.9328,0.9053,0.8416,0.8009,0.8562,0.6845,0.8299,0.9422,0.7808,0.6143,0.9506,0.7219,0.6272,0.6066,0.6156,0.8514,0.5673,0.6192,0.7801,0.5058,0.5544,0.3883,0.5904,0.6733,0.5796,0.5125,0.3165,0.4817,0.2566,0.5263,0.3102,0.2039,0.1648,0.3551,
1.0,0.9987,0.9677,0.9664,0.9682,0.9967,0.994,0.9894,0.9838,0.9206,0.7263,0.9288,0.903,0.8347,0.7932,0.8501,0.675,0.8198,0.937,0.7744,0.6047,0.9541,0.7258,0.6178,0.6073,0.6,0.8534,0.5555,0.6186,0.7766,0.502,0.5434,0.3878,0.5987,0.6775,0.5844,0.522,0.3173,0.4844,0.2563,0.5217,0.3097,0.206,0.1636,0.3508,
1.0,0.9987,0.9673,0.966,0.9684,0.9968,0.9945,0.9885,0.9825,0.9197,0.7234,0.9288,0.9017,0.8319,0.7904,0.8502,0.6731,0.8186,0.9392,0.7776,0.6035,0.9503,0.7234,0.6168,0.6124,0.6027,0.8559,0.559,0.6174,0.779,0.4993,0.5457,0.3886,0.5907,0.6677,0.578,0.5242,0.3048,0.484,0.2644,0.5209,0.3107,0.1963,0.164,0.3472,
1.0,0.9987,0.9685,0.9672,0.9678,0.997,0.995,0.9911,0.9851,0.923,0.7362,0.93,0.9087,0.8423,0.8045,0.8535,0.687,0.8289,0.9397,0.7807,0.6053,0.9511,0.7138,0.616,0.5946,0.6137,0.8568,0.5683,0.6141,0.7797,0.5001,0.5546,0.3798,0.5817,0.6695,0.5777,0.5197,0.3088,0.4826,0.2572,0.5268,0.3057,0.2061,0.1593,0.3492,
1.0,0.9987,0.9666,0.9653,0.9671,0.9966,0.9939,0.9906,0.9859,0.9207,0.734,0.9277,0.9048,0.8423,0.8053,0.8498,0.684,0.8285,0.9373,0.7737,0.6052,0.9522,0.7168,0.6147,0.5968,0.6079,0.8539,0.5676,0.61,0.7767,0.5039,0.5464,0.3807,0.5805,0.6622,0.5688,0.5178,0.3172,0.478,0.257,0.5186,0.3054,0.2047,0.1601,0.3508,
1.0,0.9986,0.9672,0.9658,0.9702,0.9974,0.9952,0.9909,0.9852,0.9234,0.741,0.9304,0.9083,0.8461,0.8089,0.8553,0.7009,0.8342,0.9429,0.7908,0.6174,0.9574,0.7273,0.6287,0.6071,0.6205,0.8668,0.5806,0.616,0.7891,0.5049,0.5608,0.3886,0.5952,0.6773,0.5809,0.5332,0.3235,0.4922,0.27,0.5315,0.3181,0.2063,0.1683,0.3683,
1.0,0.9985,0.9721,0.9706,0.9697,0.9969,0.9938,0.9919,0.9869,0.924,0.7421,0.9339,0.9085,0.8443,0.8075,0.8599,0.6951,0.8315,0.9416,0.7807,0.6167,0.9546,0.7243,0.6332,0.6068,0.6177,0.8552,0.5654,0.6277,0.779,0.507,0.5589,0.394,0.5962,0.682,0.5843,0.5199,0.3175,0.4757,0.2671,0.527,0.3151,0.2086,0.1636,0.3643,
1.0,0.999,0.9701,0.9691,0.9705,0.9977,0.9955,0.9897,0.9841,0.9216,0.7325,0.9345,0.9056,0.8366,0.7979,0.8564,0.6828,0.8226,0.9376,0.7817,0.6067,0.9507,0.7217,0.6212,0.6099,0.6075,0.8552,0.5596,0.6302,0.7813,0.5054,0.5468,0.395,0.6005,0.678,0.5824,0.5215,0.315,0.4792,0.2633,0.5311,0.3155,0.2133,0.165,0.3581,
1.0,0.9988,0.9685,0.9673,0.9684,0.9973,0.9952,0.9904,0.9849,0.9224,0.7318,0.9307,0.9068,0.8374,0.7987,0.8546,0.6806,0.8232,0.94,0.7761,0.6146,0.948,0.7201,0.6286,0.6054,0.6119,0.8542,0.5675,0.6188,0.7816,0.5058,0.5583,0.3925,0.5893,0.6774,0.5846,0.5259,0.3201,0.4752,0.2582,0.5271,0.3127,0.2144,0.1707,0.345,
1.0,0.9988,0.9675,0.9663,0.9683,0.9966,0.9942,0.9905,0.9862,0.9232,0.7368,0.9286,0.9063,0.8396,0.8038,0.854,0.6814,0.8266,0.9409,0.7774,0.6078,0.9542,0.7197,0.6182,0.5998,0.6106,0.8496,0.5583,0.6132,0.7822,0.5119,0.5474,0.3863,0.5878,0.6686,0.5765,0.5188,0.3171,0.4809,0.2562,0.5193,0.3129,0.2005,0.1689,0.3491,
1.0,0.9986,0.9677,0.9663,0.9712,0.9964,0.994,0.9909,0.9854,0.9269,0.7428,0.9321,0.9106,0.8435,0.8055,0.8607,0.688,0.8301,0.9431,0.786,0.6157,0.9529,0.7256,0.6297,0.6074,0.6198,0.8556,0.5724,0.6221,0.7872,0.5078,0.5558,0.3814,0.587,0.6767,0.5898,0.5273,0.3172,0.4743,0.2626,0.5256,0.3094,0.2064,0.1667,0.3489,
1.0,0.9994,0.965,0.9644,0.9672,0.9977,0.9965,0.992,0.9854,0.9257,0.7347,0.9269,0.9114,0.8384,0.8018,0.854,0.6849,0.8249,0.9413,0.7857,0.6159,0.9545,0.7272,0.6227,0.6026,0.6164,0.8583,0.5738,0.6228,0.7843,0.5041,0.5538,0.3887,0.5872,0.6742,0.5881,0.5297,0.3127,0.4794,0.2686,0.519,0.3128,0.2071,0.167,0.3644,
1.0,0.9993,0.9672,0.9665,0.967,0.9974,0.9956,0.989,0.9845,0.9214,0.7326,0.9283,0.9036,0.8405,0.8029,0.8516,0.6842,0.829,0.9413,0.779,0.6051,0.952,0.7195,0.6178,0.6029,0.6111,0.8539,0.5675,0.6183,0.7746,0.5066,0.549,0.3879,0.5922,0.6773,0.5808,0.5182,0.3179,0.4799,0.2555,0.5259,0.3106,0.2128,0.1554,0.3548,
1.0,0.9992,0.9658,0.965,0.9686,0.9973,0.9961,0.9902,0.9841,0.9236,0.7297,0.9291,0.9079,0.8373,0.7984,0.8537,0.6783,0.8242,0.9435,0.7772,0.6104,0.9552,0.7231,0.6212,0.605,0.6074,0.8535,0.565,0.6204,0.7782,0.4995,0.5495,0.3733,0.5865,0.6772,0.5859,0.5271,0.3121,0.4763,0.2604,0.5186,0.302,0.2028,0.1657,0.3516,
1.0,0.9992,0.9656,0.9648,0.9703,0.9974,0.9957,0.9906,0.9849,0.9269,0.7375,0.9304,0.911,0.8385,0.8001,0.859,0.6835,0.8259,0.9387,0.7865,0.6139,0.9533,0.732,0.6228,0.6047,0.6123,0.8578,0.5621,0.6196,0.786,0.4975,0.5417,0.3838,0.5786,0.6696,0.5841,0.5118,0.312,0.4842,0.2615,0.5281,0.3073,0.2022,0.1597,0.3508,
1.0,0.9988,0.9665,0.9653,0.9749,0.9964,0.9944,0.9895,0.9837,0.9185,0.7359,0.9353,0.9014,0.8401,0.8005,0.8547,0.6793,0.8277,0.9424,0.781,0.6089,0.95,0.7125,0.6238,0.6042,0.617,0.8516,0.5715,0.6098,0.7841,0.5118,0.5521,0.3918,0.5905,0.6666,0.5726,0.5108,0.3212,0.4843,0.2499,0.522,0.3159,0.2069,0.1651,0.3573,
1.0,0.9988,0.9682,0.967,0.9704,0.9983,0.9964,0.9917,0.9869,0.927,0.7407,0.9311,0.9124,0.838,0.7999,0.8595,0.6832,0.8245,0.9385,0.7829,0.6076,0.9517,0.7252,0.619,0.6151,0.6161,0.8576,0.5673,0.6243,0.789,0.5082,0.5543,0.397,0.5924,0.674,0.5872,0.5221,0.3249,0.4824,0.2668,0.5251,0.3176,0.21,0.1662,0.354,
1.0,0.9986,0.9683,0.9669,0.9699,0.9973,0.9947,0.9893,0.9833,0.9211,0.7325,0.9299,0.9032,0.8391,0.7983,0.8526,0.6804,0.8231,0.9374,0.7771,0.6056,0.9469,0.7191,0.6225,0.6092,0.6111,0.8549,0.5627,0.6262,0.7824,0.4975,0.555,0.3905,0.5981,0.6741,0.5797,0.513,0.3138,0.477,0.2626,0.5313,0.3059,0.2071,0.1635,0.3598,
1.0,0.9986,0.9677,0.9663,0.9715,0.9971,0.9949,0.99,0.9837,0.9231,0.7332,0.9341,0.9087,0.8335,0.7971,0.8579,0.6862,0.8213,0.9432,0.7939,0.6097,0.954,0.7247,0.6223,0.6042,0.6131,0.8655,0.5738,0.6188,0.7873,0.5119,0.5511,0.3863,0.5894,0.677,0.585,0.5308,0.3173,0.4885,0.2667,0.5334,0.3166,0.2103,0.1612,0.3562,
1.0,0.9991,0.968,0.9671,0.9699,0.9973,0.9947,0.9902,0.9863,0.9242,0.7361,0.9304,0.9061,0.8376,0.7981,0.8557,0.6813,0.8249,0.9407,0.7794,0.604,0.9531,0.7205,0.6168,0.6021,0.6121,0.852,0.5617,0.6133,0.7851,0.5025,0.5483,0.3841,0.586,0.6728,0.5773,0.514,0.3139,0.4709,0.2496,0.5223,0.31,0.2082,0.1661,0.352,
1.0,0.9982,0.9683,0.9665,0.968,0.997,0.9946,0.9897,0.9846,0.9198,0.7351,0.9284,0.9025,0.8434,0.8027,0.8489,0.6895,0.8317,0.9384,0.7786,0.6036,0.9543,0.7196,0.6177,0.6052,0.6114,0.8589,0.5716,0.6139,0.7732,0.5014,0.5494,0.395,0.5949,0.6742,0.5727,0.5139,0.3213,0.4842,0.2533,0.5269,0.308,0.2002,0.1577,0.3612,
1.0,0.9986,0.9676,0.9662,0.9729,0.9973,0.9952,0.9897,0.983,0.922,0.7326,0.9332,0.9052,0.8368,0.7965,0.8567,0.6898,0.8224,0.941,0.7939,0.6095,0.9489,0.7175,0.6245,0.6071,0.6131,0.865,0.5745,0.6207,0.78,0.5087,0.5469,0.3942,0.5824,0.6647,0.5776,0.5256,0.3133,0.481,0.2667,0.5243,0.3134,0.2105,0.1651,0.3502,
1.0,0.9994,0.9666,0.966,0.9701,0.9971,0.9959,0.9911,0.9856,0.922,0.7402,0.9302,0.9056,0.8452,0.8064,0.8545,0.6882,0.833,0.9396,0.7826,0.6206,0.9528,0.7266,0.6321,0.6147,0.6205,0.8533,0.581,0.6244,0.7798,0.5056,0.5581,0.3962,0.5889,0.6752,0.5868,0.5201,0.3222,0.4825,0.2633,0.5216,0.3163,0.2068,0.1764,0.3593,
1.0,0.9989,0.9664,0.9653,0.9713,0.9965,0.9948,0.9911,0.9855,0.9186,0.7343,0.9322,0.904,0.8371,0.7986,0.8529,0.6797,0.8239,0.9367,0.7755,0.605,0.9535,0.7247,0.6222,0.6071,0.6027,0.8569,0.561,0.6191,0.7797,0.5012,0.5457,0.3891,0.5912,0.6789,0.5808,0.5173,0.3133,0.4749,0.2597,0.518,0.3126,0.2097,0.1616,0.355,
1.0,0.999,0.9689,0.9679,0.9716,0.9974,0.9957,0.9906,0.9848,0.9245,0.739,0.9341,0.9086,0.8402,0.8032,0.8583,0.687,0.8275,0.9398,0.7844,0.6129,0.9498,0.7206,0.6277,0.6088,0.6141,0.8566,0.5614,0.6239,0.7822,0.4995,0.5495,0.3928,0.5887,0.6699,0.5798,0.5161,0.3077,0.4737,0.2631,0.5249,0.3063,0.211,0.1606,0.3546,
1.0,0.9991,0.9695,0.9686,0.9694,0.9977,0.9958,0.991,0.9864,0.9259,0.7394,0.9316,0.9091,0.8408,0.8012,0.8578,0.6927,0.8282,0.9376,0.7862,0.607,0.955,0.7202,0.6191,0.6017,0.611,0.8582,0.5691,0.6192,0.7847,0.5098,0.5537,0.3803,0.592,0.6794,0.581,0.5161,0.3151,0.4848,0.2624,0.5358,0.314,0.2106,0.1602,0.367,
1.0,0.9992,0.9684,0.9676,0.9701,0.9975,0.9957,0.9916,0.9868,0.9216,0.7355,0.9326,0.9067,0.8378,0.8012,0.8551,0.6779,0.8255,0.9393,0.7751,0.6019,0.9538,0.7162,0.6153,0.604,0.6099,0.8513,0.5581,0.6157,0.7847,0.5072,0.5476,0.3862,0.5956,0.6733,0.5719,0.5181,0.3229,0.4841,0.2537,0.5236,0.3155,0.2137,0.1687,0.357,
1.0,0.9989,0.9672,0.9661,0.972,0.9967,0.9948,0.9901,0.9842,0.9206,0.7368,0.9322,0.9032,0.8424,0.8042,0.8551,0.6897,0.8283,0.9379,0.7847,0.6074,0.9539,0.7192,0.626,0.6118,0.6111,0.8575,0.5641,0.6221,0.78,0.4961,0.553,0.3866,0.5945,0.6786,0.5817,0.5201,0.3086,0.4836,0.2592,0.5273,0.3098,0.2016,0.1634,0.3579,
1.0,0.9986,0.9672,0.9658,0.9716,0.9976,0.9953,0.9902,0.9841,0.9297,0.7399,0.9321,0.9145,0.8362,0.7983,0.863,0.6821,0.8229,0.9383,0.7923,0.6132,0.9516,0.7275,0.6188,0.6055,0.6122,0.8592,0.5554,0.626,0.7901,0.5083,0.5448,0.3825,0.5905,0.6715,0.5809,0.5116,0.3066,0.4808,0.2616,0.5251,0.3178,0.2101,0.1611,0.3554,
1.0,0.9988,0.9682,0.967,0.9679,0.9969,0.9951,0.9907,0.9851,0.9256,0.7354,0.9297,0.9095,0.8401,0.8006,0.8572,0.6873,0.8271,0.9474,0.7846,0.6186,0.9519,0.7244,0.6261,0.6021,0.6153,0.8605,0.5759,0.6234,0.7809,0.5008,0.5571,0.3838,0.588,0.6816,0.5872,0.5264,0.3153,0.4741,0.2576,0.5246,0.3038,0.2076,0.1659,0.3562,
1.0,0.9993,0.9656,0.9649,0.9714,0.9976,0.996,0.9926,0.9887,0.9245,0.7454,0.9306,0.9103,0.8425,0.81,0.8571,0.6924,0.831,0.9411,0.7867,0.6108,0.954,0.7199,0.6201,0.6033,0.6204,0.859,0.5681,0.613,0.7855,0.5071,0.5445,0.3878,0.5799,0.6647,0.5742,0.5187,0.3192,0.4762,0.2624,0.5199,0.3073,0.2081,0.1617,0.3539,
1.0,0.9988,0.9671,0.9659,0.9704,0.9965,0.9942,0.9895,0.9844,0.9221,0.7344,0.9316,0.905,0.8377,0.7993,0.8555,0.6801,0.8245,0.9412,0.783,0.6093,0.9533,0.7197,0.6191,0.606,0.6149,0.854,0.5676,0.6142,0.7822,0.5053,0.5542,0.3826,0.5942,0.6793,0.5825,0.528,0.3146,0.4806,0.2632,0.525,0.3167,0.2032,0.1657,0.3577,
1.0,0.9991,0.9675,0.9666,0.9674,0.9974,0.9956,0.9918,0.9868,0.9248,0.728,0.928,0.9099,0.8295,0.7929,0.8544,0.6748,0.8174,0.941,0.7816,0.6051,0.9559,0.7285,0.6159,0.6107,0.606,0.8534,0.5561,0.6245,0.7808,0.5005,0.5448,0.3906,0.589,0.6793,0.5897,0.5242,0.3138,0.4783,0.2601,0.5218,0.3058,0.2031,0.1678,0.35,
1.0,0.9987,0.9657,0.9644,0.9707,0.9971,0.9946,0.9895,0.9836,0.9237,0.7368,0.9302,0.9072,0.8414,0.8028,0.8557,0.6895,0.8281,0.9416,0.789,0.6116,0.9525,0.7221,0.6232,0.6015,0.6172,0.8638,0.5758,0.6103,0.7844,0.5072,0.5546,0.3816,0.5818,0.668,0.5719,0.5217,0.3218,0.4779,0.2573,0.5234,0.3074,0.2052,0.1568,0.356,
1.0,0.9994,0.9681,0.9675,0.9692,0.9974,0.9955,0.9897,0.9842,0.9246,0.7356,0.9321,0.9086,0.8375,0.8002,0.8566,0.6866,0.8234,0.9382,0.7878,0.6067,0.9495,0.7195,0.6148,0.605,0.6104,0.8591,0.5669,0.6259,0.7831,0.5041,0.5475,0.3842,0.5948,0.6663,0.5828,0.5164,0.3187,0.4774,0.2636,0.5176,0.3133,0.2065,0.1548,0.3572,
1.0,0.9987,0.9675,0.9662,0.9712,0.9973,0.9952,0.9899,0.9852,0.9196,0.7322,0.9316,0.9032,0.8358,0.797,0.854,0.6828,0.8236,0.9425,0.7803,0.6059,0.9521,0.723,0.6224,0.6122,0.6117,0.8595,0.5688,0.6188,0.784,0.5095,0.557,0.3933,0.5929,0.6765,0.5839,0.5211,0.3209,0.4783,0.2594,0.5231,0.3144,0.2115,0.1624,0.3526,
1.0,0.9991,0.9679,0.967,0.972,0.9979,0.9961,0.9906,0.9852,0.9188,0.7378,0.933,0.9025,0.8425,0.803,0.8531,0.6865,0.8279,0.9447,0.7783,0.6082,0.9495,0.7089,0.6261,0.6003,0.6152,0.8591,0.5797,0.6103,0.7843,0.5036,0.5582,0.3796,0.5842,0.6714,0.5769,0.5246,0.3213,0.4713,0.2538,0.522,0.3052,0.2035,0.1619,0.3505,
1.0,0.9991,0.9682,0.9673,0.9713,0.9968,0.9949,0.9908,0.9839,0.9195,0.7328,0.9332,0.9029,0.8376,0.7988,0.8538,0.6841,0.8234,0.9402,0.7803,0.6076,0.9529,0.7176,0.6269,0.6123,0.619,0.8539,0.5698,0.6161,0.7768,0.5001,0.5546,0.3939,0.5915,0.6725,0.5756,0.5171,0.3165,0.479,0.2522,0.5205,0.3148,0.2041,0.1673,0.3566,
1.0,0.9992,0.9683,0.9675,0.9725,0.9982,0.9965,0.9905,0.9863,0.9212,0.7387,0.9351,0.9062,0.8416,0.8039,0.8584,0.684,0.8292,0.9388,0.7786,0.6097,0.9472,0.7218,0.6284,0.608,0.6104,0.857,0.5672,0.6245,0.7878,0.5075,0.5532,0.3967,0.5907,0.6675,0.5771,0.5171,0.3228,0.4734,0.2627,0.5123,0.3089,0.2061,0.1693,0.3526,
1.0,0.9986,0.9659,0.9645,0.97,0.9974,0.9953,0.9917,0.9849,0.9247,0.7377,0.9292,0.9104,0.8395,0.8016,0.8566,0.6901,0.8252,0.9374,0.7895,0.6091,0.9564,0.7223,0.6193,0.6025,0.6135,0.8675,0.5741,0.6199,0.7882,0.5058,0.5553,0.3843,0.5924,0.677,0.5787,0.5253,0.3232,0.4879,0.263,0.5282,0.3083,0.2153,0.161,0.3611,
1.0,0.9991,0.9683,0.9674,0.9684,0.9976,0.9959,0.9922,0.9856,0.92,0.7344,0.9309,0.9062,0.8409,0.8047,0.853,0.6921,0.8272,0.9408,0.7822,0.6112,0.9557,0.724,0.6275,0.6092,0.6137,0.8663,0.5784,0.6181,0.7864,0.4995,0.5599,0.384,0.5895,0.6805,0.5812,0.5288,0.3108,0.4874,0.266,0.5373,0.3124,0.2072,0.1647,0.3644,
1.0,0.9987,0.9659,0.9646,0.9691,0.9978,0.9953,0.9905,0.9867,0.9224,0.7358,0.9288,0.9077,0.8384,0.8023,0.8524,0.6851,0.8268,0.9439,0.7825,0.6132,0.9545,0.7278,0.6209,0.6039,0.6092,0.8609,0.5667,0.6207,0.7848,0.4964,0.5526,0.3787,0.5926,0.6789,0.5816,0.5246,0.3117,0.4845,0.2696,0.5234,0.3074,0.2042,0.1622,0.357,
1.0,0.9991,0.9684,0.9675,0.9719,0.9974,0.9956,0.9916,0.9864,0.9252,0.7404,0.9332,0.9089,0.8403,0.8052,0.8595,0.6984,0.8264,0.9419,0.7949,0.6127,0.9541,0.7252,0.6268,0.6092,0.6185,0.8643,0.5756,0.6275,0.786,0.5109,0.5455,0.3891,0.592,0.6752,0.5848,0.5302,0.3115,0.4879,0.2729,0.5303,0.3143,0.2104,0.1664,0.3715,
1.0,0.9995,0.9684,0.9679,0.967,0.9977,0.9965,0.9908,0.9852,0.9269,0.7377,0.9288,0.9101,0.8416,0.8023,0.8567,0.6885,0.8283,0.9427,0.7832,0.6159,0.9516,0.7265,0.6264,0.6047,0.6157,0.8593,0.5733,0.6256,0.7854,0.5149,0.5612,0.3927,0.5953,0.6797,0.5875,0.5255,0.3214,0.4825,0.2656,0.529,0.3238,0.2107,0.1711,0.3526,
1.0,0.9985,0.9713,0.9698,0.9711,0.9976,0.9949,0.9876,0.9832,0.9259,0.7395,0.9335,0.9062,0.8404,0.797,0.861,0.6868,0.8274,0.9421,0.785,0.611,0.9502,0.721,0.6251,0.6088,0.6166,0.8578,0.5719,0.6226,0.7836,0.5101,0.5574,0.3908,0.588,0.6807,0.5818,0.522,0.3205,0.4792,0.2596,0.5308,0.3075,0.2117,0.167,0.3453,
1.0,0.9987,0.9661,0.9648,0.9681,0.9977,0.9955,0.9903,0.9861,0.9265,0.7403,0.9276,0.911,0.8392,0.8031,0.8543,0.6844,0.8282,0.9428,0.7828,0.6112,0.9533,0.7237,0.6184,0.6032,0.617,0.8569,0.5651,0.6218,0.7852,0.511,0.5478,0.3818,0.5885,0.6782,0.5819,0.5242,0.3129,0.4792,0.2647,0.5243,0.3148,0.207,0.1617,0.3579,
1.0,0.9993,0.9694,0.9687,0.9699,0.9969,0.9958,0.992,0.9862,0.9248,0.7366,0.9331,0.9091,0.8379,0.8002,0.8595,0.6837,0.825,0.9424,0.7814,0.607,0.9538,0.7193,0.6213,0.6047,0.618,0.8554,0.5678,0.6169,0.7815,0.5114,0.5545,0.393,0.5909,0.6842,0.5843,0.5228,0.3242,0.482,0.2563,0.5344,0.3157,0.2189,0.1665,0.3514,
1.0,0.9986,0.9705,0.9691,0.969,0.9975,0.9949,0.9902,0.9846,0.9278,0.7386,0.9325,0.9113,0.8386,0.799,0.8623,0.6886,0.825,0.9395,0.79,0.6109,0.9511,0.7237,0.6202,0.6038,0.6102,0.862,0.5671,0.6265,0.7846,0.5049,0.5475,0.3827,0.598,0.6747,0.5811,0.5195,0.3143,0.483,0.2639,0.5333,0.3144,0.2149,0.162,0.3558,
1.0,0.999,0.9675,0.9665,0.9688,0.9979,0.9958,0.9896,0.9831,0.9233,0.7339,0.9298,0.9074,0.8394,0.7974,0.8549,0.6811,0.8264,0.9407,0.7809,0.6136,0.9522,0.7199,0.6244,0.6055,0.6133,0.8529,0.5703,0.6218,0.777,0.5018,0.5596,0.3835,0.5857,0.6742,0.5812,0.5225,0.309,0.4726,0.2597,0.5298,0.3035,0.2104,0.1637,0.3459,
1.0,0.9984,0.9669,0.9653,0.9681,0.997,0.9944,0.9906,0.9847,0.9267,0.7402,0.9282,0.9109,0.8418,0.8058,0.8565,0.6898,0.8294,0.9376,0.7894,0.614,0.9544,0.7253,0.6216,0.604,0.6145,0.8565,0.5706,0.6288,0.7856,0.5231,0.5532,0.3914,0.5939,0.6739,0.5836,0.5171,0.326,0.4848,0.2746,0.5387,0.3289,0.2137,0.1581,0.3642,
1.0,0.9991,0.9685,0.9676,0.9727,0.9974,0.9952,0.9923,0.9866,0.9227,0.7366,0.9348,0.9077,0.8363,0.7976,0.8588,0.6859,0.8218,0.9358,0.7833,0.6062,0.9551,0.7239,0.6213,0.6089,0.6086,0.8604,0.5583,0.6223,0.782,0.5063,0.5429,0.3981,0.5981,0.674,0.5787,0.5201,0.313,0.484,0.2612,0.5298,0.3122,0.2157,0.1699,0.3611,
1.0,0.9982,0.9685,0.9667,0.9698,0.9967,0.9936,0.989,0.9836,0.9209,0.7338,0.9303,0.9029,0.8399,0.8015,0.8529,0.6809,0.8266,0.9415,0.7758,0.6087,0.9525,0.7171,0.6231,0.6027,0.6139,0.8479,0.5592,0.616,0.7767,0.503,0.5492,0.3828,0.5866,0.6739,0.5821,0.5166,0.3098,0.4701,0.2553,0.5207,0.3089,0.2092,0.1604,0.353,
1.0,0.9986,0.9681,0.9667,0.9691,0.9974,0.9947,0.99,0.9842,0.9214,0.7382,0.9306,0.9057,0.8445,0.8084,0.854,0.6931,0.8293,0.9392,0.7836,0.611,0.9517,0.7164,0.623,0.6098,0.6232,0.8608,0.5776,0.6165,0.782,0.5082,0.5587,0.3961,0.5948,0.6699,0.5793,0.5234,0.324,0.4863,0.2614,0.5214,0.3156,0.2088,0.1686,0.3554,
1.0,0.9987,0.9673,0.966,0.9693,0.9984,0.9957,0.9897,0.9842,0.9298,0.7423,0.9301,0.9146,0.8415,0.8035,0.8609,0.6913,0.8268,0.9417,0.7935,0.6204,0.9522,0.7268,0.6264,0.6028,0.6229,0.8597,0.5735,0.6179,0.7891,0.5104,0.5551,0.386,0.586,0.6746,0.5894,0.5227,0.3221,0.4789,0.2611,0.5234,0.3138,0.2132,0.1648,0.3497,
1.0,0.9991,0.9674,0.9665,0.9672,0.9975,0.9956,0.9905,0.987,0.9243,0.7341,0.929,0.9087,0.8375,0.8029,0.854,0.6821,0.8257,0.941,0.7776,0.6095,0.9492,0.7275,0.6185,0.601,0.6079,0.8546,0.559,0.6236,0.7846,0.5018,0.5455,0.3818,0.5853,0.6732,0.5804,0.5104,0.3109,0.4766,0.2614,0.5259,0.3095,0.1992,0.1569,0.3558,
1.0,0.9988,0.9679,0.9667,0.9693,0.9981,0.9956,0.9915,0.9866,0.9208,0.7368,0.9299,0.9056,0.8395,0.8033,0.8525,0.6875,0.8264,0.9436,0.7791,0.6127,0.9564,0.7188,0.6263,0.5999,0.6122,0.8571,0.5652,0.6193,0.7818,0.5041,0.556,0.3897,0.5975,0.6792,0.5765,0.5219,0.3208,0.4741,0.2596,0.5317,0.3056,0.2016,0.1638,0.3486,
1.0,0.9986,0.9671,0.9657,0.9688,0.9964,0.9938,0.9894,0.9844,0.9223,0.739,0.9291,0.9042,0.8457,0.8081,0.8521,0.6913,0.8315,0.942,0.7824,0.6142,0.9479,0.7178,0.6262,0.6022,0.6212,0.8548,0.5735,0.6182,0.7782,0.5026,0.5601,0.3903,0.5937,0.6795,0.5798,0.5086,0.3233,0.4806,0.2533,0.5337,0.3148,0.2091,0.1605,0.3612,
1.0,0.9987,0.9692,0.9679,0.9714,0.9961,0.994,0.9913,0.9837,0.9295,0.7416,0.9342,0.9136,0.8401,0.8007,0.8641,0.6877,0.8242,0.938,0.7961,0.6136,0.9489,0.7245,0.6236,0.6106,0.6207,0.8654,0.5705,0.6246,0.7834,0.5019,0.5492,0.3964,0.5842,0.6683,0.5813,0.5144,0.3186,0.4793,0.2573,0.5304,0.3089,0.2076,0.1602,0.3568,
1.0,0.9989,0.9668,0.9657,0.9698,0.9976,0.9953,0.9906,0.9856,0.9236,0.7493,0.9296,0.9078,0.852,0.8138,0.8553,0.698,0.8381,0.9404,0.7817,0.6168,0.9528,0.7211,0.6296,0.6084,0.628,0.8615,0.5855,0.6243,0.7865,0.506,0.5684,0.3908,0.6013,0.6773,0.5834,0.5233,0.3277,0.4958,0.2664,0.5353,0.3179,0.2133,0.1643,0.3763,
1.0,0.9985,0.9693,0.9678,0.9692,0.9975,0.9947,0.9882,0.9847,0.9177,0.7339,0.933,0.9011,0.8431,0.8067,0.852,0.6907,0.8323,0.9421,0.7786,0.6086,0.9478,0.7113,0.6244,0.6011,0.6149,0.8582,0.571,0.6128,0.7765,0.4874,0.5583,0.381,0.5867,0.672,0.5721,0.5263,0.3125,0.4769,0.2592,0.5254,0.3014,0.203,0.162,0.3545,
1.0,0.9993,0.9673,0.9666,0.9705,0.9961,0.9943,0.992,0.9865,0.9258,0.7402,0.9317,0.9092,0.8391,0.8008,0.8575,0.6819,0.8274,0.9407,0.7836,0.6097,0.9545,0.7221,0.6194,0.6053,0.6143,0.8552,0.5653,0.6213,0.7835,0.5052,0.5519,0.3771,0.5866,0.6768,0.5859,0.5231,0.3107,0.4781,0.2572,0.5197,0.3098,0.2104,0.1575,0.3539,
1.0,0.9989,0.9662,0.9651,0.9714,0.9984,0.9958,0.989,0.9848,0.9269,0.7378,0.9313,0.9105,0.8381,0.7978,0.8596,0.6836,0.8241,0.9405,0.7871,0.6179,0.9503,0.7292,0.6272,0.6069,0.6112,0.8576,0.5675,0.6285,0.7831,0.5103,0.5552,0.3911,0.5847,0.6797,0.5867,0.5243,0.3139,0.4681,0.266,0.5329,0.3059,0.2134,0.1601,0.3517,
1.0,0.9985,0.9675,0.966,0.9706,0.9981,0.9956,0.9898,0.9831,0.9247,0.7372,0.9312,0.909,0.8404,0.8013,0.8578,0.6824,0.8261,0.9418,0.784,0.6121,0.9557,0.7251,0.625,0.6117,0.6205,0.8546,0.5724,0.6231,0.7886,0.5094,0.5603,0.393,0.5969,0.6797,0.5839,0.5211,0.3205,0.4826,0.2588,0.5177,0.3175,0.2128,0.162,0.363,
1.0,0.9993,0.9684,0.9677,0.9694,0.9984,0.9966,0.9903,0.9848,0.9225,0.7352,0.9313,0.9069,0.8412,0.8028,0.8554,0.6856,0.828,0.9444,0.778,0.611,0.9551,0.7258,0.627,0.6129,0.6163,0.8558,0.5731,0.6276,0.7839,0.5052,0.563,0.3889,0.6,0.6848,0.5886,0.5174,0.3169,0.484,0.2563,0.5264,0.3157,0.2081,0.161,0.3597,
1.0,0.9984,0.9654,0.9638,0.9705,0.9972,0.9945,0.9892,0.9844,0.9238,0.7307,0.9289,0.9071,0.8316,0.7935,0.8548,0.6749,0.818,0.9441,0.7819,0.6076,0.9518,0.7218,0.6168,0.6061,0.6117,0.8558,0.5615,0.6168,0.7787,0.4999,0.545,0.3798,0.5832,0.676,0.592,0.5281,0.3041,0.4742,0.2606,0.514,0.2999,0.1952,0.1601,0.3452,
1.0,0.9993,0.9652,0.9645,0.9667,0.9975,0.9954,0.9897,0.9844,0.9272,0.7344,0.9265,0.9112,0.8382,0.7999,0.8546,0.6866,0.8242,0.9392,0.7864,0.6152,0.9526,0.7271,0.6202,0.6017,0.6119,0.8574,0.5632,0.6185,0.776,0.4975,0.5441,0.3792,0.5806,0.6651,0.5821,0.5243,0.3038,0.4802,0.2601,0.5231,0.3035,0.2021,0.1578,0.3486,
1.0,0.9988,0.9675,0.9663,0.971,0.9973,0.9957,0.9929,0.9855,0.9234,0.7378,0.9318,0.9094,0.8361,0.799,0.857,0.6836,0.8221,0.9379,0.7831,0.6146,0.957,0.7268,0.6252,0.6127,0.6125,0.8608,0.5645,0.6258,0.7903,0.506,0.5509,0.3905,0.6002,0.6796,0.5836,0.5144,0.314,0.482,0.2619,0.5292,0.3191,0.2131,0.1672,0.3611,
1.0,0.999,0.9682,0.9672,0.9664,0.997,0.995,0.99,0.9848,0.9223,0.729,0.9271,0.9042,0.8367,0.797,0.851,0.6798,0.8229,0.9434,0.7752,0.6072,0.9497,0.7175,0.6209,0.598,0.6057,0.8529,0.5585,0.6111,0.7748,0.506,0.5418,0.3883,0.5858,0.6685,0.5797,0.5156,0.3144,0.4758,0.2476,0.5189,0.3025,0.2026,0.1632,0.3444,
1.0,0.9985,0.9684,0.9669,0.9675,0.9971,0.994,0.9882,0.9835,0.9237,0.7374,0.9297,0.9061,0.8438,0.8048,0.8546,0.6852,0.8299,0.9394,0.7826,0.615,0.9501,0.7253,0.6249,0.6145,0.6188,0.8559,0.5719,0.6301,0.7763,0.4916,0.5602,0.3852,0.5972,0.6789,0.5881,0.5275,0.3143,0.4808,0.2706,0.5273,0.3032,0.2026,0.1656,0.3598,
1.0,0.9988,0.9647,0.9635,0.9678,0.9972,0.9956,0.9926,0.9869,0.9225,0.7387,0.9255,0.9085,0.8422,0.8048,0.8506,0.6859,0.8301,0.9429,0.7771,0.6165,0.9571,0.7276,0.6255,0.6103,0.6144,0.8611,0.5718,0.617,0.784,0.5037,0.556,0.3895,0.5919,0.6768,0.5839,0.5212,0.3257,0.4857,0.2657,0.52,0.3134,0.2015,0.1665,0.3599,
1.0,0.999,0.9673,0.9663,0.9666,0.997,0.9952,0.9912,0.9852,0.9222,0.7339,0.9272,0.9064,0.8386,0.8015,0.8512,0.687,0.8251,0.9373,0.7809,0.6074,0.9557,0.7245,0.6203,0.5983,0.6019,0.8578,0.5548,0.6223,0.773,0.4885,0.5426,0.3733,0.5923,0.6785,0.5814,0.5166,0.3028,0.4828,0.2614,0.5402,0.3057,0.2005,0.1565,0.3585,
1.0,0.9994,0.9667,0.9661,0.9704,0.9973,0.9958,0.9908,0.985,0.9234,0.7343,0.9319,0.9078,0.8384,0.8027,0.8572,0.6803,0.8233,0.9362,0.7802,0.6076,0.9497,0.7213,0.6179,0.6082,0.6099,0.8529,0.5582,0.6231,0.7824,0.5051,0.5491,0.3933,0.5961,0.6805,0.5824,0.5167,0.314,0.48,0.2616,0.5272,0.3134,0.2107,0.1605,0.3527,
1.0,0.9987,0.9656,0.9643,0.9677,0.9968,0.9943,0.9923,0.9873,0.9227,0.7388,0.9272,0.909,0.8398,0.8031,0.8525,0.6923,0.8269,0.9412,0.7861,0.6151,0.9534,0.7208,0.6226,0.5965,0.607,0.8642,0.5703,0.6219,0.7743,0.4969,0.5451,0.3853,0.5845,0.6664,0.58,0.5234,0.3176,0.4848,0.2685,0.5264,0.2979,0.2021,0.1567,0.3573,
1.0,0.9987,0.9695,0.9682,0.9708,0.9964,0.9948,0.9907,0.986,0.921,0.7369,0.9336,0.9049,0.8385,0.801,0.8557,0.6858,0.8281,0.9442,0.7796,0.6101,0.9494,0.7173,0.627,0.6077,0.6122,0.8568,0.568,0.6185,0.7787,0.5057,0.5525,0.3885,0.5851,0.6763,0.5858,0.5141,0.3218,0.4729,0.2551,0.5226,0.3116,0.208,0.1571,0.3518,
1.0,0.999,0.9653,0.9643,0.9685,0.9973,0.9956,0.9913,0.9853,0.9233,0.7417,0.929,0.9089,0.8464,0.809,0.8531,0.6864,0.8327,0.9374,0.78,0.6137,0.9512,0.718,0.6216,0.5984,0.6164,0.8544,0.5748,0.621,0.7799,0.5052,0.5639,0.3859,0.5871,0.6796,0.5753,0.5194,0.3241,0.4716,0.2642,0.5314,0.3131,0.2123,0.1589,0.355,
1.0,0.9993,0.9666,0.9659,0.9695,0.9969,0.9955,0.9918,0.9847,0.9241,0.7368,0.9307,0.909,0.8405,0.8003,0.8557,0.682,0.8258,0.9417,0.7798,0.6173,0.9539,0.7253,0.6269,0.6095,0.6151,0.8547,0.573,0.6234,0.7844,0.5135,0.5546,0.3931,0.5926,0.6771,0.5918,0.5271,0.326,0.4754,0.2669,0.5283,0.3199,0.2093,0.1673,0.3595,
1.0,0.999,0.9687,0.9677,0.9696,0.9968,0.9952,0.9908,0.9847,0.9226,0.7344,0.9318,0.9063,0.8354,0.795,0.8556,0.683,0.8218,0.9407,0.7835,0.6095,0.9536,0.724,0.6216,0.613,0.6119,0.8621,0.5664,0.62,0.7784,0.4974,0.546,0.3853,0.5898,0.6781,0.5843,0.5237,0.3112,0.4796,0.2596,0.524,0.3047,0.2005,0.163,0.3507,
1.0,0.9984,0.9661,0.9645,0.9686,0.9978,0.9957,0.9904,0.9834,0.923,0.7321,0.9276,0.9075,0.8386,0.7993,0.8523,0.6847,0.8261,0.9378,0.7839,0.6082,0.9505,0.716,0.6166,0.6037,0.6097,0.858,0.5667,0.6235,0.7798,0.4962,0.5502,0.3818,0.5957,0.6743,0.5804,0.5072,0.3121,0.4815,0.2592,0.5306,0.3105,0.2162,0.1538,0.3671,
1.0,0.9988,0.9689,0.9677,0.9697,0.9984,0.9962,0.99,0.9844,0.9242,0.7373,0.9308,0.9084,0.8412,0.8027,0.8555,0.6901,0.829,0.9362,0.7837,0.6081,0.9522,0.7169,0.6235,0.5968,0.6147,0.8577,0.5652,0.6121,0.7812,0.5,0.5509,0.3838,0.5854,0.6697,0.5703,0.5116,0.3101,0.4646,0.2595,0.5196,0.3013,0.2131,0.1574,0.3472,
1.0,0.9993,0.9672,0.9665,0.9684,0.9968,0.9948,0.9917,0.9859,0.9218,0.7345,0.9293,0.9061,0.838,0.8014,0.8517,0.684,0.8239,0.9404,0.7816,0.6062,0.9546,0.7211,0.6167,0.6098,0.6165,0.858,0.5695,0.6201,0.7791,0.5019,0.5507,0.3912,0.5985,0.6808,0.5884,0.5226,0.3237,0.4834,0.2608,0.5226,0.323,0.2047,0.1678,0.3624,
1.0,0.9986,0.9649,0.9635,0.9694,0.9975,0.9948,0.991,0.9859,0.9272,0.7368,0.9277,0.9125,0.8367,0.8009,0.8558,0.6734,0.8241,0.9433,0.7823,0.6142,0.9558,0.724,0.6167,0.6022,0.6152,0.8498,0.5587,0.6193,0.7811,0.5095,0.5448,0.3874,0.5904,0.6738,0.5886,0.5174,0.3154,0.4692,0.2586,0.5156,0.3154,0.2049,0.1629,0.3563,
1.0,0.9988,0.9684,0.9672,0.9701,0.9973,0.9951,0.9897,0.9845,0.9236,0.7352,0.9316,0.9068,0.8385,0.8011,0.8562,0.6898,0.8266,0.9397,0.7866,0.6051,0.9551,0.7221,0.6198,0.6037,0.6082,0.8587,0.5685,0.6141,0.7881,0.506,0.5501,0.3823,0.5918,0.6774,0.5766,0.5191,0.3171,0.4748,0.2519,0.5206,0.3152,0.2165,0.1501,0.3601,
1.0,0.9994,0.9698,0.9692,0.9723,0.9976,0.9961,0.9888,0.9819,0.9271,0.7495,0.9364,0.9098,0.8519,0.8102,0.8644,0.6967,0.8369,0.9393,0.7887,0.6241,0.9494,0.7234,0.6364,0.6125,0.6285,0.8553,0.5812,0.6313,0.7848,0.5019,0.5656,0.3847,0.5899,0.6753,0.5874,0.5236,0.3179,0.476,0.2716,0.5269,0.3126,0.2101,0.1676,0.364,
1.0,0.9986,0.9711,0.9697,0.9688,0.9967,0.9942,0.9898,0.9857,0.9258,0.7317,0.935,0.9107,0.8312,0.7969,0.8625,0.6796,0.8214,0.9448,0.7859,0.6079,0.9543,0.72,0.6174,0.5998,0.6099,0.8544,0.5621,0.619,0.7859,0.5084,0.5475,0.3842,0.5962,0.679,0.5797,0.5265,0.3082,0.4846,0.2605,0.5306,0.3091,0.2121,0.1638,0.3559,
1.0,0.9993,0.9691,0.9684,0.9699,0.9967,0.995,0.9919,0.9867,0.921,0.7297,0.9332,0.9056,0.8317,0.7952,0.8551,0.6758,0.819,0.9413,0.7771,0.6056,0.9517,0.7133,0.6183,0.6012,0.6055,0.8523,0.5569,0.615,0.7771,0.5061,0.544,0.3899,0.5943,0.6771,0.5752,0.5158,0.3142,0.4766,0.2577,0.5258,0.3113,0.2089,0.1618,0.3454,
1.0,0.9991,0.9685,0.9676,0.9718,0.9974,0.9955,0.9907,0.9848,0.9195,0.7362,0.9338,0.9037,0.8396,0.8005,0.8554,0.6846,0.8252,0.9371,0.7807,0.6111,0.9511,0.7197,0.6295,0.6083,0.6088,0.8552,0.5616,0.6178,0.7781,0.4969,0.5502,0.3974,0.5868,0.6724,0.5743,0.5137,0.3076,0.4684,0.259,0.5209,0.3074,0.197,0.1622,0.3521,
1.0,0.9985,0.9643,0.9628,0.9711,0.9969,0.9942,0.9898,0.9826,0.9268,0.7375,0.9281,0.9098,0.8376,0.7976,0.8562,0.6808,0.8219,0.9385,0.789,0.609,0.9518,0.7253,0.6164,0.6074,0.6151,0.8618,0.5642,0.6242,0.7887,0.5073,0.542,0.3847,0.5922,0.6727,0.587,0.5212,0.3143,0.4885,0.2649,0.5341,0.3211,0.2055,0.1603,0.3615,
1.0,0.999,0.9685,0.9675,0.9682,0.9972,0.9952,0.9914,0.9862,0.9233,0.7376,0.93,0.9075,0.843,0.8064,0.8541,0.6914,0.8286,0.9395,0.7826,0.6109,0.9542,0.7208,0.6242,0.607,0.6162,0.8571,0.5754,0.62,0.7796,0.5071,0.5557,0.3876,0.5893,0.6724,0.5829,0.5226,0.3167,0.4816,0.2653,0.5247,0.3096,0.2162,0.1577,0.362,
1.0,0.9986,0.9654,0.964,0.9696,0.997,0.994,0.9895,0.9854,0.9237,0.732,0.9279,0.9064,0.8347,0.7973,0.8536,0.6829,0.8218,0.9415,0.7873,0.6058,0.9524,0.7257,0.6141,0.607,0.6073,0.8627,0.5634,0.6175,0.7886,0.5067,0.5399,0.3859,0.5934,0.6719,0.585,0.523,0.3172,0.4912,0.2582,0.5257,0.3235,0.2037,0.1576,0.3621,
1.0,0.999,0.9688,0.9678,0.9689,0.9973,0.9954,0.9896,0.9848,0.9269,0.7335,0.9307,0.9095,0.8339,0.7917,0.8589,0.6753,0.8207,0.9441,0.7782,0.6123,0.9517,0.7233,0.624,0.6001,0.6076,0.8533,0.5588,0.621,0.7825,0.5043,0.5443,0.3818,0.5893,0.6786,0.5845,0.5303,0.3113,0.473,0.2597,0.5198,0.3098,0.2051,0.1694,0.342,
1.0,0.9982,0.9656,0.9638,0.9693,0.9976,0.9939,0.9886,0.9838,0.924,0.7376,0.9282,0.9079,0.8412,0.8024,0.8528,0.6845,0.8271,0.9397,0.7827,0.6148,0.9526,0.726,0.6205,0.6074,0.6179,0.8554,0.5685,0.6257,0.7771,0.5035,0.5494,0.3858,0.5925,0.6748,0.5896,0.5214,0.3115,0.4822,0.2657,0.5308,0.3119,0.2066,0.1679,0.3574,
1.0,0.9989,0.968,0.9669,0.9677,0.9972,0.9952,0.9917,0.9858,0.9203,0.7299,0.9269,0.9032,0.8376,0.7978,0.8475,0.6824,0.8247,0.9422,0.7734,0.605,0.9549,0.7161,0.6203,0.6032,0.6071,0.8512,0.5651,0.6194,0.7783,0.5025,0.5563,0.3879,0.5961,0.6836,0.5766,0.5249,0.3237,0.4782,0.2613,0.5288,0.3083,0.2126,0.1656,0.3589,
1.0,0.9987,0.9669,0.9656,0.9694,0.998,0.9957,0.9905,0.9845,0.9217,0.7316,0.9306,0.9073,0.836,0.7988,0.8533,0.6753,0.8225,0.9388,0.7764,0.6114,0.9542,0.7253,0.6209,0.6043,0.6099,0.8533,0.5637,0.6152,0.7836,0.4998,0.5437,0.3848,0.5793,0.6644,0.5791,0.5157,0.3081,0.4721,0.2501,0.5171,0.3068,0.2026,0.162,0.3414,
1.0,0.9983,0.9682,0.9665,0.9689,0.9979,0.9953,0.9909,0.9864,0.9251,0.7356,0.9304,0.9109,0.837,0.7994,0.8565,0.6831,0.8251,0.9433,0.7825,0.6132,0.9528,0.72,0.623,0.6035,0.6086,0.8568,0.5627,0.6264,0.7835,0.5093,0.5512,0.3874,0.5921,0.6766,0.5867,0.5134,0.3118,0.4752,0.2593,0.5241,0.3134,0.2053,0.1558,0.3492,
1.0,0.9992,0.9674,0.9666,0.9672,0.9981,0.9962,0.9915,0.9855,0.919,0.7307,0.9281,0.9044,0.8394,0.8008,0.8478,0.686,0.827,0.9448,0.7777,0.6105,0.957,0.7186,0.6243,0.608,0.6111,0.8556,0.5733,0.6185,0.7773,0.5055,0.5572,0.3925,0.6001,0.6802,0.5807,0.526,0.3283,0.4805,0.264,0.5283,0.3153,0.2067,0.164,0.3621,
1.0,0.9985,0.9692,0.9677,0.9688,0.9982,0.9956,0.9896,0.9845,0.9213,0.728,0.9323,0.9068,0.8354,0.7982,0.8546,0.6808,0.8222,0.9398,0.7806,0.6048,0.9526,0.7207,0.6182,0.6047,0.6043,0.8563,0.5592,0.6167,0.7816,0.5027,0.5463,0.3836,0.5865,0.673,0.5813,0.5165,0.3153,0.4737,0.2569,0.5192,0.3131,0.207,0.1606,0.3447,
1.0,0.9989,0.9687,0.9676,0.9702,0.9982,0.9955,0.9899,0.9855,0.9218,0.73,0.9319,0.9059,0.8352,0.7976,0.854,0.683,0.8221,0.9386,0.7806,0.6035,0.9532,0.7198,0.6197,0.6071,0.6093,0.8541,0.5598,0.6217,0.781,0.506,0.5513,0.3914,0.5883,0.6754,0.5774,0.5129,0.3114,0.4778,0.2614,0.527,0.3049,0.2077,0.1624,0.3541,
1.0,0.9986,0.9701,0.9687,0.9712,0.9971,0.9953,0.9903,0.9838,0.9188,0.7314,0.9346,0.903,0.8386,0.7993,0.8548,0.6883,0.8247,0.9399,0.7847,0.6071,0.9528,0.7222,0.6247,0.62,0.6099,0.8613,0.5688,0.6224,0.7773,0.4968,0.5498,0.3949,0.5999,0.6759,0.5874,0.5276,0.312,0.49,0.2632,0.5294,0.3152,0.2035,0.1708,0.3636,
1.0,0.999,0.9647,0.9637,0.9686,0.9958,0.9939,0.9913,0.9859,0.9272,0.7444,0.9279,0.911,0.8456,0.809,0.8567,0.6888,0.8324,0.94,0.7873,0.623,0.9533,0.7308,0.6271,0.6014,0.6151,0.857,0.5693,0.6223,0.786,0.5109,0.5507,0.3841,0.5863,0.6796,0.592,0.5199,0.315,0.4787,0.2705,0.518,0.3182,0.2088,0.1597,0.361,
1.0,0.9986,0.9704,0.969,0.9693,0.9969,0.9944,0.9905,0.9848,0.9238,0.7334,0.9328,0.9079,0.8361,0.7997,0.8581,0.6892,0.824,0.9419,0.7884,0.6129,0.9552,0.7289,0.6248,0.6121,0.6154,0.8621,0.5694,0.6234,0.7866,0.5053,0.5507,0.3892,0.5976,0.6764,0.5855,0.523,0.3164,0.4887,0.2626,0.5287,0.3138,0.2103,0.1661,0.3626,
1.0,0.9994,0.9661,0.9655,0.9715,0.9971,0.9957,0.9914,0.9875,0.926,0.7402,0.9318,0.9104,0.8371,0.8044,0.8589,0.6878,0.8265,0.9418,0.7917,0.6046,0.9542,0.7174,0.6143,0.5985,0.6148,0.8582,0.5666,0.6154,0.7883,0.5088,0.5512,0.3819,0.588,0.6767,0.5834,0.5333,0.3097,0.4821,0.2618,0.5301,0.3227,0.2126,0.1616,0.3594,
1.0,0.9993,0.9692,0.9685,0.9697,0.9972,0.9957,0.9912,0.9867,0.9247,0.7371,0.9336,0.91,0.8353,0.7999,0.8606,0.6812,0.8238,0.9441,0.7824,0.6114,0.9541,0.7291,0.6262,0.6056,0.6131,0.8543,0.5646,0.618,0.7851,0.5141,0.546,0.3904,0.5798,0.6694,0.5818,0.5205,0.3195,0.463,0.2534,0.5189,0.3077,0.2091,0.1684,0.341,
1.0,0.9983,0.9687,0.967,0.9675,0.9977,0.9953,0.99,0.985,0.9277,0.73,0.9305,0.9133,0.8301,0.7921,0.8597,0.6789,0.8182,0.9373,0.7871,0.6028,0.9557,0.7286,0.6071,0.6052,0.6029,0.8624,0.557,0.621,0.7864,0.5129,0.5404,0.3921,0.5902,0.6721,0.5857,0.5203,0.3131,0.4815,0.2639,0.5233,0.3201,0.213,0.1562,0.3515,
1.0,0.999,0.9663,0.9653,0.9694,0.9971,0.9945,0.9904,0.9836,0.9264,0.7394,0.929,0.9097,0.8399,0.8004,0.8571,0.6765,0.8225,0.9357,0.7787,0.607,0.9517,0.7244,0.6158,0.6053,0.6209,0.8509,0.564,0.6157,0.785,0.4953,0.5531,0.3824,0.5831,0.6748,0.5787,0.5141,0.3106,0.4718,0.2544,0.5188,0.3044,0.2082,0.1608,0.3484,
1.0,0.9988,0.9695,0.9683,0.9724,0.9971,0.9944,0.9882,0.984,0.9254,0.7372,0.9353,0.907,0.8384,0.7968,0.8619,0.6842,0.8233,0.9366,0.7872,0.6116,0.9466,0.725,0.6234,0.6201,0.6127,0.8577,0.5735,0.6323,0.7891,0.5151,0.5567,0.3917,0.5898,0.6733,0.5866,0.5218,0.321,0.4816,0.272,0.5261,0.3204,0.2133,0.1644,0.3543,
1.0,0.9987,0.968,0.9667,0.9657,0.9965,0.9943,0.9917,0.9852,0.9273,0.7341,0.9262,0.9116,0.8379,0.7972,0.8549,0.6779,0.8246,0.94,0.7762,0.6071,0.9545,0.7206,0.6144,0.5981,0.6109,0.8524,0.5635,0.6171,0.7789,0.4961,0.5511,0.385,0.5879,0.6739,0.5796,0.521,0.3176,0.4828,0.2543,0.5254,0.311,0.2021,0.1712,0.358,
1.0,0.9989,0.967,0.9659,0.9714,0.9979,0.9956,0.9902,0.9859,0.9289,0.7456,0.9302,0.9113,0.8399,0.803,0.8602,0.69,0.8282,0.9425,0.789,0.6189,0.9552,0.7318,0.6288,0.608,0.619,0.8557,0.562,0.6265,0.7901,0.5087,0.55,0.3906,0.5923,0.6698,0.5875,0.5162,0.3101,0.4737,0.2671,0.5186,0.3193,0.2103,0.1565,0.3533,
1.0,0.9988,0.966,0.9648,0.969,0.9975,0.9957,0.991,0.9855,0.9204,0.738,0.9295,0.9058,0.845,0.8074,0.8507,0.692,0.8332,0.9393,0.7824,0.6164,0.9501,0.7247,0.6269,0.6081,0.6165,0.8623,0.5739,0.6218,0.7793,0.4963,0.5524,0.3928,0.5938,0.6692,0.5761,0.5198,0.3233,0.4806,0.2661,0.5196,0.3118,0.2037,0.1645,0.3629,
1.0,0.9988,0.9682,0.967,0.9669,0.9974,0.9956,0.9908,0.9858,0.9213,0.7303,0.9286,0.9063,0.8362,0.7966,0.8506,0.6809,0.8244,0.9405,0.7758,0.6079,0.9527,0.7218,0.6173,0.6125,0.6106,0.8571,0.5644,0.6227,0.7744,0.4904,0.555,0.3813,0.5888,0.677,0.5884,0.5224,0.311,0.4743,0.2645,0.523,0.2981,0.2014,0.1668,0.3479,
1.0,0.9987,0.9693,0.968,0.9699,0.998,0.9962,0.9894,0.9836,0.921,0.7311,0.9328,0.9052,0.836,0.7967,0.8539,0.6828,0.8237,0.9434,0.7803,0.6025,0.951,0.7142,0.6193,0.5951,0.6062,0.8578,0.5643,0.6071,0.7842,0.5138,0.5472,0.3873,0.5869,0.6748,0.5721,0.5216,0.3181,0.4774,0.2449,0.5255,0.314,0.2117,0.1561,0.3446,
1.0,0.9987,0.9665,0.9652,0.9711,0.9981,0.9956,0.99,0.985,0.9285,0.7443,0.9306,0.9126,0.841,0.8035,0.8611,0.6885,0.8265,0.937,0.7913,0.6161,0.9511,0.7259,0.6229,0.604,0.6193,0.8585,0.5714,0.6221,0.7876,0.5107,0.5475,0.3864,0.5807,0.6695,0.5846,0.5283,0.3159,0.4797,0.2682,0.5266,0.3126,0.2087,0.1687,0.3499,
1.0,0.9989,0.9663,0.9652,0.9694,0.998,0.9958,0.9908,0.9855,0.9278,0.7419,0.9293,0.9123,0.84,0.8045,0.8582,0.6898,0.8255,0.9365,0.79,0.6098,0.9522,0.721,0.6175,0.6003,0.616,0.8579,0.5668,0.6172,0.7865,0.5102,0.5459,0.3888,0.5822,0.6635,0.5784,0.5238,0.3191,0.4768,0.267,0.5187,0.3109,0.2062,0.1704,0.3496,
1.0,0.9991,0.9658,0.9649,0.9717,0.9972,0.9953,0.9903,0.9844,0.9172,0.7278,0.931,0.9008,0.8351,0.7942,0.8495,0.6722,0.821,0.94,0.7714,0.6033,0.9521,0.7163,0.6216,0.6129,0.6122,0.8522,0.5629,0.6151,0.7781,0.505,0.5554,0.4021,0.5957,0.6704,0.5805,0.5196,0.3218,0.4793,0.2556,0.5128,0.3135,0.1971,0.1713,0.3488,
1.0,0.9997,0.9667,0.9664,0.9706,0.9977,0.9962,0.991,0.9869,0.9256,0.7354,0.9316,0.9099,0.8328,0.7995,0.8586,0.6847,0.819,0.9414,0.7905,0.605,0.9518,0.7202,0.6159,0.6001,0.612,0.8603,0.5586,0.6145,0.7829,0.51,0.5401,0.3931,0.5893,0.673,0.5778,0.5274,0.3115,0.4767,0.2622,0.5234,0.3029,0.2108,0.163,0.3515,
1.0,0.9985,0.9682,0.9667,0.9701,0.9973,0.9948,0.9901,0.9848,0.9204,0.7333,0.9311,0.9046,0.8389,0.8011,0.852,0.6876,0.8265,0.9397,0.7835,0.6163,0.9546,0.7277,0.6304,0.6117,0.6044,0.8599,0.5621,0.6209,0.7819,0.5021,0.5446,0.3955,0.5965,0.6745,0.5854,0.52,0.3162,0.4867,0.2649,0.5181,0.3176,0.2007,0.163,0.3587,
1.0,0.9985,0.9689,0.9674,0.967,0.9981,0.9958,0.9905,0.9838,0.9217,0.7326,0.9294,0.9078,0.8416,0.8027,0.8522,0.6843,0.8273,0.9356,0.7774,0.6044,0.9534,0.7154,0.6158,0.5949,0.6068,0.8571,0.5612,0.6168,0.777,0.4956,0.5456,0.384,0.6007,0.6718,0.5763,0.5176,0.3142,0.4759,0.2612,0.5158,0.3076,0.2065,0.1543,0.3527,
1.0,0.9987,0.9695,0.9682,0.9698,0.9965,0.9941,0.9895,0.9846,0.9206,0.7332,0.9317,0.9019,0.8392,0.8003,0.8538,0.6899,0.8262,0.9386,0.783,0.6115,0.9517,0.7237,0.6288,0.619,0.613,0.8576,0.5689,0.6239,0.7741,0.4934,0.5531,0.3865,0.5874,0.6765,0.584,0.5277,0.3092,0.4785,0.2716,0.5239,0.306,0.2025,0.1691,0.3572,
1.0,0.9992,0.9668,0.966,0.9707,0.9972,0.9954,0.9916,0.9864,0.9204,0.7375,0.9306,0.9042,0.8408,0.8041,0.8521,0.6888,0.8264,0.9379,0.7826,0.6051,0.9494,0.7149,0.6203,0.6063,0.6137,0.8588,0.5698,0.6189,0.7819,0.5061,0.551,0.3849,0.5851,0.6728,0.5808,0.52,0.3208,0.4784,0.2652,0.5227,0.3086,0.2126,0.1617,0.3574,
1.0,0.9988,0.965,0.9638,0.9703,0.9978,0.9958,0.9905,0.9858,0.9237,0.7341,0.9284,0.9076,0.8341,0.7971,0.8527,0.6835,0.8218,0.9457,0.7895,0.6117,0.9524,0.724,0.6214,0.6049,0.6127,0.8601,0.5658,0.6221,0.7838,0.5089,0.545,0.3859,0.5919,0.6787,0.5851,0.5212,0.3178,0.482,0.2645,0.5246,0.3111,0.2071,0.1607,0.3568,
1.0,0.9988,0.9702,0.969,0.9708,0.9972,0.9953,0.9907,0.9855,0.9193,0.7369,0.9341,0.9034,0.8439,0.8067,0.8558,0.6972,0.8316,0.9421,0.7858,0.6088,0.9543,0.7172,0.6287,0.6106,0.616,0.864,0.5762,0.6188,0.7774,0.4997,0.5524,0.3896,0.5938,0.6716,0.5801,0.5302,0.3219,0.4912,0.2629,0.5335,0.3053,0.2046,0.17,0.3608,
1.0,0.9992,0.9654,0.9646,0.967,0.9967,0.9951,0.9901,0.9857,0.9214,0.7347,0.9264,0.9045,0.8402,0.8019,0.8499,0.6809,0.8285,0.9453,0.7748,0.615,0.9525,0.7231,0.6268,0.6005,0.6102,0.853,0.5654,0.6154,0.7721,0.5034,0.5509,0.3873,0.5964,0.6821,0.5849,0.5232,0.3168,0.4771,0.2566,0.5189,0.3043,0.2063,0.1606,0.3548,
1.0,0.9987,0.9708,0.9695,0.9723,0.998,0.9955,0.9905,0.985,0.9239,0.7372,0.936,0.9086,0.8369,0.7998,0.8614,0.6845,0.8212,0.9374,0.786,0.6091,0.95,0.7197,0.6254,0.6112,0.6173,0.8563,0.5625,0.6246,0.7847,0.5011,0.554,0.3945,0.5888,0.6734,0.5792,0.5197,0.3112,0.4679,0.262,0.5196,0.302,0.2063,0.1635,0.3462,
1.0,0.9986,0.9693,0.9679,0.9692,0.9969,0.9942,0.9897,0.9845,0.9239,0.7294,0.9315,0.9061,0.832,0.7906,0.8567,0.6759,0.8193,0.9374,0.7786,0.6041,0.953,0.7267,0.618,0.6169,0.6067,0.8566,0.5545,0.6267,0.774,0.4931,0.5376,0.3861,0.5885,0.67,0.5839,0.5124,0.3077,0.4877,0.2527,0.522,0.3047,0.2037,0.1556,0.3503,
1.0,0.9991,0.9648,0.9639,0.9694,0.997,0.9955,0.9921,0.9861,0.9274,0.7331,0.9274,0.9116,0.834,0.7954,0.856,0.6798,0.8209,0.9426,0.7859,0.6095,0.9553,0.7247,0.6157,0.6032,0.611,0.8568,0.5599,0.6168,0.7791,0.5064,0.5399,0.3826,0.5832,0.676,0.5857,0.5188,0.3118,0.4782,0.2529,0.5262,0.3087,0.2042,0.1612,0.3513,
1.0,0.9994,0.9666,0.966,0.9684,0.9967,0.9956,0.991,0.985,0.92,0.7339,0.9292,0.904,0.8404,0.8024,0.8505,0.6816,0.828,0.9416,0.7764,0.6133,0.9541,0.7241,0.6259,0.6057,0.6084,0.8552,0.5635,0.6165,0.7755,0.5003,0.5502,0.3871,0.5881,0.675,0.5855,0.5208,0.3133,0.4736,0.2594,0.52,0.3095,0.2059,0.1614,0.3569,
1.0,0.9991,0.9696,0.9687,0.9715,0.997,0.9953,0.9919,0.9873,0.9233,0.7422,0.9342,0.9078,0.8419,0.8052,0.8604,0.6912,0.8298,0.9437,0.7864,0.617,0.9522,0.7249,0.6312,0.6115,0.618,0.8603,0.5741,0.6288,0.786,0.508,0.5595,0.3945,0.5914,0.6816,0.5861,0.5227,0.322,0.4788,0.2633,0.5315,0.3152,0.2106,0.1649,0.3575,
1.0,0.9994,0.9702,0.9696,0.9698,0.9968,0.9957,0.9921,0.9876,0.921,0.7453,0.9334,0.9049,0.8499,0.8144,0.8557,0.6964,0.8387,0.9423,0.778,0.6139,0.9551,0.7222,0.6305,0.6114,0.6228,0.8574,0.5746,0.6212,0.7803,0.4999,0.5626,0.3878,0.5968,0.6753,0.5804,0.5187,0.3182,0.4824,0.2627,0.5228,0.3088,0.2036,0.1703,0.3589,
1.0,0.998,0.9674,0.9654,0.9728,0.9957,0.9932,0.9899,0.9846,0.9225,0.733,0.9318,0.9043,0.8345,0.7925,0.8555,0.6728,0.8229,0.941,0.7786,0.6074,0.9511,0.7249,0.6212,0.6119,0.6064,0.8482,0.5576,0.6227,0.7784,0.5056,0.5438,0.3878,0.5898,0.6704,0.5849,0.5145,0.3137,0.4747,0.259,0.521,0.3097,0.2083,0.1596,0.3525,
1.0,0.9984,0.9678,0.9662,0.9697,0.9984,0.9956,0.9907,0.9861,0.9197,0.7364,0.9298,0.9046,0.8437,0.806,0.8508,0.6886,0.8308,0.9397,0.776,0.6117,0.955,0.7192,0.6275,0.6053,0.6133,0.8549,0.5665,0.6237,0.7776,0.4975,0.551,0.388,0.5923,0.6781,0.5765,0.5277,0.3127,0.4784,0.2678,0.5263,0.3056,0.2071,0.1688,0.3557,
1.0,0.9988,0.9654,0.9642,0.9703,0.9979,0.9955,0.9903,0.9852,0.9222,0.7396,0.9285,0.906,0.8443,0.8057,0.8524,0.6874,0.8304,0.9427,0.7788,0.6156,0.9523,0.7212,0.6257,0.6001,0.6158,0.8525,0.5701,0.6155,0.7845,0.5133,0.5526,0.3876,0.5794,0.6682,0.5826,0.5225,0.3229,0.4665,0.2608,0.5206,0.313,0.2025,0.1665,0.3508,
1.0,0.9985,0.9676,0.9661,0.9721,0.9954,0.9931,0.9903,0.9836,0.9226,0.7364,0.9326,0.9045,0.8388,0.7971,0.8567,0.6767,0.8233,0.9374,0.7782,0.6092,0.948,0.7161,0.6218,0.601,0.6072,0.8512,0.559,0.6252,0.7822,0.5055,0.5507,0.3874,0.591,0.6734,0.5775,0.5179,0.3121,0.4715,0.2689,0.5213,0.3135,0.2105,0.1582,0.3541,
1.0,0.999,0.9668,0.9658,0.9694,0.998,0.9963,0.9901,0.984,0.9181,0.7335,0.9301,0.9027,0.842,0.8013,0.8497,0.682,0.8293,0.9404,0.7738,0.6093,0.9524,0.7161,0.6231,0.6103,0.6141,0.8551,0.5716,0.6135,0.7763,0.4944,0.558,0.3916,0.589,0.6666,0.578,0.5199,0.3201,0.482,0.2565,0.5207,0.3053,0.2008,0.1669,0.3494,
1.0,0.999,0.9688,0.9678,0.9675,0.9977,0.9952,0.9894,0.9846,0.918,0.727,0.9304,0.9022,0.8359,0.7961,0.8493,0.6781,0.8207,0.9379,0.7733,0.605,0.951,0.7179,0.6185,0.6045,0.6,0.8536,0.5602,0.6131,0.7739,0.4983,0.5418,0.3855,0.5812,0.6755,0.5804,0.5126,0.3142,0.4835,0.2465,0.5295,0.3021,0.2115,0.1557,0.3424,
1.0,0.9988,0.968,0.9668,0.9697,0.9978,0.9953,0.9895,0.9845,0.9272,0.7403,0.9303,0.91,0.8398,0.8016,0.8579,0.6856,0.8265,0.9389,0.7847,0.6104,0.952,0.7229,0.619,0.6015,0.615,0.8549,0.5675,0.6201,0.7879,0.504,0.5506,0.3877,0.5909,0.6734,0.5829,0.5168,0.3178,0.4747,0.255,0.5205,0.3123,0.2059,0.162,0.3568,
1.0,0.9992,0.9677,0.9669,0.9733,0.9974,0.995,0.9902,0.986,0.9238,0.7393,0.9355,0.9082,0.8379,0.8,0.8602,0.6841,0.8268,0.9457,0.7852,0.613,0.9562,0.7249,0.6294,0.6151,0.6195,0.8513,0.5691,0.622,0.7785,0.5058,0.5523,0.3908,0.5929,0.6763,0.5901,0.5285,0.3128,0.4794,0.261,0.5229,0.3134,0.2117,0.1663,0.3575,
1.0,0.9993,0.9698,0.9691,0.9694,0.9979,0.9961,0.9918,0.9869,0.9271,0.7443,0.9328,0.9126,0.8435,0.8066,0.8606,0.6918,0.8305,0.9374,0.7844,0.6112,0.9523,0.7251,0.6189,0.6046,0.6142,0.8589,0.5716,0.6243,0.7891,0.5091,0.5545,0.3875,0.5893,0.6736,0.5843,0.5245,0.3201,0.4775,0.2677,0.5222,0.3181,0.2133,0.1631,0.3529,
1.0,0.9984,0.9711,0.9695,0.9695,0.9971,0.9945,0.9901,0.9844,0.9212,0.7337,0.9328,0.9039,0.8386,0.7969,0.8549,0.6807,0.8256,0.941,0.7762,0.6077,0.9528,0.7172,0.6233,0.6091,0.6064,0.8527,0.5625,0.6165,0.7784,0.5016,0.5467,0.3821,0.5881,0.683,0.5846,0.5171,0.31,0.4784,0.2587,0.5312,0.3114,0.209,0.1579,0.3537,
1.0,0.9988,0.9655,0.9643,0.9677,0.9973,0.9952,0.9908,0.9867,0.9201,0.7322,0.9277,0.9052,0.8383,0.7996,0.8479,0.6861,0.826,0.9392,0.7774,0.5999,0.9529,0.7173,0.6118,0.5941,0.6038,0.8601,0.5663,0.6107,0.7775,0.5028,0.5477,0.3814,0.582,0.6692,0.5733,0.5179,0.3164,0.474,0.2505,0.5198,0.3117,0.201,0.1537,0.3508,
1.0,0.9983,0.9694,0.9677,0.9664,0.9972,0.9951,0.9921,0.9854,0.9189,0.7302,0.9284,0.9047,0.8375,0.7986,0.8483,0.6824,0.8221,0.942,0.7732,0.6094,0.9506,0.7096,0.6225,0.5987,0.6089,0.8534,0.5653,0.6142,0.772,0.4905,0.5528,0.3748,0.5815,0.6816,0.5825,0.5236,0.3091,0.4669,0.2592,0.5265,0.2948,0.2065,0.1597,0.3483,
1.0,0.9988,0.9695,0.9683,0.97,0.9968,0.9942,0.9895,0.9843,0.9262,0.7368,0.9326,0.9083,0.8389,0.8003,0.8595,0.6802,0.8253,0.9408,0.7796,0.6121,0.951,0.7258,0.6242,0.6115,0.6214,0.8478,0.5643,0.6237,0.7819,0.5011,0.5521,0.3862,0.59,0.6769,0.5935,0.5179,0.3079,0.4807,0.2595,0.523,0.3123,0.2141,0.1649,0.352,
1.0,0.9994,0.9657,0.9651,0.9697,0.9975,0.9959,0.9915,0.9857,0.9271,0.7413,0.9298,0.9122,0.8404,0.8035,0.8572,0.6896,0.8256,0.9367,0.7886,0.6071,0.9489,0.7205,0.6167,0.5983,0.6147,0.8602,0.5657,0.623,0.7877,0.5106,0.5509,0.393,0.5855,0.6722,0.581,0.5151,0.315,0.4771,0.2663,0.5282,0.3158,0.2162,0.1599,0.3602,
1.0,0.999,0.9654,0.9644,0.9673,0.9972,0.995,0.991,0.9867,0.923,0.7363,0.9266,0.9074,0.8404,0.803,0.851,0.6822,0.8271,0.9441,0.7781,0.6133,0.9526,0.7217,0.6201,0.603,0.6127,0.8576,0.5669,0.6169,0.7772,0.5059,0.5478,0.3934,0.5895,0.6755,0.5863,0.5227,0.3179,0.4788,0.2613,0.5136,0.3138,0.2057,0.1643,0.3588,
1.0,0.9983,0.9649,0.9632,0.9711,0.9974,0.9944,0.9889,0.9839,0.9236,0.7381,0.9289,0.907,0.8403,0.7981,0.8534,0.682,0.8273,0.9424,0.7816,0.6165,0.9521,0.7242,0.6261,0.6108,0.6184,0.8572,0.5728,0.6209,0.7818,0.5033,0.5535,0.3883,0.5953,0.6734,0.5838,0.5197,0.3175,0.4788,0.2619,0.5232,0.3105,0.1996,0.1646,0.3548,
1.0,0.9988,0.9688,0.9676,0.9709,0.9974,0.9953,0.9896,0.9837,0.9245,0.7347,0.9347,0.9097,0.8364,0.7964,0.86,0.6773,0.8225,0.9418,0.782,0.6135,0.9525,0.7266,0.6235,0.6121,0.6111,0.8561,0.564,0.6279,0.7816,0.5061,0.5461,0.3922,0.5926,0.6784,0.5913,0.526,0.3162,0.4873,0.2631,0.5254,0.3176,0.2102,0.1625,0.3528,
1.0,0.9987,0.9697,0.9684,0.9692,0.9977,0.9954,0.9911,0.9865,0.9252,0.7384,0.9326,0.911,0.8381,0.8019,0.8591,0.6871,0.8257,0.943,0.784,0.6108,0.9551,0.7231,0.6213,0.5975,0.6148,0.86,0.5664,0.6164,0.7884,0.5155,0.5561,0.3969,0.5948,0.6831,0.5774,0.5298,0.3241,0.4772,0.2593,0.5277,0.3195,0.2146,0.1659,0.3567,
1.0,0.9985,0.9698,0.9683,0.9706,0.9975,0.9947,0.9902,0.9843,0.9262,0.7448,0.9322,0.9093,0.8475,0.8073,0.8588,0.6932,0.833,0.939,0.782,0.6163,0.9518,0.7218,0.6286,0.6058,0.6195,0.8534,0.5709,0.6213,0.7815,0.5006,0.5536,0.3923,0.5916,0.6801,0.5839,0.5146,0.3204,0.479,0.2585,0.522,0.315,0.21,0.1643,0.3602,
1.0,0.9994,0.9671,0.9665,0.9717,0.9974,0.9958,0.9905,0.9856,0.9193,0.739,0.9324,0.9028,0.8447,0.8076,0.8536,0.6908,0.8325,0.941,0.7809,0.6035,0.954,0.7139,0.6228,0.5982,0.6139,0.8501,0.5664,0.6119,0.7744,0.503,0.5494,0.3823,0.5877,0.6756,0.5748,0.5195,0.3217,0.4731,0.2557,0.5278,0.3016,0.205,0.1637,0.3532,
1.0,0.999,0.9698,0.9688,0.9684,0.9967,0.9942,0.9901,0.9867,0.9254,0.7365,0.9317,0.9088,0.8372,0.7988,0.8576,0.6849,0.8253,0.9426,0.7822,0.6124,0.9517,0.7229,0.6246,0.6004,0.6078,0.8556,0.567,0.6256,0.7816,0.5105,0.5514,0.388,0.5928,0.6779,0.5843,0.5229,0.3232,0.4762,0.263,0.5249,0.3112,0.2135,0.1646,0.3539,
1.0,0.999,0.9689,0.9679,0.9692,0.9967,0.9947,0.9911,0.9864,0.9189,0.728,0.9317,0.9032,0.8344,0.7972,0.853,0.6741,0.822,0.9419,0.7714,0.6068,0.954,0.7239,0.6219,0.6103,0.6028,0.8504,0.5538,0.6175,0.7757,0.5016,0.5407,0.3871,0.5847,0.6775,0.589,0.5233,0.3081,0.4725,0.2512,0.5135,0.3097,0.2102,0.1583,0.347,
1.0,0.9983,0.9676,0.9659,0.969,0.9982,0.9955,0.9902,0.9847,0.9206,0.7287,0.9291,0.9053,0.8369,0.7988,0.8516,0.6794,0.8231,0.9411,0.776,0.6052,0.9528,0.7202,0.6185,0.6042,0.6079,0.8554,0.5608,0.6179,0.7796,0.5062,0.5461,0.3858,0.5887,0.6762,0.5807,0.5251,0.3179,0.4767,0.2577,0.5236,0.3131,0.2109,0.1654,0.3502,
1.0,0.999,0.9654,0.9644,0.9698,0.9975,0.9955,0.9896,0.9843,0.9216,0.7304,0.9291,0.9051,0.8357,0.7999,0.8524,0.683,0.8238,0.943,0.7833,0.6113,0.9554,0.7307,0.625,0.6184,0.6174,0.8558,0.5738,0.6221,0.7818,0.5075,0.5518,0.3912,0.5819,0.6758,0.5898,0.5258,0.3135,0.4768,0.2671,0.5177,0.312,0.2103,0.1678,0.3464,
1.0,0.9993,0.9684,0.9677,0.9705,0.9966,0.995,0.9909,0.9842,0.9216,0.7372,0.9332,0.9055,0.8422,0.8008,0.8556,0.6797,0.8279,0.9373,0.7749,0.6079,0.9548,0.7246,0.627,0.6131,0.6115,0.8538,0.5621,0.618,0.7764,0.4956,0.5535,0.3863,0.5912,0.6759,0.5778,0.513,0.3135,0.4772,0.2522,0.5282,0.3086,0.205,0.1622,0.3458,
1.0,0.9992,0.9702,0.9694,0.9696,0.997,0.9955,0.9908,0.986,0.9236,0.7407,0.9327,0.9062,0.8433,0.8066,0.8578,0.6925,0.8311,0.9448,0.7844,0.6199,0.9523,0.7258,0.6324,0.6132,0.6218,0.8566,0.576,0.6229,0.7858,0.5123,0.5585,0.3976,0.5951,0.6818,0.5851,0.5279,0.3261,0.4774,0.27,0.5194,0.3173,0.2116,0.1652,0.3564,
1.0,0.9992,0.97,0.9692,0.9694,0.996,0.9938,0.989,0.9832,0.9242,0.7367,0.9332,0.9049,0.8406,0.7983,0.8584,0.686,0.8258,0.9368,0.7853,0.6093,0.9471,0.72,0.6218,0.6056,0.613,0.8605,0.5678,0.6171,0.7763,0.4959,0.5434,0.3891,0.5951,0.6709,0.574,0.516,0.3078,0.4884,0.2554,0.5305,0.3159,0.2084,0.1597,0.3646,
1.0,0.9989,0.9661,0.965,0.9694,0.9973,0.9956,0.9906,0.9855,0.9198,0.7394,0.9291,0.9044,0.8451,0.805,0.8498,0.6915,0.8326,0.9423,0.778,0.6095,0.952,0.7192,0.6244,0.6026,0.6153,0.86,0.5716,0.6177,0.777,0.4925,0.5579,0.3843,0.5949,0.6802,0.5817,0.5202,0.3141,0.4764,0.2619,0.5247,0.3051,0.2065,0.1606,0.3652,
1.0,0.999,0.9669,0.9659,0.9721,0.9972,0.9943,0.9912,0.9855,0.922,0.7323,0.9326,0.9068,0.8323,0.7965,0.8557,0.6809,0.8172,0.9379,0.7854,0.6035,0.9555,0.7207,0.6167,0.6139,0.6126,0.8576,0.5607,0.6247,0.7856,0.5066,0.546,0.3907,0.5968,0.6791,0.5819,0.5186,0.3181,0.4848,0.2622,0.5263,0.3177,0.2115,0.1661,0.3571,
1.0,0.9989,0.9648,0.9637,0.9704,0.9963,0.9947,0.9905,0.9847,0.9299,0.7336,0.9291,0.913,0.8316,0.7942,0.8602,0.6747,0.8194,0.9407,0.7895,0.6097,0.9503,0.7259,0.6156,0.6046,0.6138,0.8536,0.5607,0.6186,0.7872,0.5136,0.5387,0.3814,0.5811,0.6622,0.5905,0.5203,0.3117,0.4741,0.2605,0.5208,0.3107,0.2092,0.1665,0.3401,
1.0,0.9987,0.9651,0.9638,0.9697,0.9965,0.9944,0.9914,0.9865,0.9212,0.7375,0.9289,0.9064,0.8405,0.8039,0.8524,0.6814,0.8277,0.9417,0.7778,0.61,0.9472,0.7144,0.6218,0.5943,0.6133,0.8548,0.5671,0.6133,0.7834,0.5037,0.5553,0.3837,0.5798,0.6712,0.5704,0.5108,0.3227,0.4735,0.2531,0.5236,0.3093,0.2072,0.1576,0.3492,
1.0,0.9986,0.9679,0.9665,0.971,0.9975,0.9952,0.9897,0.9845,0.925,0.7416,0.9335,0.9098,0.8432,0.8063,0.8582,0.6903,0.8288,0.9402,0.7867,0.6154,0.9503,0.7244,0.6251,0.6029,0.623,0.8567,0.5704,0.623,0.7836,0.5009,0.5543,0.3869,0.5827,0.6724,0.5832,0.5243,0.3091,0.4654,0.2645,0.5243,0.3018,0.2043,0.1608,0.3569,
1.0,0.9995,0.9677,0.9672,0.9677,0.9963,0.9949,0.9917,0.9855,0.9226,0.7335,0.9301,0.9073,0.8375,0.804,0.8538,0.6832,0.8233,0.9371,0.7822,0.6047,0.9477,0.7173,0.6166,0.6004,0.6094,0.8532,0.5595,0.6206,0.783,0.5005,0.5432,0.3827,0.5918,0.6705,0.5786,0.5012,0.3058,0.4777,0.2566,0.5191,0.3136,0.2066,0.1571,0.3545,
1.0,0.9984,0.9676,0.966,0.9699,0.9972,0.9944,0.9901,0.9846,0.9251,0.7326,0.9289,0.9073,0.8339,0.7912,0.8559,0.6773,0.8209,0.9392,0.7792,0.6007,0.952,0.7173,0.6103,0.602,0.6109,0.8546,0.5659,0.6166,0.785,0.509,0.5507,0.3782,0.5855,0.6722,0.5768,0.5182,0.3202,0.4759,0.2577,0.5261,0.3148,0.2117,0.1569,0.3473,
1.0,0.999,0.9707,0.9697,0.9716,0.9973,0.9947,0.9902,0.9842,0.9235,0.7342,0.9345,0.9055,0.8367,0.7974,0.8597,0.6842,0.8213,0.9392,0.7837,0.6069,0.9507,0.7182,0.6235,0.601,0.6087,0.8578,0.5621,0.6161,0.7823,0.5069,0.547,0.3924,0.5898,0.6739,0.5709,0.5156,0.3213,0.4803,0.2586,0.5284,0.3104,0.2139,0.1643,0.3504,
1.0,0.999,0.9669,0.9659,0.9711,0.998,0.996,0.9905,0.9849,0.9267,0.7394,0.9325,0.9123,0.8361,0.7975,0.86,0.6804,0.8212,0.9382,0.7863,0.6157,0.9496,0.7212,0.6221,0.6029,0.6107,0.8569,0.5578,0.622,0.7841,0.5057,0.5416,0.3832,0.5845,0.6721,0.5848,0.521,0.307,0.4769,0.2646,0.5286,0.3116,0.2043,0.1629,0.3532,
1.0,0.9985,0.9688,0.9673,0.9673,0.9975,0.9951,0.9895,0.9844,0.9218,0.7386,0.9277,0.9045,0.8442,0.8062,0.8505,0.6952,0.8323,0.9426,0.7854,0.616,0.9531,0.7181,0.6262,0.6045,0.6157,0.8592,0.5748,0.6234,0.7776,0.4953,0.5567,0.3794,0.5956,0.6768,0.5825,0.5221,0.3118,0.4941,0.2712,0.5349,0.3073,0.2059,0.163,0.3715,
1.0,0.9992,0.9657,0.9649,0.9703,0.9975,0.9956,0.9907,0.9859,0.9249,0.7355,0.9291,0.9084,0.8347,0.7964,0.8564,0.6795,0.8217,0.941,0.7854,0.6077,0.9557,0.7233,0.6185,0.6018,0.608,0.8551,0.5592,0.6177,0.7815,0.513,0.5412,0.3869,0.5883,0.6755,0.5814,0.5235,0.3161,0.4724,0.2578,0.5123,0.3141,0.2074,0.1575,0.3467,
1.0,0.9991,0.9671,0.9662,0.9681,0.9975,0.9953,0.99,0.9845,0.9242,0.7368,0.9297,0.909,0.8406,0.8034,0.8549,0.6818,0.8257,0.9393,0.782,0.6163,0.9505,0.7278,0.6244,0.6098,0.6123,0.854,0.5643,0.6274,0.7799,0.4979,0.5503,0.3889,0.5934,0.6759,0.5887,0.5244,0.3159,0.4757,0.2678,0.5235,0.3106,0.2078,0.1675,0.3559,
1.0,0.9981,0.969,0.9671,0.9682,0.9969,0.9937,0.9899,0.9844,0.9236,0.7414,0.9287,0.9063,0.8435,0.8011,0.8532,0.6893,0.8283,0.9404,0.7792,0.618,0.9477,0.7196,0.6283,0.603,0.6202,0.8573,0.5733,0.6234,0.7792,0.4982,0.559,0.389,0.5931,0.6772,0.5818,0.5237,0.3159,0.4772,0.2673,0.5367,0.3097,0.2095,0.1663,0.3541,
1.0,0.9994,0.9672,0.9666,0.9658,0.9971,0.9952,0.992,0.9863,0.9257,0.7402,0.9269,0.9101,0.8452,0.8101,0.8545,0.6928,0.8308,0.9405,0.7836,0.6153,0.9538,0.7222,0.6232,0.6006,0.6168,0.857,0.5737,0.6194,0.7783,0.5038,0.5566,0.3765,0.5882,0.6742,0.5841,0.5229,0.3145,0.4834,0.2642,0.53,0.3018,0.207,0.1605,0.3614,
1.0,0.9991,0.968,0.9671,0.9716,0.997,0.9948,0.9895,0.9832,0.9198,0.7333,0.9335,0.9029,0.8389,0.7983,0.8559,0.687,0.8241,0.9357,0.7822,0.6039,0.9502,0.7171,0.6213,0.6048,0.6056,0.8595,0.5638,0.619,0.7771,0.4925,0.5459,0.3859,0.5935,0.6698,0.5715,0.5212,0.305,0.4882,0.2577,0.5341,0.3038,0.2074,0.1641,0.3605,
1.0,0.9995,0.97,0.9695,0.9701,0.9972,0.9957,0.9903,0.9849,0.9208,0.7302,0.9348,0.9053,0.8334,0.7943,0.8566,0.6814,0.8199,0.9403,0.7806,0.6067,0.9507,0.7211,0.6239,0.6055,0.6026,0.8564,0.5631,0.6233,0.779,0.5013,0.5467,0.3873,0.5891,0.6764,0.5847,0.5226,0.3056,0.4831,0.2602,0.5289,0.3075,0.2098,0.1612,0.3508,
1.0,0.9989,0.9693,0.9682,0.9697,0.9971,0.9954,0.9901,0.9845,0.9236,0.7381,0.9316,0.9064,0.8411,0.8013,0.8561,0.6887,0.8292,0.942,0.7831,0.6073,0.9526,0.7178,0.6235,0.5951,0.6122,0.856,0.5673,0.6116,0.7803,0.5007,0.5504,0.3809,0.5816,0.6732,0.5683,0.5195,0.3111,0.4713,0.2581,0.5263,0.3039,0.2058,0.1612,0.3456,
1.0,0.9985,0.9654,0.9639,0.9717,0.9969,0.9947,0.9902,0.9847,0.9302,0.7405,0.931,0.9152,0.8347,0.7965,0.8624,0.6758,0.8221,0.9392,0.7911,0.6155,0.9523,0.7318,0.62,0.6083,0.6152,0.8551,0.5566,0.625,0.785,0.5022,0.5421,0.3862,0.5899,0.6754,0.5867,0.5163,0.3082,0.4782,0.2663,0.5266,0.3091,0.2059,0.164,0.3497,
1.0,0.9984,0.9663,0.9647,0.9696,0.9983,0.9959,0.9902,0.9851,0.9257,0.7354,0.9295,0.9119,0.8351,0.7994,0.8573,0.6754,0.8244,0.9433,0.7794,0.6124,0.9549,0.7206,0.6211,0.5982,0.6125,0.8488,0.5516,0.6233,0.7817,0.5077,0.5449,0.3765,0.5906,0.6818,0.5881,0.5151,0.3122,0.4707,0.2576,0.519,0.3074,0.2129,0.1593,0.3443,
1.0,0.9992,0.9704,0.9696,0.9696,0.9971,0.9956,0.9886,0.9826,0.9247,0.7406,0.9342,0.9071,0.845,0.8046,0.8599,0.688,0.8317,0.9413,0.7814,0.6167,0.95,0.72,0.6316,0.6062,0.6199,0.8516,0.5719,0.6198,0.7755,0.5001,0.5532,0.383,0.585,0.6722,0.5822,0.5191,0.3092,0.4738,0.2596,0.5203,0.3022,0.2027,0.1629,0.3459,
1.0,0.9987,0.9678,0.9665,0.9698,0.9975,0.9951,0.9908,0.9861,0.9268,0.7427,0.9306,0.9109,0.8399,0.8014,0.858,0.6863,0.8265,0.939,0.7863,0.6126,0.9519,0.7264,0.6213,0.6035,0.6131,0.8569,0.5606,0.6219,0.7829,0.4983,0.5463,0.3837,0.5824,0.6738,0.5851,0.5196,0.3038,0.4677,0.2622,0.5224,0.3066,0.2062,0.1538,0.3515,
1.0,0.9986,0.9687,0.9673,0.9721,0.9966,0.9943,0.9906,0.9852,0.9244,0.7437,0.9345,0.9095,0.8435,0.8065,0.8588,0.6845,0.8294,0.941,0.7817,0.6125,0.9489,0.72,0.6252,0.601,0.6184,0.8485,0.5688,0.6124,0.7884,0.5137,0.5521,0.3895,0.5843,0.671,0.5772,0.5221,0.3153,0.4702,0.261,0.5196,0.3197,0.2113,0.1622,0.3468,
1.0,0.999,0.968,0.967,0.9695,0.9971,0.9951,0.9889,0.9845,0.9273,0.7379,0.931,0.9092,0.8394,0.8017,0.8605,0.6834,0.8265,0.9391,0.7835,0.6137,0.9483,0.7265,0.6223,0.6072,0.6121,0.8529,0.562,0.6287,0.7855,0.5039,0.5482,0.3938,0.5887,0.6707,0.5846,0.5227,0.3161,0.4829,0.2691,0.5242,0.3076,0.2071,0.1703,0.348,
1.0,0.9991,0.9677,0.9668,0.9706,0.9962,0.9941,0.9907,0.9857,0.9217,0.7313,0.9321,0.9049,0.8368,0.7972,0.8542,0.6796,0.8234,0.9385,0.7795,0.6058,0.9533,0.7226,0.6188,0.6128,0.6094,0.8541,0.5613,0.6201,0.777,0.4981,0.5533,0.3909,0.5968,0.6778,0.5875,0.526,0.3154,0.4746,0.2647,0.5207,0.3067,0.203,0.1703,0.353,
1.0,0.999,0.9662,0.9652,0.9691,0.9971,0.9948,0.9908,0.9864,0.9264,0.7398,0.929,0.9107,0.8398,0.8031,0.8565,0.6836,0.8278,0.9411,0.7827,0.6124,0.9507,0.7239,0.6213,0.6029,0.6121,0.8553,0.5658,0.6176,0.7843,0.5037,0.5431,0.3827,0.5841,0.664,0.5774,0.5114,0.3146,0.477,0.257,0.525,0.3087,0.1995,0.1598,0.351,
1.0,0.9993,0.9672,0.9665,0.9676,0.9963,0.995,0.9909,0.9859,0.9227,0.7363,0.9282,0.9055,0.8402,0.8017,0.852,0.6881,0.828,0.9449,0.7808,0.6165,0.9546,0.7305,0.6286,0.6093,0.6105,0.8569,0.5678,0.6209,0.7822,0.5075,0.5468,0.3888,0.5918,0.6747,0.5965,0.5315,0.3167,0.4903,0.2708,0.5234,0.3142,0.2045,0.1726,0.3632,
1.0,0.9992,0.9705,0.9697,0.9671,0.9968,0.9948,0.9901,0.984,0.9223,0.7335,0.9315,0.9052,0.8416,0.8013,0.8541,0.6907,0.8278,0.9396,0.7827,0.614,0.9501,0.7231,0.6302,0.6002,0.6091,0.8562,0.5635,0.6191,0.7725,0.4982,0.5505,0.391,0.5787,0.6719,0.5745,0.5237,0.3126,0.466,0.2601,0.5229,0.3058,0.2047,0.158,0.344,
1.0,0.9989,0.9659,0.9648,0.9712,0.9973,0.9951,0.99,0.9844,0.9261,0.7437,0.9308,0.9101,0.843,0.8053,0.8585,0.6925,0.8299,0.9401,0.7926,0.6164,0.952,0.7255,0.6251,0.6034,0.6237,0.8623,0.576,0.6164,0.7829,0.502,0.5532,0.3843,0.5863,0.6754,0.5822,0.5222,0.3154,0.4808,0.2652,0.5334,0.3048,0.2055,0.1586,0.3587,
1.0,0.9987,0.9663,0.965,0.9714,0.9977,0.9956,0.9892,0.9826,0.9246,0.7387,0.9318,0.9079,0.84,0.8005,0.8585,0.679,0.8269,0.9418,0.7844,0.6174,0.951,0.7262,0.6283,0.6167,0.6236,0.8534,0.5677,0.6289,0.7813,0.5079,0.5566,0.3972,0.5918,0.6773,0.5854,0.5172,0.3264,0.4743,0.2643,0.5209,0.3162,0.2062,0.166,0.3539,
1.0,0.9991,0.9711,0.9702,0.9677,0.9974,0.9951,0.9899,0.9848,0.9199,0.7321,0.9334,0.9044,0.8401,0.802,0.854,0.6895,0.826,0.9402,0.7785,0.6079,0.9519,0.7191,0.6225,0.6122,0.6119,0.8607,0.568,0.6238,0.7738,0.4971,0.5536,0.3951,0.6046,0.6834,0.5808,0.519,0.3178,0.493,0.2599,0.5346,0.3124,0.2078,0.1654,0.3654,
1.0,0.999,0.9672,0.9662,0.9723,0.9973,0.9951,0.9903,0.9848,0.9238,0.7373,0.9333,0.9072,0.8363,0.7968,0.8581,0.6803,0.8231,0.9382,0.7868,0.6107,0.9493,0.7238,0.6203,0.6108,0.6113,0.8594,0.5616,0.6239,0.7825,0.499,0.5459,0.3961,0.5954,0.6761,0.5804,0.5144,0.3117,0.4806,0.2671,0.5306,0.3138,0.2067,0.1592,0.3612,
1.0,0.9989,0.9657,0.9646,0.9719,0.9962,0.9939,0.9917,0.9866,0.9269,0.7451,0.9292,0.9096,0.842,0.8054,0.857,0.6904,0.8292,0.9447,0.7886,0.6189,0.9529,0.7243,0.6303,0.6087,0.6263,0.8568,0.5773,0.6236,0.7899,0.5114,0.5604,0.3935,0.5925,0.675,0.5866,0.5159,0.3172,0.4862,0.268,0.5286,0.315,0.2115,0.1645,0.3638,
1.0,0.998,0.9682,0.9662,0.9689,0.9978,0.9947,0.989,0.9845,0.9206,0.7337,0.9289,0.9035,0.8388,0.7965,0.8497,0.6824,0.8245,0.9348,0.7751,0.6058,0.9512,0.7205,0.6181,0.6033,0.6017,0.8566,0.5574,0.6243,0.7769,0.4979,0.5479,0.393,0.5934,0.6735,0.5792,0.5162,0.3137,0.4777,0.2607,0.5253,0.3062,0.2037,0.1624,0.3503,
1.0,0.9987,0.9712,0.9699,0.9686,0.9977,0.9958,0.9888,0.983,0.9247,0.7334,0.934,0.909,0.84,0.799,0.8593,0.6856,0.8278,0.9418,0.7818,0.6106,0.9546,0.7216,0.6244,0.6075,0.6139,0.8568,0.5648,0.6178,0.7754,0.5018,0.5526,0.3894,0.5934,0.679,0.5766,0.5163,0.3109,0.4846,0.2504,0.5249,0.3086,0.2055,0.1604,0.3551,
1.0,0.9983,0.9664,0.9647,0.9684,0.9976,0.9949,0.9904,0.9837,0.9194,0.7364,0.9281,0.9046,0.8449,0.8034,0.8478,0.6873,0.8302,0.9419,0.7747,0.6149,0.9508,0.7152,0.6278,0.6027,0.6204,0.8568,0.5785,0.6147,0.7826,0.5031,0.5662,0.3849,0.5837,0.672,0.572,0.5169,0.3201,0.4702,0.2644,0.5177,0.3077,0.199,0.1539,0.3565,
1.0,0.9992,0.9698,0.969,0.9703,0.997,0.9954,0.9882,0.9825,0.9231,0.7387,0.9348,0.9053,0.8453,0.8057,0.8582,0.6911,0.8323,0.9414,0.7847,0.6181,0.9513,0.7265,0.6329,0.607,0.6193,0.8554,0.5748,0.6198,0.7796,0.5046,0.5577,0.3877,0.5918,0.6818,0.5845,0.5261,0.3112,0.4882,0.2634,0.5335,0.308,0.207,0.1686,0.3557,
1.0,0.9987,0.9678,0.9665,0.9722,0.9967,0.9948,0.9913,0.9849,0.9225,0.7382,0.9337,0.9072,0.8395,0.8045,0.8579,0.6866,0.8274,0.9414,0.7889,0.6085,0.9563,0.718,0.6208,0.6044,0.6166,0.8601,0.5726,0.6168,0.7906,0.512,0.5548,0.3841,0.5981,0.6731,0.575,0.5188,0.323,0.486,0.262,0.5224,0.3144,0.2161,0.1586,0.361,
1.0,0.9995,0.9676,0.9671,0.9634,0.9966,0.9945,0.9919,0.9871,0.9243,0.7243,0.9262,0.909,0.8285,0.794,0.8515,0.6765,0.8154,0.9418,0.7796,0.6052,0.9503,0.7193,0.6093,0.5999,0.6052,0.8547,0.5605,0.6248,0.7759,0.5009,0.5454,0.3818,0.5877,0.6725,0.5791,0.5173,0.3123,0.4737,0.2596,0.5254,0.3039,0.2043,0.1547,0.3464,
1.0,0.9995,0.9669,0.9664,0.9665,0.9968,0.9953,0.9901,0.985,0.9234,0.7325,0.9278,0.9062,0.8393,0.8007,0.8516,0.6832,0.8251,0.9382,0.7766,0.6112,0.9501,0.7266,0.6207,0.6045,0.6063,0.8573,0.5681,0.6169,0.7801,0.5025,0.5482,0.3879,0.5866,0.6653,0.581,0.5226,0.3159,0.4718,0.2623,0.5128,0.3056,0.2033,0.1675,0.3483,
1.0,0.9989,0.9664,0.9653,0.9714,0.9959,0.9932,0.9914,0.9873,0.9261,0.7509,0.93,0.9078,0.8494,0.8105,0.8574,0.6894,0.8362,0.942,0.7779,0.62,0.9516,0.7253,0.6341,0.6126,0.6274,0.8507,0.5755,0.6214,0.7859,0.5011,0.5637,0.3874,0.5844,0.6749,0.5873,0.5157,0.3207,0.4725,0.2637,0.5272,0.3137,0.2039,0.1632,0.3601,
1.0,0.9986,0.9643,0.9629,0.9674,0.9975,0.9951,0.989,0.9837,0.9254,0.7348,0.9254,0.9087,0.8389,0.7979,0.8533,0.6803,0.8265,0.9425,0.7828,0.6117,0.9509,0.7217,0.6142,0.5986,0.6169,0.8583,0.5741,0.6178,0.7809,0.5001,0.5474,0.3771,0.5853,0.669,0.5817,0.5233,0.32,0.4751,0.2589,0.5173,0.3076,0.203,0.1545,0.3454,
1.0,0.9991,0.9675,0.9666,0.9671,0.9979,0.996,0.9915,0.9842,0.9273,0.7392,0.9292,0.9134,0.8412,0.8022,0.8573,0.6819,0.8249,0.9364,0.7798,0.6081,0.9528,0.7186,0.6145,0.5941,0.6153,0.8541,0.5633,0.6132,0.7807,0.4969,0.5481,0.3816,0.5869,0.6698,0.5764,0.5152,0.3122,0.4754,0.2507,0.519,0.3018,0.2063,0.1569,0.345,
1.0,0.999,0.9682,0.9672,0.9691,0.9977,0.9961,0.9904,0.9852,0.9225,0.7357,0.9303,0.9064,0.8398,0.8011,0.8536,0.6827,0.8286,0.9427,0.7784,0.6134,0.9517,0.7221,0.6257,0.6084,0.6137,0.852,0.5644,0.6203,0.7785,0.4939,0.5506,0.385,0.5892,0.6789,0.5828,0.5185,0.3147,0.4733,0.2564,0.5242,0.3045,0.2025,0.1651,0.3517,
1.0,0.9992,0.9673,0.9665,0.9707,0.9973,0.9953,0.9891,0.9837,0.9245,0.7261,0.932,0.9076,0.8267,0.7871,0.8578,0.6668,0.8126,0.9415,0.7824,0.6012,0.9511,0.719,0.6132,0.6038,0.6017,0.8554,0.5523,0.6168,0.7807,0.5022,0.537,0.383,0.5898,0.6704,0.5757,0.519,0.3006,0.4806,0.2515,0.5281,0.3077,0.2021,0.1653,0.3444,
1.0,0.9994,0.9679,0.9673,0.9703,0.9975,0.996,0.9915,0.9864,0.9232,0.7406,0.932,0.9076,0.8425,0.8072,0.857,0.6928,0.8299,0.9366,0.7845,0.6109,0.95,0.7173,0.6234,0.6017,0.6113,0.8591,0.5647,0.6129,0.784,0.5025,0.5415,0.3834,0.5769,0.6613,0.5743,0.5164,0.3114,0.4681,0.2671,0.5215,0.3018,0.2003,0.1571,0.3469,
1.0,0.9985,0.9678,0.9663,0.9661,0.9966,0.9942,0.9907,0.9865,0.9199,0.7328,0.9273,0.9043,0.8408,0.8045,0.8479,0.6875,0.8284,0.9419,0.7765,0.6144,0.9502,0.7238,0.625,0.6121,0.6092,0.8601,0.5682,0.6231,0.7737,0.494,0.55,0.3851,0.5877,0.6747,0.5912,0.5235,0.313,0.4853,0.2663,0.5316,0.3066,0.2069,0.1597,0.3637,
1.0,0.9992,0.97,0.9692,0.969,0.9979,0.9962,0.9917,0.9861,0.9246,0.7334,0.9315,0.9086,0.8349,0.7965,0.8569,0.6815,0.8213,0.938,0.7813,0.6031,0.9515,0.715,0.6173,0.597,0.6022,0.8526,0.5556,0.6159,0.7785,0.5028,0.5345,0.3812,0.5872,0.6744,0.5809,0.5167,0.3129,0.4715,0.257,0.524,0.314,0.211,0.1589,0.3446,
1.0,0.9987,0.9675,0.9662,0.9695,0.9977,0.9955,0.9914,0.9848,0.9185,0.7356,0.9307,0.904,0.8424,0.8018,0.8499,0.6859,0.8289,0.9423,0.7745,0.613,0.956,0.7207,0.6277,0.6054,0.6161,0.86,0.5718,0.6145,0.7744,0.4963,0.5559,0.3867,0.5923,0.6739,0.5806,0.5237,0.3129,0.4876,0.2553,0.5253,0.3084,0.2033,0.1671,0.3634,
1.0,0.9983,0.9657,0.964,0.968,0.9969,0.9943,0.9903,0.9838,0.9256,0.7289,0.9258,0.9086,0.8328,0.7904,0.853,0.6724,0.8186,0.9399,0.7815,0.6095,0.9526,0.7306,0.6196,0.6067,0.6054,0.8597,0.5573,0.6258,0.7816,0.4995,0.5452,0.3845,0.5912,0.6732,0.5886,0.5167,0.3138,0.4766,0.2577,0.5236,0.3086,0.2039,0.1635,0.3544,
1.0,0.9991,0.9679,0.967,0.9716,0.9973,0.9956,0.9898,0.9845,0.9226,0.7349,0.9334,0.9058,0.8385,0.7994,0.8578,0.6851,0.8267,0.9386,0.7858,0.6062,0.9529,0.721,0.6204,0.6071,0.6117,0.8584,0.5613,0.6198,0.7783,0.4999,0.5444,0.3878,0.5897,0.6729,0.5744,0.5153,0.3154,0.4769,0.2541,0.5253,0.3093,0.2041,0.1593,0.352,
1.0,0.9991,0.9667,0.9658,0.9719,0.9973,0.9954,0.9894,0.9824,0.9264,0.7402,0.9329,0.91,0.8377,0.7969,0.8606,0.6759,0.824,0.9395,0.7852,0.6146,0.9533,0.7321,0.6245,0.6137,0.6171,0.8538,0.5635,0.6304,0.7861,0.5134,0.5461,0.3922,0.5905,0.6745,0.591,0.5159,0.319,0.4866,0.2668,0.5272,0.3211,0.2084,0.1641,0.354,
1.0,0.9984,0.9656,0.964,0.9704,0.9979,0.9952,0.9881,0.9828,0.9254,0.7389,0.9289,0.9084,0.8432,0.8013,0.8554,0.683,0.8298,0.9405,0.7811,0.6148,0.9495,0.7268,0.6286,0.6014,0.6133,0.8531,0.5654,0.6253,0.7834,0.5073,0.5518,0.3843,0.5842,0.666,0.583,0.5121,0.315,0.4715,0.2591,0.5178,0.3097,0.2041,0.1612,0.3463,
1.0,0.9993,0.967,0.9663,0.9715,0.9976,0.9958,0.989,0.9844,0.9216,0.7346,0.9328,0.9044,0.8405,0.8027,0.8562,0.683,0.8286,0.9426,0.7832,0.6095,0.9519,0.7234,0.6274,0.6087,0.613,0.855,0.5659,0.6185,0.7799,0.5034,0.5536,0.3862,0.5869,0.6707,0.5833,0.5204,0.3131,0.4732,0.2611,0.5159,0.3085,0.2022,0.1634,0.3516,
1.0,0.9994,0.9693,0.9687,0.9664,0.9976,0.9963,0.9903,0.986,0.9263,0.733,0.9308,0.9114,0.8359,0.8008,0.8593,0.6825,0.8245,0.9412,0.7846,0.6197,0.9525,0.7315,0.6263,0.6057,0.6085,0.8547,0.5625,0.6296,0.7815,0.5063,0.5468,0.3943,0.5925,0.6758,0.5921,0.5221,0.308,0.4826,0.2643,0.5228,0.3124,0.2107,0.166,0.3549,
1.0,0.9988,0.9679,0.9667,0.9692,0.9976,0.9953,0.9906,0.9863,0.9233,0.7368,0.9305,0.9078,0.8384,0.8032,0.8555,0.684,0.8259,0.9423,0.7806,0.6081,0.954,0.7211,0.6195,0.6018,0.6167,0.8533,0.5636,0.6216,0.7814,0.5054,0.5537,0.3851,0.5896,0.6814,0.5808,0.5249,0.3174,0.4708,0.2609,0.5265,0.3079,0.2122,0.1645,0.3575,
1.0,0.998,0.9675,0.9655,0.97,0.997,0.9939,0.9898,0.9831,0.9232,0.7316,0.9287,0.9062,0.8346,0.7934,0.8534,0.6744,0.8197,0.9394,0.7776,0.6051,0.9522,0.7141,0.6177,0.5948,0.6065,0.8508,0.5534,0.6169,0.7785,0.5031,0.5452,0.3807,0.5949,0.674,0.577,0.5132,0.3062,0.4718,0.2585,0.523,0.3122,0.2024,0.156,0.3493,
1.0,0.9987,0.9682,0.9669,0.9707,0.9973,0.9952,0.9908,0.9854,0.9195,0.7287,0.9323,0.904,0.8334,0.7967,0.8532,0.6813,0.8211,0.9426,0.7818,0.6075,0.9542,0.7207,0.6213,0.6188,0.6152,0.8588,0.5689,0.622,0.7809,0.5081,0.5571,0.3916,0.5975,0.6771,0.5833,0.5218,0.3103,0.4793,0.2624,0.53,0.3136,0.2101,0.1587,0.3562,
1.0,0.999,0.9679,0.9669,0.9702,0.9971,0.9944,0.9898,0.985,0.92,0.7407,0.9329,0.9043,0.8439,0.8061,0.8543,0.6966,0.83,0.9389,0.7849,0.6116,0.9518,0.7171,0.6266,0.6052,0.6141,0.8633,0.5722,0.6153,0.778,0.498,0.5526,0.3872,0.5923,0.6763,0.5748,0.5246,0.3149,0.4899,0.2674,0.533,0.3083,0.2041,0.1593,0.3584,
1.0,0.9991,0.9669,0.966,0.9742,0.9968,0.9952,0.991,0.986,0.9214,0.7389,0.9338,0.9043,0.8385,0.8009,0.8574,0.6863,0.827,0.9427,0.7849,0.6067,0.9527,0.7177,0.6224,0.6069,0.6117,0.857,0.5651,0.6202,0.7862,0.5111,0.5538,0.39,0.5925,0.6764,0.5784,0.517,0.3185,0.4881,0.2605,0.5341,0.3147,0.2135,0.1631,0.3556,
1.0,0.9989,0.9694,0.9683,0.9696,0.997,0.9947,0.9907,0.9855,0.9205,0.7308,0.9329,0.9044,0.8359,0.7994,0.8557,0.6841,0.8228,0.9403,0.7819,0.6057,0.9524,0.7191,0.6214,0.6075,0.6069,0.8581,0.5651,0.623,0.7808,0.5018,0.5509,0.3952,0.5957,0.6758,0.5724,0.5215,0.3197,0.4878,0.2624,0.5323,0.3113,0.2094,0.1678,0.3609,
1.0,0.9989,0.9684,0.9673,0.9708,0.9976,0.996,0.9901,0.9823,0.9198,0.7413,0.9332,0.9045,0.8497,0.8125,0.8541,0.6903,0.8355,0.9403,0.7789,0.6094,0.9526,0.7161,0.6257,0.6044,0.6273,0.8514,0.5713,0.6123,0.7832,0.505,0.5641,0.3918,0.5903,0.6783,0.5704,0.511,0.3266,0.4744,0.2533,0.5239,0.3153,0.208,0.161,0.3576,
1.0,0.9986,0.9641,0.9627,0.9709,0.997,0.9946,0.9906,0.9848,0.9251,0.7379,0.9276,0.9085,0.8389,0.7982,0.8541,0.6821,0.826,0.9415,0.786,0.611,0.9557,0.7243,0.6209,0.5986,0.613,0.8593,0.5631,0.6165,0.7795,0.4989,0.5475,0.3851,0.5939,0.6783,0.5817,0.521,0.3151,0.4794,0.262,0.5219,0.3092,0.2071,0.1616,0.3566,
1.0,0.999,0.9692,0.9682,0.9708,0.9973,0.9953,0.9891,0.9858,0.9258,0.7363,0.9333,0.908,0.8351,0.798,0.8606,0.6826,0.8238,0.9396,0.7862,0.6122,0.9497,0.7283,0.6238,0.6191,0.6146,0.8549,0.5645,0.6293,0.7872,0.5052,0.5517,0.3988,0.5962,0.6733,0.5901,0.5232,0.3109,0.478,0.2667,0.5218,0.3194,0.2089,0.1658,0.3544,
1.0,0.9983,0.9679,0.9662,0.9722,0.9976,0.9945,0.9901,0.9862,0.9244,0.7421,0.934,0.9099,0.8403,0.8037,0.8594,0.6805,0.8279,0.9397,0.7801,0.6041,0.9516,0.7178,0.6176,0.597,0.6128,0.8527,0.5581,0.6158,0.7836,0.4949,0.548,0.3782,0.5922,0.6773,0.5754,0.5136,0.3087,0.4695,0.2561,0.5155,0.3059,0.207,0.157,0.352,
1.0,0.9989,0.9638,0.9627,0.97,0.9981,0.9963,0.9914,0.9849,0.9235,0.7391,0.926,0.9084,0.8421,0.8011,0.8509,0.6867,0.8284,0.9437,0.7827,0.6124,0.9527,0.7138,0.6232,0.6001,0.6161,0.8571,0.5718,0.6236,0.7735,0.494,0.5518,0.3853,0.5955,0.6748,0.5849,0.5294,0.3154,0.486,0.267,0.5284,0.3049,0.2037,0.1726,0.3587,
1.0,0.9985,0.9687,0.9672,0.9721,0.9973,0.9943,0.9897,0.9843,0.9203,0.7357,0.9332,0.9028,0.8384,0.7967,0.8551,0.6799,0.8244,0.9405,0.7776,0.6092,0.9542,0.7212,0.624,0.6152,0.6141,0.8543,0.5712,0.6169,0.7817,0.5049,0.5542,0.3932,0.591,0.6788,0.5836,0.5193,0.3229,0.4774,0.2565,0.5192,0.3115,0.2121,0.169,0.347,
1.0,0.9994,0.9702,0.9696,0.9674,0.9975,0.9961,0.9913,0.9862,0.9274,0.7413,0.9319,0.9123,0.8414,0.8031,0.8592,0.6926,0.83,0.941,0.7862,0.6162,0.9533,0.7258,0.626,0.6088,0.6188,0.8625,0.5748,0.6218,0.7804,0.5031,0.5585,0.3876,0.5968,0.6793,0.5833,0.5171,0.3193,0.4824,0.261,0.5263,0.3062,0.2101,0.1603,0.3562,
1.0,0.9991,0.9687,0.9678,0.9711,0.998,0.9963,0.9896,0.9844,0.9287,0.7361,0.9328,0.9112,0.8361,0.7959,0.8622,0.6832,0.8229,0.9388,0.7895,0.6047,0.9509,0.7235,0.6175,0.6068,0.6088,0.8591,0.5625,0.6232,0.7878,0.5088,0.5492,0.3876,0.5871,0.6742,0.5847,0.5199,0.3167,0.4762,0.258,0.5287,0.3164,0.2134,0.1604,0.3457,
1.0,0.9988,0.9683,0.9671,0.9689,0.9965,0.9942,0.99,0.9856,0.9251,0.732,0.93,0.9079,0.8339,0.7971,0.8567,0.679,0.821,0.9403,0.7835,0.6053,0.9539,0.7232,0.615,0.6062,0.6065,0.8535,0.5602,0.6148,0.7852,0.5086,0.5454,0.3849,0.5849,0.6731,0.581,0.5269,0.3096,0.4778,0.2591,0.5214,0.3145,0.2093,0.1611,0.3507,
1.0,0.9985,0.9691,0.9676,0.9722,0.9981,0.9949,0.9876,0.9825,0.9253,0.739,0.9342,0.9077,0.8419,0.8012,0.8611,0.686,0.8282,0.9398,0.7848,0.6132,0.9525,0.7246,0.627,0.6112,0.6216,0.8538,0.5736,0.6206,0.7839,0.5103,0.5549,0.3956,0.592,0.6778,0.5827,0.5221,0.3212,0.4796,0.2587,0.5225,0.3151,0.2144,0.1703,0.3521,
1.0,0.999,0.967,0.966,0.9701,0.9961,0.994,0.9897,0.9848,0.9266,0.7343,0.931,0.9094,0.833,0.7935,0.8581,0.6765,0.8195,0.942,0.7857,0.6061,0.9451,0.7192,0.6145,0.5984,0.6106,0.8547,0.5629,0.6176,0.7806,0.5066,0.5438,0.3912,0.5845,0.6662,0.5797,0.5267,0.316,0.4762,0.2607,0.5281,0.3123,0.2076,0.165,0.3423,
1.0,0.9996,0.9706,0.9702,0.9669,0.9969,0.9958,0.9933,0.9846,0.9214,0.7317,0.931,0.9066,0.8392,0.7994,0.8538,0.6813,0.8246,0.9405,0.7711,0.6094,0.9577,0.721,0.6229,0.6102,0.6126,0.8539,0.568,0.6199,0.7798,0.5093,0.5598,0.3915,0.5958,0.6768,0.5787,0.5177,0.3289,0.4796,0.2567,0.5261,0.3138,0.2111,0.1637,0.354,
1.0,0.9989,0.9695,0.9684,0.9692,0.9967,0.9944,0.9896,0.984,0.9204,0.7305,0.9342,0.9058,0.8354,0.7971,0.8556,0.6797,0.8205,0.9378,0.7812,0.5993,0.9498,0.7128,0.6132,0.596,0.6035,0.859,0.5633,0.6099,0.7758,0.503,0.5444,0.3867,0.5907,0.6759,0.567,0.5244,0.3185,0.4759,0.2498,0.5271,0.3123,0.2054,0.1604,0.3498,
1.0,0.9992,0.9672,0.9664,0.9725,0.9963,0.9947,0.9906,0.9854,0.9269,0.7394,0.9333,0.9095,0.837,0.7987,0.8611,0.6793,0.8254,0.9438,0.7836,0.6132,0.9508,0.7244,0.6273,0.6072,0.6175,0.8517,0.5642,0.6207,0.7888,0.5093,0.5528,0.3935,0.5911,0.6725,0.5851,0.5176,0.3175,0.4726,0.2618,0.5137,0.3179,0.2048,0.1624,0.3466,
1.0,0.9987,0.9673,0.966,0.9682,0.9981,0.996,0.9898,0.9833,0.9194,0.737,0.9291,0.9045,0.8489,0.8076,0.8492,0.6948,0.8347,0.9397,0.7806,0.6189,0.9537,0.7209,0.6316,0.6108,0.6194,0.8606,0.5803,0.6181,0.773,0.4935,0.5604,0.3926,0.5947,0.6788,0.5835,0.5225,0.3243,0.483,0.2675,0.53,0.3024,0.2042,0.1662,0.3655,
1.0,0.999,0.9658,0.9648,0.9717,0.9971,0.9951,0.9909,0.9843,0.9222,0.7386,0.9312,0.9066,0.8421,0.8012,0.8543,0.6811,0.8268,0.9347,0.78,0.6071,0.9507,0.719,0.6197,0.6078,0.6117,0.8555,0.5667,0.6137,0.7786,0.4937,0.5483,0.3877,0.5908,0.6719,0.5808,0.5122,0.3137,0.4811,0.2554,0.5291,0.3089,0.1984,0.157,0.3518,
1.0,0.9991,0.9699,0.969,0.9686,0.9971,0.9949,0.9898,0.9831,0.9257,0.7367,0.9326,0.9089,0.8393,0.7995,0.8588,0.6837,0.8258,0.9446,0.7848,0.6213,0.9503,0.7306,0.6317,0.618,0.6233,0.8571,0.5796,0.6335,0.7842,0.5092,0.5635,0.3915,0.589,0.6779,0.5914,0.522,0.3227,0.475,0.2676,0.5289,0.3157,0.2078,0.1642,0.3586,
1.0,0.9992,0.967,0.9662,0.9669,0.9973,0.996,0.9921,0.9846,0.9235,0.7297,0.9266,0.908,0.8362,0.7958,0.8512,0.6784,0.82,0.9378,0.7765,0.6077,0.9494,0.7266,0.6209,0.6089,0.6061,0.8557,0.5601,0.6247,0.7799,0.4993,0.5445,0.3929,0.5855,0.6734,0.5875,0.5193,0.3165,0.4729,0.2592,0.5135,0.3064,0.2102,0.164,0.3501,
1.0,0.9992,0.9696,0.9688,0.9695,0.9974,0.9959,0.9912,0.9849,0.9252,0.7413,0.9336,0.9107,0.8436,0.8074,0.8597,0.6945,0.8299,0.9426,0.7898,0.6182,0.956,0.7215,0.6266,0.6049,0.6213,0.8612,0.5792,0.6192,0.7889,0.511,0.5597,0.3783,0.5942,0.6883,0.5836,0.5256,0.322,0.4824,0.2634,0.5305,0.3173,0.2157,0.1616,0.3559,
1.0,0.9988,0.9655,0.9643,0.9684,0.9976,0.9955,0.9897,0.9837,0.9232,0.738,0.9282,0.9076,0.8435,0.806,0.8516,0.6891,0.8306,0.9435,0.7863,0.6089,0.9541,0.716,0.618,0.5954,0.6177,0.8589,0.5763,0.6155,0.7859,0.513,0.557,0.3741,0.5952,0.6739,0.5846,0.5218,0.3181,0.4863,0.2598,0.5239,0.3182,0.2089,0.1532,0.3585,
1.0,0.9985,0.9657,0.9642,0.9693,0.9981,0.9957,0.9905,0.9852,0.9248,0.7422,0.9267,0.9082,0.8444,0.8049,0.8527,0.691,0.8321,0.9429,0.784,0.6207,0.9527,0.7252,0.6297,0.6046,0.6203,0.8548,0.5676,0.6209,0.7807,0.5034,0.5513,0.3852,0.584,0.6741,0.5865,0.5292,0.3158,0.4745,0.2696,0.52,0.3023,0.2071,0.1703,0.3528,
1.0,0.9986,0.9734,0.972,0.9686,0.997,0.9945,0.9897,0.9846,0.9232,0.7319,0.9347,0.9053,0.8368,0.7962,0.8585,0.6838,0.8243,0.9427,0.7783,0.6075,0.9536,0.7199,0.6245,0.6104,0.6137,0.8536,0.5659,0.627,0.7753,0.5093,0.5561,0.3948,0.6022,0.6826,0.5795,0.5193,0.321,0.4807,0.257,0.5274,0.3123,0.2069,0.1722,0.3528,
1.0,0.999,0.9664,0.9654,0.9744,0.9963,0.9945,0.9916,0.9876,0.9227,0.7461,0.935,0.9072,0.8419,0.8079,0.8595,0.6928,0.8298,0.9452,0.7903,0.6169,0.9523,0.7185,0.6312,0.6069,0.6236,0.8598,0.5738,0.6172,0.785,0.5082,0.5547,0.3884,0.5938,0.6755,0.5855,0.5257,0.3183,0.4813,0.2623,0.527,0.3103,0.2074,0.1645,0.3595,
1.0,0.9991,0.9691,0.9682,0.9679,0.9983,0.9966,0.9895,0.9826,0.925,0.7324,0.9304,0.9084,0.8373,0.7973,0.8565,0.6829,0.8237,0.9403,0.7819,0.6098,0.9527,0.7193,0.619,0.6037,0.6136,0.8555,0.5635,0.6254,0.7763,0.4928,0.5553,0.3797,0.5959,0.6843,0.5868,0.5279,0.3071,0.4748,0.2682,0.5316,0.3049,0.2095,0.1623,0.3573,
1.0,0.9989,0.968,0.9669,0.9709,0.9974,0.9953,0.99,0.9835,0.9224,0.7289,0.9326,0.906,0.8315,0.7931,0.8574,0.6774,0.8157,0.9369,0.7813,0.5994,0.9496,0.7168,0.6148,0.6013,0.6079,0.8549,0.5629,0.617,0.7851,0.5056,0.5505,0.3894,0.5823,0.6677,0.572,0.5138,0.313,0.4658,0.2466,0.5231,0.3069,0.2063,0.1614,0.3414,
1.0,0.9991,0.9655,0.9646,0.9688,0.9963,0.9941,0.9901,0.9864,0.9227,0.7313,0.9273,0.9045,0.8349,0.7959,0.8519,0.6804,0.8205,0.9363,0.7804,0.6032,0.9478,0.7158,0.6135,0.6014,0.6025,0.8529,0.5595,0.6183,0.7729,0.504,0.5392,0.3873,0.5827,0.6745,0.5831,0.5284,0.3086,0.4801,0.2614,0.5291,0.3099,0.206,0.1594,0.3486,
1.0,0.9993,0.9683,0.9676,0.9719,0.9984,0.996,0.9901,0.9853,0.9295,0.7413,0.9351,0.915,0.8391,0.8002,0.8662,0.6838,0.826,0.936,0.7897,0.6083,0.9534,0.7298,0.6191,0.598,0.6046,0.8628,0.5625,0.6207,0.7925,0.505,0.5453,0.3861,0.5927,0.6728,0.5792,0.5167,0.3121,0.4837,0.2624,0.5256,0.3173,0.2147,0.1616,0.3616,
1.0,0.9987,0.9653,0.964,0.9722,0.9974,0.995,0.9897,0.9867,0.9254,0.7386,0.9308,0.9093,0.8371,0.8004,0.8573,0.6841,0.825,0.9446,0.7878,0.6125,0.9509,0.7244,0.623,0.6038,0.6208,0.8564,0.572,0.6148,0.7843,0.5123,0.5546,0.3873,0.5869,0.6813,0.5886,0.5327,0.3146,0.4701,0.2624,0.518,0.3071,0.2094,0.1665,0.3488,
1.0,0.9991,0.9646,0.9637,0.9694,0.997,0.9954,0.9911,0.986,0.9231,0.7347,0.9284,0.9086,0.8395,0.8066,0.8532,0.6836,0.828,0.9435,0.783,0.6144,0.9526,0.7245,0.6218,0.6066,0.6133,0.8556,0.568,0.6236,0.783,0.5085,0.5501,0.3967,0.5977,0.6743,0.5859,0.5242,0.3188,0.4878,0.2647,0.5254,0.3189,0.2083,0.1666,0.3663,
1.0,0.999,0.9664,0.9654,0.9703,0.9981,0.9961,0.9913,0.9862,0.9263,0.7407,0.9294,0.9105,0.8399,0.8014,0.857,0.6827,0.8269,0.939,0.7805,0.6085,0.9518,0.7204,0.6182,0.595,0.6119,0.8518,0.5617,0.6168,0.7858,0.5064,0.5463,0.3842,0.5883,0.6688,0.5784,0.5135,0.3148,0.4677,0.2563,0.5134,0.3129,0.2101,0.1606,0.3492,
1.0,0.9986,0.9666,0.9652,0.9685,0.9965,0.994,0.9909,0.9867,0.928,0.7464,0.9289,0.912,0.8463,0.8114,0.8582,0.6878,0.833,0.9437,0.7805,0.6188,0.9528,0.7286,0.627,0.6042,0.6224,0.8531,0.569,0.6194,0.7851,0.51,0.5524,0.3924,0.5907,0.6756,0.5916,0.5297,0.3171,0.4802,0.2634,0.5163,0.3178,0.2037,0.1679,0.3532,
1.0,0.9984,0.9669,0.9653,0.969,0.9974,0.9948,0.9899,0.9842,0.9176,0.7294,0.9289,0.9017,0.8378,0.7987,0.8477,0.6814,0.8251,0.9429,0.7767,0.6082,0.9524,0.7205,0.6231,0.6074,0.6095,0.8571,0.5686,0.6152,0.7735,0.4967,0.546,0.3887,0.5858,0.6721,0.5752,0.5165,0.324,0.4768,0.2545,0.5168,0.3033,0.2058,0.1633,0.3537,
1.0,0.9993,0.968,0.9673,0.968,0.9977,0.9962,0.9917,0.9855,0.9197,0.7318,0.9295,0.9047,0.8397,0.8012,0.8503,0.6901,0.8257,0.9391,0.7798,0.607,0.9544,0.72,0.6238,0.6063,0.6077,0.8592,0.5603,0.6162,0.7693,0.4899,0.5491,0.3875,0.591,0.6736,0.576,0.5198,0.3096,0.4816,0.2619,0.5194,0.3018,0.2006,0.157,0.3572,
1.0,0.9991,0.9647,0.9638,0.9715,0.9969,0.9954,0.9911,0.9862,0.9247,0.7402,0.9291,0.9076,0.8407,0.8031,0.8555,0.6847,0.8287,0.9463,0.7835,0.617,0.9544,0.7246,0.6283,0.6118,0.6225,0.8578,0.5749,0.6228,0.7877,0.5089,0.5583,0.384,0.585,0.6807,0.5951,0.5244,0.3135,0.4793,0.2604,0.5194,0.3103,0.204,0.1641,0.3579,
1.0,0.999,0.9679,0.9669,0.9709,0.9982,0.9961,0.9905,0.9853,0.9227,0.7221,0.9325,0.908,0.8254,0.7866,0.8557,0.6735,0.8113,0.9413,0.784,0.5942,0.9545,0.7159,0.6078,0.6037,0.5969,0.8617,0.5561,0.6147,0.7802,0.4996,0.5368,0.3842,0.5985,0.6759,0.5823,0.5273,0.3078,0.486,0.2559,0.531,0.3048,0.2019,0.1642,0.3456,
1.0,0.9992,0.9678,0.967,0.9708,0.997,0.9952,0.9919,0.9862,0.9239,0.7355,0.9312,0.907,0.8366,0.7986,0.8566,0.6855,0.8244,0.9442,0.7844,0.6091,0.9558,0.723,0.6233,0.6095,0.6138,0.8589,0.5643,0.6158,0.7833,0.4974,0.5436,0.3822,0.5961,0.6774,0.5837,0.5207,0.3136,0.48,0.255,0.5221,0.3068,0.2029,0.1574,0.3616,
1.0,0.9988,0.9641,0.9629,0.9726,0.998,0.9958,0.9907,0.9864,0.9268,0.7419,0.9307,0.9124,0.8356,0.7967,0.8584,0.6726,0.8238,0.9414,0.7807,0.6163,0.9535,0.7285,0.6217,0.6112,0.6141,0.8533,0.5616,0.6258,0.7888,0.5082,0.5473,0.3915,0.5933,0.6744,0.5942,0.5244,0.3134,0.4728,0.2699,0.5168,0.3176,0.2086,0.1629,0.3524,
1.0,0.9987,0.9665,0.9652,0.9698,0.9974,0.9953,0.9901,0.9825,0.9221,0.7367,0.9277,0.9038,0.8426,0.8016,0.8512,0.6857,0.8286,0.9418,0.7795,0.6133,0.9489,0.7175,0.6248,0.6115,0.6196,0.8557,0.5785,0.6196,0.7854,0.4993,0.5608,0.3913,0.5889,0.6681,0.5728,0.5109,0.318,0.4786,0.2603,0.5234,0.309,0.2024,0.1631,0.3582,
1.0,0.9991,0.9681,0.9672,0.9676,0.9976,0.9957,0.993,0.9857,0.9266,0.7373,0.9299,0.9137,0.8381,0.8007,0.8581,0.6787,0.8231,0.937,0.7781,0.6119,0.9551,0.7298,0.6239,0.6112,0.611,0.8554,0.5616,0.6315,0.7869,0.5008,0.5547,0.396,0.5997,0.6761,0.5924,0.5086,0.3183,0.4796,0.263,0.5195,0.3121,0.2119,0.1668,0.3497,
1.0,0.9983,0.9677,0.966,0.9724,0.9969,0.9936,0.9903,0.986,0.924,0.7395,0.9327,0.9078,0.8391,0.8021,0.8576,0.6806,0.8274,0.9432,0.7814,0.6168,0.9546,0.7234,0.6315,0.61,0.6215,0.8521,0.5735,0.6183,0.7926,0.5145,0.5611,0.393,0.5953,0.6778,0.5897,0.5228,0.3197,0.481,0.2596,0.5243,0.3213,0.2164,0.1667,0.3583,
1.0,0.9994,0.972,0.9714,0.9688,0.9965,0.995,0.9922,0.9878,0.9255,0.7462,0.9357,0.9107,0.8448,0.8106,0.8627,0.6985,0.8338,0.9413,0.7883,0.6169,0.9566,0.7238,0.6282,0.6133,0.6193,0.86,0.5748,0.6252,0.7799,0.5053,0.5579,0.3954,0.5989,0.6821,0.5884,0.5246,0.3179,0.4835,0.2673,0.5319,0.3122,0.2111,0.1642,0.3706,
1.0,0.9988,0.9702,0.969,0.9709,0.9982,0.9964,0.9915,0.9843,0.9204,0.7354,0.9349,0.9072,0.8415,0.8039,0.8571,0.6931,0.8292,0.9423,0.7856,0.6092,0.9577,0.7216,0.6283,0.6057,0.6165,0.8634,0.574,0.6188,0.7863,0.5118,0.5603,0.3893,0.5948,0.6824,0.5708,0.5223,0.326,0.4838,0.2642,0.5397,0.3132,0.2084,0.1634,0.3632,
1.0,0.9988,0.9676,0.9664,0.9686,0.998,0.9956,0.9893,0.9838,0.9245,0.7336,0.9287,0.9074,0.8376,0.7965,0.8547,0.6795,0.8241,0.9405,0.7786,0.6062,0.9535,0.7227,0.6181,0.6013,0.607,0.8566,0.5613,0.6239,0.7831,0.5032,0.5505,0.3831,0.598,0.6778,0.5818,0.5178,0.3139,0.4867,0.2555,0.5282,0.3163,0.2093,0.157,0.3588,
1.0,0.9984,0.9666,0.965,0.97,0.9972,0.9943,0.9894,0.9856,0.9226,0.7385,0.9279,0.9043,0.843,0.8039,0.852,0.6878,0.8318,0.9384,0.7803,0.6104,0.9515,0.721,0.6236,0.6025,0.612,0.8566,0.5631,0.6189,0.7823,0.497,0.5514,0.3831,0.5921,0.6709,0.5744,0.5118,0.3127,0.4806,0.2596,0.5238,0.309,0.2064,0.1598,0.3554,
1.0,0.9986,0.9678,0.9664,0.9716,0.9972,0.9948,0.9911,0.9865,0.9226,0.7398,0.9333,0.9084,0.8416,0.8045,0.8574,0.6795,0.8298,0.9436,0.778,0.6137,0.9528,0.7245,0.6267,0.606,0.6148,0.8531,0.5651,0.6227,0.7816,0.5027,0.5515,0.391,0.5957,0.6761,0.5848,0.5128,0.3154,0.4814,0.2604,0.5232,0.3096,0.205,0.1607,0.3508,
1.0,0.9985,0.9665,0.965,0.9704,0.9972,0.9951,0.9913,0.9846,0.9276,0.734,0.9295,0.9125,0.8343,0.7949,0.8584,0.68,0.8208,0.9429,0.7886,0.611,0.9532,0.7252,0.6207,0.6064,0.6174,0.8612,0.5705,0.6183,0.7853,0.5019,0.5517,0.3868,0.5829,0.6741,0.5847,0.5184,0.3121,0.4726,0.2529,0.525,0.3028,0.2061,0.1645,0.3457,
1.0,0.9987,0.9708,0.9695,0.9688,0.9971,0.9947,0.9899,0.9837,0.9188,0.7284,0.9332,0.903,0.8376,0.797,0.8536,0.6841,0.8222,0.9341,0.7773,0.5985,0.9512,0.7173,0.617,0.617,0.6048,0.8572,0.5629,0.6216,0.7735,0.495,0.5482,0.3929,0.5993,0.6745,0.5797,0.5143,0.3128,0.476,0.256,0.5291,0.3067,0.2069,0.1605,0.3621,
1.0,0.9989,0.9685,0.9674,0.9718,0.9972,0.9954,0.9909,0.9869,0.9273,0.7432,0.9338,0.9112,0.8381,0.8003,0.8618,0.6844,0.8263,0.9445,0.7871,0.6153,0.9508,0.7259,0.6251,0.608,0.6165,0.8581,0.5643,0.6245,0.7886,0.5115,0.5501,0.3894,0.5873,0.6817,0.5917,0.5319,0.3195,0.4753,0.267,0.5234,0.3165,0.2122,0.1626,0.3568,
1.0,0.9992,0.9674,0.9666,0.9705,0.9969,0.995,0.9908,0.9864,0.9275,0.7426,0.9327,0.9126,0.84,0.8032,0.8615,0.6857,0.8289,0.9414,0.7862,0.6187,0.953,0.7311,0.6306,0.6046,0.6123,0.856,0.5661,0.6289,0.7854,0.5022,0.5551,0.3856,0.5886,0.6812,0.5917,0.5246,0.3072,0.4716,0.2701,0.5286,0.3068,0.21,0.1634,0.3518,
1.0,0.9989,0.9653,0.9642,0.9715,0.9968,0.995,0.9894,0.984,0.9201,0.7295,0.9298,0.9028,0.8335,0.795,0.8515,0.6752,0.8201,0.9378,0.7788,0.6003,0.9488,0.7181,0.6128,0.6046,0.6068,0.8507,0.551,0.6148,0.7762,0.4947,0.5389,0.3907,0.5873,0.6737,0.5755,0.5202,0.306,0.4791,0.2602,0.5279,0.309,0.2059,0.1663,0.356,
1.0,0.9989,0.9677,0.9666,0.9676,0.9961,0.9942,0.9926,0.9873,0.9257,0.735,0.928,0.9095,0.836,0.8001,0.8553,0.6859,0.8238,0.9436,0.7871,0.6095,0.9553,0.7251,0.6203,0.6098,0.612,0.8606,0.5701,0.6196,0.7833,0.5132,0.5487,0.3903,0.594,0.6715,0.5896,0.5261,0.3212,0.4807,0.259,0.5201,0.3226,0.2061,0.1664,0.3527,
1.0,0.9987,0.9674,0.9661,0.9708,0.997,0.9947,0.9906,0.9863,0.921,0.7278,0.9312,0.9046,0.831,0.7932,0.854,0.6766,0.8185,0.9437,0.7805,0.6018,0.9502,0.7151,0.6181,0.6033,0.6063,0.8581,0.5623,0.6179,0.7796,0.4993,0.5444,0.3868,0.5851,0.6827,0.5786,0.5203,0.309,0.4754,0.2569,0.522,0.3088,0.2073,0.1579,0.3475,
1.0,0.9987,0.9684,0.9671,0.9728,0.998,0.9959,0.9912,0.9851,0.9262,0.7398,0.9335,0.9106,0.8391,0.7998,0.8608,0.6768,0.8233,0.9365,0.7763,0.6085,0.9507,0.7203,0.6224,0.6033,0.6113,0.8473,0.549,0.6201,0.7861,0.5054,0.5472,0.3923,0.5884,0.6677,0.5796,0.5105,0.3144,0.4648,0.253,0.5149,0.3086,0.2061,0.1653,0.3424,
1.0,0.9988,0.9712,0.97,0.9672,0.9977,0.9956,0.9908,0.9855,0.9243,0.7418,0.9308,0.908,0.8446,0.8055,0.8553,0.6893,0.8326,0.9397,0.775,0.6143,0.9566,0.7217,0.6251,0.6048,0.6148,0.851,0.5682,0.6211,0.7809,0.5079,0.5616,0.3852,0.6012,0.6838,0.589,0.5261,0.3203,0.4807,0.2649,0.519,0.3186,0.2134,0.1711,0.3575,
1.0,0.9984,0.9676,0.966,0.9694,0.9975,0.9952,0.9915,0.9856,0.9242,0.7331,0.9287,0.9086,0.8359,0.7981,0.8545,0.6827,0.8229,0.9445,0.7797,0.6115,0.9553,0.7241,0.6235,0.6084,0.6127,0.8562,0.5692,0.6226,0.787,0.5099,0.5599,0.385,0.5925,0.6795,0.5831,0.5187,0.3179,0.4692,0.2582,0.5145,0.3097,0.2096,0.16,0.3484,
1.0,0.9983,0.9703,0.9686,0.97,0.9979,0.9949,0.9907,0.9861,0.9271,0.7415,0.934,0.9133,0.8392,0.8024,0.8611,0.6866,0.8263,0.9403,0.7861,0.6226,0.9545,0.7358,0.6333,0.6267,0.6194,0.862,0.5676,0.6414,0.7878,0.5035,0.5552,0.4015,0.6048,0.6841,0.5959,0.5196,0.3145,0.4878,0.2744,0.5329,0.3176,0.2092,0.1721,0.3696,
1.0,0.9994,0.9698,0.9692,0.9674,0.9976,0.9961,0.9922,0.9861,0.9243,0.7345,0.9307,0.9094,0.8384,0.8006,0.8556,0.6819,0.8239,0.9386,0.7769,0.6105,0.9528,0.7231,0.6222,0.6079,0.6064,0.8545,0.5605,0.6281,0.7823,0.4995,0.5533,0.3826,0.5929,0.6811,0.585,0.512,0.3187,0.4725,0.2605,0.5235,0.3075,0.2123,0.1557,0.3581,
1.0,0.9989,0.9705,0.9694,0.9703,0.9969,0.9943,0.9886,0.9843,0.9256,0.746,0.9345,0.9073,0.8484,0.8092,0.8612,0.6928,0.8359,0.9433,0.7834,0.6175,0.9484,0.7177,0.632,0.5986,0.6214,0.8523,0.5721,0.619,0.7777,0.5006,0.5587,0.3829,0.5832,0.6772,0.5812,0.5279,0.314,0.4765,0.2625,0.5262,0.31,0.206,0.1625,0.3506,
1.0,0.9988,0.9711,0.9699,0.9706,0.9977,0.9957,0.9905,0.9869,0.9267,0.7415,0.9355,0.9118,0.8375,0.8009,0.8628,0.691,0.826,0.946,0.7877,0.6121,0.954,0.723,0.6255,0.609,0.619,0.8565,0.5702,0.6256,0.7819,0.5136,0.5573,0.386,0.5883,0.6881,0.592,0.5283,0.3164,0.4717,0.2613,0.5265,0.3148,0.2115,0.1634,0.3494,
1.0,0.9985,0.9677,0.9662,0.9705,0.9962,0.9935,0.99,0.9856,0.9292,0.743,0.9309,0.9113,0.8395,0.7999,0.8605,0.681,0.8279,0.9413,0.7849,0.6132,0.9531,0.7228,0.6198,0.6019,0.6155,0.85,0.5665,0.6199,0.7871,0.5141,0.5485,0.3822,0.5818,0.6666,0.5826,0.5188,0.3094,0.4723,0.258,0.512,0.311,0.2029,0.1549,0.3502,
1.0,0.9987,0.9662,0.9649,0.969,0.9976,0.9953,0.9896,0.9847,0.9231,0.7376,0.9284,0.9067,0.8393,0.8013,0.8523,0.685,0.8257,0.94,0.7835,0.6094,0.952,0.7214,0.6199,0.6033,0.6129,0.8561,0.5632,0.6182,0.7791,0.5103,0.5415,0.3844,0.5794,0.6741,0.5846,0.5224,0.3189,0.4852,0.2595,0.5259,0.3169,0.2114,0.1646,0.3552,
1.0,0.9987,0.9697,0.9684,0.9667,0.9971,0.9948,0.9899,0.9837,0.9196,0.7288,0.9293,0.9027,0.8409,0.8013,0.8493,0.6909,0.8261,0.9401,0.7781,0.603,0.9517,0.7157,0.6201,0.6009,0.6094,0.8569,0.5758,0.6131,0.7796,0.5026,0.5615,0.3821,0.5877,0.6769,0.5771,0.514,0.3179,0.4798,0.2486,0.5255,0.3065,0.2019,0.1511,0.3546,
1.0,0.9988,0.9684,0.9672,0.9691,0.9974,0.9956,0.9922,0.9865,0.9259,0.7409,0.9327,0.9137,0.8412,0.8048,0.8589,0.6821,0.8285,0.9409,0.7809,0.6131,0.9542,0.7217,0.6191,0.5997,0.6159,0.8518,0.5658,0.6211,0.7827,0.5081,0.5519,0.3873,0.5898,0.6748,0.5819,0.5262,0.3203,0.476,0.2674,0.5242,0.3076,0.2068,0.1646,0.352,
1.0,0.9991,0.9661,0.9652,0.9695,0.9973,0.9954,0.992,0.9852,0.9253,0.728,0.9301,0.9115,0.8276,0.7882,0.856,0.6681,0.8138,0.9388,0.7813,0.6045,0.9523,0.7242,0.6125,0.5945,0.6013,0.8511,0.5515,0.6166,0.7803,0.5064,0.5383,0.3829,0.579,0.6691,0.577,0.5089,0.3085,0.4641,0.2482,0.5223,0.3048,0.2068,0.1612,0.3372,
1.0,0.9986,0.97,0.9686,0.9717,0.9972,0.9945,0.99,0.9849,0.9265,0.7397,0.9349,0.9108,0.8377,0.7999,0.8628,0.6838,0.8248,0.9386,0.7853,0.61,0.9534,0.7258,0.6212,0.6075,0.6141,0.8574,0.5628,0.6205,0.7855,0.5071,0.5443,0.3915,0.5847,0.6611,0.5782,0.5158,0.3152,0.481,0.2573,0.5171,0.3083,0.1997,0.1645,0.3487,
1.0,0.9992,0.967,0.9662,0.9722,0.9974,0.9956,0.9905,0.9858,0.9223,0.7436,0.9331,0.9063,0.8452,0.8064,0.8572,0.687,0.8319,0.9427,0.78,0.613,0.9527,0.7156,0.6259,0.5971,0.6166,0.8508,0.5634,0.6202,0.7766,0.5065,0.5537,0.3908,0.5923,0.684,0.5758,0.5167,0.3183,0.4862,0.259,0.5345,0.3153,0.2122,0.1619,0.3587,
1.0,0.9982,0.9692,0.9674,0.9711,0.9973,0.9943,0.9891,0.9844,0.923,0.7409,0.934,0.9073,0.8458,0.8076,0.8586,0.6853,0.8331,0.9384,0.7796,0.6126,0.9492,0.7196,0.6256,0.6092,0.6138,0.8537,0.5704,0.6214,0.7827,0.4972,0.5554,0.386,0.5831,0.6703,0.5782,0.5146,0.3107,0.4755,0.2566,0.522,0.3129,0.2044,0.1561,0.3442,
1.0,0.9991,0.9627,0.9618,0.9706,0.9976,0.9962,0.9901,0.9844,0.9225,0.7395,0.9283,0.9081,0.8401,0.8021,0.8522,0.6774,0.8271,0.937,0.7793,0.6091,0.9515,0.7211,0.6162,0.6013,0.6101,0.8556,0.5592,0.6159,0.7801,0.4971,0.5429,0.3783,0.5904,0.6726,0.5802,0.5149,0.3082,0.4741,0.2606,0.5189,0.3098,0.2067,0.1527,0.3517,
1.0,0.9988,0.967,0.9658,0.9706,0.9971,0.9943,0.9904,0.9858,0.9202,0.7336,0.9317,0.9052,0.8354,0.8014,0.8538,0.6837,0.822,0.9409,0.7812,0.6117,0.9519,0.7267,0.6273,0.6147,0.6147,0.8596,0.5673,0.6178,0.7859,0.5045,0.5496,0.3951,0.591,0.6738,0.5867,0.5175,0.3182,0.4838,0.2611,0.5291,0.3123,0.2025,0.17,0.356,
1.0,0.999,0.9658,0.9648,0.9685,0.9976,0.9959,0.9906,0.9843,0.9238,0.7333,0.9286,0.9085,0.8366,0.7977,0.8536,0.6758,0.8234,0.9408,0.7798,0.611,0.9542,0.727,0.6184,0.6073,0.6126,0.8544,0.5576,0.6198,0.7802,0.4982,0.5463,0.3858,0.5856,0.6671,0.577,0.5127,0.311,0.4734,0.2577,0.514,0.3012,0.1954,0.1593,0.345,
1.0,0.9989,0.9695,0.9684,0.9688,0.9968,0.9948,0.9915,0.9837,0.9211,0.7333,0.9322,0.9062,0.8391,0.7992,0.855,0.6823,0.8242,0.9382,0.7769,0.6136,0.9547,0.724,0.6257,0.61,0.6121,0.855,0.5679,0.6198,0.7811,0.5023,0.5582,0.391,0.5917,0.6764,0.5826,0.5185,0.3215,0.4728,0.256,0.5245,0.3063,0.213,0.1646,0.3513,
1.0,0.999,0.9683,0.9673,0.9691,0.9976,0.996,0.9911,0.9848,0.9248,0.7363,0.9298,0.9087,0.8381,0.7982,0.8558,0.6814,0.8249,0.9434,0.7782,0.6075,0.9546,0.7185,0.6183,0.6008,0.6162,0.8539,0.5668,0.6203,0.7833,0.5082,0.5508,0.3863,0.5963,0.6795,0.5779,0.5242,0.3187,0.4778,0.255,0.5268,0.3134,0.208,0.1648,0.3544,
1.0,0.9992,0.9693,0.9685,0.9665,0.998,0.9964,0.9902,0.9851,0.9229,0.7367,0.9293,0.9065,0.8443,0.8058,0.8534,0.6929,0.8319,0.9413,0.7805,0.617,0.9516,0.7267,0.6294,0.6079,0.6128,0.858,0.5715,0.6258,0.7775,0.4999,0.5564,0.393,0.5936,0.6741,0.5815,0.5246,0.3159,0.4788,0.2651,0.5208,0.3048,0.201,0.1642,0.3544,
1.0,0.9991,0.9696,0.9687,0.9686,0.9968,0.9945,0.9911,0.9857,0.9228,0.7425,0.9321,0.9069,0.8483,0.8116,0.8552,0.6978,0.8353,0.9438,0.7834,0.6159,0.9553,0.7188,0.6316,0.603,0.6231,0.861,0.5813,0.6156,0.7759,0.5038,0.5642,0.3923,0.5957,0.6783,0.58,0.5257,0.324,0.4888,0.2612,0.5293,0.3118,0.2039,0.1654,0.3658,
1.0,0.9986,0.9683,0.9669,0.9657,0.997,0.9947,0.9914,0.9855,0.9199,0.736,0.9271,0.9049,0.8444,0.8059,0.8481,0.6976,0.8323,0.936,0.7802,0.6136,0.9564,0.7277,0.6262,0.6166,0.6095,0.8635,0.5747,0.6247,0.7755,0.4976,0.553,0.3928,0.599,0.6731,0.5828,0.5221,0.3214,0.4884,0.2621,0.5305,0.3135,0.2066,0.1681,0.3676,
1.0,0.9991,0.9673,0.9664,0.9671,0.9975,0.9956,0.9899,0.9849,0.9255,0.7292,0.9285,0.9092,0.8328,0.7959,0.8551,0.6828,0.821,0.943,0.7843,0.6127,0.9527,0.7212,0.6189,0.6055,0.6131,0.8571,0.5695,0.6199,0.7784,0.5028,0.5484,0.3822,0.5882,0.6738,0.5843,0.5243,0.3077,0.479,0.2606,0.5291,0.308,0.207,0.1629,0.3528,
1.0,0.9987,0.9705,0.9692,0.9701,0.9979,0.9963,0.9927,0.9862,0.9249,0.737,0.934,0.912,0.8374,0.8008,0.8592,0.6854,0.8238,0.9453,0.7842,0.6132,0.9532,0.7226,0.6256,0.6082,0.6124,0.8602,0.5657,0.6268,0.7848,0.4997,0.5492,0.3837,0.595,0.6842,0.5883,0.5206,0.3112,0.4797,0.2588,0.5292,0.3065,0.2016,0.1658,0.3495,
1.0,0.9986,0.9669,0.9655,0.9685,0.9978,0.9957,0.9917,0.9851,0.9219,0.7361,0.9262,0.9057,0.8399,0.8005,0.8496,0.6901,0.825,0.9392,0.7817,0.6093,0.9551,0.7186,0.6222,0.602,0.6116,0.856,0.571,0.6171,0.7822,0.5058,0.5477,0.3806,0.5751,0.6696,0.5773,0.5255,0.3204,0.475,0.2606,0.5207,0.3039,0.2082,0.1645,0.3543,
1.0,0.9989,0.9675,0.9664,0.9685,0.9979,0.996,0.9903,0.9854,0.9247,0.7394,0.9305,0.9101,0.8408,0.8054,0.8557,0.6862,0.8283,0.9427,0.7813,0.6138,0.9526,0.7254,0.6247,0.5992,0.6183,0.8568,0.5666,0.6179,0.7841,0.5122,0.5529,0.3903,0.5834,0.6746,0.5823,0.5248,0.3175,0.4772,0.2572,0.5238,0.3139,0.2096,0.1666,0.3516,
1.0,0.9984,0.9706,0.969,0.9689,0.9971,0.9947,0.9911,0.9865,0.9225,0.7334,0.9325,0.9068,0.8394,0.8039,0.8557,0.6902,0.8264,0.94,0.7849,0.6024,0.9546,0.7187,0.6176,0.6062,0.6118,0.8558,0.5635,0.6172,0.7794,0.5044,0.5542,0.3841,0.5926,0.6783,0.5819,0.5264,0.3177,0.4715,0.2585,0.5197,0.3053,0.204,0.1667,0.3502,
1.0,0.9989,0.9681,0.967,0.9689,0.9978,0.9958,0.992,0.9862,0.9258,0.7372,0.9302,0.911,0.8372,0.7981,0.8565,0.678,0.8247,0.9421,0.7765,0.6085,0.9538,0.7191,0.6192,0.6004,0.6121,0.8536,0.557,0.6192,0.7824,0.5028,0.5498,0.3824,0.5973,0.6789,0.5775,0.5121,0.3173,0.4785,0.2604,0.5257,0.3152,0.2094,0.1616,0.3555,
1.0,0.9986,0.9665,0.9651,0.9723,0.9976,0.9953,0.9911,0.9856,0.9239,0.7367,0.9318,0.9088,0.8359,0.8,0.8563,0.6857,0.8231,0.941,0.7891,0.6116,0.9557,0.7278,0.6223,0.6115,0.6146,0.8613,0.5685,0.6247,0.7922,0.5151,0.5484,0.3872,0.5938,0.6719,0.5864,0.5256,0.3231,0.4867,0.2669,0.5239,0.3156,0.2097,0.1639,0.3532,
1.0,0.9988,0.9682,0.967,0.9714,0.997,0.9947,0.9883,0.9842,0.924,0.7419,0.9339,0.9062,0.8436,0.8058,0.8589,0.6943,0.8325,0.9404,0.7917,0.6176,0.9562,0.7291,0.6275,0.6197,0.6232,0.8595,0.5733,0.6305,0.7835,0.5169,0.5582,0.3938,0.6024,0.6829,0.5925,0.5243,0.3245,0.4885,0.2752,0.5364,0.323,0.2197,0.1694,0.364,
1.0,0.9988,0.9677,0.9665,0.9697,0.9976,0.9954,0.9906,0.9859,0.9278,0.7389,0.9305,0.9126,0.8369,0.7982,0.859,0.6811,0.8246,0.9391,0.7857,0.6096,0.9532,0.7249,0.6174,0.6025,0.6128,0.8549,0.5683,0.6211,0.7886,0.5112,0.552,0.3858,0.587,0.6705,0.5778,0.5127,0.3199,0.4737,0.2559,0.5262,0.3092,0.2111,0.158,0.3427,
1.0,0.9992,0.9668,0.966,0.9702,0.9983,0.9967,0.9905,0.9859,0.9222,0.732,0.9304,0.9065,0.8329,0.7979,0.8538,0.6805,0.822,0.9436,0.7823,0.6027,0.9522,0.7195,0.6164,0.6069,0.6142,0.8553,0.5621,0.6218,0.784,0.5102,0.5445,0.3831,0.5903,0.6727,0.5863,0.5198,0.3154,0.4754,0.2554,0.5202,0.3103,0.2104,0.1569,0.3509,
1.0,0.9993,0.9659,0.9652,0.9661,0.9987,0.9963,0.9908,0.9872,0.9208,0.7298,0.9259,0.9061,0.8351,0.7984,0.8489,0.6816,0.8214,0.9383,0.7769,0.604,0.953,0.723,0.6131,0.6015,0.5991,0.8604,0.5575,0.6229,0.7744,0.4969,0.5432,0.3866,0.595,0.6812,0.5837,0.5184,0.3101,0.4829,0.2587,0.5378,0.306,0.2103,0.1585,0.3539,
1.0,0.9987,0.9674,0.9661,0.9722,0.9965,0.9947,0.9902,0.9836,0.9229,0.7363,0.9314,0.905,0.8387,0.7961,0.8557,0.6841,0.8251,0.9432,0.7853,0.6138,0.9542,0.7271,0.6283,0.6151,0.6163,0.8602,0.5701,0.6227,0.782,0.4992,0.5526,0.3915,0.6022,0.682,0.5887,0.5315,0.3154,0.4831,0.2651,0.5246,0.3097,0.2019,0.1747,0.3613,
1.0,0.9987,0.9675,0.9662,0.967,0.9973,0.9944,0.9904,0.9849,0.9218,0.7348,0.927,0.9049,0.8394,0.8021,0.8506,0.685,0.8256,0.938,0.7765,0.6105,0.9527,0.7257,0.6234,0.608,0.6077,0.8562,0.567,0.6244,0.7827,0.4984,0.5501,0.3809,0.5884,0.6722,0.5831,0.519,0.3064,0.4768,0.2662,0.5194,0.3086,0.2026,0.1598,0.355,
1.0,0.9992,0.9632,0.9624,0.97,0.9967,0.9946,0.9924,0.9879,0.924,0.7342,0.9264,0.9087,0.8345,0.7967,0.8519,0.6753,0.8221,0.9451,0.7778,0.611,0.9522,0.728,0.6198,0.605,0.6108,0.8572,0.559,0.6211,0.7855,0.4998,0.5425,0.394,0.5893,0.6686,0.5849,0.5104,0.3178,0.48,0.255,0.5155,0.307,0.1973,0.1579,0.3511,
1.0,0.9986,0.9653,0.9639,0.9685,0.9981,0.9958,0.9914,0.9864,0.9223,0.7349,0.929,0.9096,0.8376,0.8038,0.8527,0.6815,0.8229,0.9398,0.7802,0.6098,0.9525,0.7211,0.6196,0.5995,0.6125,0.8568,0.5657,0.6132,0.7828,0.5079,0.5526,0.3872,0.5812,0.6749,0.5833,0.5255,0.3173,0.4757,0.2598,0.5288,0.3106,0.2097,0.1652,0.3484,
1.0,0.9986,0.9663,0.9649,0.9725,0.9967,0.9947,0.9911,0.9855,0.926,0.733,0.9314,0.9101,0.8301,0.7928,0.8586,0.6742,0.8167,0.9426,0.7843,0.61,0.9536,0.7288,0.6223,0.6125,0.6102,0.8563,0.557,0.6263,0.7867,0.5093,0.5382,0.3926,0.5888,0.6782,0.5929,0.5263,0.3141,0.4711,0.2604,0.513,0.3134,0.2118,0.1666,0.3446,
1.0,0.9984,0.9651,0.9635,0.9712,0.9965,0.9934,0.9909,0.9857,0.9273,0.748,0.9298,0.9123,0.8461,0.8096,0.8579,0.6939,0.8319,0.9398,0.7905,0.6194,0.9526,0.7253,0.6252,0.6015,0.6204,0.8591,0.5689,0.6211,0.7863,0.5065,0.5537,0.3818,0.5887,0.666,0.5822,0.5236,0.3131,0.4785,0.2729,0.5251,0.3054,0.2096,0.1595,0.3609,
1.0,0.9989,0.9688,0.9677,0.9688,0.9973,0.995,0.9912,0.985,0.9276,0.7378,0.9307,0.9115,0.8388,0.8028,0.8587,0.6837,0.8245,0.9414,0.7872,0.6139,0.9524,0.724,0.6236,0.606,0.6217,0.8551,0.562,0.6235,0.7891,0.5053,0.5508,0.3854,0.5922,0.6767,0.5816,0.5186,0.3099,0.4733,0.2637,0.5161,0.3108,0.2076,0.1586,0.3566,
1.0,0.9983,0.9666,0.9649,0.9715,0.9971,0.9941,0.9902,0.9834,0.9242,0.7451,0.9323,0.9097,0.8471,0.8075,0.8579,0.6919,0.8331,0.9379,0.7879,0.6166,0.9516,0.7212,0.6257,0.5964,0.6202,0.8615,0.5767,0.6129,0.785,0.5062,0.5548,0.3934,0.591,0.6717,0.5698,0.5221,0.3256,0.4795,0.2595,0.53,0.3161,0.2095,0.1625,0.361,
1.0,0.9985,0.9664,0.9649,0.9682,0.9982,0.9958,0.9895,0.9844,0.9218,0.7377,0.9276,0.9059,0.8442,0.807,0.8514,0.6937,0.8334,0.9486,0.7844,0.6209,0.9556,0.7241,0.6319,0.609,0.6257,0.8627,0.5827,0.6178,0.782,0.5064,0.5626,0.3882,0.5899,0.6784,0.5842,0.5242,0.3246,0.4871,0.264,0.5292,0.3131,0.2055,0.1635,0.3625,
1.0,0.9991,0.9658,0.9649,0.9681,0.9978,0.996,0.9907,0.9847,0.9251,0.7334,0.9266,0.9086,0.8377,0.7984,0.8538,0.6844,0.8234,0.9391,0.7842,0.6114,0.9512,0.7221,0.6211,0.5999,0.6074,0.8623,0.5628,0.6202,0.7852,0.5032,0.5464,0.3886,0.5928,0.6734,0.5782,0.5223,0.3188,0.4892,0.2648,0.5268,0.3072,0.2082,0.1646,0.3577,
1.0,0.9989,0.9656,0.9645,0.9694,0.9976,0.9958,0.9906,0.9854,0.9236,0.731,0.9281,0.9071,0.8331,0.7938,0.8537,0.6774,0.8208,0.9418,0.7835,0.6052,0.9531,0.7232,0.6145,0.602,0.6059,0.8591,0.5537,0.6207,0.7788,0.4996,0.5401,0.3888,0.5879,0.6739,0.5808,0.5225,0.3053,0.481,0.2604,0.5314,0.3103,0.2052,0.1558,0.3538,
1.0,0.9989,0.9705,0.9694,0.9727,0.9982,0.9957,0.9914,0.9872,0.9251,0.7425,0.9376,0.912,0.8397,0.8032,0.862,0.6926,0.8275,0.9437,0.79,0.6208,0.9554,0.7279,0.6328,0.6162,0.6191,0.8602,0.5733,0.6306,0.789,0.5082,0.5601,0.3966,0.5987,0.6812,0.5937,0.5234,0.3218,0.4881,0.2744,0.5259,0.3161,0.2118,0.1722,0.3587,
1.0,0.9992,0.9649,0.9641,0.9697,0.997,0.9957,0.9915,0.9857,0.9231,0.7425,0.9281,0.9074,0.8461,0.8125,0.8546,0.6929,0.8347,0.9433,0.7877,0.617,0.9528,0.7191,0.6247,0.6039,0.6201,0.8551,0.5759,0.616,0.7861,0.511,0.5566,0.385,0.5826,0.6674,0.5798,0.5253,0.3251,0.478,0.2664,0.5186,0.307,0.2061,0.1644,0.3557,
1.0,0.9991,0.9662,0.9653,0.9713,0.9974,0.9957,0.9911,0.9854,0.9209,0.7398,0.9317,0.9057,0.8443,0.8082,0.8538,0.6955,0.8314,0.9377,0.7879,0.6108,0.9543,0.7222,0.6235,0.6072,0.6166,0.864,0.5715,0.6092,0.7831,0.5009,0.5473,0.3886,0.5818,0.6676,0.5764,0.5233,0.3149,0.484,0.2617,0.5187,0.3096,0.1968,0.1626,0.3555,
1.0,0.9988,0.9677,0.9665,0.9699,0.9978,0.9957,0.9884,0.9828,0.9255,0.7306,0.9314,0.9084,0.8332,0.7918,0.8587,0.6735,0.8199,0.9394,0.7816,0.6062,0.9525,0.7263,0.616,0.6082,0.6049,0.8579,0.5545,0.6241,0.7799,0.5038,0.5382,0.3847,0.59,0.6685,0.5872,0.5186,0.3072,0.4788,0.2512,0.5163,0.3126,0.2027,0.1575,0.3456,
1.0,0.9989,0.9671,0.966,0.9704,0.9973,0.9951,0.9902,0.9851,0.9206,0.7261,0.9314,0.9044,0.8291,0.7924,0.8527,0.6719,0.8161,0.9462,0.7789,0.6021,0.951,0.7138,0.6157,0.5969,0.6051,0.8534,0.5571,0.611,0.7768,0.503,0.5433,0.3842,0.5885,0.6773,0.5771,0.5226,0.3086,0.483,0.2482,0.5282,0.3135,0.2066,0.1681,0.3495,
1.0,0.9989,0.9669,0.9658,0.9675,0.9975,0.9957,0.9895,0.9831,0.9235,0.7377,0.9271,0.9066,0.8454,0.8052,0.8516,0.6837,0.8313,0.9423,0.7761,0.6196,0.9536,0.7297,0.6279,0.6121,0.6195,0.8535,0.5736,0.6169,0.7788,0.5093,0.5594,0.3912,0.5894,0.68,0.5841,0.5158,0.3244,0.4814,0.2571,0.5256,0.3091,0.2089,0.1646,0.3537,
1.0,0.9985,0.9665,0.965,0.9719,0.9966,0.994,0.99,0.9843,0.9225,0.7377,0.9302,0.905,0.8402,0.8018,0.8533,0.6855,0.8278,0.9445,0.7835,0.6153,0.9545,0.7248,0.632,0.6143,0.625,0.8536,0.5714,0.6197,0.7841,0.5096,0.5581,0.3889,0.5925,0.6773,0.5864,0.5183,0.3199,0.4779,0.2542,0.5223,0.3196,0.2094,0.169,0.3561,
1.0,0.9993,0.968,0.9673,0.9719,0.9968,0.9955,0.9913,0.9844,0.9265,0.7418,0.9351,0.9117,0.842,0.8036,0.8629,0.6888,0.8285,0.941,0.7888,0.6229,0.9521,0.7294,0.6338,0.6128,0.6218,0.858,0.5734,0.6273,0.785,0.5085,0.5605,0.3962,0.5926,0.6747,0.585,0.5242,0.321,0.4783,0.2689,0.5271,0.3118,0.2128,0.1711,0.3526,
1.0,0.9984,0.9679,0.9663,0.9674,0.9972,0.9946,0.9906,0.986,0.9231,0.7321,0.9288,0.9081,0.8384,0.8,0.8534,0.6823,0.8265,0.9419,0.7793,0.6095,0.9526,0.7193,0.6217,0.6036,0.6093,0.8552,0.5672,0.6173,0.7756,0.4987,0.5487,0.3924,0.5913,0.671,0.5832,0.5162,0.3177,0.4847,0.2572,0.5182,0.31,0.2042,0.1567,0.3531,
1.0,0.9987,0.9678,0.9665,0.97,0.9973,0.995,0.9907,0.9847,0.9278,0.7385,0.9313,0.9126,0.8388,0.7996,0.8604,0.6868,0.8256,0.9389,0.791,0.6116,0.9546,0.7246,0.623,0.606,0.6156,0.8571,0.5669,0.6218,0.7805,0.5027,0.5511,0.3882,0.5866,0.6682,0.5869,0.5149,0.3169,0.4789,0.2623,0.5285,0.3096,0.2063,0.1612,0.3483,
1.0,0.9986,0.9678,0.9664,0.9679,0.9971,0.9948,0.9908,0.9847,0.9241,0.7323,0.9285,0.908,0.838,0.8022,0.8555,0.683,0.8241,0.9423,0.7827,0.6105,0.9535,0.7192,0.6207,0.5993,0.6133,0.8541,0.5681,0.6144,0.7818,0.5091,0.5498,0.3883,0.5833,0.6697,0.5771,0.5144,0.3151,0.475,0.2534,0.5167,0.3119,0.2059,0.1596,0.3477,
1.0,0.9981,0.9665,0.9646,0.9674,0.9955,0.9923,0.9889,0.9829,0.9233,0.7335,0.9268,0.9056,0.8387,0.7979,0.8511,0.6801,0.8238,0.9403,0.7796,0.618,0.9506,0.7267,0.6252,0.6076,0.6093,0.8525,0.5612,0.6239,0.7775,0.497,0.5473,0.3871,0.5887,0.6633,0.5917,0.5263,0.308,0.4783,0.2688,0.5144,0.3086,0.1975,0.1687,0.3543,
1.0,0.9993,0.969,0.9683,0.9664,0.9975,0.9959,0.9906,0.9851,0.9234,0.7342,0.9298,0.9075,0.8396,0.8019,0.8526,0.6908,0.8262,0.9409,0.7838,0.6101,0.9495,0.7176,0.6195,0.6035,0.611,0.857,0.5693,0.6239,0.7783,0.506,0.5548,0.3862,0.5909,0.6765,0.588,0.5266,0.32,0.4774,0.2713,0.528,0.312,0.2083,0.1635,0.3538,
1.0,0.9986,0.9649,0.9635,0.9703,0.9966,0.9942,0.9898,0.9842,0.9199,0.7298,0.9293,0.9044,0.8382,0.8016,0.8511,0.6833,0.826,0.9419,0.7864,0.6078,0.9521,0.7223,0.6216,0.6094,0.6136,0.8588,0.5752,0.6169,0.7823,0.4979,0.5525,0.3847,0.5858,0.6758,0.5787,0.52,0.3142,0.4777,0.2598,0.5255,0.307,0.198,0.1575,0.3595,
1.0,0.9985,0.9689,0.9674,0.9692,0.9966,0.9944,0.9903,0.9849,0.9248,0.7402,0.9305,0.9076,0.8448,0.8062,0.8564,0.6865,0.8318,0.9432,0.7813,0.6119,0.9525,0.7156,0.6241,0.595,0.6183,0.8522,0.5718,0.6135,0.7844,0.5019,0.5582,0.376,0.5858,0.6791,0.5759,0.5254,0.318,0.4688,0.259,0.5189,0.3093,0.2067,0.1625,0.3532,
1.0,0.9992,0.9689,0.9681,0.9672,0.9968,0.9951,0.9908,0.9858,0.9241,0.7275,0.9303,0.908,0.8315,0.7953,0.8556,0.6837,0.8188,0.9431,0.7877,0.6073,0.9525,0.7189,0.6175,0.6015,0.6079,0.8591,0.566,0.6242,0.7783,0.5071,0.5508,0.3832,0.5939,0.6866,0.5888,0.5356,0.3107,0.4827,0.2678,0.5297,0.3128,0.2183,0.1672,0.356,
1.0,0.9992,0.969,0.9682,0.9704,0.9975,0.9952,0.9908,0.9853,0.9264,0.7352,0.9345,0.9122,0.8353,0.7958,0.8621,0.676,0.8216,0.9397,0.7804,0.6092,0.9511,0.7222,0.6213,0.607,0.6143,0.8506,0.5623,0.623,0.781,0.4974,0.5556,0.3869,0.591,0.6731,0.5824,0.5116,0.3045,0.4738,0.2551,0.5238,0.3054,0.2061,0.1596,0.3454,
1.0,0.9986,0.9684,0.967,0.9675,0.9974,0.9954,0.9899,0.9842,0.9233,0.7366,0.9291,0.9075,0.8443,0.8062,0.8551,0.6868,0.831,0.9397,0.7814,0.6126,0.9523,0.7184,0.6221,0.5992,0.6179,0.8575,0.568,0.6159,0.7784,0.5001,0.5509,0.3845,0.586,0.6722,0.5789,0.5212,0.3204,0.4729,0.2579,0.5242,0.3094,0.2071,0.1618,0.3595,
1.0,0.999,0.9665,0.9655,0.9706,0.997,0.9953,0.9918,0.9857,0.924,0.7457,0.9303,0.9086,0.8476,0.8099,0.8557,0.6903,0.8338,0.9373,0.7821,0.6114,0.9525,0.7208,0.6235,0.6004,0.6176,0.8565,0.5724,0.6197,0.784,0.5071,0.5524,0.395,0.5898,0.6681,0.5776,0.5121,0.3196,0.4798,0.2593,0.525,0.3176,0.209,0.1619,0.359,
1.0,0.9987,0.9647,0.9634,0.9667,0.9983,0.9959,0.9907,0.9852,0.9242,0.7336,0.9242,0.9089,0.8398,0.8025,0.8494,0.68,0.8263,0.9401,0.7785,0.6117,0.9538,0.7269,0.62,0.6026,0.6093,0.8543,0.5612,0.6227,0.7848,0.4953,0.5471,0.3787,0.5891,0.6726,0.5824,0.5214,0.31,0.4731,0.2594,0.5177,0.2994,0.2009,0.1616,0.3567,
1.0,0.9985,0.9655,0.964,0.9701,0.9974,0.9946,0.9887,0.9839,0.9266,0.7436,0.9282,0.9088,0.8438,0.8057,0.8557,0.6921,0.8309,0.94,0.7915,0.6105,0.9498,0.7222,0.6194,0.5985,0.6194,0.8596,0.5752,0.6158,0.7896,0.5127,0.555,0.3797,0.5864,0.6721,0.5783,0.5176,0.3223,0.4812,0.2638,0.5337,0.313,0.2113,0.157,0.3541,
1.0,0.9988,0.9677,0.9665,0.9699,0.9978,0.9956,0.9913,0.9865,0.9214,0.7375,0.9319,0.9082,0.8413,0.804,0.8537,0.6875,0.8287,0.9407,0.7786,0.6136,0.9562,0.7266,0.6278,0.6103,0.6152,0.8583,0.5688,0.6182,0.776,0.503,0.5523,0.3979,0.5902,0.6826,0.5738,0.5148,0.3181,0.4795,0.2572,0.5214,0.3099,0.2097,0.1629,0.3525,
1.0,0.9985,0.9669,0.9654,0.9682,0.9967,0.9948,0.9879,0.9816,0.9255,0.7345,0.9281,0.9062,0.8407,0.7976,0.855,0.6784,0.828,0.9392,0.7777,0.6144,0.9495,0.7247,0.6213,0.6021,0.6131,0.8492,0.5661,0.6199,0.7781,0.5011,0.5492,0.3816,0.5796,0.6754,0.579,0.5222,0.3124,0.474,0.2545,0.5221,0.3066,0.2073,0.1596,0.3471,
1.0,0.9984,0.9676,0.966,0.9705,0.9981,0.9956,0.9883,0.9828,0.9242,0.7351,0.9316,0.908,0.8395,0.7999,0.8571,0.6855,0.8259,0.942,0.7847,0.6105,0.9534,0.7233,0.6252,0.6072,0.6154,0.8558,0.5708,0.6234,0.7802,0.5058,0.5541,0.3858,0.5933,0.6788,0.5899,0.5279,0.3089,0.479,0.2612,0.5272,0.3118,0.2065,0.1637,0.3511,
1.0,0.9989,0.9655,0.9644,0.9691,0.9967,0.9937,0.9901,0.9861,0.9207,0.7289,0.9271,0.9022,0.8325,0.7959,0.8494,0.6823,0.8189,0.9375,0.7835,0.6037,0.9492,0.7188,0.6145,0.6114,0.6094,0.857,0.5613,0.6173,0.7767,0.498,0.5367,0.3903,0.5859,0.669,0.5777,0.5133,0.3151,0.4817,0.2574,0.5207,0.3118,0.2044,0.1626,0.3496,
1.0,0.9986,0.9694,0.968,0.9693,0.9972,0.9948,0.9902,0.986,0.9252,0.7409,0.9309,0.909,0.8428,0.8069,0.8577,0.6955,0.8294,0.9399,0.7858,0.6164,0.9517,0.7257,0.6302,0.6105,0.6174,0.8568,0.5738,0.6251,0.7841,0.5071,0.5538,0.3953,0.5937,0.6773,0.5857,0.5263,0.3196,0.4813,0.2659,0.5215,0.3091,0.2074,0.1734,0.3557,
1.0,0.999,0.9675,0.9665,0.9678,0.9974,0.9955,0.9902,0.9862,0.9281,0.7398,0.9297,0.9127,0.8411,0.8075,0.8604,0.6909,0.8299,0.9422,0.7925,0.6152,0.9522,0.7262,0.6228,0.6036,0.6141,0.8572,0.5699,0.6267,0.7843,0.5126,0.5504,0.3796,0.5855,0.6763,0.5878,0.5165,0.3236,0.4734,0.2626,0.5255,0.3086,0.209,0.1594,0.3529,
1.0,0.9991,0.967,0.9661,0.9726,0.9982,0.9952,0.9886,0.9849,0.9239,0.7385,0.9343,0.908,0.838,0.7997,0.8599,0.6833,0.8246,0.9385,0.7866,0.6051,0.9516,0.7155,0.6195,0.6012,0.611,0.8549,0.5627,0.6209,0.7792,0.494,0.547,0.3833,0.5995,0.687,0.5789,0.5277,0.3042,0.4868,0.2624,0.5348,0.3103,0.2143,0.1617,0.3592,
1.0,0.9992,0.9679,0.9671,0.9692,0.9982,0.9962,0.9927,0.9856,0.9254,0.7358,0.9322,0.9137,0.8369,0.8016,0.8593,0.684,0.822,0.9356,0.7865,0.6104,0.9594,0.7298,0.6186,0.6079,0.6101,0.8623,0.5621,0.6247,0.788,0.4965,0.544,0.3844,0.5925,0.6789,0.5825,0.5168,0.3168,0.4766,0.2621,0.5292,0.308,0.207,0.169,0.3514,
1.0,0.9988,0.968,0.9668,0.9718,0.9974,0.995,0.9908,0.9865,0.9184,0.7416,0.9341,0.9039,0.8444,0.807,0.8547,0.6924,0.8321,0.9359,0.7834,0.6052,0.9543,0.7169,0.6216,0.611,0.6105,0.8629,0.5674,0.6186,0.7787,0.4918,0.5542,0.3907,0.598,0.6768,0.5759,0.5251,0.3177,0.4888,0.271,0.5313,0.3098,0.2052,0.1683,0.3674,
1.0,0.9986,0.9678,0.9664,0.9704,0.9971,0.9945,0.9904,0.983,0.9211,0.736,0.9319,0.9059,0.8418,0.8027,0.8541,0.684,0.8248,0.9367,0.7813,0.6087,0.9492,0.7176,0.6219,0.6012,0.6114,0.8536,0.5615,0.6201,0.7775,0.4989,0.5505,0.3862,0.5871,0.6717,0.5822,0.5104,0.3095,0.4782,0.2585,0.5277,0.3089,0.2063,0.1608,0.3536,
1.0,0.9989,0.969,0.9679,0.9708,0.9972,0.9949,0.9913,0.9861,0.9214,0.739,0.9343,0.9069,0.842,0.8044,0.8562,0.6901,0.828,0.9365,0.7848,0.6085,0.9531,0.7206,0.6214,0.6042,0.608,0.8614,0.5666,0.62,0.7804,0.4948,0.5496,0.3846,0.5884,0.6727,0.5771,0.5196,0.3088,0.4807,0.2584,0.5261,0.3085,0.203,0.1561,0.3561,
1.0,0.9996,0.9677,0.9673,0.9743,0.9972,0.9959,0.9927,0.9874,0.9226,0.7484,0.9365,0.9084,0.846,0.8079,0.8606,0.6844,0.8317,0.9433,0.7767,0.6161,0.9518,0.7197,0.6323,0.6054,0.6215,0.8511,0.564,0.6136,0.7814,0.5097,0.5503,0.3892,0.5852,0.6712,0.5807,0.5193,0.322,0.47,0.2564,0.5128,0.3099,0.2003,0.1654,0.3464,
1.0,0.9986,0.9654,0.964,0.9706,0.9975,0.9949,0.9885,0.9817,0.92,0.7316,0.93,0.9036,0.8409,0.8002,0.852,0.6825,0.8262,0.9374,0.7813,0.6088,0.9521,0.7215,0.6222,0.6035,0.615,0.855,0.5666,0.6152,0.7757,0.5024,0.5523,0.3834,0.5798,0.6737,0.5773,0.5194,0.3165,0.4742,0.2615,0.5307,0.3037,0.2154,0.1582,0.3482,
1.0,0.9988,0.9694,0.9682,0.971,0.9977,0.9959,0.9898,0.9835,0.9246,0.7321,0.9331,0.9078,0.8336,0.7913,0.8587,0.6804,0.8212,0.9396,0.7855,0.6102,0.9555,0.7268,0.6199,0.6115,0.6103,0.8608,0.5655,0.6201,0.7774,0.4996,0.5478,0.3953,0.591,0.6781,0.5833,0.5235,0.3056,0.4823,0.2559,0.5309,0.3085,0.2093,0.1632,0.3506,
1.0,0.999,0.9678,0.9668,0.9665,0.9966,0.9948,0.9916,0.9852,0.9235,0.7391,0.9273,0.9072,0.8424,0.8026,0.8515,0.6835,0.8281,0.9375,0.7761,0.6153,0.9554,0.7235,0.6249,0.605,0.6119,0.8501,0.5643,0.6232,0.7781,0.5042,0.551,0.3894,0.5979,0.6798,0.5873,0.5194,0.3131,0.4768,0.2676,0.5208,0.3177,0.2067,0.1622,0.3648,
1.0,0.9991,0.9662,0.9653,0.9697,0.9971,0.9954,0.991,0.9857,0.9238,0.7364,0.9295,0.9081,0.8389,0.8001,0.8539,0.6797,0.8261,0.9409,0.7798,0.612,0.9543,0.7268,0.623,0.6059,0.6124,0.8558,0.5661,0.6284,0.7824,0.5035,0.5508,0.3849,0.5955,0.6791,0.593,0.527,0.3093,0.4788,0.2697,0.5268,0.3122,0.2078,0.1653,0.3634,
1.0,0.9997,0.9654,0.9651,0.9685,0.9979,0.9959,0.9913,0.9848,0.9232,0.7322,0.9288,0.9083,0.8358,0.8015,0.8532,0.6824,0.8209,0.9404,0.7834,0.6145,0.9516,0.7256,0.6237,0.6031,0.6079,0.8578,0.5605,0.618,0.7826,0.5048,0.5419,0.3901,0.5814,0.6626,0.5836,0.5181,0.3179,0.4735,0.2577,0.5167,0.3103,0.2103,0.1653,0.3461,
1.0,0.9985,0.9661,0.9646,0.9675,0.9979,0.995,0.9891,0.9836,0.9266,0.7395,0.9268,0.9102,0.844,0.8056,0.8543,0.6899,0.8297,0.9378,0.7867,0.6127,0.9498,0.7211,0.6192,0.5949,0.6152,0.8569,0.5713,0.6217,0.7851,0.5032,0.5525,0.384,0.5878,0.6752,0.5824,0.5222,0.3112,0.4809,0.2646,0.5291,0.3135,0.2098,0.1579,0.3556,
1.0,0.9992,0.9707,0.9699,0.9718,0.997,0.9955,0.9909,0.9866,0.9245,0.7376,0.9358,0.9081,0.8339,0.7982,0.8613,0.6824,0.8225,0.9397,0.7834,0.6016,0.9534,0.7192,0.6171,0.6075,0.6136,0.852,0.5589,0.6167,0.7856,0.508,0.5495,0.3856,0.5887,0.6793,0.5801,0.5177,0.3121,0.4768,0.2553,0.5231,0.3135,0.2076,0.1664,0.3488,
1.0,0.9986,0.9678,0.9664,0.9671,0.9968,0.9938,0.9885,0.9835,0.9218,0.737,0.9288,0.9047,0.8419,0.8036,0.8514,0.6844,0.8266,0.9406,0.7783,0.6187,0.9485,0.7232,0.6281,0.6128,0.619,0.8545,0.5682,0.621,0.7769,0.5018,0.5518,0.3906,0.5914,0.6728,0.5858,0.5166,0.3184,0.475,0.2594,0.522,0.3107,0.2051,0.1583,0.3502,
1.0,0.9988,0.9672,0.966,0.9713,0.9969,0.9947,0.9893,0.9836,0.9239,0.7417,0.9323,0.9063,0.8436,0.8028,0.8575,0.6848,0.831,0.9435,0.7819,0.626,0.9493,0.7303,0.638,0.6109,0.618,0.8548,0.5716,0.629,0.788,0.5114,0.5586,0.3966,0.5966,0.6712,0.5881,0.5087,0.3252,0.4777,0.2621,0.5239,0.3159,0.2095,0.162,0.3578,
1.0,0.9986,0.965,0.9636,0.9676,0.9967,0.9943,0.9913,0.9857,0.9231,0.7328,0.9267,0.9083,0.8374,0.8006,0.8515,0.6849,0.8223,0.9369,0.7872,0.6007,0.9523,0.7166,0.6095,0.6006,0.6096,0.8644,0.5701,0.6092,0.7819,0.4952,0.5446,0.3835,0.5877,0.6716,0.5776,0.5246,0.3109,0.4876,0.2562,0.5246,0.3056,0.2062,0.161,0.3571,
1.0,0.9992,0.9691,0.9683,0.9722,0.9975,0.9958,0.9909,0.9851,0.9289,0.7358,0.9361,0.9142,0.8316,0.7939,0.8651,0.6827,0.8179,0.9439,0.7949,0.612,0.9535,0.7279,0.6225,0.6094,0.6151,0.8615,0.5663,0.6305,0.7861,0.5159,0.5497,0.3967,0.5951,0.6878,0.5951,0.5315,0.3126,0.488,0.2727,0.5356,0.3274,0.2159,0.1666,0.3638,
1.0,0.9989,0.9655,0.9644,0.9711,0.9971,0.995,0.9911,0.9842,0.9166,0.7279,0.93,0.9003,0.8358,0.7978,0.8491,0.6713,0.8218,0.9431,0.7721,0.6066,0.9506,0.7153,0.6243,0.6062,0.612,0.8499,0.561,0.614,0.7771,0.4979,0.5482,0.3867,0.5935,0.6702,0.5784,0.5133,0.3171,0.4767,0.2532,0.5168,0.3012,0.2053,0.1656,0.3478,
1.0,0.9989,0.9672,0.9661,0.967,0.9969,0.9949,0.9919,0.9859,0.9224,0.7364,0.9258,0.9053,0.8434,0.8045,0.8494,0.6898,0.8298,0.9471,0.7777,0.6202,0.9539,0.7206,0.6303,0.6026,0.6187,0.8575,0.568,0.6111,0.7736,0.4929,0.5509,0.3792,0.5826,0.674,0.5806,0.5306,0.3114,0.4672,0.2592,0.5121,0.2944,0.1968,0.1577,0.3469,
1.0,0.9991,0.9694,0.9685,0.9697,0.9972,0.9952,0.9909,0.9863,0.927,0.7363,0.9333,0.9114,0.8345,0.7956,0.8604,0.6775,0.821,0.944,0.7784,0.6147,0.9518,0.7247,0.6238,0.6076,0.6139,0.8539,0.5684,0.623,0.7907,0.5162,0.5563,0.392,0.5926,0.6872,0.5864,0.5166,0.3243,0.4752,0.2575,0.5195,0.317,0.2126,0.1639,0.352,
1.0,0.9987,0.9665,0.9652,0.9679,0.997,0.9945,0.9919,0.9872,0.9217,0.7349,0.927,0.9062,0.8392,0.8018,0.8498,0.6885,0.8265,0.9396,0.7812,0.6059,0.9538,0.721,0.6194,0.6106,0.6129,0.8592,0.5664,0.6151,0.7768,0.4949,0.5484,0.3942,0.5926,0.6668,0.5778,0.5207,0.3173,0.4867,0.2525,0.5266,0.307,0.2008,0.1654,0.3569,
1.0,0.9982,0.9679,0.9661,0.9695,0.9971,0.9941,0.9884,0.9841,0.9222,0.7327,0.9305,0.9048,0.8387,0.7995,0.8533,0.6792,0.8268,0.9429,0.7772,0.6122,0.9526,0.7214,0.6241,0.6085,0.6111,0.85,0.5666,0.6243,0.7763,0.5001,0.5549,0.3895,0.5924,0.6797,0.5825,0.5217,0.3112,0.4749,0.2605,0.516,0.3039,0.2067,0.1647,0.3528,
1.0,0.9985,0.9663,0.9648,0.971,0.9975,0.9944,0.9896,0.9857,0.9237,0.7365,0.9308,0.9074,0.837,0.8,0.8571,0.6764,0.8244,0.9424,0.7776,0.6126,0.9491,0.719,0.6225,0.6073,0.617,0.8488,0.569,0.6249,0.7824,0.5035,0.5563,0.393,0.5924,0.6733,0.588,0.5189,0.3144,0.4814,0.263,0.5206,0.3128,0.2121,0.1712,0.3566,
1.0,0.9983,0.9664,0.9647,0.9711,0.9966,0.9947,0.9908,0.9855,0.9213,0.7288,0.9303,0.9047,0.8316,0.7937,0.8537,0.6775,0.8208,0.9425,0.7833,0.6024,0.9538,0.7192,0.6142,0.6077,0.6085,0.8582,0.5625,0.6124,0.7813,0.4991,0.5397,0.3815,0.5905,0.6695,0.5801,0.5285,0.3162,0.4815,0.2587,0.5233,0.3045,0.2038,0.1664,0.3489,
1.0,0.9991,0.9687,0.9678,0.9678,0.9973,0.995,0.9901,0.9855,0.9246,0.7385,0.9308,0.9078,0.8421,0.8022,0.8567,0.688,0.8275,0.9402,0.7797,0.6161,0.9492,0.7217,0.6263,0.6026,0.6137,0.8573,0.5726,0.6241,0.7779,0.5037,0.5563,0.3892,0.5863,0.6794,0.5837,0.5206,0.3168,0.4744,0.2636,0.5284,0.3092,0.2057,0.1654,0.3514,
1.0,0.9985,0.9642,0.9627,0.9692,0.9976,0.995,0.9896,0.9843,0.929,0.7418,0.9275,0.9138,0.8415,0.8034,0.8582,0.6899,0.8273,0.9395,0.79,0.6221,0.9512,0.7337,0.6262,0.6146,0.6235,0.8601,0.5731,0.6282,0.7854,0.5038,0.5536,0.3919,0.5873,0.673,0.5924,0.5237,0.3235,0.4847,0.2756,0.5286,0.3048,0.2057,0.1704,0.3563,
1.0,0.9986,0.9655,0.9641,0.9696,0.9977,0.9952,0.9893,0.9837,0.9226,0.7317,0.9283,0.9058,0.8374,0.7983,0.853,0.6748,0.824,0.9411,0.779,0.6068,0.9524,0.7214,0.6167,0.6014,0.6143,0.8557,0.5674,0.6149,0.7848,0.5044,0.5523,0.3829,0.5846,0.6769,0.5753,0.5212,0.3233,0.4713,0.2556,0.5185,0.3111,0.2107,0.1622,0.3427,
1.0,0.9989,0.9647,0.9636,0.9674,0.9971,0.9953,0.9914,0.9842,0.9298,0.743,0.9258,0.9148,0.8421,0.8015,0.8563,0.6793,0.8281,0.9414,0.7825,0.6195,0.9559,0.7263,0.6192,0.5978,0.6161,0.8512,0.5651,0.6224,0.786,0.504,0.5506,0.3719,0.5875,0.6766,0.5911,0.5241,0.3073,0.4686,0.2678,0.5147,0.315,0.2046,0.1534,0.3512,
1.0,0.9988,0.9683,0.9671,0.9678,0.9973,0.9948,0.9907,0.9878,0.9255,0.7361,0.9297,0.9099,0.8368,0.8039,0.8563,0.6836,0.826,0.9461,0.7825,0.6179,0.9539,0.7262,0.6242,0.6094,0.6151,0.8531,0.5682,0.6254,0.7817,0.5102,0.5535,0.3859,0.5917,0.6759,0.5939,0.5168,0.3162,0.4763,0.2646,0.5202,0.307,0.2074,0.161,0.3497,
1.0,0.9988,0.968,0.9668,0.9724,0.997,0.9949,0.9898,0.9839,0.9247,0.7392,0.9342,0.9082,0.8391,0.7994,0.8592,0.687,0.8257,0.9396,0.7896,0.6126,0.9531,0.7268,0.6273,0.6105,0.6146,0.8595,0.5652,0.6205,0.7848,0.5005,0.5533,0.3826,0.5916,0.6765,0.5857,0.5217,0.3118,0.474,0.2621,0.5194,0.3099,0.2093,0.1587,0.3507,
1.0,0.9988,0.9676,0.9664,0.9711,0.9968,0.9946,0.9898,0.9849,0.9244,0.744,0.9323,0.9077,0.8439,0.8081,0.8572,0.6912,0.8317,0.9418,0.7861,0.619,0.9513,0.7255,0.6313,0.6079,0.623,0.8554,0.5753,0.6209,0.7891,0.5109,0.5575,0.3904,0.5906,0.6708,0.5836,0.5198,0.3159,0.4772,0.2649,0.5248,0.3153,0.2121,0.1669,0.3587,
1.0,0.9984,0.9694,0.9678,0.972,0.9982,0.9954,0.9895,0.9834,0.9251,0.7341,0.9338,0.9094,0.8345,0.7951,0.8605,0.683,0.8211,0.9405,0.7881,0.6097,0.9521,0.725,0.6232,0.6132,0.6144,0.8593,0.565,0.6263,0.7856,0.5119,0.5491,0.3925,0.5895,0.6744,0.5886,0.518,0.3166,0.4781,0.2566,0.5257,0.3155,0.2113,0.1656,0.3485,
1.0,0.9992,0.9661,0.9653,0.9721,0.9972,0.9955,0.991,0.9863,0.9253,0.7372,0.9321,0.9092,0.8367,0.8011,0.8586,0.6852,0.8231,0.9425,0.7928,0.6097,0.95,0.7214,0.6242,0.6034,0.6128,0.8614,0.5691,0.6207,0.7876,0.5092,0.5487,0.3837,0.5926,0.6792,0.5866,0.5186,0.3131,0.4846,0.2594,0.5316,0.3118,0.2108,0.1585,0.3615,
1.0,0.999,0.9664,0.9654,0.9711,0.9971,0.9952,0.9907,0.9858,0.9245,0.738,0.9302,0.9071,0.8391,0.8013,0.8555,0.6874,0.8276,0.9443,0.786,0.6175,0.9551,0.7305,0.6301,0.6184,0.6196,0.8538,0.5698,0.6278,0.7875,0.5113,0.5538,0.3906,0.5876,0.6758,0.5912,0.5226,0.314,0.4749,0.2708,0.5239,0.3121,0.203,0.1601,0.351,
1.0,0.9993,0.9667,0.966,0.9678,0.9972,0.9954,0.991,0.9851,0.9243,0.7316,0.9284,0.9083,0.8369,0.7968,0.8538,0.6807,0.8236,0.9432,0.7803,0.6089,0.9559,0.7211,0.6188,0.6115,0.6135,0.8578,0.5683,0.6142,0.7755,0.497,0.5508,0.3862,0.594,0.6788,0.5856,0.5253,0.3191,0.4787,0.255,0.5138,0.3086,0.2082,0.1638,0.3547,
1.0,0.9988,0.9687,0.9675,0.9709,0.9965,0.9943,0.9891,0.9844,0.9163,0.7296,0.934,0.8993,0.8411,0.8022,0.8514,0.6823,0.8285,0.9416,0.7754,0.6031,0.95,0.7136,0.6229,0.6038,0.6062,0.8534,0.5648,0.6135,0.7733,0.4988,0.5463,0.3824,0.5926,0.6766,0.5781,0.5194,0.3117,0.4735,0.2531,0.5222,0.3133,0.2034,0.1588,0.3564,
1.0,0.999,0.9649,0.9639,0.9674,0.9971,0.9948,0.9917,0.9862,0.9272,0.7353,0.9263,0.9126,0.8339,0.7973,0.8548,0.6801,0.8215,0.9433,0.7851,0.6136,0.9548,0.7279,0.6193,0.6123,0.6196,0.8624,0.5739,0.6219,0.7808,0.4997,0.5528,0.3849,0.5908,0.6785,0.5926,0.5348,0.3096,0.4794,0.2712,0.5268,0.3056,0.2048,0.1662,0.3486,
1.0,0.9991,0.966,0.9651,0.9665,0.9971,0.9953,0.9901,0.9841,0.9211,0.7344,0.9282,0.9061,0.8419,0.8055,0.8519,0.6821,0.8281,0.9427,0.7793,0.6163,0.9524,0.724,0.626,0.6077,0.6156,0.8562,0.5678,0.6224,0.7751,0.5056,0.555,0.3919,0.5909,0.6814,0.5885,0.5248,0.3245,0.4794,0.2652,0.5236,0.3197,0.2143,0.1632,0.3626,
1.0,0.9987,0.9684,0.9671,0.9688,0.9967,0.9936,0.9911,0.9866,0.92,0.7286,0.9297,0.9036,0.8345,0.7971,0.8515,0.6784,0.8205,0.9405,0.7764,0.6098,0.9528,0.7223,0.626,0.6083,0.604,0.8548,0.5618,0.6192,0.7814,0.5024,0.5406,0.3855,0.5864,0.6695,0.5861,0.5251,0.3122,0.4816,0.2566,0.5165,0.3112,0.1969,0.1731,0.3491,
1.0,0.9993,0.9685,0.9678,0.9717,0.9971,0.9956,0.9901,0.9839,0.9169,0.7354,0.9335,0.8994,0.8426,0.8034,0.8529,0.6884,0.8271,0.938,0.7784,0.6058,0.9494,0.7161,0.6249,0.6097,0.6151,0.8583,0.5782,0.6146,0.7805,0.5039,0.5583,0.3984,0.5912,0.6737,0.5723,0.5273,0.3206,0.4834,0.2609,0.5238,0.3096,0.2069,0.1732,0.3545,
1.0,0.9986,0.967,0.9656,0.9683,0.9964,0.9941,0.9904,0.9853,0.921,0.7331,0.9286,0.9053,0.84,0.8017,0.852,0.6801,0.827,0.9395,0.7751,0.6102,0.9517,0.7233,0.6217,0.6037,0.6109,0.8559,0.5667,0.6215,0.7808,0.4994,0.5514,0.3874,0.5926,0.6717,0.5826,0.5247,0.3131,0.4822,0.2601,0.5256,0.3109,0.2021,0.1664,0.3552,
1.0,0.9987,0.9696,0.9683,0.9671,0.9973,0.9952,0.9898,0.9843,0.922,0.727,0.9293,0.9046,0.8343,0.7949,0.8523,0.6772,0.8208,0.9397,0.7752,0.6018,0.9524,0.7201,0.6157,0.6041,0.603,0.8514,0.5644,0.6223,0.7823,0.5074,0.5551,0.3829,0.5972,0.6827,0.5805,0.5172,0.3214,0.48,0.2599,0.528,0.3106,0.2088,0.1649,0.349,
1.0,0.9982,0.9667,0.9649,0.9667,0.9978,0.9953,0.9907,0.9866,0.9233,0.7362,0.9258,0.9081,0.8369,0.7969,0.8488,0.6754,0.8251,0.9407,0.7706,0.606,0.9547,0.7208,0.6136,0.5967,0.6069,0.8483,0.5514,0.6178,0.7718,0.5005,0.541,0.3885,0.5886,0.6791,0.5845,0.521,0.31,0.4742,0.2582,0.518,0.3132,0.2098,0.1654,0.3473,
1.0,0.9989,0.9692,0.9681,0.9689,0.9979,0.9952,0.9908,0.9869,0.9241,0.7336,0.9313,0.9087,0.8361,0.8004,0.8566,0.6833,0.8228,0.9414,0.7802,0.6129,0.9506,0.7227,0.622,0.6058,0.6062,0.8579,0.5551,0.6212,0.7811,0.4963,0.541,0.3843,0.5929,0.6814,0.5864,0.5189,0.3109,0.4765,0.2588,0.5286,0.3132,0.2099,0.1634,0.353,
1.0,0.999,0.9695,0.9685,0.9673,0.9976,0.9952,0.9909,0.9845,0.9212,0.7348,0.9305,0.9058,0.8412,0.8041,0.8533,0.6895,0.8256,0.9377,0.7817,0.616,0.9531,0.721,0.6239,0.6051,0.6122,0.8602,0.5698,0.618,0.7798,0.4904,0.5509,0.3875,0.59,0.667,0.5725,0.521,0.3092,0.4746,0.2621,0.5214,0.2996,0.1933,0.1663,0.3541,
1.0,0.9987,0.9684,0.9671,0.9712,0.9973,0.995,0.989,0.9824,0.9201,0.7349,0.9324,0.9027,0.8414,0.8004,0.8535,0.684,0.8264,0.9408,0.7813,0.6072,0.9513,0.7176,0.6243,0.606,0.617,0.8548,0.572,0.6113,0.783,0.5003,0.5588,0.3862,0.5883,0.6699,0.5739,0.514,0.3122,0.4652,0.248,0.5212,0.3032,0.1996,0.1587,0.345,
1.0,0.9994,0.968,0.9674,0.9728,0.9971,0.9958,0.9913,0.9864,0.9311,0.7428,0.9347,0.9148,0.8366,0.8011,0.8671,0.6855,0.8258,0.9451,0.7947,0.6197,0.9572,0.7392,0.6293,0.6184,0.6232,0.8583,0.568,0.6307,0.7933,0.5153,0.553,0.3939,0.5945,0.6743,0.5947,0.5262,0.3204,0.4825,0.2705,0.5196,0.3159,0.2072,0.1693,0.3546,
1.0,0.9985,0.9652,0.9637,0.9724,0.9966,0.9942,0.9897,0.9841,0.9233,0.7395,0.9304,0.906,0.8402,0.8,0.855,0.6848,0.8251,0.9376,0.7861,0.612,0.947,0.719,0.6232,0.6012,0.6154,0.8583,0.5678,0.617,0.7809,0.5028,0.5437,0.3847,0.582,0.6718,0.5811,0.5242,0.3108,0.4757,0.2655,0.5311,0.3067,0.2087,0.1609,0.3512,
1.0,0.9989,0.9732,0.9721,0.9659,0.9974,0.9952,0.9904,0.9867,0.9212,0.7322,0.932,0.9048,0.8381,0.8011,0.8538,0.6904,0.826,0.9416,0.7775,0.5986,0.9505,0.7039,0.6159,0.5955,0.6103,0.8546,0.5632,0.6159,0.769,0.4952,0.5497,0.3775,0.5909,0.6764,0.5722,0.5196,0.3076,0.4759,0.2542,0.5214,0.3021,0.2008,0.1547,0.3474,
1.0,0.9988,0.9666,0.9654,0.9704,0.9975,0.9956,0.9904,0.9847,0.925,0.7369,0.9303,0.9091,0.8369,0.7982,0.8563,0.6827,0.8232,0.94,0.7854,0.6082,0.9522,0.7199,0.6175,0.5986,0.6111,0.8551,0.5636,0.6157,0.781,0.5055,0.5455,0.3906,0.5829,0.6776,0.5846,0.5299,0.3144,0.4847,0.2547,0.5296,0.3162,0.2197,0.1706,0.3519,
1.0,0.9988,0.9696,0.9684,0.9697,0.9981,0.9962,0.9902,0.9828,0.9218,0.7404,0.9326,0.9063,0.8457,0.8057,0.8551,0.6952,0.8311,0.9365,0.7858,0.6096,0.9555,0.7181,0.6234,0.6061,0.6177,0.8578,0.572,0.6191,0.7789,0.509,0.556,0.3912,0.5941,0.6769,0.5765,0.5228,0.3217,0.4788,0.2625,0.5221,0.3143,0.2138,0.1654,0.3566,
1.0,0.999,0.9661,0.9651,0.9681,0.9978,0.9961,0.9911,0.985,0.9219,0.7297,0.929,0.908,0.8359,0.7989,0.8526,0.6813,0.8219,0.9415,0.7807,0.6067,0.9514,0.7239,0.6178,0.6047,0.6124,0.8609,0.569,0.6216,0.7814,0.4964,0.5514,0.3889,0.5898,0.6798,0.5873,0.5248,0.3152,0.4827,0.2648,0.5306,0.3097,0.2072,0.1699,0.3537,
1.0,0.9989,0.9691,0.968,0.9697,0.9974,0.9955,0.9915,0.9839,0.9224,0.7385,0.9326,0.9081,0.8427,0.8038,0.856,0.6835,0.8269,0.9388,0.7771,0.6166,0.9535,0.7244,0.6248,0.6077,0.613,0.8537,0.5623,0.6219,0.7776,0.4963,0.5471,0.3846,0.5895,0.6799,0.5855,0.5273,0.3173,0.4815,0.263,0.5213,0.3034,0.2041,0.1679,0.3475,
1.0,0.9985,0.9691,0.9676,0.9722,0.9978,0.9951,0.9912,0.986,0.9233,0.733,0.9343,0.9086,0.8341,0.7972,0.8591,0.6841,0.8217,0.9422,0.7864,0.6101,0.9579,0.7262,0.6264,0.6143,0.6113,0.8571,0.5646,0.6228,0.786,0.5086,0.5483,0.3905,0.5909,0.6777,0.5935,0.5332,0.3131,0.4776,0.2591,0.5193,0.3215,0.2091,0.1705,0.3502,
1.0,0.999,0.9686,0.9676,0.97,0.9971,0.9948,0.9908,0.985,0.9254,0.7355,0.9329,0.9095,0.8369,0.7973,0.859,0.6856,0.8219,0.9383,0.7862,0.6079,0.953,0.7214,0.6193,0.608,0.6136,0.859,0.5656,0.6226,0.7793,0.5058,0.5476,0.3898,0.5963,0.6808,0.5844,0.5275,0.312,0.4868,0.2606,0.5292,0.3142,0.2105,0.1658,0.3565,
1.0,0.9993,0.9642,0.9635,0.9712,0.9972,0.9957,0.9915,0.9866,0.925,0.7404,0.9296,0.9097,0.8407,0.8049,0.8556,0.6835,0.8282,0.9407,0.7818,0.6109,0.9519,0.7209,0.6174,0.6044,0.6156,0.8536,0.5711,0.6184,0.7887,0.5071,0.5543,0.3875,0.5918,0.677,0.5812,0.5215,0.3129,0.4832,0.261,0.5316,0.3199,0.2122,0.1629,0.359,
1.0,0.999,0.9695,0.9685,0.9677,0.9972,0.9948,0.9909,0.987,0.9236,0.7354,0.9306,0.9086,0.8368,0.8002,0.8544,0.6848,0.8245,0.9427,0.7782,0.6143,0.9506,0.7247,0.6275,0.6072,0.6104,0.8536,0.56,0.6266,0.7715,0.5009,0.5472,0.3963,0.5911,0.6818,0.5867,0.5266,0.3133,0.4796,0.2653,0.5308,0.309,0.209,0.1733,0.3484,
1.0,0.9992,0.9682,0.9674,0.9724,0.9973,0.9958,0.9911,0.9853,0.9263,0.7398,0.9333,0.9096,0.8377,0.7994,0.8597,0.6918,0.8253,0.9393,0.7905,0.6038,0.9545,0.7201,0.6169,0.6102,0.6142,0.8586,0.5686,0.6231,0.7905,0.5133,0.552,0.3828,0.5939,0.6756,0.5804,0.5224,0.3131,0.4783,0.2627,0.5298,0.3186,0.2162,0.1607,0.3548,
1.0,0.9992,0.9662,0.9654,0.9702,0.9969,0.9951,0.9899,0.9846,0.9238,0.7384,0.9311,0.9074,0.8383,0.7992,0.8562,0.6797,0.8252,0.9417,0.781,0.6164,0.9559,0.7318,0.626,0.6165,0.6206,0.8536,0.57,0.6271,0.7786,0.5104,0.5514,0.3945,0.5916,0.6732,0.5847,0.518,0.3216,0.4814,0.2641,0.5207,0.3084,0.2069,0.166,0.3592,
1.0,0.9987,0.9674,0.9661,0.9686,0.9976,0.9957,0.9907,0.9825,0.9248,0.7352,0.9297,0.9098,0.8394,0.7972,0.8555,0.6861,0.8243,0.943,0.7852,0.6188,0.9543,0.726,0.6282,0.6072,0.6152,0.8612,0.5724,0.6248,0.775,0.498,0.5569,0.3795,0.5897,0.6838,0.5918,0.5273,0.308,0.4834,0.2646,0.539,0.304,0.2102,0.1653,0.3582,
1.0,0.9981,0.9666,0.9647,0.9674,0.9981,0.995,0.9887,0.9832,0.925,0.7346,0.9265,0.9083,0.8406,0.8001,0.8528,0.6832,0.8267,0.9417,0.7821,0.6178,0.9515,0.7257,0.6232,0.5994,0.6125,0.8575,0.5705,0.6191,0.7817,0.5031,0.5548,0.385,0.5855,0.6761,0.5882,0.5227,0.3079,0.4745,0.2627,0.5212,0.3083,0.203,0.158,0.3474,
1.0,0.9993,0.9664,0.9657,0.9716,0.9975,0.9962,0.992,0.9862,0.9248,0.7386,0.9316,0.9099,0.8377,0.8016,0.8579,0.6824,0.8254,0.9417,0.7844,0.6098,0.9553,0.7245,0.621,0.6049,0.6116,0.8549,0.558,0.626,0.7866,0.505,0.5485,0.3796,0.5944,0.6758,0.5856,0.5179,0.309,0.4784,0.2586,0.5236,0.3103,0.2069,0.1572,0.3546,
1.0,0.9991,0.9678,0.9669,0.9678,0.997,0.9949,0.9886,0.9827,0.9267,0.7299,0.9296,0.9087,0.8347,0.7936,0.8572,0.6776,0.8203,0.9396,0.7844,0.61,0.9505,0.7285,0.617,0.6132,0.61,0.8549,0.5602,0.6306,0.7789,0.5031,0.5443,0.3896,0.5908,0.6719,0.5917,0.5181,0.3086,0.4788,0.2654,0.5218,0.3127,0.2037,0.1661,0.3508,
1.0,0.9992,0.9649,0.9641,0.9699,0.9973,0.9956,0.9915,0.9865,0.924,0.7336,0.9288,0.9086,0.8325,0.7957,0.8547,0.6788,0.8206,0.9455,0.7852,0.6056,0.9565,0.7198,0.6179,0.6055,0.611,0.8573,0.5617,0.6167,0.7791,0.5032,0.5409,0.3797,0.592,0.6781,0.5827,0.5239,0.3044,0.4766,0.2584,0.5159,0.3037,0.2012,0.1567,0.348,
1.0,0.9987,0.9686,0.9673,0.9715,0.9976,0.9949,0.9907,0.9865,0.9232,0.7416,0.9342,0.9087,0.8431,0.8066,0.8578,0.6926,0.8314,0.9366,0.786,0.6116,0.955,0.7225,0.6237,0.6061,0.6128,0.8615,0.5701,0.6242,0.7863,0.5028,0.5523,0.3925,0.5991,0.672,0.58,0.5201,0.3153,0.4874,0.2743,0.5274,0.3204,0.2083,0.1637,0.3674,
1.0,0.9988,0.9673,0.9661,0.9695,0.9972,0.9953,0.9906,0.9845,0.9247,0.7417,0.9313,0.9097,0.8456,0.8066,0.8566,0.6885,0.8325,0.9425,0.7835,0.6164,0.9523,0.7216,0.6268,0.6009,0.6212,0.8567,0.5747,0.6157,0.7844,0.5037,0.5554,0.383,0.5827,0.6677,0.5868,0.5229,0.3137,0.4732,0.2588,0.5232,0.3086,0.205,0.1544,0.3505,
1.0,0.999,0.967,0.966,0.9698,0.9973,0.9953,0.9901,0.9838,0.9212,0.7323,0.9314,0.9059,0.8371,0.8001,0.854,0.6823,0.8235,0.9414,0.7834,0.6085,0.954,0.727,0.6239,0.6112,0.6137,0.8594,0.5682,0.6218,0.7804,0.5048,0.5511,0.384,0.582,0.6742,0.5804,0.5257,0.3191,0.4798,0.2634,0.5261,0.3074,0.203,0.1646,0.3509,
1.0,0.9984,0.9661,0.9645,0.97,0.9969,0.9949,0.9905,0.9845,0.9219,0.737,0.9301,0.9075,0.8401,0.8013,0.8539,0.6843,0.8277,0.9451,0.785,0.6128,0.9555,0.7222,0.6238,0.6043,0.6189,0.8601,0.5764,0.6134,0.7827,0.5036,0.5513,0.3889,0.5826,0.6717,0.5789,0.5279,0.3198,0.4838,0.2592,0.5236,0.3067,0.2005,0.1633,0.3513,
1.0,0.9987,0.9642,0.9629,0.9701,0.9974,0.995,0.9913,0.9859,0.9279,0.7446,0.9281,0.9131,0.8418,0.8037,0.8581,0.688,0.8284,0.9411,0.7862,0.6126,0.9521,0.7189,0.6183,0.5968,0.6204,0.8587,0.5744,0.6207,0.7879,0.5042,0.5588,0.384,0.5845,0.6692,0.5801,0.5196,0.3166,0.476,0.2648,0.522,0.3086,0.2089,0.1603,0.3515,
1.0,0.9991,0.9653,0.9644,0.9691,0.9972,0.9953,0.9909,0.9857,0.9239,0.7431,0.9272,0.9071,0.8454,0.8079,0.8511,0.6884,0.8328,0.9394,0.7799,0.6119,0.9521,0.7161,0.6212,0.5935,0.6237,0.8509,0.57,0.611,0.7808,0.5036,0.5535,0.3842,0.5766,0.6623,0.5707,0.5204,0.3131,0.4704,0.2607,0.5191,0.3033,0.1948,0.1614,0.3493,
1.0,0.9987,0.9701,0.9688,0.9722,0.9979,0.9955,0.9912,0.9855,0.9228,0.7371,0.9351,0.9073,0.8385,0.8007,0.8592,0.6886,0.8244,0.9396,0.7853,0.6107,0.954,0.7211,0.6283,0.6128,0.6179,0.8584,0.577,0.6227,0.788,0.512,0.5579,0.3972,0.5898,0.6712,0.5833,0.5192,0.3242,0.4773,0.2574,0.5218,0.3175,0.2074,0.1641,0.3449,
1.0,0.9994,0.9673,0.9667,0.9686,0.9974,0.9956,0.9907,0.9861,0.9217,0.7345,0.9308,0.9065,0.8401,0.8051,0.8542,0.6842,0.8278,0.9421,0.7788,0.617,0.9563,0.7302,0.6279,0.6123,0.6104,0.8544,0.5671,0.6323,0.784,0.5128,0.5526,0.3947,0.6018,0.6795,0.5914,0.5137,0.3194,0.4864,0.2665,0.5323,0.3189,0.2116,0.1667,0.3614,
1.0,0.9988,0.967,0.9658,0.9711,0.9978,0.9956,0.9918,0.9857,0.9222,0.7403,0.9305,0.9066,0.8427,0.8057,0.8549,0.6877,0.8295,0.9422,0.7801,0.6145,0.9546,0.7213,0.6278,0.6054,0.6202,0.8568,0.5695,0.6166,0.7857,0.5013,0.5545,0.391,0.59,0.6739,0.5788,0.5173,0.3187,0.4766,0.2606,0.519,0.3146,0.2029,0.1586,0.3595,
1.0,0.9984,0.9677,0.9661,0.9701,0.9982,0.9949,0.9889,0.9837,0.9223,0.7402,0.93,0.9056,0.8465,0.8055,0.8518,0.6946,0.8304,0.9342,0.7816,0.6079,0.9492,0.7148,0.6206,0.5984,0.6108,0.8558,0.5679,0.6214,0.7781,0.5002,0.5487,0.388,0.5872,0.6683,0.577,0.5113,0.316,0.474,0.2607,0.5309,0.3092,0.2062,0.1541,0.3647,
1.0,0.999,0.9647,0.9637,0.9691,0.9972,0.995,0.9897,0.9856,0.9207,0.7321,0.9273,0.9037,0.8385,0.8011,0.8496,0.6827,0.8276,0.9383,0.778,0.6058,0.9525,0.721,0.6192,0.6076,0.6079,0.8552,0.5652,0.6129,0.7798,0.5048,0.544,0.3866,0.5898,0.6657,0.5754,0.5098,0.321,0.4777,0.2559,0.5193,0.3093,0.2079,0.1593,0.3512,
1.0,0.9985,0.966,0.9645,0.9683,0.9967,0.9942,0.9916,0.9853,0.9213,0.7338,0.9282,0.907,0.8408,0.8026,0.8522,0.6812,0.8262,0.9373,0.7778,0.611,0.9517,0.7253,0.6236,0.6062,0.6119,0.8554,0.5683,0.6219,0.7817,0.4964,0.5522,0.3941,0.5882,0.6668,0.5833,0.5163,0.3113,0.4766,0.2629,0.5156,0.3137,0.1989,0.1614,0.3573,
1.0,0.9991,0.967,0.9661,0.9679,0.9975,0.9956,0.9911,0.9856,0.9232,0.7399,0.9293,0.9084,0.8459,0.8105,0.8545,0.6946,0.8339,0.9408,0.7848,0.6148,0.9552,0.7229,0.6264,0.6019,0.6117,0.8639,0.5731,0.6142,0.7836,0.5046,0.5528,0.3858,0.5895,0.6732,0.5804,0.5175,0.3235,0.4861,0.2636,0.5304,0.3109,0.2102,0.1586,0.3663,
1.0,0.9994,0.9664,0.9658,0.9668,0.9974,0.9961,0.991,0.9844,0.9225,0.7286,0.9274,0.9074,0.8352,0.7979,0.8508,0.6818,0.8227,0.9407,0.7811,0.6069,0.9523,0.7199,0.6184,0.6051,0.6103,0.8559,0.5665,0.621,0.7796,0.4966,0.5543,0.382,0.5868,0.6781,0.5873,0.5161,0.3154,0.4735,0.2601,0.5275,0.3097,0.2045,0.1579,0.3529,
1.0,0.9984,0.9677,0.9661,0.965,0.9974,0.9944,0.9909,0.9856,0.924,0.7353,0.9267,0.9102,0.8432,0.8072,0.8521,0.6893,0.8278,0.9388,0.7818,0.6139,0.9548,0.7236,0.6197,0.5973,0.6072,0.8577,0.5622,0.6178,0.777,0.5097,0.5439,0.3792,0.5845,0.6763,0.5845,0.5228,0.3187,0.4727,0.2694,0.5183,0.3106,0.2063,0.1559,0.3571,
1.0,0.9989,0.9715,0.9704,0.9682,0.9979,0.9959,0.9888,0.9843,0.9251,0.7337,0.9327,0.9074,0.8385,0.8021,0.859,0.6891,0.8268,0.9401,0.7839,0.6136,0.9532,0.7261,0.6246,0.6065,0.6132,0.8553,0.5664,0.623,0.7851,0.5074,0.5592,0.3916,0.5958,0.6819,0.5815,0.5231,0.3229,0.4809,0.2643,0.533,0.308,0.2138,0.166,0.3488,
1.0,0.9987,0.9679,0.9666,0.9676,0.9971,0.9951,0.992,0.9862,0.9259,0.7377,0.9285,0.9109,0.8395,0.8012,0.8559,0.6817,0.8271,0.9415,0.7778,0.6153,0.9567,0.7284,0.6236,0.6014,0.6134,0.8559,0.5621,0.6257,0.7828,0.5064,0.5536,0.3894,0.5973,0.6814,0.5826,0.5205,0.322,0.4767,0.2609,0.5212,0.3145,0.2144,0.169,0.3603,
1.0,0.9989,0.9692,0.9681,0.9719,0.9976,0.9953,0.9907,0.9854,0.9188,0.7326,0.9337,0.9021,0.8376,0.7986,0.8543,0.6804,0.8235,0.9406,0.775,0.6041,0.9543,0.7178,0.6261,0.6082,0.6066,0.8493,0.5614,0.618,0.7794,0.502,0.5507,0.3861,0.5939,0.6803,0.583,0.5129,0.3148,0.4775,0.2518,0.5194,0.313,0.2143,0.1665,0.351,
1.0,0.9986,0.9703,0.9689,0.9693,0.9966,0.9941,0.9898,0.985,0.9218,0.7329,0.9332,0.9049,0.8395,0.8015,0.8567,0.6926,0.8263,0.9404,0.7861,0.6124,0.9503,0.7227,0.6255,0.606,0.609,0.8617,0.5691,0.6235,0.7786,0.504,0.5463,0.388,0.5941,0.6684,0.5779,0.5193,0.315,0.4805,0.2595,0.5256,0.3044,0.2051,0.1627,0.3536,
1.0,0.9992,0.969,0.9682,0.9692,0.9966,0.9947,0.9907,0.9852,0.9233,0.7373,0.932,0.9069,0.8409,0.8029,0.8564,0.6884,0.8276,0.9412,0.7824,0.6077,0.9533,0.7193,0.622,0.6059,0.615,0.8564,0.5691,0.6185,0.7817,0.5076,0.5551,0.3869,0.5923,0.6713,0.5846,0.5132,0.3178,0.4809,0.259,0.5312,0.3151,0.2057,0.1588,0.3562,
1.0,0.9986,0.9682,0.9668,0.9721,0.9971,0.9951,0.9902,0.9841,0.921,0.7353,0.9338,0.9055,0.8396,0.7992,0.8564,0.6794,0.8269,0.942,0.7795,0.6104,0.9525,0.719,0.623,0.6086,0.6144,0.8554,0.5617,0.6176,0.7766,0.5033,0.5423,0.392,0.5942,0.6727,0.5853,0.5223,0.3122,0.4748,0.2582,0.5146,0.3111,0.2007,0.1626,0.3493,
1.0,0.9992,0.9669,0.9661,0.9696,0.9975,0.9954,0.9904,0.9847,0.9224,0.7361,0.9293,0.9055,0.8403,0.8026,0.8533,0.689,0.8264,0.9399,0.7832,0.6091,0.9531,0.7206,0.6227,0.6015,0.6118,0.8553,0.5628,0.6231,0.7784,0.5086,0.5486,0.3833,0.5875,0.6765,0.5834,0.5156,0.3192,0.4723,0.2631,0.5249,0.3088,0.2069,0.1553,0.3526,
1.0,0.9989,0.9688,0.9677,0.9696,0.9971,0.9948,0.9903,0.9852,0.9167,0.7255,0.932,0.9,0.8335,0.7937,0.85,0.6812,0.8192,0.9397,0.7767,0.6005,0.9515,0.7104,0.6192,0.6027,0.6006,0.8571,0.5651,0.61,0.7702,0.4958,0.5448,0.3873,0.5932,0.6751,0.573,0.5227,0.3157,0.4786,0.2537,0.5239,0.3041,0.2058,0.1656,0.3457,
1.0,0.9989,0.9655,0.9644,0.9695,0.9969,0.9948,0.9907,0.9862,0.9267,0.7399,0.9281,0.91,0.8387,0.7984,0.8555,0.6808,0.8253,0.94,0.7834,0.605,0.9524,0.7198,0.6114,0.6041,0.6149,0.8561,0.5661,0.621,0.7816,0.5106,0.5515,0.3911,0.5936,0.6706,0.5831,0.5222,0.3177,0.482,0.2632,0.5205,0.3134,0.2133,0.1592,0.3607,
1.0,0.999,0.9685,0.9675,0.9684,0.9964,0.9945,0.9906,0.985,0.9262,0.7408,0.9302,0.9091,0.8424,0.8032,0.8577,0.6859,0.8291,0.9392,0.7808,0.6107,0.952,0.7224,0.6223,0.6003,0.6168,0.8548,0.5684,0.6155,0.7784,0.5027,0.5488,0.3904,0.5874,0.6721,0.5791,0.5231,0.3096,0.4813,0.2596,0.5247,0.3109,0.2102,0.1638,0.3549,
1.0,0.9991,0.9699,0.969,0.9695,0.9976,0.9952,0.991,0.9865,0.9292,0.7416,0.9332,0.9135,0.8375,0.8017,0.8635,0.6887,0.8231,0.9402,0.7917,0.6139,0.9532,0.7265,0.622,0.6019,0.6191,0.8606,0.569,0.6262,0.7894,0.5116,0.5528,0.3952,0.5935,0.6772,0.5826,0.529,0.3161,0.4837,0.2644,0.5295,0.3165,0.21,0.1714,0.3536,
1.0,0.9989,0.9677,0.9666,0.9695,0.9981,0.9959,0.9902,0.9861,0.9213,0.7339,0.9308,0.9056,0.8366,0.7999,0.8529,0.6859,0.8261,0.9424,0.7837,0.6049,0.955,0.7199,0.6191,0.6077,0.6107,0.8591,0.5676,0.6142,0.7812,0.499,0.5504,0.39,0.598,0.6743,0.5812,0.5159,0.314,0.4875,0.2525,0.5204,0.3128,0.2044,0.1587,0.3591,
1.0,0.9986,0.9702,0.9688,0.9709,0.9969,0.9946,0.9907,0.9865,0.92,0.7366,0.935,0.9043,0.8385,0.8014,0.8562,0.6844,0.8274,0.9401,0.779,0.6055,0.9559,0.719,0.6181,0.6122,0.6135,0.8532,0.5639,0.6196,0.7745,0.4897,0.5471,0.3846,0.5905,0.6809,0.5809,0.5256,0.3072,0.4776,0.2589,0.526,0.3032,0.1974,0.166,0.351,
1.0,0.9992,0.9687,0.9679,0.9675,0.9964,0.9945,0.99,0.9829,0.9242,0.7311,0.93,0.9063,0.8375,0.7941,0.8545,0.6716,0.8221,0.9416,0.7727,0.61,0.9506,0.7212,0.6216,0.6068,0.6096,0.8467,0.5598,0.6264,0.7778,0.5068,0.5526,0.3854,0.5969,0.6839,0.5945,0.5174,0.313,0.4782,0.2604,0.528,0.3204,0.2113,0.1627,0.3526,
1.0,0.9993,0.9698,0.9691,0.9701,0.9968,0.9952,0.9921,0.9852,0.9255,0.7425,0.9343,0.9109,0.843,0.8034,0.8601,0.6825,0.8288,0.9425,0.7781,0.6179,0.9532,0.7241,0.6289,0.6064,0.6224,0.8512,0.5722,0.6189,0.7874,0.5072,0.5638,0.3934,0.5916,0.6719,0.5806,0.52,0.3207,0.4721,0.2568,0.518,0.3092,0.207,0.1671,0.3479,
1.0,0.9991,0.9661,0.9652,0.9702,0.9982,0.9966,0.9901,0.984,0.9234,0.7305,0.93,0.907,0.8321,0.7938,0.856,0.679,0.8181,0.9378,0.7874,0.6048,0.9509,0.717,0.617,0.5977,0.6004,0.8592,0.5451,0.6212,0.7795,0.498,0.5283,0.3774,0.587,0.6752,0.583,0.5207,0.3034,0.4792,0.2648,0.5272,0.3106,0.2077,0.1572,0.3477,
1.0,0.9993,0.9686,0.9679,0.9682,0.9977,0.9962,0.9905,0.986,0.9184,0.7365,0.9304,0.9018,0.843,0.807,0.8505,0.6931,0.8303,0.939,0.7777,0.6042,0.9514,0.7143,0.6215,0.6044,0.6167,0.8592,0.5706,0.6108,0.7742,0.4971,0.5538,0.3955,0.5903,0.6827,0.5726,0.5202,0.3235,0.4819,0.2571,0.5358,0.3072,0.2121,0.1651,0.3578,
1.0,0.9989,0.9657,0.9646,0.9708,0.9979,0.9951,0.9891,0.9851,0.9221,0.7329,0.9302,0.9056,0.8368,0.7973,0.8541,0.6727,0.8236,0.9374,0.7771,0.6045,0.9511,0.7274,0.6162,0.61,0.6064,0.853,0.5588,0.6198,0.7826,0.4989,0.5451,0.3846,0.5964,0.6774,0.5836,0.5171,0.3136,0.4797,0.2554,0.5236,0.3111,0.2067,0.1592,0.3504,
1.0,0.9992,0.967,0.9662,0.9687,0.9967,0.9953,0.992,0.9851,0.9226,0.7326,0.9297,0.9076,0.8368,0.7985,0.8548,0.6784,0.824,0.9398,0.7784,0.6058,0.9527,0.7193,0.6169,0.5982,0.6093,0.858,0.5664,0.613,0.7801,0.5029,0.5478,0.3831,0.5918,0.6737,0.5764,0.5262,0.3173,0.4839,0.2554,0.5291,0.3137,0.2068,0.1627,0.359,
1.0,0.9989,0.9702,0.9691,0.9692,0.997,0.9946,0.9906,0.9858,0.921,0.7405,0.9341,0.9057,0.846,0.8094,0.8566,0.691,0.8336,0.9415,0.7775,0.6155,0.9523,0.7225,0.6299,0.6106,0.6167,0.8583,0.5721,0.6243,0.7803,0.4937,0.5614,0.3872,0.5926,0.6774,0.5821,0.5233,0.3153,0.4801,0.2616,0.5259,0.3038,0.2048,0.1649,0.3589,
1.0,0.9997,0.9656,0.9653,0.969,0.9978,0.9956,0.9901,0.9848,0.9239,0.7422,0.928,0.9064,0.8458,0.806,0.853,0.6906,0.8331,0.9417,0.7833,0.619,0.9552,0.7255,0.6283,0.613,0.6277,0.8575,0.5804,0.6217,0.7801,0.4967,0.5643,0.3874,0.6013,0.6839,0.5887,0.5226,0.3259,0.4849,0.2698,0.5292,0.3139,0.2119,0.17,0.365,
1.0,0.9993,0.9679,0.9672,0.9724,0.9977,0.9958,0.9911,0.985,0.927,0.7397,0.9324,0.9094,0.8361,0.7967,0.8599,0.6855,0.8206,0.9399,0.7892,0.6083,0.9518,0.7243,0.6243,0.612,0.6172,0.8583,0.5656,0.6294,0.7933,0.5192,0.5511,0.3996,0.5933,0.6771,0.5846,0.5175,0.3237,0.4847,0.2635,0.5285,0.3256,0.2137,0.1662,0.3602,
1.0,0.9988,0.9657,0.9645,0.972,0.998,0.9958,0.9903,0.9849,0.9249,0.7407,0.9314,0.9103,0.8395,0.8026,0.8582,0.6843,0.8275,0.9431,0.7856,0.6099,0.9566,0.7197,0.6216,0.5983,0.6171,0.8557,0.5703,0.6097,0.7897,0.508,0.5553,0.3763,0.5897,0.6797,0.5794,0.5271,0.3246,0.4774,0.2616,0.5231,0.3099,0.2073,0.1664,0.3522,
1.0,0.9983,0.9687,0.967,0.9716,0.9964,0.9939,0.9887,0.9836,0.9267,0.7333,0.9334,0.9087,0.8351,0.7948,0.8603,0.68,0.8225,0.9451,0.7871,0.6166,0.9505,0.7256,0.6263,0.6125,0.6157,0.8528,0.5687,0.6231,0.7866,0.5096,0.5533,0.3891,0.5928,0.679,0.5899,0.5278,0.3179,0.4736,0.268,0.5152,0.3093,0.2073,0.1677,0.3405,
1.0,0.9987,0.9697,0.9684,0.9686,0.9972,0.9946,0.9904,0.9863,0.9207,0.7326,0.9332,0.9063,0.8382,0.8016,0.8554,0.6865,0.8268,0.94,0.7802,0.6053,0.9518,0.7156,0.6197,0.6034,0.6062,0.857,0.5692,0.6251,0.7775,0.5024,0.5535,0.3897,0.5911,0.6758,0.5741,0.5174,0.3129,0.4669,0.2539,0.5232,0.3142,0.207,0.1516,0.35,
1.0,0.9989,0.9692,0.9681,0.9673,0.998,0.9958,0.9907,0.9865,0.9233,0.7304,0.9308,0.9088,0.8348,0.7976,0.8543,0.6859,0.8236,0.9433,0.7821,0.6101,0.9547,0.729,0.6213,0.6161,0.6114,0.8608,0.5646,0.6252,0.7765,0.5011,0.5459,0.3924,0.5923,0.682,0.5922,0.5192,0.3226,0.4846,0.2595,0.5301,0.3115,0.2077,0.1666,0.3582,
1.0,0.999,0.9644,0.9634,0.9704,0.9981,0.9962,0.9912,0.986,0.926,0.7413,0.9295,0.9128,0.8421,0.8068,0.857,0.6859,0.8292,0.937,0.7857,0.6104,0.9577,0.728,0.6205,0.609,0.6148,0.8559,0.5693,0.6207,0.7867,0.5062,0.5515,0.3877,0.5868,0.6719,0.5884,0.5219,0.3145,0.4776,0.2671,0.5236,0.3143,0.2067,0.1653,0.3545,
1.0,0.9992,0.966,0.9652,0.9699,0.9978,0.9958,0.99,0.9851,0.9256,0.7438,0.9302,0.9106,0.8462,0.8091,0.8578,0.6945,0.833,0.9398,0.7889,0.6162,0.9539,0.725,0.6268,0.6016,0.6189,0.8595,0.5771,0.6222,0.7864,0.5074,0.5577,0.3862,0.5958,0.6769,0.5918,0.529,0.3158,0.4858,0.2705,0.5317,0.3163,0.2103,0.1693,0.3653,
1.0,0.9989,0.9676,0.9665,0.9661,0.9985,0.9969,0.9891,0.9822,0.9244,0.7336,0.9278,0.9089,0.8424,0.8003,0.8546,0.6832,0.8283,0.9413,0.7783,0.6189,0.9509,0.7239,0.628,0.5996,0.6091,0.8547,0.5643,0.6298,0.7715,0.5084,0.5572,0.3934,0.5979,0.6819,0.5896,0.5187,0.3173,0.4756,0.2629,0.5292,0.3134,0.2078,0.1648,0.355,
1.0,0.9989,0.9711,0.97,0.9711,0.9971,0.9951,0.9916,0.9859,0.9211,0.736,0.9362,0.9066,0.8411,0.8052,0.8581,0.6941,0.8273,0.9423,0.7866,0.6084,0.9556,0.7181,0.6269,0.6127,0.6189,0.8596,0.5769,0.6217,0.7798,0.5034,0.5582,0.3916,0.598,0.6791,0.5867,0.5351,0.3199,0.4808,0.264,0.531,0.308,0.2033,0.1714,0.3585,
1.0,0.9989,0.9685,0.9674,0.9671,0.996,0.994,0.9905,0.9843,0.9251,0.7308,0.9283,0.9078,0.8377,0.7969,0.8546,0.6735,0.8231,0.938,0.7754,0.6033,0.9514,0.7228,0.6144,0.6088,0.6068,0.8499,0.5597,0.6207,0.7788,0.5017,0.5491,0.3929,0.5981,0.6707,0.5813,0.5138,0.3202,0.4742,0.2576,0.5184,0.313,0.2084,0.1628,0.3506,
1.0,0.9987,0.9681,0.9668,0.9731,0.9974,0.9943,0.9889,0.9838,0.9204,0.7397,0.9337,0.9028,0.8429,0.8036,0.856,0.6875,0.8283,0.9385,0.7809,0.6038,0.9505,0.7136,0.6222,0.5943,0.6116,0.8549,0.564,0.6076,0.7833,0.5087,0.5455,0.3819,0.5866,0.6723,0.5684,0.5145,0.3221,0.4704,0.2505,0.5166,0.3079,0.2116,0.1495,0.3494,
1.0,0.9988,0.9646,0.9634,0.9689,0.9966,0.9947,0.9909,0.9842,0.9239,0.7404,0.9275,0.9082,0.8436,0.8052,0.8527,0.6828,0.8296,0.9396,0.7808,0.6175,0.9511,0.7266,0.6262,0.6071,0.6199,0.8548,0.5729,0.6187,0.7818,0.5032,0.5535,0.3868,0.5855,0.6731,0.5822,0.5193,0.3207,0.4747,0.2643,0.5185,0.3078,0.2092,0.1665,0.3515,
1.0,0.9985,0.9697,0.9682,0.97,0.9972,0.995,0.9902,0.9852,0.9192,0.7361,0.933,0.9031,0.8428,0.8048,0.853,0.6875,0.8299,0.9432,0.7768,0.613,0.9515,0.7185,0.6295,0.6121,0.6178,0.8571,0.5739,0.6261,0.7761,0.5024,0.5591,0.3883,0.5987,0.6826,0.5836,0.526,0.3219,0.4868,0.2675,0.5312,0.3108,0.209,0.1667,0.3656,
1.0,0.9986,0.9682,0.9668,0.9685,0.9964,0.9939,0.9903,0.9852,0.9214,0.7431,0.9306,0.9056,0.8507,0.8124,0.854,0.6951,0.8373,0.9405,0.7815,0.6235,0.9492,0.7249,0.6361,0.6091,0.616,0.8577,0.5801,0.6214,0.7811,0.499,0.5589,0.3823,0.5794,0.6699,0.5767,0.5184,0.3192,0.4759,0.2673,0.5221,0.3018,0.1981,0.1566,0.3512,
1.0,0.9989,0.9638,0.9627,0.9714,0.9973,0.9954,0.9904,0.9843,0.925,0.7383,0.9295,0.9098,0.8391,0.8005,0.8564,0.6793,0.8257,0.9391,0.7838,0.6099,0.9555,0.7247,0.6174,0.6017,0.6141,0.855,0.5585,0.616,0.7827,0.502,0.544,0.3821,0.5885,0.6673,0.5801,0.5171,0.3093,0.4807,0.2599,0.5158,0.3057,0.2049,0.1559,0.3549,
1.0,0.9989,0.9681,0.967,0.9663,0.9976,0.9958,0.9914,0.9853,0.9236,0.7325,0.9264,0.9073,0.8379,0.7998,0.8506,0.6855,0.8246,0.9361,0.7798,0.6061,0.9553,0.7232,0.6176,0.6043,0.6047,0.8561,0.561,0.6203,0.7781,0.4973,0.546,0.3868,0.5902,0.6749,0.5801,0.5183,0.3072,0.4738,0.2594,0.5197,0.31,0.2072,0.1584,0.3541,
1.0,0.9994,0.9677,0.9671,0.9714,0.9986,0.9965,0.9895,0.9842,0.9286,0.7344,0.9323,0.9121,0.8335,0.7944,0.8614,0.6825,0.8191,0.9405,0.7921,0.6102,0.9545,0.7292,0.6219,0.6155,0.6181,0.86,0.5671,0.6314,0.7909,0.5141,0.5558,0.3944,0.5925,0.679,0.5911,0.5233,0.3214,0.4789,0.2683,0.5286,0.3219,0.2212,0.1627,0.3566,
1.0,0.9994,0.966,0.9654,0.969,0.998,0.9964,0.9901,0.9838,0.927,0.7369,0.9281,0.9097,0.8385,0.7985,0.8558,0.6797,0.8242,0.9394,0.7807,0.6136,0.9511,0.7282,0.6186,0.6092,0.6169,0.8565,0.5623,0.6212,0.7857,0.4954,0.5482,0.3835,0.584,0.6706,0.5804,0.5147,0.3088,0.4752,0.2589,0.5151,0.3029,0.2031,0.1614,0.3487,
1.0,0.9991,0.9662,0.9653,0.9704,0.9967,0.9953,0.992,0.9861,0.9272,0.7384,0.9316,0.9129,0.8379,0.8036,0.8596,0.6809,0.8248,0.9421,0.7866,0.6135,0.9531,0.7285,0.6211,0.6046,0.6173,0.8542,0.5653,0.6264,0.787,0.5202,0.5504,0.3898,0.5829,0.6723,0.595,0.5248,0.3144,0.4775,0.2699,0.524,0.3176,0.2193,0.1632,0.3523,
1.0,0.9992,0.9681,0.9673,0.9686,0.9975,0.9954,0.9897,0.9847,0.9227,0.7299,0.93,0.906,0.836,0.7978,0.8537,0.676,0.8221,0.9405,0.7788,0.6134,0.952,0.7291,0.6259,0.6157,0.6086,0.8528,0.5643,0.6258,0.7799,0.5026,0.5502,0.3928,0.5919,0.6767,0.5888,0.514,0.3157,0.4737,0.262,0.5186,0.3111,0.2027,0.1674,0.3467,
1.0,0.999,0.9691,0.9681,0.9692,0.9962,0.9946,0.9926,0.9861,0.9305,0.7403,0.931,0.9143,0.8357,0.7986,0.8622,0.6813,0.8208,0.939,0.7856,0.6159,0.9508,0.7273,0.6225,0.6118,0.6153,0.8525,0.563,0.6279,0.7906,0.5088,0.5523,0.3953,0.5836,0.6674,0.5884,0.5124,0.3086,0.4784,0.2641,0.5177,0.3092,0.209,0.1637,0.346,
1.0,0.9987,0.9661,0.9648,0.972,0.9978,0.9954,0.9899,0.9847,0.9196,0.7349,0.9321,0.9044,0.8402,0.8005,0.8525,0.6809,0.826,0.9382,0.7793,0.6083,0.9528,0.7199,0.6206,0.6024,0.6078,0.8559,0.5609,0.6172,0.782,0.5018,0.5465,0.3832,0.5898,0.6726,0.5769,0.5109,0.309,0.4815,0.2532,0.5248,0.3078,0.2073,0.156,0.3509,
1.0,0.999,0.9707,0.9697,0.9682,0.9981,0.9964,0.9903,0.9836,0.925,0.7372,0.9324,0.9091,0.8422,0.8026,0.8584,0.6864,0.8307,0.9457,0.7812,0.6222,0.9565,0.7276,0.6325,0.6155,0.6187,0.8546,0.573,0.6312,0.785,0.5099,0.5653,0.396,0.6025,0.6868,0.5906,0.5231,0.3209,0.4879,0.2631,0.5273,0.3235,0.2126,0.1681,0.3661,
1.0,0.9989,0.9648,0.9637,0.9676,0.9966,0.9941,0.9909,0.9855,0.9213,0.7328,0.926,0.9054,0.8382,0.8002,0.8483,0.6792,0.8239,0.9363,0.7763,0.6103,0.9475,0.7179,0.6187,0.5948,0.6071,0.8518,0.5534,0.6113,0.7716,0.4918,0.5384,0.3882,0.5834,0.6667,0.5739,0.5108,0.307,0.4715,0.2605,0.5193,0.3046,0.2057,0.1634,0.3516,
1.0,0.9992,0.9663,0.9655,0.9699,0.9969,0.9953,0.9902,0.9855,0.9233,0.7314,0.9289,0.9056,0.8349,0.7976,0.8538,0.6806,0.8234,0.9439,0.7787,0.6035,0.9523,0.7167,0.6174,0.603,0.612,0.8521,0.5645,0.6165,0.7783,0.5041,0.5522,0.3833,0.5878,0.6726,0.5806,0.525,0.3142,0.4797,0.2596,0.5259,0.3041,0.2031,0.1705,0.3487,
1.0,0.9992,0.9682,0.9674,0.9673,0.9973,0.9959,0.991,0.9868,0.9276,0.7455,0.9287,0.9113,0.8448,0.8102,0.8572,0.6951,0.8342,0.9439,0.7848,0.6215,0.9556,0.7293,0.6316,0.6087,0.6207,0.8542,0.5693,0.6303,0.7821,0.4994,0.5533,0.3813,0.5936,0.6786,0.5907,0.5237,0.3152,0.4859,0.2729,0.5256,0.3072,0.2077,0.169,0.3674,
1.0,0.9989,0.9687,0.9676,0.9721,0.997,0.995,0.9901,0.9852,0.9247,0.7415,0.9352,0.9087,0.8385,0.802,0.8622,0.6849,0.8253,0.9407,0.7875,0.6111,0.9511,0.7232,0.622,0.6088,0.6197,0.859,0.5732,0.6179,0.7883,0.5095,0.5504,0.3912,0.5902,0.6768,0.5797,0.5275,0.3118,0.4843,0.2617,0.5278,0.3118,0.2085,0.1626,0.3532,
1.0,0.9984,0.9681,0.9665,0.9693,0.9972,0.9942,0.9908,0.9857,0.9198,0.736,0.9309,0.905,0.8411,0.8045,0.8524,0.6879,0.8285,0.9414,0.7783,0.6106,0.9534,0.7213,0.6242,0.6143,0.6138,0.8593,0.5719,0.6248,0.7826,0.5057,0.5589,0.3929,0.6014,0.6759,0.5845,0.5178,0.3231,0.4891,0.2666,0.5334,0.3147,0.2143,0.1629,0.3673,
1.0,0.9987,0.9684,0.9671,0.9688,0.9974,0.9949,0.9886,0.9836,0.9226,0.7372,0.9301,0.9047,0.8421,0.8024,0.8547,0.6858,0.8278,0.9412,0.7795,0.6109,0.9537,0.721,0.6216,0.6034,0.6143,0.856,0.5658,0.615,0.7778,0.5038,0.5526,0.3871,0.5905,0.6808,0.5855,0.5282,0.322,0.482,0.2609,0.5237,0.3108,0.2075,0.164,0.3522,
1.0,0.998,0.9682,0.9662,0.9694,0.9973,0.9948,0.9887,0.9817,0.9259,0.7333,0.9297,0.9087,0.8387,0.7983,0.8563,0.6814,0.8238,0.9371,0.7857,0.607,0.9501,0.7215,0.6165,0.6064,0.614,0.8535,0.566,0.618,0.7834,0.502,0.5538,0.3855,0.5913,0.6771,0.5842,0.5185,0.3128,0.4766,0.2587,0.5238,0.3104,0.2077,0.1641,0.3509,
1.0,0.9986,0.9693,0.9679,0.9707,0.9977,0.9955,0.9912,0.9862,0.9254,0.7357,0.9336,0.9112,0.8338,0.7985,0.8605,0.6818,0.8214,0.9432,0.7864,0.6122,0.9518,0.7254,0.6244,0.608,0.6144,0.8566,0.5651,0.6308,0.786,0.5056,0.5532,0.3946,0.5925,0.6811,0.5884,0.5137,0.3059,0.474,0.2583,0.5224,0.3129,0.206,0.157,0.355,
1.0,0.9989,0.9686,0.9675,0.9675,0.9974,0.9956,0.9899,0.9838,0.9256,0.736,0.9298,0.9091,0.8403,0.8017,0.8576,0.6887,0.8262,0.9407,0.7856,0.6114,0.9532,0.7231,0.6235,0.6077,0.6147,0.8571,0.5699,0.6275,0.7825,0.5047,0.5543,0.3812,0.5895,0.6784,0.5919,0.5275,0.3138,0.4723,0.2689,0.5244,0.3069,0.2129,0.1618,0.3541,
1.0,0.9988,0.9691,0.9679,0.9714,0.9978,0.9954,0.9903,0.9849,0.9211,0.7386,0.9351,0.9066,0.8418,0.8029,0.8567,0.6855,0.8301,0.941,0.7802,0.6113,0.9574,0.7252,0.6298,0.6124,0.6136,0.8548,0.5631,0.626,0.7787,0.4967,0.5491,0.3865,0.6016,0.6827,0.5863,0.5207,0.3096,0.4847,0.262,0.5257,0.3173,0.2028,0.1594,0.357,
1.0,0.9991,0.9684,0.9675,0.969,0.9976,0.9951,0.9909,0.987,0.9257,0.7311,0.9314,0.9103,0.8302,0.7924,0.8582,0.6755,0.8191,0.9414,0.7824,0.6096,0.9513,0.7258,0.6177,0.6055,0.6019,0.8563,0.5555,0.6324,0.7825,0.5064,0.5443,0.3964,0.598,0.6787,0.5878,0.5253,0.3121,0.4829,0.275,0.5264,0.3212,0.2147,0.1602,0.3541,
1.0,0.9995,0.9687,0.9682,0.971,0.9967,0.9956,0.9911,0.9867,0.9207,0.7376,0.9345,0.9049,0.8424,0.8092,0.8571,0.689,0.8303,0.9402,0.7813,0.6035,0.9533,0.7172,0.6213,0.6012,0.6164,0.8542,0.5703,0.611,0.7844,0.5025,0.5591,0.3886,0.589,0.6792,0.5742,0.5206,0.3139,0.4767,0.2577,0.5224,0.307,0.2166,0.167,0.3553,
1.0,0.9989,0.965,0.9639,0.9719,0.9978,0.9958,0.9909,0.9848,0.9209,0.7387,0.9315,0.9067,0.8429,0.8092,0.8545,0.6876,0.8282,0.9381,0.7844,0.6132,0.9539,0.7247,0.6233,0.6067,0.6191,0.857,0.5719,0.616,0.7856,0.5068,0.5517,0.3879,0.5896,0.6788,0.5835,0.5259,0.3202,0.4822,0.2603,0.5234,0.3134,0.2106,0.1688,0.3541,
1.0,0.9989,0.9652,0.9641,0.9663,0.9982,0.996,0.989,0.9854,0.9208,0.7301,0.9248,0.9035,0.8383,0.8025,0.8472,0.6827,0.8276,0.9453,0.7778,0.6094,0.9511,0.7242,0.6214,0.6133,0.6159,0.8587,0.5751,0.6231,0.784,0.501,0.5611,0.3886,0.598,0.6817,0.586,0.5285,0.3254,0.488,0.2659,0.5284,0.3178,0.2106,0.169,0.3653,
1.0,0.999,0.9694,0.9684,0.9695,0.9979,0.9952,0.9894,0.9847,0.9256,0.7371,0.9327,0.9089,0.8384,0.7982,0.8591,0.6837,0.8233,0.9385,0.7829,0.6153,0.9512,0.7251,0.6257,0.611,0.6084,0.8534,0.5598,0.6283,0.7805,0.5076,0.5442,0.3906,0.5942,0.6694,0.59,0.5229,0.3183,0.4703,0.2635,0.5171,0.3114,0.2043,0.1631,0.3513,
1.0,0.9984,0.9692,0.9676,0.9728,0.9964,0.9942,0.99,0.9835,0.9247,0.741,0.9343,0.9071,0.843,0.8031,0.8596,0.6933,0.8296,0.9382,0.7935,0.6111,0.9509,0.7194,0.627,0.6075,0.6171,0.8589,0.5736,0.6251,0.7845,0.5082,0.5596,0.3901,0.5898,0.6738,0.585,0.5198,0.3102,0.4853,0.2654,0.5327,0.3169,0.2088,0.1626,0.3597,
1.0,0.9988,0.9685,0.9673,0.9711,0.9971,0.9945,0.99,0.9833,0.9212,0.7421,0.9346,0.9059,0.8477,0.8078,0.8576,0.6837,0.8323,0.9404,0.7764,0.6178,0.9526,0.7187,0.6316,0.61,0.6276,0.8501,0.5746,0.6225,0.7749,0.5042,0.5663,0.3926,0.5906,0.6794,0.5792,0.5196,0.3236,0.4794,0.2592,0.5281,0.3167,0.2074,0.1655,0.3598,
1.0,0.9983,0.967,0.9653,0.9675,0.9973,0.9942,0.9886,0.9842,0.9195,0.7285,0.9281,0.9037,0.8364,0.7993,0.8488,0.6828,0.8233,0.9396,0.7809,0.6055,0.9518,0.7203,0.6181,0.6046,0.6058,0.8581,0.5655,0.617,0.7782,0.5006,0.5496,0.3917,0.5922,0.6717,0.5782,0.5217,0.3099,0.4845,0.2664,0.5304,0.313,0.2021,0.1684,0.3534,
1.0,0.9984,0.9666,0.965,0.9703,0.9972,0.9945,0.99,0.9857,0.9278,0.743,0.9301,0.9121,0.8415,0.8036,0.8581,0.6877,0.8295,0.9473,0.7877,0.6211,0.9529,0.726,0.6274,0.6056,0.6249,0.8587,0.5729,0.6192,0.7841,0.5125,0.5598,0.387,0.5893,0.678,0.589,0.5269,0.3157,0.4837,0.2623,0.5343,0.3126,0.2088,0.1666,0.3615,
1.0,0.9989,0.9674,0.9663,0.9716,0.9972,0.9945,0.9897,0.9861,0.9236,0.739,0.9323,0.9067,0.8383,0.7988,0.8558,0.6805,0.8255,0.9451,0.7786,0.6204,0.9532,0.7298,0.6312,0.6077,0.6086,0.8544,0.5641,0.6223,0.784,0.5113,0.5472,0.3864,0.5895,0.6805,0.5915,0.5277,0.3167,0.4796,0.261,0.5225,0.316,0.2101,0.1619,0.3532,
1.0,0.9992,0.9691,0.9683,0.9686,0.9966,0.9947,0.9901,0.9857,0.9255,0.7389,0.932,0.9084,0.8394,0.802,0.8578,0.6891,0.8271,0.9398,0.7828,0.6142,0.9526,0.7252,0.6219,0.6066,0.6152,0.8542,0.5641,0.6253,0.7751,0.5056,0.5474,0.3855,0.5828,0.6719,0.5869,0.5233,0.3119,0.4746,0.2654,0.5246,0.305,0.2016,0.1609,0.355,
1.0,0.9992,0.9645,0.9637,0.9698,0.9974,0.9959,0.9914,0.9853,0.9188,0.7306,0.9276,0.9032,0.8359,0.7967,0.8474,0.6779,0.8227,0.9395,0.7768,0.6027,0.9541,0.7212,0.6159,0.6076,0.6072,0.8582,0.5626,0.6128,0.7829,0.5057,0.5464,0.3873,0.592,0.6688,0.5788,0.5092,0.3106,0.4856,0.2525,0.5245,0.3118,0.2051,0.159,0.3575,
1.0,0.9994,0.967,0.9664,0.9708,0.9972,0.995,0.9894,0.9848,0.9227,0.7386,0.9315,0.9044,0.8401,0.8004,0.8565,0.6839,0.8253,0.9387,0.7832,0.609,0.9519,0.7197,0.6216,0.6065,0.6113,0.855,0.5653,0.6174,0.7761,0.5055,0.5481,0.3916,0.5936,0.6755,0.5795,0.5262,0.3095,0.48,0.264,0.5229,0.3147,0.2091,0.1661,0.3593,
1.0,0.9984,0.966,0.9644,0.9711,0.998,0.9954,0.9902,0.9851,0.9222,0.7362,0.9296,0.9066,0.8372,0.8023,0.8519,0.6808,0.8249,0.9347,0.7794,0.6046,0.9546,0.725,0.6168,0.6184,0.6123,0.8539,0.5625,0.624,0.7855,0.4998,0.5409,0.3903,0.6017,0.6671,0.5832,0.5115,0.3062,0.4898,0.2593,0.5161,0.316,0.2014,0.1644,0.3578,
1.0,0.9985,0.9696,0.9681,0.9709,0.9966,0.9941,0.9906,0.9851,0.9226,0.7326,0.9344,0.9075,0.8365,0.7993,0.8579,0.6837,0.8221,0.9389,0.7834,0.6081,0.9499,0.723,0.6245,0.6077,0.6049,0.8584,0.5633,0.6183,0.7897,0.5093,0.5486,0.3979,0.5949,0.6755,0.5839,0.5202,0.3231,0.4839,0.2557,0.5322,0.3219,0.2181,0.1656,0.3543,
1.0,0.9981,0.9682,0.9663,0.9687,0.997,0.9944,0.9889,0.9827,0.9217,0.7328,0.93,0.9042,0.841,0.8005,0.852,0.6811,0.8281,0.9415,0.7774,0.6163,0.9532,0.7281,0.6293,0.6135,0.6138,0.8555,0.5733,0.624,0.7804,0.5121,0.5579,0.3987,0.5997,0.6734,0.5887,0.5209,0.3214,0.4818,0.2639,0.5195,0.3128,0.2051,0.1669,0.3527,
1.0,0.9991,0.9683,0.9674,0.9708,0.9977,0.9961,0.9913,0.9847,0.9225,0.7387,0.9338,0.9078,0.8413,0.8035,0.8578,0.6873,0.8271,0.9393,0.7812,0.6109,0.9544,0.7216,0.6209,0.6063,0.6145,0.8589,0.5655,0.6159,0.778,0.5107,0.5479,0.3987,0.5931,0.6783,0.5755,0.5218,0.3195,0.4885,0.2566,0.5262,0.317,0.2076,0.1666,0.3572,
1.0,0.9989,0.967,0.9659,0.968,0.9971,0.9953,0.9909,0.9853,0.9234,0.7393,0.9295,0.9082,0.843,0.804,0.8541,0.6827,0.8286,0.9426,0.7739,0.6167,0.9518,0.719,0.6216,0.6008,0.6125,0.8541,0.5695,0.6184,0.7782,0.5076,0.5514,0.3842,0.5832,0.6726,0.5876,0.5247,0.3228,0.4703,0.2617,0.5193,0.3111,0.2011,0.1633,0.3481,
1.0,0.9992,0.9676,0.9668,0.9719,0.9979,0.9966,0.991,0.9861,0.924,0.7397,0.9337,0.9095,0.8391,0.802,0.8596,0.6804,0.8269,0.9452,0.7801,0.615,0.9532,0.7226,0.6249,0.6081,0.6112,0.8497,0.5622,0.6293,0.783,0.5148,0.5485,0.3839,0.5868,0.6843,0.5879,0.517,0.3165,0.473,0.2617,0.5253,0.3088,0.2111,0.1598,0.35,
1.0,0.9987,0.9666,0.9653,0.9707,0.9972,0.9952,0.9902,0.9852,0.9243,0.7354,0.9308,0.9084,0.8372,0.7983,0.8568,0.6828,0.8243,0.9411,0.7872,0.6087,0.9514,0.7215,0.619,0.6025,0.614,0.8587,0.5691,0.6154,0.7822,0.5048,0.551,0.3909,0.592,0.6791,0.5865,0.5241,0.3181,0.4844,0.2587,0.5267,0.308,0.2054,0.1664,0.3542,
1.0,0.9982,0.9671,0.9653,0.9714,0.9967,0.9937,0.9892,0.9837,0.9306,0.7437,0.9311,0.9132,0.8399,0.799,0.8639,0.6833,0.8278,0.9418,0.7903,0.6116,0.9515,0.718,0.6181,0.5996,0.6267,0.8579,0.5763,0.6178,0.788,0.511,0.5562,0.3848,0.5928,0.6748,0.5827,0.5176,0.3216,0.4747,0.2573,0.5205,0.3172,0.2099,0.156,0.3551,
1.0,0.9991,0.9652,0.9643,0.9693,0.9972,0.9954,0.9906,0.9846,0.919,0.7321,0.9282,0.9025,0.8414,0.8005,0.8491,0.683,0.8281,0.9419,0.7767,0.6101,0.954,0.7244,0.6243,0.6116,0.6117,0.861,0.5698,0.6177,0.7778,0.4991,0.5565,0.3906,0.5959,0.6742,0.5768,0.5185,0.3178,0.4848,0.2606,0.5242,0.3068,0.2053,0.1598,0.3611,
1.0,0.9988,0.9662,0.965,0.9691,0.9971,0.9946,0.9906,0.9865,0.9213,0.7355,0.9297,0.9063,0.8396,0.8039,0.8519,0.6845,0.8267,0.9407,0.7808,0.6067,0.9533,0.721,0.6165,0.6054,0.6107,0.8565,0.5631,0.6185,0.7756,0.4988,0.5475,0.385,0.5906,0.6744,0.5825,0.5246,0.3105,0.4738,0.2648,0.5191,0.3022,0.2019,0.1599,0.3507,
1.0,0.9988,0.9697,0.9685,0.9656,0.9969,0.9947,0.9917,0.9872,0.9185,0.7301,0.9303,0.9051,0.8404,0.8052,0.8488,0.6853,0.8282,0.9401,0.7728,0.6083,0.9547,0.7269,0.6224,0.6165,0.6143,0.8568,0.5735,0.6202,0.7788,0.4982,0.566,0.398,0.596,0.6785,0.5824,0.5164,0.3239,0.4793,0.2499,0.5212,0.3093,0.2054,0.1649,0.3549,
1.0,0.9988,0.9653,0.9641,0.9704,0.997,0.9948,0.9889,0.9835,0.9264,0.7386,0.9293,0.9091,0.8406,0.8022,0.8581,0.6842,0.8265,0.9393,0.7874,0.6169,0.9496,0.7327,0.6272,0.6074,0.6151,0.8554,0.5617,0.625,0.7807,0.5071,0.5435,0.3902,0.582,0.6739,0.5888,0.5187,0.3128,0.4744,0.2627,0.52,0.312,0.2064,0.1656,0.3483,
1.0,0.9989,0.967,0.9659,0.9713,0.9974,0.9954,0.9888,0.9834,0.9184,0.7325,0.9319,0.9009,0.8399,0.8012,0.8528,0.6862,0.8254,0.939,0.781,0.6025,0.9521,0.7118,0.619,0.6052,0.6115,0.8556,0.5663,0.6112,0.7757,0.5043,0.55,0.3866,0.5939,0.6742,0.5808,0.5262,0.3101,0.4761,0.2599,0.5174,0.316,0.2105,0.1646,0.3578,
1.0,0.9985,0.9712,0.9697,0.9712,0.9971,0.9948,0.9906,0.9856,0.9176,0.7333,0.9349,0.9014,0.839,0.801,0.8552,0.6914,0.8266,0.9401,0.7812,0.6038,0.9545,0.72,0.6265,0.6078,0.6093,0.8596,0.5661,0.6186,0.7827,0.5062,0.5519,0.3883,0.5975,0.6805,0.577,0.5271,0.3175,0.4783,0.2635,0.5366,0.3052,0.2098,0.1702,0.3557,
1.0,0.9984,0.9689,0.9673,0.9723,0.9967,0.9946,0.9914,0.9849,0.9246,0.7388,0.934,0.9089,0.8369,0.7953,0.8605,0.6741,0.8222,0.9395,0.7776,0.6104,0.9511,0.7199,0.625,0.6036,0.611,0.8525,0.5549,0.6181,0.78,0.501,0.5493,0.3872,0.5848,0.6812,0.5836,0.5242,0.3069,0.4697,0.2582,0.5281,0.3072,0.2044,0.1621,0.3438,
1.0,0.9987,0.9684,0.9671,0.971,0.9973,0.9946,0.9888,0.984,0.9221,0.7331,0.9332,0.9055,0.8376,0.7993,0.8557,0.6822,0.8239,0.9353,0.7812,0.6016,0.9518,0.7181,0.6173,0.6005,0.6064,0.8534,0.5568,0.6124,0.7836,0.5065,0.5498,0.3795,0.5908,0.6757,0.5745,0.515,0.3155,0.4713,0.254,0.5175,0.312,0.219,0.1548,0.3418,
1.0,0.9992,0.9701,0.9693,0.9671,0.9969,0.9953,0.9926,0.9867,0.9257,0.7381,0.9292,0.9083,0.841,0.8014,0.8556,0.6847,0.8268,0.9454,0.7752,0.614,0.9524,0.7177,0.6267,0.6023,0.6185,0.8518,0.5695,0.6211,0.7799,0.5022,0.5615,0.3854,0.5887,0.6834,0.5835,0.5266,0.3263,0.4761,0.2575,0.5245,0.3107,0.2118,0.1643,0.3516,
1.0,0.9991,0.9687,0.9678,0.9706,0.9979,0.9958,0.9888,0.9842,0.9204,0.7376,0.9329,0.9027,0.8444,0.8054,0.8543,0.6911,0.8315,0.9378,0.7793,0.6108,0.9501,0.7173,0.6271,0.609,0.6132,0.8561,0.5734,0.6185,0.7814,0.5066,0.5629,0.3931,0.59,0.6782,0.5736,0.5182,0.3169,0.477,0.2652,0.5285,0.312,0.2181,0.1666,0.353,
1.0,0.9989,0.9646,0.9635,0.9675,0.9971,0.995,0.99,0.9858,0.926,0.7406,0.9261,0.9099,0.8401,0.801,0.8532,0.6837,0.829,0.9428,0.7837,0.6153,0.9525,0.7256,0.6186,0.6047,0.6143,0.8582,0.5719,0.6213,0.7816,0.5004,0.5518,0.3856,0.5954,0.6806,0.586,0.5202,0.3141,0.4887,0.2638,0.5302,0.3169,0.2064,0.1657,0.3639,
1.0,0.999,0.9681,0.9671,0.9684,0.9979,0.9958,0.9911,0.9854,0.9234,0.7357,0.9306,0.9091,0.8389,0.8037,0.8543,0.6867,0.8251,0.9415,0.7844,0.6147,0.9526,0.724,0.6253,0.6084,0.6125,0.8595,0.5678,0.6295,0.7865,0.5103,0.5532,0.3875,0.5954,0.6808,0.5922,0.5191,0.3162,0.4816,0.266,0.5268,0.3222,0.2088,0.1627,0.3578,
1.0,0.9993,0.9694,0.9687,0.9726,0.9961,0.9947,0.9916,0.9857,0.9231,0.7396,0.9354,0.9065,0.8414,0.8019,0.8597,0.684,0.8288,0.9398,0.7805,0.6125,0.9546,0.7256,0.6314,0.6179,0.6124,0.8537,0.5678,0.6235,0.7829,0.495,0.5555,0.3901,0.5964,0.6786,0.588,0.5188,0.3075,0.4856,0.2629,0.5256,0.2992,0.201,0.1633,0.3595,
1.0,0.9987,0.9654,0.9641,0.97,0.9977,0.9954,0.9892,0.9846,0.9261,0.7454,0.9288,0.9098,0.8457,0.8086,0.8567,0.6929,0.834,0.9463,0.7886,0.6266,0.953,0.7286,0.6319,0.6083,0.6309,0.8577,0.5846,0.6244,0.7856,0.5125,0.5646,0.3938,0.5885,0.6804,0.5907,0.5281,0.3243,0.4793,0.2658,0.5247,0.3201,0.2092,0.1704,0.357,
1.0,0.9988,0.9678,0.9666,0.9673,0.9967,0.9944,0.9909,0.9852,0.9287,0.7437,0.9286,0.9131,0.844,0.8051,0.8585,0.6871,0.8293,0.9358,0.7842,0.6138,0.9541,0.7263,0.6187,0.5988,0.6126,0.8558,0.5641,0.6225,0.7842,0.5087,0.551,0.3871,0.5933,0.6735,0.5826,0.518,0.3226,0.4781,0.2639,0.5214,0.3205,0.2148,0.1613,0.3566,
1.0,0.9991,0.969,0.9681,0.9704,0.9973,0.9959,0.9912,0.988,0.927,0.7387,0.9327,0.9106,0.8364,0.803,0.8606,0.6824,0.8276,0.9443,0.7835,0.6149,0.9534,0.7287,0.6256,0.6078,0.6144,0.8544,0.5629,0.6234,0.7906,0.5153,0.5462,0.3984,0.5919,0.6763,0.5853,0.5175,0.3163,0.4719,0.2635,0.5119,0.3186,0.2095,0.1609,0.3516,
1.0,0.9988,0.9661,0.9649,0.9688,0.9977,0.9953,0.99,0.9836,0.9252,0.7356,0.9285,0.9099,0.8387,0.7978,0.8553,0.6764,0.8243,0.9426,0.7781,0.6166,0.9539,0.7262,0.6234,0.6067,0.6141,0.8537,0.5668,0.6192,0.7844,0.5046,0.5499,0.3842,0.5844,0.67,0.5893,0.524,0.3213,0.4803,0.2571,0.5168,0.3117,0.2033,0.1601,0.349,
1.0,0.9986,0.9662,0.9648,0.9736,0.9981,0.996,0.99,0.9842,0.9274,0.7448,0.9332,0.9124,0.8431,0.8062,0.862,0.6868,0.8298,0.94,0.7928,0.6131,0.9545,0.7278,0.6249,0.6135,0.6232,0.8558,0.5678,0.6304,0.7916,0.5151,0.5528,0.398,0.5983,0.6789,0.5902,0.5193,0.3175,0.4845,0.2695,0.5181,0.3289,0.2117,0.165,0.3612,
1.0,0.9992,0.9676,0.9668,0.9694,0.9983,0.9962,0.9903,0.9862,0.9224,0.7335,0.9317,0.9076,0.8388,0.8011,0.8563,0.684,0.8246,0.9401,0.7805,0.6065,0.9506,0.7198,0.6192,0.5967,0.6064,0.8557,0.5659,0.6184,0.7807,0.5077,0.5492,0.3868,0.5818,0.6779,0.5775,0.5184,0.3227,0.4759,0.2509,0.53,0.3066,0.2115,0.1651,0.3502,
1.0,0.9991,0.9679,0.967,0.9709,0.9972,0.9953,0.9911,0.9863,0.9212,0.7397,0.9322,0.9051,0.8423,0.8043,0.8544,0.6919,0.8302,0.9418,0.7831,0.6126,0.953,0.7226,0.6301,0.6078,0.6138,0.8575,0.57,0.6259,0.7788,0.5033,0.55,0.3841,0.5865,0.6686,0.5845,0.5167,0.3149,0.4752,0.2637,0.5237,0.3072,0.2018,0.1577,0.3552,
1.0,0.9987,0.9672,0.9659,0.9677,0.997,0.9947,0.9905,0.9853,0.9232,0.7335,0.9284,0.9068,0.8366,0.7999,0.8526,0.6781,0.8233,0.9386,0.7752,0.6108,0.9537,0.725,0.6187,0.6078,0.6067,0.8516,0.5583,0.6225,0.7835,0.5032,0.5453,0.3816,0.5928,0.6796,0.5855,0.5173,0.3139,0.4752,0.2589,0.5227,0.3152,0.21,0.1575,0.3524,
1.0,0.9989,0.9669,0.9658,0.968,0.9977,0.9956,0.9895,0.9847,0.9203,0.7322,0.9297,0.9049,0.84,0.7999,0.8514,0.6803,0.8273,0.9412,0.7747,0.6122,0.9501,0.7224,0.6241,0.6094,0.6122,0.853,0.5657,0.6198,0.7698,0.4979,0.5477,0.3894,0.5889,0.6737,0.5842,0.5164,0.3169,0.4713,0.2616,0.5184,0.3068,0.2025,0.161,0.3487,
1.0,0.9984,0.9705,0.9689,0.9698,0.9974,0.9947,0.9906,0.9851,0.9169,0.7251,0.9341,0.9025,0.8316,0.7941,0.8523,0.6787,0.8195,0.9451,0.7755,0.6047,0.9558,0.7196,0.6236,0.6068,0.6065,0.8585,0.5676,0.6163,0.781,0.5038,0.5537,0.3845,0.5923,0.6825,0.5812,0.5299,0.3189,0.4756,0.254,0.5236,0.309,0.2112,0.1668,0.3529,
1.0,0.9989,0.9698,0.9687,0.9711,0.9975,0.9954,0.9913,0.9861,0.9241,0.7416,0.9351,0.9101,0.8416,0.8048,0.8595,0.6894,0.8281,0.9393,0.7849,0.6126,0.9525,0.7236,0.6258,0.6134,0.6176,0.8555,0.567,0.6271,0.7814,0.502,0.5573,0.3919,0.5889,0.6768,0.5851,0.5157,0.3144,0.4745,0.2617,0.5247,0.3098,0.2091,0.1625,0.3511,
1.0,0.9985,0.9698,0.9683,0.9697,0.9972,0.9952,0.9904,0.9859,0.9233,0.7342,0.9332,0.9079,0.8359,0.798,0.8568,0.6841,0.8248,0.9452,0.7814,0.6103,0.9531,0.7248,0.623,0.6087,0.613,0.8572,0.5702,0.6235,0.781,0.511,0.5526,0.3936,0.5944,0.6813,0.5868,0.5308,0.327,0.4756,0.2652,0.5235,0.3143,0.2083,0.1682,0.3531,
1.0,0.9987,0.9663,0.965,0.971,0.9967,0.9943,0.9914,0.9869,0.9195,0.7389,0.9321,0.9047,0.841,0.8068,0.8523,0.6828,0.8271,0.942,0.7786,0.6129,0.9544,0.7247,0.6247,0.6146,0.6177,0.8514,0.5701,0.618,0.7814,0.5062,0.5561,0.3914,0.5871,0.6805,0.5884,0.5196,0.3222,0.4821,0.26,0.5169,0.3117,0.2079,0.1674,0.3568,
1.0,0.9991,0.9723,0.9714,0.9701,0.9971,0.9948,0.9912,0.9867,0.9238,0.7361,0.9367,0.9092,0.838,0.8021,0.8613,0.6909,0.8261,0.9425,0.7861,0.6121,0.9535,0.7232,0.628,0.6073,0.6114,0.8604,0.5724,0.6215,0.7837,0.502,0.5537,0.388,0.5888,0.6738,0.5806,0.5253,0.3142,0.4774,0.2587,0.5336,0.312,0.2041,0.1697,0.3566,
1.0,0.9986,0.967,0.9656,0.9684,0.9972,0.9954,0.9905,0.9849,0.9191,0.7306,0.9291,0.9044,0.8392,0.8018,0.8499,0.6814,0.8262,0.942,0.7787,0.6115,0.9514,0.7177,0.6239,0.6018,0.6072,0.8538,0.5643,0.618,0.7764,0.5032,0.5506,0.3859,0.5907,0.6813,0.585,0.524,0.316,0.4784,0.2652,0.5255,0.3121,0.2106,0.1675,0.3565,
1.0,0.9988,0.9698,0.9686,0.9706,0.9975,0.9949,0.9893,0.9839,0.9252,0.7302,0.9329,0.9073,0.8348,0.7945,0.8589,0.6822,0.8202,0.9399,0.7869,0.6066,0.9518,0.722,0.6213,0.6108,0.6108,0.8554,0.562,0.6205,0.7829,0.4975,0.5446,0.3858,0.5892,0.6748,0.5852,0.5237,0.309,0.4761,0.2643,0.5208,0.3065,0.2016,0.1606,0.3464,
1.0,0.9991,0.9666,0.9657,0.9676,0.9974,0.9951,0.99,0.9845,0.9221,0.7275,0.9281,0.9057,0.8339,0.7935,0.8512,0.6794,0.8211,0.9451,0.7801,0.6125,0.9499,0.7222,0.6233,0.6036,0.606,0.8585,0.5631,0.6214,0.7765,0.5081,0.5443,0.3951,0.5894,0.6715,0.5832,0.5248,0.3186,0.4794,0.256,0.5209,0.3212,0.201,0.1669,0.3544,
1.0,0.9986,0.9671,0.9657,0.9674,0.9986,0.996,0.9905,0.9836,0.9249,0.7336,0.9285,0.9109,0.8386,0.8002,0.8552,0.6885,0.8247,0.9386,0.7864,0.6078,0.9577,0.729,0.6145,0.6065,0.6087,0.8642,0.5662,0.627,0.7876,0.5034,0.5501,0.3827,0.6036,0.676,0.586,0.5218,0.3178,0.4854,0.2699,0.5242,0.3152,0.2088,0.1554,0.3657,
1.0,0.9985,0.9702,0.9687,0.969,0.9968,0.9937,0.9897,0.9851,0.9221,0.736,0.9318,0.9044,0.8422,0.8042,0.8563,0.6854,0.8285,0.9433,0.7774,0.6115,0.9495,0.7152,0.624,0.6039,0.6174,0.8532,0.5707,0.6169,0.7814,0.5014,0.5545,0.377,0.5872,0.6794,0.5778,0.5235,0.3207,0.4691,0.2551,0.5214,0.3053,0.2052,0.1601,0.3455,
1.0,0.9988,0.9664,0.9652,0.97,0.9976,0.9949,0.99,0.986,0.9206,0.7321,0.9309,0.9059,0.8362,0.7986,0.8526,0.681,0.8225,0.9409,0.7809,0.6018,0.951,0.7136,0.6127,0.6016,0.6094,0.8594,0.5663,0.6127,0.7755,0.4962,0.543,0.3839,0.5923,0.6785,0.5752,0.5291,0.3084,0.4837,0.2574,0.5312,0.3055,0.2005,0.171,0.3529,
1.0,0.9992,0.9703,0.9695,0.9651,0.997,0.9948,0.9904,0.9842,0.9187,0.7227,0.9296,0.9014,0.8358,0.7974,0.8499,0.6802,0.8207,0.94,0.7733,0.6052,0.9524,0.7187,0.6213,0.6036,0.6024,0.8565,0.5606,0.6154,0.7747,0.4962,0.5536,0.3896,0.5937,0.6766,0.5804,0.5289,0.3112,0.485,0.2548,0.5279,0.3103,0.2124,0.1653,0.3587,
1.0,0.9996,0.9674,0.967,0.9703,0.9977,0.9963,0.9902,0.9848,0.9256,0.7432,0.932,0.9086,0.8434,0.8061,0.8596,0.6893,0.8299,0.9375,0.7838,0.6102,0.9578,0.7229,0.6235,0.608,0.6162,0.8537,0.5652,0.6223,0.7849,0.5091,0.5491,0.3908,0.6023,0.6785,0.5889,0.5256,0.3121,0.4904,0.2601,0.5216,0.3201,0.2121,0.167,0.3629,
1.0,0.9989,0.9661,0.965,0.9683,0.9978,0.9952,0.9906,0.9869,0.9244,0.7404,0.9277,0.9091,0.8424,0.8059,0.8534,0.6897,0.8303,0.9409,0.7816,0.6105,0.9563,0.7225,0.6213,0.6049,0.6183,0.8557,0.5726,0.617,0.7847,0.5013,0.5551,0.3754,0.5865,0.6679,0.5833,0.5209,0.3162,0.4787,0.2586,0.5247,0.3004,0.2023,0.1644,0.3538,
1.0,0.9985,0.968,0.9665,0.967,0.9976,0.9952,0.9908,0.9847,0.9284,0.7407,0.9288,0.9142,0.8436,0.8051,0.8595,0.6854,0.8301,0.9406,0.7813,0.624,0.9531,0.7286,0.629,0.6053,0.6201,0.8532,0.5727,0.6289,0.7821,0.5036,0.5582,0.3859,0.5816,0.6715,0.589,0.5188,0.3159,0.4718,0.2605,0.5192,0.3066,0.2053,0.1605,0.3426,
1.0,0.9983,0.9697,0.968,0.9689,0.9976,0.9955,0.9902,0.9845,0.9235,0.7311,0.9317,0.9088,0.8363,0.7966,0.8559,0.6833,0.8248,0.937,0.7837,0.6057,0.9557,0.7274,0.6166,0.6137,0.6103,0.8604,0.5645,0.6218,0.7796,0.4994,0.5511,0.3949,0.592,0.6773,0.5779,0.5106,0.3147,0.4819,0.2569,0.5333,0.3069,0.2121,0.1587,0.3608,
1.0,0.9992,0.9665,0.9657,0.9728,0.997,0.9952,0.9911,0.985,0.9232,0.7382,0.9348,0.9084,0.8413,0.8022,0.8596,0.6831,0.8267,0.9405,0.7834,0.6133,0.9527,0.7219,0.6287,0.6055,0.615,0.8576,0.57,0.6179,0.7836,0.5108,0.5567,0.3944,0.5922,0.672,0.5871,0.5213,0.319,0.4817,0.2582,0.5227,0.3174,0.2148,0.1646,0.3499,
1.0,0.9987,0.9672,0.9659,0.9678,0.9978,0.9959,0.991,0.9863,0.9227,0.7376,0.9279,0.907,0.8429,0.8062,0.8521,0.6837,0.8315,0.9424,0.7779,0.6131,0.9561,0.7219,0.6252,0.6057,0.6138,0.8529,0.5653,0.6197,0.7782,0.5125,0.5509,0.3914,0.5946,0.6783,0.5869,0.5247,0.326,0.476,0.266,0.5213,0.3143,0.216,0.1624,0.3505,
1.0,0.9989,0.9687,0.9676,0.9697,0.9969,0.9946,0.9905,0.9854,0.9223,0.7333,0.9322,0.9058,0.838,0.8019,0.8545,0.687,0.826,0.9385,0.7846,0.6073,0.9561,0.726,0.6221,0.614,0.6165,0.8587,0.5725,0.6175,0.783,0.5091,0.553,0.3934,0.5879,0.6756,0.5823,0.5278,0.3184,0.4764,0.2583,0.5224,0.3182,0.2103,0.1657,0.3541,
1.0,0.9987,0.9686,0.9673,0.9702,0.9975,0.995,0.9889,0.9845,0.9249,0.7378,0.9319,0.9078,0.8378,0.7998,0.8579,0.681,0.8244,0.9432,0.7817,0.6134,0.9492,0.7213,0.6248,0.6036,0.6155,0.8519,0.5614,0.6172,0.7817,0.5027,0.5485,0.3885,0.5835,0.6746,0.5863,0.5249,0.3101,0.4725,0.2568,0.5218,0.3067,0.2021,0.1669,0.3459,
1.0,0.9991,0.9658,0.9649,0.9671,0.9978,0.9957,0.9897,0.9853,0.9207,0.7369,0.9265,0.9039,0.8441,0.8079,0.8498,0.6929,0.832,0.9446,0.7822,0.6065,0.9554,0.7157,0.618,0.5975,0.6164,0.8591,0.5769,0.6144,0.7792,0.5083,0.5578,0.3819,0.5923,0.6773,0.5789,0.5232,0.3197,0.4824,0.2549,0.5277,0.3134,0.2085,0.158,0.3635,
1.0,0.9989,0.9677,0.9666,0.9651,0.9967,0.9945,0.9891,0.9835,0.9239,0.7328,0.9267,0.9064,0.8401,0.8004,0.8523,0.6817,0.8259,0.9397,0.7781,0.6138,0.9502,0.7246,0.6181,0.6071,0.6106,0.8552,0.5674,0.6282,0.7753,0.4922,0.5506,0.3806,0.5932,0.6769,0.5891,0.5209,0.3095,0.493,0.2621,0.5364,0.3055,0.2017,0.1669,0.3627,
1.0,0.9987,0.9679,0.9666,0.9697,0.998,0.9957,0.9912,0.9863,0.9225,0.7357,0.9309,0.9083,0.8386,0.8043,0.8558,0.6867,0.8246,0.9403,0.7834,0.6096,0.9526,0.7222,0.6238,0.6034,0.6135,0.8566,0.5627,0.6165,0.783,0.5045,0.549,0.3883,0.5797,0.6758,0.5826,0.5239,0.3145,0.4706,0.262,0.5217,0.3094,0.212,0.167,0.347,
1.0,0.9986,0.9703,0.9689,0.97,0.9974,0.9951,0.9896,0.9836,0.9279,0.7393,0.9337,0.9113,0.8408,0.7999,0.8624,0.6846,0.8267,0.9406,0.7833,0.6183,0.9521,0.7294,0.6281,0.6149,0.6214,0.8531,0.5686,0.6306,0.7813,0.5116,0.5554,0.3949,0.5942,0.6802,0.5949,0.5295,0.325,0.4825,0.2656,0.5245,0.3157,0.2155,0.174,0.35,
1.0,0.9989,0.967,0.9659,0.9698,0.9971,0.9953,0.9905,0.983,0.9283,0.733,0.9304,0.9121,0.8339,0.7939,0.8596,0.6786,0.8197,0.9401,0.7889,0.6113,0.9546,0.7303,0.617,0.6097,0.6134,0.861,0.5693,0.6235,0.7921,0.5111,0.5505,0.3928,0.5935,0.6773,0.5913,0.5279,0.3203,0.4789,0.2642,0.5267,0.325,0.2154,0.1708,0.3523,
1.0,0.9985,0.9665,0.965,0.9701,0.9975,0.995,0.9921,0.9869,0.9273,0.7444,0.9303,0.9138,0.8421,0.8029,0.8583,0.6941,0.8299,0.9396,0.7917,0.616,0.957,0.7267,0.6214,0.6027,0.6148,0.8665,0.5748,0.6188,0.7871,0.5135,0.555,0.3871,0.5828,0.6773,0.587,0.5223,0.326,0.4853,0.2611,0.535,0.3125,0.2128,0.1609,0.3597,
1.0,0.9987,0.9672,0.9659,0.9682,0.9978,0.9955,0.9905,0.9856,0.9278,0.7416,0.9287,0.9126,0.8433,0.8052,0.8586,0.684,0.8316,0.9435,0.7833,0.6166,0.9538,0.7228,0.6221,0.5998,0.6169,0.855,0.5696,0.6188,0.787,0.5086,0.5527,0.3812,0.5936,0.6717,0.5856,0.5219,0.3188,0.483,0.2612,0.5228,0.3135,0.2086,0.1629,0.3526,
1.0,0.9986,0.9686,0.9672,0.9703,0.9976,0.9948,0.9913,0.9862,0.9201,0.736,0.9333,0.907,0.8391,0.8037,0.8544,0.6844,0.8259,0.9406,0.779,0.6154,0.9533,0.72,0.6279,0.6074,0.6124,0.854,0.5636,0.6212,0.779,0.5034,0.5542,0.3871,0.5847,0.6794,0.5812,0.5203,0.3173,0.4746,0.2631,0.5289,0.3067,0.2076,0.1613,0.3513,
1.0,0.9991,0.9681,0.9672,0.9723,0.9972,0.9955,0.992,0.9849,0.9209,0.7328,0.9352,0.9074,0.8357,0.798,0.8563,0.6802,0.8228,0.9426,0.7843,0.6072,0.9553,0.7204,0.6255,0.6064,0.611,0.8579,0.5653,0.6198,0.7787,0.5018,0.5515,0.3876,0.5881,0.675,0.5754,0.5082,0.3156,0.4827,0.2552,0.5255,0.3013,0.2033,0.1554,0.355,
1.0,0.9987,0.9671,0.9658,0.9718,0.9977,0.9952,0.9893,0.9843,0.9196,0.7361,0.9318,0.9027,0.8392,0.8008,0.8541,0.6822,0.8261,0.9393,0.7808,0.6079,0.9538,0.7191,0.6264,0.61,0.6114,0.8527,0.562,0.6183,0.7765,0.4992,0.5461,0.3854,0.5898,0.6655,0.5807,0.5115,0.3082,0.4762,0.2556,0.5155,0.3068,0.2046,0.1639,0.3523,
1.0,0.999,0.9682,0.9672,0.9711,0.9974,0.9957,0.993,0.9869,0.9236,0.7373,0.9333,0.9106,0.8383,0.8031,0.8586,0.6845,0.825,0.9411,0.7833,0.6064,0.9555,0.7219,0.6221,0.612,0.6184,0.8581,0.5674,0.6226,0.7838,0.5103,0.5582,0.3979,0.5983,0.6803,0.5823,0.5145,0.3243,0.4828,0.2599,0.5272,0.313,0.2094,0.1634,0.3517,
1.0,0.9988,0.9675,0.9663,0.9723,0.9974,0.9953,0.99,0.9844,0.9216,0.7475,0.932,0.9039,0.8499,0.8072,0.8552,0.6913,0.8367,0.9389,0.78,0.6182,0.9528,0.7192,0.6304,0.6068,0.6217,0.8539,0.5743,0.6166,0.7813,0.5003,0.561,0.3854,0.5811,0.6753,0.579,0.5218,0.3181,0.4709,0.2641,0.5228,0.3072,0.2072,0.1612,0.3528,
1.0,0.9996,0.9676,0.9672,0.9696,0.9975,0.9961,0.9905,0.9845,0.9253,0.736,0.9323,0.9094,0.8398,0.801,0.8581,0.6876,0.8248,0.9393,0.7875,0.6129,0.95,0.7265,0.623,0.6101,0.6141,0.864,0.5712,0.625,0.786,0.5071,0.5566,0.3926,0.5948,0.6795,0.5892,0.5228,0.3181,0.4812,0.2641,0.5311,0.3207,0.2134,0.167,0.3585,
1.0,0.9985,0.9678,0.9663,0.967,0.9971,0.9951,0.9904,0.9849,0.9233,0.7378,0.9274,0.907,0.8432,0.806,0.8527,0.6949,0.8302,0.9381,0.7851,0.6058,0.9509,0.7156,0.6184,0.602,0.6139,0.8607,0.5697,0.6168,0.7807,0.4984,0.5555,0.3876,0.594,0.6737,0.5781,0.5112,0.3186,0.4839,0.2553,0.5291,0.3108,0.2135,0.1584,0.3678,
1.0,0.9989,0.9682,0.9671,0.9653,0.9974,0.9949,0.9898,0.9856,0.9242,0.7338,0.9257,0.9069,0.8381,0.803,0.851,0.6905,0.8257,0.9423,0.7825,0.6135,0.9526,0.7257,0.6245,0.607,0.6162,0.8573,0.5712,0.6243,0.7767,0.5009,0.555,0.3908,0.5884,0.6782,0.5879,0.5199,0.3189,0.4764,0.261,0.529,0.3099,0.2058,0.166,0.3529,
1.0,0.9989,0.9673,0.9662,0.9704,0.997,0.9947,0.9905,0.9848,0.9248,0.7374,0.9314,0.9094,0.8394,0.8022,0.8578,0.6794,0.825,0.9409,0.7802,0.6179,0.9551,0.7332,0.6293,0.6037,0.6125,0.8518,0.5624,0.6198,0.7888,0.5189,0.5476,0.3911,0.5843,0.6743,0.5892,0.5168,0.3204,0.4701,0.2511,0.5232,0.3135,0.2078,0.166,0.3434,
1.0,0.999,0.9689,0.9679,0.9691,0.9978,0.9955,0.9903,0.986,0.9256,0.7349,0.9308,0.9085,0.8373,0.7971,0.8564,0.6804,0.8249,0.941,0.7796,0.6058,0.9548,0.7224,0.6149,0.6031,0.6084,0.8528,0.5567,0.616,0.7767,0.5028,0.5438,0.3828,0.5904,0.6745,0.577,0.5147,0.3105,0.4717,0.2535,0.5136,0.3059,0.2044,0.1518,0.3508,
1.0,0.9984,0.967,0.9654,0.9713,0.9977,0.9953,0.9907,0.9846,0.929,0.738,0.9315,0.9144,0.8346,0.7963,0.8618,0.6763,0.821,0.9372,0.7861,0.604,0.9542,0.7239,0.6123,0.6054,0.616,0.855,0.5588,0.627,0.7947,0.5171,0.5488,0.3911,0.5944,0.6749,0.5849,0.5215,0.3196,0.4782,0.2638,0.5263,0.3252,0.2171,0.1609,0.3536,
1.0,0.9986,0.9692,0.9678,0.9651,0.9965,0.9944,0.9892,0.9842,0.9203,0.7306,0.9288,0.9035,0.8408,0.8022,0.849,0.6838,0.8284,0.9404,0.7751,0.6079,0.9524,0.7236,0.6182,0.6107,0.614,0.8545,0.5703,0.6214,0.7738,0.4911,0.5595,0.383,0.5988,0.6848,0.5898,0.527,0.3113,0.4819,0.2638,0.5253,0.309,0.2043,0.1669,0.3598,
1.0,0.9988,0.9668,0.9656,0.9693,0.9972,0.9947,0.9904,0.9866,0.9216,0.7351,0.9296,0.9055,0.8392,0.8008,0.8528,0.6814,0.828,0.94,0.7784,0.6039,0.9508,0.7115,0.6158,0.601,0.6101,0.8549,0.5676,0.6088,0.7802,0.4967,0.5517,0.3845,0.5889,0.6668,0.5719,0.5077,0.3125,0.477,0.2486,0.5208,0.3089,0.205,0.1535,0.35,
1.0,0.9988,0.9684,0.9672,0.9679,0.9968,0.9949,0.9909,0.9838,0.9215,0.7242,0.9305,0.9066,0.8324,0.7944,0.8527,0.6816,0.8185,0.9446,0.7836,0.6085,0.9535,0.725,0.6217,0.6085,0.6077,0.8624,0.5661,0.622,0.7798,0.5003,0.5502,0.3895,0.6018,0.6897,0.5877,0.5307,0.3161,0.4939,0.2617,0.5353,0.3153,0.2135,0.1668,0.3639,
1.0,0.9985,0.9682,0.9667,0.9649,0.9973,0.9954,0.9908,0.9861,0.9234,0.7324,0.9247,0.9072,0.8345,0.7953,0.849,0.6768,0.8206,0.9372,0.7708,0.6096,0.9513,0.7246,0.6164,0.6045,0.6066,0.8502,0.554,0.6234,0.776,0.4877,0.5489,0.3854,0.5821,0.6787,0.5803,0.5187,0.306,0.4694,0.2669,0.5211,0.2915,0.1974,0.1623,0.3432,
1.0,0.9993,0.9681,0.9674,0.9701,0.9971,0.9953,0.9918,0.9846,0.9266,0.7338,0.932,0.9112,0.8353,0.7935,0.8598,0.6825,0.8202,0.9389,0.7865,0.6105,0.9548,0.7271,0.6182,0.6094,0.6064,0.8612,0.5645,0.6273,0.7821,0.5105,0.5426,0.3885,0.5925,0.6735,0.5898,0.5226,0.3122,0.4791,0.2596,0.5317,0.3149,0.2131,0.1579,0.3576,
1.0,0.9992,0.9679,0.9671,0.9717,0.9977,0.996,0.9909,0.9857,0.9277,0.7426,0.9339,0.9126,0.8385,0.8001,0.8619,0.6833,0.8252,0.9395,0.7883,0.6163,0.9519,0.726,0.6263,0.6036,0.6143,0.8546,0.5667,0.625,0.788,0.5089,0.5471,0.3863,0.5857,0.6737,0.586,0.5224,0.3168,0.4763,0.2649,0.521,0.3117,0.2082,0.167,0.3495,
1.0,0.999,0.965,0.964,0.9708,0.9975,0.995,0.9898,0.9848,0.9204,0.7364,0.9289,0.9037,0.8407,0.8001,0.8504,0.6862,0.8278,0.9405,0.7801,0.6091,0.9543,0.72,0.623,0.6038,0.6131,0.8581,0.5672,0.615,0.7783,0.4994,0.5543,0.3869,0.5963,0.6742,0.5698,0.5244,0.3145,0.482,0.2599,0.5187,0.3138,0.2043,0.163,0.3569,
1.0,0.9986,0.9647,0.9633,0.9688,0.9969,0.9944,0.9899,0.9851,0.9215,0.7361,0.9278,0.9062,0.8406,0.8016,0.8525,0.6799,0.8264,0.9415,0.777,0.6142,0.952,0.728,0.6235,0.6113,0.6145,0.8581,0.5721,0.6233,0.7805,0.505,0.5576,0.3944,0.5954,0.6825,0.5874,0.5251,0.3253,0.4846,0.259,0.5305,0.3125,0.2093,0.1715,0.3531,
1.0,0.9991,0.9679,0.967,0.9685,0.9979,0.9956,0.9894,0.9846,0.9199,0.7331,0.93,0.9037,0.843,0.8049,0.8513,0.6901,0.8294,0.9389,0.7824,0.6076,0.9515,0.7176,0.6224,0.5981,0.6041,0.8571,0.5619,0.6155,0.7769,0.4945,0.5412,0.3838,0.5876,0.6655,0.5763,0.5222,0.3065,0.475,0.2589,0.515,0.3019,0.1985,0.1616,0.3557,
1.0,0.9993,0.9684,0.9677,0.9684,0.9973,0.9958,0.9921,0.9862,0.9214,0.7315,0.93,0.9054,0.835,0.7975,0.8523,0.6782,0.8213,0.9422,0.7737,0.6049,0.9535,0.7179,0.6191,0.6001,0.6102,0.8526,0.5577,0.6118,0.777,0.5028,0.548,0.3881,0.5881,0.6771,0.577,0.5164,0.3172,0.4755,0.2478,0.5165,0.3071,0.2079,0.1609,0.3488,
1.0,0.9987,0.9646,0.9633,0.9667,0.9965,0.9934,0.9895,0.9857,0.9266,0.738,0.9232,0.9081,0.8392,0.802,0.8527,0.6826,0.8264,0.9431,0.7837,0.6166,0.9526,0.7269,0.6207,0.602,0.611,0.8549,0.5626,0.623,0.7815,0.5058,0.5463,0.3827,0.5881,0.669,0.5906,0.5219,0.3114,0.4794,0.2643,0.5131,0.3109,0.202,0.1602,0.3572,
1.0,0.999,0.9675,0.9665,0.9705,0.9973,0.9954,0.989,0.9848,0.9193,0.7332,0.9311,0.9012,0.841,0.8038,0.8517,0.6894,0.8281,0.9413,0.7814,0.6039,0.9494,0.7084,0.6196,0.6018,0.6148,0.8578,0.5742,0.6101,0.7815,0.5055,0.5531,0.3835,0.5895,0.6714,0.5716,0.5191,0.3162,0.4854,0.253,0.5271,0.3141,0.2029,0.166,0.3552,
1.0,0.9986,0.9674,0.966,0.9713,0.9981,0.9956,0.9912,0.9866,0.9274,0.7462,0.9329,0.9141,0.842,0.806,0.8623,0.6938,0.8292,0.9429,0.7931,0.6201,0.9525,0.7287,0.6267,0.6067,0.6223,0.8633,0.5747,0.6286,0.7862,0.5059,0.5544,0.3884,0.5841,0.6792,0.5874,0.5284,0.3143,0.4733,0.2723,0.5338,0.3029,0.2133,0.162,0.355,
1.0,0.9986,0.9681,0.9667,0.9669,0.9973,0.9941,0.99,0.9858,0.9233,0.7342,0.9283,0.9073,0.8397,0.8022,0.8522,0.6901,0.8256,0.9397,0.7831,0.6072,0.9489,0.7186,0.6186,0.6014,0.6122,0.8575,0.5726,0.6172,0.7812,0.505,0.5563,0.3862,0.5832,0.6764,0.5793,0.5258,0.3214,0.4759,0.2633,0.5251,0.3136,0.2072,0.1647,0.3485,
1.0,0.999,0.9673,0.9663,0.9717,0.9971,0.9949,0.9919,0.987,0.928,0.7349,0.9329,0.9131,0.8307,0.7938,0.8625,0.6782,0.817,0.9391,0.7898,0.6062,0.9543,0.727,0.617,0.6095,0.6078,0.8574,0.5594,0.6307,0.7867,0.5032,0.5478,0.3863,0.5918,0.6732,0.5861,0.5146,0.3046,0.4882,0.2616,0.5347,0.31,0.2059,0.1598,0.3541,
1.0,0.9992,0.9668,0.966,0.9701,0.9974,0.9962,0.991,0.9866,0.9233,0.7405,0.9299,0.9059,0.8407,0.8019,0.8543,0.6882,0.8303,0.9445,0.7815,0.6123,0.9522,0.7197,0.6229,0.596,0.6135,0.8571,0.5649,0.6174,0.7812,0.5046,0.5527,0.3793,0.5866,0.6748,0.5812,0.5176,0.3087,0.467,0.2601,0.5251,0.2997,0.2046,0.1563,0.3498,
1.0,0.9983,0.9665,0.9648,0.9671,0.9971,0.9942,0.9888,0.9833,0.9264,0.7376,0.9274,0.9106,0.8408,0.8007,0.8552,0.681,0.8275,0.9391,0.7825,0.6052,0.9498,0.7193,0.6104,0.5999,0.612,0.8574,0.5669,0.6194,0.7836,0.5053,0.5545,0.3826,0.5969,0.6673,0.5829,0.5211,0.3197,0.4786,0.2556,0.5172,0.3202,0.1998,0.1586,0.3546,
1.0,0.9989,0.9688,0.9677,0.9694,0.9974,0.9952,0.99,0.983,0.9214,0.7329,0.9315,0.905,0.8392,0.7966,0.8545,0.688,0.8243,0.9385,0.7835,0.6104,0.9534,0.7257,0.6247,0.611,0.6096,0.8656,0.5734,0.6196,0.7771,0.4953,0.5557,0.399,0.599,0.6794,0.5819,0.5268,0.3171,0.4924,0.2611,0.5288,0.3117,0.2017,0.1716,0.3609,
1.0,0.9987,0.9655,0.9642,0.9694,0.996,0.9937,0.9892,0.9854,0.9208,0.734,0.9292,0.904,0.8381,0.8021,0.8504,0.6826,0.8266,0.9445,0.7821,0.608,0.9523,0.718,0.6186,0.6036,0.6168,0.8528,0.5711,0.6122,0.776,0.5056,0.5562,0.3851,0.5899,0.6813,0.5822,0.5254,0.3161,0.4794,0.2536,0.5267,0.3112,0.2086,0.164,0.3518,
1.0,0.9987,0.9636,0.9623,0.9666,0.9975,0.995,0.9885,0.9828,0.9231,0.7328,0.9236,0.9054,0.8413,0.8005,0.8488,0.6794,0.8268,0.9397,0.7783,0.6101,0.9526,0.7208,0.6165,0.5985,0.6084,0.8524,0.5622,0.6137,0.7707,0.4856,0.5438,0.3763,0.5911,0.676,0.5863,0.5149,0.309,0.4838,0.2545,0.5251,0.2979,0.1978,0.1588,0.3574,
1.0,0.9983,0.968,0.9663,0.9724,0.9973,0.9947,0.9907,0.9825,0.9214,0.7341,0.933,0.9055,0.8391,0.7983,0.8562,0.6833,0.8226,0.939,0.7851,0.6085,0.9536,0.7188,0.6261,0.6054,0.6161,0.8567,0.5722,0.6134,0.7804,0.5073,0.5505,0.3886,0.5829,0.6741,0.5756,0.5224,0.3226,0.4755,0.2529,0.5281,0.3118,0.2054,0.1647,0.349,
1.0,0.9984,0.9676,0.966,0.9702,0.9983,0.9961,0.9903,0.984,0.9205,0.7291,0.9292,0.9043,0.8349,0.7981,0.8508,0.6841,0.8221,0.9437,0.7839,0.6056,0.9546,0.7175,0.6239,0.6064,0.6109,0.8574,0.5594,0.6232,0.7781,0.5042,0.5438,0.3879,0.5947,0.6849,0.5852,0.5222,0.316,0.4799,0.2595,0.525,0.3105,0.213,0.1587,0.3578,
1.0,0.9985,0.9668,0.9653,0.9621,0.9979,0.996,0.9893,0.9832,0.923,0.731,0.9216,0.9067,0.8442,0.8057,0.8465,0.6842,0.8314,0.9416,0.7731,0.6121,0.951,0.7188,0.6177,0.5978,0.6134,0.8506,0.5701,0.6168,0.773,0.4931,0.5579,0.3803,0.5864,0.6756,0.5802,0.5152,0.3164,0.4737,0.2549,0.5239,0.3069,0.2022,0.154,0.3583,
1.0,0.9992,0.9682,0.9674,0.974,0.9974,0.9958,0.9906,0.9863,0.9224,0.7435,0.9348,0.9056,0.8453,0.8087,0.8586,0.691,0.8336,0.9402,0.784,0.6085,0.9528,0.72,0.6288,0.6186,0.6223,0.8525,0.5717,0.6204,0.7839,0.5024,0.5592,0.3915,0.5966,0.6797,0.5842,0.517,0.3196,0.4778,0.2571,0.5261,0.3159,0.2125,0.1676,0.3644,
1.0,0.9996,0.9657,0.9653,0.9665,0.997,0.9957,0.9926,0.9884,0.9218,0.7373,0.9276,0.9086,0.841,0.8066,0.8492,0.686,0.8271,0.9407,0.7782,0.6117,0.9502,0.7228,0.6212,0.5984,0.6104,0.8592,0.5654,0.6143,0.7791,0.4984,0.543,0.3838,0.5812,0.667,0.5809,0.526,0.3133,0.4731,0.2584,0.5123,0.3056,0.2129,0.164,0.3508,
1.0,0.9992,0.9699,0.9691,0.9684,0.9969,0.9948,0.9906,0.985,0.9285,0.7374,0.9322,0.9129,0.835,0.7972,0.861,0.6795,0.8192,0.9359,0.7828,0.6143,0.9486,0.7298,0.6235,0.6155,0.6096,0.8544,0.5586,0.6307,0.7867,0.508,0.5445,0.3981,0.5952,0.6735,0.5931,0.5156,0.3174,0.4773,0.2672,0.5273,0.3181,0.2141,0.17,0.3515,
1.0,0.9987,0.9676,0.9663,0.9711,0.9977,0.9953,0.9899,0.9862,0.926,0.7434,0.9319,0.9097,0.8418,0.804,0.8587,0.6878,0.8296,0.9438,0.7871,0.6172,0.9514,0.7205,0.6261,0.6061,0.6176,0.8555,0.5712,0.6247,0.7814,0.5058,0.5544,0.3906,0.5917,0.6733,0.5848,0.5255,0.3154,0.4727,0.2671,0.5212,0.3076,0.2086,0.1649,0.3525,
1.0,0.9988,0.9674,0.9662,0.9711,0.9969,0.995,0.9898,0.9853,0.9191,0.7359,0.9318,0.9021,0.8416,0.8037,0.8524,0.6824,0.8299,0.9433,0.7759,0.6114,0.9478,0.7152,0.6248,0.6026,0.6169,0.8514,0.5695,0.6167,0.7773,0.5012,0.5561,0.3849,0.5815,0.6693,0.5777,0.5155,0.3231,0.471,0.2563,0.5238,0.3105,0.2038,0.1623,0.3483,
1.0,0.9982,0.9688,0.967,0.9723,0.998,0.9952,0.9901,0.9857,0.9251,0.7389,0.9341,0.9098,0.8363,0.7971,0.8593,0.6798,0.8241,0.9437,0.7817,0.6084,0.9542,0.7214,0.6201,0.6056,0.6141,0.8528,0.5571,0.6222,0.7809,0.5087,0.5538,0.3846,0.5937,0.684,0.5851,0.5164,0.3115,0.4752,0.2552,0.5174,0.3069,0.2126,0.1606,0.3487,
1.0,0.9988,0.9705,0.9693,0.9702,0.9971,0.9953,0.9919,0.9874,0.9227,0.7392,0.9349,0.9089,0.8408,0.8065,0.8583,0.6921,0.8295,0.9438,0.7837,0.6132,0.9533,0.7192,0.6252,0.6046,0.6156,0.8564,0.5702,0.616,0.7775,0.5002,0.5526,0.3831,0.5896,0.6775,0.5836,0.5262,0.3126,0.479,0.2583,0.5292,0.3034,0.2013,0.1637,0.3586,
1.0,0.9995,0.9657,0.9652,0.9685,0.997,0.9952,0.9911,0.987,0.9264,0.7338,0.9279,0.9094,0.8322,0.7945,0.8558,0.6805,0.8185,0.9376,0.7839,0.6026,0.9509,0.7208,0.6137,0.6,0.6041,0.856,0.5576,0.6199,0.7829,0.5082,0.5374,0.3775,0.5819,0.6637,0.5804,0.5159,0.3163,0.4796,0.2571,0.5266,0.3096,0.2085,0.1646,0.3441,
1.0,0.9985,0.9665,0.965,0.9679,0.9975,0.9951,0.9896,0.9848,0.9286,0.7325,0.9279,0.9123,0.8318,0.7953,0.8578,0.6742,0.8203,0.9412,0.7842,0.6082,0.9523,0.7235,0.6122,0.6049,0.6195,0.8519,0.5674,0.6215,0.7853,0.5132,0.5521,0.3925,0.5879,0.6699,0.5821,0.5183,0.3215,0.4721,0.2599,0.5185,0.3205,0.2075,0.1616,0.3456,
1.0,0.9992,0.9694,0.9686,0.9693,0.9976,0.9957,0.9909,0.9868,0.9255,0.7403,0.9326,0.9099,0.8394,0.8025,0.8598,0.6952,0.8265,0.9429,0.7894,0.611,0.9538,0.719,0.6216,0.6044,0.6138,0.8642,0.5741,0.619,0.7822,0.5069,0.5543,0.3863,0.595,0.684,0.5834,0.5201,0.3171,0.4808,0.2563,0.5318,0.3122,0.2137,0.1551,0.359,
1.0,0.9987,0.9683,0.967,0.9721,0.9981,0.9959,0.9912,0.9866,0.9166,0.7394,0.9333,0.9017,0.8449,0.8102,0.8519,0.6944,0.8337,0.9423,0.7808,0.6103,0.9579,0.7239,0.6315,0.626,0.6247,0.8605,0.5807,0.6219,0.7855,0.5042,0.5666,0.3988,0.6002,0.6789,0.5851,0.5162,0.3257,0.4896,0.2612,0.5252,0.318,0.2061,0.1689,0.3678,
1.0,0.999,0.9708,0.9698,0.9672,0.9971,0.9954,0.9909,0.9859,0.9272,0.738,0.9307,0.9106,0.838,0.7987,0.8585,0.6881,0.8253,0.9399,0.7856,0.6117,0.9546,0.7232,0.6197,0.6166,0.6163,0.8578,0.5712,0.6281,0.7787,0.506,0.5623,0.3972,0.612,0.6854,0.5939,0.5239,0.3232,0.4875,0.2714,0.5303,0.3209,0.2131,0.1738,0.3664,
1.0,0.9987,0.9665,0.9652,0.9693,0.9982,0.9957,0.9895,0.9818,0.9239,0.7395,0.9305,0.9093,0.8456,0.8035,0.8552,0.6892,0.83,0.937,0.7858,0.6164,0.9544,0.7227,0.623,0.6039,0.6195,0.861,0.5782,0.6204,0.7803,0.4995,0.5621,0.3925,0.5956,0.6714,0.582,0.5297,0.3219,0.483,0.265,0.5274,0.3111,0.2124,0.1662,0.361,
1.0,0.9986,0.9705,0.9691,0.9677,0.9973,0.9951,0.9914,0.9857,0.9179,0.7294,0.9317,0.9035,0.8371,0.7996,0.8514,0.6849,0.8236,0.94,0.7755,0.6042,0.9581,0.7182,0.6185,0.6074,0.6058,0.8571,0.5619,0.6197,0.7739,0.4985,0.5483,0.3877,0.6019,0.6778,0.5782,0.5305,0.3111,0.4847,0.2605,0.5323,0.3063,0.2041,0.1622,0.3595,
1.0,0.9986,0.9708,0.9694,0.9692,0.9972,0.9944,0.9901,0.9853,0.9211,0.7374,0.9331,0.9052,0.8435,0.8049,0.8561,0.6948,0.83,0.9398,0.783,0.6121,0.9519,0.7224,0.6285,0.6069,0.6157,0.8608,0.5712,0.6179,0.7747,0.4985,0.5563,0.3906,0.5892,0.6822,0.5819,0.5212,0.3148,0.4816,0.2588,0.5337,0.3037,0.2094,0.1685,0.3561,
1.0,0.9985,0.9676,0.9661,0.9656,0.9968,0.994,0.9896,0.9851,0.9267,0.7338,0.9257,0.9089,0.8392,0.7994,0.8537,0.681,0.8273,0.9396,0.7767,0.6131,0.9503,0.7243,0.6196,0.6019,0.6086,0.8523,0.5663,0.6207,0.7756,0.4952,0.5494,0.39,0.5967,0.6753,0.5849,0.5163,0.3169,0.4792,0.2627,0.5274,0.3084,0.2074,0.1651,0.3491,
1.0,0.9991,0.9688,0.9679,0.9697,0.9976,0.9952,0.9897,0.984,0.9218,0.7322,0.9318,0.905,0.8385,0.8015,0.8546,0.6816,0.8244,0.9426,0.7776,0.6086,0.9516,0.7189,0.6239,0.6076,0.6113,0.8525,0.5604,0.62,0.7791,0.4989,0.5497,0.3834,0.59,0.677,0.5823,0.5222,0.3164,0.478,0.2605,0.5237,0.3069,0.2117,0.1591,0.3524,
1.0,0.9992,0.9686,0.9678,0.9692,0.9967,0.9949,0.9918,0.9866,0.9227,0.7349,0.9311,0.9065,0.8386,0.8035,0.8557,0.6878,0.8257,0.9402,0.7816,0.6134,0.9541,0.7281,0.6303,0.6139,0.6128,0.8554,0.5635,0.6228,0.7778,0.4969,0.5479,0.3916,0.5891,0.6695,0.5862,0.5196,0.3031,0.4813,0.2613,0.5193,0.3052,0.201,0.1664,0.3521,
1.0,0.9994,0.9669,0.9663,0.9675,0.997,0.9952,0.99,0.9855,0.921,0.7379,0.9288,0.904,0.8448,0.8077,0.8506,0.6953,0.8312,0.9371,0.7822,0.606,0.9526,0.7131,0.6192,0.5954,0.6141,0.8546,0.5663,0.6161,0.7709,0.497,0.5515,0.3832,0.5937,0.6774,0.5726,0.5263,0.3072,0.4834,0.2669,0.5325,0.3082,0.2038,0.1633,0.3664,
1.0,0.9989,0.9694,0.9683,0.9683,0.9973,0.995,0.9911,0.9845,0.9212,0.7352,0.9312,0.906,0.8421,0.8041,0.853,0.6863,0.8271,0.9381,0.7766,0.6173,0.9537,0.7273,0.6308,0.6153,0.6176,0.8542,0.5678,0.6242,0.7774,0.5007,0.5553,0.3991,0.592,0.6813,0.5853,0.5238,0.3196,0.4756,0.2618,0.5215,0.3127,0.2129,0.169,0.3572,
1.0,0.9991,0.9717,0.9708,0.9731,0.9974,0.9954,0.9913,0.9853,0.9258,0.7371,0.9376,0.9093,0.833,0.7948,0.8642,0.6786,0.8192,0.9385,0.7834,0.6065,0.952,0.7217,0.6221,0.6137,0.6139,0.8534,0.5582,0.6263,0.7893,0.5032,0.552,0.3894,0.6025,0.6847,0.5857,0.5174,0.3119,0.4838,0.2624,0.5305,0.3124,0.2117,0.1687,0.3519,
1.0,0.9987,0.9653,0.964,0.9704,0.9971,0.9945,0.9905,0.9857,0.9206,0.7383,0.9295,0.9052,0.8435,0.8052,0.8507,0.6857,0.8316,0.9424,0.7804,0.6145,0.9563,0.7253,0.6252,0.6069,0.618,0.8568,0.5723,0.6125,0.7764,0.5061,0.5544,0.3881,0.5916,0.6814,0.5778,0.5198,0.3177,0.4722,0.2584,0.5243,0.3068,0.2039,0.1605,0.3583,
1.0,0.999,0.9701,0.9691,0.97,0.9967,0.9944,0.9901,0.9839,0.9221,0.7382,0.9334,0.9051,0.8406,0.8009,0.8565,0.6909,0.825,0.9344,0.7841,0.6126,0.9508,0.7232,0.6266,0.609,0.6122,0.8592,0.5709,0.6273,0.7804,0.5048,0.5565,0.3927,0.5924,0.6763,0.5814,0.5146,0.3187,0.4733,0.2672,0.5327,0.3068,0.2126,0.1623,0.3573,
1.0,0.9985,0.9693,0.9678,0.9712,0.9969,0.995,0.9901,0.985,0.9225,0.7401,0.9325,0.9048,0.8432,0.8051,0.8568,0.6918,0.8301,0.9413,0.7841,0.6122,0.9515,0.7213,0.6278,0.6113,0.6232,0.8592,0.5774,0.6174,0.7833,0.5061,0.5621,0.3916,0.5896,0.6792,0.5789,0.5282,0.3205,0.4733,0.261,0.5286,0.3132,0.2072,0.1702,0.3564,
1.0,0.9992,0.9658,0.965,0.968,0.9975,0.9955,0.9908,0.9866,0.9212,0.7293,0.9268,0.9046,0.8342,0.7969,0.8492,0.6794,0.8218,0.9399,0.7765,0.6075,0.9532,0.7259,0.6203,0.6082,0.6036,0.854,0.5563,0.6212,0.7789,0.5062,0.5468,0.3892,0.5863,0.6734,0.5815,0.5139,0.3093,0.4805,0.2578,0.5272,0.3105,0.2096,0.1564,0.3538,
1.0,0.9986,0.9681,0.9667,0.9702,0.9977,0.995,0.9914,0.9854,0.925,0.7364,0.933,0.9112,0.8372,0.7993,0.8593,0.6811,0.8232,0.9424,0.782,0.62,0.9544,0.7298,0.6271,0.6112,0.6175,0.8578,0.5668,0.6297,0.7816,0.4976,0.5545,0.4004,0.5986,0.6853,0.5898,0.519,0.3161,0.4867,0.2645,0.5325,0.3171,0.2044,0.1668,0.361,
1.0,0.9991,0.9688,0.9679,0.9702,0.9978,0.9961,0.9908,0.9854,0.927,0.7398,0.9328,0.9112,0.8394,0.8023,0.8607,0.6864,0.8251,0.9376,0.7866,0.6094,0.9546,0.7252,0.618,0.6095,0.616,0.8569,0.5659,0.6238,0.7872,0.5133,0.5517,0.3932,0.5947,0.6792,0.591,0.5192,0.3143,0.4842,0.2608,0.5307,0.3266,0.2126,0.1633,0.3566,
1.0,0.9993,0.9693,0.9686,0.9678,0.9966,0.9951,0.991,0.9857,0.9256,0.7348,0.9308,0.9084,0.8368,0.7986,0.8582,0.6839,0.8229,0.9421,0.7826,0.6129,0.9518,0.7261,0.6239,0.6007,0.6085,0.856,0.561,0.6198,0.7802,0.5034,0.5421,0.385,0.5892,0.6792,0.5872,0.5251,0.3136,0.4755,0.2602,0.5214,0.3096,0.2077,0.1643,0.3516,
1.0,0.9992,0.9698,0.969,0.9708,0.9977,0.9962,0.9906,0.9846,0.9236,0.7396,0.9341,0.9075,0.8399,0.8006,0.8585,0.6863,0.8269,0.9417,0.7815,0.61,0.9536,0.7146,0.6236,0.6028,0.6184,0.8558,0.5697,0.6188,0.7835,0.5042,0.5557,0.3888,0.5972,0.6815,0.5754,0.5218,0.3148,0.4782,0.2558,0.5294,0.3161,0.2123,0.1612,0.3498,
1.0,0.9995,0.9685,0.968,0.9704,0.9978,0.9959,0.9907,0.9861,0.9245,0.7373,0.9318,0.9079,0.8369,0.8009,0.8573,0.6814,0.8231,0.9399,0.7796,0.611,0.9511,0.7254,0.6254,0.6133,0.6174,0.8513,0.564,0.6257,0.7868,0.5099,0.553,0.4035,0.5998,0.6836,0.5906,0.5154,0.3177,0.4817,0.2574,0.5271,0.3257,0.2158,0.1688,0.3598,
1.0,0.999,0.9675,0.9665,0.9703,0.9966,0.9947,0.9918,0.9879,0.9235,0.7425,0.9326,0.9092,0.8412,0.8067,0.8567,0.6886,0.8302,0.9436,0.7825,0.6126,0.9512,0.7209,0.6226,0.6008,0.6156,0.8594,0.5674,0.6133,0.784,0.5064,0.5517,0.3865,0.5908,0.6735,0.5755,0.5259,0.3214,0.4806,0.2582,0.5231,0.3075,0.2104,0.159,0.3525,
1.0,0.999,0.9689,0.9679,0.9659,0.9974,0.9955,0.9919,0.9871,0.9211,0.7386,0.9275,0.9051,0.8422,0.8066,0.8494,0.6952,0.8305,0.9392,0.7812,0.6142,0.9551,0.725,0.6283,0.6039,0.6117,0.8635,0.5664,0.6186,0.7786,0.5003,0.5554,0.3887,0.5881,0.678,0.5832,0.5153,0.325,0.4774,0.2579,0.5261,0.3105,0.2069,0.1628,0.3567,
1.0,0.9987,0.9703,0.969,0.9665,0.9974,0.9954,0.9908,0.9852,0.9255,0.736,0.9299,0.9095,0.8407,0.8034,0.8566,0.6841,0.8279,0.9408,0.7768,0.6141,0.9503,0.7227,0.6234,0.6056,0.614,0.85,0.5602,0.6262,0.7776,0.4938,0.5517,0.3843,0.5846,0.6709,0.5811,0.5109,0.307,0.4769,0.2617,0.522,0.3007,0.2066,0.1604,0.3506,
1.0,0.9988,0.9698,0.9686,0.9716,0.9976,0.9953,0.9906,0.9838,0.9272,0.7453,0.9345,0.9116,0.8434,0.804,0.8629,0.6873,0.8303,0.9414,0.785,0.6216,0.955,0.7292,0.6339,0.6123,0.6253,0.8564,0.575,0.6307,0.7932,0.5166,0.5705,0.393,0.5975,0.6841,0.5846,0.5159,0.3277,0.4811,0.2695,0.5357,0.322,0.2211,0.1689,0.3601,
1.0,0.9991,0.967,0.9661,0.9724,0.998,0.9963,0.9914,0.9852,0.9212,0.7383,0.9337,0.9074,0.84,0.8023,0.8562,0.6871,0.8261,0.9399,0.782,0.6127,0.9555,0.7258,0.6281,0.6103,0.6126,0.8568,0.5627,0.6251,0.7789,0.509,0.5472,0.3954,0.5955,0.6793,0.589,0.517,0.3189,0.4849,0.2603,0.528,0.3213,0.21,0.1646,0.3587,
1.0,0.9991,0.9663,0.9654,0.9692,0.9972,0.9959,0.9914,0.9848,0.925,0.7428,0.9292,0.91,0.8445,0.8081,0.8566,0.6906,0.8309,0.9436,0.7868,0.615,0.9527,0.7202,0.6265,0.5996,0.6234,0.8585,0.5788,0.612,0.7872,0.5104,0.5554,0.3778,0.582,0.6657,0.5775,0.5209,0.3225,0.4788,0.2597,0.5239,0.3058,0.2021,0.1663,0.3529,
1.0,0.9991,0.9696,0.9687,0.9701,0.9971,0.9947,0.9902,0.9868,0.9206,0.7315,0.9325,0.9032,0.8357,0.7997,0.8535,0.6807,0.8236,0.9423,0.7791,0.6045,0.9547,0.7199,0.6204,0.6143,0.6112,0.8516,0.5623,0.6191,0.7783,0.5031,0.5545,0.3855,0.5978,0.687,0.5889,0.5263,0.318,0.4801,0.256,0.5326,0.3073,0.2057,0.1703,0.3534,
1.0,0.999,0.9674,0.9664,0.9672,0.9975,0.9955,0.9903,0.9847,0.9224,0.7326,0.928,0.9063,0.8381,0.7985,0.8512,0.6835,0.8238,0.9384,0.7785,0.6105,0.9469,0.7216,0.622,0.6084,0.6098,0.8583,0.5645,0.6246,0.7772,0.4977,0.5483,0.3924,0.5875,0.6718,0.5808,0.5146,0.3166,0.4746,0.2639,0.5221,0.3087,0.2036,0.1605,0.3476,
1.0,0.9991,0.9657,0.9648,0.9666,0.9978,0.9963,0.9924,0.986,0.9236,0.7345,0.9263,0.91,0.8404,0.8048,0.8509,0.6858,0.8267,0.9404,0.7806,0.6144,0.9535,0.721,0.6222,0.6035,0.6147,0.8604,0.5733,0.6207,0.7843,0.5078,0.5584,0.3831,0.5902,0.6783,0.5847,0.523,0.3235,0.482,0.2654,0.5301,0.3111,0.2122,0.1675,0.3557,
1.0,0.9992,0.9643,0.9635,0.9749,0.9971,0.9952,0.9899,0.9828,0.9209,0.7413,0.9322,0.9031,0.8438,0.8033,0.8541,0.686,0.8283,0.936,0.786,0.6099,0.9491,0.7169,0.6246,0.6024,0.617,0.8572,0.5658,0.6121,0.7832,0.5046,0.5433,0.3889,0.5799,0.662,0.5684,0.5116,0.314,0.4772,0.2563,0.5251,0.3086,0.2035,0.1653,0.3568,
1.0,0.9994,0.9688,0.9682,0.9695,0.9974,0.9966,0.9913,0.9844,0.9229,0.735,0.9333,0.9081,0.8393,0.8005,0.8573,0.6881,0.8253,0.9383,0.7859,0.6066,0.9536,0.7128,0.619,0.5993,0.6113,0.8597,0.5665,0.6137,0.7742,0.5068,0.5507,0.3847,0.5912,0.6789,0.5716,0.5211,0.3141,0.4766,0.2624,0.5279,0.3053,0.2117,0.1625,0.3472,
1.0,0.998,0.9687,0.9667,0.9687,0.9977,0.9949,0.9908,0.9858,0.9267,0.7424,0.9285,0.9112,0.8452,0.8074,0.8565,0.6892,0.8341,0.9408,0.7811,0.6172,0.9549,0.7244,0.6282,0.6078,0.6198,0.8502,0.57,0.6233,0.7827,0.5052,0.5576,0.3855,0.5872,0.6736,0.5854,0.5197,0.316,0.4722,0.2622,0.5237,0.3049,0.2098,0.1651,0.3557,
1.0,0.9985,0.9679,0.9664,0.9683,0.9979,0.9955,0.9917,0.9856,0.922,0.743,0.929,0.9077,0.8479,0.8089,0.8527,0.6953,0.8334,0.9378,0.7798,0.6141,0.955,0.7192,0.6246,0.5955,0.6161,0.8586,0.5764,0.6135,0.7787,0.496,0.5588,0.3839,0.5834,0.6705,0.5689,0.52,0.3194,0.4731,0.2608,0.5223,0.2908,0.2006,0.1639,0.3542,
1.0,0.9987,0.9681,0.9668,0.9687,0.9968,0.9945,0.9905,0.9854,0.9232,0.7354,0.9303,0.9076,0.8383,0.8026,0.855,0.6889,0.8272,0.9426,0.7861,0.6099,0.9502,0.7153,0.6188,0.5952,0.6151,0.858,0.566,0.6128,0.7803,0.5047,0.5479,0.3791,0.5792,0.6623,0.5742,0.5248,0.3143,0.4701,0.255,0.5164,0.3093,0.2069,0.1611,0.344,
1.0,0.9986,0.9694,0.968,0.9683,0.9972,0.9953,0.9907,0.9841,0.9255,0.741,0.9305,0.9095,0.8445,0.8017,0.8572,0.6925,0.8309,0.9413,0.7837,0.6163,0.9546,0.7229,0.6287,0.6076,0.6142,0.8625,0.5737,0.6216,0.7753,0.4928,0.5569,0.3808,0.5942,0.6817,0.586,0.5286,0.309,0.4846,0.2613,0.5263,0.303,0.2061,0.165,0.3563,
1.0,0.9991,0.9677,0.9668,0.9682,0.9976,0.996,0.9909,0.9848,0.925,0.7309,0.9309,0.9108,0.8325,0.7976,0.8568,0.6795,0.8195,0.9433,0.7845,0.6188,0.953,0.7297,0.6279,0.6074,0.6136,0.8568,0.5607,0.6269,0.7791,0.5071,0.5481,0.3978,0.589,0.6788,0.5894,0.5229,0.3122,0.4755,0.2685,0.5204,0.3084,0.2075,0.1619,0.3486,
1.0,0.9993,0.9675,0.9668,0.9664,0.9969,0.9952,0.9915,0.9854,0.9194,0.7265,0.9287,0.9041,0.8363,0.7991,0.8496,0.6833,0.823,0.9407,0.7785,0.605,0.9571,0.7222,0.6184,0.6026,0.6021,0.8585,0.5613,0.6136,0.7749,0.5014,0.5387,0.3798,0.5899,0.6754,0.582,0.5243,0.316,0.483,0.2565,0.5233,0.3117,0.1999,0.1657,0.3548,
1.0,0.9983,0.9685,0.9668,0.9724,0.9981,0.9953,0.9912,0.985,0.9237,0.7391,0.9338,0.9095,0.8408,0.8044,0.8587,0.6847,0.8265,0.9363,0.7829,0.602,0.9548,0.7167,0.6147,0.6024,0.6115,0.8561,0.5579,0.6177,0.7875,0.4958,0.5468,0.3808,0.5927,0.6701,0.574,0.5141,0.3072,0.473,0.2564,0.5208,0.3041,0.207,0.1546,0.3549,
1.0,0.9992,0.9659,0.9651,0.9706,0.9975,0.9952,0.9888,0.9847,0.9237,0.7385,0.9307,0.9062,0.84,0.801,0.8548,0.68,0.8268,0.9394,0.7788,0.6131,0.9509,0.7274,0.6266,0.6048,0.6113,0.8519,0.5587,0.6204,0.78,0.5011,0.545,0.3819,0.5834,0.675,0.5863,0.5133,0.3118,0.4783,0.2573,0.5267,0.3119,0.2092,0.16,0.3468,
1.0,0.9986,0.9637,0.9623,0.9688,0.9974,0.9949,0.9892,0.9829,0.9171,0.7274,0.9259,0.9007,0.8388,0.7959,0.844,0.6742,0.8235,0.9405,0.7696,0.6048,0.9505,0.7131,0.6177,0.5951,0.6066,0.852,0.564,0.6126,0.7709,0.4959,0.5514,0.3765,0.5824,0.6754,0.5745,0.5204,0.3154,0.4694,0.2543,0.5159,0.3008,0.1951,0.1595,0.3439,
1.0,0.9986,0.9672,0.9658,0.9684,0.9977,0.9951,0.9896,0.9843,0.9237,0.7382,0.929,0.9072,0.8429,0.8037,0.8532,0.6854,0.8296,0.9376,0.7803,0.613,0.9529,0.7184,0.622,0.5993,0.6105,0.8534,0.5647,0.6184,0.7795,0.5013,0.5462,0.3842,0.584,0.6688,0.579,0.5193,0.3142,0.47,0.2592,0.5194,0.31,0.2046,0.1619,0.3506,
1.0,0.9991,0.9685,0.9676,0.9669,0.9975,0.9962,0.9909,0.9843,0.9228,0.7366,0.9295,0.9074,0.8419,0.8028,0.8536,0.6847,0.8295,0.9419,0.7756,0.6167,0.956,0.7287,0.6313,0.6177,0.6188,0.8547,0.5708,0.6315,0.7783,0.5032,0.5599,0.3931,0.5997,0.6761,0.5899,0.5215,0.3193,0.4796,0.2714,0.5188,0.3132,0.2037,0.1702,0.3563,
1.0,0.999,0.9648,0.9638,0.973,0.9965,0.9942,0.9908,0.9853,0.921,0.7356,0.9302,0.903,0.8387,0.7988,0.8526,0.6849,0.8237,0.9403,0.785,0.6065,0.9515,0.7168,0.6218,0.6126,0.6169,0.8595,0.5743,0.6148,0.7847,0.508,0.5549,0.3942,0.5948,0.6775,0.5849,0.5145,0.3218,0.482,0.2586,0.5226,0.3157,0.2131,0.1622,0.3617,
1.0,0.999,0.9687,0.9677,0.9674,0.9969,0.9949,0.99,0.9858,0.9194,0.7301,0.9307,0.9037,0.836,0.8013,0.8514,0.6823,0.8248,0.9463,0.7774,0.6152,0.9543,0.7258,0.6282,0.6117,0.6121,0.855,0.5682,0.6207,0.7782,0.5058,0.558,0.3946,0.5976,0.6831,0.5908,0.5249,0.321,0.4831,0.2576,0.5255,0.3092,0.2097,0.1682,0.353,
1.0,0.999,0.9688,0.9678,0.971,0.9971,0.9952,0.9908,0.9854,0.9243,0.7332,0.9337,0.9084,0.8352,0.7978,0.8595,0.6826,0.8216,0.9393,0.7837,0.6047,0.9521,0.7253,0.6209,0.609,0.6081,0.859,0.5711,0.6272,0.7865,0.507,0.5501,0.3862,0.5847,0.6725,0.5838,0.5249,0.311,0.4741,0.2598,0.5272,0.3096,0.2022,0.1551,0.3492,
1.0,0.9981,0.9678,0.9659,0.9718,0.9969,0.9938,0.9898,0.9836,0.9274,0.7423,0.9334,0.9126,0.8413,0.8015,0.8617,0.6836,0.8269,0.9381,0.7871,0.6164,0.9522,0.7293,0.6224,0.6093,0.6193,0.8552,0.5698,0.6215,0.786,0.5082,0.5489,0.3911,0.5828,0.6668,0.587,0.5169,0.3197,0.4752,0.2604,0.5181,0.309,0.2117,0.166,0.3429,
1.0,0.9988,0.9688,0.9676,0.9709,0.9971,0.9947,0.9892,0.9837,0.9226,0.7369,0.9331,0.9051,0.8415,0.8016,0.8556,0.6845,0.8277,0.9378,0.7824,0.6141,0.9519,0.7217,0.6279,0.6148,0.6183,0.8511,0.569,0.6301,0.7807,0.5082,0.5578,0.3921,0.6043,0.6851,0.5827,0.5124,0.3114,0.4816,0.2608,0.5363,0.3202,0.2192,0.161,0.3661,
1.0,0.9984,0.9702,0.9686,0.9675,0.9968,0.994,0.9895,0.9841,0.9266,0.7342,0.9306,0.9098,0.8371,0.7967,0.8577,0.6865,0.8246,0.9407,0.7853,0.6104,0.9517,0.7251,0.6197,0.604,0.6135,0.8583,0.5713,0.6235,0.7823,0.499,0.5606,0.3846,0.5966,0.6839,0.5801,0.5221,0.3119,0.485,0.2649,0.5344,0.3058,0.212,0.1658,0.36,
1.0,0.9995,0.9699,0.9694,0.969,0.9965,0.9949,0.9921,0.9865,0.9264,0.7343,0.9333,0.9107,0.8336,0.7964,0.8604,0.6855,0.8205,0.9403,0.7876,0.6085,0.9547,0.7236,0.6218,0.6063,0.6118,0.8584,0.567,0.625,0.7837,0.5062,0.5531,0.3835,0.5854,0.6795,0.5869,0.5241,0.3096,0.483,0.2646,0.5307,0.3072,0.2071,0.1639,0.3527,
1.0,0.9989,0.9684,0.9673,0.9689,0.9977,0.9957,0.9896,0.9846,0.9189,0.729,0.9317,0.9036,0.8376,0.8007,0.852,0.6814,0.8229,0.9418,0.7781,0.6025,0.9498,0.71,0.6178,0.604,0.6081,0.8504,0.5665,0.6198,0.7773,0.5055,0.5589,0.3864,0.5894,0.6832,0.5821,0.5345,0.3231,0.4722,0.2639,0.5323,0.3059,0.2179,0.1667,0.3501,
1.0,0.9986,0.972,0.9706,0.9713,0.9971,0.9948,0.9894,0.9846,0.9211,0.7391,0.9362,0.9043,0.8453,0.8071,0.8575,0.6947,0.8314,0.9386,0.7831,0.6109,0.9484,0.7182,0.6277,0.6106,0.6151,0.8578,0.5703,0.6238,0.7769,0.497,0.5542,0.3956,0.5933,0.6743,0.5768,0.5159,0.3195,0.4795,0.2597,0.5352,0.3036,0.2103,0.1671,0.3512,
1.0,0.9993,0.9691,0.9684,0.9722,0.9972,0.9956,0.99,0.9841,0.9199,0.7331,0.9357,0.9034,0.8397,0.8002,0.8565,0.6821,0.8246,0.9397,0.7803,0.6012,0.949,0.7178,0.6221,0.6074,0.6133,0.8573,0.57,0.6144,0.7821,0.5003,0.5533,0.3907,0.5916,0.6745,0.5775,0.5234,0.3119,0.4838,0.2554,0.5259,0.3081,0.2071,0.1602,0.3509,
1.0,0.9985,0.9674,0.9659,0.9709,0.9971,0.9949,0.9905,0.9851,0.9241,0.7406,0.9313,0.9081,0.8426,0.8045,0.857,0.6873,0.8288,0.9404,0.783,0.6139,0.9516,0.7234,0.6264,0.603,0.6146,0.8559,0.5649,0.6216,0.7845,0.503,0.5462,0.3862,0.591,0.677,0.5858,0.5253,0.3062,0.4826,0.2627,0.5323,0.3132,0.2102,0.1652,0.3541,
1.0,0.9986,0.9674,0.966,0.9698,0.9975,0.9953,0.9909,0.9851,0.926,0.7348,0.9296,0.9098,0.8359,0.7987,0.8567,0.6798,0.8218,0.9454,0.7834,0.6142,0.9527,0.7234,0.6248,0.6073,0.6199,0.8521,0.5681,0.6218,0.7873,0.5102,0.5565,0.3839,0.5836,0.6829,0.5918,0.5287,0.3195,0.4747,0.2612,0.5262,0.3093,0.2146,0.1747,0.3436,
1.0,0.9981,0.9693,0.9674,0.9715,0.997,0.9937,0.9874,0.9819,0.9239,0.739,0.9338,0.9052,0.8416,0.7991,0.8595,0.679,0.8275,0.9409,0.7796,0.6167,0.9526,0.7236,0.6313,0.6079,0.6198,0.8468,0.57,0.6208,0.7784,0.5044,0.5599,0.3974,0.596,0.6813,0.5836,0.5191,0.3135,0.4818,0.2553,0.5249,0.313,0.203,0.1664,0.348,
1.0,0.9987,0.9678,0.9665,0.9656,0.9975,0.9954,0.9906,0.9866,0.924,0.7344,0.9259,0.908,0.841,0.8035,0.8505,0.6884,0.8289,0.9414,0.7786,0.6087,0.9534,0.7259,0.6195,0.6026,0.6064,0.8585,0.5715,0.6196,0.783,0.5088,0.5541,0.388,0.5891,0.6768,0.5841,0.5291,0.3226,0.4741,0.2645,0.5227,0.313,0.2089,0.1628,0.3527,
1.0,0.9993,0.9689,0.9682,0.9691,0.9976,0.9961,0.9915,0.9849,0.9239,0.7375,0.9326,0.9095,0.8414,0.8051,0.8572,0.6906,0.8268,0.9386,0.7861,0.6143,0.9527,0.7232,0.628,0.6038,0.6134,0.8601,0.5739,0.6246,0.7873,0.5142,0.5551,0.3887,0.5904,0.6705,0.5783,0.5149,0.3205,0.4798,0.261,0.524,0.3149,0.2077,0.1626,0.3557,
1.0,0.9987,0.9655,0.9642,0.966,0.9968,0.9939,0.9897,0.9851,0.926,0.7333,0.9254,0.91,0.8365,0.7978,0.8538,0.6753,0.8211,0.9388,0.7786,0.6118,0.9507,0.7225,0.6184,0.605,0.6155,0.8545,0.5692,0.6151,0.7794,0.5029,0.5482,0.3892,0.5821,0.6714,0.5858,0.5255,0.3201,0.4701,0.2564,0.5197,0.3058,0.2072,0.1643,0.343,
1.0,0.9989,0.9669,0.9658,0.9702,0.9978,0.9961,0.9912,0.9859,0.923,0.7355,0.9303,0.9079,0.8391,0.802,0.8539,0.6881,0.8273,0.9428,0.7847,0.6057,0.9536,0.718,0.6204,0.6026,0.6122,0.8607,0.5745,0.6171,0.7907,0.5068,0.5557,0.3828,0.5881,0.6726,0.5763,0.519,0.3226,0.4769,0.2603,0.524,0.3108,0.207,0.1591,0.3559,
1.0,0.9992,0.9647,0.9639,0.971,0.9976,0.9961,0.9914,0.987,0.9224,0.7396,0.9295,0.9076,0.84,0.8034,0.8533,0.6834,0.8281,0.9413,0.7814,0.6066,0.9526,0.7219,0.6177,0.6015,0.6126,0.8551,0.5661,0.6161,0.783,0.5068,0.5487,0.3897,0.5849,0.6712,0.5736,0.5131,0.3191,0.4754,0.261,0.5213,0.3068,0.2098,0.162,0.3556,
1.0,0.9989,0.9707,0.9696,0.9708,0.9985,0.9966,0.9916,0.9856,0.923,0.7346,0.9354,0.909,0.8347,0.7966,0.8591,0.6833,0.8206,0.938,0.7837,0.6042,0.9519,0.7185,0.6195,0.6077,0.6116,0.8563,0.5577,0.625,0.7819,0.5032,0.5502,0.4005,0.5955,0.6755,0.5799,0.5133,0.3126,0.4737,0.2565,0.5195,0.3089,0.2092,0.1607,0.3461,
1.0,0.9983,0.971,0.9693,0.9732,0.997,0.9947,0.9913,0.9866,0.9252,0.7397,0.937,0.9099,0.8367,0.7987,0.8634,0.6861,0.8254,0.9427,0.7871,0.6058,0.9534,0.7199,0.6213,0.6122,0.6173,0.8581,0.5637,0.6257,0.7824,0.5024,0.5524,0.3996,0.5988,0.6828,0.5817,0.5213,0.3154,0.4753,0.2615,0.5306,0.3163,0.2077,0.1667,0.3588,
1.0,0.9988,0.9675,0.9663,0.9717,0.9973,0.9958,0.9913,0.9853,0.9265,0.738,0.9317,0.9099,0.8356,0.7979,0.8592,0.6886,0.8227,0.94,0.7959,0.6122,0.9545,0.7221,0.6191,0.6088,0.6163,0.8618,0.5647,0.6214,0.7854,0.5086,0.5454,0.3852,0.5859,0.6779,0.587,0.5333,0.3096,0.4827,0.2697,0.5279,0.3135,0.2049,0.1691,0.3532,
1.0,0.9988,0.9667,0.9655,0.9709,0.9977,0.9952,0.9884,0.9825,0.9269,0.735,0.9316,0.91,0.8392,0.7991,0.8593,0.6834,0.8253,0.9391,0.7874,0.6111,0.9508,0.7266,0.6242,0.6086,0.6161,0.8546,0.5683,0.6246,0.7855,0.5021,0.557,0.3878,0.5883,0.6732,0.5836,0.5185,0.3114,0.4845,0.2577,0.5242,0.3103,0.2105,0.1689,0.351,
1.0,0.9985,0.966,0.9645,0.971,0.9978,0.9952,0.9881,0.9832,0.9248,0.7397,0.9294,0.9068,0.84,0.8012,0.8554,0.6856,0.8275,0.9414,0.7874,0.6127,0.9524,0.7206,0.6227,0.6042,0.6179,0.8531,0.5632,0.6156,0.7826,0.511,0.5472,0.3903,0.5875,0.6722,0.5838,0.515,0.3114,0.4812,0.2604,0.525,0.3202,0.2077,0.163,0.3521,
1.0,0.9995,0.9694,0.9689,0.9709,0.9975,0.9964,0.9917,0.9858,0.9211,0.7378,0.9335,0.9056,0.8386,0.8002,0.8553,0.6861,0.8252,0.9386,0.7795,0.6082,0.9546,0.7191,0.6252,0.6181,0.6169,0.8552,0.5693,0.6222,0.7789,0.4988,0.5502,0.3895,0.5929,0.6744,0.5833,0.5231,0.3188,0.4816,0.2626,0.5216,0.311,0.2038,0.1683,0.358,
1.0,0.9993,0.9709,0.9702,0.9699,0.9968,0.9957,0.9911,0.9845,0.9223,0.7317,0.9356,0.9062,0.8369,0.7963,0.8594,0.6854,0.8233,0.9425,0.7862,0.6131,0.9526,0.7236,0.6283,0.6066,0.6101,0.8573,0.5643,0.6252,0.7759,0.5002,0.5526,0.3842,0.588,0.6782,0.5843,0.5195,0.3165,0.4778,0.2594,0.5315,0.3068,0.2069,0.1688,0.3496,
1.0,0.9992,0.9657,0.9649,0.9692,0.9973,0.9961,0.9925,0.9862,0.9207,0.7339,0.9288,0.9065,0.8368,0.8002,0.8518,0.6857,0.8228,0.9405,0.7822,0.6054,0.952,0.7195,0.618,0.5999,0.6087,0.8618,0.5653,0.6164,0.7804,0.505,0.5479,0.3845,0.5774,0.675,0.5789,0.5206,0.3173,0.4835,0.2636,0.5268,0.3108,0.2087,0.1574,0.3544,
1.0,0.9983,0.9684,0.9667,0.9716,0.9979,0.9953,0.9907,0.9859,0.9214,0.7324,0.9322,0.9064,0.8349,0.7984,0.8556,0.6779,0.8215,0.9418,0.7769,0.6005,0.9528,0.7146,0.6164,0.5973,0.6074,0.851,0.5577,0.6102,0.7866,0.5056,0.5513,0.3813,0.587,0.6826,0.575,0.5166,0.3163,0.4685,0.2491,0.5252,0.3074,0.2081,0.1617,0.3427,
1.0,0.9982,0.9701,0.9683,0.9713,0.9968,0.9941,0.9891,0.9843,0.9244,0.7488,0.9335,0.9067,0.8506,0.811,0.8587,0.7031,0.838,0.9413,0.791,0.6148,0.9497,0.7189,0.6294,0.6092,0.6301,0.8627,0.5874,0.6227,0.7847,0.5016,0.567,0.3863,0.591,0.6748,0.58,0.5259,0.3195,0.4815,0.2667,0.5338,0.3075,0.2131,0.1659,0.3645,
1.0,0.9992,0.9685,0.9677,0.9665,0.9962,0.9949,0.9903,0.9837,0.9257,0.7376,0.9288,0.9079,0.842,0.8032,0.856,0.6864,0.8299,0.9407,0.7809,0.6156,0.9509,0.7237,0.6244,0.6009,0.6143,0.854,0.572,0.619,0.7799,0.5016,0.5533,0.3825,0.5895,0.6735,0.5781,0.5141,0.3177,0.4725,0.2574,0.5175,0.3059,0.2012,0.1585,0.3531,
1.0,0.9991,0.9668,0.9659,0.9699,0.9971,0.9951,0.9911,0.9855,0.9265,0.7401,0.9298,0.9105,0.8398,0.8027,0.8586,0.6791,0.8268,0.9435,0.7828,0.6125,0.9563,0.7264,0.6236,0.6052,0.6132,0.8534,0.5616,0.6247,0.7873,0.5138,0.5511,0.3905,0.5943,0.6775,0.5875,0.5142,0.3167,0.4877,0.2617,0.5187,0.3215,0.2112,0.1557,0.3567,
1.0,0.9987,0.9672,0.9659,0.9714,0.9977,0.9954,0.9897,0.9846,0.9218,0.7344,0.9314,0.9053,0.8381,0.8003,0.8541,0.688,0.825,0.9381,0.7856,0.6036,0.9529,0.7179,0.6205,0.6025,0.6085,0.859,0.5655,0.6134,0.7836,0.5025,0.5498,0.3823,0.5935,0.6753,0.5783,0.5215,0.3064,0.4753,0.2568,0.5161,0.3083,0.203,0.1605,0.3491,
1.0,0.9986,0.9675,0.9661,0.9708,0.9965,0.9935,0.99,0.9847,0.9267,0.7425,0.93,0.9087,0.8436,0.8032,0.8572,0.6876,0.8299,0.94,0.7834,0.6174,0.9524,0.7274,0.6292,0.6064,0.619,0.8541,0.5737,0.6229,0.7852,0.5098,0.5582,0.3949,0.5937,0.6785,0.5833,0.5157,0.316,0.4819,0.2602,0.5289,0.3119,0.2152,0.1581,0.3609,
1.0,0.9988,0.967,0.9658,0.9698,0.9968,0.9943,0.9891,0.9833,0.9208,0.7366,0.9295,0.9027,0.8446,0.8047,0.8518,0.6886,0.8302,0.9429,0.7809,0.6181,0.9534,0.7249,0.6324,0.6055,0.6121,0.8542,0.5724,0.621,0.7786,0.5035,0.5565,0.3836,0.5938,0.6843,0.5871,0.5269,0.314,0.4835,0.2645,0.5279,0.3146,0.2022,0.1671,0.3598,
1.0,0.9986,0.9706,0.9692,0.9687,0.9969,0.9947,0.9904,0.9839,0.9227,0.7326,0.9324,0.9065,0.8404,0.8019,0.8568,0.686,0.8276,0.9429,0.7814,0.6125,0.9571,0.7247,0.6279,0.6091,0.6138,0.8556,0.5678,0.6224,0.7783,0.5023,0.5526,0.3857,0.5909,0.6794,0.5856,0.5194,0.3164,0.4711,0.257,0.5133,0.3062,0.2002,0.1592,0.3484,
1.0,0.999,0.9675,0.9665,0.9704,0.9982,0.9961,0.9891,0.9844,0.9216,0.7353,0.931,0.9045,0.8391,0.8038,0.8536,0.6905,0.8258,0.9432,0.7879,0.6127,0.9514,0.716,0.6248,0.6016,0.6147,0.8552,0.5737,0.6201,0.7843,0.5099,0.5516,0.3805,0.5859,0.6712,0.5804,0.5248,0.3105,0.4755,0.2663,0.5238,0.3091,0.2104,0.1632,0.3506,
1.0,0.9991,0.9655,0.9646,0.9704,0.9969,0.9954,0.9906,0.9849,0.925,0.7361,0.9289,0.9081,0.8368,0.7989,0.8546,0.6777,0.8243,0.9448,0.7823,0.6168,0.9535,0.7298,0.6262,0.6107,0.6148,0.8547,0.5666,0.6206,0.7883,0.5163,0.5435,0.3913,0.5888,0.6644,0.5903,0.5216,0.3214,0.4736,0.2635,0.5102,0.3139,0.2047,0.1653,0.3494,
1.0,0.9989,0.9671,0.966,0.9683,0.9963,0.9942,0.9894,0.9849,0.9252,0.7401,0.9282,0.9066,0.842,0.8013,0.8537,0.6911,0.8286,0.9392,0.787,0.6177,0.9493,0.7245,0.6258,0.6071,0.6153,0.8573,0.5704,0.6261,0.7754,0.504,0.5514,0.3858,0.5884,0.6758,0.59,0.5218,0.3172,0.477,0.2631,0.5278,0.3066,0.2056,0.1645,0.3541,
1.0,0.9984,0.9675,0.9659,0.9681,0.9966,0.9938,0.9899,0.9846,0.9218,0.7383,0.9288,0.9054,0.8436,0.804,0.8515,0.6915,0.8304,0.9379,0.7839,0.6101,0.9523,0.719,0.62,0.6041,0.6146,0.862,0.5726,0.6182,0.7786,0.4939,0.5548,0.3874,0.595,0.6712,0.5772,0.5227,0.3145,0.4853,0.2645,0.5291,0.3099,0.2037,0.164,0.3629,
1.0,0.9992,0.9703,0.9695,0.9714,0.997,0.9954,0.9913,0.9862,0.9232,0.7426,0.9345,0.9065,0.8447,0.8065,0.8585,0.6946,0.8305,0.9348,0.7844,0.6064,0.9528,0.7184,0.6244,0.6027,0.6121,0.8585,0.5705,0.6152,0.7869,0.5099,0.5528,0.3899,0.5877,0.6748,0.5803,0.5165,0.323,0.4778,0.257,0.5279,0.3152,0.21,0.1651,0.3543,
1.0,0.9992,0.9643,0.9635,0.9689,0.9959,0.9944,0.9905,0.986,0.9259,0.7424,0.9286,0.9093,0.8453,0.8085,0.8552,0.6865,0.8342,0.9456,0.7824,0.6182,0.9534,0.7288,0.6255,0.601,0.6235,0.8532,0.5758,0.6171,0.7831,0.5093,0.5588,0.3889,0.59,0.6834,0.5838,0.5261,0.3291,0.4832,0.2617,0.5262,0.3135,0.21,0.172,0.3603,
1.0,0.9988,0.9678,0.9666,0.9705,0.9971,0.995,0.9899,0.9836,0.9272,0.7455,0.9316,0.9111,0.8457,0.8069,0.8593,0.6965,0.832,0.9418,0.7907,0.6219,0.9529,0.7272,0.6308,0.604,0.6251,0.8618,0.579,0.6213,0.7895,0.5108,0.5579,0.3916,0.5947,0.6733,0.5837,0.5273,0.3119,0.4834,0.2626,0.531,0.3213,0.2093,0.1631,0.3668,
1.0,0.9984,0.9683,0.9667,0.9697,0.9973,0.9949,0.9896,0.9831,0.922,0.7403,0.93,0.9049,0.847,0.8059,0.8528,0.6899,0.8329,0.9393,0.7799,0.6171,0.9538,0.7218,0.6285,0.6068,0.6174,0.8534,0.5718,0.6198,0.7823,0.4966,0.5629,0.3833,0.592,0.6872,0.5825,0.5182,0.3216,0.4701,0.2579,0.5291,0.3093,0.2105,0.1615,0.3577,
1.0,0.9988,0.9696,0.9684,0.9726,0.9965,0.9941,0.9908,0.9866,0.9219,0.7415,0.9351,0.9054,0.8432,0.8053,0.8589,0.6904,0.8306,0.94,0.7838,0.6098,0.9531,0.7229,0.6279,0.6122,0.6161,0.8585,0.5667,0.6232,0.7791,0.5045,0.5508,0.3959,0.5993,0.6834,0.5806,0.5186,0.3171,0.4881,0.263,0.5351,0.3128,0.2097,0.1672,0.365,
1.0,0.9983,0.9671,0.9654,0.9706,0.9973,0.9947,0.99,0.9852,0.9214,0.7348,0.9303,0.9055,0.8405,0.8044,0.8522,0.6916,0.83,0.9409,0.7886,0.6104,0.9552,0.7218,0.6225,0.6105,0.6155,0.8581,0.5745,0.624,0.784,0.5088,0.5548,0.392,0.5986,0.6748,0.5851,0.5232,0.3144,0.48,0.2707,0.5235,0.316,0.2083,0.1594,0.3627,
1.0,0.9986,0.9683,0.9669,0.9688,0.9972,0.9948,0.9907,0.9862,0.9275,0.7386,0.9303,0.9116,0.8384,0.8013,0.8587,0.6854,0.8266,0.9412,0.7845,0.613,0.9552,0.726,0.6219,0.6045,0.6113,0.8588,0.564,0.6212,0.7851,0.5135,0.5456,0.3924,0.5971,0.6802,0.5874,0.5218,0.3112,0.4848,0.2627,0.527,0.3227,0.2166,0.1586,0.3639,
1.0,0.9988,0.9675,0.9663,0.9679,0.9968,0.9945,0.9898,0.9855,0.9232,0.7347,0.9301,0.9072,0.8407,0.8044,0.8546,0.684,0.8285,0.943,0.7795,0.6082,0.951,0.7203,0.6182,0.601,0.6133,0.8558,0.5732,0.6222,0.7829,0.507,0.5581,0.3813,0.589,0.6858,0.5843,0.5325,0.3232,0.4751,0.2667,0.5291,0.313,0.209,0.1694,0.3596,
1.0,0.9992,0.9705,0.9697,0.9713,0.9974,0.9956,0.9895,0.9836,0.9233,0.736,0.9353,0.9054,0.8399,0.8016,0.8605,0.6897,0.826,0.9414,0.7869,0.6116,0.9486,0.7142,0.6274,0.5971,0.6169,0.8571,0.5694,0.6133,0.7856,0.5166,0.5538,0.3929,0.5915,0.6784,0.5752,0.5275,0.3218,0.478,0.2591,0.5298,0.3223,0.2153,0.1575,0.3535,
1.0,0.9989,0.9695,0.9684,0.9682,0.9975,0.9952,0.9909,0.9854,0.9275,0.7329,0.9314,0.9119,0.8341,0.7985,0.8595,0.6882,0.82,0.9394,0.79,0.6075,0.9518,0.7213,0.6196,0.5968,0.6076,0.8596,0.561,0.623,0.7799,0.5034,0.5433,0.3829,0.5878,0.674,0.5763,0.5209,0.3052,0.4785,0.2627,0.5274,0.3061,0.2068,0.1562,0.3495,
1.0,0.9987,0.9682,0.9669,0.9711,0.9966,0.9943,0.9909,0.9855,0.9225,0.7336,0.9325,0.9063,0.8347,0.7977,0.8559,0.68,0.8212,0.9394,0.784,0.6089,0.9514,0.7258,0.6231,0.6148,0.6123,0.859,0.5625,0.6167,0.7849,0.5032,0.5405,0.3938,0.5877,0.6718,0.5862,0.5166,0.3179,0.4774,0.258,0.5218,0.3132,0.2034,0.1604,0.3538,
1.0,0.9982,0.9678,0.966,0.9703,0.9971,0.9944,0.9903,0.9847,0.919,0.7406,0.9311,0.903,0.8441,0.806,0.8517,0.6839,0.8297,0.9411,0.775,0.6164,0.9495,0.7156,0.628,0.5946,0.613,0.851,0.5654,0.61,0.7774,0.5074,0.5481,0.3866,0.5787,0.6748,0.5756,0.5197,0.3196,0.4653,0.255,0.5189,0.3078,0.2074,0.1578,0.3427,
1.0,0.9987,0.9692,0.9679,0.9665,0.9979,0.9961,0.9913,0.9864,0.9225,0.7312,0.9287,0.9079,0.8374,0.7997,0.8521,0.6899,0.8264,0.941,0.7815,0.6041,0.9555,0.7169,0.6149,0.6003,0.6086,0.8612,0.5658,0.6177,0.7799,0.5021,0.5546,0.3836,0.5945,0.6767,0.5734,0.516,0.3191,0.4801,0.2611,0.528,0.311,0.2083,0.1516,0.3543,
1.0,0.9989,0.9672,0.9661,0.97,0.9966,0.9944,0.9909,0.9867,0.9277,0.7416,0.9303,0.9107,0.8404,0.8039,0.859,0.6825,0.8277,0.9437,0.7859,0.6156,0.9534,0.7312,0.6246,0.604,0.614,0.8569,0.5643,0.6234,0.789,0.5111,0.5468,0.3845,0.5891,0.6802,0.5929,0.5268,0.3159,0.4765,0.2667,0.5246,0.316,0.2102,0.1633,0.3557,
1.0,0.998,0.9673,0.9653,0.9695,0.9961,0.9932,0.9892,0.9828,0.926,0.7351,0.9289,0.9083,0.8377,0.7974,0.8577,0.6769,0.8238,0.9355,0.7835,0.6055,0.9538,0.726,0.6158,0.5998,0.6069,0.8495,0.5563,0.6197,0.7816,0.5005,0.5404,0.3791,0.5828,0.6733,0.5813,0.5106,0.3087,0.4674,0.2526,0.5154,0.3058,0.2052,0.1598,0.3453,
1.0,0.9985,0.9697,0.9682,0.9709,0.9971,0.9948,0.9896,0.9835,0.9226,0.7311,0.9334,0.9061,0.8362,0.7963,0.8565,0.6854,0.8226,0.9382,0.7863,0.6014,0.9527,0.7134,0.6183,0.6023,0.6083,0.8584,0.5651,0.6103,0.781,0.5026,0.5492,0.3796,0.5844,0.6802,0.5718,0.5189,0.3169,0.481,0.2542,0.5291,0.3077,0.2131,0.1582,0.3502,
1.0,0.9986,0.9668,0.9654,0.9698,0.9976,0.9951,0.9902,0.9845,0.923,0.7364,0.9297,0.9077,0.838,0.8013,0.8545,0.6883,0.8218,0.9375,0.7886,0.6117,0.9517,0.7245,0.6238,0.6057,0.6121,0.8607,0.5693,0.6207,0.7849,0.5057,0.5531,0.3914,0.5897,0.6747,0.5834,0.5158,0.3148,0.4834,0.2602,0.5293,0.3118,0.2078,0.1604,0.3536,
1.0,0.9989,0.9668,0.9657,0.9721,0.9972,0.995,0.9909,0.9864,0.9265,0.7351,0.9328,0.9117,0.8307,0.7965,0.8609,0.6758,0.8188,0.947,0.7878,0.612,0.9517,0.7279,0.6245,0.6026,0.612,0.8575,0.5548,0.6215,0.7871,0.5115,0.5364,0.3875,0.5843,0.6788,0.5854,0.5267,0.3131,0.4702,0.2586,0.518,0.315,0.2128,0.1625,0.3464,
1.0,0.9989,0.9665,0.9654,0.9682,0.9962,0.9948,0.9901,0.9823,0.9272,0.7343,0.9287,0.9103,0.8379,0.7991,0.857,0.6745,0.8231,0.9364,0.7832,0.6128,0.9507,0.7265,0.6174,0.6034,0.6121,0.8507,0.5557,0.6225,0.7811,0.5031,0.541,0.382,0.588,0.6743,0.5894,0.5199,0.3166,0.4742,0.2598,0.5199,0.3149,0.2142,0.1646,0.3507,
1.0,0.9986,0.9703,0.9689,0.9721,0.9977,0.9955,0.9906,0.9847,0.9239,0.7419,0.9353,0.9087,0.8435,0.8065,0.8603,0.6895,0.8299,0.9375,0.784,0.6123,0.9498,0.7217,0.6271,0.6116,0.6179,0.8542,0.5634,0.6258,0.7847,0.5033,0.5511,0.3955,0.5967,0.6754,0.5798,0.5064,0.3151,0.4803,0.2565,0.527,0.3141,0.2121,0.1601,0.3603,
1.0,0.9991,0.9664,0.9655,0.9684,0.9969,0.995,0.9915,0.986,0.9234,0.7313,0.9285,0.9073,0.8338,0.7989,0.8521,0.6865,0.8213,0.9413,0.7869,0.6138,0.9552,0.7294,0.6222,0.6123,0.6116,0.8628,0.5634,0.6164,0.7799,0.5048,0.5421,0.3937,0.5914,0.6744,0.5873,0.5267,0.3144,0.4925,0.2643,0.5239,0.3218,0.2063,0.1701,0.3593,
1.0,0.9987,0.9682,0.9669,0.9674,0.9974,0.9951,0.9898,0.9841,0.9275,0.7447,0.9278,0.9095,0.8469,0.8078,0.8573,0.6978,0.8326,0.9383,0.7868,0.624,0.9505,0.7286,0.6326,0.6126,0.6226,0.859,0.5758,0.6324,0.7838,0.5082,0.558,0.39,0.5899,0.6778,0.5937,0.5295,0.3179,0.4825,0.2763,0.5356,0.3174,0.2093,0.1759,0.3605,
1.0,0.9991,0.967,0.9661,0.9691,0.9971,0.995,0.9917,0.9863,0.922,0.7374,0.9303,0.9066,0.8408,0.806,0.854,0.6913,0.8292,0.94,0.7867,0.6091,0.9569,0.7205,0.6191,0.603,0.6143,0.861,0.5717,0.609,0.7813,0.5041,0.5525,0.3876,0.59,0.6703,0.5764,0.5238,0.3198,0.4793,0.2545,0.5244,0.3168,0.2066,0.1602,0.3605,
1.0,0.9989,0.9684,0.9673,0.9682,0.9967,0.9948,0.9878,0.9806,0.9213,0.7272,0.9307,0.9035,0.8384,0.7963,0.8527,0.6858,0.8239,0.9415,0.7856,0.6091,0.9458,0.7158,0.6257,0.6059,0.6133,0.8575,0.5755,0.6189,0.775,0.5006,0.556,0.3829,0.5848,0.6689,0.5759,0.5169,0.3141,0.4733,0.2623,0.5307,0.3044,0.2038,0.1579,0.3508,
1.0,0.9984,0.9677,0.9661,0.9721,0.9976,0.9943,0.9876,0.9834,0.9245,0.7406,0.9331,0.9065,0.8416,0.804,0.8595,0.6881,0.8282,0.9375,0.7888,0.6108,0.9504,0.7232,0.6228,0.6069,0.6146,0.8561,0.5667,0.627,0.7847,0.5046,0.557,0.385,0.5955,0.6813,0.5866,0.5257,0.3077,0.4814,0.2718,0.5329,0.3135,0.2097,0.1589,0.3634,
1.0,0.9986,0.9678,0.9664,0.9685,0.9975,0.9952,0.9911,0.9861,0.9266,0.7401,0.9301,0.912,0.8414,0.8042,0.858,0.6898,0.8287,0.9436,0.787,0.6142,0.9552,0.7242,0.6225,0.6079,0.6174,0.8622,0.5713,0.6207,0.7849,0.5047,0.5568,0.39,0.5955,0.691,0.59,0.5292,0.3181,0.486,0.2606,0.5294,0.3162,0.2129,0.1659,0.3665,
1.0,0.9989,0.9682,0.9671,0.969,0.9964,0.9946,0.9898,0.9852,0.9289,0.7451,0.9318,0.9121,0.8446,0.8075,0.8617,0.6912,0.8314,0.9429,0.7902,0.6189,0.9495,0.7247,0.6244,0.6004,0.6259,0.856,0.5743,0.624,0.7806,0.5094,0.5527,0.3893,0.5919,0.6718,0.5925,0.5194,0.3176,0.4843,0.2636,0.5267,0.311,0.2055,0.1655,0.3609,
1.0,0.9986,0.9662,0.9648,0.9689,0.9978,0.9956,0.989,0.9827,0.9214,0.7333,0.9287,0.9056,0.8404,0.7994,0.851,0.683,0.8276,0.9414,0.7791,0.6094,0.9546,0.7219,0.6189,0.6061,0.613,0.8558,0.5715,0.6171,0.7754,0.4964,0.5554,0.3857,0.592,0.6762,0.58,0.526,0.316,0.4808,0.2614,0.5251,0.3065,0.2028,0.1678,0.3536,
1.0,0.9991,0.9693,0.9684,0.9705,0.998,0.9962,0.991,0.985,0.9292,0.7412,0.9327,0.9131,0.8383,0.7994,0.8635,0.6908,0.8248,0.938,0.7917,0.6103,0.9544,0.7219,0.619,0.6036,0.6164,0.8589,0.5658,0.6258,0.7824,0.512,0.5479,0.3936,0.5926,0.6726,0.5856,0.5198,0.3178,0.4794,0.2624,0.526,0.3202,0.2135,0.1597,0.353,
1.0,0.9985,0.9706,0.9691,0.9688,0.9963,0.9936,0.989,0.9844,0.9271,0.7385,0.9328,0.9095,0.8387,0.7998,0.8612,0.684,0.8259,0.9415,0.7855,0.6164,0.9519,0.7283,0.6257,0.6051,0.6165,0.8547,0.5707,0.6277,0.7819,0.5111,0.5539,0.3833,0.5894,0.6737,0.5871,0.5261,0.3091,0.4738,0.2662,0.5201,0.3123,0.2084,0.1592,0.3504,
1.0,0.9986,0.9658,0.9644,0.9699,0.9972,0.995,0.9914,0.9849,0.9237,0.7403,0.9289,0.9083,0.8441,0.8055,0.8545,0.6892,0.8309,0.9399,0.7839,0.6195,0.9533,0.7284,0.6303,0.6026,0.6153,0.8597,0.5727,0.6204,0.784,0.5031,0.5492,0.3869,0.5853,0.674,0.5836,0.5258,0.3202,0.4766,0.2644,0.5294,0.3016,0.2035,0.1635,0.3509,
1.0,0.9992,0.9658,0.965,0.97,0.9976,0.9963,0.9915,0.9849,0.9164,0.734,0.9291,0.9009,0.8408,0.8016,0.8471,0.6835,0.8274,0.9434,0.7752,0.6096,0.9568,0.7213,0.6256,0.6114,0.6152,0.8588,0.5745,0.6086,0.7775,0.51,0.5543,0.395,0.5881,0.6786,0.5796,0.5275,0.3317,0.4814,0.2566,0.5187,0.3155,0.2076,0.1705,0.3547,
1.0,0.9993,0.9681,0.9674,0.9679,0.9974,0.9951,0.9901,0.9846,0.9222,0.7391,0.9299,0.9058,0.8453,0.806,0.854,0.6954,0.8311,0.9392,0.7837,0.6087,0.95,0.7146,0.6194,0.6075,0.6183,0.865,0.5793,0.6187,0.7834,0.5022,0.5623,0.3895,0.5981,0.6766,0.5759,0.5182,0.3188,0.4828,0.2625,0.5267,0.3169,0.2093,0.1544,0.3631,
1.0,0.9985,0.9721,0.9706,0.972,0.9975,0.9949,0.9908,0.985,0.927,0.7427,0.9372,0.9116,0.8408,0.8044,0.8652,0.6923,0.8266,0.9373,0.7902,0.616,0.9504,0.7294,0.6307,0.6081,0.6202,0.8607,0.5732,0.6269,0.7913,0.5058,0.5545,0.4014,0.5874,0.6722,0.5787,0.5213,0.3094,0.4766,0.2607,0.5297,0.3151,0.2119,0.1703,0.3462,
1.0,0.9988,0.966,0.9648,0.9705,0.9966,0.994,0.9893,0.9842,0.9214,0.7347,0.93,0.9041,0.8405,0.8022,0.8527,0.6867,0.8265,0.9382,0.7834,0.604,0.9525,0.7155,0.6171,0.5998,0.6138,0.8553,0.5625,0.6151,0.7728,0.5018,0.5488,0.3866,0.5904,0.6696,0.5738,0.5219,0.309,0.4772,0.2607,0.5235,0.3084,0.2049,0.162,0.3563,
1.0,0.999,0.9675,0.9665,0.9668,0.9971,0.9957,0.9921,0.9857,0.9218,0.735,0.9288,0.9078,0.8425,0.8068,0.8518,0.6923,0.8287,0.9417,0.7848,0.6126,0.9534,0.7176,0.6223,0.593,0.6104,0.8625,0.5613,0.6118,0.7741,0.4982,0.5461,0.3808,0.5897,0.6787,0.5781,0.5293,0.3123,0.4761,0.2585,0.5257,0.3054,0.2071,0.1648,0.3542,
1.0,0.9991,0.969,0.9681,0.9684,0.9972,0.9951,0.9902,0.9849,0.9241,0.7336,0.931,0.9072,0.8374,0.7971,0.8563,0.6787,0.8235,0.9393,0.7758,0.6122,0.9505,0.7303,0.6275,0.6153,0.6091,0.853,0.5623,0.6305,0.7795,0.499,0.5531,0.3991,0.59,0.6728,0.586,0.5141,0.3162,0.4818,0.2637,0.5281,0.3144,0.2053,0.1666,0.3521,
1.0,0.9988,0.9672,0.966,0.9732,0.9968,0.9945,0.9896,0.9828,0.9272,0.7345,0.9355,0.9117,0.8327,0.7922,0.8644,0.6715,0.8175,0.944,0.788,0.6153,0.9514,0.7299,0.6263,0.6104,0.6108,0.8553,0.5628,0.623,0.787,0.5104,0.5438,0.3835,0.5814,0.6754,0.593,0.5176,0.3094,0.4707,0.2562,0.5175,0.3096,0.2074,0.1631,0.349,
1.0,0.9985,0.9682,0.9667,0.9677,0.9971,0.9952,0.9913,0.9864,0.9214,0.7345,0.9292,0.9062,0.841,0.8064,0.8519,0.6867,0.8311,0.9439,0.7796,0.6176,0.9538,0.7282,0.6302,0.6098,0.6092,0.855,0.567,0.6274,0.7792,0.4955,0.5519,0.3869,0.5892,0.6781,0.5868,0.5168,0.3093,0.4781,0.2636,0.5225,0.3006,0.202,0.1613,0.3536,
1.0,0.9993,0.9672,0.9665,0.9719,0.9973,0.9954,0.9891,0.9829,0.9198,0.7363,0.9332,0.9034,0.8429,0.8011,0.8545,0.6851,0.8279,0.94,0.7825,0.6156,0.9517,0.7264,0.6346,0.6161,0.6153,0.856,0.5725,0.6236,0.7773,0.4951,0.5601,0.3856,0.5903,0.6727,0.585,0.5215,0.3131,0.476,0.2629,0.5248,0.2992,0.2,0.1641,0.3486,
1.0,0.9985,0.9676,0.9661,0.9702,0.9978,0.9957,0.9917,0.9841,0.927,0.7423,0.9309,0.9127,0.8434,0.8041,0.8594,0.694,0.8276,0.9388,0.7899,0.6129,0.9513,0.7193,0.6226,0.602,0.621,0.8649,0.5779,0.6213,0.7903,0.5076,0.5565,0.3897,0.5905,0.6715,0.5822,0.519,0.3241,0.486,0.2625,0.5326,0.3151,0.2062,0.1596,0.3607,
1.0,0.9992,0.9657,0.9649,0.9717,0.9963,0.9943,0.9916,0.9862,0.9233,0.7396,0.9296,0.9058,0.84,0.8037,0.8542,0.6839,0.8256,0.9404,0.7836,0.6128,0.9519,0.7213,0.6256,0.6076,0.6161,0.8549,0.5641,0.6187,0.7818,0.5059,0.5426,0.3874,0.5862,0.6734,0.5873,0.5222,0.3136,0.4813,0.2592,0.5182,0.3149,0.2048,0.1589,0.358,
1.0,0.999,0.9693,0.9683,0.9711,0.9972,0.9952,0.9908,0.9855,0.9223,0.7408,0.9341,0.9067,0.844,0.8086,0.8573,0.693,0.8316,0.9377,0.784,0.6083,0.9548,0.718,0.6248,0.6086,0.6222,0.8551,0.5768,0.6202,0.7875,0.4985,0.5602,0.3915,0.5968,0.6783,0.5765,0.5127,0.3217,0.4811,0.2527,0.5277,0.3177,0.2101,0.1673,0.365,
1.0,0.9992,0.971,0.9702,0.9717,0.9974,0.9951,0.9905,0.9855,0.9277,0.7418,0.9358,0.9109,0.8403,0.8015,0.8645,0.6907,0.8268,0.9377,0.7906,0.6188,0.9535,0.7324,0.6323,0.617,0.6131,0.8626,0.5662,0.6282,0.7892,0.5062,0.5466,0.3886,0.5987,0.6729,0.5891,0.5146,0.31,0.4876,0.273,0.532,0.321,0.208,0.1665,0.3599,
1.0,0.9984,0.9674,0.9658,0.9684,0.9971,0.9945,0.9895,0.9839,0.928,0.7374,0.9288,0.9109,0.8374,0.7983,0.8578,0.6839,0.8244,0.9419,0.7887,0.6135,0.952,0.7244,0.618,0.6053,0.6152,0.8579,0.5676,0.6215,0.7826,0.5063,0.5454,0.3844,0.5866,0.6718,0.588,0.5259,0.3113,0.479,0.2621,0.5174,0.314,0.2066,0.1619,0.3564,
1.0,0.9987,0.9658,0.9645,0.9691,0.9973,0.9953,0.9909,0.9849,0.9214,0.7353,0.9278,0.9052,0.8441,0.8063,0.8493,0.6927,0.8315,0.9391,0.7843,0.6156,0.9547,0.7229,0.6274,0.6065,0.6158,0.8592,0.5751,0.6189,0.7817,0.5037,0.5528,0.3804,0.583,0.671,0.581,0.5219,0.3156,0.4722,0.2653,0.5178,0.3036,0.2083,0.1584,0.3543,
1.0,0.9991,0.9666,0.9657,0.9695,0.997,0.9948,0.9902,0.9863,0.9229,0.7297,0.9301,0.9068,0.8327,0.7953,0.8548,0.6763,0.8216,0.9453,0.7818,0.6058,0.9524,0.7216,0.6164,0.6059,0.6093,0.8521,0.563,0.6171,0.7785,0.5101,0.5482,0.3833,0.5833,0.6762,0.5833,0.5315,0.312,0.4729,0.2597,0.5245,0.3095,0.2088,0.1634,0.3518,
1.0,0.9993,0.9675,0.9668,0.9708,0.9972,0.9951,0.9896,0.9849,0.922,0.734,0.9318,0.9049,0.8365,0.7995,0.8553,0.6796,0.8243,0.94,0.7792,0.6075,0.9512,0.7186,0.6186,0.6135,0.6199,0.8522,0.5666,0.6167,0.7841,0.5046,0.5556,0.3958,0.5933,0.6721,0.5772,0.5142,0.3215,0.4775,0.2571,0.519,0.3134,0.2092,0.1633,0.3524,
1.0,0.9988,0.9668,0.9656,0.9667,0.9966,0.9944,0.9894,0.9828,0.9235,0.7247,0.9269,0.9057,0.8348,0.795,0.852,0.6815,0.821,0.9359,0.7835,0.6021,0.9493,0.7194,0.6158,0.6062,0.6061,0.8588,0.5655,0.6155,0.7778,0.4897,0.544,0.3785,0.5871,0.6682,0.5768,0.5196,0.3031,0.4756,0.2562,0.5246,0.3043,0.1996,0.1547,0.3494,
1.0,0.9986,0.9669,0.9655,0.9702,0.9972,0.9949,0.9917,0.9855,0.9223,0.7382,0.9302,0.9072,0.8406,0.8025,0.8537,0.6853,0.8281,0.9381,0.7796,0.6165,0.954,0.7288,0.6294,0.6116,0.6138,0.8606,0.5673,0.6275,0.7822,0.4984,0.5573,0.4007,0.5977,0.6769,0.5809,0.5233,0.3177,0.4802,0.2776,0.5219,0.3062,0.2084,0.1685,0.3599,
1.0,0.9991,0.9679,0.967,0.9705,0.9977,0.9957,0.9911,0.9862,0.9232,0.732,0.932,0.9081,0.8346,0.7993,0.8567,0.6847,0.8215,0.9396,0.786,0.6034,0.9517,0.7218,0.6168,0.6026,0.6051,0.8612,0.5614,0.6194,0.7859,0.5002,0.5419,0.387,0.5912,0.6753,0.5799,0.5264,0.3167,0.4772,0.2651,0.5264,0.3065,0.208,0.165,0.3505,
1.0,0.9987,0.9674,0.9661,0.9712,0.9972,0.9948,0.9909,0.9855,0.9249,0.7401,0.9305,0.9084,0.84,0.7999,0.8568,0.6816,0.8268,0.9431,0.7811,0.617,0.9523,0.7271,0.6294,0.6164,0.6204,0.8545,0.5687,0.6279,0.7862,0.5094,0.5558,0.3949,0.5964,0.6755,0.5928,0.53,0.3201,0.4771,0.2688,0.5153,0.3176,0.2132,0.1702,0.3576,
1.0,0.9988,0.9665,0.9653,0.9695,0.9967,0.994,0.9885,0.9832,0.9248,0.731,0.9303,0.9072,0.8361,0.7962,0.8567,0.6773,0.8217,0.9389,0.7856,0.6115,0.9491,0.7247,0.6189,0.6064,0.608,0.8536,0.5618,0.6202,0.7762,0.4955,0.545,0.3899,0.5895,0.6751,0.589,0.521,0.3091,0.4662,0.2567,0.5219,0.307,0.203,0.166,0.3489,
1.0,0.9986,0.9698,0.9684,0.9672,0.997,0.994,0.9903,0.9854,0.9234,0.7333,0.9305,0.9071,0.8375,0.7971,0.8545,0.6818,0.8222,0.9429,0.7766,0.6133,0.9537,0.7264,0.6278,0.6098,0.6112,0.856,0.5681,0.6272,0.7796,0.5138,0.5586,0.3949,0.599,0.6899,0.5905,0.5234,0.3213,0.4897,0.2613,0.5318,0.3158,0.2147,0.1657,0.3646,
1.0,0.999,0.9679,0.9669,0.9709,0.9974,0.9955,0.9909,0.9859,0.9261,0.741,0.9324,0.911,0.8391,0.802,0.8599,0.6854,0.8266,0.9448,0.7866,0.6136,0.953,0.7211,0.6235,0.6066,0.6238,0.8537,0.5737,0.6224,0.7868,0.508,0.5616,0.3824,0.5856,0.6773,0.5815,0.5178,0.316,0.4716,0.2619,0.5197,0.3033,0.2093,0.1623,0.3468,
1.0,0.9993,0.9665,0.9658,0.9706,0.9969,0.9953,0.9915,0.9854,0.9228,0.7345,0.9299,0.9058,0.8372,0.7971,0.8549,0.6748,0.8238,0.9407,0.7727,0.6117,0.953,0.7226,0.6258,0.6096,0.6068,0.8504,0.5553,0.6176,0.7803,0.4984,0.5427,0.3882,0.5923,0.6761,0.5851,0.517,0.315,0.4728,0.2592,0.5196,0.3143,0.2037,0.1633,0.353,
1.0,0.9996,0.9664,0.966,0.9726,0.998,0.9971,0.992,0.9869,0.9209,0.7388,0.934,0.9077,0.8394,0.8043,0.8557,0.6835,0.8274,0.9374,0.7829,0.598,0.9542,0.712,0.6117,0.5977,0.6084,0.8558,0.5583,0.6047,0.7815,0.4984,0.5416,0.3803,0.5841,0.6653,0.5671,0.5157,0.312,0.4756,0.2542,0.5162,0.3022,0.2003,0.1554,0.3517,
1.0,0.999,0.9697,0.9687,0.9705,0.9976,0.9957,0.9894,0.983,0.9242,0.7361,0.934,0.9073,0.8406,0.8019,0.8604,0.6908,0.8281,0.939,0.7893,0.6126,0.9548,0.724,0.6261,0.6098,0.6171,0.8569,0.5789,0.6233,0.7868,0.5133,0.5623,0.3962,0.5982,0.6783,0.5851,0.5227,0.3205,0.4851,0.2601,0.5352,0.3152,0.2157,0.1649,0.3581,
1.0,0.9994,0.9706,0.97,0.971,0.998,0.9965,0.992,0.9859,0.9235,0.7458,0.9347,0.9085,0.8464,0.8101,0.8597,0.6959,0.8338,0.9411,0.785,0.6189,0.956,0.7272,0.6336,0.6166,0.6231,0.8611,0.5722,0.6288,0.7852,0.5034,0.5606,0.3984,0.6035,0.6815,0.5872,0.5318,0.3185,0.4919,0.2757,0.5331,0.3155,0.2069,0.1673,0.3691,
1.0,0.9991,0.97,0.9691,0.9721,0.9977,0.9952,0.989,0.9848,0.9232,0.7394,0.9373,0.9079,0.841,0.8022,0.8638,0.6897,0.8275,0.9372,0.7859,0.611,0.9487,0.7239,0.6273,0.611,0.611,0.8602,0.5643,0.627,0.7779,0.5007,0.5454,0.3931,0.5903,0.6682,0.582,0.5135,0.3182,0.4752,0.2599,0.523,0.3136,0.205,0.1637,0.3529,
1.0,0.9988,0.9668,0.9656,0.9715,0.9974,0.9953,0.9894,0.9831,0.9218,0.7331,0.9307,0.9041,0.836,0.797,0.8539,0.6791,0.8222,0.94,0.7812,0.6083,0.9519,0.7222,0.6208,0.6084,0.6104,0.852,0.5586,0.6236,0.7825,0.4953,0.5477,0.3805,0.5934,0.6775,0.585,0.5281,0.3078,0.4733,0.2677,0.5264,0.3071,0.2067,0.1656,0.3548,
1.0,0.9989,0.9688,0.9677,0.9689,0.9968,0.9946,0.9913,0.9857,0.9249,0.7361,0.9319,0.9099,0.8405,0.8056,0.8574,0.687,0.8274,0.9405,0.7847,0.6151,0.9542,0.7255,0.6238,0.6088,0.6189,0.8538,0.5688,0.6232,0.7821,0.5107,0.5571,0.39,0.5967,0.6796,0.586,0.5156,0.3204,0.4752,0.2599,0.5213,0.3144,0.2084,0.1602,0.354,
1.0,0.9991,0.9665,0.9656,0.9684,0.9982,0.9959,0.9897,0.9843,0.9215,0.727,0.9291,0.906,0.8331,0.7967,0.8513,0.6778,0.8192,0.9423,0.7793,0.6043,0.9511,0.7181,0.6169,0.6017,0.608,0.8541,0.5598,0.6182,0.7783,0.5025,0.5475,0.3876,0.593,0.6777,0.5798,0.5246,0.3118,0.4676,0.2561,0.521,0.3082,0.205,0.155,0.3457,
1.0,0.9991,0.9665,0.9656,0.9682,0.9976,0.996,0.9917,0.9869,0.9236,0.741,0.9286,0.909,0.8423,0.8062,0.8536,0.688,0.8316,0.9435,0.7819,0.6204,0.9581,0.7309,0.6286,0.6119,0.6206,0.8562,0.5708,0.6263,0.7822,0.5076,0.5584,0.3906,0.5919,0.6774,0.5902,0.5311,0.3165,0.4816,0.2716,0.5317,0.313,0.203,0.1625,0.3605,
1.0,0.9991,0.9673,0.9664,0.9713,0.9971,0.9951,0.9904,0.9862,0.9243,0.736,0.9326,0.9084,0.836,0.8007,0.859,0.6814,0.8235,0.9412,0.7871,0.6069,0.9497,0.7221,0.6185,0.6035,0.6141,0.8586,0.5618,0.6175,0.7833,0.505,0.5434,0.3883,0.5862,0.6661,0.5768,0.5152,0.315,0.4789,0.2526,0.5166,0.3026,0.2059,0.1632,0.3514,
1.0,0.9983,0.968,0.9663,0.9731,0.9967,0.9947,0.9906,0.9829,0.9195,0.735,0.9351,0.9044,0.8417,0.8022,0.8563,0.682,0.8286,0.9391,0.7812,0.6039,0.9553,0.7169,0.6211,0.6099,0.6142,0.8576,0.5677,0.6119,0.7837,0.5034,0.5512,0.3862,0.5936,0.6673,0.576,0.5154,0.3204,0.4777,0.2522,0.5202,0.3128,0.2054,0.1636,0.3514,
1.0,0.9991,0.9673,0.9664,0.9693,0.9978,0.9959,0.9903,0.9848,0.9213,0.7381,0.9292,0.9051,0.8439,0.8054,0.8526,0.6886,0.829,0.9388,0.7781,0.6027,0.9521,0.712,0.6192,0.5997,0.6107,0.8568,0.5689,0.6176,0.7809,0.5012,0.5583,0.3759,0.5952,0.6851,0.576,0.5157,0.3163,0.4773,0.2598,0.5257,0.3096,0.2148,0.1547,0.3635,
1.0,0.999,0.968,0.967,0.9703,0.9977,0.996,0.9891,0.9826,0.9236,0.7386,0.9313,0.9059,0.8427,0.8017,0.8568,0.6835,0.829,0.9392,0.7804,0.6134,0.9527,0.7256,0.6235,0.6074,0.6142,0.8551,0.5656,0.6204,0.7802,0.5019,0.5507,0.3907,0.5961,0.6804,0.5826,0.5127,0.3188,0.4758,0.2581,0.5225,0.313,0.2117,0.1631,0.352,
1.0,0.9994,0.9694,0.9688,0.97,0.9975,0.9953,0.9905,0.9845,0.9273,0.736,0.9334,0.9111,0.835,0.7991,0.8614,0.6827,0.8205,0.9389,0.7866,0.6134,0.9517,0.7291,0.6235,0.6116,0.619,0.8606,0.5664,0.6242,0.7899,0.5111,0.5537,0.3994,0.5999,0.6737,0.5853,0.5234,0.3211,0.4818,0.2647,0.5257,0.3167,0.2138,0.1702,0.3554,
1.0,0.9991,0.9698,0.9689,0.9684,0.9967,0.9947,0.9888,0.984,0.9291,0.7454,0.9323,0.9104,0.845,0.8039,0.8625,0.6868,0.832,0.9422,0.785,0.6196,0.9479,0.7288,0.6267,0.6156,0.6225,0.8568,0.5738,0.632,0.7839,0.5123,0.5584,0.3986,0.5979,0.6804,0.5919,0.5203,0.3286,0.4901,0.2649,0.5283,0.3216,0.2143,0.1696,0.3597,
1.0,0.9987,0.9644,0.9631,0.9719,0.9962,0.9944,0.9913,0.9843,0.9248,0.7385,0.9301,0.9085,0.8408,0.8021,0.8558,0.6807,0.8258,0.9416,0.7859,0.6126,0.9493,0.7235,0.6249,0.6069,0.616,0.856,0.5673,0.626,0.7876,0.5089,0.5516,0.3967,0.5944,0.6728,0.5861,0.5154,0.3204,0.4809,0.2641,0.5235,0.3188,0.2095,0.1623,0.3626,
1.0,0.999,0.9663,0.9653,0.971,0.9971,0.9946,0.9905,0.9843,0.9219,0.7344,0.9306,0.9056,0.8394,0.7998,0.8542,0.6801,0.8238,0.9407,0.782,0.6103,0.9519,0.7259,0.6236,0.6046,0.6128,0.8595,0.5639,0.615,0.7796,0.4986,0.5428,0.3881,0.5851,0.6694,0.5772,0.5142,0.3142,0.4798,0.2512,0.5192,0.3058,0.2045,0.1655,0.3534,
1.0,0.999,0.9671,0.9661,0.9685,0.997,0.9954,0.9888,0.9818,0.9224,0.7344,0.9293,0.9048,0.8407,0.7983,0.8529,0.6796,0.8264,0.9404,0.7781,0.608,0.951,0.7202,0.6198,0.6057,0.6102,0.8535,0.5695,0.6205,0.7792,0.5042,0.5566,0.3882,0.5993,0.6749,0.5891,0.5247,0.3184,0.4902,0.2569,0.5322,0.3204,0.2096,0.1647,0.361,
1.0,0.999,0.9703,0.9693,0.9709,0.9977,0.9956,0.9916,0.9875,0.9218,0.7368,0.9345,0.9065,0.8384,0.8019,0.8573,0.69,0.8255,0.9407,0.7829,0.6047,0.9533,0.7155,0.6202,0.6075,0.6125,0.8587,0.5677,0.6174,0.7834,0.5066,0.5534,0.3924,0.5996,0.6842,0.5795,0.5303,0.3191,0.4847,0.258,0.53,0.3173,0.2148,0.1692,0.3598,
1.0,0.9991,0.9673,0.9664,0.9713,0.9973,0.9951,0.9902,0.9863,0.9239,0.7419,0.9319,0.9071,0.8415,0.8042,0.8575,0.6903,0.8281,0.9403,0.7851,0.6162,0.9517,0.7253,0.6268,0.6104,0.6166,0.86,0.575,0.6176,0.7883,0.5137,0.5499,0.3943,0.5883,0.672,0.584,0.5185,0.3246,0.4794,0.2582,0.523,0.3193,0.206,0.1649,0.3603,
1.0,0.9983,0.9693,0.9676,0.9695,0.9973,0.995,0.9894,0.9833,0.9226,0.7367,0.9327,0.9072,0.8401,0.802,0.8568,0.6823,0.8275,0.9414,0.7813,0.619,0.9534,0.7317,0.6315,0.6165,0.618,0.8562,0.5713,0.6284,0.7884,0.505,0.5588,0.391,0.5975,0.6733,0.5904,0.5156,0.3167,0.4768,0.2597,0.5246,0.3157,0.2066,0.1655,0.3474,
1.0,0.9992,0.9659,0.9651,0.9693,0.9981,0.9962,0.9885,0.9824,0.9244,0.731,0.9278,0.9061,0.8368,0.7938,0.852,0.6729,0.8217,0.9419,0.7762,0.6133,0.9494,0.7217,0.6221,0.6064,0.6124,0.8518,0.5632,0.6179,0.7832,0.5024,0.5454,0.3845,0.5937,0.674,0.5846,0.5161,0.3168,0.4805,0.2549,0.5182,0.3145,0.2059,0.1648,0.3518,
1.0,0.9991,0.9674,0.9665,0.9711,0.9979,0.9956,0.9904,0.9845,0.9252,0.7353,0.933,0.9105,0.8371,0.7979,0.8589,0.6847,0.822,0.9389,0.7887,0.6217,0.9523,0.733,0.6322,0.6169,0.6097,0.8631,0.5645,0.6291,0.7836,0.5022,0.5468,0.3938,0.5882,0.6734,0.5903,0.5213,0.3155,0.4779,0.2625,0.53,0.3108,0.2049,0.1652,0.3562,
1.0,0.9988,0.9677,0.9665,0.9693,0.9986,0.9966,0.9904,0.9842,0.9227,0.7373,0.9307,0.9076,0.8414,0.8016,0.8548,0.6837,0.8275,0.9396,0.7776,0.6131,0.9539,0.724,0.6236,0.6034,0.6124,0.8553,0.5635,0.6211,0.7869,0.5024,0.5582,0.3798,0.5873,0.6834,0.5796,0.5093,0.3206,0.471,0.2523,0.5302,0.3082,0.2128,0.1562,0.346,
1.0,0.9987,0.9683,0.967,0.973,0.9971,0.9946,0.9915,0.9849,0.9248,0.7356,0.9338,0.9082,0.8345,0.7951,0.8599,0.6805,0.8185,0.9352,0.7855,0.6137,0.9515,0.7311,0.6281,0.6173,0.6118,0.8585,0.5649,0.6309,0.7906,0.5043,0.551,0.396,0.5939,0.6745,0.5897,0.5198,0.3157,0.4789,0.2691,0.5246,0.3123,0.2133,0.1713,0.3506,
1.0,0.9991,0.9648,0.9639,0.9721,0.998,0.9962,0.9906,0.983,0.9229,0.7418,0.9314,0.9079,0.8452,0.8067,0.8554,0.688,0.8315,0.9409,0.7869,0.6187,0.9575,0.727,0.6295,0.6053,0.6227,0.8587,0.5705,0.6176,0.7834,0.4987,0.5552,0.3757,0.5885,0.6746,0.5848,0.5184,0.3101,0.4801,0.2627,0.524,0.3104,0.2028,0.1582,0.3632,
1.0,0.9988,0.9667,0.9655,0.9731,0.9974,0.9952,0.991,0.986,0.9232,0.7385,0.9328,0.907,0.8394,0.8028,0.8572,0.6831,0.8284,0.9426,0.7851,0.6099,0.9537,0.7205,0.626,0.6053,0.6119,0.8548,0.566,0.6183,0.7893,0.5087,0.5559,0.3878,0.5902,0.6752,0.5773,0.5167,0.3111,0.4747,0.2586,0.5252,0.3133,0.2085,0.1613,0.3563,
1.0,0.9989,0.9698,0.9687,0.9697,0.997,0.9954,0.9912,0.9854,0.9234,0.7363,0.9327,0.9075,0.8379,0.7986,0.8578,0.683,0.8257,0.9416,0.7818,0.6061,0.9532,0.7198,0.6193,0.5984,0.6089,0.859,0.5603,0.6167,0.7775,0.4921,0.5461,0.3794,0.5874,0.6767,0.5727,0.5211,0.3083,0.4827,0.2555,0.5299,0.3017,0.2036,0.1634,0.3568,
1.0,0.9986,0.9704,0.969,0.9678,0.9968,0.9941,0.989,0.9842,0.9162,0.7338,0.9316,0.8986,0.8441,0.8061,0.8501,0.6885,0.8307,0.9391,0.7746,0.6096,0.9507,0.7189,0.6265,0.6095,0.6082,0.8544,0.5651,0.6182,0.7731,0.4901,0.5543,0.386,0.5959,0.6741,0.575,0.5146,0.3091,0.4802,0.2543,0.53,0.302,0.2052,0.1569,0.3577,
1.0,0.9982,0.9693,0.9675,0.9674,0.9974,0.9943,0.9884,0.9842,0.9212,0.732,0.9288,0.9028,0.8412,0.8009,0.8522,0.6821,0.8287,0.9429,0.7754,0.6129,0.9526,0.72,0.6258,0.6074,0.6186,0.853,0.5745,0.6163,0.7796,0.508,0.5598,0.3947,0.5915,0.6759,0.579,0.5282,0.3256,0.4783,0.2611,0.5214,0.3118,0.2083,0.1707,0.3476,
1.0,0.9989,0.9687,0.9676,0.9697,0.9978,0.9956,0.9905,0.9847,0.9232,0.7421,0.9306,0.9062,0.8449,0.803,0.8545,0.6941,0.8313,0.9372,0.7847,0.6112,0.9536,0.7224,0.6258,0.6096,0.6144,0.8653,0.5764,0.6157,0.7802,0.4984,0.5581,0.3927,0.5937,0.6738,0.5781,0.5246,0.3191,0.4882,0.2624,0.5328,0.3136,0.2035,0.1681,0.3634,
1.0,0.9988,0.9629,0.9617,0.9707,0.9965,0.994,0.9901,0.9854,0.9254,0.7415,0.9269,0.9089,0.8429,0.8053,0.8534,0.6838,0.8297,0.9401,0.7838,0.6108,0.951,0.7232,0.6196,0.6022,0.6207,0.8554,0.5702,0.6143,0.7834,0.5119,0.5505,0.3902,0.5818,0.6657,0.58,0.5191,0.3251,0.4713,0.2605,0.5181,0.3146,0.2058,0.1568,0.3507,
1.0,0.9985,0.966,0.9645,0.9684,0.9967,0.9946,0.99,0.9863,0.9194,0.7366,0.9292,0.9042,0.8426,0.8053,0.849,0.6867,0.8315,0.9438,0.7766,0.6139,0.9489,0.7197,0.622,0.6025,0.6101,0.8591,0.5742,0.6124,0.7787,0.4934,0.5532,0.3787,0.5869,0.673,0.5785,0.5281,0.3143,0.4774,0.2554,0.5278,0.3062,0.2037,0.1665,0.3545,
1.0,0.9987,0.967,0.9657,0.9674,0.9976,0.9953,0.9903,0.9846,0.9195,0.7307,0.9276,0.9035,0.8397,0.8017,0.8486,0.6838,0.826,0.9422,0.7751,0.6078,0.9538,0.717,0.622,0.6019,0.6108,0.8544,0.5657,0.6165,0.7771,0.5024,0.5544,0.3854,0.5916,0.6817,0.58,0.525,0.3183,0.4855,0.2576,0.5316,0.3115,0.2138,0.1626,0.364,
1.0,0.9987,0.9675,0.9662,0.9677,0.9976,0.9954,0.9901,0.9841,0.9254,0.7384,0.9293,0.9101,0.8407,0.8026,0.8567,0.6856,0.8272,0.9369,0.7832,0.6098,0.9557,0.7273,0.6186,0.6031,0.6133,0.8574,0.5656,0.619,0.7833,0.5027,0.5506,0.3884,0.595,0.6736,0.5785,0.5191,0.3111,0.4834,0.2618,0.5237,0.3181,0.2056,0.1636,0.3562,
1.0,0.9991,0.9687,0.9678,0.9699,0.9969,0.9952,0.9907,0.9854,0.9213,0.7402,0.9325,0.9053,0.842,0.8044,0.8562,0.6889,0.8299,0.9417,0.7816,0.6125,0.9539,0.7224,0.626,0.6129,0.6202,0.857,0.5674,0.6228,0.7728,0.5021,0.5488,0.3888,0.5978,0.6735,0.5853,0.5278,0.317,0.48,0.267,0.5211,0.3131,0.2044,0.1613,0.3553,
1.0,0.9991,0.9663,0.9654,0.9699,0.996,0.9945,0.9909,0.9849,0.926,0.737,0.9301,0.9096,0.8375,0.8007,0.8573,0.6845,0.8244,0.946,0.7863,0.6159,0.9497,0.7246,0.6256,0.6002,0.622,0.8579,0.5666,0.6182,0.7812,0.508,0.5482,0.3892,0.5821,0.6756,0.5884,0.5242,0.3056,0.4794,0.2585,0.528,0.3066,0.201,0.1615,0.3551,
1.0,0.9985,0.9647,0.9632,0.9693,0.9971,0.9948,0.9903,0.9851,0.923,0.7395,0.9271,0.9069,0.8439,0.8065,0.852,0.6896,0.8309,0.9391,0.7803,0.6119,0.9512,0.7237,0.6203,0.6073,0.6175,0.8582,0.571,0.6221,0.781,0.4988,0.5557,0.3868,0.595,0.6724,0.5838,0.5157,0.3171,0.4815,0.2666,0.5301,0.3127,0.2013,0.1596,0.3611,
1.0,0.9987,0.9688,0.9675,0.9706,0.9977,0.9954,0.9901,0.9857,0.9203,0.7301,0.9335,0.9053,0.8358,0.7982,0.8555,0.676,0.823,0.9409,0.7755,0.6045,0.9514,0.7146,0.6213,0.599,0.6048,0.8481,0.5559,0.6155,0.7764,0.4992,0.5475,0.3938,0.5927,0.6817,0.5807,0.5208,0.3036,0.4836,0.2554,0.525,0.3079,0.2134,0.1674,0.3512,
1.0,0.9992,0.9677,0.9669,0.9685,0.9972,0.9952,0.9909,0.9854,0.9246,0.7336,0.9303,0.9084,0.8353,0.7973,0.8558,0.6793,0.8223,0.9436,0.7798,0.6123,0.9541,0.7227,0.6239,0.6116,0.6164,0.8541,0.5712,0.6218,0.7832,0.5002,0.5564,0.382,0.5869,0.6754,0.5827,0.5273,0.3149,0.4765,0.2608,0.5143,0.3092,0.2049,0.1621,0.3434,
1.0,0.9995,0.9691,0.9686,0.9734,0.9971,0.9958,0.9921,0.9866,0.9244,0.7396,0.9367,0.9093,0.8368,0.8015,0.8625,0.6797,0.8242,0.9431,0.7819,0.6107,0.9557,0.7233,0.6266,0.61,0.6152,0.8517,0.5627,0.619,0.7875,0.5095,0.5522,0.3947,0.5902,0.6758,0.5837,0.5198,0.3134,0.4681,0.2471,0.5147,0.3114,0.2109,0.1689,0.3498,
1.0,0.9988,0.9665,0.9653,0.9674,0.9969,0.9949,0.9905,0.9853,0.919,0.7385,0.928,0.9037,0.8442,0.809,0.8484,0.6864,0.832,0.9382,0.7757,0.6136,0.9518,0.7209,0.6229,0.6052,0.6135,0.8574,0.5621,0.6172,0.7744,0.495,0.5442,0.3896,0.5963,0.6717,0.5801,0.5212,0.3197,0.48,0.2586,0.5211,0.3119,0.2016,0.1649,0.3599,
1.0,0.9993,0.9716,0.9709,0.9704,0.9981,0.9964,0.9905,0.9853,0.9264,0.7394,0.9353,0.9101,0.8407,0.8038,0.8616,0.6938,0.8289,0.9395,0.7916,0.6121,0.9543,0.7273,0.6284,0.6093,0.619,0.8612,0.5711,0.6204,0.7843,0.5023,0.5523,0.3867,0.5893,0.6761,0.5804,0.529,0.3126,0.483,0.267,0.5301,0.3117,0.2123,0.1708,0.3645,
1.0,0.9991,0.9668,0.9659,0.9697,0.9966,0.9949,0.9918,0.9859,0.9174,0.7331,0.93,0.9014,0.8426,0.8049,0.8477,0.688,0.8301,0.9407,0.7771,0.6078,0.9537,0.7144,0.6226,0.5998,0.6091,0.8538,0.5696,0.6147,0.7736,0.509,0.555,0.3874,0.5888,0.675,0.5815,0.5253,0.3301,0.4776,0.2615,0.5269,0.31,0.2053,0.1668,0.3554,
1.0,0.999,0.9683,0.9673,0.9683,0.9969,0.9946,0.9897,0.9849,0.9195,0.7409,0.9302,0.9023,0.8463,0.8084,0.8508,0.693,0.832,0.9379,0.7758,0.6066,0.9489,0.7142,0.621,0.5985,0.6156,0.8552,0.5697,0.6152,0.7786,0.4944,0.5587,0.379,0.5905,0.674,0.5677,0.5215,0.3213,0.471,0.262,0.5269,0.3025,0.2014,0.1576,0.3606,
1.0,0.9986,0.9656,0.9642,0.9705,0.9973,0.9943,0.9892,0.9854,0.9265,0.7426,0.9288,0.9085,0.844,0.8068,0.8571,0.6835,0.8305,0.9437,0.7814,0.6173,0.9551,0.7259,0.6246,0.6064,0.6247,0.852,0.5713,0.6176,0.7911,0.5157,0.5602,0.3875,0.5959,0.6828,0.5841,0.5225,0.3265,0.4804,0.2589,0.5178,0.3199,0.2134,0.1687,0.3538,
1.0,0.9989,0.9668,0.9657,0.9695,0.9976,0.9961,0.9906,0.9843,0.9253,0.7354,0.9293,0.9087,0.8383,0.7994,0.8562,0.6814,0.8256,0.9386,0.7838,0.6114,0.9536,0.7227,0.622,0.5995,0.6106,0.8522,0.5622,0.6215,0.7851,0.5064,0.5453,0.3819,0.5869,0.6744,0.5796,0.5172,0.3108,0.4787,0.2574,0.5262,0.3149,0.2121,0.163,0.3537,
1.0,0.9991,0.9672,0.9663,0.9686,0.9978,0.9955,0.9911,0.9873,0.9271,0.7396,0.93,0.9119,0.8382,0.8007,0.8578,0.6821,0.8257,0.9407,0.7794,0.6109,0.9552,0.7261,0.6212,0.6082,0.6154,0.856,0.5684,0.623,0.787,0.5088,0.5551,0.3881,0.5913,0.6781,0.5813,0.5162,0.3198,0.478,0.2534,0.5161,0.3096,0.2148,0.1595,0.3486,
1.0,0.9988,0.9703,0.9691,0.9719,0.9976,0.9957,0.9919,0.9855,0.9128,0.731,0.9342,0.8979,0.8415,0.804,0.847,0.6919,0.8284,0.9397,0.7752,0.6064,0.9541,0.715,0.6351,0.6173,0.6081,0.8575,0.5699,0.6163,0.7784,0.4985,0.556,0.3983,0.597,0.6752,0.5813,0.5161,0.3168,0.4843,0.2572,0.5334,0.3134,0.2045,0.1705,0.3593,
1.0,0.9993,0.9668,0.9661,0.9697,0.9971,0.9954,0.9922,0.988,0.9282,0.7444,0.9293,0.9116,0.8417,0.8041,0.8579,0.6903,0.8285,0.9423,0.7843,0.6168,0.9495,0.7245,0.6241,0.606,0.6226,0.8546,0.5737,0.6223,0.7848,0.4989,0.5584,0.3887,0.5856,0.6721,0.5882,0.5246,0.3145,0.4741,0.2653,0.5315,0.3039,0.2087,0.1668,0.3524,
1.0,0.9994,0.9682,0.9676,0.9704,0.9974,0.9956,0.9916,0.9878,0.9227,0.7404,0.9322,0.9072,0.8419,0.8074,0.8558,0.6923,0.83,0.944,0.784,0.6148,0.9499,0.7206,0.6305,0.6038,0.6191,0.8596,0.575,0.6139,0.7817,0.5049,0.5513,0.3873,0.5806,0.6737,0.5787,0.5258,0.3225,0.4713,0.263,0.5262,0.3096,0.2116,0.1642,0.3524,
1.0,0.9984,0.9662,0.9646,0.9702,0.998,0.9954,0.9918,0.9856,0.9245,0.7329,0.9295,0.9115,0.8338,0.7956,0.8554,0.6778,0.8205,0.9434,0.7822,0.6119,0.9554,0.7268,0.6235,0.6108,0.6105,0.8583,0.5658,0.6246,0.7876,0.505,0.5457,0.3893,0.5878,0.6733,0.5918,0.522,0.3161,0.4761,0.2553,0.5169,0.3137,0.2103,0.1655,0.3483,
1.0,0.999,0.9711,0.9701,0.9703,0.9974,0.9954,0.9904,0.9852,0.9234,0.746,0.9359,0.9085,0.8475,0.8109,0.861,0.6997,0.8358,0.9443,0.7863,0.6301,0.9558,0.7349,0.6435,0.6202,0.6278,0.8588,0.5806,0.6376,0.7829,0.5077,0.5699,0.3957,0.5947,0.6822,0.5975,0.534,0.3208,0.4808,0.2786,0.5323,0.3089,0.2138,0.1784,0.364,
1.0,0.9988,0.965,0.9638,0.9713,0.9976,0.9958,0.9907,0.9847,0.9187,0.7354,0.9296,0.9028,0.8424,0.8032,0.8497,0.6873,0.83,0.9366,0.7797,0.6079,0.9544,0.7164,0.6203,0.6067,0.614,0.8568,0.5712,0.6082,0.7751,0.4953,0.5472,0.3871,0.5859,0.6677,0.5763,0.5236,0.3116,0.48,0.2573,0.5264,0.3033,0.2042,0.1638,0.3533,
1.0,0.9992,0.9692,0.9684,0.9696,0.9974,0.9951,0.9904,0.984,0.9292,0.741,0.9328,0.9129,0.8412,0.7995,0.8626,0.6829,0.8266,0.9402,0.7849,0.6174,0.9523,0.721,0.6262,0.6055,0.6214,0.8519,0.5705,0.6289,0.7816,0.5059,0.5601,0.389,0.6022,0.684,0.5931,0.5271,0.3132,0.4768,0.2685,0.5257,0.3178,0.2134,0.168,0.3565,
1.0,0.999,0.9665,0.9655,0.9672,0.9971,0.9955,0.9917,0.9866,0.9263,0.7422,0.9271,0.9109,0.8427,0.8086,0.8556,0.6944,0.83,0.9439,0.7849,0.6184,0.9519,0.7223,0.6246,0.6024,0.6213,0.8594,0.5781,0.6239,0.7883,0.5062,0.5598,0.3767,0.5888,0.6757,0.584,0.527,0.315,0.4669,0.2738,0.5208,0.3096,0.2068,0.1543,0.3461,
1.0,0.9989,0.9669,0.9658,0.9705,0.9982,0.9965,0.9905,0.9842,0.918,0.7328,0.931,0.9031,0.8393,0.8004,0.849,0.6842,0.8253,0.9386,0.7796,0.6061,0.9537,0.7196,0.6204,0.6074,0.6089,0.8559,0.566,0.613,0.7769,0.501,0.5522,0.3927,0.592,0.6775,0.581,0.5185,0.3174,0.4879,0.2542,0.533,0.314,0.2062,0.1642,0.3569,
1.0,0.9986,0.9674,0.966,0.9715,0.9976,0.995,0.9899,0.9844,0.9269,0.7346,0.9317,0.911,0.8343,0.7953,0.8604,0.6761,0.8216,0.9417,0.7849,0.6082,0.9563,0.7247,0.6187,0.5992,0.6101,0.8536,0.5605,0.6165,0.7858,0.5147,0.5442,0.3906,0.5912,0.6774,0.5801,0.5156,0.3172,0.485,0.2531,0.5277,0.313,0.2098,0.1645,0.3466,
1.0,0.9987,0.9696,0.9683,0.9689,0.9976,0.9952,0.9906,0.9844,0.9229,0.7357,0.9312,0.907,0.8394,0.7999,0.8553,0.6938,0.8241,0.937,0.7883,0.6042,0.9531,0.719,0.6153,0.6083,0.6115,0.8654,0.5725,0.6166,0.7811,0.4986,0.551,0.3887,0.5983,0.6774,0.5776,0.5271,0.3148,0.4905,0.2615,0.5271,0.3097,0.2079,0.1626,0.3558,
1.0,0.9989,0.969,0.9679,0.9733,0.997,0.9942,0.9898,0.9858,0.9232,0.7376,0.9358,0.9069,0.8374,0.8002,0.8608,0.6945,0.8234,0.9374,0.7924,0.6029,0.9499,0.7168,0.6193,0.6061,0.6096,0.8631,0.5683,0.6163,0.7842,0.5041,0.5464,0.3898,0.5903,0.6758,0.5735,0.5204,0.3145,0.4861,0.2571,0.5426,0.3141,0.206,0.162,0.3566,
1.0,0.9994,0.9689,0.9683,0.9709,0.9969,0.9954,0.9896,0.9848,0.9201,0.7411,0.9344,0.9041,0.8466,0.8091,0.8554,0.6938,0.8353,0.9417,0.783,0.6138,0.9521,0.7193,0.6282,0.6049,0.6206,0.8554,0.5751,0.6159,0.7751,0.494,0.5583,0.3814,0.5851,0.68,0.5763,0.5269,0.3069,0.4788,0.2655,0.5275,0.3047,0.1996,0.163,0.3582,
1.0,0.9987,0.967,0.9657,0.9701,0.9971,0.9949,0.9904,0.985,0.921,0.7323,0.931,0.9059,0.8385,0.8009,0.8525,0.6823,0.8255,0.9447,0.7812,0.6125,0.9527,0.7193,0.6253,0.6015,0.614,0.8581,0.5732,0.6092,0.7805,0.5051,0.5506,0.3866,0.5893,0.6768,0.58,0.5294,0.3216,0.4748,0.2541,0.518,0.3105,0.2078,0.1654,0.3512,
1.0,0.9983,0.968,0.9663,0.9706,0.9972,0.9942,0.99,0.9848,0.9266,0.7355,0.9314,0.9108,0.8342,0.7954,0.8588,0.682,0.8212,0.9373,0.7872,0.6083,0.9551,0.7249,0.6182,0.6083,0.6064,0.8571,0.5633,0.6264,0.7874,0.5043,0.5449,0.3799,0.5936,0.676,0.5861,0.5113,0.3118,0.4826,0.2593,0.5263,0.3154,0.2141,0.1607,0.3561,
1.0,0.9993,0.9697,0.969,0.9673,0.9965,0.9949,0.991,0.9847,0.9211,0.7281,0.9304,0.9042,0.8359,0.799,0.8533,0.6796,0.8223,0.9415,0.7767,0.6071,0.9525,0.7196,0.622,0.607,0.6041,0.8539,0.5588,0.6227,0.7775,0.4991,0.5464,0.3805,0.5913,0.6767,0.5814,0.5185,0.3079,0.4789,0.2527,0.5253,0.3075,0.2029,0.1589,0.3521,
1.0,0.9988,0.9699,0.9687,0.9743,0.9974,0.9957,0.9891,0.9828,0.9244,0.7462,0.9382,0.9079,0.8456,0.8062,0.8631,0.6894,0.8325,0.944,0.788,0.623,0.9496,0.7242,0.6383,0.6132,0.6298,0.8558,0.5791,0.6222,0.7879,0.5112,0.5631,0.3982,0.5927,0.677,0.5821,0.5185,0.3279,0.4795,0.2644,0.5306,0.3183,0.2155,0.1646,0.3577,
1.0,0.9988,0.9678,0.9666,0.9711,0.9975,0.9955,0.9911,0.9848,0.9267,0.7406,0.9335,0.9125,0.8408,0.8001,0.86,0.682,0.8257,0.9375,0.781,0.6098,0.9544,0.7231,0.6187,0.6011,0.6132,0.8546,0.5621,0.6277,0.7875,0.5105,0.554,0.3848,0.5989,0.6852,0.5901,0.5182,0.3179,0.4808,0.2582,0.5274,0.3209,0.2132,0.1591,0.3602,
1.0,0.9982,0.9694,0.9676,0.9711,0.9975,0.9946,0.99,0.9849,0.9251,0.7417,0.9337,0.9104,0.8418,0.8013,0.8607,0.6848,0.8301,0.9388,0.782,0.6119,0.9541,0.7232,0.6225,0.6092,0.6172,0.8581,0.5711,0.6233,0.7837,0.5131,0.5537,0.3924,0.5906,0.6746,0.5853,0.5203,0.324,0.4791,0.2657,0.5203,0.318,0.2118,0.1635,0.3595,
1.0,0.9991,0.9712,0.9703,0.9677,0.9981,0.9966,0.9929,0.9866,0.9225,0.7337,0.9321,0.909,0.8371,0.8008,0.8558,0.682,0.8241,0.9419,0.7735,0.6054,0.9564,0.7165,0.6208,0.6045,0.6162,0.8518,0.5553,0.6159,0.7753,0.496,0.5489,0.3853,0.5861,0.6736,0.5751,0.5152,0.3149,0.4677,0.2547,0.5165,0.2999,0.1996,0.1647,0.3477,
1.0,0.9992,0.9671,0.9663,0.9718,0.9968,0.9952,0.9922,0.986,0.9251,0.7407,0.9335,0.9105,0.839,0.8014,0.8586,0.6896,0.8252,0.9411,0.7898,0.6218,0.9514,0.7327,0.6332,0.6142,0.6148,0.8641,0.5705,0.6362,0.7863,0.5027,0.555,0.394,0.5835,0.6736,0.5945,0.5257,0.3111,0.4817,0.2759,0.528,0.3096,0.2062,0.1705,0.357,
1.0,0.9989,0.9671,0.966,0.9689,0.9972,0.9953,0.9903,0.985,0.9246,0.7402,0.9289,0.9077,0.8413,0.8021,0.8544,0.6817,0.8289,0.9413,0.778,0.6177,0.9518,0.7252,0.6277,0.6082,0.619,0.8535,0.5698,0.6262,0.7841,0.5018,0.5583,0.3927,0.5991,0.675,0.5826,0.5188,0.3156,0.4805,0.2645,0.5199,0.3089,0.206,0.1658,0.3598,
1.0,0.9987,0.9681,0.9668,0.9682,0.9983,0.9963,0.9903,0.9844,0.925,0.737,0.93,0.9107,0.8404,0.8008,0.8563,0.6888,0.827,0.9383,0.7856,0.6148,0.951,0.7262,0.6256,0.6096,0.6096,0.862,0.5707,0.6311,0.7839,0.5044,0.5555,0.3894,0.5896,0.673,0.5879,0.5204,0.3191,0.4771,0.2715,0.5316,0.3118,0.2154,0.1672,0.3564,
1.0,0.9983,0.9682,0.9665,0.9706,0.9964,0.9937,0.9889,0.9823,0.9239,0.7365,0.932,0.9071,0.8415,0.8003,0.8573,0.6863,0.8281,0.9416,0.7859,0.6184,0.9502,0.727,0.6299,0.6067,0.6117,0.8571,0.5764,0.6251,0.7847,0.5164,0.555,0.3892,0.5862,0.6732,0.5882,0.525,0.3225,0.4761,0.268,0.524,0.3113,0.219,0.1607,0.3552,
1.0,0.9991,0.9693,0.9684,0.969,0.9973,0.996,0.9913,0.9846,0.9196,0.7268,0.9314,0.9036,0.8344,0.7975,0.8526,0.6843,0.8208,0.9421,0.781,0.6073,0.9539,0.72,0.6243,0.6081,0.6089,0.8582,0.5659,0.6206,0.7781,0.4967,0.5525,0.3918,0.594,0.683,0.5804,0.5217,0.3144,0.4761,0.2596,0.5263,0.3061,0.2095,0.1606,0.3564,
1.0,0.9993,0.97,0.9693,0.9729,0.9975,0.9957,0.9917,0.9857,0.9244,0.7374,0.936,0.9081,0.8367,0.8001,0.861,0.684,0.8233,0.9415,0.7856,0.6068,0.955,0.7212,0.6229,0.6152,0.6166,0.8546,0.5653,0.6218,0.7879,0.5131,0.5526,0.3944,0.5928,0.6717,0.5812,0.5069,0.32,0.481,0.2542,0.5168,0.3125,0.2119,0.163,0.3569,
1.0,0.9991,0.9676,0.9667,0.9688,0.9979,0.9962,0.9905,0.9849,0.9239,0.7334,0.9303,0.9085,0.8384,0.7996,0.8553,0.6837,0.8233,0.9365,0.7811,0.6084,0.9491,0.7225,0.6185,0.5996,0.6025,0.8556,0.5577,0.6265,0.7794,0.5002,0.5466,0.387,0.5884,0.6746,0.583,0.5192,0.3089,0.4787,0.2672,0.5324,0.3001,0.2122,0.1632,0.3541,
1.0,0.9995,0.9705,0.97,0.9679,0.9961,0.9946,0.9918,0.9863,0.9227,0.7423,0.9323,0.9058,0.847,0.8077,0.8562,0.689,0.8333,0.9406,0.7763,0.6162,0.951,0.7196,0.6292,0.6089,0.6203,0.8556,0.5742,0.6199,0.776,0.4958,0.558,0.3903,0.5956,0.6712,0.5811,0.523,0.3221,0.4752,0.2649,0.5115,0.3084,0.2032,0.1693,0.3497,
1.0,0.998,0.9669,0.9649,0.9693,0.9966,0.9933,0.9889,0.9845,0.9301,0.7426,0.93,0.9148,0.8407,0.802,0.8608,0.6826,0.8267,0.9374,0.7877,0.6142,0.9527,0.7298,0.6191,0.6086,0.6199,0.8538,0.5678,0.6266,0.7871,0.5114,0.555,0.3813,0.5834,0.6762,0.5884,0.5224,0.3219,0.4755,0.2652,0.5295,0.311,0.2104,0.1658,0.3554,
1.0,0.9988,0.9674,0.9662,0.9702,0.9976,0.9952,0.9914,0.9873,0.9231,0.7406,0.9306,0.9084,0.842,0.8056,0.8545,0.6861,0.8305,0.9386,0.7808,0.6121,0.9535,0.7206,0.6208,0.6004,0.6135,0.858,0.5647,0.6149,0.7859,0.4999,0.5486,0.3883,0.5858,0.6686,0.5751,0.5184,0.3199,0.4775,0.2602,0.5236,0.3102,0.2102,0.1613,0.3581,
1.0,0.9985,0.9677,0.9662,0.9689,0.9978,0.9958,0.9894,0.983,0.9285,0.7361,0.93,0.9123,0.8368,0.7966,0.8598,0.6796,0.8218,0.9392,0.7857,0.6125,0.9524,0.7265,0.6192,0.6054,0.6128,0.8541,0.5644,0.6254,0.7852,0.5009,0.5488,0.3768,0.5838,0.6764,0.5899,0.5193,0.3108,0.4699,0.2635,0.5249,0.3016,0.2026,0.1587,0.3469,
1.0,0.9988,0.9667,0.9655,0.9717,0.9977,0.9956,0.9891,0.9827,0.9263,0.7372,0.9323,0.91,0.8376,0.7976,0.8594,0.6863,0.8219,0.9381,0.7921,0.6118,0.9475,0.7252,0.62,0.6151,0.6169,0.8625,0.5725,0.6247,0.7855,0.4999,0.5507,0.3942,0.5936,0.6721,0.5877,0.5223,0.3166,0.4822,0.2629,0.5265,0.3134,0.2105,0.1703,0.3612,
1.0,0.9995,0.9675,0.967,0.9718,0.9982,0.997,0.991,0.9865,0.9235,0.7389,0.934,0.9086,0.839,0.802,0.8596,0.6825,0.8268,0.9433,0.7823,0.6159,0.9543,0.7351,0.6306,0.6134,0.618,0.861,0.5716,0.6196,0.7897,0.5107,0.5516,0.3955,0.5834,0.6733,0.5853,0.5237,0.3275,0.4683,0.2614,0.5147,0.3084,0.2025,0.1659,0.3437,
1.0,0.9992,0.9667,0.9659,0.9691,0.997,0.995,0.9905,0.9853,0.9231,0.7414,0.9289,0.9056,0.842,0.8026,0.8531,0.6844,0.8285,0.9383,0.7787,0.6174,0.9544,0.7299,0.6282,0.6141,0.6118,0.853,0.5621,0.6222,0.7746,0.5031,0.5426,0.3931,0.5925,0.6708,0.5919,0.5157,0.3097,0.4814,0.2638,0.5186,0.3111,0.2041,0.1664,0.3524,
1.0,0.999,0.9701,0.9691,0.9697,0.9975,0.9953,0.9902,0.985,0.9245,0.7356,0.9336,0.9085,0.8389,0.7986,0.8588,0.6838,0.8258,0.9413,0.7818,0.609,0.9528,0.7216,0.6216,0.6065,0.6157,0.8571,0.5688,0.6186,0.782,0.4977,0.55,0.3875,0.5932,0.6735,0.577,0.5197,0.3159,0.4836,0.2593,0.5231,0.3114,0.2039,0.1634,0.3532,
1.0,0.999,0.9687,0.9677,0.9699,0.9958,0.9941,0.9908,0.9857,0.9221,0.7323,0.9313,0.9053,0.8361,0.798,0.8546,0.6867,0.8245,0.943,0.7848,0.6065,0.9537,0.7213,0.6266,0.6094,0.6126,0.8552,0.5701,0.6228,0.7758,0.5038,0.5522,0.3867,0.589,0.6801,0.5864,0.5316,0.3101,0.4836,0.2635,0.528,0.3111,0.2108,0.1696,0.3549,
1.0,0.9984,0.9684,0.9668,0.9696,0.9974,0.9944,0.9886,0.9825,0.926,0.7358,0.9313,0.91,0.8397,0.8015,0.8586,0.6811,0.8265,0.9382,0.7858,0.6114,0.9518,0.7254,0.6201,0.6073,0.6178,0.855,0.5677,0.6203,0.7852,0.5089,0.5512,0.3914,0.5918,0.6721,0.5785,0.5109,0.3121,0.4816,0.2601,0.5248,0.31,0.2108,0.1604,0.3556,
1.0,0.9991,0.9651,0.9642,0.9669,0.9966,0.995,0.9913,0.9841,0.9272,0.7327,0.9256,0.911,0.8368,0.8,0.8543,0.6833,0.8215,0.9416,0.7854,0.6123,0.9516,0.7237,0.6171,0.5958,0.6146,0.8546,0.5634,0.6183,0.7767,0.511,0.5451,0.3883,0.5791,0.6668,0.5867,0.5279,0.3148,0.4746,0.2589,0.526,0.3071,0.1995,0.1669,0.3449,
1.0,0.9991,0.9683,0.9674,0.9684,0.9967,0.9947,0.9917,0.9865,0.9257,0.7403,0.9301,0.9102,0.8388,0.8031,0.8575,0.6832,0.8259,0.9379,0.7811,0.6112,0.9526,0.7253,0.6181,0.6051,0.6102,0.8558,0.5607,0.6234,0.7828,0.5061,0.5455,0.3883,0.5876,0.6717,0.5853,0.5152,0.3183,0.4745,0.2568,0.5184,0.3198,0.2114,0.1599,0.3602,
1.0,0.9991,0.9685,0.9676,0.9691,0.9973,0.9957,0.9903,0.9846,0.9217,0.7302,0.9303,0.9047,0.8376,0.798,0.8535,0.6863,0.8246,0.9436,0.7833,0.6092,0.9528,0.7195,0.6247,0.6042,0.6083,0.8577,0.5689,0.6149,0.7782,0.5021,0.5506,0.387,0.5813,0.6764,0.5769,0.5273,0.3181,0.4756,0.2616,0.5238,0.3043,0.2053,0.166,0.3485,
1.0,0.999,0.9692,0.9682,0.9688,0.9973,0.9958,0.9917,0.9861,0.9223,0.7375,0.9326,0.9085,0.8404,0.8041,0.8561,0.6846,0.8286,0.9421,0.7768,0.6131,0.9539,0.7248,0.6243,0.6018,0.6083,0.8541,0.5669,0.6206,0.7822,0.5,0.5477,0.3835,0.5842,0.6803,0.5799,0.5226,0.3197,0.4696,0.2592,0.5169,0.3059,0.2096,0.1628,0.346,
1.0,0.9997,0.9669,0.9666,0.974,0.9977,0.9967,0.99,0.9858,0.9267,0.7438,0.935,0.9093,0.8394,0.8018,0.8629,0.6818,0.8287,0.9423,0.7868,0.6131,0.9496,0.7232,0.626,0.6109,0.6237,0.8542,0.5729,0.623,0.7908,0.5116,0.5521,0.3963,0.5901,0.669,0.5875,0.5218,0.3137,0.4756,0.2671,0.5209,0.3223,0.2102,0.1681,0.3544,
1.0,0.9989,0.9687,0.9676,0.9686,0.997,0.9945,0.9914,0.9882,0.9262,0.7467,0.9299,0.9098,0.8453,0.8106,0.8572,0.6932,0.8337,0.941,0.7838,0.6216,0.9526,0.7286,0.6314,0.6153,0.6213,0.8585,0.5712,0.6241,0.7863,0.5093,0.554,0.3977,0.5941,0.6739,0.5935,0.5247,0.3226,0.489,0.2699,0.5208,0.3215,0.2096,0.1674,0.3626,
1.0,0.9987,0.97,0.9687,0.9684,0.9983,0.9963,0.9919,0.9861,0.9226,0.7341,0.9317,0.9096,0.8394,0.8012,0.8553,0.6878,0.8266,0.9386,0.7795,0.6085,0.9535,0.7247,0.6212,0.6113,0.6081,0.8625,0.564,0.6279,0.7818,0.4948,0.5521,0.3936,0.5987,0.6727,0.5862,0.5133,0.3162,0.4836,0.2632,0.5266,0.3068,0.209,0.1669,0.3583,
1.0,0.9989,0.9701,0.969,0.9732,0.998,0.9956,0.9886,0.984,0.9246,0.7363,0.9358,0.9059,0.8358,0.7965,0.8607,0.6795,0.8232,0.941,0.7814,0.611,0.9534,0.7253,0.6273,0.6107,0.6116,0.8523,0.5586,0.622,0.7908,0.5096,0.547,0.3909,0.5965,0.6782,0.5888,0.5231,0.3069,0.4756,0.256,0.5175,0.3178,0.2132,0.1681,0.3466,
1.0,0.9982,0.9692,0.9674,0.971,0.9976,0.9943,0.9893,0.9843,0.9233,0.7405,0.9325,0.9065,0.8434,0.8053,0.8564,0.6943,0.8297,0.9364,0.7877,0.6082,0.9546,0.719,0.6202,0.6036,0.6115,0.8578,0.564,0.6142,0.7783,0.499,0.5436,0.3851,0.5911,0.6708,0.5791,0.5216,0.3085,0.4828,0.2555,0.5234,0.3065,0.2059,0.1601,0.3549,
1.0,0.9989,0.9699,0.9688,0.9719,0.9975,0.9955,0.991,0.986,0.9216,0.7409,0.9354,0.9064,0.8424,0.8054,0.8575,0.6928,0.8309,0.9432,0.7846,0.6135,0.9519,0.7188,0.6303,0.61,0.6206,0.8552,0.5738,0.6215,0.782,0.5074,0.5608,0.3999,0.593,0.6798,0.5784,0.5188,0.3157,0.4833,0.2584,0.5298,0.3084,0.2133,0.1665,0.3608,
1.0,0.9991,0.9677,0.9668,0.9695,0.9977,0.9954,0.9915,0.9874,0.9254,0.7393,0.9308,0.9105,0.8391,0.8017,0.8579,0.6839,0.8262,0.9418,0.7802,0.6139,0.9526,0.7167,0.6239,0.6039,0.6155,0.852,0.5649,0.6251,0.7789,0.5035,0.5576,0.3884,0.595,0.6859,0.5804,0.5236,0.3151,0.4795,0.2696,0.539,0.3093,0.2128,0.1687,0.3586,
1.0,0.9991,0.9688,0.9679,0.9678,0.9978,0.9959,0.9887,0.9836,0.9213,0.7328,0.9308,0.9046,0.8422,0.803,0.8529,0.6865,0.8305,0.9445,0.7796,0.6136,0.9496,0.7207,0.6281,0.6025,0.6127,0.8562,0.5694,0.6158,0.7784,0.4994,0.5544,0.3845,0.5876,0.6725,0.5787,0.522,0.3175,0.4752,0.2617,0.52,0.3024,0.2067,0.1623,0.355,
1.0,0.9984,0.9694,0.9678,0.9682,0.9969,0.9935,0.9888,0.9839,0.9256,0.7369,0.9314,0.9091,0.8413,0.8025,0.8584,0.6887,0.8267,0.9407,0.7871,0.6162,0.9505,0.7266,0.6257,0.6114,0.6166,0.8579,0.5747,0.6268,0.7802,0.5008,0.5574,0.3887,0.5879,0.6811,0.5867,0.5282,0.3151,0.4821,0.2689,0.5361,0.3101,0.2075,0.1644,0.3559,
1.0,0.9986,0.9708,0.9694,0.9734,0.9977,0.9945,0.9886,0.9835,0.922,0.7399,0.9379,0.9052,0.8414,0.801,0.8605,0.691,0.8282,0.9388,0.7857,0.6072,0.9546,0.7204,0.6254,0.6141,0.6215,0.8591,0.5729,0.6183,0.7799,0.4977,0.5553,0.3901,0.5923,0.6746,0.574,0.522,0.3157,0.4865,0.2599,0.5308,0.3059,0.2077,0.1662,0.3572,
1.0,0.9983,0.9688,0.9671,0.966,0.9967,0.9945,0.9899,0.9841,0.9215,0.7347,0.9282,0.9058,0.8421,0.8018,0.8519,0.6853,0.8301,0.9415,0.7767,0.611,0.949,0.7192,0.6215,0.6031,0.6097,0.8583,0.5642,0.6256,0.7719,0.4953,0.5518,0.3865,0.5909,0.6729,0.5768,0.5212,0.3237,0.48,0.2647,0.5236,0.3076,0.2028,0.1625,0.3543,
1.0,0.9988,0.9693,0.9681,0.9686,0.996,0.9933,0.9896,0.984,0.925,0.7425,0.9315,0.9075,0.8437,0.8038,0.8579,0.6927,0.8293,0.9405,0.7859,0.6234,0.9513,0.7274,0.6323,0.6158,0.6244,0.8594,0.5828,0.6302,0.7795,0.4967,0.5642,0.3867,0.591,0.6754,0.594,0.519,0.3106,0.4817,0.2653,0.5298,0.3082,0.2103,0.1609,0.356,
1.0,0.9988,0.9674,0.9662,0.9708,0.9977,0.9956,0.9899,0.9841,0.924,0.7367,0.9315,0.9083,0.8414,0.802,0.8565,0.6847,0.8272,0.9428,0.7831,0.6171,0.9517,0.7255,0.6301,0.6148,0.6142,0.8558,0.5688,0.6259,0.7817,0.5071,0.5571,0.3912,0.593,0.6754,0.5915,0.5182,0.3193,0.4853,0.27,0.5204,0.3147,0.2051,0.1633,0.3563,
1.0,0.999,0.9681,0.9671,0.967,0.998,0.9954,0.9884,0.9838,0.9199,0.729,0.9276,0.9014,0.8365,0.7955,0.8493,0.6761,0.8242,0.9379,0.7703,0.6065,0.9533,0.7214,0.6178,0.6044,0.603,0.8509,0.5561,0.6181,0.775,0.4969,0.5461,0.3807,0.5962,0.6784,0.5753,0.5091,0.312,0.48,0.2512,0.5325,0.3093,0.2119,0.1586,0.3577,
1.0,0.999,0.9686,0.9676,0.9695,0.9974,0.996,0.9904,0.9846,0.9276,0.7393,0.9319,0.9124,0.8399,0.8008,0.8602,0.6814,0.8286,0.9432,0.7812,0.6107,0.9557,0.7257,0.6195,0.6043,0.6158,0.8564,0.5649,0.6181,0.7858,0.5072,0.5468,0.3871,0.5903,0.6747,0.5804,0.5207,0.3155,0.4803,0.2534,0.5207,0.3099,0.2067,0.1584,0.3543,
1.0,0.9993,0.9696,0.9689,0.9711,0.9969,0.9948,0.9918,0.9862,0.9196,0.7373,0.9346,0.9041,0.8419,0.8033,0.855,0.6923,0.8287,0.9385,0.7845,0.6044,0.9546,0.7151,0.6248,0.6032,0.607,0.8568,0.566,0.6137,0.7783,0.5033,0.5482,0.3847,0.59,0.6678,0.5766,0.5186,0.3126,0.4792,0.256,0.5192,0.3134,0.2084,0.1626,0.3562,
1.0,0.9985,0.9655,0.964,0.9694,0.9968,0.9948,0.9901,0.9832,0.9233,0.7363,0.9275,0.9061,0.8415,0.8029,0.8527,0.6834,0.8277,0.9416,0.7831,0.6179,0.9522,0.7269,0.628,0.6111,0.6187,0.8543,0.5773,0.6249,0.7852,0.5057,0.5586,0.3955,0.5961,0.6749,0.5889,0.5186,0.3174,0.4804,0.2653,0.5231,0.3105,0.2057,0.1672,0.3615,
1.0,0.9993,0.9686,0.9679,0.9675,0.9972,0.9956,0.9913,0.9855,0.923,0.7396,0.9301,0.9076,0.8446,0.8072,0.853,0.6861,0.8309,0.9411,0.7759,0.6146,0.9517,0.7235,0.6253,0.6117,0.6194,0.8573,0.572,0.6184,0.7839,0.495,0.5581,0.3866,0.592,0.6745,0.5812,0.5193,0.3192,0.4785,0.2648,0.5233,0.3078,0.1965,0.1618,0.3522,
1.0,0.9987,0.9667,0.9654,0.9714,0.997,0.9948,0.9899,0.9833,0.921,0.7396,0.93,0.9033,0.8462,0.8058,0.8531,0.6878,0.8313,0.9411,0.7818,0.6096,0.9519,0.7152,0.6299,0.6025,0.6202,0.8533,0.5776,0.6128,0.7823,0.5046,0.5599,0.38,0.587,0.6742,0.5825,0.5267,0.3231,0.4741,0.2574,0.5278,0.3134,0.2063,0.1641,0.352,
1.0,0.9984,0.9656,0.964,0.9655,0.9968,0.994,0.9902,0.9851,0.9221,0.7316,0.9239,0.9051,0.8398,0.8,0.8486,0.6793,0.8253,0.938,0.7755,0.6114,0.9481,0.7163,0.6196,0.6004,0.6105,0.8507,0.5632,0.6203,0.7712,0.4959,0.5478,0.3848,0.5827,0.6659,0.5835,0.5073,0.3125,0.471,0.2573,0.5194,0.3017,0.2019,0.1606,0.3481,
1.0,0.9983,0.9688,0.9671,0.9672,0.9979,0.9953,0.9914,0.9858,0.9222,0.7335,0.929,0.9081,0.8412,0.8015,0.8526,0.6876,0.8278,0.9399,0.7763,0.6064,0.9515,0.7166,0.6174,0.6036,0.6101,0.8608,0.5723,0.6154,0.7796,0.4892,0.5538,0.3847,0.5829,0.6675,0.5731,0.5178,0.3139,0.4764,0.2575,0.5234,0.3047,0.2027,0.1555,0.3531,
1.0,0.9992,0.9702,0.9694,0.9701,0.9971,0.9956,0.9896,0.9832,0.9227,0.7377,0.9337,0.9053,0.8447,0.8068,0.8576,0.6927,0.8314,0.9432,0.7841,0.6175,0.9541,0.725,0.6336,0.6078,0.6167,0.8545,0.575,0.6174,0.7838,0.5083,0.5548,0.3834,0.5885,0.6755,0.5832,0.5227,0.3175,0.4747,0.2593,0.5176,0.3103,0.2075,0.1611,0.3552,
1.0,0.9984,0.9646,0.963,0.9722,0.9969,0.9942,0.9906,0.9853,0.9249,0.7361,0.9308,0.9105,0.8355,0.8001,0.8566,0.6771,0.8226,0.9385,0.7854,0.608,0.9537,0.7263,0.6145,0.6122,0.6172,0.8575,0.5664,0.6189,0.788,0.5041,0.5468,0.3906,0.5905,0.6708,0.5859,0.5232,0.3145,0.4863,0.2618,0.5234,0.3144,0.2012,0.1692,0.3536,
1.0,0.9988,0.9695,0.9683,0.9671,0.9969,0.9949,0.9914,0.9868,0.9239,0.7365,0.93,0.9083,0.8383,0.802,0.8553,0.689,0.8256,0.9427,0.7811,0.6112,0.9511,0.7222,0.6193,0.6096,0.6191,0.8627,0.5795,0.6239,0.7859,0.4996,0.5579,0.3904,0.5918,0.6702,0.5803,0.5212,0.3198,0.4901,0.2605,0.5277,0.3038,0.206,0.1687,0.3666,
1.0,0.9994,0.9704,0.9698,0.9697,0.9965,0.9949,0.9905,0.9846,0.925,0.7312,0.9313,0.9049,0.8354,0.7941,0.8571,0.6845,0.8225,0.9409,0.7834,0.6057,0.9509,0.721,0.622,0.607,0.6075,0.8552,0.5648,0.6214,0.7823,0.5013,0.5535,0.3851,0.5955,0.6828,0.5836,0.5246,0.3098,0.4746,0.2633,0.5289,0.3069,0.2164,0.1687,0.3526,
1.0,0.999,0.9688,0.9678,0.9687,0.9973,0.9951,0.9931,0.987,0.9243,0.7372,0.9321,0.9115,0.8375,0.8036,0.8581,0.686,0.8236,0.9407,0.7833,0.607,0.9556,0.7232,0.6186,0.6069,0.619,0.861,0.565,0.6192,0.7841,0.5005,0.5541,0.3902,0.5966,0.6745,0.5788,0.5157,0.3194,0.4811,0.2582,0.5282,0.3142,0.2063,0.1631,0.3631,
1.0,0.9982,0.9658,0.964,0.9709,0.9982,0.9952,0.9893,0.9845,0.9245,0.7429,0.9289,0.9083,0.8459,0.8085,0.8556,0.6917,0.8325,0.9418,0.7854,0.6238,0.9538,0.7298,0.6332,0.6115,0.6201,0.8574,0.571,0.6197,0.7853,0.5044,0.553,0.3884,0.5915,0.683,0.5907,0.5262,0.3193,0.4737,0.2656,0.5229,0.3136,0.2111,0.1636,0.3612,
1.0,0.9985,0.9691,0.9676,0.9702,0.9968,0.9944,0.9912,0.9855,0.9246,0.7422,0.9332,0.9099,0.844,0.8096,0.8598,0.6912,0.8304,0.9415,0.786,0.6138,0.9583,0.7289,0.6267,0.6156,0.6248,0.8571,0.5768,0.6245,0.7877,0.5111,0.5614,0.3931,0.5994,0.6799,0.587,0.5244,0.322,0.488,0.2649,0.5273,0.3173,0.2122,0.1689,0.3602,
1.0,0.9993,0.9667,0.966,0.9703,0.9975,0.9957,0.99,0.9851,0.9267,0.7406,0.9312,0.9107,0.8415,0.8036,0.8592,0.6851,0.8295,0.9412,0.7854,0.6127,0.9546,0.722,0.6212,0.5988,0.6163,0.8539,0.5619,0.6152,0.78,0.5052,0.5455,0.3807,0.5842,0.6696,0.5807,0.5241,0.3131,0.4772,0.2625,0.5236,0.3081,0.2016,0.161,0.3479,
1.0,0.9986,0.9669,0.9655,0.9689,0.9982,0.9957,0.9902,0.9862,0.9251,0.7399,0.9294,0.9106,0.8407,0.8039,0.8555,0.6837,0.8287,0.9453,0.7801,0.6135,0.9501,0.7199,0.6238,0.6006,0.6183,0.8525,0.5693,0.6187,0.7847,0.5125,0.5621,0.3859,0.5878,0.6806,0.5819,0.523,0.3224,0.4697,0.2654,0.5252,0.3113,0.2098,0.1648,0.3527,
1.0,0.9989,0.9686,0.9675,0.9689,0.9965,0.9947,0.9916,0.9872,0.9229,0.7337,0.9314,0.9078,0.8365,0.8005,0.8549,0.6844,0.8248,0.9432,0.7811,0.6098,0.9532,0.7198,0.6221,0.6007,0.6071,0.8567,0.561,0.62,0.7768,0.5007,0.5472,0.3881,0.5958,0.6842,0.584,0.5284,0.3112,0.4857,0.2591,0.5309,0.3099,0.209,0.1662,0.3585,
1.0,0.9992,0.968,0.9672,0.9695,0.9979,0.9962,0.991,0.9855,0.9262,0.7403,0.9323,0.912,0.8391,0.802,0.8586,0.6849,0.8263,0.941,0.7846,0.6146,0.9523,0.7219,0.6204,0.6,0.6181,0.8553,0.5639,0.6223,0.7825,0.5076,0.5539,0.3872,0.5951,0.68,0.577,0.5184,0.3132,0.4773,0.2589,0.531,0.3147,0.2048,0.1583,0.3576,
1.0,0.9987,0.9661,0.9648,0.9729,0.9975,0.9953,0.9884,0.9826,0.9228,0.7404,0.9323,0.9052,0.8433,0.8002,0.8567,0.6816,0.8301,0.9407,0.7808,0.6143,0.9509,0.7204,0.6284,0.6051,0.6168,0.851,0.5667,0.6231,0.7751,0.505,0.5524,0.384,0.59,0.6738,0.5837,0.5165,0.3176,0.4745,0.2649,0.52,0.3063,0.2077,0.16,0.3484,
1.0,0.9991,0.967,0.9661,0.9645,0.9973,0.9959,0.9914,0.984,0.9263,0.73,0.9256,0.911,0.8371,0.7982,0.8526,0.6757,0.8234,0.9394,0.7785,0.6102,0.9534,0.7267,0.6145,0.603,0.6067,0.8541,0.56,0.624,0.7785,0.4986,0.5493,0.389,0.5955,0.6715,0.5919,0.5171,0.3138,0.4778,0.2643,0.5188,0.3138,0.2074,0.1623,0.356,
1.0,0.9989,0.9671,0.966,0.9704,0.9971,0.9944,0.9893,0.9839,0.9222,0.7353,0.9315,0.905,0.8398,0.7997,0.8547,0.6827,0.8261,0.9424,0.7807,0.6164,0.9478,0.7206,0.6278,0.6084,0.6171,0.8539,0.5704,0.6266,0.7795,0.5052,0.5592,0.3851,0.5893,0.6833,0.5891,0.5228,0.3133,0.4708,0.2644,0.5238,0.3087,0.2141,0.1573,0.3569,
1.0,0.9991,0.9685,0.9676,0.9738,0.9976,0.9959,0.9899,0.9847,0.9299,0.7448,0.9372,0.9151,0.8388,0.8007,0.8677,0.6872,0.8272,0.942,0.7954,0.6153,0.9513,0.7241,0.6248,0.6017,0.6165,0.8566,0.5672,0.6264,0.7898,0.5146,0.548,0.387,0.5862,0.6737,0.5854,0.5224,0.3151,0.4803,0.2618,0.5325,0.3175,0.2132,0.1652,0.354,
1.0,0.9991,0.9697,0.9688,0.9714,0.9978,0.9956,0.9904,0.9858,0.9264,0.7397,0.9343,0.9099,0.8385,0.7996,0.8614,0.6823,0.8254,0.9388,0.7835,0.6113,0.9552,0.7255,0.6237,0.6149,0.6148,0.8523,0.5631,0.6276,0.7845,0.5057,0.5475,0.3898,0.5977,0.6803,0.5942,0.5298,0.3167,0.4889,0.265,0.5293,0.3208,0.2111,0.1721,0.3543,
1.0,0.9984,0.9678,0.9662,0.9701,0.997,0.9941,0.9893,0.9848,0.9212,0.7322,0.9312,0.9036,0.8373,0.7962,0.8537,0.6776,0.8249,0.9402,0.7753,0.612,0.9531,0.7243,0.6242,0.6104,0.6095,0.8518,0.5687,0.6171,0.7776,0.4992,0.5518,0.3937,0.5886,0.672,0.5784,0.511,0.3178,0.4722,0.2556,0.5215,0.3082,0.208,0.1565,0.3544,
1.0,0.9989,0.9682,0.9671,0.9689,0.9972,0.9953,0.9893,0.9831,0.9262,0.7362,0.9304,0.9092,0.8388,0.8004,0.8592,0.6849,0.8255,0.9432,0.7858,0.6145,0.9547,0.7279,0.6235,0.611,0.6207,0.8552,0.5734,0.629,0.786,0.5138,0.5594,0.3865,0.596,0.6906,0.589,0.5278,0.319,0.4815,0.2699,0.5355,0.3177,0.2116,0.1649,0.357,
1.0,0.9985,0.9688,0.9673,0.9699,0.9969,0.9943,0.991,0.9846,0.9222,0.7401,0.9317,0.9061,0.8445,0.8048,0.8558,0.6882,0.8303,0.9428,0.7789,0.6123,0.9552,0.7189,0.6258,0.6049,0.6207,0.8569,0.5768,0.6128,0.7827,0.5083,0.5571,0.3908,0.5908,0.6787,0.5803,0.5164,0.3221,0.4832,0.2501,0.5242,0.3129,0.2095,0.1562,0.3525,
1.0,0.9987,0.9674,0.9661,0.9672,0.9978,0.995,0.9902,0.9849,0.9254,0.7336,0.9281,0.9095,0.8379,0.8,0.854,0.6814,0.8244,0.9402,0.7791,0.6118,0.9508,0.7196,0.6165,0.6035,0.6115,0.8538,0.5595,0.621,0.7782,0.4915,0.5503,0.3821,0.5958,0.6797,0.5817,0.514,0.3139,0.4802,0.2577,0.5278,0.3087,0.2051,0.1627,0.354,
1.0,0.9991,0.9698,0.9689,0.9685,0.9974,0.9958,0.9902,0.9847,0.926,0.7418,0.9328,0.9105,0.8421,0.8054,0.8597,0.694,0.8301,0.9423,0.788,0.6148,0.9535,0.7223,0.6226,0.602,0.6225,0.8619,0.5737,0.6245,0.7865,0.5037,0.5618,0.3853,0.6032,0.6857,0.5845,0.5225,0.3183,0.4936,0.2627,0.5369,0.3157,0.2115,0.1646,0.3698,
1.0,0.9993,0.9679,0.9672,0.9684,0.9975,0.9954,0.9917,0.9867,0.926,0.7432,0.9311,0.9123,0.8437,0.8066,0.857,0.6893,0.8305,0.9414,0.7816,0.6165,0.957,0.73,0.6257,0.605,0.6138,0.8576,0.5659,0.6273,0.7807,0.4998,0.5476,0.3839,0.6011,0.6804,0.5946,0.5205,0.3054,0.4813,0.2657,0.526,0.3105,0.209,0.157,0.368,
1.0,0.9992,0.9678,0.967,0.9693,0.9971,0.9952,0.9903,0.9856,0.9243,0.7399,0.9304,0.9075,0.8418,0.8044,0.8563,0.6909,0.829,0.9423,0.7859,0.6105,0.9533,0.7242,0.6224,0.6169,0.6219,0.86,0.5788,0.6251,0.7848,0.5026,0.5614,0.3887,0.594,0.6781,0.5931,0.5254,0.3206,0.4845,0.2662,0.5226,0.3127,0.2096,0.1651,0.3589,
1.0,0.999,0.9676,0.9666,0.9693,0.9971,0.9954,0.9907,0.9851,0.9209,0.7375,0.9299,0.9048,0.8431,0.8053,0.8518,0.687,0.8302,0.942,0.7771,0.6144,0.9551,0.7212,0.6269,0.6092,0.6177,0.8508,0.5642,0.6201,0.7763,0.4982,0.5526,0.3851,0.5889,0.677,0.5885,0.5197,0.3073,0.4788,0.2549,0.5196,0.3128,0.2027,0.1631,0.3562,
1.0,0.9986,0.9661,0.9647,0.9718,0.9972,0.9946,0.99,0.9846,0.9229,0.7368,0.9301,0.9053,0.8396,0.8018,0.8545,0.6839,0.8268,0.936,0.7821,0.6085,0.9531,0.7216,0.6219,0.6086,0.6139,0.8531,0.5623,0.6192,0.7819,0.5129,0.5495,0.3946,0.5876,0.6751,0.581,0.511,0.3219,0.481,0.258,0.5278,0.3144,0.2152,0.1639,0.3536,
1.0,0.9988,0.9681,0.9669,0.9688,0.9975,0.9956,0.9909,0.9866,0.9249,0.7413,0.9312,0.91,0.8435,0.8055,0.8576,0.6954,0.8325,0.942,0.7882,0.6175,0.956,0.726,0.6272,0.6091,0.614,0.8623,0.5771,0.6282,0.7812,0.5023,0.5541,0.3802,0.5904,0.6749,0.596,0.5326,0.3161,0.4849,0.2743,0.5276,0.3128,0.2062,0.1608,0.3621,
1.0,0.9992,0.9698,0.969,0.9707,0.9976,0.9964,0.9911,0.9843,0.923,0.7387,0.9336,0.9065,0.841,0.8017,0.8581,0.6827,0.8274,0.9424,0.7775,0.6135,0.9546,0.7183,0.6274,0.6091,0.6213,0.8514,0.5725,0.6182,0.7856,0.5122,0.56,0.3927,0.5958,0.6813,0.5789,0.5196,0.3197,0.4746,0.2546,0.5247,0.3156,0.2112,0.1637,0.3524,
1.0,0.9993,0.9685,0.9678,0.9721,0.9981,0.9961,0.9894,0.9825,0.9244,0.7393,0.9351,0.9085,0.8418,0.8031,0.8609,0.69,0.8267,0.9384,0.7905,0.6123,0.9509,0.7237,0.6279,0.6082,0.622,0.8612,0.5695,0.6204,0.7827,0.5071,0.5489,0.3931,0.5956,0.6722,0.5821,0.5159,0.3221,0.4873,0.2597,0.5296,0.3226,0.21,0.1627,0.3556,
1.0,0.9985,0.9687,0.9672,0.9692,0.9978,0.9954,0.9909,0.9848,0.9285,0.7376,0.9325,0.9149,0.8369,0.8001,0.8608,0.6804,0.8225,0.9419,0.7839,0.6166,0.9534,0.7273,0.6234,0.6011,0.6126,0.8548,0.5592,0.6271,0.7851,0.5007,0.5497,0.3868,0.5915,0.6848,0.5888,0.5206,0.3118,0.4709,0.2583,0.526,0.3055,0.2168,0.162,0.3462,
1.0,0.9987,0.9672,0.9659,0.9679,0.9977,0.9957,0.9895,0.9834,0.9266,0.7382,0.9281,0.9094,0.841,0.7986,0.8551,0.6821,0.8294,0.9439,0.7808,0.6193,0.9523,0.7308,0.6281,0.61,0.6179,0.855,0.5636,0.6235,0.7739,0.4935,0.5461,0.3854,0.5891,0.6754,0.5881,0.5124,0.3134,0.478,0.2618,0.5208,0.301,0.2015,0.1643,0.3552,
1.0,0.9989,0.9677,0.9666,0.9689,0.9958,0.994,0.9894,0.9845,0.9263,0.7344,0.9298,0.9075,0.835,0.7994,0.8567,0.6798,0.823,0.9394,0.7849,0.6068,0.9527,0.7244,0.615,0.6007,0.6103,0.8528,0.5531,0.6135,0.7849,0.5065,0.5408,0.3798,0.5852,0.6743,0.5769,0.5224,0.3045,0.4711,0.2616,0.5257,0.3083,0.2067,0.1609,0.3444,
1.0,0.9991,0.9677,0.9668,0.9704,0.9974,0.996,0.9908,0.9844,0.9233,0.7383,0.9313,0.9076,0.8403,0.8013,0.8557,0.6902,0.8266,0.9407,0.786,0.6114,0.9535,0.7267,0.6266,0.6088,0.6173,0.8628,0.5707,0.6219,0.7854,0.505,0.5576,0.387,0.5901,0.6729,0.5813,0.5184,0.3201,0.4776,0.2609,0.5268,0.3103,0.207,0.1641,0.3608,
1.0,0.9993,0.9677,0.967,0.9708,0.9973,0.9957,0.9896,0.984,0.9199,0.7369,0.932,0.9019,0.8422,0.8044,0.8533,0.6819,0.829,0.9405,0.7746,0.6107,0.9497,0.7163,0.625,0.6037,0.6168,0.8504,0.5658,0.6125,0.7793,0.5011,0.5596,0.3875,0.5848,0.6793,0.5724,0.5155,0.315,0.47,0.255,0.5236,0.3089,0.2101,0.1563,0.3498,
1.0,0.9989,0.9686,0.9675,0.972,0.9971,0.9952,0.9905,0.9848,0.9234,0.7384,0.934,0.9075,0.8386,0.8022,0.8594,0.6818,0.8256,0.9424,0.7805,0.61,0.9528,0.7193,0.6258,0.6113,0.6222,0.8503,0.5635,0.6152,0.786,0.5133,0.5543,0.3871,0.5837,0.6737,0.5834,0.5175,0.3216,0.4754,0.2534,0.5158,0.3142,0.213,0.1603,0.343,
1.0,0.9992,0.9683,0.9675,0.967,0.997,0.9948,0.991,0.9856,0.9235,0.7342,0.9304,0.9087,0.8409,0.8033,0.8549,0.6821,0.8282,0.9401,0.7769,0.6197,0.9556,0.7347,0.6297,0.6154,0.612,0.8562,0.5706,0.6289,0.7807,0.5043,0.5525,0.3987,0.5971,0.6745,0.5909,0.5208,0.3265,0.4864,0.2667,0.5224,0.3142,0.2169,0.1705,0.3605,
1.0,0.9994,0.969,0.9684,0.9689,0.9975,0.9955,0.9901,0.9845,0.9243,0.732,0.9322,0.9084,0.8341,0.7958,0.8577,0.6792,0.8192,0.9393,0.7814,0.6085,0.9506,0.7231,0.6192,0.6054,0.6092,0.8559,0.5594,0.618,0.7826,0.4979,0.5451,0.383,0.5811,0.6651,0.5815,0.5135,0.3034,0.4759,0.2537,0.5148,0.304,0.1976,0.1617,0.3459,
1.0,0.9989,0.9681,0.967,0.9701,0.9979,0.9959,0.9906,0.9849,0.9235,0.7403,0.9321,0.9085,0.8415,0.8027,0.8576,0.6873,0.8279,0.9408,0.7831,0.6188,0.9544,0.7284,0.6289,0.6136,0.6251,0.8589,0.5765,0.6287,0.7787,0.5038,0.5577,0.3978,0.5911,0.6748,0.5885,0.5252,0.3181,0.4766,0.2701,0.518,0.3087,0.2084,0.1693,0.36,
1.0,0.9992,0.9686,0.9678,0.9713,0.9971,0.9948,0.9912,0.9872,0.9203,0.7349,0.9341,0.9051,0.8372,0.8018,0.8555,0.6894,0.8238,0.9393,0.7836,0.6046,0.9546,0.7197,0.6208,0.6127,0.6113,0.8598,0.5716,0.6153,0.7803,0.4958,0.5512,0.393,0.5985,0.6813,0.5809,0.529,0.3126,0.4882,0.2641,0.5304,0.3164,0.2066,0.1691,0.368,
1.0,0.9986,0.9683,0.9669,0.9663,0.9977,0.9956,0.9899,0.9848,0.9225,0.7335,0.9279,0.9067,0.839,0.7992,0.8525,0.6867,0.8275,0.9422,0.7802,0.6099,0.9516,0.7209,0.6208,0.6,0.6103,0.86,0.5691,0.6257,0.7789,0.4922,0.5555,0.3844,0.5918,0.6831,0.5832,0.5251,0.3099,0.481,0.2633,0.5302,0.3095,0.2052,0.1639,0.3577,
1.0,0.9991,0.9667,0.9658,0.9697,0.9971,0.9952,0.9908,0.9852,0.9291,0.7451,0.9306,0.9135,0.8428,0.8061,0.8615,0.6903,0.8292,0.9371,0.7894,0.6129,0.9515,0.7217,0.6183,0.6024,0.6213,0.8552,0.5684,0.6256,0.7852,0.5063,0.5536,0.3883,0.594,0.6762,0.5874,0.5184,0.3169,0.4866,0.2657,0.5278,0.3224,0.2181,0.1639,0.3626,
1.0,0.9989,0.9725,0.9714,0.97,0.9965,0.9943,0.9893,0.9842,0.9245,0.736,0.9356,0.9066,0.838,0.799,0.8619,0.6853,0.8237,0.938,0.7844,0.6085,0.9528,0.7264,0.6253,0.6156,0.6123,0.8557,0.5703,0.6238,0.7808,0.5,0.5536,0.3881,0.5944,0.6776,0.586,0.5247,0.3074,0.4741,0.2612,0.5205,0.3061,0.2018,0.1652,0.3528,
1.0,0.9987,0.9678,0.9665,0.9694,0.9982,0.996,0.9905,0.985,0.9237,0.733,0.9308,0.9094,0.8365,0.7995,0.855,0.687,0.823,0.9403,0.7851,0.6074,0.954,0.7237,0.6203,0.6045,0.6074,0.863,0.5621,0.6164,0.7887,0.4996,0.5415,0.3814,0.5861,0.6713,0.5851,0.5191,0.3142,0.4776,0.2558,0.5181,0.3129,0.2028,0.16,0.3493,
1.0,0.9992,0.9708,0.97,0.9676,0.9977,0.9959,0.9908,0.986,0.9246,0.7264,0.9327,0.9098,0.8302,0.7949,0.8583,0.6779,0.8171,0.9411,0.7818,0.6037,0.9499,0.7166,0.618,0.6016,0.6066,0.8535,0.5579,0.6161,0.7808,0.5025,0.5467,0.3864,0.584,0.6773,0.5768,0.5164,0.3131,0.4736,0.2553,0.5273,0.3011,0.209,0.1679,0.346,
1.0,0.9989,0.9692,0.9681,0.9714,0.9981,0.9961,0.9912,0.9853,0.9256,0.7374,0.9339,0.9107,0.8375,0.8016,0.8604,0.6895,0.8256,0.9416,0.7903,0.6118,0.9556,0.7268,0.6242,0.6127,0.6203,0.8617,0.567,0.628,0.7854,0.5038,0.5528,0.3902,0.6005,0.6835,0.5929,0.5313,0.308,0.4918,0.272,0.5376,0.3209,0.2092,0.1706,0.3601,
1.0,0.9991,0.965,0.9641,0.9687,0.9975,0.9957,0.991,0.9853,0.9204,0.7315,0.9268,0.9049,0.8362,0.7995,0.8485,0.6778,0.8219,0.9374,0.7735,0.6053,0.9502,0.717,0.6167,0.5987,0.6084,0.8531,0.5606,0.6182,0.7826,0.5064,0.5468,0.3893,0.5914,0.6753,0.5779,0.5132,0.3179,0.4732,0.26,0.5206,0.3108,0.2171,0.1589,0.3519,
1.0,0.9988,0.9665,0.9653,0.9687,0.997,0.9946,0.9915,0.9865,0.9211,0.7362,0.9282,0.9049,0.8403,0.8044,0.8511,0.6868,0.8269,0.9397,0.7773,0.6072,0.9547,0.7204,0.6203,0.6062,0.6122,0.8574,0.5642,0.6129,0.7765,0.4922,0.5498,0.3851,0.5862,0.6757,0.5796,0.5171,0.3108,0.4831,0.2536,0.5209,0.3072,0.2044,0.1608,0.3566,
1.0,0.9992,0.9661,0.9653,0.9683,0.9972,0.9955,0.9911,0.9857,0.9218,0.7326,0.9279,0.9054,0.837,0.7997,0.8495,0.685,0.8241,0.942,0.78,0.609,0.951,0.7242,0.6254,0.6117,0.6142,0.8574,0.5656,0.6184,0.7793,0.4965,0.5507,0.3989,0.5984,0.6736,0.5831,0.5244,0.3136,0.4887,0.2631,0.5184,0.3113,0.2043,0.1687,0.3599,
1.0,0.9988,0.9689,0.9677,0.968,0.9971,0.9949,0.9912,0.9862,0.9254,0.73,0.9317,0.9118,0.831,0.7949,0.8581,0.6838,0.8184,0.9424,0.787,0.6108,0.9543,0.7277,0.6213,0.6123,0.609,0.861,0.5628,0.6321,0.7795,0.5049,0.547,0.3915,0.6028,0.6801,0.5906,0.523,0.3169,0.49,0.2662,0.5318,0.3129,0.2058,0.1694,0.3626,
1.0,0.9991,0.9648,0.9639,0.9676,0.9975,0.9959,0.9905,0.9846,0.9243,0.7318,0.9261,0.9083,0.8357,0.7975,0.8522,0.6786,0.8218,0.9376,0.7828,0.6091,0.9513,0.7207,0.6155,0.5978,0.6078,0.8558,0.5594,0.62,0.7815,0.5018,0.5413,0.385,0.5834,0.6727,0.5811,0.512,0.31,0.4782,0.2566,0.5314,0.3098,0.203,0.1611,0.3531,
1.0,0.9985,0.9709,0.9694,0.9675,0.9969,0.9945,0.9893,0.9844,0.9227,0.7384,0.9317,0.906,0.8457,0.8063,0.8551,0.6927,0.8333,0.9405,0.7799,0.6165,0.9516,0.7246,0.6291,0.6097,0.6134,0.8571,0.5704,0.6183,0.7775,0.4952,0.5522,0.3908,0.5934,0.6737,0.5813,0.5204,0.3163,0.4867,0.258,0.5223,0.3031,0.1966,0.166,0.3555,
1.0,0.9983,0.968,0.9663,0.9726,0.9974,0.995,0.9908,0.9846,0.9236,0.7397,0.9331,0.9083,0.8417,0.8034,0.8573,0.6888,0.8282,0.9395,0.7853,0.6144,0.9524,0.7246,0.6285,0.6071,0.6145,0.8583,0.571,0.6228,0.7883,0.5047,0.5517,0.3931,0.5872,0.6753,0.5775,0.5219,0.3201,0.4763,0.2652,0.523,0.308,0.2112,0.1712,0.3534,
1.0,0.9989,0.9667,0.9656,0.9696,0.9967,0.9946,0.991,0.987,0.9205,0.7344,0.9289,0.9036,0.8387,0.8023,0.8504,0.6816,0.8275,0.9405,0.776,0.608,0.9534,0.7239,0.6232,0.6112,0.6074,0.8541,0.5562,0.6199,0.7759,0.5051,0.5399,0.3905,0.5879,0.6688,0.5809,0.5183,0.3201,0.4812,0.2608,0.5225,0.3143,0.2085,0.1603,0.3565,
1.0,0.9992,0.9688,0.968,0.967,0.9978,0.9959,0.9915,0.9864,0.9196,0.7358,0.9308,0.9061,0.8425,0.8061,0.8514,0.6909,0.828,0.9364,0.7745,0.6152,0.953,0.7254,0.6258,0.6103,0.6097,0.8591,0.5732,0.6254,0.7828,0.5,0.5569,0.3987,0.5928,0.674,0.5818,0.5254,0.317,0.4837,0.2686,0.5282,0.3139,0.2094,0.1659,0.3635,
1.0,0.9989,0.9682,0.9671,0.9726,0.9971,0.9944,0.9913,0.9859,0.9275,0.7428,0.9344,0.9122,0.8374,0.7994,0.8622,0.6855,0.8245,0.9426,0.7901,0.612,0.9589,0.7295,0.6213,0.6137,0.6193,0.8614,0.5684,0.6252,0.7885,0.5134,0.5529,0.3964,0.6026,0.6813,0.5935,0.5289,0.3198,0.4903,0.2639,0.5264,0.3213,0.215,0.1666,0.3608,
1.0,0.9992,0.9674,0.9666,0.97,0.9968,0.9949,0.9909,0.9849,0.9269,0.7376,0.9312,0.9106,0.8366,0.8005,0.8583,0.679,0.8233,0.9438,0.7826,0.6131,0.952,0.7237,0.621,0.6022,0.6176,0.8501,0.5681,0.6155,0.7921,0.5159,0.5488,0.3847,0.588,0.6698,0.58,0.5171,0.3239,0.4733,0.2528,0.5129,0.3137,0.2022,0.1676,0.3444,
1.0,0.9992,0.9668,0.966,0.9708,0.9967,0.9947,0.9912,0.9848,0.9151,0.7293,0.931,0.8989,0.839,0.801,0.848,0.6788,0.8244,0.9423,0.7715,0.6052,0.9524,0.7073,0.6219,0.5989,0.6094,0.8499,0.5669,0.6084,0.7755,0.4979,0.5556,0.3842,0.5869,0.6778,0.5692,0.5145,0.3227,0.472,0.25,0.5281,0.3063,0.2046,0.1638,0.3495,
1.0,0.9986,0.9694,0.968,0.9699,0.9971,0.9949,0.9907,0.9841,0.9215,0.7405,0.932,0.9053,0.8465,0.8056,0.8549,0.6901,0.8341,0.94,0.7808,0.6141,0.9557,0.7194,0.6297,0.6031,0.6117,0.8544,0.5681,0.6209,0.778,0.503,0.5528,0.3773,0.5866,0.6706,0.5769,0.515,0.3196,0.4736,0.2593,0.5246,0.3018,0.2077,0.1599,0.3541,
1.0,0.9991,0.9674,0.9665,0.97,0.9968,0.9948,0.9904,0.9843,0.9265,0.7418,0.9301,0.9085,0.844,0.8033,0.8583,0.689,0.8299,0.9382,0.7859,0.6195,0.9524,0.7278,0.6294,0.6149,0.6191,0.8565,0.5703,0.63,0.7797,0.5022,0.5559,0.3974,0.5945,0.6745,0.592,0.5223,0.3196,0.4782,0.2706,0.5224,0.3122,0.2119,0.1671,0.3573,
1.0,0.9989,0.968,0.9669,0.9686,0.9973,0.9955,0.9906,0.9854,0.9228,0.7397,0.9296,0.9068,0.8458,0.8091,0.8538,0.6976,0.835,0.9438,0.7866,0.6188,0.9561,0.7257,0.6307,0.6127,0.6207,0.8622,0.5804,0.6231,0.7791,0.5013,0.5602,0.3917,0.5936,0.6844,0.5862,0.53,0.3248,0.4842,0.2718,0.5305,0.3067,0.2061,0.1672,0.3634,
1.0,0.9991,0.9715,0.9706,0.9676,0.9973,0.9952,0.9904,0.9846,0.9284,0.7423,0.9334,0.9129,0.8416,0.8023,0.8632,0.6884,0.8274,0.9416,0.7854,0.6163,0.9523,0.7241,0.628,0.6013,0.6172,0.8573,0.5657,0.6274,0.7789,0.5025,0.5502,0.3856,0.5935,0.6817,0.5895,0.528,0.3151,0.4742,0.2659,0.5258,0.3071,0.2092,0.1607,0.3554,
1.0,0.9986,0.9693,0.9679,0.9722,0.9979,0.9958,0.9915,0.986,0.9218,0.7367,0.9354,0.9079,0.8382,0.803,0.8585,0.6829,0.8251,0.9376,0.7829,0.6055,0.9534,0.7187,0.6177,0.6066,0.6113,0.8541,0.5612,0.6189,0.7898,0.4981,0.5498,0.3866,0.5953,0.6784,0.573,0.5119,0.3135,0.4785,0.2585,0.5226,0.3103,0.2095,0.1575,0.3554,
1.0,0.9985,0.9671,0.9656,0.973,0.9976,0.9953,0.9911,0.9868,0.9258,0.7408,0.9333,0.9108,0.8374,0.7987,0.86,0.676,0.8244,0.9434,0.7811,0.6103,0.9533,0.7209,0.6211,0.6078,0.6202,0.8509,0.5666,0.6211,0.785,0.5101,0.5545,0.3934,0.5837,0.6722,0.5852,0.5181,0.3133,0.4672,0.2563,0.5125,0.309,0.2003,0.1578,0.3452,
1.0,0.9991,0.9675,0.9666,0.9716,0.9974,0.9955,0.9906,0.986,0.9313,0.7459,0.9338,0.9165,0.84,0.8016,0.866,0.683,0.8286,0.9434,0.7872,0.6243,0.9579,0.739,0.6316,0.6119,0.622,0.8532,0.5676,0.6266,0.7865,0.5138,0.5512,0.386,0.5816,0.6817,0.5955,0.5222,0.3152,0.4711,0.2618,0.521,0.3075,0.2077,0.1634,0.3409,
1.0,0.9988,0.9655,0.9643,0.9721,0.9972,0.9943,0.9901,0.986,0.9193,0.7428,0.932,0.9042,0.8475,0.8099,0.852,0.6853,0.8345,0.9399,0.7746,0.6182,0.9532,0.7263,0.6351,0.6118,0.618,0.8538,0.5675,0.6182,0.7782,0.4994,0.5525,0.391,0.5921,0.6757,0.587,0.5172,0.3185,0.4721,0.2607,0.5177,0.3096,0.205,0.1573,0.3573,
1.0,0.9984,0.9633,0.9617,0.9684,0.9985,0.9955,0.9886,0.9823,0.9193,0.7362,0.9241,0.9032,0.844,0.8016,0.8451,0.686,0.8302,0.942,0.7773,0.612,0.9537,0.7174,0.6223,0.5969,0.6151,0.859,0.5656,0.6088,0.7725,0.4939,0.5477,0.3759,0.5845,0.6727,0.5729,0.52,0.3131,0.4795,0.259,0.5219,0.3045,0.1999,0.1548,0.3531,
1.0,0.9987,0.9695,0.9682,0.9689,0.9977,0.9949,0.99,0.9859,0.9224,0.7316,0.9317,0.907,0.8357,0.797,0.8562,0.6839,0.8228,0.9414,0.7814,0.6038,0.9512,0.7139,0.6144,0.6008,0.6055,0.857,0.5631,0.6176,0.7738,0.4893,0.5472,0.3795,0.587,0.6757,0.5709,0.5132,0.3009,0.4747,0.2516,0.5319,0.2964,0.1996,0.155,0.3486,
1.0,0.9986,0.9695,0.9681,0.9712,0.996,0.9937,0.9908,0.985,0.9276,0.7416,0.9337,0.9103,0.8401,0.8008,0.8627,0.6855,0.8273,0.9379,0.7862,0.6028,0.9533,0.7202,0.6124,0.6001,0.615,0.8571,0.5662,0.6122,0.7892,0.5089,0.5521,0.3868,0.5924,0.6738,0.5743,0.5161,0.317,0.4775,0.2521,0.5258,0.3126,0.2122,0.1595,0.3559,
1.0,0.9989,0.9704,0.9693,0.9707,0.997,0.9951,0.9916,0.9864,0.9231,0.7392,0.9345,0.9079,0.8398,0.8046,0.8583,0.6912,0.826,0.9397,0.7851,0.6127,0.9515,0.725,0.626,0.6126,0.6198,0.858,0.5686,0.6202,0.7844,0.5002,0.5545,0.3966,0.5971,0.6752,0.5815,0.5162,0.3126,0.4763,0.2576,0.5203,0.3103,0.2066,0.164,0.359,
1.0,0.9993,0.967,0.9663,0.9659,0.9982,0.9966,0.9912,0.9858,0.9279,0.7408,0.9266,0.9133,0.8417,0.8039,0.8551,0.6893,0.8299,0.9416,0.7827,0.6134,0.9571,0.7227,0.6166,0.5968,0.6208,0.8581,0.5709,0.6122,0.7794,0.5042,0.5549,0.3842,0.5958,0.6772,0.58,0.5193,0.313,0.4864,0.2576,0.5214,0.3115,0.2051,0.1625,0.3593,
1.0,0.9989,0.9672,0.9661,0.9693,0.9986,0.9965,0.9903,0.9851,0.9241,0.7401,0.9302,0.9095,0.8425,0.8038,0.855,0.6863,0.8296,0.94,0.7811,0.61,0.9583,0.727,0.6211,0.6058,0.6142,0.8605,0.5677,0.6186,0.7869,0.4978,0.5556,0.3845,0.603,0.6852,0.5827,0.5179,0.314,0.4934,0.2575,0.5275,0.3176,0.2051,0.1572,0.3685,
1.0,0.9988,0.9684,0.9672,0.9728,0.9974,0.9952,0.9902,0.9855,0.9296,0.7451,0.9363,0.9154,0.8396,0.8043,0.8666,0.6853,0.825,0.9385,0.7901,0.615,0.9494,0.7277,0.6262,0.6036,0.6168,0.8581,0.5615,0.6227,0.7926,0.5105,0.547,0.3896,0.5906,0.6797,0.5859,0.5257,0.3087,0.4769,0.2651,0.5248,0.322,0.2172,0.1598,0.3575,
1.0,0.9987,0.964,0.9627,0.9727,0.9955,0.9931,0.9886,0.9838,0.9261,0.7413,0.9305,0.9075,0.8413,0.802,0.8571,0.6822,0.8294,0.9415,0.7885,0.6122,0.9488,0.7187,0.6206,0.5989,0.6209,0.8518,0.5691,0.6121,0.7812,0.5051,0.5462,0.3863,0.5889,0.6724,0.5806,0.509,0.3117,0.4786,0.2489,0.5172,0.3154,0.2053,0.163,0.3543,
1.0,0.9984,0.9684,0.9668,0.9682,0.9983,0.9962,0.9901,0.9857,0.9248,0.7319,0.9298,0.9099,0.8359,0.798,0.8551,0.6891,0.8243,0.9417,0.7866,0.6021,0.9536,0.7167,0.6142,0.596,0.608,0.8615,0.5695,0.6178,0.7782,0.5101,0.5469,0.3902,0.5949,0.6715,0.5806,0.5331,0.3151,0.4764,0.2645,0.5204,0.3131,0.2109,0.1659,0.3574,
1.0,0.9985,0.9692,0.9677,0.9728,0.998,0.9954,0.9903,0.9848,0.9224,0.7368,0.9349,0.9073,0.8362,0.7972,0.8587,0.679,0.8223,0.9414,0.7785,0.6072,0.9537,0.7153,0.619,0.6121,0.6164,0.8525,0.5661,0.6178,0.7825,0.5077,0.5526,0.3927,0.5928,0.6798,0.5776,0.5143,0.3221,0.4757,0.2509,0.5247,0.3116,0.2071,0.162,0.3472,
1.0,0.9988,0.9672,0.966,0.9712,0.9976,0.9957,0.9926,0.988,0.9283,0.7432,0.9332,0.9162,0.8378,0.8026,0.8626,0.683,0.8236,0.9377,0.7863,0.6189,0.954,0.7386,0.6252,0.6178,0.6142,0.8623,0.563,0.629,0.7913,0.5092,0.5457,0.4006,0.5874,0.6745,0.5959,0.5209,0.3198,0.4808,0.2631,0.521,0.3157,0.2063,0.1704,0.3523,
1.0,0.9987,0.9698,0.9685,0.9707,0.9977,0.9957,0.9912,0.9846,0.9248,0.7359,0.9342,0.9103,0.8392,0.7993,0.8595,0.6877,0.8248,0.9414,0.7876,0.6134,0.9518,0.7238,0.6263,0.6055,0.6092,0.8639,0.5642,0.6231,0.7812,0.5065,0.5438,0.3884,0.5849,0.6747,0.5857,0.5182,0.3172,0.479,0.2569,0.5255,0.3119,0.2121,0.1605,0.3541,
1.0,0.9986,0.9671,0.9657,0.9709,0.9974,0.9949,0.9915,0.9853,0.9244,0.7384,0.9303,0.9088,0.8381,0.7993,0.8562,0.6874,0.8235,0.9398,0.7872,0.6074,0.9547,0.716,0.619,0.6016,0.6168,0.8593,0.5687,0.6194,0.7826,0.5025,0.5524,0.3824,0.5963,0.6818,0.5783,0.526,0.3142,0.4791,0.2614,0.5313,0.3091,0.2133,0.1583,0.3601,
1.0,0.9984,0.9691,0.9675,0.966,0.9965,0.9941,0.9884,0.9831,0.92,0.7317,0.9283,0.9022,0.8404,0.7989,0.8488,0.68,0.828,0.9409,0.7735,0.6095,0.9485,0.7174,0.6211,0.6026,0.6086,0.8542,0.5672,0.6146,0.7712,0.4862,0.5509,0.3797,0.584,0.6671,0.5762,0.5215,0.3074,0.478,0.2599,0.5179,0.3011,0.198,0.1635,0.3456,
1.0,0.9986,0.9686,0.9672,0.9705,0.9963,0.9942,0.9908,0.9849,0.9201,0.7322,0.9321,0.9033,0.8392,0.7987,0.8525,0.6873,0.8272,0.9425,0.7836,0.6082,0.952,0.721,0.6236,0.6053,0.6083,0.8618,0.5664,0.6198,0.78,0.4939,0.5512,0.3835,0.596,0.6816,0.5801,0.5232,0.3151,0.4844,0.2621,0.5396,0.305,0.2041,0.1645,0.3596,
1.0,0.9987,0.9662,0.9649,0.9709,0.9975,0.9953,0.9904,0.9826,0.9231,0.732,0.9313,0.9077,0.836,0.7971,0.8563,0.6779,0.8212,0.9411,0.785,0.61,0.9558,0.7239,0.6222,0.6043,0.613,0.8567,0.5653,0.6195,0.7841,0.5035,0.5506,0.3851,0.5914,0.6764,0.5818,0.5282,0.3087,0.4812,0.2577,0.5309,0.3111,0.2137,0.1653,0.3476,
1.0,0.9987,0.9694,0.9681,0.9681,0.9975,0.9951,0.9915,0.9865,0.926,0.7353,0.9315,0.9122,0.835,0.796,0.8582,0.6802,0.8218,0.9414,0.779,0.6122,0.9534,0.7237,0.6212,0.6035,0.6082,0.8567,0.5591,0.6249,0.7803,0.5015,0.5467,0.3968,0.5957,0.6741,0.5883,0.5229,0.3147,0.4768,0.2638,0.5194,0.3073,0.203,0.1627,0.3423,
1.0,0.999,0.9696,0.9686,0.9677,0.9979,0.9965,0.992,0.9872,0.9245,0.7401,0.9312,0.9105,0.8422,0.8044,0.8575,0.6887,0.8309,0.9403,0.7801,0.6151,0.9551,0.7248,0.6253,0.6124,0.61,0.8594,0.5611,0.6223,0.7781,0.4999,0.5476,0.3922,0.5957,0.6771,0.5874,0.5202,0.3208,0.481,0.2663,0.5193,0.315,0.2084,0.1589,0.3563,
1.0,0.9989,0.969,0.9679,0.9699,0.9986,0.9969,0.9911,0.9856,0.9257,0.7351,0.9311,0.9101,0.834,0.797,0.8572,0.6836,0.8212,0.9423,0.7862,0.6066,0.9549,0.72,0.6182,0.6063,0.6153,0.8578,0.5666,0.6183,0.7862,0.5042,0.547,0.3796,0.5853,0.6761,0.581,0.5146,0.3104,0.4811,0.2519,0.5212,0.3092,0.1975,0.1565,0.3504,
1.0,0.9989,0.9659,0.9648,0.9685,0.998,0.9963,0.9904,0.985,0.924,0.7362,0.9283,0.9093,0.8391,0.8007,0.8534,0.6781,0.8257,0.9397,0.776,0.6113,0.9507,0.7229,0.6223,0.6067,0.6122,0.8539,0.5645,0.6225,0.7817,0.5093,0.5527,0.389,0.5912,0.6816,0.586,0.5187,0.3218,0.4691,0.2617,0.5141,0.3137,0.2083,0.1586,0.3445,
1.0,0.9985,0.9678,0.9663,0.9697,0.9975,0.9954,0.9915,0.9856,0.9253,0.7326,0.9293,0.9095,0.831,0.7924,0.8554,0.6794,0.818,0.9394,0.7827,0.5976,0.9532,0.7185,0.6085,0.5991,0.6078,0.8569,0.5684,0.6201,0.7903,0.5104,0.5541,0.3822,0.58,0.6815,0.577,0.5186,0.3159,0.4719,0.255,0.5331,0.3124,0.215,0.1594,0.3466,
1.0,0.9993,0.9674,0.9667,0.9677,0.9976,0.9959,0.9911,0.9854,0.9252,0.7376,0.93,0.9109,0.8407,0.8038,0.856,0.6862,0.8285,0.9404,0.7826,0.6167,0.9563,0.7277,0.6234,0.6043,0.615,0.8597,0.571,0.621,0.7828,0.507,0.5523,0.3812,0.5907,0.6754,0.581,0.5156,0.3187,0.485,0.259,0.5274,0.3095,0.2098,0.1571,0.3572,
1.0,0.9991,0.9682,0.9673,0.9689,0.9974,0.9955,0.9901,0.9845,0.9204,0.7345,0.9306,0.9036,0.8416,0.8023,0.8525,0.6853,0.828,0.9381,0.7786,0.6054,0.9501,0.7181,0.622,0.6056,0.6075,0.8575,0.566,0.62,0.779,0.4975,0.551,0.3834,0.5952,0.6789,0.5742,0.5132,0.3134,0.4804,0.259,0.5235,0.3109,0.2017,0.1567,0.3604,
1.0,0.9987,0.9707,0.9694,0.9686,0.9977,0.9953,0.9915,0.9859,0.9258,0.7385,0.9324,0.9115,0.8397,0.7999,0.8593,0.6837,0.8265,0.9403,0.779,0.6124,0.9516,0.7205,0.6261,0.6068,0.6146,0.855,0.57,0.6236,0.7866,0.5025,0.5532,0.3949,0.5904,0.665,0.5828,0.5125,0.3158,0.4784,0.2575,0.5258,0.3112,0.2111,0.1652,0.3502,
1.0,0.999,0.9653,0.9643,0.9703,0.9975,0.9956,0.9903,0.9851,0.9241,0.7389,0.931,0.9099,0.8405,0.8034,0.8574,0.6796,0.8271,0.939,0.7832,0.6185,0.9578,0.7409,0.6257,0.6183,0.6162,0.8579,0.567,0.6265,0.7833,0.5126,0.5459,0.3985,0.5861,0.6751,0.5924,0.5243,0.3264,0.4782,0.2636,0.5153,0.317,0.2029,0.1693,0.3572,
1.0,0.9983,0.965,0.9633,0.9682,0.9977,0.9952,0.99,0.9848,0.9236,0.7308,0.9264,0.9086,0.8373,0.8002,0.8523,0.6816,0.8249,0.9453,0.7829,0.6135,0.9524,0.7251,0.6216,0.6037,0.6129,0.8574,0.5647,0.6235,0.778,0.4943,0.5446,0.3772,0.5896,0.6777,0.5867,0.5271,0.3154,0.4794,0.2586,0.5255,0.3061,0.2002,0.1637,0.3541,
1.0,0.9994,0.97,0.9694,0.9689,0.9976,0.996,0.9913,0.9856,0.9207,0.7387,0.9328,0.9045,0.8433,0.8036,0.8537,0.6914,0.8298,0.9416,0.778,0.6127,0.9543,0.7178,0.6272,0.6032,0.6148,0.8544,0.5685,0.6177,0.7742,0.4958,0.5571,0.3818,0.5921,0.6822,0.5791,0.5186,0.3133,0.477,0.254,0.5266,0.2963,0.2052,0.1607,0.3581,
1.0,0.9991,0.9662,0.9653,0.9737,0.9972,0.9956,0.9915,0.9865,0.9231,0.7435,0.9322,0.9068,0.8418,0.8041,0.8573,0.6828,0.8295,0.9396,0.7809,0.6141,0.9556,0.7265,0.6268,0.6093,0.6167,0.8507,0.5631,0.6165,0.7855,0.5122,0.5513,0.3996,0.587,0.6696,0.5835,0.5159,0.3147,0.4707,0.2595,0.5153,0.3085,0.2082,0.169,0.3481,
1.0,0.9989,0.9684,0.9673,0.9725,0.9976,0.9957,0.9907,0.9858,0.9262,0.7447,0.9348,0.9109,0.8417,0.8061,0.8618,0.6868,0.8297,0.9431,0.7858,0.6187,0.9502,0.7234,0.6309,0.6037,0.6247,0.8545,0.5715,0.6227,0.7894,0.5128,0.5561,0.3966,0.5874,0.6764,0.5815,0.5204,0.3186,0.474,0.2586,0.5231,0.3126,0.2173,0.1604,0.3527,
1.0,0.9994,0.9686,0.968,0.9676,0.9977,0.9964,0.9906,0.9848,0.9251,0.7391,0.9306,0.9091,0.8437,0.8049,0.8559,0.6939,0.8305,0.9436,0.7851,0.6204,0.9522,0.7202,0.6286,0.5987,0.6161,0.8588,0.5788,0.6212,0.7781,0.5094,0.5585,0.3919,0.5911,0.6795,0.5872,0.529,0.3256,0.4793,0.267,0.53,0.316,0.2106,0.1678,0.3603,
1.0,0.999,0.9671,0.9661,0.9699,0.9972,0.9956,0.9915,0.9852,0.9237,0.7375,0.9293,0.9074,0.8392,0.7996,0.8542,0.6818,0.8269,0.9418,0.7788,0.6036,0.9555,0.7155,0.6167,0.5951,0.6086,0.853,0.5571,0.6105,0.7811,0.5051,0.5423,0.3794,0.5872,0.6741,0.5795,0.5178,0.3046,0.4744,0.2476,0.5182,0.3192,0.2127,0.1474,0.3549,
1.0,0.9988,0.9677,0.9665,0.9695,0.9981,0.9962,0.9905,0.9843,0.9229,0.7396,0.9295,0.9067,0.8432,0.7997,0.8537,0.6901,0.8299,0.9378,0.7849,0.6146,0.9547,0.7264,0.6273,0.612,0.6146,0.8624,0.5706,0.6229,0.7755,0.4992,0.5545,0.3919,0.5929,0.6774,0.5852,0.5312,0.3227,0.4831,0.2732,0.5315,0.3077,0.2071,0.1698,0.3489,
1.0,0.9986,0.9657,0.9643,0.9725,0.997,0.9946,0.9908,0.9851,0.9244,0.7412,0.9314,0.9089,0.841,0.8023,0.8572,0.6841,0.8288,0.942,0.786,0.6136,0.9542,0.7254,0.6248,0.6052,0.6163,0.8596,0.568,0.6158,0.7895,0.5118,0.5559,0.394,0.5979,0.6788,0.5797,0.5208,0.3206,0.4873,0.2663,0.5192,0.3191,0.2122,0.1608,0.361,
1.0,0.9987,0.9682,0.9669,0.9695,0.9968,0.9946,0.9904,0.9857,0.9227,0.7428,0.9311,0.9062,0.8465,0.8081,0.8548,0.6952,0.8349,0.9394,0.783,0.616,0.9546,0.722,0.6275,0.6065,0.6113,0.8582,0.5693,0.6232,0.7747,0.5005,0.5529,0.3855,0.5973,0.6754,0.5883,0.5234,0.308,0.4825,0.2666,0.5239,0.3087,0.2078,0.1598,0.3586,
1.0,0.9988,0.9675,0.9663,0.9676,0.998,0.9957,0.9908,0.9841,0.9272,0.7327,0.9291,0.9131,0.8357,0.799,0.858,0.68,0.8218,0.941,0.784,0.6127,0.9542,0.7275,0.6182,0.6042,0.6112,0.8559,0.5605,0.6266,0.7883,0.5096,0.5494,0.3852,0.5901,0.6742,0.5821,0.5199,0.3185,0.474,0.2691,0.5313,0.3071,0.2056,0.1636,0.3475,
1.0,0.9989,0.9682,0.9671,0.9668,0.9969,0.9946,0.9906,0.9848,0.9204,0.7279,0.9292,0.9051,0.8334,0.7961,0.8514,0.6725,0.8182,0.9365,0.7713,0.6019,0.9499,0.7172,0.6148,0.6011,0.6036,0.8519,0.5583,0.6156,0.7784,0.5012,0.548,0.3923,0.5912,0.6704,0.5742,0.5054,0.3143,0.4729,0.2495,0.5108,0.3111,0.2024,0.156,0.3469,
1.0,0.9991,0.9697,0.9688,0.9712,0.9978,0.9958,0.9911,0.9853,0.9199,0.7374,0.9349,0.9048,0.8427,0.8064,0.8556,0.6882,0.8285,0.9418,0.7775,0.6194,0.9512,0.7277,0.637,0.6173,0.6208,0.8534,0.5737,0.6242,0.7841,0.5053,0.5613,0.4001,0.5895,0.6771,0.5842,0.5199,0.3224,0.4762,0.2577,0.5251,0.3134,0.2073,0.1711,0.358,
1.0,0.9986,0.9703,0.9689,0.9715,0.998,0.9956,0.9914,0.987,0.9245,0.7355,0.9352,0.9101,0.8334,0.7941,0.8598,0.6782,0.8213,0.9378,0.7818,0.6065,0.953,0.7238,0.6185,0.6109,0.6024,0.8573,0.552,0.6251,0.7822,0.502,0.5417,0.3957,0.5974,0.6782,0.5838,0.5132,0.3105,0.4793,0.2573,0.5217,0.3145,0.2107,0.1652,0.3552,
1.0,0.9983,0.9669,0.9652,0.9689,0.9978,0.9953,0.9906,0.9845,0.9246,0.7406,0.9288,0.9101,0.8433,0.8057,0.8541,0.6859,0.8306,0.9409,0.7819,0.613,0.9523,0.7185,0.6238,0.6024,0.6155,0.855,0.5653,0.6198,0.7792,0.4996,0.556,0.3828,0.5876,0.6695,0.5776,0.5183,0.3145,0.4703,0.2657,0.5198,0.2991,0.205,0.1589,0.3558,
1.0,0.9985,0.9678,0.9663,0.9693,0.9965,0.9933,0.9891,0.9853,0.9274,0.7385,0.9299,0.9093,0.8391,0.8014,0.8588,0.6846,0.8274,0.9442,0.7872,0.6166,0.9483,0.7242,0.6269,0.6047,0.6222,0.8573,0.5697,0.6199,0.7828,0.5063,0.5559,0.3825,0.5815,0.676,0.5817,0.5208,0.3127,0.4697,0.2656,0.5212,0.3106,0.2112,0.1616,0.3499,
1.0,0.9989,0.97,0.9689,0.9714,0.9973,0.9953,0.9897,0.9828,0.9242,0.732,0.9362,0.9091,0.8357,0.7956,0.8612,0.6842,0.8218,0.9411,0.7875,0.6119,0.9508,0.7259,0.6291,0.6141,0.6103,0.8646,0.5655,0.63,0.7815,0.5087,0.5477,0.3915,0.5912,0.676,0.5844,0.523,0.3149,0.485,0.263,0.5367,0.3165,0.2113,0.1575,0.3573,
1.0,0.999,0.9651,0.9641,0.9671,0.9981,0.9966,0.9921,0.9854,0.9239,0.7361,0.9259,0.91,0.8402,0.8031,0.8511,0.6807,0.8267,0.9415,0.7751,0.6143,0.9541,0.7233,0.6229,0.5995,0.6132,0.8514,0.5621,0.6213,0.7812,0.503,0.5534,0.3908,0.5908,0.6777,0.5821,0.5177,0.3212,0.4748,0.2636,0.5178,0.3126,0.2092,0.1659,0.3535,
1.0,0.9992,0.969,0.9682,0.9693,0.9981,0.9965,0.9919,0.9861,0.9198,0.7294,0.9319,0.9053,0.8392,0.8023,0.8535,0.6831,0.8261,0.9407,0.7756,0.6062,0.9562,0.7209,0.6249,0.612,0.6061,0.8532,0.5653,0.6232,0.7834,0.5058,0.5549,0.3985,0.6007,0.6741,0.5781,0.5092,0.3232,0.4807,0.2526,0.5155,0.3152,0.2049,0.1641,0.3583,
1.0,0.9988,0.9695,0.9683,0.9705,0.9971,0.9946,0.9911,0.9852,0.9245,0.7408,0.9337,0.9096,0.8421,0.8059,0.8595,0.6912,0.8285,0.9395,0.7889,0.6167,0.9525,0.7234,0.6288,0.6165,0.6204,0.8573,0.5766,0.6257,0.785,0.5064,0.5577,0.3896,0.5883,0.6744,0.5896,0.5187,0.3162,0.4787,0.2638,0.5267,0.3101,0.204,0.1644,0.3443,
1.0,0.9988,0.9663,0.9651,0.9702,0.9976,0.9952,0.9912,0.9873,0.9271,0.7422,0.9294,0.9118,0.842,0.8032,0.8571,0.6834,0.8291,0.9443,0.7797,0.6152,0.9528,0.7255,0.6276,0.6051,0.6188,0.8553,0.5717,0.6247,0.7869,0.5189,0.5611,0.396,0.5951,0.6775,0.5877,0.5196,0.3221,0.4696,0.2618,0.5196,0.3164,0.2104,0.1558,0.3497,
1.0,0.9988,0.9683,0.9671,0.9708,0.9967,0.994,0.991,0.9871,0.9224,0.7385,0.9327,0.9067,0.8393,0.804,0.8565,0.6833,0.826,0.9423,0.777,0.611,0.954,0.7189,0.6245,0.6009,0.6122,0.8511,0.5624,0.6196,0.7835,0.5097,0.5487,0.3832,0.5928,0.6741,0.5797,0.5212,0.3173,0.4798,0.2564,0.5216,0.3189,0.2096,0.1647,0.3584,
1.0,0.9993,0.9685,0.9678,0.9718,0.9974,0.9957,0.9912,0.9867,0.9262,0.7475,0.9344,0.9108,0.8428,0.8068,0.8607,0.693,0.8303,0.9436,0.79,0.621,0.9571,0.7326,0.6315,0.6127,0.6249,0.8588,0.5758,0.622,0.7908,0.5111,0.5553,0.3922,0.5892,0.6763,0.5908,0.5281,0.3179,0.4823,0.2646,0.5231,0.3095,0.2081,0.1708,0.3565,
1.0,0.998,0.9702,0.9682,0.9694,0.9969,0.994,0.9892,0.9831,0.9228,0.7279,0.933,0.9073,0.8344,0.7945,0.8571,0.6758,0.8209,0.944,0.779,0.6111,0.954,0.7224,0.6213,0.6129,0.6135,0.8537,0.5736,0.6264,0.7817,0.5079,0.5561,0.3939,0.6035,0.6794,0.5912,0.5257,0.3173,0.4832,0.2607,0.5209,0.3172,0.2086,0.1723,0.3577,
1.0,0.9988,0.9686,0.9674,0.9697,0.9974,0.9951,0.9899,0.9852,0.9249,0.7384,0.9307,0.9073,0.8395,0.8002,0.8577,0.6856,0.8281,0.9397,0.782,0.6152,0.9554,0.7287,0.6276,0.6031,0.6067,0.8562,0.5589,0.6195,0.7814,0.5016,0.5408,0.3814,0.5805,0.6754,0.5843,0.5158,0.3053,0.4742,0.257,0.5208,0.3091,0.2082,0.157,0.3464,
1.0,0.9985,0.9681,0.9666,0.9694,0.9978,0.9949,0.9885,0.9842,0.9264,0.7378,0.9303,0.9087,0.8407,0.8032,0.8568,0.6895,0.8272,0.9395,0.7884,0.6038,0.9514,0.7146,0.6115,0.594,0.6163,0.8583,0.5699,0.6092,0.7871,0.5092,0.5511,0.3816,0.5909,0.6728,0.5733,0.5254,0.3194,0.4776,0.2596,0.5211,0.3082,0.2094,0.1602,0.3504,
1.0,0.9991,0.9678,0.9669,0.972,0.9964,0.9946,0.989,0.9833,0.9219,0.7331,0.933,0.9031,0.8372,0.7941,0.8555,0.6814,0.8242,0.943,0.7834,0.604,0.9518,0.7144,0.6204,0.5971,0.6122,0.8541,0.5678,0.6094,0.7819,0.5069,0.5569,0.3788,0.5963,0.6855,0.5775,0.5273,0.3128,0.4811,0.2559,0.5284,0.3094,0.2136,0.1595,0.3549,
1.0,0.9991,0.9666,0.9657,0.9691,0.9972,0.9957,0.9903,0.9842,0.9184,0.7236,0.9296,0.9018,0.8332,0.7918,0.8493,0.6745,0.8189,0.9389,0.7768,0.6012,0.9522,0.7207,0.6151,0.6056,0.5989,0.8538,0.5558,0.6188,0.7731,0.4943,0.5426,0.3758,0.5876,0.6769,0.5849,0.5261,0.3067,0.4777,0.2609,0.5269,0.3069,0.205,0.1646,0.3538,
1.0,0.999,0.9679,0.9669,0.9696,0.9978,0.9961,0.9907,0.9861,0.9223,0.7444,0.9294,0.9056,0.8494,0.8092,0.8532,0.6926,0.838,0.9413,0.7756,0.6137,0.9562,0.7224,0.6289,0.6096,0.6197,0.853,0.5741,0.6157,0.7779,0.4997,0.5613,0.3838,0.5866,0.6784,0.5872,0.5229,0.3266,0.4732,0.2551,0.5221,0.3094,0.2051,0.1686,0.3503,
1.0,0.9987,0.9678,0.9665,0.9703,0.9974,0.995,0.9919,0.9867,0.9257,0.7407,0.9314,0.9117,0.8387,0.8016,0.8579,0.6898,0.8251,0.9372,0.7874,0.613,0.9511,0.7235,0.6228,0.6063,0.6125,0.8645,0.5618,0.6185,0.7859,0.5028,0.5394,0.389,0.5758,0.664,0.5754,0.5126,0.3051,0.4799,0.2572,0.5257,0.3123,0.2054,0.1549,0.3499,
1.0,0.9987,0.9652,0.9639,0.9721,0.997,0.9949,0.9922,0.9865,0.9231,0.7339,0.9313,0.9089,0.8342,0.798,0.8565,0.6797,0.8201,0.9409,0.7833,0.6045,0.9572,0.7236,0.6195,0.6103,0.6101,0.8584,0.5608,0.6225,0.7829,0.513,0.5483,0.3927,0.601,0.6804,0.5939,0.5262,0.3158,0.4863,0.2641,0.5274,0.3194,0.2167,0.1662,0.3562,
1.0,0.9994,0.967,0.9664,0.9654,0.9983,0.9963,0.9914,0.9852,0.9241,0.7339,0.9274,0.9105,0.8389,0.8039,0.8522,0.688,0.8235,0.9399,0.7807,0.6139,0.9525,0.7223,0.6193,0.5988,0.6109,0.8577,0.5616,0.6216,0.7775,0.5032,0.5442,0.3848,0.5861,0.675,0.5901,0.5212,0.3086,0.4788,0.2607,0.5188,0.3128,0.2091,0.1607,0.3525,
1.0,0.9993,0.9662,0.9655,0.9691,0.9973,0.9957,0.9923,0.988,0.9222,0.7372,0.9285,0.9069,0.8385,0.8027,0.8514,0.6905,0.8281,0.9437,0.7816,0.6116,0.9584,0.7291,0.6253,0.6121,0.6106,0.8625,0.5678,0.6185,0.7793,0.4965,0.5444,0.3845,0.5854,0.6735,0.5876,0.5262,0.3117,0.4885,0.2627,0.5242,0.309,0.1942,0.1642,0.3589,
1.0,0.9982,0.9668,0.965,0.9705,0.9976,0.9952,0.9913,0.986,0.9231,0.7414,0.9301,0.909,0.8419,0.8053,0.855,0.6899,0.8293,0.9406,0.7854,0.6146,0.9526,0.7225,0.6278,0.6052,0.6181,0.8576,0.5737,0.6189,0.7848,0.4992,0.5541,0.3804,0.5857,0.6759,0.5873,0.519,0.3155,0.4696,0.2635,0.5226,0.304,0.2083,0.1645,0.3505,
1.0,0.9989,0.968,0.9669,0.9715,0.9971,0.9948,0.9912,0.9858,0.9241,0.7412,0.934,0.9098,0.8408,0.8041,0.8583,0.6884,0.8274,0.9423,0.7877,0.6145,0.9536,0.7254,0.6273,0.6077,0.6169,0.8613,0.5728,0.6214,0.7896,0.5078,0.554,0.3897,0.592,0.6728,0.5866,0.523,0.3182,0.484,0.2582,0.5312,0.3149,0.2129,0.1664,0.3618,
1.0,0.999,0.9695,0.9685,0.968,0.9979,0.9962,0.9925,0.9865,0.922,0.7392,0.9318,0.9091,0.8447,0.8088,0.8546,0.692,0.8303,0.9416,0.7796,0.6201,0.9549,0.7251,0.6319,0.6173,0.6207,0.8589,0.5792,0.6253,0.785,0.4964,0.5638,0.3923,0.5965,0.6752,0.5888,0.5286,0.3186,0.4816,0.2749,0.5243,0.3074,0.2012,0.1699,0.3639,
1.0,0.9985,0.9687,0.9672,0.9712,0.997,0.9951,0.9911,0.9837,0.9262,0.7417,0.9331,0.9109,0.8415,0.8024,0.8601,0.6926,0.8271,0.9426,0.7914,0.6151,0.9541,0.7201,0.6252,0.6059,0.6217,0.86,0.5768,0.6231,0.7887,0.5201,0.5593,0.3923,0.5927,0.6738,0.5867,0.5219,0.3263,0.4793,0.2617,0.5282,0.3186,0.213,0.159,0.3577,
1.0,0.9988,0.9653,0.9641,0.9685,0.997,0.9947,0.9904,0.9851,0.9239,0.7364,0.9269,0.9074,0.8417,0.8043,0.8525,0.6865,0.8284,0.9402,0.7816,0.6095,0.9538,0.7194,0.6215,0.5976,0.613,0.8562,0.5669,0.6154,0.7831,0.5028,0.5512,0.3809,0.5882,0.6719,0.5758,0.5145,0.314,0.472,0.2578,0.5154,0.3069,0.2045,0.1564,0.3551,
1.0,0.9988,0.9683,0.9671,0.9696,0.9968,0.9944,0.989,0.9838,0.9231,0.7342,0.931,0.905,0.8391,0.7977,0.8558,0.6806,0.826,0.9429,0.7798,0.6143,0.9495,0.7264,0.6256,0.6083,0.6129,0.8536,0.5681,0.623,0.7778,0.4971,0.5517,0.3893,0.5917,0.6773,0.5855,0.5178,0.3144,0.4807,0.261,0.5212,0.312,0.2042,0.1657,0.3503,
1.0,0.9989,0.9671,0.966,0.9678,0.9976,0.9962,0.9903,0.9847,0.9242,0.7361,0.9287,0.909,0.8398,0.8024,0.8534,0.6897,0.8265,0.936,0.7849,0.6047,0.9533,0.7224,0.6131,0.6004,0.6145,0.8594,0.5671,0.6138,0.7833,0.5052,0.5502,0.3798,0.5728,0.6729,0.5805,0.5237,0.3075,0.4726,0.2523,0.5217,0.3088,0.208,0.1583,0.3467,
1.0,0.9992,0.9671,0.9663,0.9684,0.9973,0.9958,0.9919,0.9854,0.925,0.7411,0.9286,0.9095,0.8429,0.803,0.8538,0.6896,0.8289,0.9396,0.7825,0.6152,0.9512,0.7199,0.6259,0.607,0.6163,0.8592,0.5735,0.6251,0.7815,0.4973,0.5534,0.385,0.6005,0.6757,0.5857,0.5228,0.3135,0.4794,0.2681,0.5306,0.3121,0.2098,0.1588,0.3654,
1.0,0.9988,0.969,0.9678,0.9682,0.9974,0.9946,0.9896,0.9856,0.9214,0.7302,0.9308,0.9049,0.837,0.799,0.8535,0.6862,0.824,0.9406,0.7809,0.6024,0.9525,0.715,0.6173,0.6048,0.6105,0.8572,0.5685,0.6154,0.7748,0.5015,0.5511,0.3855,0.5893,0.6778,0.5769,0.5244,0.3167,0.4827,0.2518,0.5231,0.316,0.2054,0.1652,0.3469,
1.0,0.9983,0.9685,0.9668,0.9699,0.9968,0.994,0.9888,0.9838,0.9251,0.7402,0.9307,0.9069,0.844,0.8017,0.8575,0.688,0.8313,0.944,0.7823,0.618,0.9535,0.7277,0.6303,0.6173,0.6249,0.8564,0.5799,0.6253,0.7822,0.5067,0.5683,0.3884,0.596,0.6762,0.5932,0.5248,0.3197,0.4866,0.2648,0.5235,0.3121,0.2056,0.1701,0.3583,
1.0,0.9989,0.968,0.9669,0.9718,0.9963,0.9946,0.99,0.9829,0.9251,0.7311,0.9332,0.9075,0.8344,0.7941,0.8595,0.6758,0.8192,0.9407,0.7843,0.6044,0.9521,0.7221,0.6189,0.6053,0.6152,0.8543,0.566,0.6181,0.785,0.5035,0.5537,0.3834,0.5903,0.6874,0.5823,0.5281,0.3119,0.4771,0.2561,0.5225,0.3097,0.2094,0.1674,0.3478,
1.0,0.999,0.9648,0.9638,0.9688,0.9976,0.9959,0.9909,0.9858,0.9261,0.7361,0.9274,0.9112,0.8382,0.8011,0.8545,0.6775,0.8251,0.942,0.7798,0.6108,0.9518,0.7205,0.618,0.5953,0.6123,0.8514,0.5619,0.6164,0.7847,0.4993,0.5503,0.3771,0.5864,0.6787,0.5783,0.5226,0.3039,0.474,0.2601,0.5291,0.307,0.2044,0.1642,0.3551,
1.0,0.9986,0.9665,0.9651,0.967,0.9981,0.9955,0.9902,0.9858,0.9234,0.7305,0.9253,0.9064,0.8344,0.7954,0.8492,0.6812,0.8218,0.944,0.7797,0.6043,0.9532,0.716,0.6151,0.6003,0.6085,0.8554,0.5678,0.6188,0.7802,0.5085,0.5513,0.3808,0.5882,0.6774,0.5848,0.5266,0.3153,0.4793,0.2616,0.5327,0.3078,0.2085,0.1655,0.3546,
1.0,0.9987,0.9677,0.9664,0.97,0.9968,0.9944,0.989,0.9847,0.9249,0.7409,0.9305,0.9072,0.8412,0.8032,0.8559,0.6884,0.8305,0.9414,0.7862,0.6107,0.9503,0.719,0.6231,0.6108,0.6214,0.8566,0.5749,0.6195,0.7847,0.5072,0.5618,0.3893,0.5951,0.6723,0.5793,0.5223,0.3193,0.4734,0.2653,0.5291,0.3111,0.2071,0.1595,0.3555,
1.0,0.9986,0.9673,0.9659,0.9703,0.9974,0.9952,0.9914,0.9851,0.926,0.7408,0.9313,0.9117,0.842,0.805,0.8591,0.6902,0.8274,0.9374,0.7893,0.6135,0.9541,0.7272,0.6239,0.6047,0.6138,0.8606,0.5694,0.6245,0.7859,0.5029,0.5516,0.3872,0.5945,0.6818,0.5891,0.528,0.3087,0.4827,0.2677,0.5293,0.3156,0.2137,0.1658,0.3665,
1.0,0.9986,0.9659,0.9645,0.9713,0.9977,0.9956,0.9924,0.9853,0.9287,0.7511,0.9297,0.9143,0.8458,0.8084,0.8601,0.6857,0.8324,0.9452,0.7828,0.623,0.953,0.7192,0.6325,0.5917,0.635,0.8504,0.5714,0.6137,0.7869,0.508,0.5642,0.3869,0.589,0.6775,0.575,0.5169,0.3147,0.4736,0.2606,0.5224,0.3134,0.2097,0.1582,0.3529,
1.0,0.9989,0.9659,0.9648,0.9714,0.9971,0.9953,0.9898,0.984,0.9178,0.7333,0.9305,0.9008,0.8404,0.7997,0.8505,0.6834,0.8275,0.9395,0.7781,0.6117,0.952,0.7219,0.6317,0.6129,0.6082,0.8549,0.5667,0.6213,0.7744,0.4955,0.5463,0.3877,0.5845,0.6683,0.5868,0.5171,0.3066,0.4788,0.2612,0.5206,0.3065,0.2045,0.1655,0.3556,
1.0,0.9982,0.9685,0.9667,0.967,0.9977,0.9942,0.9886,0.9825,0.9253,0.7375,0.9285,0.9091,0.8437,0.8046,0.8552,0.6846,0.8298,0.9404,0.7809,0.6155,0.9526,0.7214,0.6244,0.6023,0.6214,0.8547,0.5716,0.6137,0.7833,0.4994,0.554,0.3791,0.5908,0.6689,0.5758,0.5119,0.3207,0.4807,0.253,0.5169,0.3084,0.2084,0.1567,0.3522,
1.0,0.9991,0.9681,0.9672,0.9719,0.9971,0.9954,0.9911,0.9858,0.9228,0.735,0.9345,0.9081,0.8357,0.7963,0.8584,0.6751,0.8236,0.9376,0.7795,0.6059,0.9523,0.7225,0.6173,0.6069,0.6057,0.8561,0.5579,0.6207,0.7826,0.5006,0.5438,0.3932,0.5874,0.6705,0.5761,0.5145,0.3104,0.4728,0.2551,0.5197,0.3051,0.207,0.1594,0.3464,
1.0,0.9988,0.9696,0.9684,0.9695,0.9965,0.994,0.9907,0.9861,0.9272,0.7338,0.9317,0.91,0.8342,0.7948,0.8595,0.6855,0.8205,0.9399,0.7872,0.6045,0.9517,0.7215,0.6157,0.605,0.6069,0.8569,0.5609,0.6231,0.7821,0.5061,0.5389,0.3824,0.5905,0.6716,0.5926,0.5231,0.3101,0.4782,0.26,0.5228,0.3146,0.203,0.16,0.3471,
1.0,0.9988,0.9699,0.9687,0.9682,0.9973,0.9948,0.989,0.9838,0.9266,0.737,0.9311,0.9088,0.8415,0.8021,0.8597,0.6809,0.8286,0.9435,0.7793,0.6134,0.9495,0.7225,0.627,0.5984,0.6158,0.8489,0.5652,0.6221,0.7803,0.5159,0.5558,0.3927,0.5892,0.6724,0.58,0.5201,0.3187,0.465,0.257,0.5232,0.3168,0.2117,0.1642,0.3508,
1.0,0.9993,0.9684,0.9677,0.9693,0.9966,0.9951,0.992,0.9854,0.9213,0.7381,0.9323,0.9066,0.8437,0.8082,0.8541,0.6927,0.8305,0.9413,0.7838,0.618,0.9537,0.7265,0.6321,0.6085,0.6164,0.858,0.5709,0.6189,0.784,0.5089,0.5544,0.3991,0.5906,0.6732,0.5812,0.5286,0.3216,0.4803,0.2694,0.5192,0.3178,0.2136,0.1647,0.3598,
1.0,0.9988,0.9672,0.966,0.9722,0.9968,0.9945,0.9907,0.9844,0.926,0.7392,0.9331,0.9098,0.8392,0.7986,0.8606,0.6842,0.8252,0.9417,0.7886,0.6198,0.9525,0.7326,0.633,0.6181,0.6181,0.858,0.5709,0.6299,0.7875,0.5024,0.5551,0.3913,0.5873,0.675,0.5901,0.5271,0.3136,0.4803,0.2756,0.5284,0.3119,0.2064,0.1667,0.3501,
1.0,0.9991,0.9662,0.9653,0.9689,0.9977,0.9967,0.9909,0.9851,0.9207,0.7327,0.9285,0.905,0.8395,0.8027,0.8505,0.6836,0.8272,0.945,0.781,0.6104,0.9535,0.7199,0.6211,0.6107,0.6198,0.8588,0.5777,0.611,0.7835,0.503,0.5568,0.392,0.5978,0.6812,0.5878,0.5333,0.3215,0.4833,0.2591,0.5237,0.3153,0.2059,0.1701,0.3584,
1.0,0.9991,0.9624,0.9615,0.968,0.9976,0.9952,0.9906,0.9846,0.9265,0.745,0.9248,0.9115,0.8464,0.8062,0.853,0.6859,0.8308,0.9387,0.7819,0.6189,0.9502,0.7242,0.6226,0.5953,0.6169,0.8567,0.5662,0.6194,0.7816,0.506,0.5465,0.382,0.5834,0.6641,0.5869,0.5185,0.3152,0.4716,0.2639,0.5158,0.3117,0.2057,0.1581,0.3491,
1.0,0.9989,0.9653,0.9642,0.9697,0.9974,0.996,0.9913,0.9848,0.9239,0.7401,0.9289,0.9087,0.8423,0.8041,0.8536,0.6955,0.8296,0.9392,0.791,0.6068,0.9536,0.7174,0.6153,0.5966,0.6144,0.8667,0.5716,0.6134,0.7841,0.508,0.5476,0.3843,0.5893,0.6748,0.5775,0.5217,0.321,0.4913,0.2648,0.5336,0.3183,0.2111,0.1583,0.367,
1.0,0.9986,0.9699,0.9685,0.9681,0.9969,0.9949,0.9915,0.985,0.9235,0.7362,0.9316,0.9087,0.8395,0.803,0.8562,0.6912,0.8253,0.9402,0.7854,0.6141,0.9546,0.7255,0.6259,0.6136,0.6173,0.8595,0.5731,0.6235,0.7804,0.4963,0.554,0.3863,0.5909,0.6777,0.5891,0.5255,0.3115,0.4891,0.2587,0.53,0.3055,0.203,0.1655,0.3601,
1.0,0.9985,0.968,0.9665,0.9694,0.9973,0.9943,0.9898,0.9853,0.924,0.7478,0.9295,0.9066,0.851,0.8136,0.8546,0.6974,0.8367,0.9384,0.7833,0.6123,0.9501,0.7157,0.6258,0.604,0.6274,0.8548,0.577,0.6163,0.7777,0.5016,0.5552,0.3838,0.5865,0.6673,0.5769,0.5212,0.3279,0.4751,0.2651,0.5203,0.3028,0.2055,0.1706,0.3534,
1.0,0.9989,0.9653,0.9642,0.9678,0.9973,0.9951,0.9905,0.9848,0.9244,0.7331,0.9272,0.9098,0.8363,0.7992,0.8529,0.6796,0.8223,0.9387,0.7803,0.6063,0.9518,0.7232,0.6148,0.6079,0.6119,0.8581,0.5645,0.6193,0.7799,0.4986,0.5451,0.3921,0.5939,0.6699,0.5759,0.5174,0.3161,0.4827,0.2576,0.5253,0.3094,0.2067,0.1683,0.3521,
1.0,0.999,0.9671,0.9661,0.9689,0.9974,0.995,0.9905,0.9867,0.9238,0.7421,0.9299,0.9086,0.8433,0.8076,0.8554,0.6874,0.8311,0.9452,0.7803,0.6169,0.9567,0.7226,0.6252,0.6033,0.6198,0.851,0.572,0.6166,0.7812,0.51,0.552,0.3827,0.5888,0.6835,0.5892,0.5142,0.3191,0.4792,0.2518,0.5239,0.3153,0.2082,0.1606,0.3562,
1.0,0.9991,0.9679,0.967,0.9685,0.9968,0.9949,0.9917,0.9865,0.9256,0.74,0.9306,0.9103,0.8408,0.8023,0.857,0.6868,0.8263,0.9392,0.7842,0.6145,0.9518,0.7257,0.6247,0.6101,0.6129,0.8592,0.5742,0.6204,0.7837,0.5096,0.5533,0.3938,0.5887,0.6778,0.5899,0.5368,0.3212,0.4798,0.27,0.524,0.3141,0.212,0.1651,0.3548,
1.0,0.999,0.9682,0.9672,0.9682,0.9954,0.9936,0.9923,0.9851,0.9213,0.7332,0.9298,0.9049,0.8387,0.8001,0.8524,0.6833,0.8247,0.9363,0.779,0.6039,0.952,0.7206,0.6191,0.6078,0.607,0.8551,0.5634,0.6148,0.778,0.4966,0.5429,0.3794,0.5818,0.6678,0.5778,0.5196,0.3075,0.472,0.2563,0.521,0.2969,0.2005,0.1598,0.3472,
1.0,0.999,0.971,0.97,0.9685,0.9969,0.9953,0.9912,0.9861,0.9241,0.7368,0.9341,0.9097,0.8388,0.8031,0.8607,0.687,0.8262,0.9402,0.7826,0.61,0.9542,0.7233,0.6219,0.6116,0.6146,0.8561,0.5642,0.6203,0.7806,0.5043,0.5502,0.3873,0.5899,0.6729,0.583,0.524,0.3112,0.4793,0.2615,0.5286,0.3093,0.2098,0.1645,0.3565,
1.0,0.9991,0.9684,0.9675,0.9699,0.9962,0.9942,0.9895,0.9832,0.9238,0.7361,0.9318,0.9056,0.8421,0.7999,0.8559,0.6814,0.8288,0.9429,0.7813,0.6186,0.9466,0.727,0.6307,0.6141,0.616,0.8556,0.5681,0.6236,0.7795,0.4977,0.5531,0.3914,0.5904,0.6718,0.5859,0.5134,0.3129,0.4786,0.2641,0.5244,0.3145,0.2045,0.16,0.356,
1.0,0.9982,0.9667,0.9649,0.969,0.997,0.9937,0.988,0.9819,0.9186,0.7341,0.9272,0.8994,0.8462,0.8025,0.8476,0.6828,0.8298,0.9382,0.7721,0.6162,0.9505,0.719,0.629,0.6096,0.6146,0.8471,0.5713,0.6186,0.7718,0.5063,0.5529,0.397,0.5822,0.6676,0.5739,0.5117,0.3253,0.4721,0.253,0.5193,0.3125,0.2018,0.1618,0.3485,
1.0,0.9991,0.9663,0.9654,0.9689,0.9974,0.995,0.9903,0.9837,0.9239,0.7295,0.9286,0.907,0.8335,0.7967,0.8549,0.6774,0.8195,0.9398,0.7839,0.6071,0.9552,0.7297,0.6191,0.607,0.6132,0.8567,0.5656,0.6204,0.7875,0.5076,0.546,0.386,0.5887,0.6706,0.5794,0.5198,0.314,0.4709,0.2606,0.5151,0.3158,0.2111,0.1612,0.3487,
1.0,0.9991,0.9657,0.9648,0.9705,0.998,0.9955,0.9899,0.9852,0.9213,0.735,0.9308,0.9061,0.8392,0.8025,0.8537,0.6821,0.8266,0.9399,0.7821,0.6096,0.9542,0.7254,0.6227,0.6058,0.6103,0.8567,0.5645,0.6188,0.7796,0.4991,0.5492,0.3902,0.5845,0.6707,0.5823,0.5194,0.315,0.4729,0.2577,0.518,0.3054,0.2059,0.1652,0.3506,
1.0,0.9996,0.9683,0.9679,0.9681,0.9978,0.9964,0.9919,0.9869,0.9274,0.742,0.9297,0.9117,0.8422,0.8035,0.858,0.6948,0.8284,0.9403,0.789,0.6133,0.9544,0.7278,0.6235,0.6066,0.6167,0.8676,0.5703,0.6185,0.7811,0.5006,0.5464,0.3868,0.5886,0.6728,0.5857,0.522,0.3144,0.4808,0.2626,0.5261,0.3086,0.202,0.1559,0.355,
1.0,0.9994,0.9704,0.9698,0.9709,0.9976,0.9961,0.9901,0.9841,0.9238,0.7386,0.9349,0.9069,0.8416,0.8018,0.8592,0.6879,0.8275,0.9382,0.7836,0.6106,0.951,0.7208,0.6245,0.6062,0.6147,0.8563,0.5722,0.6217,0.789,0.5127,0.5571,0.3898,0.5969,0.6789,0.5833,0.5308,0.3233,0.485,0.2666,0.5337,0.3204,0.2173,0.1704,0.3578,
1.0,0.9988,0.9659,0.9647,0.9683,0.9975,0.9955,0.9909,0.9864,0.9255,0.7341,0.9279,0.91,0.8346,0.7989,0.8543,0.6764,0.8228,0.9416,0.782,0.6043,0.9565,0.7247,0.6126,0.6003,0.6104,0.8528,0.5531,0.618,0.7812,0.504,0.5427,0.3825,0.5959,0.6768,0.5825,0.5222,0.3131,0.4803,0.2568,0.5156,0.3123,0.1995,0.1594,0.3539,
1.0,0.9993,0.9693,0.9686,0.9689,0.9975,0.9957,0.9909,0.9846,0.9253,0.7427,0.9309,0.9078,0.8479,0.8086,0.8573,0.6969,0.8334,0.9436,0.7859,0.6192,0.9543,0.7191,0.6322,0.6029,0.6241,0.8566,0.5722,0.6211,0.7762,0.4976,0.5603,0.3805,0.5931,0.6884,0.5853,0.526,0.3105,0.4813,0.2642,0.5285,0.3065,0.207,0.1647,0.3679,
1.0,0.9985,0.9691,0.9676,0.9718,0.9959,0.9934,0.9908,0.9847,0.9259,0.7377,0.9356,0.911,0.8393,0.8032,0.8621,0.6864,0.8264,0.9433,0.7907,0.6176,0.9549,0.7299,0.6295,0.6063,0.6139,0.8587,0.5703,0.6269,0.7863,0.5056,0.5555,0.3715,0.5881,0.6824,0.5911,0.5296,0.3066,0.4806,0.2646,0.5294,0.3059,0.2028,0.1649,0.3554,
1.0,0.9984,0.9688,0.9672,0.9735,0.9968,0.994,0.9906,0.9849,0.9232,0.7416,0.9352,0.9073,0.8429,0.8023,0.8599,0.6875,0.8304,0.9421,0.7846,0.6172,0.9511,0.7219,0.6297,0.613,0.6181,0.8576,0.5753,0.6232,0.7862,0.5047,0.5546,0.3904,0.5941,0.6675,0.5801,0.5207,0.3212,0.4837,0.2681,0.5211,0.3137,0.2041,0.164,0.3584,
1.0,0.9985,0.9645,0.963,0.9685,0.9975,0.9955,0.9894,0.9829,0.9232,0.7348,0.9266,0.9075,0.8396,0.8008,0.8521,0.6817,0.8264,0.9408,0.7831,0.6155,0.9499,0.7244,0.6237,0.6047,0.6155,0.858,0.5725,0.6167,0.7831,0.5127,0.5518,0.3838,0.5808,0.6706,0.5816,0.5214,0.3201,0.4702,0.2611,0.5217,0.3131,0.2161,0.1627,0.3486,
1.0,0.9989,0.9668,0.9657,0.9679,0.9967,0.9947,0.991,0.9859,0.923,0.7345,0.9285,0.9073,0.8381,0.8028,0.8538,0.6813,0.8262,0.9427,0.7791,0.608,0.953,0.7196,0.6169,0.5965,0.6111,0.8518,0.5609,0.6096,0.7751,0.5004,0.5414,0.3758,0.578,0.6746,0.5767,0.5195,0.3068,0.4664,0.255,0.5185,0.3027,0.2029,0.156,0.3492,
1.0,0.9994,0.9657,0.9651,0.967,0.9965,0.9953,0.9928,0.9862,0.9269,0.7344,0.9263,0.9124,0.8358,0.799,0.8557,0.68,0.8217,0.9396,0.7841,0.6111,0.9572,0.7277,0.6181,0.6102,0.6157,0.859,0.5754,0.6209,0.787,0.512,0.5557,0.3888,0.5916,0.6803,0.5891,0.5213,0.3229,0.4881,0.2617,0.5339,0.3108,0.209,0.1709,0.3529,
1.0,0.9989,0.9689,0.9678,0.971,0.9969,0.9947,0.9914,0.9864,0.9274,0.7393,0.9328,0.9109,0.8353,0.7994,0.8615,0.6852,0.8227,0.9429,0.789,0.6124,0.9552,0.7244,0.624,0.6089,0.622,0.8536,0.5693,0.6234,0.7887,0.5192,0.5562,0.3973,0.5897,0.6848,0.5901,0.527,0.3196,0.4782,0.2651,0.5266,0.3207,0.2214,0.1675,0.3541,
1.0,0.9989,0.9678,0.9667,0.9684,0.9983,0.9957,0.9913,0.9853,0.9246,0.7261,0.9293,0.9098,0.8309,0.7933,0.8553,0.6749,0.8175,0.9375,0.7798,0.6019,0.9561,0.7205,0.615,0.6029,0.6062,0.8535,0.5558,0.6178,0.7801,0.4959,0.5442,0.3822,0.5841,0.6713,0.5764,0.5151,0.3048,0.4668,0.2565,0.5183,0.306,0.2032,0.1632,0.3431,
1.0,0.9988,0.9678,0.9666,0.9715,0.997,0.9952,0.9898,0.9833,0.9246,0.7366,0.9326,0.9086,0.8364,0.7958,0.8574,0.6739,0.8224,0.9418,0.7795,0.6077,0.9484,0.7151,0.6201,0.6026,0.6154,0.8495,0.5633,0.6202,0.7824,0.5032,0.5547,0.3849,0.5917,0.6815,0.5811,0.5159,0.312,0.471,0.2547,0.5236,0.3163,0.2128,0.1555,0.3503,
1.0,0.9993,0.9697,0.969,0.9693,0.9974,0.9953,0.9903,0.9843,0.9274,0.7387,0.9344,0.9128,0.8395,0.8023,0.8627,0.6838,0.8251,0.939,0.787,0.6164,0.9541,0.7306,0.6275,0.6121,0.614,0.8538,0.5658,0.6316,0.7826,0.5022,0.5535,0.3821,0.5921,0.681,0.5897,0.5293,0.311,0.4822,0.2651,0.5326,0.3097,0.2077,0.1638,0.354,
1.0,0.9983,0.968,0.9663,0.9713,0.9971,0.9945,0.9901,0.9848,0.9237,0.7323,0.9318,0.9076,0.8328,0.7931,0.8564,0.6852,0.82,0.9427,0.7917,0.6068,0.9526,0.7253,0.6195,0.6105,0.6094,0.8669,0.5726,0.62,0.7847,0.5085,0.5466,0.3903,0.5859,0.6718,0.585,0.5274,0.3112,0.4857,0.2549,0.5224,0.3154,0.2051,0.1659,0.3588,
1.0,0.999,0.968,0.967,0.9679,0.9974,0.9956,0.9912,0.9859,0.924,0.7363,0.9296,0.9083,0.8379,0.7997,0.8544,0.6851,0.8258,0.941,0.7808,0.6109,0.9525,0.7197,0.6185,0.5958,0.6079,0.8597,0.5652,0.6179,0.7812,0.5076,0.5444,0.3843,0.586,0.6685,0.5752,0.5169,0.3172,0.4723,0.2575,0.528,0.306,0.2089,0.1611,0.3539,
1.0,0.9992,0.9683,0.9675,0.9703,0.9974,0.9962,0.9916,0.9851,0.9219,0.7331,0.9315,0.9058,0.8385,0.7997,0.8542,0.6853,0.8259,0.9415,0.7818,0.6052,0.9547,0.7204,0.6229,0.6141,0.617,0.8572,0.5742,0.6217,0.7843,0.5028,0.5543,0.3848,0.5846,0.6717,0.5797,0.5146,0.3213,0.4771,0.2591,0.5186,0.3119,0.2,0.1594,0.3538,
1.0,0.9985,0.9681,0.9666,0.9715,0.9974,0.9951,0.9898,0.984,0.924,0.7388,0.9307,0.9054,0.8411,0.8017,0.8564,0.6878,0.8274,0.9396,0.7844,0.6161,0.9534,0.7265,0.6298,0.6104,0.6196,0.8543,0.5708,0.6242,0.7853,0.5001,0.5568,0.3851,0.5922,0.6752,0.5862,0.5235,0.3079,0.4677,0.2641,0.5205,0.3078,0.2111,0.159,0.3512,
1.0,0.9993,0.9674,0.9667,0.9701,0.9969,0.9951,0.9907,0.9852,0.9222,0.7311,0.9314,0.9064,0.8374,0.801,0.8559,0.6815,0.8241,0.9397,0.7819,0.6087,0.9518,0.7161,0.6221,0.5991,0.6084,0.8516,0.5638,0.6101,0.7828,0.5114,0.5491,0.3864,0.5853,0.6745,0.5736,0.516,0.3162,0.4738,0.25,0.5249,0.3113,0.2095,0.1622,0.3462,
1.0,0.9991,0.9672,0.9663,0.9709,0.9979,0.9956,0.9908,0.984,0.921,0.7299,0.9325,0.9057,0.8349,0.7964,0.8543,0.6768,0.82,0.9404,0.7789,0.6009,0.9528,0.7114,0.6149,0.5969,0.611,0.8533,0.5646,0.6065,0.7774,0.5049,0.548,0.3883,0.5892,0.6754,0.5709,0.522,0.3204,0.4772,0.2471,0.5308,0.3055,0.2099,0.1594,0.3475,
1.0,0.9992,0.9687,0.9679,0.9698,0.9974,0.9958,0.9927,0.9878,0.9223,0.7356,0.9325,0.9085,0.8369,0.8015,0.8556,0.6861,0.8252,0.9449,0.7821,0.6089,0.9573,0.7216,0.6222,0.6031,0.609,0.8609,0.5636,0.6221,0.7866,0.5167,0.5539,0.3836,0.5973,0.6848,0.5809,0.528,0.3144,0.481,0.2627,0.534,0.3178,0.2177,0.1645,0.3511,
1.0,0.9992,0.9672,0.9664,0.9695,0.9979,0.9958,0.9913,0.9865,0.9226,0.7324,0.9292,0.9062,0.8345,0.7959,0.8525,0.6858,0.8213,0.9429,0.7833,0.6073,0.9548,0.7195,0.6189,0.6077,0.6117,0.8586,0.5699,0.6228,0.7808,0.5002,0.5532,0.3899,0.5964,0.6814,0.5855,0.5247,0.3098,0.4861,0.2587,0.5229,0.3112,0.2059,0.1602,0.3579,
1.0,0.9992,0.9705,0.9697,0.9659,0.9965,0.9947,0.9912,0.9853,0.9251,0.7386,0.9301,0.9086,0.8437,0.8063,0.8558,0.6902,0.83,0.9398,0.7792,0.6187,0.9534,0.726,0.6288,0.6048,0.6159,0.8531,0.5714,0.6223,0.779,0.4985,0.5547,0.386,0.5887,0.6652,0.5816,0.5235,0.3118,0.4771,0.265,0.5178,0.3074,0.206,0.1691,0.3524,
1.0,0.9993,0.9677,0.967,0.9696,0.9973,0.9958,0.9922,0.9869,0.9219,0.7357,0.9315,0.9071,0.8383,0.8041,0.8549,0.6877,0.8249,0.9413,0.7834,0.6054,0.9494,0.7107,0.6168,0.5921,0.6099,0.8578,0.5636,0.6182,0.7863,0.5058,0.5542,0.3829,0.5916,0.6818,0.581,0.5274,0.319,0.4786,0.2623,0.5327,0.3098,0.2132,0.1599,0.3592,
1.0,0.9992,0.9672,0.9664,0.9696,0.9966,0.9946,0.989,0.9844,0.9231,0.7371,0.93,0.9046,0.8397,0.7988,0.8548,0.6798,0.8273,0.9403,0.7758,0.6156,0.9505,0.7251,0.6246,0.6099,0.6096,0.8518,0.5602,0.6237,0.7788,0.5092,0.5528,0.3896,0.5909,0.6789,0.5885,0.5198,0.3134,0.4773,0.2655,0.5271,0.3138,0.207,0.161,0.3523,
1.0,0.9989,0.9683,0.9672,0.9693,0.9965,0.9947,0.9924,0.9866,0.9262,0.7395,0.9305,0.9111,0.8389,0.802,0.8583,0.683,0.8256,0.9401,0.7838,0.6125,0.9533,0.7264,0.6218,0.6057,0.612,0.858,0.5671,0.6234,0.7886,0.5079,0.5508,0.3876,0.5961,0.6822,0.5877,0.5232,0.3128,0.4834,0.2623,0.5294,0.3128,0.2157,0.1637,0.3543,
1.0,0.9989,0.9651,0.964,0.9668,0.9974,0.9951,0.9899,0.9837,0.9257,0.736,0.9261,0.9104,0.8441,0.8048,0.8538,0.69,0.8284,0.9422,0.7853,0.617,0.9507,0.7244,0.6259,0.6035,0.6223,0.8613,0.5776,0.6195,0.781,0.5096,0.5584,0.3955,0.5911,0.6705,0.587,0.5364,0.3254,0.4781,0.2685,0.5212,0.3142,0.2053,0.1715,0.3514,
1.0,0.9984,0.9655,0.9639,0.969,0.9973,0.9952,0.9903,0.9846,0.9254,0.7356,0.9275,0.9096,0.8372,0.8002,0.854,0.6832,0.8264,0.9426,0.7847,0.6152,0.9525,0.7282,0.6225,0.6072,0.6148,0.8559,0.5676,0.6244,0.7857,0.5088,0.547,0.3865,0.5848,0.6721,0.5869,0.5126,0.311,0.4808,0.2562,0.5235,0.3172,0.2114,0.1566,0.3561,
1.0,0.9989,0.9676,0.9665,0.9685,0.9976,0.9961,0.9914,0.9848,0.927,0.7388,0.93,0.9126,0.8411,0.8026,0.8573,0.6848,0.8291,0.9446,0.7852,0.6208,0.9532,0.7272,0.6304,0.6067,0.6211,0.8561,0.575,0.6275,0.7872,0.5117,0.5595,0.3931,0.5955,0.676,0.5942,0.517,0.3272,0.4778,0.2653,0.5153,0.3169,0.2094,0.1627,0.3524,
1.0,0.9992,0.9699,0.9691,0.9706,0.9968,0.995,0.9913,0.987,0.9221,0.7413,0.9334,0.9048,0.8421,0.8058,0.8572,0.6852,0.8304,0.9378,0.7776,0.6071,0.9583,0.7251,0.6235,0.6087,0.6087,0.8501,0.5593,0.6173,0.7824,0.5101,0.5493,0.3891,0.5896,0.6721,0.5787,0.5204,0.3119,0.4739,0.2612,0.5118,0.3197,0.2094,0.1587,0.3519,
1.0,0.9987,0.9698,0.9685,0.969,0.9973,0.9952,0.989,0.9836,0.9287,0.7424,0.9312,0.9107,0.8422,0.8018,0.8608,0.6929,0.8298,0.9416,0.7905,0.6197,0.9537,0.7317,0.6299,0.6092,0.615,0.8584,0.5662,0.629,0.7852,0.5022,0.5493,0.3787,0.5896,0.6778,0.5903,0.5215,0.3145,0.483,0.2669,0.5344,0.3084,0.2113,0.168,0.3605,
1.0,0.9988,0.9676,0.9664,0.9692,0.996,0.994,0.9902,0.9856,0.92,0.7296,0.9314,0.9042,0.8368,0.8012,0.8524,0.6872,0.8235,0.9383,0.7847,0.606,0.9494,0.7203,0.6193,0.6113,0.6073,0.8618,0.5654,0.6168,0.7776,0.5039,0.5423,0.3954,0.5916,0.6744,0.5857,0.5233,0.3152,0.4967,0.2637,0.5336,0.3153,0.2019,0.1665,0.3565,
1.0,0.9989,0.9676,0.9665,0.9689,0.9971,0.9949,0.99,0.9851,0.9193,0.7386,0.9301,0.9025,0.8475,0.8099,0.8502,0.6963,0.8332,0.9368,0.7812,0.6144,0.9505,0.7228,0.6288,0.61,0.6153,0.8617,0.5734,0.6175,0.7788,0.499,0.5505,0.3931,0.5873,0.6572,0.5782,0.5158,0.3169,0.4816,0.261,0.5195,0.3071,0.1963,0.1684,0.3595,
1.0,0.9982,0.9699,0.9681,0.9698,0.9967,0.9942,0.9908,0.9849,0.9176,0.7374,0.9308,0.9005,0.8466,0.8078,0.8504,0.6894,0.8332,0.9392,0.7724,0.6132,0.9529,0.7189,0.6336,0.6123,0.6168,0.8514,0.5732,0.6174,0.7772,0.5041,0.561,0.3919,0.5884,0.6755,0.5757,0.515,0.3241,0.4675,0.2526,0.5138,0.3099,0.2159,0.1616,0.3572,
1.0,0.9991,0.9663,0.9654,0.9695,0.998,0.9967,0.9909,0.9857,0.9225,0.7352,0.9288,0.9064,0.8387,0.7995,0.8526,0.6802,0.826,0.9441,0.778,0.6082,0.9494,0.7127,0.6197,0.5967,0.6101,0.8523,0.5686,0.6167,0.7818,0.506,0.5487,0.388,0.5866,0.6751,0.5836,0.5253,0.318,0.4752,0.2582,0.5233,0.313,0.2039,0.1651,0.346,
1.0,0.9992,0.9682,0.9674,0.9712,0.9981,0.9963,0.9901,0.9841,0.9242,0.7342,0.9345,0.9101,0.8357,0.7987,0.8591,0.6835,0.8217,0.9366,0.787,0.6077,0.9534,0.726,0.6207,0.6034,0.6079,0.8577,0.5611,0.6214,0.788,0.5085,0.5511,0.3937,0.589,0.678,0.5819,0.5213,0.3133,0.4826,0.2587,0.5294,0.3146,0.2149,0.1665,0.3545,
1.0,0.9986,0.9692,0.9678,0.9721,0.9978,0.9958,0.9912,0.9846,0.9234,0.7399,0.935,0.9091,0.8417,0.802,0.8588,0.6853,0.8274,0.9359,0.7814,0.6104,0.9527,0.7229,0.625,0.6094,0.611,0.8556,0.5609,0.6301,0.7787,0.4977,0.5529,0.3873,0.5908,0.6798,0.5805,0.5209,0.307,0.4722,0.2664,0.5328,0.3022,0.2078,0.1618,0.356,
1.0,0.9985,0.9689,0.9674,0.971,0.9973,0.9947,0.9903,0.9842,0.9225,0.7327,0.9329,0.9067,0.8371,0.7982,0.8576,0.6834,0.8235,0.9374,0.7848,0.6063,0.9532,0.7226,0.6216,0.6063,0.6076,0.857,0.5652,0.6225,0.7867,0.5051,0.5524,0.3839,0.5885,0.6761,0.5772,0.5124,0.3085,0.4724,0.2533,0.518,0.3072,0.2115,0.1491,0.3545,
1.0,0.9993,0.9673,0.9666,0.9687,0.9974,0.9958,0.9919,0.9854,0.9269,0.7384,0.9303,0.9123,0.8391,0.8022,0.8581,0.6848,0.8257,0.9401,0.7837,0.6111,0.9522,0.7253,0.6226,0.6032,0.6143,0.8557,0.5638,0.6242,0.7825,0.5009,0.5493,0.3858,0.5925,0.6729,0.5802,0.5149,0.3069,0.4727,0.2606,0.522,0.3077,0.2131,0.1593,0.35,
1.0,0.9989,0.9688,0.9677,0.9718,0.9972,0.9955,0.9915,0.9845,0.922,0.7415,0.9342,0.9073,0.845,0.8079,0.8578,0.6864,0.8308,0.9366,0.7803,0.6108,0.9561,0.7198,0.6265,0.6131,0.6196,0.853,0.5734,0.6159,0.7864,0.5078,0.5599,0.3867,0.589,0.6748,0.5821,0.5202,0.3169,0.4744,0.2577,0.5176,0.3171,0.2058,0.1637,0.3515,
1.0,0.9983,0.9689,0.9672,0.9688,0.9967,0.9932,0.9904,0.9852,0.9201,0.7305,0.93,0.9035,0.8385,0.8009,0.8512,0.6847,0.8241,0.9373,0.7786,0.6062,0.9554,0.721,0.6229,0.6034,0.604,0.8547,0.56,0.6166,0.776,0.4983,0.5466,0.3916,0.5917,0.6741,0.5709,0.5117,0.3134,0.4692,0.2536,0.521,0.3072,0.2039,0.1577,0.3513,
1.0,0.9988,0.9685,0.9673,0.9706,0.9972,0.995,0.9896,0.984,0.9277,0.7404,0.9319,0.9101,0.8417,0.7996,0.8607,0.6891,0.8284,0.9382,0.7871,0.6162,0.9503,0.7297,0.626,0.607,0.6109,0.8608,0.5654,0.625,0.7854,0.502,0.5518,0.3891,0.587,0.6764,0.5811,0.5187,0.314,0.475,0.2635,0.5407,0.3104,0.2126,0.1598,0.3488,
1.0,0.9986,0.9674,0.966,0.9703,0.9971,0.9951,0.991,0.9866,0.9246,0.7423,0.9309,0.9092,0.8404,0.8043,0.8562,0.6935,0.8294,0.9433,0.7888,0.6141,0.9548,0.7271,0.6234,0.6119,0.6183,0.8628,0.5708,0.624,0.7872,0.5116,0.5504,0.3881,0.5952,0.6783,0.593,0.5302,0.3188,0.4897,0.2718,0.536,0.3225,0.2145,0.1683,0.3585,
1.0,0.9989,0.9659,0.9648,0.9721,0.9978,0.9956,0.9911,0.9837,0.9263,0.7379,0.9312,0.9116,0.8367,0.796,0.8585,0.6773,0.8227,0.9406,0.7825,0.6135,0.9509,0.72,0.6213,0.6026,0.6144,0.8548,0.5672,0.6225,0.7923,0.5106,0.5498,0.3882,0.5871,0.6651,0.5796,0.5115,0.318,0.4764,0.2567,0.513,0.3166,0.2062,0.1579,0.3485,
1.0,0.9989,0.9698,0.9687,0.97,0.9972,0.9945,0.9894,0.9849,0.924,0.7452,0.9347,0.9089,0.8485,0.8123,0.8602,0.6976,0.836,0.9409,0.7867,0.616,0.9516,0.72,0.6304,0.6068,0.6267,0.8589,0.583,0.619,0.7833,0.5074,0.5654,0.3874,0.5897,0.6762,0.5744,0.5265,0.3202,0.4824,0.2671,0.5303,0.3137,0.2101,0.1617,0.3597,
1.0,0.999,0.9655,0.9645,0.9672,0.9967,0.9949,0.991,0.986,0.9225,0.733,0.9244,0.9041,0.8387,0.7988,0.8488,0.6861,0.8275,0.9436,0.7791,0.6078,0.9534,0.72,0.6197,0.6022,0.6119,0.8567,0.5652,0.616,0.7705,0.4921,0.547,0.3881,0.5903,0.6762,0.58,0.5285,0.3162,0.4761,0.26,0.5258,0.3066,0.201,0.1687,0.3513,
1.0,0.9992,0.9671,0.9663,0.9682,0.9976,0.9956,0.9903,0.9856,0.925,0.7336,0.9285,0.9081,0.8352,0.7991,0.8554,0.6839,0.8214,0.9398,0.7848,0.6115,0.9531,0.7264,0.6191,0.6095,0.6113,0.859,0.5655,0.6255,0.7825,0.5071,0.547,0.3969,0.5953,0.6742,0.5876,0.5308,0.3186,0.4776,0.2685,0.5282,0.3145,0.2107,0.1694,0.356,
1.0,0.9985,0.9696,0.9681,0.9716,0.998,0.996,0.9917,0.9858,0.9251,0.7392,0.9355,0.9126,0.8397,0.8027,0.862,0.6894,0.827,0.9433,0.7884,0.6124,0.9544,0.7268,0.6268,0.6123,0.6127,0.8651,0.5685,0.6228,0.7917,0.5155,0.5511,0.3963,0.5979,0.6785,0.5828,0.5183,0.3229,0.4916,0.2573,0.5331,0.3247,0.2138,0.1564,0.3603,
1.0,0.9989,0.9681,0.967,0.9688,0.9978,0.9962,0.992,0.9861,0.9241,0.738,0.9306,0.91,0.8414,0.8055,0.8563,0.6872,0.8273,0.9382,0.7797,0.6105,0.953,0.7198,0.6222,0.5994,0.612,0.8533,0.5641,0.6222,0.7821,0.5053,0.5516,0.3814,0.5929,0.6837,0.5874,0.5146,0.3185,0.479,0.2578,0.5284,0.3124,0.2189,0.1571,0.3587,
1.0,0.9991,0.9713,0.9704,0.9686,0.9968,0.9949,0.9913,0.9855,0.9222,0.7347,0.9347,0.9073,0.8422,0.805,0.8583,0.6917,0.8281,0.9422,0.7827,0.6161,0.9516,0.718,0.6295,0.6012,0.61,0.8562,0.5666,0.6234,0.7761,0.5008,0.5538,0.3839,0.5828,0.6756,0.5841,0.5262,0.314,0.4807,0.2637,0.5235,0.3067,0.2055,0.1663,0.354,
1.0,0.9992,0.9665,0.9657,0.9703,0.9977,0.9959,0.9897,0.9836,0.918,0.7278,0.9299,0.901,0.8359,0.797,0.8497,0.677,0.821,0.9398,0.7778,0.6036,0.9529,0.7188,0.6174,0.6074,0.6097,0.8535,0.5619,0.6145,0.7764,0.5029,0.5477,0.3981,0.5987,0.6783,0.5869,0.5226,0.3189,0.4907,0.2589,0.5238,0.3152,0.2044,0.1687,0.3557,
1.0,0.9985,0.9657,0.9642,0.9716,0.9968,0.994,0.9899,0.9839,0.9176,0.7308,0.9307,0.9012,0.8399,0.8007,0.8507,0.6834,0.8265,0.939,0.7782,0.6009,0.9551,0.7176,0.6188,0.6094,0.6082,0.8585,0.5687,0.614,0.7776,0.4953,0.5505,0.386,0.6003,0.68,0.5778,0.5255,0.3177,0.4945,0.2587,0.5355,0.311,0.2033,0.163,0.3612,
1.0,0.9991,0.9637,0.9628,0.9682,0.9971,0.9951,0.9908,0.9843,0.9242,0.733,0.9252,0.9078,0.8369,0.7986,0.8519,0.6755,0.822,0.9389,0.7773,0.6039,0.9494,0.7139,0.6119,0.5951,0.6112,0.8536,0.5591,0.6131,0.7808,0.4998,0.5425,0.3762,0.5858,0.6741,0.5798,0.5163,0.3115,0.4733,0.2498,0.5172,0.3076,0.211,0.1546,0.3481,
1.0,0.9991,0.9684,0.9675,0.9726,0.9976,0.9956,0.9909,0.9864,0.9248,0.7408,0.9336,0.9079,0.8382,0.7994,0.8591,0.684,0.8253,0.9445,0.7834,0.6139,0.9543,0.7231,0.6294,0.6098,0.6155,0.8545,0.5691,0.6251,0.7856,0.513,0.5597,0.3973,0.5918,0.6856,0.5869,0.5264,0.3223,0.4863,0.2685,0.5353,0.3139,0.2069,0.1704,0.3564,
1.0,0.999,0.9702,0.9692,0.9695,0.9965,0.9943,0.9902,0.9849,0.9232,0.7343,0.9324,0.905,0.8346,0.7923,0.856,0.6752,0.821,0.9392,0.7766,0.6083,0.9545,0.7233,0.6232,0.6043,0.6066,0.8507,0.5554,0.6135,0.7763,0.4972,0.5393,0.3781,0.5826,0.6694,0.5787,0.5117,0.3058,0.4667,0.2544,0.5189,0.2948,0.1986,0.1595,0.3429,
1.0,0.9996,0.9701,0.9697,0.9699,0.9973,0.996,0.9906,0.9854,0.9259,0.7416,0.9332,0.9082,0.8434,0.8045,0.8603,0.6941,0.8308,0.9401,0.7868,0.6162,0.9533,0.724,0.6279,0.6086,0.6146,0.8579,0.5639,0.6274,0.781,0.507,0.5514,0.3846,0.5976,0.6756,0.5851,0.5213,0.3084,0.4896,0.2687,0.5359,0.3083,0.2086,0.159,0.3666,
1.0,0.9984,0.9678,0.9662,0.9696,0.9981,0.9958,0.9903,0.9851,0.9226,0.7352,0.93,0.9074,0.8391,0.8023,0.8534,0.6834,0.8256,0.9415,0.778,0.6125,0.9541,0.7223,0.6254,0.6021,0.609,0.8511,0.5593,0.6231,0.7824,0.5092,0.5512,0.3865,0.5964,0.683,0.5862,0.5259,0.3164,0.4725,0.2656,0.5258,0.3094,0.2133,0.1706,0.353,
1.0,0.9988,0.9681,0.9669,0.969,0.996,0.9938,0.9884,0.9828,0.9234,0.7316,0.9313,0.906,0.8361,0.7953,0.8556,0.6813,0.8224,0.9429,0.7828,0.601,0.9512,0.7132,0.6134,0.5947,0.61,0.8549,0.5637,0.6136,0.7774,0.4985,0.5518,0.3701,0.5886,0.6827,0.5798,0.5332,0.3113,0.48,0.2592,0.5258,0.3051,0.2064,0.1567,0.3544,
1.0,0.998,0.9659,0.9639,0.9723,0.9972,0.9945,0.9901,0.984,0.9201,0.732,0.9303,0.9037,0.8363,0.7981,0.8522,0.6791,0.8222,0.9379,0.783,0.602,0.9535,0.7146,0.616,0.6047,0.611,0.8536,0.567,0.6152,0.7814,0.5085,0.5501,0.3916,0.5847,0.6698,0.5705,0.5153,0.316,0.4702,0.2534,0.5233,0.3133,0.2044,0.1626,0.3467,
1.0,0.999,0.9688,0.9678,0.97,0.9976,0.9957,0.9907,0.9847,0.9192,0.7311,0.9314,0.902,0.839,0.7979,0.8518,0.6788,0.8259,0.9434,0.7729,0.5994,0.9517,0.7054,0.6153,0.5965,0.6091,0.85,0.5584,0.6106,0.774,0.495,0.5512,0.3801,0.5984,0.6833,0.57,0.5162,0.3155,0.4771,0.2492,0.525,0.3093,0.2035,0.1577,0.3549,
1.0,0.9989,0.9683,0.9672,0.9669,0.9973,0.995,0.9903,0.9852,0.9271,0.7374,0.9291,0.9119,0.84,0.801,0.8575,0.6895,0.8274,0.9409,0.7859,0.6135,0.9513,0.7261,0.6217,0.6024,0.6105,0.8659,0.5671,0.6212,0.7822,0.4976,0.5423,0.3824,0.5945,0.671,0.5794,0.5178,0.3192,0.49,0.2604,0.5343,0.3055,0.2052,0.1607,0.3597,
1.0,0.9993,0.966,0.9653,0.9707,0.9979,0.9966,0.9927,0.9875,0.9218,0.7331,0.9305,0.9073,0.8351,0.7987,0.8537,0.6837,0.8233,0.9431,0.7819,0.6037,0.9575,0.7204,0.6175,0.6078,0.6082,0.8604,0.5608,0.6217,0.7836,0.5116,0.5431,0.3948,0.5986,0.6768,0.5823,0.518,0.3202,0.4899,0.257,0.5247,0.3179,0.2124,0.1655,0.3633,
1.0,0.9994,0.9659,0.9653,0.97,0.9969,0.9954,0.9928,0.9865,0.9251,0.7403,0.9304,0.9109,0.8397,0.8041,0.8574,0.6822,0.8261,0.942,0.7804,0.6196,0.9517,0.7274,0.6284,0.6016,0.6116,0.8546,0.5644,0.6246,0.7919,0.4993,0.5508,0.3812,0.5841,0.6736,0.5848,0.5205,0.3132,0.4669,0.2652,0.5164,0.3113,0.2074,0.1548,0.354,
1.0,0.9983,0.9663,0.9646,0.9667,0.9978,0.9947,0.9904,0.9857,0.9247,0.7388,0.9282,0.9114,0.8424,0.8079,0.8549,0.6899,0.8292,0.9397,0.7854,0.6128,0.9527,0.7214,0.6186,0.5961,0.6159,0.8583,0.568,0.6197,0.7783,0.4986,0.5499,0.3813,0.5892,0.6776,0.5825,0.5148,0.3102,0.4782,0.2555,0.5237,0.3095,0.2086,0.1582,0.3592,
1.0,0.9988,0.964,0.9628,0.9704,0.9968,0.9948,0.9888,0.9839,0.9224,0.7421,0.9289,0.9058,0.8482,0.8119,0.8524,0.6913,0.8364,0.9401,0.7823,0.6149,0.9506,0.7229,0.6257,0.6083,0.6228,0.8559,0.57,0.6184,0.7805,0.5078,0.5587,0.399,0.6001,0.6769,0.5833,0.5225,0.327,0.4811,0.2678,0.5235,0.3237,0.2062,0.1676,0.3657,
1.0,0.9995,0.9707,0.9702,0.9707,0.9971,0.9957,0.9909,0.9869,0.9215,0.7417,0.9354,0.9051,0.8424,0.8074,0.858,0.6931,0.831,0.94,0.7847,0.6116,0.9515,0.7197,0.6274,0.6107,0.6175,0.858,0.5702,0.6206,0.7818,0.5034,0.5548,0.3967,0.5957,0.6808,0.5826,0.5228,0.3179,0.4865,0.2634,0.5321,0.3186,0.2164,0.1651,0.3639,
1.0,0.9986,0.963,0.9616,0.9692,0.9974,0.9954,0.99,0.9842,0.9247,0.7386,0.926,0.9092,0.8414,0.8017,0.8519,0.6753,0.8273,0.9365,0.78,0.6138,0.9538,0.7268,0.6184,0.6053,0.6153,0.8514,0.5664,0.6258,0.7834,0.4992,0.5521,0.381,0.592,0.6733,0.5909,0.5206,0.3139,0.4825,0.269,0.5196,0.3123,0.2003,0.1682,0.3562,
1.0,0.9991,0.9672,0.9663,0.9687,0.9974,0.9955,0.9908,0.9864,0.9284,0.7444,0.9297,0.9127,0.844,0.8097,0.8589,0.6928,0.833,0.9474,0.7879,0.6203,0.952,0.7292,0.6287,0.6013,0.6254,0.858,0.5756,0.6165,0.7883,0.513,0.5601,0.3951,0.5854,0.6747,0.5855,0.5193,0.327,0.4793,0.2568,0.528,0.3203,0.2071,0.1639,0.3572,
1.0,0.9989,0.9676,0.9665,0.9703,0.9972,0.9955,0.9928,0.9878,0.9251,0.7397,0.9307,0.9104,0.8394,0.8045,0.8572,0.6855,0.8284,0.9401,0.781,0.607,0.9572,0.7263,0.6177,0.6102,0.6185,0.8562,0.5678,0.619,0.7897,0.5053,0.5498,0.3913,0.5839,0.6694,0.5809,0.5145,0.3234,0.4798,0.2558,0.5247,0.3106,0.2105,0.1666,0.357,
1.0,0.9987,0.967,0.9657,0.97,0.997,0.9945,0.9917,0.9876,0.9235,0.741,0.9292,0.908,0.8397,0.8017,0.855,0.6854,0.8269,0.9405,0.7803,0.6114,0.953,0.7197,0.6223,0.606,0.6143,0.8569,0.5655,0.6178,0.7813,0.4974,0.5481,0.3838,0.5846,0.6715,0.584,0.5174,0.3209,0.477,0.2614,0.5206,0.3092,0.1964,0.1691,0.3528,
1.0,0.9987,0.9714,0.9701,0.9698,0.9977,0.9956,0.9908,0.9862,0.9179,0.7343,0.9344,0.9032,0.8396,0.8025,0.8533,0.6855,0.8283,0.9426,0.7728,0.6088,0.9545,0.7182,0.6286,0.6077,0.6124,0.8514,0.5643,0.6172,0.7806,0.5036,0.5575,0.3956,0.5948,0.6816,0.5745,0.5186,0.3205,0.4785,0.2515,0.5253,0.317,0.2092,0.1656,0.3524,
1.0,0.9991,0.9689,0.968,0.9691,0.9982,0.9961,0.9905,0.9849,0.9234,0.7339,0.9319,0.9087,0.8361,0.7976,0.8564,0.6791,0.8197,0.9366,0.7801,0.6044,0.9484,0.7125,0.6169,0.5973,0.6024,0.8537,0.5542,0.6166,0.7815,0.502,0.5391,0.3749,0.5788,0.6694,0.5795,0.5139,0.3049,0.4682,0.2528,0.5117,0.3035,0.2029,0.1517,0.343,
1.0,0.9991,0.9665,0.9656,0.9708,0.9979,0.9961,0.9908,0.9839,0.9227,0.7353,0.9315,0.9079,0.8408,0.8021,0.8546,0.6853,0.8244,0.9362,0.7829,0.6067,0.9475,0.7189,0.6205,0.6012,0.6111,0.8633,0.5672,0.6098,0.7866,0.5022,0.5485,0.3895,0.5823,0.6636,0.5737,0.5191,0.3122,0.4829,0.2586,0.5255,0.3088,0.201,0.1688,0.3508,
1.0,0.9989,0.9689,0.9678,0.9696,0.9975,0.9947,0.9901,0.9853,0.9267,0.7414,0.9327,0.9109,0.8414,0.8033,0.8611,0.6871,0.8266,0.9443,0.7853,0.6215,0.9518,0.7259,0.6325,0.6128,0.6238,0.8554,0.5762,0.626,0.7815,0.5087,0.5635,0.3912,0.5908,0.6817,0.5985,0.5338,0.3219,0.4715,0.2712,0.5253,0.3092,0.2095,0.1706,0.345,
1.0,0.9991,0.9678,0.9669,0.9691,0.9971,0.9954,0.99,0.9851,0.9203,0.7414,0.9306,0.9036,0.8481,0.8082,0.8526,0.6932,0.838,0.9397,0.7799,0.6149,0.9506,0.7191,0.6316,0.6041,0.6139,0.8551,0.5716,0.6156,0.7698,0.4849,0.5524,0.3865,0.5776,0.6678,0.5714,0.5135,0.312,0.4784,0.2576,0.5206,0.2954,0.2032,0.1589,0.3514,
1.0,0.9986,0.9675,0.9661,0.9676,0.9978,0.9956,0.9891,0.9831,0.926,0.7336,0.9296,0.9112,0.8379,0.7991,0.8571,0.6759,0.824,0.9423,0.7797,0.6162,0.9509,0.7272,0.6242,0.6056,0.6137,0.8529,0.566,0.6282,0.7801,0.4951,0.5495,0.3804,0.5955,0.6786,0.5875,0.5196,0.3134,0.4782,0.2626,0.523,0.3103,0.1997,0.1637,0.3503,
1.0,0.999,0.9677,0.9667,0.9714,0.9974,0.9957,0.9904,0.984,0.9228,0.7329,0.9332,0.907,0.8356,0.7975,0.8577,0.6823,0.8222,0.9361,0.7835,0.5997,0.9542,0.72,0.6139,0.6071,0.607,0.8567,0.5595,0.6145,0.7845,0.4985,0.5446,0.3856,0.5887,0.6682,0.5763,0.5171,0.3094,0.4724,0.2513,0.5216,0.3096,0.2093,0.1545,0.3487,
1.0,0.999,0.9678,0.9668,0.9701,0.9973,0.9951,0.9904,0.9859,0.9249,0.7343,0.9308,0.9082,0.8342,0.7953,0.8565,0.6817,0.8237,0.94,0.7831,0.6079,0.9539,0.7266,0.6185,0.6101,0.603,0.8588,0.5586,0.626,0.7844,0.5111,0.5421,0.3889,0.5925,0.6713,0.5848,0.515,0.323,0.4809,0.2644,0.53,0.3158,0.2085,0.161,0.3539,
1.0,0.999,0.9662,0.9652,0.9692,0.9976,0.9954,0.9913,0.9848,0.9258,0.7378,0.9297,0.9114,0.8398,0.8023,0.857,0.6854,0.8244,0.9395,0.7878,0.6111,0.9565,0.7271,0.6154,0.6099,0.6205,0.8643,0.5779,0.6161,0.7891,0.5113,0.5523,0.3911,0.5867,0.6693,0.5839,0.5212,0.3272,0.4828,0.2602,0.5163,0.3152,0.2075,0.1571,0.3544,
1.0,0.999,0.9679,0.9669,0.9703,0.9975,0.9958,0.9914,0.9857,0.9254,0.7299,0.931,0.9095,0.831,0.7914,0.8576,0.6721,0.8193,0.9415,0.7813,0.6023,0.956,0.7277,0.6162,0.6092,0.6105,0.8578,0.5573,0.6123,0.7879,0.5005,0.5442,0.3852,0.5868,0.6715,0.5813,0.5202,0.3123,0.4788,0.2551,0.5143,0.3049,0.2023,0.1677,0.3392,
1.0,0.999,0.9713,0.9703,0.9699,0.9975,0.9944,0.9902,0.987,0.9203,0.7322,0.9346,0.9043,0.8339,0.7963,0.856,0.6889,0.8199,0.9395,0.7833,0.6014,0.9519,0.7135,0.6183,0.604,0.603,0.8609,0.5622,0.6157,0.7741,0.4977,0.5421,0.3879,0.5948,0.6726,0.573,0.5247,0.31,0.485,0.2521,0.5263,0.3073,0.2057,0.1606,0.3488,
1.0,0.9983,0.968,0.9663,0.9705,0.9984,0.9957,0.99,0.9848,0.9214,0.7336,0.9318,0.907,0.8378,0.7989,0.8535,0.6872,0.8245,0.9403,0.7823,0.6083,0.9542,0.7202,0.6236,0.6048,0.6122,0.8593,0.566,0.6187,0.7835,0.5078,0.5499,0.3868,0.5875,0.6756,0.5775,0.5218,0.3166,0.4754,0.2616,0.5244,0.3079,0.2057,0.1597,0.3498,
1.0,0.9991,0.9678,0.9669,0.9677,0.9964,0.995,0.9903,0.9846,0.9272,0.7401,0.9286,0.9098,0.843,0.8036,0.8567,0.6863,0.8306,0.9413,0.78,0.6195,0.9538,0.7325,0.6258,0.6094,0.6168,0.855,0.5705,0.6293,0.7864,0.5144,0.5574,0.3962,0.6014,0.6792,0.5897,0.5167,0.3234,0.4776,0.266,0.5249,0.319,0.2125,0.1625,0.359,
1.0,0.9987,0.9657,0.9644,0.97,0.9968,0.995,0.9916,0.9856,0.9215,0.7329,0.9298,0.907,0.8369,0.8006,0.8533,0.6794,0.8225,0.9389,0.7802,0.6036,0.9493,0.7161,0.6165,0.5983,0.6052,0.856,0.5589,0.6209,0.782,0.5049,0.5443,0.3779,0.5837,0.6749,0.5801,0.5183,0.3124,0.4727,0.2625,0.5277,0.3134,0.2093,0.1565,0.3444,
1.0,0.9995,0.9677,0.9672,0.9682,0.998,0.996,0.9899,0.9847,0.9256,0.7355,0.9298,0.9092,0.8399,0.8043,0.8563,0.6851,0.8257,0.9417,0.7826,0.6121,0.9499,0.718,0.6219,0.5957,0.6162,0.8525,0.5639,0.6235,0.7869,0.5061,0.5535,0.3783,0.5914,0.674,0.583,0.5086,0.3087,0.4717,0.2589,0.5177,0.3112,0.2038,0.1557,0.3511,
1.0,0.9991,0.9693,0.9684,0.9709,0.9971,0.9956,0.9911,0.9859,0.9194,0.74,0.932,0.9015,0.8459,0.808,0.8527,0.6915,0.8329,0.9392,0.7801,0.6075,0.9509,0.7128,0.6246,0.6021,0.6085,0.8548,0.5656,0.6127,0.7794,0.5101,0.555,0.3879,0.5926,0.6761,0.5724,0.5193,0.3275,0.4778,0.2624,0.5299,0.3151,0.2128,0.1627,0.3585,
1.0,0.9989,0.9669,0.9658,0.9685,0.9974,0.9957,0.99,0.9837,0.9214,0.7262,0.9288,0.9053,0.8335,0.7928,0.8526,0.674,0.8206,0.9419,0.7771,0.6046,0.9537,0.7197,0.6163,0.6087,0.6068,0.8501,0.5613,0.6241,0.7755,0.4986,0.55,0.3814,0.5923,0.6743,0.5812,0.5207,0.3064,0.4733,0.2586,0.5199,0.3012,0.2029,0.1631,0.3529,
1.0,0.9994,0.9679,0.9673,0.9691,0.997,0.9953,0.9914,0.9857,0.9186,0.7255,0.9314,0.9029,0.8333,0.7936,0.8518,0.6763,0.819,0.9416,0.7756,0.6072,0.953,0.7152,0.6196,0.6054,0.608,0.854,0.5681,0.6149,0.7704,0.5055,0.5467,0.3907,0.5826,0.6709,0.5794,0.5202,0.3206,0.4736,0.2533,0.5165,0.3068,0.204,0.1641,0.3392,
1.0,0.9994,0.9697,0.9691,0.9731,0.9975,0.9954,0.9901,0.9855,0.9276,0.742,0.937,0.9116,0.8399,0.8006,0.865,0.6881,0.8262,0.942,0.7916,0.6132,0.9515,0.7236,0.6271,0.6111,0.6205,0.8569,0.5712,0.625,0.7873,0.5095,0.5578,0.395,0.5954,0.6776,0.5817,0.5212,0.3167,0.4784,0.2655,0.5249,0.3136,0.2062,0.1636,0.3531,
1.0,0.9995,0.9679,0.9674,0.97,0.998,0.9965,0.9925,0.9875,0.9263,0.7475,0.9324,0.9129,0.8457,0.8116,0.8605,0.6979,0.8321,0.9416,0.7901,0.6192,0.958,0.729,0.6289,0.6111,0.6188,0.8634,0.5747,0.6256,0.7888,0.5068,0.5546,0.3906,0.5918,0.6749,0.5908,0.528,0.3102,0.4895,0.2651,0.5204,0.3201,0.2017,0.1609,0.3682,
1.0,0.9987,0.9686,0.9673,0.9693,0.9975,0.9958,0.9908,0.9843,0.9248,0.7401,0.9316,0.9099,0.842,0.8034,0.8577,0.6859,0.8292,0.9426,0.7816,0.6166,0.9527,0.7221,0.627,0.6026,0.6151,0.8534,0.568,0.624,0.7812,0.5056,0.5536,0.3883,0.5849,0.6817,0.5851,0.5298,0.3176,0.4741,0.2647,0.5305,0.3059,0.2157,0.1679,0.3483,
1.0,0.9991,0.965,0.9641,0.9686,0.9983,0.9963,0.9899,0.9836,0.9263,0.7379,0.9278,0.9108,0.8406,0.799,0.8556,0.6839,0.8266,0.9358,0.7843,0.6127,0.9529,0.727,0.6195,0.6073,0.6175,0.8578,0.5651,0.623,0.7786,0.4976,0.5483,0.3843,0.581,0.6631,0.5815,0.5149,0.3104,0.4694,0.2619,0.5201,0.3044,0.1991,0.1612,0.345,
1.0,0.9991,0.9653,0.9644,0.9715,0.998,0.996,0.9904,0.9865,0.9245,0.7377,0.9306,0.909,0.8364,0.7981,0.8561,0.6835,0.8244,0.9427,0.785,0.6103,0.9497,0.7206,0.6216,0.6037,0.613,0.8586,0.565,0.6134,0.7776,0.5018,0.5416,0.3879,0.5765,0.6643,0.58,0.5135,0.3093,0.4737,0.2532,0.5179,0.3033,0.1974,0.1591,0.3481,
1.0,0.9984,0.968,0.9664,0.9679,0.9975,0.995,0.9895,0.9833,0.923,0.733,0.9291,0.9074,0.8403,0.7986,0.853,0.6749,0.8258,0.9408,0.77,0.6117,0.9547,0.7228,0.622,0.6107,0.6155,0.8478,0.5643,0.6193,0.7778,0.4968,0.551,0.3866,0.5934,0.6681,0.5886,0.5299,0.3101,0.4786,0.2652,0.5043,0.31,0.2009,0.1708,0.3478,
1.0,0.9983,0.9658,0.9641,0.9702,0.9964,0.9937,0.9903,0.9848,0.9257,0.7394,0.928,0.9082,0.8411,0.8011,0.8547,0.685,0.8282,0.9435,0.7838,0.6093,0.952,0.7206,0.6179,0.6014,0.6172,0.8585,0.5686,0.6195,0.7866,0.5117,0.5556,0.3843,0.604,0.6818,0.5822,0.5205,0.3191,0.4902,0.2635,0.534,0.3217,0.2119,0.1567,0.3673,
1.0,0.9989,0.9688,0.9677,0.9691,0.9982,0.9954,0.9911,0.9854,0.9234,0.7399,0.9318,0.9091,0.8433,0.8104,0.8569,0.6968,0.8294,0.9363,0.7868,0.6159,0.9543,0.7247,0.6263,0.6187,0.6231,0.8596,0.5738,0.6311,0.7827,0.5091,0.563,0.3959,0.5967,0.6804,0.586,0.5179,0.3302,0.4775,0.2717,0.5256,0.3188,0.2172,0.164,0.3588,
1.0,0.9988,0.9674,0.9662,0.9714,0.9979,0.9958,0.9907,0.985,0.9217,0.735,0.9315,0.9053,0.8372,0.7967,0.8551,0.6793,0.8243,0.9384,0.7774,0.6014,0.9529,0.7144,0.6168,0.6035,0.6143,0.8532,0.5629,0.6172,0.7832,0.5084,0.5531,0.3895,0.5883,0.6691,0.5758,0.5139,0.3217,0.4722,0.2508,0.5164,0.3124,0.2074,0.162,0.3475,
1.0,0.9989,0.9677,0.9666,0.9692,0.9976,0.996,0.9909,0.9846,0.923,0.7317,0.9305,0.9084,0.8344,0.7951,0.8547,0.6845,0.8221,0.9421,0.7833,0.6101,0.95,0.722,0.6235,0.6035,0.6116,0.8602,0.5684,0.6248,0.7794,0.5018,0.5538,0.3847,0.5901,0.6773,0.5867,0.5333,0.3158,0.48,0.2701,0.5332,0.3093,0.21,0.1685,0.3495,
1.0,0.9985,0.9654,0.9639,0.9689,0.9974,0.9948,0.9904,0.9845,0.9206,0.7313,0.927,0.9054,0.8402,0.8009,0.8493,0.6835,0.8262,0.94,0.7801,0.6112,0.9546,0.7208,0.6219,0.605,0.6088,0.8557,0.5672,0.6198,0.7792,0.5009,0.5506,0.382,0.5865,0.6682,0.5819,0.5294,0.3169,0.477,0.268,0.5234,0.3048,0.2026,0.1637,0.357,
1.0,0.999,0.9677,0.9667,0.9698,0.9964,0.9938,0.99,0.9854,0.9217,0.7363,0.932,0.9046,0.8421,0.8039,0.8555,0.6862,0.8274,0.9342,0.7803,0.6074,0.9501,0.7188,0.6209,0.6021,0.6058,0.8548,0.5622,0.6196,0.777,0.5002,0.546,0.3881,0.5855,0.6667,0.5757,0.5232,0.3127,0.48,0.2645,0.5244,0.3099,0.2062,0.1628,0.3573,
1.0,0.9984,0.968,0.9664,0.9682,0.9961,0.9933,0.9892,0.9841,0.9259,0.7389,0.9297,0.9086,0.8438,0.8028,0.8571,0.69,0.8306,0.9396,0.7872,0.6204,0.9529,0.7273,0.6267,0.609,0.614,0.8619,0.5796,0.6199,0.7788,0.4992,0.5548,0.3849,0.5883,0.6713,0.5831,0.5279,0.3098,0.4816,0.2644,0.5236,0.3021,0.2036,0.1653,0.3575,
1.0,0.9989,0.9697,0.9686,0.9727,0.9976,0.9956,0.991,0.9841,0.9288,0.7376,0.9351,0.9133,0.8344,0.7932,0.865,0.6803,0.8191,0.9396,0.789,0.6089,0.9543,0.7251,0.6236,0.6096,0.6096,0.8561,0.5584,0.6227,0.788,0.5128,0.5438,0.3941,0.594,0.6782,0.5912,0.5211,0.3165,0.4804,0.2574,0.5247,0.3235,0.2145,0.1649,0.3418,
1.0,0.9989,0.9689,0.9678,0.9709,0.9969,0.995,0.9907,0.9851,0.9229,0.7372,0.9339,0.9071,0.8403,0.8041,0.8576,0.6858,0.8267,0.9366,0.7834,0.6082,0.9546,0.7275,0.6226,0.6109,0.6129,0.8556,0.5653,0.6242,0.783,0.5079,0.5528,0.4009,0.5971,0.6792,0.5823,0.5168,0.3166,0.4844,0.2639,0.5322,0.3133,0.2097,0.1667,0.3599,
1.0,0.9985,0.9698,0.9683,0.971,0.9972,0.9948,0.9914,0.9857,0.9227,0.7466,0.934,0.9081,0.8499,0.8168,0.8574,0.6985,0.8375,0.9425,0.7849,0.6233,0.9515,0.7269,0.6396,0.6102,0.6267,0.8591,0.5776,0.628,0.7914,0.51,0.5656,0.39,0.5877,0.674,0.5855,0.5127,0.3236,0.4666,0.2676,0.5186,0.3109,0.2118,0.1608,0.3555,
1.0,0.9992,0.9642,0.9634,0.9688,0.9976,0.9958,0.9906,0.9851,0.9187,0.7251,0.9264,0.9028,0.8324,0.7946,0.8469,0.6715,0.8186,0.9401,0.7739,0.6075,0.9517,0.7204,0.6173,0.6033,0.6026,0.8547,0.5579,0.615,0.7808,0.5014,0.5449,0.387,0.5853,0.6707,0.5806,0.5186,0.3134,0.4703,0.2546,0.5074,0.3057,0.2014,0.1671,0.3475,
1.0,0.9991,0.9708,0.9699,0.9665,0.9981,0.9964,0.9898,0.9849,0.9272,0.7357,0.9302,0.9097,0.8365,0.7999,0.8573,0.6816,0.8231,0.9412,0.7784,0.6141,0.9552,0.7257,0.624,0.6109,0.6152,0.8471,0.5581,0.6307,0.7808,0.5103,0.5546,0.389,0.5958,0.6877,0.5925,0.5194,0.3136,0.4737,0.2657,0.5254,0.3177,0.2156,0.1729,0.3576,
1.0,0.9992,0.9642,0.9634,0.9728,0.9977,0.9958,0.9911,0.986,0.921,0.735,0.9296,0.9045,0.8371,0.8003,0.853,0.6796,0.8247,0.9454,0.7802,0.6116,0.9536,0.72,0.6242,0.6066,0.6171,0.8533,0.5634,0.6148,0.7836,0.5159,0.5527,0.3965,0.5872,0.6781,0.581,0.5194,0.323,0.4759,0.2616,0.5209,0.3135,0.2095,0.1654,0.3547,
1.0,0.9983,0.9708,0.9691,0.9705,0.9975,0.995,0.9907,0.9832,0.925,0.7404,0.9333,0.9091,0.843,0.801,0.8588,0.6906,0.8282,0.9381,0.7834,0.6188,0.9507,0.7252,0.6337,0.6105,0.6197,0.8569,0.5738,0.6312,0.7823,0.5,0.5633,0.3923,0.5941,0.6803,0.5811,0.5096,0.3197,0.4721,0.263,0.5297,0.3061,0.2096,0.16,0.3525,
1.0,0.9991,0.9686,0.9677,0.9697,0.9972,0.9955,0.992,0.9865,0.9245,0.7321,0.9324,0.9099,0.8322,0.7953,0.8581,0.6768,0.8183,0.9407,0.7797,0.6071,0.9556,0.7291,0.6182,0.6079,0.6056,0.8544,0.5552,0.6235,0.7806,0.5118,0.5396,0.3932,0.588,0.6809,0.5927,0.5267,0.3208,0.4882,0.2657,0.5296,0.3151,0.214,0.172,0.3464,
1.0,0.9989,0.9641,0.963,0.9725,0.9973,0.9951,0.9908,0.9856,0.9209,0.7347,0.9308,0.9058,0.8369,0.8015,0.853,0.6799,0.8242,0.9396,0.7838,0.6106,0.9567,0.7239,0.6234,0.6119,0.6128,0.8566,0.566,0.6231,0.7823,0.5126,0.5516,0.3916,0.5976,0.6828,0.5916,0.5343,0.3161,0.4869,0.2665,0.5325,0.3187,0.2169,0.175,0.3628,
1.0,0.9984,0.9655,0.9639,0.9701,0.9975,0.995,0.9897,0.9817,0.9327,0.7387,0.9278,0.9153,0.8343,0.793,0.8615,0.6706,0.8191,0.9417,0.7874,0.6177,0.9535,0.7297,0.6179,0.607,0.6271,0.8512,0.5673,0.6249,0.7967,0.5201,0.5591,0.3931,0.5991,0.6787,0.5857,0.5167,0.3246,0.4686,0.2636,0.5181,0.3196,0.2089,0.1685,0.345,
1.0,0.999,0.9692,0.9682,0.9708,0.9969,0.9949,0.9909,0.9845,0.9237,0.7397,0.9336,0.9076,0.8423,0.8043,0.8579,0.6887,0.8267,0.9369,0.7861,0.6096,0.9504,0.7183,0.621,0.6017,0.6141,0.86,0.5716,0.6174,0.7874,0.5114,0.553,0.3861,0.5886,0.6733,0.5764,0.522,0.3204,0.4726,0.2632,0.5237,0.3129,0.212,0.158,0.3575,
1.0,0.9984,0.9694,0.9678,0.9716,0.9959,0.9932,0.9897,0.9836,0.921,0.7342,0.9333,0.9031,0.8379,0.7943,0.8549,0.682,0.8228,0.9385,0.7802,0.6058,0.9503,0.7222,0.6218,0.6055,0.6113,0.8595,0.5684,0.6116,0.7776,0.4951,0.5568,0.3961,0.5868,0.6793,0.5741,0.5233,0.3173,0.4802,0.2526,0.5297,0.3016,0.2041,0.1665,0.3435,
1.0,0.9984,0.9691,0.9675,0.9695,0.9974,0.9949,0.9905,0.9849,0.9257,0.7387,0.9318,0.9105,0.838,0.8001,0.8582,0.6793,0.8251,0.9381,0.779,0.6098,0.9535,0.724,0.6179,0.6071,0.6176,0.8486,0.5664,0.623,0.7846,0.5027,0.5537,0.3903,0.5895,0.675,0.5854,0.5233,0.308,0.4718,0.2622,0.5283,0.3132,0.2125,0.1685,0.3502,
1.0,0.9994,0.9696,0.969,0.9683,0.9978,0.9959,0.9908,0.9869,0.9257,0.7379,0.9334,0.9113,0.8381,0.8036,0.8612,0.6832,0.8248,0.9441,0.7814,0.6124,0.9519,0.719,0.6217,0.5986,0.6145,0.8539,0.5618,0.6242,0.7816,0.5059,0.5529,0.3833,0.5925,0.6819,0.5857,0.5195,0.3153,0.4766,0.2538,0.5262,0.3112,0.2104,0.1601,0.3559,
1.0,0.9994,0.9694,0.9688,0.9681,0.9968,0.9952,0.9913,0.9854,0.9183,0.7316,0.9324,0.9027,0.8393,0.8026,0.8514,0.6919,0.8265,0.9405,0.7778,0.6038,0.9526,0.7182,0.6206,0.607,0.6156,0.8593,0.573,0.6191,0.7805,0.5014,0.5619,0.3886,0.5902,0.6832,0.5768,0.524,0.3212,0.4791,0.2598,0.5353,0.3108,0.2104,0.1568,0.3569,
1.0,0.9995,0.9716,0.9711,0.97,0.9977,0.996,0.9907,0.9854,0.9233,0.7411,0.9359,0.9081,0.8434,0.8036,0.8609,0.6882,0.8302,0.9363,0.7789,0.6052,0.95,0.7177,0.6209,0.6011,0.6112,0.8548,0.5617,0.6191,0.7771,0.4979,0.5526,0.3879,0.5841,0.6762,0.5772,0.5162,0.313,0.4762,0.2573,0.5277,0.3066,0.209,0.1617,0.3502,
1.0,0.9993,0.967,0.9663,0.9689,0.9972,0.9961,0.9931,0.9878,0.9231,0.7428,0.9279,0.9072,0.8426,0.8071,0.8527,0.6912,0.831,0.9447,0.7814,0.6147,0.9557,0.7169,0.6259,0.6039,0.6218,0.8569,0.5784,0.6141,0.787,0.5129,0.5636,0.3906,0.5922,0.6794,0.5791,0.5123,0.3299,0.4799,0.2576,0.5294,0.313,0.2148,0.1611,0.3513,
1.0,0.999,0.9667,0.9657,0.969,0.9976,0.9962,0.9914,0.9849,0.9184,0.7323,0.9291,0.9034,0.8426,0.806,0.8495,0.6902,0.83,0.9432,0.7804,0.6123,0.9508,0.7158,0.6274,0.5986,0.6183,0.8595,0.5759,0.6118,0.7759,0.4967,0.5609,0.3878,0.5809,0.6746,0.5703,0.5277,0.3252,0.4721,0.2641,0.5265,0.2994,0.1982,0.1712,0.3499,
1.0,0.9988,0.9689,0.9677,0.9711,0.9964,0.994,0.9898,0.9841,0.9239,0.7374,0.9335,0.9071,0.8389,0.801,0.8586,0.6835,0.8234,0.9411,0.7836,0.6128,0.9502,0.722,0.6258,0.6092,0.6185,0.8522,0.5692,0.6221,0.7831,0.5071,0.5571,0.3924,0.5862,0.6833,0.583,0.5264,0.3211,0.4763,0.2663,0.5272,0.3106,0.2114,0.1671,0.3494,
1.0,0.9988,0.9682,0.967,0.9682,0.9974,0.9953,0.9905,0.9859,0.9277,0.7419,0.9304,0.9128,0.8436,0.8085,0.8594,0.6974,0.8305,0.9406,0.7917,0.6153,0.9516,0.7278,0.6238,0.6047,0.6155,0.8617,0.5753,0.6234,0.7852,0.5072,0.5551,0.3815,0.5807,0.672,0.5876,0.5213,0.3208,0.4758,0.2653,0.5214,0.3099,0.207,0.1526,0.3501,
1.0,0.9983,0.9683,0.9666,0.9689,0.9971,0.9938,0.9904,0.9848,0.9209,0.7279,0.9296,0.9048,0.8338,0.7962,0.8514,0.6912,0.8184,0.9384,0.7895,0.6031,0.9533,0.7185,0.6182,0.603,0.6067,0.8654,0.5708,0.614,0.7807,0.5013,0.5458,0.39,0.5931,0.677,0.5807,0.5344,0.3136,0.4912,0.2664,0.5316,0.3125,0.2114,0.1661,0.3646,
1.0,0.9993,0.9696,0.9689,0.9689,0.9974,0.9956,0.9918,0.9859,0.9226,0.7392,0.9328,0.908,0.8433,0.8085,0.8576,0.6905,0.8295,0.9406,0.7838,0.6117,0.9498,0.7208,0.6238,0.61,0.6181,0.8614,0.5744,0.62,0.7856,0.497,0.5532,0.3904,0.5883,0.673,0.5793,0.513,0.3172,0.4834,0.2612,0.5289,0.3089,0.2043,0.1606,0.3562,
1.0,0.9987,0.9678,0.9665,0.9705,0.9968,0.9939,0.9896,0.9845,0.9227,0.7368,0.9302,0.9045,0.8396,0.8009,0.8546,0.6868,0.8251,0.9361,0.7842,0.5995,0.9494,0.7103,0.6137,0.5954,0.6157,0.8555,0.5661,0.6071,0.7789,0.5035,0.5463,0.3842,0.5801,0.6701,0.567,0.5153,0.3082,0.4739,0.253,0.5233,0.3115,0.2073,0.1533,0.3505,
1.0,0.9991,0.9662,0.9653,0.9699,0.9981,0.9966,0.9918,0.9853,0.9225,0.7338,0.9304,0.9091,0.8383,0.801,0.8549,0.6875,0.825,0.9419,0.7847,0.6113,0.9572,0.7281,0.6239,0.613,0.6166,0.8622,0.5783,0.6202,0.7859,0.5094,0.5613,0.392,0.5878,0.6789,0.5886,0.5202,0.3207,0.483,0.2581,0.5291,0.3164,0.204,0.1673,0.3614,
1.0,0.9993,0.9679,0.9672,0.9708,0.9974,0.9962,0.9896,0.9833,0.9219,0.7301,0.9323,0.9042,0.8373,0.7977,0.8541,0.6861,0.8249,0.9427,0.7851,0.6088,0.9508,0.7151,0.6214,0.6013,0.6067,0.8582,0.5652,0.6172,0.7809,0.5101,0.5475,0.391,0.5968,0.672,0.5825,0.5197,0.3191,0.4789,0.2596,0.5255,0.3109,0.2138,0.1605,0.359,
1.0,0.9993,0.9699,0.9692,0.9691,0.9968,0.9955,0.9923,0.9849,0.9237,0.7374,0.9341,0.9096,0.8421,0.8048,0.8594,0.6906,0.8262,0.9349,0.7859,0.6113,0.9484,0.7214,0.625,0.6071,0.6106,0.8608,0.5647,0.6248,0.7814,0.492,0.5449,0.3847,0.5937,0.6731,0.5811,0.5168,0.3084,0.484,0.2622,0.5293,0.309,0.2094,0.1652,0.3599,
1.0,0.9986,0.9652,0.9638,0.9692,0.9969,0.9944,0.9908,0.9862,0.9262,0.7338,0.9274,0.9106,0.8321,0.796,0.8538,0.6777,0.8199,0.9454,0.7833,0.613,0.9531,0.7258,0.6214,0.6001,0.6133,0.8535,0.5594,0.6235,0.7788,0.5048,0.5465,0.3867,0.5933,0.677,0.5883,0.5269,0.3103,0.4789,0.2673,0.5269,0.313,0.2082,0.1662,0.351,
1.0,0.9988,0.9652,0.964,0.9657,0.9978,0.9952,0.9892,0.9851,0.9236,0.7351,0.9242,0.9086,0.8404,0.8022,0.8496,0.6767,0.8277,0.9428,0.7726,0.6097,0.9536,0.7185,0.6179,0.6034,0.6133,0.8484,0.564,0.6224,0.7726,0.4885,0.5509,0.3776,0.5959,0.6793,0.5829,0.5189,0.3044,0.4804,0.2589,0.5237,0.3048,0.1931,0.1599,0.3543,
1.0,0.999,0.9645,0.9635,0.9679,0.9979,0.9958,0.9904,0.9848,0.9277,0.7409,0.9256,0.9116,0.8415,0.8045,0.8543,0.6894,0.8274,0.9391,0.7892,0.6162,0.9524,0.7233,0.6211,0.5975,0.6172,0.8577,0.5712,0.6206,0.7816,0.515,0.5503,0.3892,0.5824,0.6694,0.585,0.5267,0.3249,0.4729,0.2719,0.5238,0.3139,0.2143,0.1638,0.3533,
1.0,0.9986,0.9687,0.9673,0.9678,0.9979,0.9949,0.9901,0.9841,0.9241,0.7369,0.9307,0.9101,0.8401,0.8014,0.8558,0.6854,0.8259,0.9434,0.779,0.6134,0.9527,0.7173,0.6232,0.6035,0.6183,0.8555,0.5703,0.6272,0.7764,0.5003,0.562,0.3876,0.6053,0.6804,0.5829,0.5219,0.3168,0.4876,0.2615,0.526,0.3122,0.2087,0.1638,0.3687,
1.0,0.9995,0.9687,0.9682,0.9715,0.9968,0.995,0.99,0.9843,0.9246,0.7378,0.9347,0.9077,0.8385,0.8,0.8609,0.6872,0.8246,0.9406,0.7869,0.6094,0.9503,0.7162,0.6209,0.6035,0.6173,0.858,0.5706,0.6235,0.7834,0.5005,0.5512,0.3852,0.5981,0.6673,0.5798,0.5257,0.3097,0.4827,0.2642,0.5211,0.3136,0.2068,0.161,0.3634,
1.0,0.9992,0.9657,0.9649,0.9678,0.9977,0.9957,0.9901,0.9851,0.918,0.7257,0.9272,0.9014,0.8352,0.7953,0.8471,0.682,0.8219,0.9421,0.7764,0.6093,0.9545,0.7245,0.6237,0.6079,0.6049,0.8575,0.5594,0.622,0.7662,0.4939,0.5383,0.3875,0.5907,0.6757,0.5901,0.5221,0.3097,0.4788,0.2584,0.5266,0.3014,0.1977,0.1613,0.3507,
1.0,0.9991,0.966,0.9651,0.9702,0.9968,0.9948,0.9912,0.9849,0.9259,0.7374,0.9298,0.9098,0.8372,0.8023,0.8565,0.6847,0.8235,0.9386,0.7886,0.6034,0.9553,0.7224,0.613,0.6,0.6157,0.8588,0.5601,0.6124,0.7882,0.5039,0.5409,0.3811,0.5969,0.672,0.5745,0.5171,0.3093,0.4845,0.2585,0.5259,0.3175,0.2106,0.1584,0.3549,
1.0,0.9992,0.9664,0.9656,0.9692,0.9974,0.9957,0.9904,0.9859,0.9202,0.7279,0.9289,0.9035,0.8324,0.7942,0.8515,0.6825,0.8199,0.9393,0.7845,0.6008,0.9507,0.7144,0.6136,0.6013,0.5977,0.8591,0.558,0.6141,0.7707,0.4981,0.5375,0.3878,0.5888,0.6729,0.5836,0.5257,0.3103,0.4892,0.2603,0.5252,0.3105,0.203,0.1671,0.3502,
1.0,0.999,0.9701,0.9691,0.9687,0.9982,0.9961,0.9924,0.9867,0.9248,0.738,0.9331,0.9121,0.8384,0.8061,0.8595,0.6913,0.8241,0.9381,0.7879,0.614,0.9522,0.7239,0.6259,0.5996,0.6082,0.8638,0.5568,0.6187,0.7881,0.5094,0.5395,0.3891,0.5829,0.6743,0.5788,0.5266,0.3203,0.4729,0.2662,0.5275,0.3159,0.2111,0.1661,0.3524,
1.0,0.9991,0.9644,0.9635,0.9694,0.9975,0.9959,0.991,0.9872,0.9209,0.737,0.9275,0.905,0.8439,0.807,0.8507,0.689,0.8327,0.941,0.7813,0.6101,0.9526,0.7192,0.6236,0.6058,0.6124,0.8582,0.5744,0.618,0.7778,0.5062,0.553,0.3929,0.5907,0.6692,0.582,0.521,0.3212,0.4853,0.2649,0.5218,0.315,0.2071,0.1658,0.3592,
1.0,0.9985,0.9695,0.968,0.9722,0.9982,0.9961,0.9908,0.9843,0.9247,0.7425,0.9339,0.91,0.842,0.8005,0.8582,0.6875,0.829,0.9418,0.7817,0.6192,0.9554,0.7307,0.634,0.623,0.6238,0.8591,0.5671,0.626,0.7829,0.5048,0.5522,0.3966,0.5915,0.6682,0.5853,0.5212,0.313,0.4823,0.2635,0.5133,0.3158,0.2054,0.1693,0.3521,
1.0,0.9987,0.9682,0.9669,0.9741,0.9972,0.9948,0.9885,0.9832,0.9235,0.7385,0.9357,0.9061,0.839,0.7982,0.8607,0.6789,0.8257,0.939,0.7822,0.6076,0.9526,0.7232,0.6216,0.6096,0.6126,0.8542,0.5586,0.6208,0.7858,0.5079,0.5428,0.3869,0.5923,0.6681,0.5869,0.5189,0.306,0.4787,0.2629,0.5162,0.3161,0.2056,0.1612,0.3522,
1.0,0.9984,0.9677,0.9661,0.9709,0.9967,0.9942,0.9902,0.9858,0.9272,0.7391,0.9322,0.9114,0.8351,0.7985,0.8603,0.6823,0.8232,0.9377,0.7877,0.6121,0.9486,0.7255,0.6206,0.6065,0.6118,0.8586,0.5574,0.6217,0.7857,0.5019,0.5438,0.3902,0.579,0.6696,0.5829,0.5136,0.3126,0.4759,0.2643,0.5223,0.3036,0.2077,0.1648,0.3447,
1.0,0.9986,0.9659,0.9645,0.9701,0.9971,0.9944,0.9891,0.9849,0.9262,0.7337,0.9285,0.9085,0.8319,0.7938,0.8562,0.6733,0.82,0.9406,0.7813,0.6029,0.9521,0.7237,0.6098,0.6057,0.6082,0.8527,0.555,0.6203,0.7841,0.5017,0.5414,0.3869,0.5989,0.6741,0.5841,0.5157,0.3073,0.4854,0.254,0.5184,0.3191,0.2117,0.1608,0.3559,
1.0,0.999,0.9682,0.9672,0.9687,0.9973,0.9945,0.9903,0.9856,0.9256,0.7362,0.9304,0.9092,0.8376,0.7998,0.8571,0.6869,0.8238,0.9418,0.7855,0.6124,0.9513,0.7199,0.6198,0.5993,0.614,0.8567,0.5673,0.6228,0.7807,0.5,0.5514,0.3788,0.5843,0.6772,0.5856,0.5239,0.3093,0.4809,0.2638,0.5304,0.3099,0.2058,0.1629,0.351,
1.0,0.9987,0.9675,0.9662,0.9703,0.9971,0.9946,0.9913,0.9861,0.926,0.7401,0.9318,0.9111,0.84,0.8029,0.8585,0.6897,0.8267,0.9396,0.7887,0.6141,0.9544,0.7218,0.6248,0.599,0.6165,0.8576,0.5651,0.6147,0.7822,0.4974,0.5498,0.3786,0.5833,0.6692,0.5814,0.5181,0.308,0.4768,0.2602,0.5231,0.3099,0.2019,0.1587,0.3562,
1.0,0.9991,0.9657,0.9648,0.9715,0.9976,0.9956,0.9905,0.9839,0.9263,0.7371,0.9304,0.9099,0.8396,0.8011,0.8579,0.676,0.8243,0.9394,0.78,0.6129,0.9521,0.7288,0.624,0.6079,0.6153,0.8537,0.5614,0.6217,0.7891,0.5067,0.5486,0.3882,0.5853,0.6739,0.5888,0.5282,0.3121,0.48,0.2615,0.5198,0.3171,0.2107,0.1652,0.3468,
1.0,0.9991,0.9666,0.9657,0.9704,0.9981,0.9963,0.9905,0.9859,0.9213,0.7335,0.9309,0.906,0.8371,0.799,0.8539,0.684,0.8262,0.9403,0.7796,0.6019,0.9535,0.7183,0.6157,0.607,0.6092,0.8598,0.565,0.6139,0.7767,0.4968,0.5476,0.3927,0.5966,0.6743,0.5802,0.5186,0.3157,0.4894,0.2499,0.522,0.3129,0.2052,0.1588,0.3567,
1.0,0.9984,0.9668,0.9652,0.9686,0.9975,0.9945,0.9904,0.9837,0.9261,0.7372,0.9284,0.9109,0.8399,0.8015,0.8561,0.6891,0.8251,0.9382,0.7887,0.6101,0.9517,0.7197,0.6184,0.6017,0.6166,0.8602,0.5676,0.6215,0.7785,0.4999,0.5483,0.3837,0.5894,0.6709,0.5867,0.52,0.3138,0.4708,0.2603,0.5208,0.3111,0.2027,0.1592,0.3479,
1.0,0.9989,0.9686,0.9675,0.9711,0.9975,0.9955,0.9915,0.9863,0.9218,0.7321,0.932,0.9062,0.8345,0.7964,0.8554,0.6778,0.8205,0.9429,0.7787,0.604,0.9542,0.7156,0.6192,0.6034,0.611,0.8534,0.5594,0.6124,0.7837,0.5112,0.5504,0.3939,0.592,0.6837,0.5808,0.5263,0.3233,0.4717,0.2541,0.5236,0.3132,0.2165,0.169,0.3542,
1.0,0.9986,0.9674,0.966,0.9682,0.9966,0.994,0.9912,0.9861,0.9245,0.7392,0.93,0.9099,0.8421,0.8076,0.8554,0.6873,0.8287,0.9365,0.7831,0.6106,0.9524,0.7191,0.6178,0.5852,0.6067,0.8552,0.5626,0.6147,0.7828,0.5087,0.5475,0.3749,0.5863,0.673,0.5732,0.5203,0.3127,0.4702,0.2584,0.5258,0.3156,0.2076,0.1556,0.3575,
1.0,0.9994,0.9668,0.9662,0.9709,0.9967,0.995,0.9911,0.9862,0.9194,0.7314,0.9322,0.9036,0.8368,0.7998,0.8539,0.684,0.8247,0.9416,0.7809,0.6065,0.951,0.7177,0.6215,0.6099,0.6112,0.8576,0.5649,0.6203,0.7733,0.4974,0.5478,0.3951,0.5929,0.6698,0.5805,0.5182,0.3149,0.486,0.2575,0.5247,0.3056,0.1999,0.1664,0.3519,
1.0,0.9986,0.9675,0.9661,0.9679,0.996,0.9935,0.9891,0.9842,0.9259,0.7375,0.9282,0.9074,0.8405,0.8014,0.8559,0.6806,0.8271,0.9411,0.7821,0.6172,0.9499,0.7236,0.6233,0.5979,0.6165,0.8518,0.5717,0.6189,0.7827,0.5054,0.5551,0.3824,0.581,0.6736,0.5846,0.5193,0.3181,0.4735,0.2614,0.5237,0.3064,0.2067,0.1632,0.348,
1.0,0.9994,0.9682,0.9676,0.9704,0.9972,0.9954,0.9897,0.9833,0.9255,0.7316,0.9328,0.9084,0.8349,0.7968,0.8585,0.6793,0.8186,0.9357,0.7862,0.6018,0.9492,0.7155,0.6136,0.5941,0.6037,0.8548,0.5552,0.6081,0.7837,0.504,0.5346,0.3802,0.5869,0.6743,0.5723,0.5156,0.3085,0.4774,0.2554,0.522,0.3109,0.2085,0.158,0.3452,
1.0,0.9992,0.9681,0.9673,0.9702,0.9979,0.9962,0.9894,0.9837,0.9184,0.7324,0.9325,0.9021,0.8409,0.8014,0.8529,0.6859,0.8278,0.9449,0.7806,0.6115,0.9526,0.7194,0.6311,0.6074,0.6154,0.8563,0.57,0.6155,0.7725,0.4946,0.5524,0.3918,0.591,0.6759,0.5822,0.5256,0.3152,0.481,0.2563,0.5214,0.3071,0.2036,0.1699,0.3497,
1.0,0.9987,0.9675,0.9662,0.9696,0.9976,0.9954,0.9897,0.9843,0.9241,0.7372,0.9303,0.9081,0.8408,0.8026,0.8559,0.6878,0.8275,0.943,0.7867,0.6172,0.9515,0.7242,0.6286,0.6019,0.616,0.8588,0.5699,0.6198,0.781,0.5019,0.5521,0.3903,0.5869,0.6721,0.5747,0.5168,0.3198,0.4786,0.2556,0.5278,0.3018,0.2073,0.1615,0.3518,
1.0,0.9981,0.9693,0.9674,0.9712,0.9969,0.9939,0.9894,0.9847,0.9257,0.7453,0.9321,0.9082,0.8467,0.8064,0.8584,0.6911,0.8325,0.9397,0.7853,0.6146,0.9537,0.7223,0.6276,0.6079,0.6178,0.8552,0.5686,0.6221,0.7811,0.5033,0.5598,0.3908,0.5952,0.6839,0.5864,0.5195,0.3131,0.4822,0.2657,0.5246,0.309,0.2082,0.1623,0.3596,
1.0,0.999,0.9679,0.9669,0.9703,0.9968,0.9946,0.9915,0.9861,0.9173,0.7298,0.9319,0.9018,0.8365,0.7976,0.8503,0.681,0.822,0.9332,0.7768,0.5984,0.9522,0.7117,0.6171,0.6039,0.6014,0.8585,0.5601,0.6093,0.7745,0.4938,0.5466,0.3836,0.5894,0.6695,0.5668,0.5209,0.3093,0.4792,0.2506,0.5314,0.299,0.2009,0.1581,0.3492,
1.0,0.9989,0.9712,0.9701,0.9677,0.9969,0.9941,0.9895,0.9835,0.9246,0.7269,0.9322,0.9072,0.8329,0.7915,0.8573,0.6787,0.8172,0.9366,0.7818,0.6031,0.9515,0.7212,0.6156,0.6034,0.6027,0.8566,0.562,0.6193,0.781,0.5043,0.5447,0.383,0.5891,0.6737,0.5764,0.5212,0.3092,0.4748,0.2586,0.5187,0.3122,0.2062,0.1588,0.348,
1.0,0.9992,0.9667,0.9659,0.9722,0.9978,0.9957,0.9912,0.9866,0.9246,0.7395,0.9327,0.9093,0.8369,0.7997,0.8589,0.6827,0.8239,0.9385,0.7865,0.6087,0.9554,0.7231,0.6204,0.605,0.6123,0.856,0.565,0.6223,0.7869,0.5148,0.5486,0.3876,0.5943,0.68,0.5851,0.5209,0.3149,0.4789,0.2651,0.5284,0.3174,0.214,0.1616,0.3538,
1.0,0.9984,0.9695,0.9679,0.9683,0.9969,0.9943,0.9888,0.9836,0.9232,0.7357,0.9302,0.9049,0.8405,0.7976,0.8544,0.6825,0.8262,0.9426,0.7747,0.6077,0.9485,0.7142,0.6218,0.594,0.613,0.8512,0.5655,0.62,0.7748,0.5079,0.5582,0.3812,0.5897,0.6839,0.5771,0.5263,0.3167,0.4767,0.2567,0.5294,0.3068,0.2122,0.1635,0.3457,
1.0,0.9984,0.9672,0.9656,0.9715,0.9969,0.9946,0.9909,0.9855,0.9265,0.7392,0.9316,0.9109,0.8406,0.8038,0.8591,0.6868,0.8291,0.9428,0.7885,0.6126,0.9542,0.7249,0.6256,0.6112,0.6189,0.853,0.5707,0.6234,0.7873,0.5091,0.55,0.3832,0.5893,0.662,0.5857,0.5164,0.3121,0.471,0.2638,0.5138,0.311,0.2026,0.1559,0.3514,
1.0,0.9987,0.9672,0.9659,0.9707,0.9975,0.9956,0.991,0.9864,0.9249,0.7329,0.9303,0.9091,0.8318,0.7942,0.8558,0.6813,0.8188,0.9404,0.7855,0.6049,0.9507,0.7216,0.6154,0.6033,0.6054,0.8596,0.554,0.6212,0.7804,0.4974,0.5393,0.3814,0.5847,0.674,0.5817,0.5256,0.3002,0.4758,0.2612,0.5243,0.2999,0.2053,0.1613,0.3536,
1.0,0.9991,0.9705,0.9696,0.9664,0.9975,0.9958,0.9904,0.9849,0.925,0.7398,0.9308,0.9091,0.8454,0.8052,0.8572,0.6916,0.8321,0.9401,0.7804,0.6207,0.9513,0.7221,0.6323,0.6036,0.6149,0.8551,0.5738,0.6237,0.7733,0.5016,0.5543,0.3824,0.5817,0.6722,0.5855,0.5249,0.3126,0.4737,0.2634,0.5204,0.3018,0.2058,0.1619,0.3473,
1.0,0.998,0.9685,0.9665,0.9711,0.9969,0.9941,0.9901,0.9844,0.9301,0.7394,0.9327,0.9147,0.8347,0.7956,0.8634,0.6791,0.8214,0.9376,0.7901,0.6135,0.948,0.7276,0.6205,0.6003,0.6102,0.857,0.5582,0.6277,0.7906,0.5126,0.5411,0.3837,0.5823,0.6729,0.5861,0.5168,0.3089,0.4769,0.2666,0.5249,0.3158,0.2093,0.166,0.3422,
1.0,0.9992,0.971,0.9702,0.9689,0.9973,0.9953,0.9918,0.9869,0.922,0.7357,0.9331,0.906,0.8402,0.8026,0.8563,0.6921,0.8265,0.9416,0.7816,0.6136,0.953,0.7202,0.6286,0.6064,0.6113,0.8578,0.568,0.6164,0.7762,0.502,0.5514,0.3886,0.5836,0.6694,0.5796,0.5209,0.3205,0.4793,0.258,0.5225,0.3015,0.2077,0.1681,0.3473,
1.0,0.9994,0.9673,0.9667,0.9691,0.9973,0.9957,0.9911,0.9873,0.922,0.734,0.93,0.9062,0.8368,0.8011,0.8534,0.6847,0.8256,0.9402,0.7793,0.6071,0.9543,0.7214,0.6205,0.6072,0.6056,0.8595,0.564,0.6206,0.7807,0.5025,0.5508,0.3879,0.5969,0.6778,0.5794,0.5188,0.3183,0.4834,0.2577,0.5286,0.3137,0.2061,0.1583,0.3585,
1.0,0.9986,0.9696,0.9682,0.9675,0.9972,0.9952,0.9905,0.9844,0.9209,0.7291,0.9292,0.9042,0.8378,0.8019,0.8522,0.6911,0.8244,0.9416,0.7844,0.6073,0.9507,0.7166,0.6212,0.6019,0.6069,0.8578,0.5656,0.6217,0.7783,0.5097,0.5473,0.3843,0.5886,0.6792,0.5803,0.5292,0.3203,0.4782,0.2645,0.526,0.3073,0.2117,0.1648,0.3511,
1.0,0.9989,0.9655,0.9644,0.9698,0.9982,0.996,0.9901,0.985,0.9255,0.7342,0.928,0.9093,0.8384,0.7969,0.8562,0.6798,0.8265,0.9403,0.7806,0.606,0.952,0.7181,0.6179,0.6024,0.6074,0.8576,0.5638,0.621,0.7818,0.4995,0.5487,0.3813,0.5938,0.6716,0.5777,0.5183,0.3152,0.4808,0.2581,0.5215,0.3089,0.205,0.1538,0.3484,
1.0,0.9986,0.9669,0.9655,0.9702,0.9961,0.9939,0.9912,0.9869,0.9212,0.7401,0.9305,0.9057,0.8415,0.8062,0.8539,0.6873,0.8304,0.9429,0.7821,0.6098,0.9537,0.7183,0.6223,0.603,0.6154,0.8538,0.5682,0.6168,0.7798,0.5073,0.5497,0.3853,0.5869,0.6726,0.5823,0.5215,0.3194,0.4751,0.2601,0.5226,0.315,0.2092,0.1606,0.3551,
1.0,0.9987,0.9692,0.9679,0.9689,0.9969,0.9943,0.9883,0.9842,0.9221,0.7378,0.9308,0.9028,0.8434,0.8048,0.8541,0.6899,0.8305,0.9438,0.7802,0.6136,0.9478,0.7153,0.6271,0.6024,0.62,0.8523,0.5736,0.6147,0.778,0.5018,0.5587,0.3822,0.5844,0.6747,0.5751,0.5219,0.315,0.4713,0.2539,0.5268,0.3039,0.1991,0.1628,0.3506,
1.0,0.9983,0.9686,0.9669,0.9694,0.9969,0.9945,0.9899,0.9818,0.9209,0.7281,0.9303,0.9037,0.8343,0.7932,0.8521,0.6761,0.82,0.9383,0.7784,0.6087,0.9528,0.7289,0.6239,0.6176,0.6096,0.8572,0.559,0.6228,0.7816,0.4982,0.5438,0.3899,0.5951,0.6701,0.5805,0.5165,0.3139,0.4763,0.2609,0.5158,0.3118,0.209,0.1622,0.3554,
1.0,0.999,0.9689,0.9679,0.9709,0.9977,0.9956,0.9915,0.9849,0.9258,0.7376,0.9327,0.9099,0.8378,0.7986,0.8605,0.6822,0.8235,0.9392,0.7855,0.6173,0.956,0.7336,0.6308,0.6232,0.6156,0.8585,0.565,0.6354,0.7863,0.5107,0.5528,0.4031,0.599,0.6823,0.5959,0.5156,0.3236,0.4818,0.268,0.5269,0.3172,0.2133,0.1647,0.361,
1.0,0.9986,0.9695,0.9681,0.9728,0.9969,0.9941,0.9882,0.9829,0.9213,0.7334,0.9357,0.9036,0.8369,0.7987,0.8582,0.6848,0.822,0.9385,0.7877,0.6093,0.9516,0.7238,0.6253,0.6093,0.6111,0.8575,0.5633,0.6204,0.7827,0.508,0.5494,0.3938,0.5942,0.6836,0.5763,0.5169,0.3155,0.4868,0.2565,0.5298,0.3152,0.2113,0.1696,0.3548,
1.0,0.999,0.9668,0.9658,0.969,0.9974,0.9949,0.9896,0.9849,0.9204,0.731,0.9288,0.9032,0.8375,0.7984,0.85,0.6823,0.8245,0.9419,0.7796,0.6073,0.957,0.7248,0.6232,0.6092,0.6059,0.8571,0.5629,0.6182,0.7775,0.5005,0.5453,0.3806,0.5902,0.68,0.5868,0.5211,0.3138,0.4856,0.2575,0.5332,0.3077,0.2064,0.1586,0.35,
1.0,0.9987,0.969,0.9677,0.9653,0.997,0.995,0.9895,0.9817,0.9217,0.7269,0.9278,0.9053,0.8384,0.7966,0.8524,0.682,0.8211,0.934,0.7765,0.5967,0.9523,0.7162,0.6091,0.5984,0.5992,0.8582,0.5612,0.6141,0.7733,0.4944,0.5399,0.3798,0.5902,0.6759,0.5754,0.5174,0.3125,0.4746,0.2497,0.5279,0.3018,0.2012,0.1544,0.3496,
1.0,0.9989,0.9654,0.9643,0.9692,0.9964,0.9935,0.9894,0.9848,0.9223,0.7316,0.9295,0.9058,0.8369,0.7977,0.8531,0.6787,0.8234,0.9415,0.7816,0.6142,0.9512,0.7293,0.6224,0.6055,0.6071,0.8593,0.5627,0.6225,0.7799,0.5029,0.547,0.3855,0.5875,0.6695,0.5843,0.525,0.3087,0.4781,0.2669,0.5139,0.3103,0.2022,0.1647,0.3561,
1.0,0.9989,0.966,0.9649,0.9684,0.9972,0.9953,0.99,0.9831,0.92,0.7314,0.9267,0.9021,0.8402,0.7959,0.8487,0.68,0.8252,0.939,0.7758,0.6117,0.9524,0.7224,0.6244,0.6043,0.606,0.854,0.5666,0.6147,0.7733,0.5013,0.5399,0.3832,0.5813,0.6671,0.5778,0.5132,0.3136,0.4714,0.2542,0.5196,0.3052,0.2031,0.1606,0.347,
1.0,0.9992,0.9669,0.9661,0.9693,0.9968,0.9945,0.9895,0.9841,0.9234,0.7372,0.9304,0.9062,0.8414,0.8029,0.855,0.6836,0.8264,0.9395,0.7809,0.6071,0.9472,0.7167,0.6205,0.604,0.6199,0.8538,0.5677,0.6154,0.7823,0.4981,0.5579,0.3906,0.5913,0.6722,0.5729,0.5138,0.3138,0.4792,0.259,0.5251,0.3073,0.2043,0.1652,0.3572,
1.0,0.9983,0.9673,0.9656,0.9709,0.9975,0.9941,0.9886,0.9817,0.9212,0.7332,0.9304,0.9032,0.8387,0.7954,0.8527,0.6783,0.8235,0.9371,0.7795,0.6104,0.9549,0.7191,0.6203,0.6129,0.6138,0.8533,0.5684,0.6195,0.7789,0.5022,0.5521,0.3882,0.5958,0.6681,0.5815,0.5188,0.3195,0.4811,0.2597,0.5195,0.3102,0.2033,0.1665,0.3522,
1.0,0.9993,0.9706,0.9699,0.9713,0.9969,0.9948,0.9905,0.986,0.9262,0.7481,0.9353,0.9094,0.8481,0.8096,0.8621,0.6926,0.8354,0.9423,0.7829,0.6174,0.9508,0.7217,0.6323,0.6077,0.6225,0.8519,0.5742,0.6255,0.786,0.5084,0.5615,0.3866,0.5953,0.6788,0.5851,0.5173,0.3231,0.4724,0.2673,0.5206,0.3114,0.209,0.1646,0.3507,
1.0,0.9988,0.9678,0.9666,0.9706,0.9978,0.9956,0.9906,0.9859,0.9229,0.7304,0.9322,0.9083,0.8304,0.794,0.8577,0.6749,0.8182,0.9428,0.7835,0.6059,0.9536,0.7275,0.6199,0.6168,0.6102,0.8608,0.5611,0.6265,0.7837,0.5021,0.5422,0.3975,0.5993,0.685,0.5902,0.5237,0.3088,0.4854,0.2598,0.5293,0.3176,0.2131,0.1671,0.3553,
1.0,0.9987,0.9675,0.9662,0.9675,0.9975,0.9953,0.989,0.985,0.9255,0.7392,0.9286,0.9092,0.8426,0.8044,0.8541,0.688,0.8305,0.9415,0.782,0.6192,0.9522,0.7276,0.6269,0.6084,0.6186,0.8547,0.5722,0.6266,0.783,0.5016,0.5566,0.3898,0.5922,0.6816,0.5884,0.5299,0.3198,0.4791,0.2742,0.5271,0.3049,0.2091,0.1746,0.3633,
1.0,0.9991,0.9667,0.9658,0.9711,0.9973,0.9953,0.9907,0.9848,0.92,0.7394,0.9314,0.9042,0.8431,0.8052,0.8528,0.6877,0.8299,0.9356,0.7797,0.6104,0.9532,0.7252,0.6266,0.6164,0.6177,0.8576,0.5683,0.6161,0.7774,0.4953,0.5491,0.3978,0.5869,0.6658,0.5749,0.5153,0.3151,0.4839,0.2637,0.5228,0.3122,0.2041,0.1638,0.3602,
1.0,0.9985,0.97,0.9685,0.9702,0.9973,0.9948,0.9896,0.9848,0.9244,0.7343,0.9319,0.9069,0.8373,0.7973,0.8572,0.6861,0.824,0.9376,0.7823,0.6043,0.9522,0.7189,0.6171,0.6071,0.6087,0.8562,0.5609,0.6184,0.7803,0.5021,0.5499,0.3966,0.5933,0.6788,0.5753,0.5273,0.3133,0.4785,0.259,0.5269,0.3183,0.2104,0.1629,0.3537,
1.0,0.9987,0.9659,0.9646,0.9723,0.9976,0.9955,0.9899,0.9858,0.9191,0.7343,0.9323,0.9039,0.836,0.7971,0.8514,0.6763,0.8246,0.9452,0.7756,0.6085,0.9494,0.7114,0.6223,0.5956,0.6114,0.8515,0.5621,0.6143,0.7761,0.504,0.554,0.3931,0.5922,0.6802,0.5767,0.5188,0.3233,0.476,0.2533,0.5222,0.309,0.2084,0.1617,0.3508,
1.0,0.999,0.9643,0.9633,0.9724,0.9971,0.9949,0.9897,0.9848,0.9246,0.7409,0.9292,0.9068,0.8411,0.8026,0.8555,0.6821,0.8294,0.9445,0.7837,0.6197,0.9511,0.7252,0.6297,0.6085,0.6197,0.8528,0.5712,0.618,0.7867,0.5059,0.5573,0.3836,0.5797,0.6763,0.5879,0.5194,0.3155,0.4729,0.2599,0.523,0.3066,0.2074,0.1683,0.3396,
1.0,0.9989,0.9687,0.9676,0.9708,0.998,0.9957,0.9906,0.9862,0.9253,0.7442,0.9334,0.9106,0.8431,0.8074,0.8605,0.6941,0.8308,0.9437,0.789,0.6189,0.9526,0.7248,0.6308,0.6049,0.6215,0.8617,0.5713,0.6218,0.7883,0.5073,0.5546,0.3866,0.5873,0.6727,0.583,0.5205,0.3155,0.4754,0.2645,0.5312,0.3123,0.2043,0.1626,0.3535,
1.0,0.9987,0.9684,0.9671,0.9686,0.9978,0.9951,0.9904,0.9857,0.92,0.7304,0.9313,0.9058,0.8372,0.8022,0.854,0.6845,0.8242,0.943,0.7812,0.6109,0.953,0.7232,0.6248,0.6088,0.6118,0.859,0.5699,0.6193,0.7839,0.5043,0.5534,0.3914,0.5864,0.6721,0.5823,0.5232,0.3196,0.4806,0.2524,0.5249,0.3058,0.2023,0.169,0.3469,
1.0,0.9985,0.968,0.9665,0.9695,0.9976,0.9953,0.9898,0.9836,0.9234,0.7296,0.9322,0.9091,0.8336,0.7961,0.8572,0.6726,0.8195,0.936,0.7798,0.6026,0.9511,0.7219,0.6122,0.6005,0.6051,0.8556,0.5513,0.624,0.7838,0.5033,0.5397,0.3848,0.5878,0.6645,0.5779,0.5132,0.3058,0.4714,0.2599,0.5158,0.3097,0.2043,0.1543,0.344,
1.0,0.9988,0.9708,0.9696,0.9709,0.9973,0.9949,0.9883,0.9849,0.9224,0.7379,0.9342,0.9035,0.8404,0.8028,0.8586,0.6912,0.8295,0.9405,0.7845,0.6104,0.9487,0.7193,0.6292,0.6119,0.6159,0.8545,0.5651,0.6228,0.7791,0.5045,0.5511,0.398,0.5889,0.6764,0.5803,0.5182,0.3104,0.4838,0.261,0.5364,0.3178,0.2148,0.1677,0.3539,
1.0,0.9991,0.9684,0.9675,0.9719,0.9969,0.995,0.9911,0.9861,0.9241,0.7402,0.9337,0.9071,0.8403,0.8036,0.8583,0.6866,0.8277,0.9405,0.7824,0.6132,0.9517,0.7196,0.6291,0.6057,0.6174,0.8507,0.5622,0.6203,0.7793,0.5068,0.5507,0.3877,0.5804,0.6745,0.582,0.5187,0.3146,0.4613,0.2584,0.5169,0.3007,0.2089,0.1613,0.3428,
1.0,0.999,0.9663,0.9653,0.9679,0.9976,0.9955,0.9924,0.9867,0.9216,0.7345,0.9273,0.9067,0.8391,0.8026,0.8512,0.686,0.8244,0.9408,0.7795,0.6132,0.9528,0.721,0.6213,0.6082,0.6125,0.8589,0.5697,0.6214,0.7801,0.5044,0.5502,0.3894,0.5894,0.6814,0.5826,0.524,0.3262,0.4793,0.2619,0.5289,0.3069,0.2097,0.1646,0.3557,
1.0,0.9994,0.9671,0.9665,0.9712,0.9969,0.9952,0.9913,0.9852,0.9291,0.7429,0.9315,0.912,0.8394,0.8003,0.8608,0.6828,0.8254,0.9423,0.7873,0.6123,0.9509,0.7262,0.621,0.6044,0.623,0.8556,0.5688,0.616,0.7869,0.5126,0.5542,0.3855,0.5843,0.6693,0.5818,0.519,0.3263,0.4666,0.2573,0.5213,0.3079,0.2079,0.1633,0.3454,
1.0,0.9982,0.9666,0.9648,0.9723,0.9977,0.9947,0.9889,0.9831,0.9238,0.7344,0.9304,0.9063,0.8376,0.7973,0.8557,0.6846,0.824,0.9399,0.7863,0.6076,0.9514,0.7192,0.6222,0.6029,0.6095,0.856,0.5634,0.6178,0.7844,0.504,0.5372,0.3818,0.5865,0.6648,0.5773,0.5225,0.308,0.4771,0.2607,0.5175,0.3108,0.2012,0.1559,0.3478,
1.0,0.9985,0.9696,0.9681,0.9722,0.9981,0.995,0.9909,0.9866,0.9232,0.7398,0.9346,0.9086,0.8406,0.8039,0.8585,0.6838,0.8262,0.9405,0.78,0.6092,0.9518,0.716,0.622,0.6096,0.618,0.8509,0.5639,0.6203,0.7789,0.5085,0.5533,0.3894,0.5838,0.6777,0.5853,0.5202,0.3167,0.4752,0.2613,0.5258,0.3073,0.2141,0.1632,0.3439,
1.0,0.9984,0.9671,0.9655,0.9662,0.9975,0.9946,0.9882,0.9832,0.9265,0.7291,0.9252,0.908,0.8345,0.794,0.8538,0.6749,0.8212,0.9413,0.7787,0.6112,0.9484,0.7255,0.6149,0.6055,0.6059,0.8541,0.5582,0.6258,0.7814,0.5047,0.5437,0.386,0.588,0.6779,0.5867,0.5166,0.3188,0.4796,0.2575,0.5268,0.3114,0.2069,0.1612,0.3524,
1.0,0.9989,0.9674,0.9663,0.9679,0.9971,0.995,0.9892,0.9824,0.9244,0.7333,0.9286,0.9066,0.8392,0.7989,0.8541,0.6776,0.8236,0.9405,0.7765,0.614,0.9486,0.7205,0.6203,0.6011,0.6146,0.8493,0.5625,0.6199,0.7785,0.5064,0.5531,0.3875,0.5903,0.6758,0.5812,0.5245,0.322,0.4754,0.2613,0.5305,0.3093,0.2164,0.1678,0.346,
1.0,0.9989,0.9667,0.9656,0.9684,0.9972,0.9955,0.9908,0.9844,0.9273,0.7395,0.9282,0.9109,0.8423,0.8024,0.8558,0.6872,0.8284,0.9367,0.7847,0.6116,0.9528,0.7261,0.6202,0.6058,0.6115,0.8602,0.5656,0.6211,0.7821,0.4995,0.5465,0.3885,0.5927,0.6752,0.5827,0.5286,0.3159,0.4803,0.2717,0.5281,0.3061,0.2062,0.1612,0.3566,
1.0,0.9988,0.9705,0.9693,0.9674,0.9977,0.9952,0.9893,0.9834,0.9244,0.7369,0.9308,0.9071,0.8412,0.8024,0.8564,0.6891,0.827,0.9398,0.7822,0.6193,0.9492,0.725,0.6316,0.6093,0.618,0.8548,0.5647,0.63,0.7776,0.4998,0.5511,0.386,0.5848,0.6684,0.5816,0.5134,0.3061,0.4753,0.2638,0.5216,0.3034,0.2012,0.1641,0.3479,
1.0,0.9987,0.9661,0.9648,0.9711,0.9979,0.9956,0.9907,0.9844,0.9251,0.7414,0.93,0.9104,0.8425,0.8028,0.8566,0.6861,0.828,0.9379,0.7838,0.6166,0.9528,0.7262,0.6285,0.6097,0.6177,0.8573,0.569,0.6229,0.7909,0.51,0.5599,0.3892,0.584,0.6762,0.5865,0.5159,0.3184,0.4761,0.2647,0.5313,0.3167,0.2122,0.1623,0.3513,
1.0,0.9987,0.9669,0.9656,0.9687,0.9975,0.9953,0.9897,0.9841,0.9231,0.7364,0.9288,0.907,0.8405,0.8021,0.8526,0.6864,0.8276,0.9401,0.783,0.6103,0.9517,0.7179,0.6189,0.5986,0.6134,0.8571,0.5648,0.6174,0.7808,0.5041,0.5525,0.3881,0.5907,0.6761,0.5771,0.5223,0.3193,0.4772,0.2631,0.5248,0.3124,0.2111,0.1612,0.353,
1.0,0.9986,0.967,0.9656,0.9727,0.9968,0.9945,0.9916,0.9871,0.9242,0.7382,0.9322,0.9082,0.8374,0.8009,0.8595,0.6851,0.8245,0.9392,0.786,0.604,0.9518,0.7159,0.6187,0.6075,0.6151,0.8569,0.5623,0.6194,0.7848,0.5075,0.5515,0.392,0.5913,0.6747,0.5792,0.5134,0.315,0.4781,0.2594,0.526,0.3084,0.2108,0.1602,0.3515,
1.0,0.9991,0.9661,0.9652,0.9702,0.9975,0.9955,0.9911,0.9862,0.9212,0.735,0.9309,0.9068,0.8389,0.8007,0.8539,0.6854,0.8259,0.943,0.7836,0.6095,0.9516,0.7158,0.6235,0.5969,0.6065,0.862,0.5705,0.617,0.7816,0.5077,0.5524,0.3855,0.5885,0.678,0.5803,0.5222,0.3192,0.4808,0.2569,0.5292,0.3144,0.2155,0.1574,0.3556,
1.0,0.9995,0.9695,0.969,0.9674,0.9966,0.9955,0.9903,0.9856,0.9253,0.7407,0.9306,0.9078,0.8447,0.8079,0.8571,0.6915,0.8329,0.9426,0.7823,0.6148,0.9524,0.7237,0.6245,0.6073,0.6169,0.8562,0.5688,0.6237,0.7782,0.5029,0.5512,0.3891,0.5963,0.6786,0.588,0.5251,0.3164,0.4898,0.2632,0.5305,0.3116,0.2085,0.1597,0.3638,
1.0,0.9987,0.9639,0.9626,0.9701,0.9972,0.9945,0.9893,0.9836,0.9241,0.7309,0.9267,0.9064,0.8344,0.7961,0.8528,0.6818,0.8195,0.9364,0.7903,0.5998,0.9517,0.7184,0.6117,0.5991,0.6058,0.8601,0.5657,0.6124,0.7867,0.505,0.5458,0.3808,0.592,0.6722,0.5752,0.5188,0.3112,0.4886,0.2576,0.5329,0.3185,0.2109,0.1551,0.3579,
1.0,0.999,0.9671,0.9661,0.9672,0.9974,0.9947,0.9898,0.9849,0.9234,0.7355,0.9271,0.9061,0.8411,0.8019,0.8529,0.687,0.8253,0.9407,0.7824,0.6157,0.95,0.7243,0.6267,0.6093,0.6166,0.8581,0.5791,0.6214,0.7764,0.4995,0.5587,0.3866,0.5863,0.6774,0.5872,0.5241,0.322,0.4778,0.2646,0.526,0.3029,0.2089,0.1673,0.3495,
1.0,0.999,0.9664,0.9654,0.9682,0.9975,0.995,0.99,0.9855,0.9218,0.7434,0.9286,0.9062,0.8495,0.8133,0.8502,0.6949,0.837,0.9433,0.7812,0.6135,0.9522,0.7141,0.628,0.5997,0.6237,0.8546,0.5757,0.6109,0.774,0.501,0.5621,0.3819,0.5909,0.6784,0.5814,0.5298,0.3191,0.4749,0.2656,0.5228,0.3109,0.211,0.1613,0.3573,
1.0,0.9987,0.9685,0.9672,0.9711,0.9977,0.9952,0.9902,0.9853,0.9237,0.7383,0.933,0.9086,0.8365,0.7983,0.8578,0.6835,0.8243,0.9376,0.7831,0.6104,0.9555,0.7289,0.6227,0.6137,0.6073,0.8601,0.5587,0.6261,0.7849,0.4986,0.5452,0.3934,0.5968,0.6806,0.5882,0.5171,0.3097,0.4897,0.2642,0.5287,0.3203,0.2128,0.1688,0.3617,
1.0,0.9991,0.9677,0.9668,0.9688,0.9972,0.9957,0.9893,0.9822,0.9251,0.7332,0.9287,0.9065,0.8403,0.7989,0.8554,0.6886,0.8277,0.9409,0.7854,0.6162,0.9526,0.7293,0.6293,0.6095,0.613,0.8586,0.5718,0.6181,0.7842,0.5094,0.553,0.3874,0.5861,0.6729,0.5837,0.5263,0.3261,0.4806,0.2609,0.5202,0.3174,0.2071,0.1633,0.3523,
1.0,0.999,0.9686,0.9676,0.9697,0.9985,0.9964,0.9913,0.9863,0.923,0.7363,0.9329,0.91,0.8369,0.801,0.8575,0.6903,0.8243,0.9392,0.7889,0.6075,0.9566,0.7217,0.6176,0.6125,0.6122,0.8614,0.5675,0.6258,0.7807,0.5032,0.5525,0.387,0.5932,0.6739,0.5892,0.5279,0.316,0.4818,0.2701,0.528,0.3135,0.2106,0.1579,0.362,
1.0,0.9987,0.9679,0.9666,0.9681,0.9966,0.9943,0.9901,0.9846,0.9258,0.7391,0.9278,0.9077,0.8399,0.8017,0.8552,0.6819,0.8272,0.942,0.7785,0.6117,0.9499,0.7182,0.622,0.5998,0.6188,0.8496,0.5641,0.6162,0.7816,0.5007,0.5532,0.386,0.5864,0.6671,0.5795,0.5109,0.3107,0.4747,0.2574,0.5143,0.3068,0.201,0.1622,0.3478,
1.0,0.9988,0.9679,0.9667,0.9701,0.9968,0.9944,0.9903,0.9866,0.922,0.7362,0.9317,0.9057,0.8406,0.803,0.8549,0.6872,0.8295,0.9422,0.781,0.6046,0.9522,0.7199,0.6199,0.6055,0.616,0.8588,0.5727,0.6074,0.7806,0.4931,0.5536,0.3866,0.5823,0.6594,0.5732,0.5232,0.3138,0.4817,0.2499,0.5164,0.307,0.197,0.1666,0.3534,
1.0,0.9987,0.9621,0.9608,0.9707,0.9971,0.9952,0.9912,0.9863,0.9232,0.7371,0.9274,0.9093,0.8385,0.804,0.8521,0.6804,0.8263,0.9426,0.7847,0.6084,0.955,0.7196,0.617,0.6026,0.6137,0.8534,0.5662,0.6171,0.7804,0.5067,0.5459,0.3755,0.589,0.6763,0.5887,0.5232,0.3194,0.4888,0.2554,0.526,0.3126,0.2065,0.1689,0.3555,
1.0,0.999,0.9682,0.9672,0.9665,0.9967,0.9946,0.9895,0.984,0.9255,0.7334,0.9272,0.9069,0.8401,0.8015,0.8532,0.6819,0.8259,0.9371,0.7776,0.6109,0.9499,0.7231,0.6181,0.6057,0.6122,0.8518,0.5627,0.6232,0.7796,0.5,0.548,0.3848,0.5904,0.6744,0.5808,0.5099,0.3115,0.4772,0.2537,0.5222,0.3105,0.2025,0.1614,0.3577,
1.0,0.9992,0.969,0.9682,0.9707,0.9981,0.9967,0.9896,0.9849,0.9206,0.7389,0.9346,0.9051,0.8433,0.8042,0.8567,0.6897,0.8324,0.9439,0.7816,0.6094,0.9526,0.7169,0.6263,0.6064,0.618,0.8574,0.5738,0.6193,0.7768,0.5026,0.5592,0.3902,0.5909,0.6757,0.5852,0.5262,0.3194,0.4861,0.2677,0.5341,0.3093,0.2146,0.1692,0.361,
1.0,0.999,0.9688,0.9678,0.9693,0.9976,0.9957,0.9901,0.9835,0.9234,0.7328,0.9334,0.9085,0.8369,0.7987,0.8585,0.6799,0.8223,0.9409,0.7846,0.6093,0.9506,0.7202,0.6221,0.5998,0.6073,0.8547,0.5619,0.618,0.7814,0.5045,0.5512,0.3851,0.5913,0.68,0.5795,0.5241,0.3187,0.4764,0.2558,0.5306,0.3101,0.2135,0.1707,0.3535,
1.0,0.9985,0.9661,0.9646,0.9719,0.9972,0.9952,0.9905,0.9838,0.9184,0.7273,0.9317,0.9036,0.8349,0.7961,0.8522,0.6789,0.8198,0.9361,0.7829,0.5927,0.9497,0.7107,0.6132,0.6032,0.6029,0.861,0.5639,0.6139,0.7783,0.4903,0.5482,0.3843,0.588,0.6788,0.5695,0.5148,0.3137,0.4804,0.2561,0.5312,0.3076,0.1999,0.1552,0.3484,
1.0,0.9993,0.9688,0.9681,0.9709,0.9969,0.9953,0.9896,0.9855,0.9214,0.7413,0.9349,0.9051,0.8443,0.8074,0.8577,0.6918,0.8316,0.9411,0.7836,0.6155,0.9503,0.7228,0.6318,0.6103,0.6172,0.8563,0.571,0.6227,0.7781,0.4979,0.5555,0.391,0.59,0.668,0.5816,0.5215,0.3167,0.4783,0.2665,0.5264,0.3029,0.2007,0.1704,0.3529,
1.0,0.9988,0.9663,0.9651,0.9675,0.9965,0.9944,0.9916,0.9855,0.9249,0.7406,0.9266,0.9087,0.842,0.8051,0.8536,0.688,0.8282,0.9356,0.7823,0.6164,0.954,0.73,0.6233,0.605,0.6164,0.8548,0.5717,0.6231,0.7848,0.5033,0.5556,0.3868,0.584,0.6757,0.5883,0.5195,0.3201,0.4793,0.267,0.5298,0.3124,0.2052,0.1681,0.3567,
1.0,0.9993,0.9693,0.9686,0.9722,0.9983,0.9962,0.9897,0.9844,0.9253,0.7404,0.9346,0.9076,0.8387,0.801,0.8615,0.686,0.8223,0.9407,0.7873,0.6117,0.9518,0.7212,0.6252,0.6091,0.6194,0.8542,0.5651,0.6213,0.7904,0.5107,0.5541,0.3868,0.5895,0.6815,0.5859,0.5258,0.3094,0.4688,0.2574,0.5157,0.3114,0.2036,0.1646,0.3528,
1.0,0.9993,0.966,0.9653,0.9698,0.9973,0.9945,0.9894,0.9846,0.9217,0.7344,0.9291,0.9035,0.8408,0.7987,0.8517,0.6821,0.828,0.9436,0.7784,0.6108,0.9545,0.7203,0.6246,0.6005,0.6164,0.8514,0.5689,0.612,0.7715,0.4992,0.5572,0.3857,0.5847,0.6819,0.582,0.5228,0.3111,0.4743,0.2545,0.5218,0.3054,0.2101,0.1585,0.3548,
1.0,0.9993,0.9671,0.9664,0.9692,0.9976,0.9957,0.991,0.986,0.924,0.7381,0.931,0.9087,0.8401,0.8033,0.8565,0.6867,0.8269,0.9412,0.7834,0.6081,0.9533,0.7221,0.6208,0.6043,0.6177,0.8604,0.5694,0.6155,0.783,0.5062,0.5557,0.3844,0.5894,0.6767,0.5806,0.5213,0.3135,0.4792,0.2624,0.52,0.3157,0.2081,0.1586,0.3567,
1.0,0.9994,0.967,0.9664,0.9659,0.9967,0.9947,0.9889,0.9832,0.9282,0.7286,0.9277,0.9104,0.8312,0.7906,0.8575,0.6751,0.817,0.9399,0.7837,0.6098,0.9504,0.7283,0.6137,0.5995,0.6022,0.8577,0.5629,0.6257,0.7818,0.5053,0.5385,0.3827,0.5908,0.6698,0.5867,0.5226,0.3121,0.4792,0.2635,0.5218,0.3117,0.2086,0.1631,0.3474,
1.0,0.9986,0.9685,0.9671,0.9677,0.9977,0.9955,0.9911,0.9858,0.9226,0.7303,0.9306,0.9093,0.8322,0.7948,0.8547,0.6736,0.8198,0.9394,0.7757,0.6065,0.9557,0.726,0.6162,0.6137,0.6077,0.8519,0.5573,0.629,0.7775,0.4955,0.545,0.3931,0.6044,0.6804,0.5876,0.5124,0.309,0.4815,0.2578,0.5255,0.3102,0.2045,0.1673,0.3519,
1.0,0.999,0.9707,0.9697,0.9712,0.9974,0.9951,0.9881,0.9821,0.9218,0.739,0.9361,0.9041,0.8453,0.805,0.8583,0.6898,0.8306,0.9404,0.7828,0.6124,0.9476,0.7167,0.6292,0.6023,0.6177,0.8508,0.5729,0.6132,0.7791,0.5073,0.5554,0.3857,0.5796,0.6657,0.5736,0.5142,0.3175,0.4709,0.2511,0.5225,0.3067,0.2089,0.1613,0.348,
1.0,0.9987,0.9665,0.9652,0.9687,0.9971,0.9952,0.991,0.9855,0.9215,0.733,0.9285,0.9059,0.8391,0.8001,0.851,0.6816,0.8277,0.9427,0.7773,0.6124,0.9545,0.7232,0.6246,0.606,0.609,0.8562,0.5658,0.6166,0.7797,0.5059,0.5472,0.3862,0.5861,0.6703,0.5788,0.5226,0.3146,0.479,0.2591,0.5216,0.3118,0.2026,0.1608,0.3544,
1.0,0.9989,0.9665,0.9654,0.9707,0.997,0.9951,0.9904,0.9841,0.9262,0.7403,0.9311,0.9107,0.8427,0.8039,0.8584,0.687,0.8292,0.9414,0.7912,0.6195,0.9522,0.7311,0.6306,0.6118,0.6209,0.8624,0.5711,0.6221,0.7835,0.5033,0.5498,0.3954,0.5903,0.6734,0.5874,0.5224,0.3205,0.4822,0.2637,0.5212,0.3147,0.2113,0.1639,0.3656,
1.0,0.9988,0.967,0.9658,0.9706,0.9983,0.9963,0.9899,0.9846,0.9232,0.7393,0.9305,0.9069,0.8428,0.8056,0.8559,0.6895,0.8296,0.9412,0.7849,0.617,0.9519,0.7248,0.6298,0.6074,0.6164,0.8602,0.5685,0.6224,0.7881,0.5071,0.5523,0.3924,0.5913,0.6707,0.5772,0.5187,0.3207,0.4793,0.2627,0.5239,0.3157,0.2053,0.1596,0.3569,
1.0,0.9984,0.9678,0.9662,0.9715,0.9976,0.9951,0.9909,0.9863,0.9222,0.741,0.9309,0.906,0.8422,0.803,0.8546,0.682,0.8315,0.943,0.7761,0.613,0.9563,0.7229,0.6265,0.6126,0.6185,0.8536,0.5738,0.614,0.7877,0.5102,0.5556,0.3944,0.5948,0.6724,0.5822,0.5227,0.3196,0.4828,0.254,0.5182,0.3181,0.2068,0.1631,0.3589,
1.0,0.9989,0.9678,0.9667,0.9712,0.9965,0.9945,0.99,0.9826,0.9272,0.7346,0.9325,0.9098,0.8346,0.795,0.8615,0.6775,0.8189,0.9402,0.7879,0.6109,0.9484,0.7246,0.6228,0.6056,0.6148,0.8537,0.5644,0.6225,0.7868,0.5129,0.5476,0.3912,0.5777,0.6641,0.5822,0.5172,0.3159,0.4751,0.2554,0.5227,0.3108,0.2133,0.1666,0.3416,
1.0,0.9981,0.9661,0.9642,0.972,0.9968,0.9935,0.9896,0.9849,0.9254,0.7381,0.9295,0.9072,0.8382,0.7965,0.8566,0.6783,0.8267,0.9418,0.7808,0.6096,0.9507,0.7216,0.6237,0.6047,0.6153,0.8523,0.5684,0.6204,0.7836,0.5103,0.5529,0.3878,0.5849,0.6793,0.5828,0.5218,0.3178,0.4751,0.2661,0.5247,0.3256,0.2115,0.1638,0.3548,
1.0,0.9993,0.9661,0.9654,0.9701,0.9968,0.9952,0.9907,0.9846,0.9255,0.7407,0.9303,0.9094,0.8431,0.8041,0.8565,0.69,0.83,0.9389,0.7848,0.6097,0.9501,0.7192,0.6219,0.6003,0.6157,0.8588,0.5675,0.6118,0.7791,0.5019,0.545,0.3865,0.5859,0.6705,0.5792,0.5217,0.3211,0.4842,0.2573,0.5292,0.3133,0.2061,0.1629,0.3583,
1.0,0.9983,0.9666,0.9649,0.9705,0.9973,0.9944,0.9887,0.9839,0.9249,0.7364,0.9294,0.9068,0.8374,0.7984,0.8565,0.6866,0.8252,0.9421,0.7875,0.6116,0.9498,0.7167,0.6244,0.5972,0.6131,0.8564,0.5673,0.6182,0.7804,0.5013,0.5473,0.3749,0.5846,0.6718,0.5824,0.5166,0.3078,0.4673,0.2582,0.5246,0.3038,0.2079,0.1547,0.347,
1.0,0.9994,0.9707,0.9701,0.9668,0.9978,0.9963,0.9913,0.9864,0.9246,0.7329,0.9317,0.9097,0.8355,0.7997,0.8566,0.682,0.8229,0.9398,0.7791,0.6052,0.9535,0.7239,0.6179,0.6101,0.608,0.8553,0.5642,0.6258,0.7805,0.4999,0.5549,0.3845,0.5935,0.6787,0.5763,0.5175,0.3079,0.4802,0.262,0.5265,0.3065,0.2051,0.1609,0.3529,
1.0,0.9988,0.9671,0.9659,0.9691,0.9972,0.9948,0.9898,0.9859,0.9238,0.7397,0.9298,0.9075,0.8432,0.8068,0.8555,0.6915,0.832,0.9387,0.7861,0.6077,0.9519,0.7181,0.6179,0.596,0.6112,0.8589,0.568,0.6119,0.7826,0.4992,0.5478,0.3774,0.5789,0.6688,0.5721,0.5188,0.3095,0.4708,0.2562,0.524,0.3029,0.2029,0.1579,0.3478,
1.0,0.9989,0.9692,0.9681,0.9722,0.9969,0.9951,0.9917,0.9859,0.9204,0.7395,0.9347,0.9044,0.8453,0.8072,0.8562,0.6926,0.8327,0.9394,0.782,0.6106,0.9548,0.7184,0.63,0.6089,0.6146,0.8563,0.5738,0.615,0.7826,0.4976,0.5558,0.3885,0.5913,0.6721,0.5792,0.5172,0.322,0.477,0.2562,0.5228,0.3121,0.2025,0.1622,0.3559,
1.0,0.9989,0.9677,0.9666,0.9713,0.9968,0.9947,0.9888,0.984,0.9221,0.7422,0.9315,0.9034,0.8477,0.8078,0.8543,0.6923,0.8363,0.942,0.7837,0.6138,0.9539,0.7239,0.6267,0.6151,0.6219,0.8575,0.5769,0.62,0.7835,0.501,0.5579,0.3824,0.5885,0.6732,0.5806,0.52,0.3214,0.4838,0.2605,0.5248,0.3103,0.2062,0.1696,0.3594,
1.0,0.9989,0.9696,0.9685,0.9716,0.9981,0.9959,0.9894,0.9843,0.9207,0.7343,0.9347,0.9039,0.8392,0.8002,0.8567,0.6839,0.8259,0.9404,0.7786,0.6066,0.9521,0.721,0.6221,0.6036,0.6086,0.8551,0.5602,0.6132,0.7877,0.5066,0.5507,0.3881,0.5925,0.6717,0.5787,0.5119,0.3158,0.4756,0.2452,0.5308,0.316,0.2101,0.1605,0.356,
1.0,0.9989,0.968,0.9669,0.9687,0.9978,0.9955,0.9898,0.9854,0.9243,0.7352,0.9305,0.9081,0.8389,0.8033,0.8569,0.6891,0.828,0.9407,0.7868,0.6079,0.9539,0.7205,0.6202,0.6062,0.6183,0.8559,0.568,0.6166,0.7802,0.5042,0.5501,0.3841,0.5847,0.6724,0.5817,0.5303,0.3157,0.4729,0.2634,0.5228,0.3115,0.2073,0.1681,0.3481,
1.0,0.9987,0.9681,0.9668,0.9699,0.9969,0.9943,0.9916,0.9859,0.9252,0.7379,0.9312,0.9107,0.8362,0.8002,0.857,0.6794,0.8222,0.937,0.7817,0.613,0.9535,0.7276,0.6241,0.6127,0.6145,0.8549,0.5603,0.6219,0.7839,0.498,0.5485,0.3856,0.5863,0.6799,0.5895,0.5144,0.3148,0.4694,0.2612,0.5243,0.3111,0.2086,0.162,0.3411,
1.0,0.999,0.9675,0.9665,0.9692,0.9972,0.9955,0.9915,0.9856,0.9229,0.7311,0.9299,0.9076,0.8346,0.7962,0.8544,0.6823,0.821,0.9415,0.7806,0.605,0.9532,0.7182,0.6183,0.6085,0.6096,0.8585,0.5647,0.6226,0.7797,0.4967,0.5477,0.3808,0.5902,0.6777,0.5789,0.5195,0.3154,0.4828,0.2575,0.5258,0.3023,0.202,0.1692,0.3519,
1.0,0.9993,0.968,0.9673,0.9709,0.9967,0.9949,0.9901,0.9841,0.9257,0.7342,0.932,0.9076,0.8358,0.7958,0.8586,0.68,0.8219,0.9394,0.7834,0.6113,0.9508,0.7247,0.6223,0.6077,0.6105,0.854,0.5667,0.6236,0.7891,0.515,0.5519,0.3857,0.5832,0.6742,0.5782,0.5119,0.3117,0.4773,0.2634,0.523,0.3189,0.2093,0.1551,0.349,
1.0,0.999,0.9684,0.9674,0.9697,0.9981,0.9964,0.9912,0.9851,0.921,0.7301,0.9321,0.9061,0.8348,0.7955,0.8548,0.6813,0.8217,0.9412,0.7814,0.6087,0.9544,0.7248,0.6223,0.6107,0.6079,0.8616,0.5638,0.6218,0.7828,0.5073,0.5493,0.393,0.5926,0.6805,0.5838,0.5294,0.3218,0.4812,0.2649,0.532,0.3159,0.2105,0.1665,0.3503,
1.0,0.9988,0.9659,0.9647,0.9697,0.9975,0.9952,0.9912,0.9867,0.9253,0.7412,0.9283,0.9097,0.842,0.805,0.855,0.6888,0.8288,0.9401,0.7855,0.6117,0.9522,0.7204,0.6203,0.6004,0.6158,0.8591,0.5667,0.6233,0.779,0.4993,0.5485,0.3872,0.5936,0.6759,0.5812,0.5175,0.3147,0.4743,0.2615,0.5226,0.3076,0.2026,0.1567,0.3623,
1.0,0.9993,0.9676,0.9669,0.9681,0.9974,0.9961,0.9921,0.9866,0.9219,0.7328,0.9293,0.907,0.8374,0.8005,0.853,0.6804,0.8257,0.9403,0.7752,0.6076,0.9561,0.7238,0.6188,0.605,0.61,0.8543,0.5603,0.6169,0.7802,0.5085,0.5519,0.3961,0.5964,0.6789,0.5839,0.5231,0.3219,0.4791,0.2569,0.5219,0.3151,0.2103,0.1641,0.3601,
1.0,0.9985,0.9689,0.9674,0.9702,0.9965,0.9939,0.99,0.985,0.923,0.7348,0.9321,0.906,0.8368,0.8002,0.8569,0.6857,0.8228,0.9387,0.7844,0.6024,0.9528,0.7136,0.6152,0.5994,0.6119,0.8563,0.5661,0.6137,0.7818,0.5143,0.5449,0.3859,0.5951,0.6814,0.5823,0.5289,0.3176,0.485,0.2571,0.5299,0.3178,0.2149,0.1615,0.3575,
1.0,0.9989,0.9692,0.9681,0.9692,0.9981,0.9963,0.9904,0.9843,0.9213,0.7355,0.9302,0.9053,0.8406,0.7991,0.8528,0.6852,0.8275,0.9398,0.7775,0.6078,0.9552,0.7211,0.626,0.6085,0.6095,0.8557,0.5626,0.6185,0.7736,0.4992,0.5506,0.3923,0.5874,0.6703,0.5791,0.517,0.3172,0.4759,0.2525,0.5243,0.3083,0.2054,0.1636,0.3525,
1.0,0.9991,0.9685,0.9676,0.97,0.998,0.9961,0.991,0.9856,0.923,0.7341,0.9336,0.9095,0.8374,0.8023,0.8574,0.6843,0.8246,0.946,0.787,0.6162,0.9554,0.727,0.6281,0.6073,0.6132,0.8576,0.5713,0.6195,0.7855,0.5088,0.5514,0.3847,0.588,0.6696,0.5868,0.5298,0.3216,0.4744,0.2645,0.5139,0.3028,0.2101,0.1699,0.3443,
1.0,0.9991,0.9675,0.9666,0.9663,0.998,0.9964,0.9901,0.9847,0.9221,0.7308,0.9272,0.9061,0.8372,0.7986,0.8511,0.6828,0.8244,0.9435,0.7765,0.6102,0.9536,0.7207,0.6185,0.6023,0.6109,0.8579,0.5673,0.6174,0.7779,0.4966,0.5523,0.3865,0.5968,0.6839,0.5852,0.5287,0.3132,0.4914,0.2544,0.5351,0.307,0.2039,0.1657,0.358,
1.0,0.999,0.9679,0.9669,0.9722,0.9977,0.9957,0.9896,0.9842,0.9301,0.7465,0.9343,0.9145,0.8412,0.8034,0.8655,0.6789,0.8286,0.9411,0.7866,0.6199,0.9539,0.7348,0.6287,0.616,0.6247,0.8495,0.5643,0.635,0.7899,0.5113,0.5567,0.3938,0.5983,0.6833,0.5961,0.5199,0.3158,0.4778,0.267,0.5301,0.3212,0.2191,0.1761,0.3549,
1.0,0.999,0.9673,0.9663,0.969,0.997,0.9951,0.9904,0.9848,0.923,0.7384,0.9298,0.9069,0.8413,0.8022,0.8541,0.6853,0.8287,0.9414,0.782,0.6096,0.9545,0.7201,0.6209,0.6045,0.6174,0.8577,0.57,0.6125,0.7793,0.5022,0.554,0.3886,0.6006,0.6782,0.5789,0.5268,0.32,0.4826,0.2654,0.519,0.3111,0.2043,0.161,0.3592,
1.0,0.9986,0.9694,0.968,0.9682,0.9978,0.9953,0.99,0.9848,0.9288,0.7357,0.9311,0.9137,0.8358,0.7958,0.8606,0.6817,0.8232,0.9421,0.7858,0.6136,0.9544,0.7302,0.62,0.6016,0.6078,0.8597,0.5565,0.629,0.7785,0.506,0.5448,0.3826,0.5944,0.682,0.5885,0.5105,0.3193,0.4786,0.2561,0.5366,0.3102,0.2134,0.158,0.3519,
1.0,0.9991,0.9654,0.9645,0.9714,0.9974,0.9953,0.993,0.9884,0.9216,0.7408,0.9299,0.9074,0.8402,0.8051,0.8536,0.6854,0.8277,0.9429,0.7797,0.6123,0.9555,0.7204,0.6255,0.6082,0.6203,0.8556,0.574,0.6225,0.7904,0.5148,0.5649,0.3883,0.5932,0.6828,0.5861,0.5184,0.3312,0.4701,0.2691,0.5241,0.3181,0.2123,0.1627,0.3611,
1.0,0.9986,0.9675,0.9661,0.9713,0.9971,0.9945,0.9907,0.9848,0.9228,0.7274,0.9318,0.9073,0.8295,0.7897,0.8566,0.674,0.8152,0.9379,0.7815,0.5977,0.9545,0.7219,0.6113,0.6075,0.6016,0.8572,0.5518,0.6141,0.7806,0.5001,0.5428,0.3872,0.5902,0.6799,0.5809,0.5226,0.3151,0.4823,0.2491,0.5268,0.3148,0.2108,0.1685,0.3479,
1.0,0.999,0.9684,0.9674,0.9704,0.9977,0.9956,0.9901,0.9846,0.9207,0.733,0.9327,0.9046,0.8388,0.8014,0.853,0.683,0.8265,0.9427,0.7797,0.617,0.9541,0.7299,0.6335,0.6135,0.6145,0.8525,0.5667,0.6246,0.7823,0.5029,0.5523,0.3964,0.6002,0.6732,0.5869,0.5188,0.3125,0.4867,0.2638,0.5257,0.3111,0.2053,0.17,0.3572,
1.0,0.9988,0.9685,0.9673,0.9712,0.9978,0.9956,0.9895,0.9838,0.9204,0.7304,0.9317,0.9024,0.8351,0.7949,0.8538,0.6808,0.8217,0.94,0.7804,0.599,0.9503,0.7093,0.6159,0.6003,0.6103,0.8558,0.5659,0.6076,0.7808,0.5053,0.5516,0.3886,0.5859,0.6696,0.5697,0.5191,0.3189,0.4729,0.2469,0.52,0.3098,0.2097,0.1609,0.3483,
1.0,0.9982,0.9653,0.9635,0.9711,0.9969,0.9941,0.9909,0.9854,0.9256,0.7342,0.9284,0.909,0.8353,0.7969,0.8555,0.6788,0.8228,0.9403,0.7842,0.6037,0.9521,0.7183,0.6141,0.5996,0.6165,0.8515,0.5622,0.6128,0.7844,0.504,0.5473,0.3791,0.5735,0.6618,0.5811,0.5161,0.3099,0.4724,0.2562,0.5177,0.3118,0.1984,0.1593,0.3506,
1.0,0.9991,0.965,0.9641,0.9682,0.9973,0.9951,0.9904,0.9852,0.922,0.7325,0.9278,0.9071,0.8369,0.8002,0.8522,0.6761,0.8236,0.9393,0.7787,0.6082,0.9527,0.7234,0.6171,0.6057,0.6108,0.8525,0.5601,0.6199,0.7755,0.4905,0.5465,0.3829,0.59,0.6726,0.5824,0.513,0.3104,0.4771,0.2655,0.5205,0.3027,0.2006,0.1536,0.3515,
1.0,0.9989,0.9686,0.9675,0.9713,0.9971,0.9954,0.9911,0.9854,0.9236,0.7391,0.9337,0.9084,0.8407,0.8018,0.8585,0.6848,0.8286,0.9426,0.7808,0.6144,0.9511,0.7219,0.6287,0.6082,0.6144,0.8582,0.5675,0.6232,0.7842,0.5038,0.5571,0.3887,0.5908,0.6743,0.5793,0.5208,0.3156,0.4746,0.2637,0.5286,0.3063,0.2069,0.1592,0.3526,
1.0,0.9991,0.9671,0.9662,0.9701,0.997,0.9954,0.9902,0.9841,0.9241,0.7318,0.9316,0.9082,0.8342,0.7941,0.8579,0.6792,0.8204,0.9388,0.7848,0.6019,0.9501,0.7196,0.614,0.6101,0.609,0.8602,0.5626,0.6202,0.7788,0.4954,0.5422,0.3858,0.5903,0.6709,0.5814,0.5183,0.3121,0.4769,0.2602,0.5193,0.3068,0.2024,0.1593,0.349,
1.0,0.9993,0.9667,0.966,0.9719,0.998,0.9963,0.9922,0.9864,0.9283,0.7431,0.9326,0.9139,0.8381,0.802,0.8623,0.6811,0.8243,0.9378,0.7875,0.6146,0.9542,0.7277,0.6246,0.6099,0.617,0.8573,0.561,0.6288,0.7911,0.5159,0.5491,0.3921,0.5926,0.6753,0.5861,0.5063,0.3197,0.4813,0.258,0.5281,0.3203,0.2099,0.1618,0.3571,
1.0,0.999,0.9662,0.9652,0.9715,0.9977,0.9949,0.9897,0.9855,0.926,0.7403,0.9308,0.9093,0.8398,0.8011,0.859,0.6841,0.8262,0.9409,0.7854,0.6129,0.9551,0.7236,0.6228,0.6053,0.6163,0.8559,0.5639,0.6193,0.7836,0.5063,0.5497,0.3845,0.5885,0.6766,0.5822,0.5284,0.3134,0.4782,0.2603,0.5164,0.3107,0.2079,0.1563,0.3509,
1.0,0.9994,0.9665,0.9659,0.9691,0.9966,0.9953,0.9913,0.9849,0.9199,0.7316,0.9299,0.9046,0.8376,0.8004,0.85,0.687,0.8243,0.9374,0.7846,0.6045,0.9519,0.7185,0.6174,0.6029,0.6042,0.8613,0.5611,0.6158,0.7733,0.4922,0.5379,0.3816,0.5907,0.6686,0.5749,0.5231,0.3038,0.4844,0.2647,0.5268,0.3043,0.2014,0.1592,0.3601,
1.0,0.9989,0.9672,0.9661,0.9681,0.9967,0.9944,0.9902,0.9841,0.9249,0.7404,0.9291,0.908,0.8461,0.8071,0.8555,0.6899,0.8322,0.939,0.7837,0.6157,0.9522,0.7231,0.6246,0.6052,0.6187,0.8573,0.5687,0.6256,0.7805,0.5036,0.5573,0.3878,0.5915,0.6728,0.5814,0.515,0.3203,0.4835,0.2657,0.5336,0.3142,0.2111,0.1616,0.3592,
1.0,0.9988,0.9653,0.9641,0.9661,0.9962,0.9938,0.9903,0.9866,0.9234,0.7369,0.9247,0.9061,0.8411,0.8032,0.8502,0.6826,0.8289,0.9403,0.7766,0.6107,0.9501,0.7166,0.617,0.5951,0.6076,0.8548,0.5687,0.6158,0.7746,0.5021,0.5479,0.3801,0.5811,0.6681,0.5769,0.5207,0.3202,0.4648,0.2595,0.5184,0.3024,0.2028,0.1611,0.3462,
1.0,0.9989,0.9685,0.9674,0.9692,0.997,0.9946,0.9902,0.9854,0.9246,0.7402,0.9317,0.9088,0.8428,0.804,0.8592,0.6882,0.8287,0.9372,0.781,0.6151,0.9519,0.7244,0.6253,0.6082,0.6096,0.8588,0.5669,0.6304,0.782,0.4997,0.5521,0.3932,0.5996,0.6784,0.5859,0.5288,0.3187,0.4825,0.2695,0.5275,0.3118,0.2127,0.1718,0.3602,
1.0,0.9988,0.9698,0.9686,0.9689,0.9973,0.9949,0.9919,0.9872,0.926,0.7376,0.9321,0.9114,0.8351,0.7982,0.8581,0.6853,0.8216,0.9395,0.7831,0.6089,0.9518,0.7263,0.6201,0.6051,0.6068,0.8586,0.5636,0.6232,0.7879,0.4993,0.549,0.3856,0.5888,0.6742,0.5872,0.5215,0.3112,0.4783,0.2625,0.5257,0.3063,0.2001,0.1624,0.3469,
1.0,0.9993,0.9682,0.9675,0.9703,0.9974,0.9955,0.9891,0.984,0.9269,0.7384,0.9316,0.909,0.8392,0.8017,0.8595,0.685,0.8272,0.9407,0.786,0.613,0.9527,0.7257,0.6213,0.6165,0.6182,0.8517,0.5677,0.629,0.7845,0.5082,0.5496,0.3933,0.596,0.6716,0.5902,0.5144,0.3187,0.4804,0.2629,0.5162,0.3175,0.2105,0.1645,0.3619,
1.0,0.9991,0.9673,0.9664,0.9688,0.9976,0.9956,0.9905,0.9855,0.9307,0.749,0.9296,0.9145,0.8464,0.8071,0.8618,0.6932,0.8341,0.9462,0.7891,0.6274,0.9548,0.7316,0.633,0.6082,0.6263,0.8608,0.5806,0.6241,0.7871,0.5089,0.5645,0.3891,0.5906,0.6737,0.5937,0.5237,0.3177,0.4798,0.2639,0.5154,0.3155,0.2076,0.1577,0.36,
1.0,0.9986,0.9689,0.9675,0.969,0.9976,0.9944,0.9871,0.9826,0.9243,0.7317,0.9319,0.9061,0.8372,0.7967,0.8567,0.6818,0.8232,0.9361,0.7821,0.6155,0.9496,0.7293,0.6255,0.6119,0.6081,0.8522,0.5651,0.6295,0.7814,0.4972,0.5475,0.3822,0.5805,0.675,0.5859,0.5227,0.304,0.4715,0.2663,0.523,0.3033,0.2059,0.1625,0.3474,
1.0,0.9988,0.9671,0.9659,0.9678,0.997,0.995,0.991,0.9862,0.9275,0.7348,0.9293,0.9133,0.8347,0.7996,0.857,0.6826,0.8219,0.9395,0.7877,0.611,0.9501,0.7232,0.6158,0.6039,0.612,0.8549,0.5643,0.6273,0.7851,0.5042,0.5501,0.3835,0.5888,0.678,0.5899,0.5254,0.3114,0.4784,0.2664,0.5314,0.3139,0.212,0.1698,0.3488,
1.0,0.999,0.9646,0.9636,0.9723,0.9968,0.9949,0.9908,0.9846,0.9261,0.7437,0.9299,0.9097,0.8408,0.8028,0.8578,0.6829,0.8264,0.9371,0.7863,0.6143,0.9521,0.7303,0.6207,0.6071,0.6177,0.8575,0.5624,0.6174,0.792,0.5099,0.545,0.3874,0.5862,0.6712,0.5849,0.5181,0.3106,0.4824,0.2686,0.5235,0.3196,0.2056,0.1634,0.358,
1.0,0.9983,0.9678,0.9661,0.9693,0.9963,0.9932,0.9906,0.9869,0.9243,0.7447,0.93,0.9078,0.847,0.8117,0.8568,0.6982,0.8344,0.94,0.7858,0.6146,0.9523,0.7215,0.6277,0.6021,0.6185,0.8584,0.5727,0.6253,0.7856,0.5147,0.5599,0.3879,0.5923,0.6795,0.5837,0.5302,0.3271,0.4751,0.2769,0.5291,0.3152,0.2144,0.1679,0.3591,
1.0,0.9993,0.9685,0.9678,0.9729,0.9973,0.9956,0.9919,0.987,0.9235,0.741,0.9354,0.9079,0.8421,0.8071,0.8598,0.6951,0.8296,0.9406,0.7877,0.6138,0.9543,0.7303,0.6295,0.6165,0.6188,0.8616,0.5695,0.6211,0.7874,0.5096,0.5524,0.3976,0.5898,0.6748,0.5844,0.5242,0.3226,0.4843,0.266,0.5289,0.3177,0.2115,0.1644,0.3589,
1.0,0.999,0.9689,0.9679,0.97,0.9976,0.9958,0.9905,0.9859,0.9244,0.7356,0.9331,0.9092,0.8378,0.8016,0.8582,0.6857,0.8254,0.9407,0.7851,0.6117,0.9535,0.7197,0.6261,0.6077,0.6157,0.8552,0.5655,0.6197,0.7807,0.5081,0.5539,0.3856,0.5843,0.6759,0.5809,0.5245,0.3148,0.4817,0.2629,0.5303,0.3125,0.2139,0.1635,0.3535,
1.0,0.9988,0.9686,0.9674,0.971,0.9977,0.9955,0.9901,0.9852,0.9259,0.7371,0.9345,0.9115,0.8368,0.8014,0.8609,0.6826,0.8244,0.9392,0.7867,0.6143,0.9538,0.7254,0.6225,0.6048,0.6108,0.8546,0.5583,0.6228,0.7874,0.5004,0.5467,0.3833,0.5856,0.6766,0.5853,0.5247,0.3093,0.4765,0.2659,0.5259,0.3123,0.2094,0.1641,0.3475,
1.0,0.9992,0.9673,0.9665,0.9694,0.9971,0.9957,0.9905,0.9852,0.9248,0.7377,0.9306,0.9087,0.8396,0.8005,0.8564,0.6822,0.8283,0.9462,0.7792,0.6174,0.9547,0.7297,0.6275,0.6113,0.6195,0.8545,0.5675,0.6204,0.7786,0.5029,0.5509,0.3888,0.5824,0.6718,0.5879,0.5277,0.3178,0.4816,0.2626,0.519,0.3052,0.1972,0.1674,0.3463,
1.0,0.9983,0.9689,0.9672,0.9702,0.9987,0.9961,0.9883,0.9835,0.9202,0.732,0.9327,0.9056,0.838,0.7993,0.8541,0.6849,0.8257,0.9391,0.781,0.6068,0.9556,0.7221,0.6214,0.6107,0.6118,0.8545,0.5679,0.6182,0.779,0.5087,0.55,0.3912,0.5922,0.6763,0.5829,0.5264,0.3224,0.4793,0.2584,0.5287,0.3112,0.2132,0.1692,0.3466,
1.0,0.9987,0.969,0.9677,0.9678,0.9981,0.9956,0.9891,0.9842,0.9218,0.7284,0.9297,0.9058,0.8361,0.7963,0.8527,0.6838,0.8235,0.9447,0.7788,0.6026,0.954,0.7192,0.6166,0.6084,0.6151,0.8577,0.5705,0.614,0.7792,0.4937,0.5519,0.3753,0.5852,0.6777,0.5822,0.5237,0.3154,0.4839,0.2527,0.5265,0.3027,0.2031,0.1631,0.3441,
1.0,0.9993,0.9711,0.9704,0.9723,0.9975,0.9957,0.9895,0.9842,0.9257,0.7383,0.937,0.908,0.8398,0.8004,0.8641,0.6932,0.8276,0.9444,0.7909,0.6224,0.9496,0.7297,0.6431,0.616,0.6183,0.8576,0.5743,0.6315,0.7788,0.5075,0.5569,0.3977,0.594,0.6803,0.5949,0.5257,0.3069,0.4799,0.2681,0.5347,0.3074,0.2087,0.1704,0.3553,
1.0,0.9988,0.9672,0.966,0.9706,0.9984,0.9962,0.9899,0.9833,0.9248,0.7298,0.9313,0.9091,0.8342,0.7963,0.8572,0.6761,0.819,0.9398,0.7826,0.613,0.9506,0.7276,0.6229,0.607,0.609,0.8564,0.5627,0.6275,0.7913,0.5111,0.5479,0.395,0.5948,0.6762,0.5838,0.5209,0.3157,0.4896,0.2626,0.5279,0.3204,0.2139,0.1722,0.3499,
1.0,0.9987,0.9666,0.9653,0.97,0.9979,0.9948,0.9893,0.9849,0.9214,0.7323,0.9306,0.9055,0.8352,0.798,0.8546,0.682,0.8208,0.9416,0.7843,0.6167,0.9513,0.7297,0.6291,0.6143,0.6123,0.8612,0.5685,0.6268,0.7822,0.5069,0.55,0.3945,0.5891,0.6733,0.5919,0.5237,0.3113,0.4878,0.267,0.5289,0.318,0.2095,0.1652,0.352,
1.0,0.9995,0.9643,0.9638,0.9684,0.9973,0.9952,0.9907,0.9855,0.9275,0.7307,0.9268,0.911,0.8306,0.7913,0.856,0.6741,0.8183,0.9374,0.7833,0.6059,0.952,0.725,0.6128,0.6081,0.6065,0.8556,0.5626,0.6207,0.7839,0.5076,0.5389,0.395,0.5884,0.6663,0.5858,0.5264,0.3156,0.4869,0.2629,0.5214,0.3203,0.2068,0.1695,0.3497,
1.0,0.9993,0.9685,0.9678,0.9691,0.9974,0.996,0.9912,0.985,0.9201,0.7384,0.9294,0.9026,0.845,0.8051,0.8497,0.6885,0.8315,0.9373,0.7769,0.6038,0.9547,0.7169,0.6217,0.6062,0.6114,0.8545,0.5647,0.612,0.7785,0.5012,0.5495,0.3913,0.5985,0.6767,0.5734,0.5169,0.3173,0.4797,0.2576,0.5193,0.315,0.2112,0.1658,0.3608,
1.0,0.9986,0.9688,0.9674,0.9693,0.9969,0.9948,0.9897,0.9834,0.9245,0.7391,0.9329,0.9099,0.844,0.8081,0.8586,0.6923,0.8311,0.9414,0.7891,0.6177,0.9512,0.7234,0.6271,0.6036,0.6214,0.8581,0.5722,0.6253,0.7788,0.5099,0.555,0.3914,0.5878,0.6741,0.5808,0.5196,0.3172,0.4837,0.2648,0.5286,0.3135,0.2155,0.1666,0.3553,
1.0,0.9989,0.9684,0.9673,0.9694,0.9978,0.996,0.9924,0.9856,0.9237,0.7388,0.9314,0.9099,0.8405,0.8041,0.856,0.6872,0.8271,0.9406,0.7836,0.6145,0.9595,0.7281,0.6272,0.618,0.6226,0.8593,0.5716,0.6186,0.7837,0.5046,0.554,0.3963,0.5952,0.6737,0.5786,0.5223,0.3211,0.4785,0.2654,0.5165,0.3063,0.2025,0.1682,0.3512,
1.0,0.9993,0.9664,0.9657,0.9691,0.9981,0.9965,0.9905,0.984,0.9226,0.7375,0.9286,0.9061,0.8421,0.8025,0.8529,0.6828,0.8273,0.9386,0.7787,0.6111,0.955,0.7262,0.6224,0.6113,0.6171,0.8525,0.5701,0.62,0.7825,0.4985,0.556,0.3859,0.5871,0.6713,0.5831,0.5229,0.3125,0.4755,0.2614,0.5226,0.3051,0.2022,0.1677,0.3538,
1.0,0.9987,0.9643,0.963,0.9704,0.9974,0.9952,0.9905,0.9847,0.9196,0.7305,0.9269,0.9028,0.8359,0.7956,0.8489,0.6738,0.822,0.9399,0.7734,0.6053,0.9546,0.715,0.6174,0.6067,0.6102,0.8507,0.5611,0.615,0.7755,0.4999,0.5512,0.3863,0.5939,0.679,0.5799,0.5212,0.3197,0.4811,0.2562,0.5207,0.3077,0.2038,0.1667,0.3491,
1.0,0.9992,0.9644,0.9636,0.9686,0.9977,0.9961,0.9901,0.9842,0.922,0.7322,0.9264,0.9052,0.8377,0.7973,0.8507,0.6807,0.8234,0.9417,0.7801,0.6149,0.9504,0.7228,0.6229,0.6021,0.6096,0.8543,0.5721,0.6213,0.7766,0.4996,0.5474,0.3858,0.5814,0.6754,0.5855,0.5257,0.3162,0.474,0.2629,0.5213,0.3077,0.2004,0.1691,0.3475,
1.0,0.9984,0.9651,0.9635,0.9678,0.9967,0.9938,0.9913,0.9863,0.9204,0.7301,0.9257,0.9049,0.8366,0.7991,0.8472,0.6803,0.8243,0.9386,0.7765,0.6015,0.9524,0.712,0.6136,0.588,0.604,0.8564,0.5613,0.6048,0.7764,0.4949,0.5437,0.3781,0.5743,0.6651,0.5707,0.516,0.3138,0.4634,0.251,0.5195,0.2978,0.2098,0.1596,0.3457,
1.0,0.9988,0.9702,0.969,0.97,0.9978,0.9951,0.9909,0.9858,0.9263,0.7382,0.934,0.912,0.8375,0.801,0.8607,0.6858,0.8237,0.9415,0.7859,0.6153,0.9539,0.7278,0.6274,0.6111,0.618,0.856,0.5684,0.6235,0.7853,0.5088,0.5559,0.3967,0.5937,0.6826,0.5867,0.5186,0.3197,0.4768,0.2655,0.5323,0.3197,0.2173,0.1732,0.3511,
1.0,0.9988,0.9693,0.9681,0.9678,0.9978,0.9957,0.9905,0.9865,0.9247,0.7409,0.9288,0.9081,0.8415,0.803,0.8544,0.688,0.8307,0.9456,0.7794,0.6184,0.9528,0.7241,0.6294,0.6039,0.6146,0.8559,0.564,0.6235,0.784,0.4975,0.549,0.3877,0.594,0.6764,0.5892,0.5201,0.3146,0.4822,0.2648,0.5188,0.3098,0.2077,0.1683,0.3597,
1.0,0.9984,0.9692,0.9676,0.9669,0.9974,0.9945,0.9899,0.9847,0.9208,0.7324,0.9284,0.9041,0.841,0.8022,0.8498,0.6789,0.8279,0.9402,0.7701,0.6095,0.9542,0.7185,0.6187,0.6047,0.6124,0.846,0.5631,0.6235,0.7764,0.4954,0.5581,0.3855,0.6077,0.6858,0.5797,0.5149,0.3171,0.4821,0.2621,0.5255,0.3086,0.2113,0.162,0.3559,
1.0,0.999,0.9654,0.9644,0.9669,0.9973,0.9949,0.9895,0.9843,0.9247,0.7301,0.926,0.9076,0.8363,0.7981,0.8533,0.6788,0.8228,0.9421,0.7808,0.6109,0.953,0.723,0.6197,0.6,0.6069,0.8534,0.5604,0.6205,0.7804,0.5005,0.5452,0.3791,0.5849,0.6715,0.5876,0.5171,0.3116,0.4773,0.2573,0.5165,0.3077,0.2036,0.1619,0.348,
1.0,0.9984,0.9662,0.9646,0.9696,0.9974,0.9952,0.9903,0.9845,0.9223,0.7276,0.9278,0.9056,0.8312,0.7944,0.8518,0.6755,0.8178,0.9407,0.7822,0.6061,0.951,0.7199,0.6157,0.5997,0.6034,0.8573,0.5563,0.6122,0.783,0.5025,0.5422,0.3912,0.5843,0.6675,0.5738,0.5148,0.3151,0.4777,0.254,0.5231,0.3071,0.2064,0.1657,0.3472,
1.0,0.9986,0.9665,0.9651,0.9722,0.997,0.9946,0.9897,0.984,0.9259,0.733,0.9318,0.9087,0.8316,0.7922,0.8583,0.6773,0.8189,0.94,0.7899,0.606,0.9515,0.7256,0.6178,0.6102,0.6147,0.8596,0.5676,0.6233,0.7909,0.5191,0.5465,0.3934,0.5907,0.6725,0.5839,0.5165,0.3181,0.478,0.2586,0.5256,0.3212,0.2114,0.159,0.3532,
1.0,0.9992,0.967,0.9662,0.9726,0.998,0.9961,0.9917,0.9851,0.9293,0.7379,0.9342,0.9157,0.8349,0.8014,0.8654,0.6848,0.8206,0.9401,0.7949,0.6086,0.9574,0.7268,0.6168,0.6049,0.6173,0.8593,0.5616,0.6214,0.7917,0.5189,0.5405,0.3852,0.5859,0.6722,0.5916,0.5337,0.3147,0.4767,0.2669,0.5151,0.32,0.211,0.1601,0.3505,
1.0,0.9987,0.9677,0.9664,0.973,0.9977,0.9953,0.99,0.985,0.917,0.7338,0.9338,0.901,0.8394,0.803,0.8512,0.6835,0.8264,0.9391,0.7761,0.6044,0.9528,0.7178,0.6255,0.6129,0.6149,0.8538,0.5638,0.6162,0.782,0.503,0.5563,0.3943,0.5913,0.676,0.5801,0.5234,0.3086,0.4784,0.2595,0.5231,0.3131,0.2119,0.1643,0.358,
1.0,0.9986,0.9706,0.9692,0.9656,0.9977,0.9948,0.9898,0.9854,0.9251,0.7309,0.9295,0.9094,0.833,0.7977,0.8567,0.6801,0.8184,0.9373,0.7799,0.604,0.9509,0.7225,0.6143,0.6055,0.606,0.8568,0.5584,0.6282,0.7814,0.4978,0.5442,0.3909,0.5943,0.6743,0.5826,0.5193,0.3079,0.4818,0.2574,0.5243,0.3152,0.2056,0.1633,0.3542,
1.0,0.9989,0.9675,0.9664,0.9714,0.9983,0.9961,0.9918,0.9857,0.9235,0.7397,0.9334,0.911,0.8427,0.8062,0.8587,0.6885,0.8286,0.9378,0.7836,0.6141,0.9551,0.7262,0.6281,0.6078,0.6133,0.8604,0.5626,0.6183,0.7844,0.4968,0.5473,0.3884,0.5926,0.6675,0.5825,0.5175,0.3098,0.4828,0.26,0.521,0.3128,0.2053,0.1609,0.3585,
1.0,0.9989,0.9701,0.969,0.9695,0.9966,0.9947,0.9907,0.986,0.9231,0.7303,0.9322,0.9057,0.8342,0.7961,0.8558,0.6799,0.8219,0.9397,0.7804,0.6025,0.9522,0.7174,0.6154,0.6004,0.6012,0.8522,0.559,0.6138,0.7838,0.508,0.5472,0.3809,0.5905,0.6746,0.5733,0.5228,0.3094,0.4735,0.2534,0.5201,0.313,0.2097,0.166,0.3499,
1.0,0.9987,0.9654,0.9641,0.9682,0.9976,0.9954,0.9914,0.9859,0.9213,0.7348,0.9272,0.9074,0.8403,0.8015,0.8495,0.6809,0.8281,0.9391,0.7773,0.6108,0.9517,0.7186,0.6188,0.5953,0.6095,0.854,0.5675,0.6142,0.781,0.5011,0.5547,0.3865,0.5879,0.6735,0.5781,0.5147,0.3123,0.4788,0.2586,0.5242,0.3138,0.2043,0.1545,0.3538,
1.0,0.9988,0.9704,0.9692,0.9707,0.9972,0.9951,0.9875,0.9839,0.922,0.7358,0.9352,0.9045,0.8417,0.8021,0.858,0.6862,0.8299,0.9409,0.7803,0.6035,0.9477,0.7121,0.6177,0.5981,0.6095,0.853,0.565,0.6124,0.7821,0.5034,0.5511,0.3701,0.5892,0.6838,0.5804,0.5233,0.3094,0.4713,0.2503,0.5322,0.3092,0.2085,0.1603,0.3538,
1.0,0.9985,0.9676,0.9661,0.9718,0.9966,0.9939,0.9913,0.9852,0.9238,0.7403,0.9328,0.9085,0.8402,0.8,0.8572,0.6851,0.8262,0.9387,0.7833,0.616,0.9536,0.7284,0.6264,0.6115,0.6134,0.8624,0.5719,0.6227,0.7854,0.5079,0.5512,0.3891,0.5934,0.6762,0.5825,0.5271,0.3145,0.4872,0.27,0.5279,0.3137,0.2143,0.164,0.3569,
1.0,0.999,0.9693,0.9683,0.97,0.9967,0.9941,0.9915,0.9873,0.9179,0.7336,0.933,0.9017,0.8408,0.807,0.8518,0.6886,0.8286,0.9408,0.7805,0.6092,0.9558,0.7179,0.6264,0.6148,0.6142,0.8545,0.5727,0.6196,0.7776,0.5036,0.556,0.3957,0.6001,0.6796,0.5849,0.5261,0.327,0.4863,0.2677,0.5239,0.3134,0.2066,0.1717,0.3589,
1.0,0.9983,0.9706,0.9689,0.9718,0.9975,0.9951,0.9905,0.9845,0.9248,0.7405,0.9355,0.9095,0.84,0.8,0.8611,0.6873,0.8261,0.9412,0.7845,0.6082,0.9499,0.7184,0.6239,0.6013,0.6196,0.8565,0.5662,0.6212,0.7823,0.5058,0.5575,0.388,0.5928,0.6806,0.58,0.5227,0.3135,0.4705,0.2626,0.5301,0.3098,0.2122,0.1623,0.3506,
1.0,0.9992,0.9695,0.9687,0.9709,0.9971,0.9955,0.9918,0.9876,0.9243,0.7366,0.9334,0.9086,0.8384,0.801,0.8577,0.6892,0.8254,0.9387,0.7866,0.6084,0.9521,0.7218,0.6233,0.6107,0.6088,0.8552,0.5662,0.6279,0.7819,0.5029,0.553,0.3954,0.594,0.6747,0.5859,0.5188,0.3097,0.4779,0.2686,0.5217,0.3099,0.2062,0.1609,0.3604,
1.0,0.999,0.9674,0.9664,0.9711,0.998,0.9964,0.9891,0.9843,0.9258,0.7425,0.9317,0.9084,0.8425,0.8036,0.8586,0.689,0.8308,0.9451,0.7856,0.6203,0.9527,0.7305,0.6322,0.6143,0.6224,0.8583,0.5701,0.6239,0.7837,0.5116,0.5544,0.3909,0.5965,0.6789,0.5939,0.5245,0.3138,0.4818,0.2592,0.5224,0.3241,0.2064,0.1671,0.3578,
1.0,0.9985,0.9687,0.9672,0.9691,0.997,0.9943,0.991,0.9863,0.9229,0.734,0.9312,0.9078,0.8375,0.7972,0.8558,0.679,0.8249,0.9438,0.7753,0.6143,0.9547,0.7267,0.6282,0.6063,0.6093,0.8542,0.5657,0.6228,0.7745,0.5014,0.5512,0.3906,0.5873,0.68,0.5848,0.5185,0.3156,0.4732,0.2578,0.5278,0.3061,0.2099,0.1639,0.3454,
1.0,0.9985,0.9655,0.964,0.9697,0.9967,0.9943,0.9901,0.984,0.9186,0.7279,0.9299,0.9035,0.8366,0.8003,0.8496,0.6804,0.8222,0.9368,0.7799,0.6057,0.9541,0.7263,0.6173,0.6114,0.6093,0.8578,0.563,0.6227,0.7796,0.5027,0.5531,0.3931,0.6037,0.6753,0.5849,0.5154,0.3159,0.4859,0.2623,0.5239,0.3115,0.2042,0.1669,0.3609,
1.0,0.9987,0.9691,0.9678,0.9717,0.9972,0.9948,0.9887,0.983,0.9248,0.7378,0.9342,0.9074,0.8405,0.8006,0.8598,0.6825,0.826,0.9359,0.7843,0.6086,0.9495,0.7231,0.6212,0.6096,0.6097,0.8539,0.5601,0.6259,0.7827,0.5043,0.5446,0.3875,0.5886,0.6707,0.579,0.5175,0.3067,0.4698,0.2633,0.5263,0.3154,0.2092,0.1613,0.353,
1.0,0.9984,0.9683,0.9667,0.9672,0.9969,0.9941,0.9901,0.9852,0.9219,0.7331,0.9276,0.9051,0.8409,0.8032,0.8502,0.6924,0.8284,0.9442,0.7841,0.6137,0.9515,0.7186,0.6252,0.6035,0.613,0.8587,0.5753,0.6233,0.7773,0.5008,0.56,0.3816,0.592,0.6766,0.5798,0.5235,0.3178,0.4739,0.2655,0.5265,0.3041,0.2127,0.1617,0.3569,
1.0,0.9998,0.968,0.9678,0.9684,0.9972,0.9962,0.9922,0.9873,0.925,0.7394,0.931,0.9103,0.8395,0.8041,0.8565,0.6937,0.826,0.9411,0.7884,0.61,0.9514,0.7197,0.6194,0.6074,0.6195,0.8635,0.5757,0.6201,0.7849,0.5103,0.5545,0.398,0.599,0.6773,0.5824,0.5203,0.3221,0.483,0.2634,0.5286,0.3178,0.2112,0.1596,0.367,
1.0,0.9986,0.9653,0.9639,0.968,0.9965,0.9936,0.9914,0.9865,0.9215,0.7293,0.9264,0.9057,0.8339,0.7993,0.8496,0.6827,0.8212,0.9398,0.7841,0.6039,0.954,0.7214,0.6126,0.6085,0.6074,0.8609,0.5636,0.6172,0.7808,0.494,0.5412,0.3833,0.5895,0.6682,0.5848,0.5261,0.3116,0.4827,0.2613,0.5232,0.3117,0.2026,0.1626,0.3545,
1.0,0.9987,0.9682,0.9669,0.9672,0.997,0.995,0.9918,0.9864,0.9252,0.7412,0.9267,0.9082,0.8445,0.8054,0.8534,0.6918,0.8311,0.9432,0.7819,0.612,0.9515,0.7178,0.6206,0.5923,0.614,0.8566,0.5694,0.6127,0.7813,0.5037,0.5533,0.3833,0.5782,0.6765,0.5745,0.5197,0.3166,0.4695,0.2619,0.5231,0.3019,0.2047,0.1588,0.3515,
1.0,0.9986,0.9672,0.9658,0.9702,0.9982,0.9955,0.9898,0.9848,0.9241,0.7339,0.9308,0.9086,0.8347,0.7964,0.8562,0.6779,0.8225,0.9403,0.7831,0.6077,0.955,0.7231,0.6186,0.6054,0.6112,0.8542,0.5612,0.6187,0.7832,0.5028,0.5473,0.3834,0.5866,0.6681,0.5808,0.5102,0.3085,0.4775,0.2529,0.511,0.3074,0.207,0.1555,0.3467,
1.0,0.9989,0.9688,0.9677,0.9728,0.9979,0.9965,0.9917,0.9846,0.9237,0.7357,0.935,0.9094,0.8352,0.7952,0.8603,0.6778,0.8224,0.9435,0.7818,0.6096,0.9569,0.7198,0.6237,0.6088,0.6142,0.8529,0.563,0.6282,0.7795,0.4981,0.5541,0.3822,0.5937,0.6814,0.5881,0.5217,0.3076,0.4739,0.2647,0.5301,0.3031,0.2127,0.1664,0.3479,
1.0,0.9987,0.9671,0.9658,0.9704,0.9973,0.9943,0.9906,0.9849,0.9267,0.7397,0.9312,0.9115,0.8379,0.7989,0.8591,0.6854,0.8223,0.9406,0.7884,0.6172,0.9512,0.7285,0.6258,0.61,0.6194,0.8617,0.5781,0.6265,0.7893,0.5158,0.5569,0.3912,0.5838,0.6717,0.5845,0.5205,0.3184,0.4696,0.2653,0.5236,0.3138,0.212,0.1632,0.3468,
1.0,0.999,0.9684,0.9674,0.9671,0.9967,0.9948,0.9913,0.9857,0.9207,0.7338,0.9287,0.9045,0.843,0.8029,0.85,0.684,0.8294,0.9401,0.7737,0.6075,0.9537,0.7191,0.6215,0.6028,0.6095,0.8525,0.5661,0.614,0.7736,0.4959,0.5525,0.3841,0.5954,0.6782,0.5827,0.5181,0.3169,0.4799,0.2599,0.5242,0.3054,0.2011,0.1646,0.3541,
1.0,0.9989,0.9641,0.963,0.9742,0.9976,0.9957,0.9907,0.9838,0.9293,0.7374,0.933,0.9148,0.8343,0.7963,0.8636,0.6753,0.8205,0.9375,0.7932,0.6105,0.9543,0.7299,0.6186,0.61,0.6178,0.8591,0.5646,0.6208,0.7925,0.5077,0.5429,0.3882,0.5872,0.667,0.5857,0.5194,0.3142,0.476,0.2588,0.5174,0.3119,0.2062,0.1635,0.3512,
1.0,0.9992,0.9696,0.9688,0.9676,0.9974,0.9962,0.9914,0.9852,0.9258,0.7372,0.9306,0.9101,0.841,0.8039,0.8571,0.6931,0.8284,0.9396,0.7895,0.6125,0.9514,0.7223,0.6241,0.6042,0.6183,0.8594,0.5698,0.6189,0.7824,0.5069,0.55,0.3893,0.5842,0.6732,0.5788,0.5204,0.3178,0.4776,0.2597,0.5255,0.3094,0.2142,0.1667,0.351,
1.0,0.9989,0.9692,0.9681,0.9686,0.9969,0.9952,0.9903,0.9848,0.9228,0.7316,0.9316,0.9064,0.8332,0.7921,0.8562,0.6757,0.821,0.9409,0.7757,0.6059,0.9495,0.7146,0.6182,0.6034,0.6095,0.8533,0.5648,0.6201,0.7739,0.4933,0.5455,0.3874,0.5868,0.6707,0.5781,0.5162,0.3074,0.4738,0.2555,0.5175,0.3089,0.2034,0.1644,0.346,
1.0,0.9987,0.9682,0.9669,0.968,0.9976,0.9958,0.9909,0.985,0.9272,0.7402,0.9308,0.9133,0.8413,0.8031,0.8593,0.6873,0.8287,0.9399,0.7848,0.6159,0.9529,0.7252,0.6219,0.6067,0.6127,0.8575,0.5687,0.6333,0.782,0.5052,0.5539,0.3857,0.5979,0.6768,0.596,0.5293,0.3151,0.4805,0.2677,0.5257,0.3167,0.2137,0.1636,0.3568,
1.0,0.999,0.9712,0.9702,0.9685,0.9982,0.9959,0.99,0.9841,0.9265,0.7364,0.9322,0.9095,0.8388,0.7998,0.8594,0.6856,0.8248,0.9392,0.7831,0.6125,0.9539,0.7261,0.6277,0.6142,0.6154,0.8529,0.5625,0.6272,0.7789,0.5051,0.5573,0.3954,0.5997,0.6834,0.5862,0.5204,0.3158,0.4747,0.261,0.5198,0.3187,0.2137,0.1677,0.3551,
1.0,0.9988,0.9686,0.9674,0.9687,0.9968,0.9946,0.9904,0.9854,0.9242,0.7403,0.9297,0.9062,0.8425,0.805,0.8542,0.6858,0.8293,0.9449,0.7761,0.6196,0.9516,0.725,0.6321,0.6126,0.6241,0.8502,0.5663,0.6243,0.7796,0.5019,0.5567,0.3854,0.5959,0.681,0.5901,0.5195,0.3179,0.4813,0.2634,0.5268,0.3157,0.206,0.1711,0.3586,
1.0,0.999,0.9695,0.9685,0.968,0.9971,0.9948,0.9898,0.9851,0.9253,0.7426,0.9304,0.9081,0.8472,0.8067,0.8564,0.6878,0.8345,0.9409,0.776,0.618,0.9522,0.7216,0.626,0.6007,0.6159,0.8512,0.5718,0.6144,0.7797,0.5064,0.5584,0.3794,0.5847,0.6752,0.5807,0.5165,0.3211,0.4632,0.2571,0.5121,0.3104,0.2078,0.1546,0.3491,
1.0,0.9978,0.9695,0.9673,0.9664,0.9978,0.9946,0.9897,0.9847,0.9281,0.7355,0.9276,0.9118,0.8384,0.7988,0.857,0.685,0.8255,0.9438,0.7815,0.6118,0.9552,0.7283,0.6215,0.6107,0.6154,0.8583,0.5662,0.6315,0.7836,0.5038,0.5525,0.3872,0.6009,0.681,0.5921,0.5312,0.3131,0.4849,0.2682,0.5261,0.3067,0.2047,0.1638,0.3609,
1.0,0.9985,0.9687,0.9672,0.9697,0.9979,0.9957,0.9903,0.9843,0.9253,0.7317,0.9327,0.9108,0.8344,0.7975,0.8595,0.6788,0.822,0.9462,0.7853,0.6175,0.9526,0.7254,0.6269,0.6061,0.6135,0.8575,0.5636,0.6233,0.7866,0.5152,0.5494,0.3947,0.5918,0.6765,0.5882,0.5158,0.3233,0.4794,0.258,0.52,0.3166,0.2096,0.1657,0.3489,
1.0,0.9989,0.9649,0.9638,0.9716,0.9965,0.9942,0.9895,0.985,0.9259,0.7448,0.9319,0.9105,0.8457,0.8088,0.8595,0.6911,0.8333,0.9433,0.7912,0.6242,0.9492,0.7295,0.6343,0.6112,0.6295,0.8622,0.5799,0.6207,0.786,0.5059,0.5587,0.3909,0.5831,0.6733,0.586,0.5235,0.3178,0.4821,0.2715,0.52,0.3069,0.2023,0.1638,0.3552,
1.0,0.9992,0.9695,0.9687,0.97,0.9974,0.9957,0.9915,0.985,0.9282,0.7434,0.9337,0.9134,0.8424,0.8056,0.8617,0.6893,0.8283,0.9425,0.7866,0.6188,0.9521,0.7242,0.6255,0.6073,0.6225,0.8559,0.5729,0.6272,0.7891,0.5084,0.5547,0.3847,0.5896,0.6722,0.5826,0.5223,0.3137,0.4794,0.2691,0.525,0.3096,0.2047,0.1625,0.3501,
1.0,0.999,0.9669,0.9659,0.9704,0.9975,0.9958,0.991,0.9868,0.9239,0.7416,0.9306,0.9084,0.8445,0.8081,0.8553,0.6899,0.8331,0.9395,0.785,0.6126,0.9571,0.7286,0.6255,0.615,0.6182,0.8576,0.5666,0.6257,0.7797,0.5054,0.5499,0.3905,0.5974,0.6711,0.5838,0.5252,0.3187,0.4821,0.27,0.5231,0.3128,0.1992,0.1709,0.3575,
1.0,0.9986,0.9682,0.9668,0.9681,0.9973,0.9946,0.9901,0.9847,0.9236,0.7367,0.9298,0.9078,0.8409,0.8046,0.8552,0.6853,0.8264,0.9421,0.7816,0.6167,0.9518,0.7247,0.6279,0.6043,0.6154,0.8547,0.5707,0.6231,0.7851,0.5097,0.5592,0.3937,0.595,0.6764,0.5848,0.5208,0.3207,0.4805,0.2652,0.5187,0.3181,0.2122,0.1694,0.3549,
1.0,0.9989,0.9719,0.9708,0.9673,0.9975,0.9954,0.9918,0.9879,0.9193,0.7326,0.9322,0.9045,0.8377,0.8006,0.8525,0.6831,0.8269,0.9436,0.7714,0.6084,0.9565,0.7232,0.6252,0.6103,0.6074,0.8524,0.5581,0.624,0.7724,0.4893,0.5491,0.3899,0.6019,0.6822,0.5875,0.52,0.304,0.4839,0.2581,0.5266,0.3052,0.2032,0.1679,0.3584,
1.0,0.9984,0.9696,0.968,0.9707,0.9968,0.9942,0.9906,0.9838,0.9244,0.7329,0.9331,0.9085,0.8345,0.7968,0.8583,0.6806,0.8195,0.941,0.785,0.6102,0.9538,0.7259,0.6195,0.6105,0.6099,0.8605,0.5618,0.6214,0.7891,0.5085,0.5437,0.3907,0.5966,0.6777,0.5851,0.5219,0.3175,0.4825,0.2586,0.5307,0.3191,0.2139,0.1625,0.3547,
1.0,0.9986,0.9665,0.9651,0.9702,0.9971,0.9955,0.991,0.9846,0.9208,0.7305,0.9297,0.9051,0.8371,0.7958,0.8513,0.677,0.8255,0.941,0.7771,0.6084,0.9528,0.7177,0.62,0.607,0.6105,0.8533,0.5655,0.6168,0.7742,0.4979,0.5448,0.386,0.5856,0.6658,0.5779,0.5216,0.3089,0.4798,0.261,0.5259,0.3035,0.2007,0.1634,0.3459,
1.0,0.9986,0.9685,0.9671,0.9705,0.9975,0.9948,0.9888,0.9841,0.9238,0.7311,0.9316,0.9056,0.8321,0.7912,0.856,0.6754,0.8188,0.9367,0.7803,0.5981,0.9495,0.7166,0.609,0.6032,0.6076,0.8562,0.5559,0.6099,0.7805,0.4997,0.5416,0.3929,0.5942,0.6687,0.5711,0.5146,0.3189,0.4806,0.2494,0.5184,0.3111,0.2096,0.1655,0.3476,
1.0,0.9992,0.969,0.9682,0.97,0.9976,0.9963,0.9922,0.9856,0.9224,0.7403,0.9336,0.9086,0.8416,0.8061,0.8576,0.6902,0.8268,0.9417,0.7864,0.6106,0.9536,0.7138,0.6236,0.6098,0.6242,0.8579,0.5771,0.6196,0.7842,0.507,0.5608,0.3874,0.5879,0.6746,0.5797,0.5272,0.3217,0.4782,0.2602,0.526,0.3147,0.2106,0.1683,0.3539,
1.0,0.9991,0.9645,0.9636,0.9682,0.9983,0.9964,0.9917,0.9859,0.9232,0.7292,0.9262,0.9092,0.8332,0.7962,0.8512,0.6759,0.8213,0.9439,0.7787,0.6073,0.9554,0.7241,0.6193,0.5994,0.6049,0.8564,0.5539,0.6186,0.7815,0.5042,0.5427,0.3887,0.5924,0.6732,0.5786,0.5181,0.3098,0.4851,0.2581,0.525,0.3126,0.2082,0.1574,0.3517,
1.0,0.9988,0.9686,0.9674,0.9693,0.9967,0.9946,0.9889,0.983,0.9245,0.7326,0.9312,0.9065,0.8374,0.7979,0.8569,0.6796,0.8231,0.9359,0.7823,0.6116,0.9473,0.7237,0.6237,0.5987,0.6045,0.851,0.5536,0.6177,0.776,0.5018,0.5348,0.388,0.5838,0.6631,0.5807,0.512,0.3089,0.4771,0.2574,0.5223,0.3083,0.2052,0.1608,0.3475,
1.0,0.9992,0.9691,0.9683,0.9709,0.9971,0.9946,0.9902,0.9861,0.923,0.7396,0.9332,0.906,0.8416,0.8072,0.8571,0.6936,0.83,0.9453,0.7862,0.6163,0.9514,0.7196,0.6302,0.6111,0.6242,0.8543,0.5744,0.6256,0.7827,0.5068,0.5596,0.3884,0.5904,0.6802,0.582,0.5176,0.3169,0.4807,0.2616,0.5277,0.3129,0.2174,0.1644,0.355,
1.0,0.9994,0.9714,0.9708,0.9708,0.9966,0.9951,0.9917,0.9871,0.9224,0.7365,0.936,0.9071,0.8375,0.799,0.8591,0.6877,0.8235,0.942,0.7823,0.6087,0.9509,0.7221,0.6253,0.6135,0.6063,0.8601,0.5705,0.6286,0.7834,0.5053,0.5542,0.3936,0.6003,0.6853,0.5867,0.5186,0.3129,0.4852,0.2627,0.5308,0.3161,0.2065,0.1644,0.3602,
1.0,0.9987,0.9673,0.966,0.9685,0.9972,0.9943,0.9906,0.9854,0.9238,0.736,0.9291,0.9075,0.841,0.8032,0.8545,0.6835,0.8261,0.936,0.78,0.6081,0.9518,0.7177,0.6189,0.5984,0.6097,0.8545,0.5652,0.6113,0.7799,0.5003,0.5516,0.383,0.5852,0.6724,0.5799,0.5137,0.3155,0.4672,0.2542,0.5173,0.3053,0.2023,0.1574,0.3504,
1.0,0.9989,0.9663,0.9652,0.9695,0.9977,0.9958,0.991,0.9848,0.9246,0.7347,0.9286,0.9089,0.8359,0.7966,0.854,0.6825,0.8242,0.9423,0.7824,0.6149,0.9546,0.7321,0.6268,0.6152,0.6141,0.859,0.5671,0.6312,0.7893,0.5047,0.5472,0.3891,0.5943,0.6719,0.5923,0.5192,0.3154,0.4805,0.2673,0.5201,0.3156,0.2054,0.1636,0.3586,
1.0,0.9989,0.9667,0.9656,0.9691,0.9972,0.9955,0.9902,0.9839,0.9219,0.7308,0.9308,0.9074,0.8363,0.7995,0.8537,0.6858,0.8238,0.942,0.7861,0.6066,0.9514,0.7198,0.6156,0.6033,0.6152,0.8631,0.5644,0.6159,0.783,0.5052,0.5508,0.3923,0.5995,0.6753,0.5811,0.5212,0.3224,0.4895,0.2597,0.5347,0.3164,0.2101,0.1635,0.3603,
1.0,0.999,0.9688,0.9678,0.9714,0.9973,0.995,0.9908,0.9847,0.9245,0.7427,0.9343,0.909,0.8461,0.8089,0.8596,0.696,0.8303,0.9368,0.789,0.6201,0.9483,0.7272,0.6361,0.6076,0.6138,0.8591,0.5687,0.6307,0.7811,0.5073,0.5566,0.3965,0.5902,0.6832,0.5896,0.5206,0.3174,0.4733,0.2693,0.5309,0.3134,0.2182,0.1606,0.3572,
1.0,0.9987,0.9699,0.9686,0.9705,0.996,0.9942,0.9898,0.9834,0.9271,0.7414,0.9353,0.9112,0.8423,0.8024,0.8627,0.6884,0.8291,0.943,0.788,0.6258,0.9516,0.732,0.6369,0.615,0.6257,0.8591,0.5815,0.6236,0.783,0.513,0.5599,0.3947,0.5847,0.67,0.5976,0.5302,0.3257,0.4774,0.2612,0.5262,0.3107,0.2109,0.1637,0.3486,
1.0,0.9985,0.9665,0.965,0.9676,0.997,0.9949,0.9914,0.9855,0.9273,0.7346,0.9275,0.9126,0.8367,0.7998,0.8571,0.6833,0.8246,0.9414,0.7871,0.6076,0.9544,0.7249,0.6145,0.5995,0.6057,0.8594,0.5614,0.6253,0.7868,0.5036,0.545,0.3833,0.5905,0.675,0.5842,0.5234,0.3144,0.4777,0.2635,0.5245,0.3142,0.2078,0.1621,0.3598,
1.0,0.9988,0.9683,0.9671,0.9683,0.9973,0.995,0.9902,0.9857,0.9264,0.7348,0.9298,0.9097,0.8366,0.8,0.8568,0.6852,0.8238,0.9427,0.7882,0.6145,0.9568,0.7286,0.6213,0.6055,0.6106,0.8611,0.56,0.6266,0.7815,0.5113,0.5487,0.3893,0.6006,0.6891,0.5884,0.5301,0.3132,0.4902,0.2661,0.539,0.318,0.2151,0.1736,0.3632,
1.0,0.9993,0.9656,0.9649,0.9709,0.9977,0.9955,0.9895,0.9847,0.9207,0.7382,0.9313,0.9046,0.8442,0.8078,0.8535,0.6879,0.8314,0.9416,0.7817,0.6115,0.9544,0.7233,0.6262,0.6083,0.6208,0.8582,0.5726,0.6114,0.7822,0.5063,0.5574,0.3918,0.5884,0.6765,0.5743,0.5229,0.3248,0.4814,0.2533,0.5214,0.3072,0.2081,0.1653,0.3575,
1.0,0.9995,0.9675,0.967,0.9701,0.9966,0.9949,0.9908,0.9848,0.9236,0.7369,0.9323,0.9072,0.8394,0.803,0.8571,0.6821,0.8259,0.9429,0.7818,0.6212,0.9525,0.7273,0.6321,0.6042,0.6146,0.8549,0.5663,0.6158,0.7823,0.499,0.5479,0.3901,0.5879,0.6709,0.5819,0.5212,0.3123,0.477,0.2596,0.5179,0.306,0.2035,0.1741,0.3519,
1.0,0.9992,0.9677,0.9669,0.9688,0.9972,0.9953,0.9917,0.9874,0.923,0.7431,0.9298,0.9068,0.8472,0.8098,0.8544,0.6978,0.8345,0.9418,0.7862,0.6203,0.953,0.7309,0.6316,0.6168,0.6216,0.8627,0.5846,0.6231,0.7852,0.5033,0.5647,0.3985,0.5956,0.6741,0.5916,0.5246,0.3281,0.4893,0.2712,0.5294,0.3129,0.2072,0.1721,0.3626,
1.0,0.9986,0.9663,0.9649,0.9713,0.9973,0.9952,0.9909,0.9866,0.9183,0.7267,0.9305,0.9025,0.8284,0.7922,0.8501,0.6729,0.8164,0.9431,0.7775,0.5998,0.9508,0.7113,0.6119,0.6001,0.6033,0.8546,0.5527,0.6115,0.7752,0.5059,0.5361,0.3913,0.5896,0.6757,0.5752,0.5209,0.3114,0.47,0.252,0.5149,0.3074,0.2146,0.1613,0.3496,
1.0,0.9987,0.9691,0.9678,0.9693,0.9973,0.9951,0.9909,0.9862,0.9242,0.7435,0.9315,0.9084,0.8461,0.8074,0.857,0.6971,0.8344,0.9432,0.7874,0.6157,0.9532,0.7236,0.6293,0.6089,0.6213,0.8641,0.5811,0.6233,0.7865,0.511,0.5597,0.3944,0.5951,0.6807,0.5878,0.5265,0.3232,0.495,0.264,0.5349,0.3242,0.2142,0.1691,0.3688,
1.0,0.9985,0.9649,0.9634,0.9694,0.9975,0.9948,0.9905,0.9857,0.9202,0.7395,0.9281,0.9057,0.8446,0.8102,0.8507,0.6921,0.8315,0.9398,0.7829,0.6091,0.9532,0.7173,0.6177,0.6075,0.6176,0.8633,0.5723,0.6169,0.7814,0.5022,0.5539,0.3817,0.5919,0.6744,0.5772,0.5176,0.3235,0.4835,0.2597,0.5306,0.3108,0.2021,0.1553,0.3615,
1.0,0.9994,0.9687,0.9681,0.9702,0.998,0.9968,0.9935,0.9876,0.9256,0.7434,0.9324,0.9122,0.8427,0.8062,0.859,0.6914,0.8302,0.9373,0.7834,0.6106,0.9589,0.7215,0.6183,0.6072,0.6164,0.858,0.5694,0.6202,0.7917,0.5133,0.5584,0.394,0.5929,0.6774,0.5809,0.5215,0.3272,0.4772,0.2615,0.5241,0.3185,0.2086,0.164,0.3555,
1.0,0.9994,0.9692,0.9686,0.9649,0.9968,0.995,0.989,0.9843,0.922,0.7308,0.9281,0.904,0.8396,0.802,0.8511,0.6864,0.8268,0.9421,0.7779,0.607,0.9507,0.7209,0.6212,0.6012,0.6104,0.8549,0.5661,0.6187,0.7702,0.4969,0.549,0.382,0.593,0.6836,0.5807,0.5291,0.3143,0.4843,0.2611,0.5313,0.3059,0.2015,0.1668,0.3634,
1.0,0.9986,0.965,0.9636,0.9699,0.9973,0.9949,0.991,0.9849,0.922,0.7369,0.9285,0.9077,0.84,0.803,0.8518,0.6837,0.8256,0.9408,0.782,0.6167,0.9504,0.721,0.6232,0.5952,0.611,0.8581,0.5659,0.6182,0.7845,0.5042,0.5466,0.3832,0.5852,0.6727,0.5796,0.5228,0.314,0.4801,0.2666,0.5288,0.3115,0.2109,0.1661,0.3587,
1.0,0.9988,0.9655,0.9643,0.9689,0.9971,0.9947,0.9905,0.9854,0.921,0.7381,0.9281,0.9051,0.842,0.8063,0.8501,0.6889,0.8284,0.941,0.7795,0.6088,0.9512,0.7154,0.6201,0.601,0.6213,0.8581,0.5744,0.6117,0.783,0.5012,0.5585,0.381,0.589,0.6697,0.5767,0.5136,0.3148,0.4792,0.2543,0.5187,0.3096,0.2052,0.1533,0.3575,
1.0,0.9991,0.9693,0.9684,0.9693,0.9978,0.9957,0.99,0.9855,0.9181,0.7327,0.9325,0.9016,0.8418,0.8043,0.8519,0.6902,0.8298,0.9451,0.7813,0.6097,0.9537,0.7149,0.6283,0.6067,0.6135,0.8557,0.5769,0.6183,0.7734,0.4986,0.5646,0.3894,0.593,0.6808,0.5793,0.5247,0.3181,0.4768,0.2634,0.5297,0.3003,0.2063,0.1686,0.3528,
1.0,0.999,0.9682,0.9672,0.968,0.9967,0.9951,0.9907,0.9848,0.9229,0.733,0.9299,0.9057,0.8395,0.7974,0.8537,0.6724,0.8263,0.9377,0.7699,0.6067,0.9509,0.7182,0.6184,0.5964,0.6012,0.849,0.5587,0.6186,0.7765,0.4987,0.5448,0.3846,0.5921,0.676,0.5741,0.5186,0.3183,0.4769,0.2566,0.5235,0.3035,0.2125,0.1614,0.3512,
1.0,0.9993,0.9722,0.9715,0.9711,0.9972,0.9955,0.9917,0.9872,0.9203,0.7379,0.9381,0.906,0.8409,0.8066,0.8601,0.6907,0.8278,0.9398,0.7833,0.6077,0.9504,0.7153,0.6261,0.6067,0.6112,0.8572,0.5675,0.6231,0.7828,0.4979,0.5529,0.3864,0.595,0.6826,0.5835,0.5183,0.3081,0.4798,0.2591,0.5292,0.3109,0.2091,0.1646,0.3512,
1.0,0.9987,0.9689,0.9676,0.9681,0.9969,0.9949,0.9908,0.9858,0.9258,0.7326,0.9311,0.9105,0.835,0.7985,0.8576,0.6838,0.8221,0.9411,0.7854,0.6023,0.9524,0.7191,0.6128,0.6023,0.6097,0.8593,0.5636,0.6206,0.7827,0.5034,0.5448,0.3807,0.5946,0.6788,0.5797,0.5262,0.3158,0.4854,0.2585,0.5284,0.3118,0.2066,0.1657,0.3455,
1.0,0.9991,0.9666,0.9657,0.9701,0.997,0.9953,0.9917,0.9852,0.9246,0.7416,0.932,0.911,0.8431,0.8054,0.8581,0.6854,0.829,0.9403,0.784,0.6162,0.9542,0.7274,0.6251,0.6067,0.6167,0.8569,0.5724,0.6264,0.7857,0.5046,0.5527,0.3874,0.5964,0.6771,0.5891,0.5259,0.317,0.4791,0.2682,0.5265,0.3087,0.2073,0.1704,0.3557,
1.0,0.9992,0.9727,0.9719,0.9706,0.9978,0.9965,0.9908,0.9836,0.9236,0.7315,0.9361,0.907,0.836,0.7973,0.8607,0.689,0.8223,0.9433,0.7867,0.6119,0.9545,0.7208,0.6305,0.6071,0.6183,0.858,0.5714,0.6187,0.7871,0.5142,0.5595,0.3974,0.5903,0.6845,0.5827,0.5267,0.3172,0.4859,0.2565,0.5357,0.316,0.2124,0.166,0.3524,
1.0,0.999,0.9716,0.9706,0.9694,0.9971,0.9953,0.9913,0.9854,0.9297,0.7451,0.9342,0.9136,0.8437,0.8051,0.8642,0.6896,0.8302,0.9397,0.7876,0.6174,0.952,0.7271,0.6288,0.6081,0.6185,0.8561,0.565,0.6302,0.786,0.5058,0.5574,0.3891,0.5988,0.6873,0.5919,0.5257,0.3149,0.4785,0.2743,0.5314,0.3173,0.2165,0.1649,0.3537,
1.0,0.9986,0.9663,0.9649,0.9688,0.9961,0.9939,0.9914,0.9849,0.9272,0.7405,0.9284,0.9112,0.8398,0.8005,0.8567,0.6818,0.8255,0.9371,0.7837,0.6156,0.9521,0.7253,0.6218,0.6034,0.6107,0.8568,0.5639,0.6202,0.7826,0.5074,0.5465,0.3923,0.5904,0.6742,0.585,0.5248,0.3209,0.476,0.2664,0.512,0.3167,0.2073,0.1661,0.3473,
1.0,0.9988,0.9726,0.9714,0.969,0.9981,0.9954,0.9912,0.9869,0.9253,0.7312,0.936,0.9117,0.832,0.7962,0.8615,0.6832,0.8185,0.9417,0.7848,0.6046,0.9563,0.7231,0.6165,0.6038,0.601,0.8601,0.554,0.6205,0.7831,0.5119,0.5385,0.3972,0.6036,0.682,0.5858,0.5232,0.31,0.4858,0.2537,0.5214,0.3225,0.2113,0.1629,0.3545,
1.0,0.9989,0.9672,0.9661,0.9706,0.9965,0.9944,0.9909,0.9845,0.9233,0.7375,0.931,0.9066,0.8413,0.8023,0.8561,0.6816,0.8271,0.9403,0.7786,0.6117,0.9555,0.7238,0.6225,0.6073,0.617,0.851,0.564,0.6158,0.7802,0.511,0.5458,0.3918,0.5834,0.6712,0.5842,0.5241,0.3181,0.4696,0.2595,0.513,0.3145,0.2124,0.1608,0.3525,
1.0,0.9987,0.9673,0.966,0.9694,0.9973,0.9948,0.9913,0.9843,0.9254,0.7401,0.9307,0.9107,0.8403,0.8032,0.8571,0.6849,0.8245,0.9378,0.7861,0.6099,0.9532,0.7189,0.6212,0.5952,0.6165,0.8551,0.5612,0.6202,0.7803,0.5087,0.552,0.3879,0.5983,0.6794,0.5791,0.5242,0.3075,0.4782,0.2665,0.5307,0.3114,0.2127,0.1633,0.3512,
1.0,0.9982,0.9681,0.9663,0.9698,0.9967,0.9936,0.9899,0.9846,0.9263,0.7417,0.9309,0.9107,0.8432,0.8055,0.8592,0.6898,0.8291,0.9415,0.7869,0.6127,0.9534,0.7235,0.6255,0.6125,0.6223,0.8558,0.5768,0.6239,0.7849,0.5049,0.5568,0.3843,0.5906,0.6646,0.5869,0.5249,0.3136,0.4839,0.2676,0.5243,0.3098,0.207,0.1649,0.3595,
1.0,0.9989,0.9684,0.9673,0.967,0.9972,0.9952,0.9913,0.9866,0.9267,0.7385,0.9292,0.9121,0.8381,0.8014,0.857,0.6871,0.8252,0.9434,0.7837,0.6152,0.9514,0.7212,0.6244,0.6021,0.6146,0.8564,0.5669,0.6239,0.7778,0.4994,0.5502,0.3818,0.5861,0.6714,0.5849,0.5221,0.3072,0.475,0.2656,0.5325,0.306,0.2027,0.1614,0.3519,
1.0,0.9989,0.9686,0.9675,0.9695,0.9972,0.9948,0.989,0.9835,0.9228,0.7376,0.9318,0.9056,0.8415,0.8,0.8556,0.685,0.8282,0.9436,0.7806,0.6121,0.9527,0.7194,0.6234,0.607,0.6186,0.8545,0.5734,0.6231,0.7748,0.5038,0.5507,0.3836,0.589,0.6762,0.5847,0.5283,0.3143,0.4787,0.2608,0.522,0.3069,0.2016,0.1569,0.356,
1.0,0.9984,0.965,0.9634,0.9696,0.9974,0.9945,0.9883,0.9831,0.9207,0.7403,0.9277,0.9032,0.8472,0.8074,0.8502,0.6854,0.834,0.9411,0.7777,0.613,0.9502,0.7143,0.6245,0.5972,0.6212,0.8476,0.5728,0.6121,0.7743,0.5006,0.5562,0.3861,0.5909,0.6801,0.5762,0.5198,0.3206,0.4783,0.2562,0.5246,0.3105,0.2124,0.1665,0.3524,
1.0,0.9987,0.9658,0.9645,0.9693,0.9977,0.9954,0.9891,0.9844,0.924,0.7335,0.9283,0.9074,0.8358,0.7965,0.8532,0.6739,0.8231,0.9394,0.7756,0.605,0.9513,0.7209,0.6151,0.6043,0.6151,0.8485,0.5615,0.6183,0.784,0.5097,0.5508,0.3878,0.5844,0.6739,0.5808,0.5171,0.3235,0.4671,0.2603,0.5154,0.3162,0.2114,0.1663,0.3411,
1.0,0.9994,0.969,0.9684,0.9722,0.9969,0.9958,0.9902,0.9844,0.9247,0.7432,0.935,0.9078,0.8454,0.8074,0.8622,0.69,0.8325,0.9387,0.7881,0.6113,0.9538,0.7257,0.6279,0.609,0.6189,0.8576,0.5639,0.6226,0.7845,0.5047,0.5526,0.3873,0.5911,0.6774,0.5813,0.5219,0.3166,0.475,0.2653,0.5271,0.3125,0.2103,0.1634,0.3612,
1.0,0.999,0.9719,0.9709,0.9687,0.9964,0.9945,0.9908,0.9853,0.9218,0.7338,0.933,0.9042,0.8375,0.7985,0.8551,0.6846,0.8257,0.9442,0.7765,0.6073,0.9538,0.7114,0.6234,0.6001,0.611,0.8534,0.5639,0.6161,0.7784,0.5081,0.5549,0.3876,0.5966,0.6839,0.5739,0.5224,0.319,0.4814,0.255,0.5299,0.3099,0.2144,0.1634,0.3557,
1.0,0.9986,0.9643,0.9629,0.9695,0.9969,0.9944,0.9886,0.9834,0.9205,0.7262,0.928,0.9041,0.8337,0.7958,0.8516,0.6729,0.8218,0.9425,0.7806,0.6073,0.9536,0.7266,0.6163,0.6093,0.6097,0.8562,0.5665,0.6166,0.7807,0.5041,0.5471,0.393,0.5901,0.6689,0.5851,0.5196,0.311,0.4857,0.2483,0.5192,0.3137,0.2066,0.1664,0.3548,
1.0,0.9985,0.9701,0.9686,0.9736,0.9976,0.9948,0.9896,0.9835,0.9182,0.7362,0.9363,0.9015,0.8409,0.7996,0.8561,0.686,0.8251,0.9384,0.7811,0.6062,0.9503,0.7147,0.6261,0.6102,0.6122,0.8576,0.5667,0.6176,0.7793,0.4996,0.558,0.3927,0.591,0.6796,0.58,0.5174,0.3166,0.4835,0.2588,0.5298,0.3118,0.2127,0.1624,0.3602,
1.0,0.9986,0.967,0.9656,0.9695,0.9977,0.9949,0.9899,0.9847,0.9229,0.7301,0.9293,0.9069,0.8353,0.7945,0.8541,0.6757,0.8198,0.9361,0.7787,0.6016,0.9529,0.7205,0.6139,0.6034,0.6047,0.853,0.5584,0.6204,0.7776,0.5122,0.544,0.3951,0.5846,0.6769,0.5802,0.5234,0.3173,0.4763,0.2587,0.5295,0.3135,0.2156,0.1677,0.3501,
1.0,0.9992,0.9689,0.9681,0.9703,0.9969,0.9951,0.9914,0.987,0.9226,0.7336,0.9327,0.9067,0.8337,0.7972,0.8567,0.6841,0.8225,0.9424,0.7839,0.603,0.9543,0.7198,0.6177,0.6048,0.6074,0.8562,0.5602,0.6202,0.7809,0.505,0.5494,0.3845,0.592,0.6762,0.5806,0.52,0.3057,0.4776,0.2589,0.5305,0.3095,0.209,0.1565,0.3568,
1.0,0.999,0.968,0.967,0.9689,0.9988,0.9972,0.9909,0.9856,0.9212,0.7347,0.9292,0.9052,0.8369,0.7968,0.8524,0.6839,0.8244,0.9407,0.7765,0.599,0.9534,0.7129,0.6134,0.5969,0.6076,0.858,0.5643,0.6066,0.7811,0.5004,0.5498,0.3863,0.5857,0.6748,0.5728,0.5204,0.3177,0.4756,0.2489,0.523,0.3115,0.2071,0.1574,0.346,
1.0,0.9989,0.965,0.9639,0.9696,0.9975,0.9955,0.9908,0.9863,0.9237,0.7376,0.9275,0.9076,0.8411,0.8056,0.8531,0.6932,0.8295,0.9416,0.7884,0.6145,0.9523,0.7241,0.6255,0.6098,0.6189,0.8595,0.5713,0.6267,0.7824,0.5058,0.5563,0.3915,0.5926,0.6763,0.5892,0.5246,0.3153,0.484,0.2743,0.5263,0.3097,0.2118,0.1595,0.3616,
1.0,0.9989,0.9709,0.9698,0.9691,0.9964,0.9947,0.9917,0.9852,0.9261,0.7397,0.9347,0.911,0.8419,0.8058,0.8618,0.6934,0.8275,0.942,0.7899,0.6164,0.9479,0.721,0.6277,0.6055,0.6196,0.8619,0.5729,0.6247,0.7848,0.5076,0.5542,0.3924,0.5882,0.6748,0.5831,0.5224,0.3178,0.4857,0.2637,0.5245,0.3137,0.204,0.1636,0.3606,
1.0,0.9988,0.9685,0.9673,0.9717,0.9969,0.994,0.9898,0.9862,0.924,0.7342,0.9331,0.9063,0.836,0.7973,0.8589,0.6816,0.8243,0.9444,0.7827,0.6094,0.9549,0.7247,0.6215,0.6159,0.6156,0.8566,0.5678,0.6256,0.7786,0.5054,0.5538,0.3881,0.5938,0.6815,0.5832,0.5244,0.3129,0.483,0.2638,0.5268,0.3103,0.2097,0.1689,0.3565,
1.0,0.9987,0.9665,0.9652,0.9699,0.9968,0.9944,0.9886,0.9833,0.9251,0.7358,0.93,0.9075,0.8399,0.8018,0.857,0.6849,0.8266,0.9368,0.7846,0.6105,0.951,0.7244,0.6206,0.6011,0.6111,0.8549,0.5565,0.6128,0.7778,0.4984,0.5341,0.3839,0.5856,0.664,0.5853,0.5205,0.3121,0.4785,0.2598,0.5278,0.3112,0.1975,0.165,0.3536,
1.0,0.9989,0.9673,0.9662,0.9707,0.9977,0.9951,0.9906,0.9864,0.9242,0.7449,0.932,0.9096,0.8473,0.8099,0.8578,0.6962,0.8348,0.9451,0.7872,0.6192,0.9548,0.7241,0.6315,0.6086,0.6293,0.8607,0.585,0.6128,0.7821,0.5092,0.5639,0.3982,0.5927,0.6813,0.5857,0.5378,0.3274,0.4801,0.2656,0.5187,0.3168,0.2075,0.172,0.3569,
1.0,0.999,0.9652,0.9642,0.9722,0.9973,0.9954,0.9906,0.9857,0.9242,0.7345,0.932,0.9095,0.835,0.7985,0.8563,0.6762,0.8212,0.9399,0.784,0.6055,0.9482,0.7189,0.6185,0.5997,0.6102,0.8529,0.5608,0.6143,0.7845,0.5101,0.5431,0.3884,0.5783,0.672,0.5761,0.5224,0.3179,0.4642,0.2557,0.5172,0.3132,0.2082,0.167,0.3451,
1.0,0.9993,0.9697,0.969,0.9694,0.9973,0.9959,0.9925,0.9875,0.9232,0.7319,0.933,0.9088,0.8337,0.7963,0.8561,0.683,0.8205,0.9379,0.78,0.5998,0.9518,0.7205,0.6152,0.612,0.6033,0.8596,0.5608,0.6256,0.7865,0.5043,0.5456,0.3948,0.6008,0.674,0.5798,0.5152,0.3195,0.4801,0.257,0.5247,0.3136,0.2095,0.1609,0.3588,
1.0,0.9985,0.9656,0.9641,0.9684,0.9967,0.994,0.9902,0.9845,0.9227,0.7324,0.9262,0.9058,0.838,0.7985,0.8505,0.6852,0.8246,0.9404,0.7846,0.6071,0.9505,0.7194,0.6161,0.6019,0.6115,0.8608,0.5754,0.6178,0.7808,0.4984,0.556,0.3804,0.5869,0.6776,0.5804,0.518,0.3184,0.4811,0.2599,0.532,0.3068,0.211,0.161,0.354,
1.0,0.9987,0.9668,0.9655,0.9716,0.9979,0.9953,0.9899,0.9845,0.9169,0.7271,0.9309,0.8992,0.8341,0.7971,0.8495,0.6833,0.8202,0.9373,0.7822,0.5954,0.9547,0.7106,0.6129,0.6058,0.6069,0.8574,0.5544,0.6145,0.7726,0.4918,0.5423,0.3844,0.5965,0.6779,0.5726,0.5219,0.308,0.4887,0.2563,0.5414,0.3038,0.203,0.1696,0.3651,
1.0,0.9992,0.9641,0.9633,0.9708,0.9971,0.9953,0.9913,0.9858,0.9279,0.7395,0.929,0.9117,0.8372,0.8002,0.858,0.6791,0.8231,0.9396,0.784,0.6138,0.9511,0.7244,0.6186,0.6066,0.6181,0.8542,0.5656,0.6148,0.7887,0.5058,0.5524,0.3894,0.5885,0.6688,0.5834,0.5154,0.317,0.4756,0.2578,0.5125,0.3129,0.2054,0.165,0.3513,
1.0,0.9991,0.9675,0.9666,0.9687,0.998,0.9961,0.9902,0.9841,0.9223,0.7332,0.9284,0.905,0.8394,0.7992,0.8525,0.6806,0.8247,0.9404,0.7766,0.6103,0.9523,0.7195,0.6233,0.6034,0.6112,0.8535,0.5649,0.62,0.7805,0.4986,0.5554,0.3926,0.5983,0.681,0.5833,0.5296,0.3143,0.4788,0.2612,0.5258,0.3112,0.2084,0.1692,0.3575,
1.0,0.999,0.9693,0.9683,0.9701,0.9976,0.9956,0.9907,0.9849,0.9218,0.7302,0.9332,0.9056,0.8361,0.7989,0.8564,0.6828,0.8219,0.9378,0.784,0.598,0.9531,0.7182,0.6141,0.6064,0.6075,0.8571,0.5597,0.6161,0.7821,0.5144,0.5467,0.3899,0.5904,0.6785,0.5766,0.5204,0.3221,0.4738,0.256,0.5204,0.3191,0.215,0.1563,0.3537,
1.0,0.999,0.9686,0.9676,0.9695,0.9966,0.9945,0.991,0.9857,0.929,0.7407,0.9318,0.9125,0.839,0.8003,0.8618,0.688,0.826,0.9425,0.789,0.6194,0.9538,0.7351,0.6268,0.616,0.6151,0.8616,0.5713,0.63,0.7878,0.5059,0.5534,0.3884,0.5979,0.6724,0.5972,0.5221,0.3117,0.4856,0.2679,0.5248,0.315,0.1999,0.1636,0.3579,
1.0,0.9985,0.9688,0.9673,0.9728,0.9974,0.995,0.99,0.9844,0.9238,0.7372,0.9346,0.9075,0.8384,0.7972,0.8595,0.6817,0.8249,0.9422,0.7821,0.6127,0.9517,0.7222,0.6285,0.6043,0.6128,0.8539,0.5688,0.6187,0.7846,0.5139,0.5497,0.3921,0.5868,0.6718,0.5805,0.5205,0.3169,0.4756,0.2601,0.523,0.3143,0.2098,0.1629,0.3487,
1.0,0.9985,0.97,0.9685,0.9703,0.9969,0.9936,0.9905,0.9841,0.9283,0.7418,0.9336,0.9123,0.8429,0.8025,0.8619,0.6833,0.8269,0.9384,0.7822,0.6176,0.9533,0.7246,0.6258,0.6032,0.6185,0.8529,0.5654,0.6227,0.7823,0.5099,0.5525,0.3926,0.588,0.6764,0.5831,0.5147,0.3203,0.476,0.2589,0.5233,0.3193,0.2087,0.1567,0.3591,
1.0,0.9979,0.9674,0.9653,0.9698,0.9972,0.9941,0.9903,0.9849,0.9273,0.7419,0.9307,0.9134,0.8421,0.8047,0.8588,0.6877,0.8281,0.9412,0.7886,0.621,0.9536,0.7282,0.6275,0.6029,0.6154,0.856,0.5674,0.6299,0.7806,0.502,0.5484,0.3826,0.5937,0.6775,0.5972,0.526,0.3115,0.4776,0.2698,0.5183,0.3099,0.2051,0.1708,0.3598,
1.0,0.9992,0.9659,0.9651,0.9697,0.9977,0.9963,0.9899,0.986,0.9185,0.7359,0.9297,0.9027,0.8415,0.8057,0.8486,0.6861,0.8308,0.9457,0.7798,0.6128,0.954,0.7181,0.624,0.6058,0.6173,0.8553,0.5739,0.6149,0.7771,0.5074,0.5555,0.3876,0.5979,0.6798,0.5895,0.5316,0.3242,0.4817,0.267,0.5196,0.3161,0.2048,0.1707,0.3603,
1.0,0.9983,0.9681,0.9664,0.9702,0.9977,0.995,0.99,0.984,0.9214,0.7357,0.9317,0.9065,0.8409,0.8024,0.8548,0.6834,0.8269,0.9387,0.7801,0.6119,0.9536,0.7204,0.6258,0.607,0.6127,0.8538,0.5673,0.6237,0.7788,0.5038,0.5522,0.3842,0.5878,0.6766,0.5854,0.5117,0.3195,0.4736,0.2629,0.5261,0.3069,0.2111,0.1638,0.3522,
1.0,0.9991,0.9672,0.9663,0.9695,0.9978,0.9957,0.9917,0.9871,0.9245,0.7392,0.9311,0.911,0.8383,0.8022,0.8562,0.6868,0.8257,0.9441,0.7832,0.6188,0.956,0.7246,0.6271,0.6077,0.6182,0.8618,0.5709,0.622,0.7848,0.5108,0.5542,0.3884,0.589,0.6805,0.5846,0.5246,0.3158,0.4797,0.2634,0.5264,0.3181,0.2155,0.1612,0.3559,
1.0,0.9993,0.9658,0.9651,0.9677,0.9974,0.9959,0.9913,0.9849,0.9269,0.7358,0.9271,0.9113,0.8375,0.7993,0.8557,0.6817,0.8244,0.9419,0.784,0.6113,0.9544,0.7228,0.6173,0.6015,0.6179,0.8557,0.5701,0.6237,0.7812,0.5056,0.5537,0.3824,0.5897,0.673,0.5866,0.5191,0.3218,0.478,0.2637,0.5276,0.3034,0.2078,0.1619,0.3558,
1.0,0.9991,0.9661,0.9652,0.9689,0.9981,0.9966,0.99,0.9849,0.9239,0.7385,0.9296,0.9089,0.8407,0.8037,0.8548,0.6877,0.8291,0.939,0.7856,0.6125,0.9559,0.7287,0.623,0.6114,0.6133,0.8587,0.5672,0.6277,0.782,0.5066,0.5488,0.3856,0.5927,0.6754,0.5895,0.5266,0.3168,0.4937,0.2708,0.5361,0.312,0.2106,0.1619,0.3578,
1.0,0.9986,0.9674,0.966,0.9716,0.9972,0.9945,0.9902,0.9849,0.9262,0.7346,0.9322,0.9098,0.8338,0.794,0.8588,0.6776,0.82,0.9368,0.7845,0.6054,0.9527,0.7197,0.6143,0.6054,0.6124,0.856,0.5604,0.6213,0.7847,0.5069,0.5454,0.3853,0.5864,0.6675,0.5793,0.5187,0.316,0.4794,0.2566,0.5233,0.3159,0.2066,0.1638,0.3484,
1.0,0.9984,0.9666,0.965,0.9686,0.9971,0.9942,0.9904,0.9847,0.9216,0.7359,0.9285,0.9062,0.8427,0.8031,0.8527,0.6851,0.8291,0.9378,0.7767,0.6058,0.9544,0.7161,0.6176,0.595,0.6107,0.8527,0.5697,0.6148,0.7769,0.5096,0.5531,0.3844,0.5881,0.6765,0.5761,0.5232,0.3238,0.4748,0.2555,0.5206,0.3142,0.2178,0.1613,0.3489,
1.0,0.9982,0.9705,0.9687,0.9693,0.9972,0.9947,0.9903,0.9846,0.9312,0.7457,0.9323,0.9154,0.8405,0.7975,0.8646,0.6875,0.8273,0.9391,0.788,0.617,0.9533,0.7295,0.6235,0.604,0.6153,0.8579,0.5676,0.632,0.7903,0.507,0.5548,0.3776,0.592,0.6734,0.588,0.5182,0.3103,0.4759,0.2597,0.5311,0.3158,0.211,0.1588,0.3526,
1.0,0.9992,0.9648,0.964,0.9683,0.9967,0.9951,0.9908,0.9864,0.9239,0.7436,0.9269,0.9076,0.847,0.8093,0.8524,0.6919,0.8354,0.9406,0.7831,0.6229,0.9548,0.7315,0.6306,0.6147,0.6156,0.8575,0.5752,0.6287,0.7811,0.5026,0.5575,0.3885,0.5939,0.6718,0.5917,0.5254,0.3193,0.488,0.2745,0.519,0.3151,0.2091,0.1668,0.3653,
1.0,0.9986,0.9685,0.9671,0.9684,0.9978,0.9959,0.9887,0.9833,0.9228,0.7368,0.9283,0.9039,0.8426,0.8013,0.8527,0.6868,0.8309,0.9413,0.7787,0.6092,0.9536,0.719,0.6226,0.6001,0.6106,0.8531,0.5667,0.617,0.7818,0.5034,0.5517,0.3825,0.5897,0.6741,0.5796,0.5231,0.3127,0.4698,0.2602,0.5173,0.3057,0.2064,0.1571,0.3518,
1.0,0.9991,0.9672,0.9663,0.9679,0.9975,0.9958,0.9911,0.9852,0.9216,0.7309,0.9277,0.9057,0.8343,0.7955,0.8514,0.6772,0.8224,0.9429,0.7759,0.6091,0.9553,0.7259,0.6253,0.6121,0.6102,0.8524,0.5618,0.6193,0.7805,0.5055,0.5473,0.3958,0.587,0.6689,0.5845,0.5178,0.3121,0.4836,0.2574,0.5171,0.3099,0.2042,0.1673,0.3484,
1.0,0.9987,0.9706,0.9693,0.9713,0.9969,0.9944,0.9901,0.9865,0.9241,0.7368,0.9342,0.907,0.8374,0.8016,0.8587,0.6903,0.8262,0.9389,0.7862,0.6049,0.9532,0.7185,0.6197,0.6064,0.6151,0.8548,0.5618,0.6156,0.7798,0.5039,0.5542,0.3897,0.5947,0.6823,0.5777,0.5114,0.3113,0.4758,0.2543,0.5304,0.3115,0.2141,0.1627,0.3513,
1.0,0.999,0.9694,0.9684,0.9685,0.9974,0.9953,0.9903,0.9854,0.922,0.7306,0.9318,0.9063,0.8346,0.7972,0.855,0.6782,0.8211,0.9381,0.7761,0.6005,0.9539,0.7176,0.6113,0.6009,0.6012,0.8549,0.5533,0.6157,0.7804,0.506,0.5408,0.3824,0.587,0.6777,0.578,0.5214,0.31,0.4771,0.2535,0.527,0.3167,0.2137,0.1563,0.353,
1.0,0.9996,0.9675,0.9671,0.9689,0.997,0.9953,0.9909,0.9845,0.9219,0.7362,0.9307,0.906,0.8412,0.8015,0.8532,0.6869,0.8278,0.9424,0.7827,0.6132,0.9538,0.7231,0.6229,0.605,0.6155,0.861,0.572,0.6094,0.779,0.4933,0.5539,0.3886,0.5884,0.6752,0.5765,0.5129,0.3144,0.4846,0.249,0.5271,0.3071,0.2014,0.1598,0.3562,
1.0,0.9983,0.9695,0.9678,0.9699,0.9971,0.9944,0.991,0.9863,0.9215,0.7318,0.9327,0.9066,0.8378,0.802,0.8552,0.6854,0.8263,0.9446,0.7825,0.6101,0.9534,0.7224,0.6246,0.611,0.6137,0.8601,0.5705,0.6172,0.781,0.4963,0.5522,0.3879,0.5929,0.6755,0.5822,0.518,0.3141,0.4802,0.2524,0.5263,0.3039,0.2014,0.1658,0.3527,
1.0,0.9991,0.9652,0.9643,0.9685,0.9974,0.9953,0.9899,0.9847,0.922,0.735,0.9272,0.9046,0.841,0.8018,0.851,0.6842,0.8282,0.9394,0.7813,0.6075,0.9519,0.7166,0.6164,0.6053,0.6152,0.8576,0.5749,0.6148,0.7802,0.5044,0.5553,0.3895,0.5908,0.6688,0.5754,0.5266,0.3186,0.4817,0.2635,0.522,0.3157,0.2048,0.1657,0.357,
1.0,0.9991,0.9656,0.9647,0.9689,0.9972,0.9952,0.991,0.9865,0.9217,0.7298,0.9267,0.9046,0.8326,0.7974,0.8504,0.6851,0.8198,0.9434,0.7858,0.6027,0.9512,0.7133,0.6136,0.5944,0.6066,0.8606,0.5578,0.6087,0.7793,0.5063,0.5362,0.379,0.5855,0.6763,0.5765,0.5256,0.3106,0.4839,0.259,0.5215,0.3124,0.2043,0.1618,0.3492,
1.0,0.9981,0.9698,0.9679,0.9698,0.9972,0.9948,0.9908,0.9857,0.9267,0.7474,0.9329,0.9126,0.8467,0.8109,0.8601,0.6944,0.8333,0.9367,0.787,0.6245,0.9475,0.73,0.6328,0.6164,0.6255,0.8585,0.5675,0.6377,0.7866,0.5048,0.5551,0.4031,0.5959,0.674,0.5916,0.5193,0.3207,0.4725,0.2778,0.5264,0.3157,0.2125,0.1654,0.3605,
1.0,0.9991,0.9676,0.9667,0.9699,0.9971,0.9952,0.9911,0.985,0.9225,0.7446,0.931,0.9067,0.8503,0.8123,0.8549,0.6947,0.8362,0.9406,0.7812,0.6185,0.956,0.7198,0.6312,0.6006,0.6211,0.8544,0.5751,0.6149,0.7779,0.5108,0.5627,0.3869,0.582,0.6819,0.5808,0.5295,0.324,0.4738,0.2668,0.5241,0.3102,0.2103,0.1643,0.3518,
1.0,0.9989,0.9699,0.9688,0.969,0.9976,0.995,0.9905,0.9851,0.9228,0.7428,0.9327,0.9074,0.848,0.8112,0.8579,0.6996,0.8319,0.9385,0.7848,0.6138,0.9513,0.7158,0.6285,0.6039,0.6194,0.8611,0.5736,0.6169,0.7794,0.5046,0.5544,0.3864,0.5945,0.6725,0.581,0.5251,0.3184,0.483,0.2637,0.5245,0.3121,0.2063,0.1638,0.356,
1.0,0.9988,0.969,0.9678,0.9687,0.9982,0.9958,0.9897,0.9847,0.9236,0.7401,0.9313,0.9079,0.8435,0.805,0.8559,0.6903,0.8309,0.9419,0.7808,0.6168,0.9508,0.7261,0.6279,0.6102,0.6229,0.858,0.5749,0.6254,0.784,0.5004,0.5615,0.3902,0.5885,0.6769,0.5885,0.5218,0.3155,0.4798,0.2647,0.5242,0.3117,0.2065,0.1622,0.3595,
1.0,0.9987,0.9666,0.9653,0.9694,0.9979,0.9959,0.9902,0.9834,0.927,0.7375,0.9305,0.9124,0.8406,0.8008,0.8586,0.683,0.8278,0.9387,0.7836,0.6101,0.9528,0.7256,0.6184,0.6092,0.618,0.8572,0.5678,0.6264,0.786,0.5006,0.5568,0.3823,0.5954,0.6762,0.5811,0.514,0.3193,0.4847,0.2632,0.5338,0.3115,0.2071,0.1589,0.3542,
1.0,0.9984,0.9689,0.9673,0.97,0.9972,0.994,0.9898,0.9855,0.9221,0.7377,0.9318,0.9058,0.8411,0.8057,0.8551,0.6951,0.8285,0.9424,0.7889,0.6151,0.9515,0.7229,0.6283,0.6152,0.6228,0.8611,0.5758,0.623,0.7804,0.5049,0.5582,0.3958,0.5905,0.6814,0.5839,0.5163,0.3177,0.4853,0.2615,0.5321,0.3157,0.2079,0.166,0.3657,
1.0,0.9988,0.97,0.9688,0.9695,0.9972,0.995,0.9909,0.9853,0.9258,0.7364,0.9326,0.9093,0.8367,0.7974,0.8602,0.6852,0.8237,0.942,0.7831,0.6152,0.9517,0.7256,0.629,0.6128,0.6152,0.8575,0.5664,0.6332,0.7836,0.5,0.5541,0.3806,0.5892,0.675,0.5913,0.517,0.3122,0.4812,0.2585,0.5335,0.3097,0.2076,0.1624,0.3595,
1.0,0.9989,0.9678,0.9667,0.9721,0.9976,0.9949,0.9894,0.9843,0.9245,0.7412,0.9334,0.9067,0.8437,0.8058,0.8596,0.6929,0.8293,0.9385,0.7901,0.6108,0.953,0.7184,0.626,0.5994,0.6173,0.8561,0.5704,0.6154,0.7855,0.5141,0.5543,0.3863,0.5866,0.6719,0.577,0.5287,0.318,0.4817,0.2658,0.5211,0.316,0.2161,0.1678,0.3562,
1.0,0.9987,0.9643,0.963,0.9701,0.9979,0.996,0.99,0.9847,0.9228,0.7385,0.9268,0.9063,0.8415,0.8051,0.8518,0.6844,0.8294,0.9373,0.7824,0.6059,0.9527,0.72,0.6168,0.6027,0.6128,0.8566,0.5649,0.6118,0.7843,0.5012,0.5482,0.3897,0.5873,0.6707,0.5764,0.5168,0.3245,0.4805,0.2556,0.5324,0.3123,0.2103,0.1641,0.3577,
1.0,0.9986,0.9673,0.9659,0.9703,0.9973,0.9949,0.9911,0.9852,0.9251,0.739,0.9312,0.9103,0.8409,0.8033,0.8578,0.6834,0.8273,0.9393,0.782,0.6072,0.9517,0.7174,0.6183,0.5983,0.6127,0.856,0.5628,0.619,0.7845,0.504,0.5459,0.3841,0.5848,0.6671,0.5722,0.52,0.317,0.4786,0.2613,0.519,0.3116,0.21,0.1598,0.3605,
1.0,0.999,0.9671,0.9661,0.9702,0.9974,0.9952,0.9916,0.9869,0.9234,0.7403,0.9315,0.9087,0.8439,0.8092,0.8557,0.6896,0.8314,0.9381,0.7832,0.6102,0.9535,0.7241,0.6263,0.5985,0.607,0.8558,0.5609,0.6173,0.7823,0.4957,0.5474,0.3806,0.5901,0.6742,0.5761,0.5148,0.3101,0.4757,0.2609,0.5228,0.301,0.2073,0.1605,0.3623,
1.0,0.9991,0.9708,0.9699,0.9692,0.9969,0.995,0.9901,0.9846,0.922,0.7319,0.9339,0.9055,0.8365,0.7999,0.8576,0.683,0.8222,0.9395,0.7811,0.604,0.9509,0.7192,0.6183,0.611,0.6121,0.8548,0.5654,0.6207,0.7808,0.5051,0.5536,0.3932,0.5922,0.6775,0.581,0.5179,0.3192,0.475,0.2583,0.5236,0.313,0.2128,0.1624,0.3537,
1.0,0.9991,0.9663,0.9654,0.9721,0.9983,0.9966,0.99,0.9843,0.9268,0.7494,0.9321,0.9111,0.8475,0.8094,0.8602,0.6924,0.8339,0.9392,0.7889,0.6252,0.9552,0.7284,0.6342,0.6123,0.6266,0.8579,0.5743,0.6241,0.7867,0.5115,0.5583,0.3909,0.5879,0.6762,0.5909,0.5235,0.3189,0.4765,0.2714,0.522,0.3211,0.211,0.1679,0.3593,
1.0,0.9991,0.9686,0.9677,0.9688,0.9967,0.9941,0.9905,0.9837,0.9275,0.734,0.9313,0.9109,0.8346,0.7944,0.8596,0.6771,0.8177,0.938,0.784,0.6074,0.9516,0.7199,0.6177,0.5985,0.6096,0.8534,0.5645,0.6199,0.7829,0.501,0.5495,0.375,0.5884,0.6769,0.5815,0.516,0.3075,0.4796,0.2577,0.5242,0.3122,0.2069,0.1595,0.3493,
1.0,0.9986,0.9651,0.9637,0.9696,0.997,0.9941,0.9901,0.984,0.9257,0.7449,0.9282,0.91,0.8471,0.8086,0.8546,0.69,0.8323,0.9387,0.7855,0.6191,0.953,0.726,0.6283,0.6014,0.6191,0.8535,0.5708,0.6205,0.7794,0.5043,0.5499,0.3779,0.5828,0.6683,0.5899,0.521,0.3167,0.472,0.2638,0.523,0.3056,0.2015,0.1608,0.3493,
1.0,0.9985,0.9645,0.963,0.9707,0.9976,0.9952,0.9899,0.9824,0.9254,0.7342,0.9283,0.9094,0.8353,0.7945,0.8558,0.6741,0.8197,0.9392,0.7848,0.6084,0.9524,0.7208,0.6169,0.6002,0.6118,0.8544,0.5615,0.6135,0.7815,0.5052,0.54,0.385,0.5887,0.672,0.5804,0.5133,0.306,0.4836,0.2517,0.5219,0.3103,0.2079,0.1596,0.349,
1.0,0.9992,0.9671,0.9663,0.9703,0.9971,0.9951,0.9902,0.9855,0.9235,0.7395,0.9294,0.9055,0.8421,0.8046,0.8542,0.6859,0.8275,0.9354,0.7792,0.5993,0.9488,0.7081,0.6141,0.6,0.611,0.8484,0.5607,0.6102,0.7807,0.502,0.5505,0.3807,0.588,0.6699,0.5733,0.5066,0.3131,0.4694,0.2517,0.5139,0.3057,0.208,0.155,0.3486,
1.0,0.9987,0.9706,0.9693,0.9713,0.9966,0.9942,0.9905,0.9831,0.9241,0.736,0.9334,0.9057,0.8396,0.7957,0.8589,0.6839,0.824,0.9411,0.7803,0.6088,0.9571,0.7223,0.6266,0.6094,0.6156,0.8518,0.5675,0.6192,0.7791,0.5089,0.555,0.399,0.6028,0.6802,0.5829,0.5249,0.3204,0.486,0.2561,0.528,0.3164,0.2048,0.1706,0.3583,
1.0,0.9992,0.9703,0.9695,0.9748,0.997,0.995,0.9903,0.9855,0.9223,0.7399,0.9392,0.9056,0.8398,0.8005,0.8625,0.6852,0.8271,0.9398,0.7848,0.6081,0.9502,0.7188,0.6291,0.6048,0.6123,0.8555,0.5638,0.6112,0.7787,0.5033,0.5466,0.3912,0.5783,0.6657,0.5723,0.5147,0.3125,0.4764,0.2523,0.5232,0.3078,0.2027,0.1657,0.3491,
1.0,0.9987,0.966,0.9647,0.9689,0.9979,0.9958,0.9911,0.9847,0.926,0.7354,0.9286,0.9119,0.8365,0.7997,0.8567,0.6813,0.8219,0.9391,0.7847,0.6116,0.9522,0.7232,0.618,0.6054,0.6111,0.8579,0.5625,0.6285,0.7884,0.5031,0.5483,0.3897,0.5988,0.6721,0.5921,0.5172,0.3129,0.4842,0.2652,0.5254,0.3164,0.2117,0.1636,0.3574,
1.0,0.9986,0.9649,0.9635,0.9705,0.9973,0.9948,0.9918,0.9862,0.9195,0.7359,0.9285,0.9048,0.8376,0.7984,0.8487,0.6819,0.8222,0.9391,0.7773,0.5991,0.9533,0.7062,0.6095,0.5955,0.6135,0.8544,0.5669,0.6076,0.7808,0.5044,0.5495,0.3832,0.5937,0.6717,0.5746,0.5215,0.3161,0.4805,0.2538,0.5231,0.3095,0.2076,0.1545,0.354,
1.0,0.9987,0.9642,0.9629,0.971,0.9972,0.9951,0.9907,0.9865,0.925,0.7387,0.9285,0.9084,0.8391,0.8016,0.8546,0.6807,0.8278,0.9448,0.7839,0.6173,0.9542,0.728,0.6251,0.6067,0.6156,0.8568,0.5673,0.6169,0.7848,0.5067,0.547,0.3869,0.5871,0.6697,0.5933,0.5297,0.3136,0.4799,0.2607,0.5195,0.3121,0.2058,0.1731,0.352,
1.0,0.9992,0.9642,0.9634,0.9686,0.9976,0.9958,0.9909,0.9852,0.9268,0.7423,0.9269,0.9116,0.8437,0.8047,0.8545,0.6808,0.8294,0.941,0.7798,0.6122,0.9535,0.7207,0.6191,0.5968,0.618,0.8544,0.5639,0.6201,0.7835,0.5018,0.5531,0.3852,0.5922,0.678,0.5817,0.5199,0.3154,0.4811,0.2578,0.5278,0.3137,0.2032,0.1622,0.3612,
1.0,0.9995,0.9707,0.9702,0.9704,0.9969,0.9954,0.9901,0.9839,0.9248,0.7308,0.9353,0.9083,0.8335,0.7967,0.8606,0.6786,0.8195,0.9404,0.7816,0.6095,0.9495,0.723,0.622,0.6097,0.6099,0.8532,0.5555,0.6211,0.7814,0.5071,0.542,0.388,0.5878,0.6687,0.5831,0.5219,0.312,0.4765,0.2601,0.5193,0.3123,0.2079,0.1666,0.3488,
1.0,0.9989,0.9681,0.967,0.9725,0.9979,0.9951,0.9903,0.9855,0.9167,0.7286,0.934,0.9015,0.8356,0.797,0.8508,0.6774,0.8221,0.9383,0.7747,0.5974,0.9558,0.7145,0.6149,0.6049,0.6053,0.8525,0.5566,0.6104,0.7783,0.4989,0.5475,0.3909,0.596,0.6766,0.5704,0.5163,0.3162,0.4782,0.2551,0.5203,0.3115,0.2045,0.163,0.3537,
1.0,0.9988,0.9663,0.9651,0.9701,0.9979,0.9955,0.9907,0.9855,0.927,0.7388,0.9304,0.9123,0.8365,0.7972,0.8588,0.6808,0.8227,0.938,0.7851,0.6084,0.9534,0.7227,0.615,0.6013,0.6102,0.8599,0.5635,0.6165,0.7803,0.5006,0.5417,0.3858,0.5874,0.6758,0.5793,0.5188,0.3153,0.4777,0.2594,0.5247,0.3048,0.2068,0.1557,0.3531,
1.0,0.9988,0.9681,0.9669,0.9714,0.9965,0.9942,0.9899,0.9863,0.9233,0.7328,0.9331,0.9067,0.835,0.8003,0.8583,0.6825,0.823,0.943,0.7852,0.6017,0.9518,0.7203,0.6149,0.605,0.6074,0.8542,0.5623,0.6173,0.7856,0.5115,0.546,0.38,0.5903,0.6716,0.576,0.5201,0.3134,0.4753,0.2579,0.5194,0.3113,0.2099,0.1594,0.3505,
1.0,0.9988,0.9695,0.9683,0.9718,0.997,0.9945,0.9904,0.9854,0.9223,0.7373,0.9342,0.9053,0.8403,0.8033,0.8572,0.6874,0.8275,0.9433,0.7836,0.6119,0.9506,0.7209,0.6286,0.6088,0.6165,0.8582,0.5688,0.6193,0.7846,0.5045,0.5594,0.3867,0.6008,0.6835,0.5841,0.5185,0.3194,0.4816,0.2594,0.5349,0.3101,0.2139,0.1627,0.3578,
1.0,0.9992,0.9652,0.9644,0.9696,0.9977,0.9958,0.9915,0.9854,0.9272,0.7362,0.9281,0.9118,0.8361,0.7977,0.8559,0.6791,0.8231,0.9418,0.7847,0.6154,0.9584,0.7347,0.6205,0.6111,0.6102,0.8574,0.5655,0.6234,0.789,0.5139,0.5487,0.3974,0.5926,0.6771,0.5894,0.5195,0.3269,0.4885,0.2566,0.5251,0.3202,0.2104,0.1666,0.3533,
1.0,0.9988,0.9674,0.9662,0.9671,0.9977,0.9958,0.9923,0.9881,0.9236,0.738,0.9273,0.909,0.8408,0.8062,0.8512,0.6901,0.8279,0.9419,0.7801,0.6133,0.9534,0.7252,0.6251,0.607,0.6161,0.8569,0.5714,0.6226,0.787,0.5098,0.5534,0.3917,0.5871,0.6723,0.5875,0.5207,0.3229,0.4761,0.2633,0.5255,0.3149,0.2061,0.1724,0.3532,
1.0,0.999,0.9677,0.9667,0.9712,0.9971,0.9953,0.9897,0.9847,0.9259,0.7385,0.9322,0.9084,0.839,0.8008,0.8588,0.6848,0.8267,0.9379,0.7856,0.6114,0.9494,0.7197,0.6235,0.6035,0.6126,0.8532,0.5586,0.6239,0.7795,0.5032,0.5484,0.3929,0.5937,0.6736,0.5779,0.5096,0.3053,0.4722,0.2681,0.5297,0.3065,0.2157,0.16,0.3548,
1.0,0.9991,0.9662,0.9653,0.9679,0.9978,0.9958,0.9911,0.9852,0.9248,0.7351,0.9286,0.91,0.8388,0.7994,0.8526,0.6815,0.8252,0.9418,0.7774,0.6157,0.9542,0.7269,0.6242,0.6057,0.6122,0.8566,0.5656,0.6206,0.7816,0.5041,0.553,0.3887,0.5971,0.6835,0.5882,0.515,0.32,0.4794,0.2525,0.5323,0.3111,0.2067,0.1624,0.3567,
1.0,0.999,0.9678,0.9668,0.9661,0.997,0.9948,0.9884,0.9839,0.9204,0.7286,0.9273,0.9021,0.8388,0.7962,0.8494,0.6798,0.8247,0.944,0.7751,0.6131,0.9479,0.7213,0.6208,0.6098,0.6109,0.8577,0.5706,0.6172,0.7707,0.4907,0.5534,0.3817,0.5911,0.6731,0.5839,0.525,0.315,0.4745,0.2579,0.5115,0.2984,0.1944,0.1603,0.3511,
1.0,0.9992,0.9673,0.9665,0.9691,0.9977,0.9958,0.9908,0.9866,0.9243,0.7381,0.9309,0.9096,0.8384,0.8023,0.8566,0.6866,0.8249,0.941,0.783,0.6132,0.9508,0.7225,0.6213,0.6045,0.6125,0.8587,0.5648,0.6218,0.7799,0.5112,0.5473,0.3981,0.5921,0.6708,0.5853,0.5211,0.3169,0.4831,0.2597,0.5194,0.3141,0.2012,0.1663,0.3544,
1.0,0.9989,0.9693,0.9682,0.9726,0.9967,0.994,0.9902,0.984,0.9235,0.7384,0.9365,0.9079,0.8387,0.802,0.8618,0.6864,0.8251,0.9406,0.7908,0.6118,0.9527,0.7239,0.624,0.6047,0.6178,0.8616,0.5688,0.6187,0.7851,0.4993,0.5473,0.3837,0.5886,0.6656,0.5742,0.5173,0.3131,0.4796,0.2615,0.5263,0.3063,0.1975,0.1612,0.352,
1.0,0.9985,0.9692,0.9677,0.9717,0.9971,0.9944,0.9893,0.9842,0.9237,0.7399,0.9332,0.9062,0.8419,0.8032,0.8583,0.6875,0.8291,0.9379,0.7837,0.6068,0.9531,0.7223,0.6217,0.6058,0.6142,0.8565,0.5689,0.6222,0.787,0.5018,0.5574,0.3837,0.591,0.6781,0.5793,0.5207,0.3148,0.4792,0.266,0.5227,0.3139,0.2123,0.1622,0.3613,
1.0,0.9985,0.9688,0.9673,0.9699,0.9973,0.9944,0.9905,0.9855,0.9206,0.7345,0.9334,0.9063,0.8406,0.8031,0.8551,0.6834,0.8258,0.9395,0.7765,0.6082,0.9505,0.7172,0.6217,0.6023,0.6131,0.8527,0.5662,0.6209,0.7778,0.5008,0.5566,0.3875,0.5842,0.6719,0.5828,0.5155,0.3184,0.4736,0.2578,0.5195,0.3055,0.2057,0.1627,0.3445,
1.0,0.999,0.9678,0.9668,0.9717,0.9966,0.9944,0.9893,0.9858,0.9215,0.7374,0.9329,0.9032,0.8399,0.8016,0.8565,0.6827,0.8277,0.9445,0.7805,0.6109,0.952,0.7179,0.6262,0.6119,0.618,0.8492,0.565,0.6271,0.776,0.4983,0.5598,0.3852,0.6011,0.69,0.5856,0.5234,0.3081,0.479,0.2649,0.526,0.3067,0.2051,0.168,0.3571,
1.0,0.9989,0.9687,0.9676,0.9701,0.9978,0.9953,0.9897,0.9858,0.927,0.7413,0.9336,0.9123,0.8402,0.805,0.862,0.6838,0.8285,0.9398,0.7838,0.614,0.953,0.724,0.6216,0.6052,0.6199,0.8537,0.5702,0.6221,0.7924,0.5198,0.5594,0.3916,0.5926,0.6762,0.5824,0.528,0.3237,0.4711,0.2662,0.5222,0.3255,0.2189,0.1659,0.3493,
1.0,0.9992,0.9708,0.97,0.9709,0.997,0.9955,0.9914,0.986,0.9258,0.7414,0.9356,0.9103,0.8393,0.802,0.8617,0.6902,0.8269,0.9448,0.7891,0.6118,0.9502,0.7142,0.6267,0.6066,0.6246,0.8558,0.5783,0.6238,0.7847,0.5155,0.5655,0.3896,0.5852,0.6769,0.58,0.5206,0.3247,0.4736,0.2663,0.5282,0.3155,0.2145,0.1611,0.3449,
1.0,0.9989,0.9681,0.967,0.9713,0.9975,0.9958,0.9911,0.9839,0.9202,0.7308,0.9337,0.9062,0.8362,0.7984,0.8549,0.6782,0.8216,0.9368,0.779,0.6087,0.9499,0.7215,0.6253,0.6037,0.6064,0.8526,0.5576,0.6172,0.7798,0.5004,0.5489,0.3965,0.587,0.6718,0.5775,0.5124,0.3078,0.4764,0.2594,0.5244,0.3086,0.2053,0.1685,0.3455,
1.0,0.999,0.9695,0.9685,0.9682,0.9977,0.9958,0.9892,0.983,0.9231,0.7378,0.9319,0.9071,0.8421,0.804,0.8566,0.6837,0.8279,0.9384,0.7787,0.6123,0.9506,0.7195,0.6254,0.6053,0.6173,0.8501,0.5686,0.6191,0.7815,0.4996,0.5558,0.3863,0.5852,0.6769,0.5775,0.5177,0.3123,0.4736,0.2623,0.5198,0.3083,0.2076,0.1611,0.3484,
1.0,0.9987,0.9682,0.9669,0.9703,0.9971,0.9948,0.9903,0.9857,0.925,0.7417,0.9313,0.9092,0.8409,0.8017,0.8571,0.6889,0.8283,0.9384,0.7858,0.6136,0.952,0.7266,0.6278,0.6074,0.6076,0.8571,0.5635,0.6268,0.7849,0.5075,0.5495,0.3898,0.5969,0.6798,0.5876,0.5138,0.3131,0.485,0.2651,0.5234,0.3144,0.2075,0.1605,0.3568,
1.0,0.999,0.9677,0.9667,0.9682,0.9977,0.996,0.9911,0.9858,0.9251,0.7362,0.931,0.9121,0.8365,0.8011,0.8568,0.6836,0.8246,0.9396,0.7839,0.6102,0.9551,0.7245,0.6198,0.5996,0.6046,0.8582,0.5571,0.6219,0.7846,0.5059,0.546,0.3871,0.5952,0.6746,0.5829,0.5222,0.3132,0.4848,0.2642,0.5278,0.3175,0.2078,0.1654,0.3575,
1.0,0.9994,0.9673,0.9667,0.9729,0.9965,0.9948,0.9904,0.9839,0.926,0.7367,0.9341,0.9087,0.8359,0.7982,0.8618,0.6787,0.8209,0.9379,0.787,0.6035,0.9497,0.7198,0.6166,0.6074,0.619,0.8522,0.5651,0.6198,0.7839,0.5057,0.5475,0.3853,0.5803,0.671,0.5736,0.5144,0.3114,0.4704,0.259,0.5163,0.3085,0.2048,0.1597,0.3424,
1.0,0.9988,0.9672,0.966,0.9703,0.9967,0.9946,0.9904,0.9838,0.9291,0.7446,0.9318,0.9136,0.8441,0.805,0.8621,0.688,0.8311,0.941,0.7924,0.6206,0.9522,0.7306,0.6259,0.6081,0.6197,0.8595,0.5661,0.6282,0.7824,0.5091,0.5472,0.388,0.5914,0.6753,0.5922,0.5164,0.3148,0.4827,0.2681,0.5284,0.3157,0.2065,0.16,0.3608,
1.0,0.9988,0.9662,0.965,0.9669,0.9979,0.9958,0.9904,0.9849,0.9271,0.742,0.9262,0.9113,0.8436,0.8065,0.855,0.6873,0.8307,0.9435,0.7821,0.6204,0.9523,0.7263,0.6247,0.6033,0.6228,0.8565,0.572,0.6163,0.7845,0.5115,0.5519,0.3884,0.5821,0.667,0.5892,0.5205,0.3203,0.47,0.259,0.5122,0.3136,0.2122,0.1567,0.3429,
1.0,0.9993,0.9667,0.966,0.9692,0.9965,0.9952,0.9907,0.9846,0.9237,0.7409,0.9286,0.9051,0.8449,0.8043,0.8529,0.689,0.8307,0.9364,0.7793,0.6159,0.951,0.7257,0.6284,0.6117,0.6177,0.8555,0.5686,0.6238,0.7774,0.4979,0.5529,0.3904,0.5922,0.6761,0.5856,0.5187,0.3126,0.4793,0.2639,0.5258,0.3121,0.2069,0.1668,0.3551,
1.0,0.9989,0.9667,0.9656,0.9692,0.997,0.9951,0.9912,0.9874,0.9287,0.7451,0.9276,0.9113,0.843,0.8043,0.8563,0.6856,0.8318,0.9423,0.7833,0.6183,0.9537,0.7272,0.6259,0.6056,0.615,0.8548,0.5639,0.625,0.7847,0.5111,0.5524,0.3864,0.5976,0.6826,0.5927,0.5274,0.318,0.481,0.269,0.521,0.3173,0.2145,0.1639,0.3584,
1.0,0.9989,0.9686,0.9675,0.9719,0.9971,0.9952,0.991,0.9838,0.9214,0.7294,0.9339,0.9056,0.8368,0.7978,0.8584,0.6758,0.8229,0.9394,0.7784,0.606,0.9549,0.7234,0.6249,0.6112,0.6116,0.8511,0.5625,0.6198,0.7858,0.5048,0.5539,0.3903,0.5895,0.671,0.5802,0.5173,0.3136,0.4673,0.2544,0.5102,0.3154,0.2046,0.1605,0.343,
1.0,0.9991,0.9664,0.9655,0.9702,0.9967,0.9948,0.9916,0.9856,0.9255,0.7411,0.9303,0.9091,0.8419,0.8041,0.8573,0.6879,0.8267,0.9375,0.7846,0.6156,0.9531,0.7231,0.6285,0.6053,0.6146,0.8543,0.5679,0.624,0.7841,0.5069,0.5507,0.3872,0.5865,0.6688,0.5887,0.5206,0.3091,0.4739,0.2654,0.5204,0.3109,0.203,0.163,0.3502,
1.0,0.9982,0.9669,0.9651,0.9694,0.9977,0.9948,0.9897,0.9856,0.9223,0.7362,0.928,0.9057,0.8384,0.7982,0.8521,0.6847,0.8262,0.9385,0.7792,0.6083,0.9551,0.7211,0.6174,0.5985,0.603,0.8548,0.554,0.6168,0.7785,0.5021,0.5424,0.385,0.5896,0.669,0.5788,0.5208,0.3021,0.4804,0.2581,0.5241,0.3083,0.2051,0.1609,0.3502,
1.0,0.9991,0.968,0.9671,0.9702,0.9975,0.9956,0.9905,0.9829,0.9242,0.7368,0.932,0.9083,0.8416,0.8011,0.8575,0.6835,0.8256,0.9369,0.7818,0.6049,0.9518,0.7144,0.6212,0.599,0.6144,0.8515,0.5625,0.6133,0.7782,0.4964,0.5519,0.3772,0.5853,0.6745,0.574,0.5143,0.3108,0.472,0.2463,0.5207,0.3015,0.2042,0.1571,0.3478,
1.0,0.9992,0.9657,0.9649,0.9681,0.9972,0.9953,0.9905,0.9864,0.9242,0.7426,0.9282,0.9083,0.845,0.8069,0.8533,0.6868,0.8336,0.9412,0.7781,0.6194,0.9514,0.7288,0.6277,0.6113,0.6194,0.8522,0.5715,0.6247,0.7783,0.4928,0.5581,0.3817,0.5798,0.6647,0.5903,0.5254,0.3136,0.4775,0.2688,0.5157,0.2988,0.2013,0.1686,0.3548,
1.0,0.9987,0.9683,0.967,0.9652,0.9977,0.9951,0.9892,0.9846,0.9233,0.7282,0.9268,0.906,0.8354,0.7971,0.8517,0.6818,0.8226,0.9415,0.7811,0.6063,0.9525,0.7207,0.6131,0.5995,0.6057,0.8571,0.5685,0.6132,0.7805,0.5036,0.5501,0.3857,0.5906,0.6743,0.5736,0.5224,0.3105,0.4728,0.2533,0.5229,0.3048,0.2065,0.1613,0.3519,
1.0,0.999,0.9695,0.9685,0.9689,0.9976,0.995,0.9903,0.9857,0.9251,0.7383,0.9327,0.9096,0.8403,0.8043,0.8581,0.6929,0.8268,0.9405,0.7898,0.6118,0.9511,0.7232,0.6237,0.6025,0.6108,0.863,0.5639,0.6233,0.7796,0.4992,0.5438,0.3875,0.5941,0.6784,0.5833,0.5243,0.3116,0.4834,0.2672,0.5314,0.3154,0.2119,0.1616,0.3543,
1.0,0.9984,0.9663,0.9647,0.9701,0.998,0.9952,0.9902,0.9857,0.9224,0.7311,0.9294,0.9073,0.8317,0.7964,0.8533,0.6775,0.8201,0.9411,0.7816,0.6032,0.9551,0.7198,0.6141,0.6061,0.6101,0.8583,0.5618,0.6151,0.7875,0.505,0.5464,0.3857,0.5921,0.6722,0.5771,0.5178,0.3123,0.4826,0.2542,0.5202,0.3123,0.2145,0.1592,0.3542,
1.0,0.9989,0.9679,0.9668,0.9698,0.9974,0.995,0.9899,0.9854,0.9259,0.736,0.9317,0.9103,0.8354,0.7975,0.8591,0.6788,0.8225,0.9416,0.7846,0.6115,0.9538,0.7225,0.62,0.6012,0.6141,0.8555,0.5678,0.619,0.786,0.507,0.5486,0.3822,0.5857,0.6758,0.5873,0.5311,0.3112,0.4823,0.2642,0.5305,0.3103,0.2057,0.1674,0.3504,
1.0,0.9991,0.969,0.9681,0.9688,0.9974,0.9956,0.9905,0.9848,0.9225,0.7385,0.931,0.9059,0.8428,0.8048,0.8548,0.6885,0.8295,0.9364,0.7813,0.6044,0.9526,0.7152,0.62,0.6053,0.6163,0.8544,0.5654,0.6156,0.7761,0.5023,0.5515,0.3924,0.5905,0.6683,0.576,0.5143,0.3182,0.4758,0.2567,0.5219,0.3104,0.2056,0.1575,0.3547,
1.0,0.9993,0.9673,0.9666,0.9695,0.9981,0.9962,0.9911,0.9864,0.9244,0.7377,0.9305,0.9087,0.8377,0.798,0.8557,0.6866,0.8258,0.9433,0.7841,0.6066,0.9542,0.722,0.6187,0.607,0.6089,0.8604,0.5647,0.6212,0.7792,0.5003,0.5463,0.3888,0.5997,0.6728,0.5871,0.5297,0.3131,0.4833,0.2683,0.5185,0.3132,0.2058,0.1636,0.362,
1.0,0.9986,0.9671,0.9657,0.9711,0.997,0.9944,0.9901,0.9853,0.9235,0.7371,0.9314,0.9077,0.837,0.8011,0.8574,0.6867,0.8243,0.945,0.7877,0.6149,0.9546,0.7245,0.6281,0.6101,0.6189,0.8636,0.5745,0.6207,0.7844,0.5103,0.5545,0.3956,0.5978,0.6828,0.5871,0.5276,0.3228,0.4907,0.2634,0.5355,0.3245,0.2148,0.1649,0.3676,
1.0,0.9982,0.9661,0.9643,0.9708,0.9977,0.9957,0.9916,0.9862,0.9242,0.7425,0.9306,0.9117,0.843,0.8055,0.8563,0.6853,0.8307,0.9429,0.7814,0.6147,0.9529,0.7243,0.6238,0.6074,0.6198,0.856,0.5731,0.621,0.7838,0.5025,0.5578,0.3892,0.5902,0.6748,0.5859,0.5217,0.3235,0.4747,0.2659,0.5194,0.3107,0.2044,0.1643,0.3575,
1.0,0.9978,0.9674,0.9652,0.9702,0.998,0.9948,0.99,0.9845,0.928,0.739,0.9307,0.9143,0.8372,0.7992,0.8597,0.6846,0.8225,0.9418,0.7908,0.6126,0.9509,0.7202,0.6169,0.6001,0.6156,0.8618,0.5659,0.6243,0.7873,0.5094,0.5507,0.3804,0.5894,0.6765,0.5831,0.5225,0.3115,0.4781,0.2647,0.5262,0.3084,0.2092,0.1585,0.3559,
1.0,0.9988,0.9691,0.9679,0.9681,0.9966,0.9947,0.9896,0.9841,0.9255,0.7384,0.9312,0.9086,0.8431,0.8028,0.8588,0.6885,0.8291,0.9428,0.7837,0.6188,0.9474,0.7217,0.6308,0.6067,0.6186,0.8526,0.5724,0.6288,0.7748,0.4992,0.557,0.3891,0.5873,0.68,0.5872,0.525,0.3108,0.4793,0.2663,0.5296,0.3099,0.209,0.17,0.3529,
1.0,0.9989,0.9693,0.9682,0.969,0.9975,0.9955,0.9907,0.9852,0.9262,0.7376,0.9314,0.9107,0.8372,0.7998,0.8599,0.6815,0.8241,0.9408,0.7819,0.6111,0.9526,0.724,0.6194,0.6096,0.6134,0.8561,0.5647,0.6191,0.7893,0.5049,0.5476,0.3794,0.5877,0.6779,0.5839,0.52,0.3112,0.4715,0.253,0.5247,0.3141,0.2085,0.161,0.3476,
1.0,0.9983,0.9682,0.9665,0.9709,0.9974,0.994,0.9883,0.9836,0.9223,0.7375,0.9315,0.9046,0.8417,0.8002,0.855,0.683,0.8277,0.9388,0.7802,0.6078,0.953,0.7209,0.6226,0.6074,0.6147,0.8549,0.5641,0.6161,0.7758,0.4993,0.551,0.3872,0.5938,0.675,0.5809,0.5193,0.3102,0.4854,0.2528,0.525,0.3129,0.2054,0.1604,0.3592,
1.0,0.9994,0.9694,0.9688,0.9721,0.9983,0.9968,0.991,0.9857,0.9266,0.7328,0.9352,0.9114,0.8321,0.7937,0.8633,0.6796,0.8199,0.9406,0.7862,0.6042,0.955,0.7196,0.6163,0.6019,0.6046,0.8568,0.5473,0.6193,0.779,0.498,0.5361,0.3834,0.5918,0.6769,0.5763,0.512,0.3064,0.4725,0.256,0.53,0.3037,0.2066,0.1575,0.3472,
1.0,0.9989,0.9654,0.9643,0.9703,0.9977,0.9957,0.9902,0.9843,0.9232,0.7343,0.9276,0.9065,0.8366,0.797,0.8521,0.6792,0.8238,0.9419,0.7803,0.6094,0.9524,0.7205,0.6202,0.5977,0.6125,0.8524,0.5633,0.6136,0.7795,0.5087,0.5479,0.388,0.5811,0.6752,0.5783,0.5184,0.3109,0.4677,0.2572,0.5178,0.3094,0.2079,0.1541,0.3479,
1.0,0.9989,0.966,0.9649,0.9701,0.9979,0.9955,0.9906,0.9839,0.9245,0.7344,0.9298,0.9093,0.8386,0.8,0.8557,0.6883,0.8224,0.9395,0.7891,0.6097,0.9518,0.7208,0.6198,0.5986,0.6128,0.8629,0.5709,0.6157,0.7876,0.5131,0.5497,0.3903,0.5857,0.6754,0.5799,0.5272,0.3234,0.4726,0.2588,0.5274,0.319,0.2112,0.1611,0.3486,
1.0,0.999,0.968,0.967,0.9684,0.9977,0.9958,0.9908,0.9862,0.9283,0.7368,0.9314,0.914,0.8372,0.7978,0.8609,0.6819,0.8258,0.9435,0.7823,0.6178,0.9565,0.7308,0.6225,0.6026,0.6097,0.8569,0.5635,0.6205,0.7818,0.5083,0.5473,0.3831,0.5843,0.6763,0.5857,0.526,0.3158,0.4767,0.2589,0.525,0.3154,0.2095,0.1612,0.3523,
1.0,0.9992,0.9689,0.9681,0.9698,0.9971,0.9949,0.9876,0.9824,0.9244,0.726,0.9326,0.9053,0.8334,0.7911,0.859,0.6737,0.8204,0.9388,0.7827,0.6,0.9501,0.7156,0.6135,0.602,0.6041,0.8477,0.5587,0.6169,0.7747,0.5017,0.5483,0.3766,0.5908,0.6766,0.5791,0.5251,0.3045,0.4769,0.2589,0.5244,0.3095,0.204,0.1638,0.3402,
1.0,0.9987,0.9676,0.9663,0.9678,0.9975,0.9957,0.9903,0.9852,0.9235,0.7355,0.9283,0.907,0.8409,0.8027,0.8524,0.6824,0.8291,0.9446,0.7785,0.616,0.9557,0.7276,0.6268,0.6052,0.6116,0.8522,0.5672,0.6185,0.7843,0.5143,0.5576,0.3957,0.5954,0.681,0.5867,0.5208,0.3251,0.471,0.2581,0.5176,0.3157,0.2097,0.1657,0.3554,
1.0,0.9993,0.9689,0.9682,0.9701,0.9973,0.9954,0.9893,0.9856,0.9263,0.7428,0.9328,0.9092,0.8444,0.8078,0.8598,0.6932,0.8334,0.9393,0.7892,0.6082,0.9497,0.7209,0.621,0.6093,0.6224,0.8585,0.5731,0.6218,0.7858,0.4997,0.5573,0.3827,0.5866,0.6724,0.5769,0.5111,0.317,0.4803,0.2667,0.5264,0.3084,0.2063,0.1512,0.3593,
1.0,0.9989,0.9684,0.9673,0.9691,0.9976,0.9958,0.9912,0.9861,0.9234,0.7348,0.9311,0.9089,0.8359,0.7985,0.8558,0.6816,0.8217,0.9407,0.7806,0.6103,0.9512,0.7174,0.6214,0.6033,0.6077,0.8562,0.5609,0.6263,0.7794,0.51,0.5503,0.3886,0.5904,0.6803,0.5858,0.5196,0.3161,0.4727,0.2586,0.5267,0.3162,0.2115,0.1611,0.352,
1.0,0.9987,0.9661,0.9648,0.9673,0.9975,0.9953,0.9909,0.9843,0.9224,0.7263,0.9283,0.9088,0.8333,0.7961,0.852,0.6802,0.8182,0.9351,0.7832,0.5997,0.9535,0.7172,0.6061,0.5941,0.5984,0.8593,0.5592,0.6169,0.7795,0.5001,0.5424,0.3855,0.5888,0.6752,0.5726,0.5158,0.3091,0.4779,0.2575,0.5305,0.3103,0.2109,0.1546,0.3604,
1.0,0.9988,0.9702,0.969,0.9757,0.9977,0.9953,0.99,0.9843,0.922,0.7365,0.9398,0.9063,0.8373,0.7978,0.8624,0.6839,0.8237,0.9393,0.7876,0.6116,0.9517,0.7255,0.6293,0.6186,0.6181,0.8582,0.5675,0.6239,0.7851,0.5083,0.5583,0.4002,0.5889,0.6805,0.5863,0.5232,0.3166,0.4805,0.2608,0.5335,0.3144,0.2138,0.1705,0.3502,
1.0,0.9993,0.9704,0.9697,0.9674,0.9978,0.9956,0.9891,0.9841,0.9219,0.7327,0.9321,0.9052,0.8399,0.7999,0.8541,0.683,0.8259,0.9414,0.7742,0.6123,0.9507,0.7226,0.6243,0.6127,0.6103,0.8498,0.5621,0.6289,0.7727,0.4955,0.5549,0.3894,0.5903,0.6777,0.5909,0.5204,0.3157,0.4811,0.2657,0.5279,0.304,0.2043,0.1609,0.3518,
1.0,0.9991,0.9652,0.9643,0.9727,0.998,0.9964,0.993,0.9864,0.9229,0.7372,0.9311,0.9091,0.8369,0.8013,0.8557,0.6871,0.8233,0.9442,0.7879,0.6055,0.9568,0.7199,0.6203,0.6075,0.621,0.8621,0.5695,0.6175,0.7892,0.5149,0.5503,0.3847,0.5925,0.6821,0.5834,0.5218,0.3197,0.4768,0.2566,0.5239,0.3153,0.2165,0.1566,0.3615,
1.0,0.9983,0.9653,0.9636,0.9701,0.9979,0.995,0.9903,0.9848,0.9237,0.735,0.9277,0.9076,0.8399,0.7993,0.8525,0.6815,0.8256,0.9426,0.7808,0.6124,0.9532,0.7208,0.6245,0.6032,0.6159,0.8547,0.5676,0.6187,0.777,0.5062,0.5481,0.3879,0.5858,0.6713,0.585,0.5238,0.3161,0.47,0.2645,0.5152,0.3071,0.2027,0.1617,0.3463,
1.0,0.9981,0.9649,0.963,0.9729,0.9973,0.9945,0.9909,0.9857,0.9261,0.7429,0.9323,0.9127,0.8407,0.8031,0.8589,0.685,0.8273,0.9388,0.7887,0.6118,0.9526,0.726,0.621,0.608,0.6163,0.8624,0.5752,0.6266,0.793,0.5127,0.5533,0.3872,0.5921,0.6723,0.5869,0.5237,0.321,0.4842,0.269,0.5283,0.3209,0.2147,0.1623,0.3626,
1.0,0.9983,0.9692,0.9675,0.9691,0.997,0.9942,0.9911,0.9861,0.9242,0.74,0.9325,0.9104,0.8412,0.8062,0.8574,0.686,0.8283,0.9413,0.7814,0.6122,0.9562,0.7245,0.6249,0.6065,0.6191,0.8551,0.5694,0.6178,0.782,0.5048,0.5539,0.3882,0.5887,0.673,0.5844,0.5219,0.3073,0.477,0.2578,0.5208,0.3039,0.2013,0.1611,0.3542,
1.0,0.9992,0.9694,0.9686,0.9691,0.9975,0.9958,0.9911,0.9847,0.9298,0.7426,0.9313,0.9131,0.8405,0.799,0.8609,0.6868,0.8268,0.9399,0.7881,0.617,0.9548,0.7265,0.6245,0.6029,0.6155,0.8571,0.5675,0.6268,0.7853,0.5078,0.5524,0.3847,0.5903,0.6783,0.594,0.5159,0.3134,0.4781,0.2642,0.53,0.3143,0.2182,0.1587,0.358,
1.0,0.9989,0.9656,0.9645,0.9721,0.9975,0.9956,0.9888,0.9821,0.9201,0.7292,0.932,0.9039,0.836,0.7958,0.8542,0.6762,0.8226,0.9417,0.7808,0.6093,0.9525,0.722,0.624,0.6029,0.6072,0.8538,0.5595,0.6178,0.7751,0.502,0.5456,0.388,0.5842,0.6691,0.5744,0.5186,0.3112,0.4751,0.2568,0.5241,0.3011,0.2068,0.1612,0.3476,
1.0,0.9987,0.9693,0.968,0.969,0.998,0.9954,0.9899,0.9835,0.9247,0.7301,0.9306,0.9082,0.8345,0.7937,0.8567,0.685,0.8205,0.9391,0.7851,0.6047,0.9532,0.7225,0.6169,0.6036,0.6081,0.8597,0.5673,0.62,0.7847,0.5114,0.5537,0.3893,0.5827,0.6754,0.5793,0.5179,0.3178,0.4734,0.2605,0.5258,0.3112,0.2201,0.1612,0.3442,
1.0,0.9992,0.9651,0.9643,0.9695,0.9969,0.9954,0.992,0.9846,0.923,0.7405,0.9278,0.9074,0.8443,0.8047,0.8527,0.6862,0.83,0.9353,0.7817,0.6105,0.9548,0.7218,0.6232,0.6007,0.6083,0.8573,0.563,0.618,0.7837,0.5033,0.5451,0.3813,0.5934,0.675,0.5803,0.5243,0.3164,0.4849,0.2655,0.523,0.3163,0.2083,0.1659,0.3585,
1.0,0.9988,0.97,0.9688,0.9664,0.9967,0.9944,0.9895,0.9838,0.93,0.7428,0.9302,0.9124,0.8448,0.8049,0.8607,0.6946,0.8303,0.9413,0.7895,0.6169,0.9487,0.722,0.6231,0.5973,0.6161,0.8626,0.5771,0.6253,0.7858,0.5049,0.5589,0.384,0.5946,0.6735,0.5847,0.5219,0.3143,0.4769,0.2668,0.5296,0.3111,0.2093,0.1553,0.3614,
1.0,0.9988,0.9709,0.9697,0.9699,0.9976,0.9955,0.991,0.985,0.9236,0.7307,0.9335,0.908,0.8328,0.7947,0.8569,0.6818,0.82,0.943,0.7799,0.6057,0.9546,0.7181,0.6212,0.6073,0.6159,0.8514,0.5614,0.6213,0.7805,0.5041,0.5505,0.3911,0.5914,0.6805,0.5803,0.5193,0.3106,0.4785,0.2529,0.5247,0.3139,0.208,0.1635,0.3548,
1.0,0.9991,0.9678,0.9669,0.9704,0.9976,0.9962,0.9915,0.9842,0.9211,0.7324,0.9327,0.9064,0.8386,0.801,0.8552,0.6818,0.8239,0.9412,0.7805,0.6136,0.9533,0.7222,0.6303,0.6073,0.6151,0.8538,0.5675,0.6193,0.784,0.507,0.5575,0.397,0.5897,0.6777,0.5835,0.5209,0.3244,0.4753,0.257,0.5136,0.3139,0.2062,0.1731,0.3458,
1.0,0.9979,0.9661,0.964,0.9699,0.9978,0.9951,0.9889,0.9813,0.9277,0.7428,0.9277,0.9106,0.8429,0.8001,0.8574,0.68,0.8295,0.9396,0.7843,0.6161,0.952,0.7245,0.6227,0.6022,0.6209,0.854,0.5686,0.6226,0.7847,0.5069,0.5498,0.3899,0.5882,0.6687,0.5798,0.5162,0.3208,0.481,0.2635,0.5245,0.319,0.207,0.1662,0.3527,
1.0,0.9993,0.9666,0.9659,0.972,0.9967,0.995,0.9921,0.9872,0.9222,0.7368,0.9328,0.9077,0.8367,0.8,0.8562,0.6819,0.8261,0.9434,0.7824,0.6124,0.9571,0.7252,0.6249,0.6108,0.6171,0.8559,0.5657,0.6215,0.7865,0.5024,0.5504,0.3861,0.59,0.6754,0.5845,0.5263,0.3169,0.4866,0.2633,0.5219,0.3118,0.205,0.164,0.3548,
1.0,0.9994,0.9678,0.9672,0.9688,0.9964,0.9947,0.9923,0.9855,0.9216,0.7362,0.9304,0.9061,0.8406,0.804,0.8531,0.6866,0.8273,0.9368,0.7809,0.6115,0.9529,0.7224,0.6232,0.6071,0.6108,0.8559,0.5633,0.6188,0.7801,0.4975,0.5415,0.3871,0.5937,0.6678,0.5807,0.5169,0.313,0.4822,0.2578,0.5223,0.3121,0.2006,0.1606,0.358,
1.0,0.9982,0.9681,0.9663,0.9699,0.9976,0.9945,0.9904,0.9854,0.9268,0.7443,0.9311,0.9122,0.8456,0.8087,0.8588,0.6972,0.8329,0.9421,0.7913,0.6226,0.9568,0.7304,0.6338,0.6158,0.6271,0.8603,0.577,0.6311,0.7803,0.5075,0.5619,0.3955,0.5954,0.6839,0.5962,0.5305,0.3282,0.48,0.2718,0.5252,0.3158,0.2167,0.167,0.3681,
1.0,0.999,0.9661,0.9651,0.9694,0.9971,0.9952,0.9901,0.9852,0.9243,0.7286,0.9291,0.9077,0.8287,0.7902,0.8538,0.6745,0.817,0.9433,0.7831,0.6095,0.952,0.7238,0.6187,0.6037,0.6056,0.8571,0.5549,0.6198,0.7793,0.5072,0.5392,0.3824,0.5926,0.6764,0.5882,0.5294,0.315,0.4826,0.2631,0.5249,0.308,0.208,0.1675,0.3406,
1.0,0.9988,0.9665,0.9653,0.9704,0.9978,0.9959,0.9907,0.9851,0.9212,0.7328,0.9308,0.9067,0.8382,0.8008,0.853,0.6849,0.8258,0.9439,0.7841,0.611,0.9552,0.7207,0.6257,0.6043,0.6146,0.8554,0.5695,0.6184,0.7741,0.5013,0.5568,0.3813,0.5913,0.6786,0.5854,0.5158,0.3174,0.4803,0.2582,0.528,0.3026,0.2052,0.1678,0.3563,
1.0,0.9992,0.9668,0.966,0.9671,0.9979,0.9964,0.9901,0.9847,0.9221,0.7386,0.9272,0.9058,0.8457,0.8067,0.851,0.6879,0.8335,0.94,0.7779,0.6161,0.9532,0.7234,0.6225,0.6084,0.6168,0.8575,0.576,0.6146,0.7809,0.4986,0.5564,0.389,0.5873,0.6683,0.5798,0.5186,0.3246,0.4739,0.2588,0.5209,0.3044,0.2022,0.1663,0.355,
1.0,0.9988,0.9682,0.967,0.9654,0.9973,0.995,0.9908,0.9847,0.9246,0.7303,0.9279,0.9102,0.8364,0.7993,0.8537,0.6787,0.8219,0.939,0.7767,0.6074,0.9534,0.7204,0.6134,0.594,0.6071,0.8548,0.5649,0.6139,0.7813,0.5062,0.5487,0.3845,0.5891,0.6748,0.5741,0.5162,0.3179,0.4756,0.2518,0.5203,0.3095,0.2049,0.1614,0.3462,
1.0,0.9991,0.9642,0.9633,0.9717,0.9974,0.9959,0.9912,0.9856,0.9264,0.7374,0.9302,0.9116,0.8346,0.7973,0.858,0.6808,0.822,0.9366,0.7903,0.6023,0.9547,0.721,0.6089,0.6021,0.6071,0.8598,0.5629,0.613,0.7862,0.5022,0.5331,0.3835,0.5887,0.6642,0.5749,0.527,0.3093,0.4822,0.2587,0.5207,0.311,0.2048,0.163,0.355,
1.0,0.9992,0.9664,0.9656,0.9692,0.9966,0.9949,0.9903,0.9828,0.9171,0.7282,0.9295,0.8996,0.8386,0.7976,0.8473,0.6822,0.8235,0.9396,0.7777,0.6081,0.9517,0.7193,0.6225,0.6061,0.6122,0.8599,0.5678,0.6093,0.771,0.4912,0.5473,0.3927,0.5889,0.6664,0.5728,0.5252,0.3185,0.4828,0.2536,0.5204,0.3004,0.1954,0.1678,0.3492,
1.0,0.9986,0.9703,0.9689,0.9704,0.9982,0.996,0.9898,0.9837,0.9284,0.7411,0.9345,0.9137,0.8396,0.8008,0.8631,0.6908,0.8267,0.9385,0.7929,0.6129,0.9555,0.7311,0.6233,0.6164,0.6194,0.8604,0.5687,0.6297,0.7907,0.5117,0.5549,0.3971,0.6007,0.6807,0.5928,0.526,0.3179,0.4932,0.2745,0.5366,0.3162,0.2138,0.1697,0.3616,
1.0,0.9994,0.9688,0.9682,0.9694,0.9975,0.9958,0.9923,0.9858,0.9264,0.7456,0.9321,0.9118,0.8458,0.8082,0.859,0.6918,0.8312,0.9409,0.7821,0.6189,0.9546,0.7255,0.6293,0.6121,0.6255,0.8555,0.5773,0.6221,0.7864,0.5127,0.5649,0.3917,0.5961,0.6853,0.5871,0.5239,0.3345,0.4782,0.2648,0.5299,0.3209,0.2142,0.1685,0.3614,
1.0,0.9993,0.9688,0.9681,0.9717,0.9978,0.9967,0.9907,0.9859,0.9256,0.7415,0.933,0.9091,0.8406,0.803,0.86,0.6869,0.8286,0.9389,0.7855,0.6142,0.9532,0.7274,0.626,0.6134,0.6142,0.8581,0.5634,0.6262,0.7886,0.5088,0.5484,0.3966,0.5922,0.6707,0.5814,0.5159,0.3171,0.4666,0.2673,0.5186,0.3147,0.205,0.1632,0.355,
1.0,0.9992,0.9695,0.9687,0.969,0.9966,0.9948,0.9899,0.9844,0.9251,0.7307,0.9322,0.9074,0.8343,0.7965,0.8595,0.6839,0.8209,0.9453,0.7873,0.6042,0.9532,0.714,0.6141,0.604,0.6171,0.8571,0.5714,0.619,0.78,0.5125,0.5497,0.3817,0.5973,0.6777,0.5807,0.5188,0.3148,0.4852,0.2554,0.5302,0.3126,0.2082,0.1618,0.3535,
1.0,0.9993,0.97,0.9693,0.9662,0.9958,0.9935,0.9894,0.9863,0.9271,0.7351,0.9296,0.9079,0.836,0.8002,0.8573,0.6882,0.8248,0.9414,0.7862,0.6108,0.9484,0.7254,0.6195,0.6066,0.6127,0.8545,0.5619,0.625,0.7818,0.4978,0.5495,0.3901,0.5938,0.6761,0.5861,0.5173,0.3066,0.4787,0.2623,0.5259,0.3098,0.2079,0.1599,0.3624,
1.0,0.9986,0.971,0.9696,0.9696,0.9978,0.9958,0.9892,0.9829,0.9222,0.7288,0.9321,0.904,0.8352,0.7938,0.855,0.6802,0.8222,0.9427,0.778,0.6069,0.9542,0.7231,0.6225,0.6092,0.6077,0.8525,0.5636,0.6188,0.7813,0.5013,0.5475,0.3814,0.5929,0.6842,0.585,0.5214,0.3162,0.4807,0.2545,0.53,0.3106,0.2102,0.163,0.3466,
1.0,0.9987,0.9636,0.9623,0.9711,0.997,0.9949,0.9886,0.983,0.9219,0.7364,0.9285,0.905,0.8399,0.8004,0.8524,0.6789,0.8264,0.9401,0.782,0.6105,0.9489,0.7186,0.6178,0.6038,0.6171,0.8514,0.5659,0.6184,0.7795,0.5009,0.5474,0.3826,0.5899,0.6755,0.5848,0.5255,0.3137,0.4785,0.2646,0.5247,0.3062,0.1991,0.1693,0.354,
1.0,0.9985,0.9665,0.965,0.9701,0.9977,0.9949,0.9895,0.9845,0.9249,0.738,0.9293,0.9085,0.8413,0.8012,0.8555,0.6843,0.8296,0.943,0.7832,0.6179,0.9572,0.7313,0.6274,0.6084,0.6199,0.8558,0.5733,0.6195,0.7855,0.5053,0.5532,0.3876,0.5879,0.6711,0.5852,0.5216,0.3181,0.4789,0.261,0.5237,0.3092,0.2026,0.1687,0.3498,
1.0,0.9991,0.969,0.9681,0.9694,0.9976,0.9955,0.9888,0.984,0.9238,0.7339,0.9314,0.9057,0.8384,0.7959,0.8569,0.6855,0.8249,0.9413,0.7824,0.6083,0.9501,0.7266,0.6224,0.6138,0.6119,0.861,0.5653,0.6261,0.7779,0.5005,0.5515,0.3895,0.5907,0.681,0.5882,0.5288,0.3175,0.4801,0.261,0.5281,0.309,0.2105,0.1642,0.356,
1.0,0.9992,0.9678,0.967,0.9715,0.9974,0.9959,0.9903,0.9855,0.9287,0.7393,0.9336,0.9127,0.8371,0.8005,0.8632,0.6824,0.8245,0.9426,0.7892,0.6103,0.9524,0.7262,0.6208,0.6,0.6158,0.8517,0.5634,0.624,0.7864,0.5196,0.5506,0.3891,0.5891,0.6802,0.5868,0.5248,0.3146,0.4736,0.2616,0.5317,0.3194,0.2124,0.1646,0.3507,
1.0,0.9987,0.9689,0.9676,0.9687,0.9978,0.9953,0.9909,0.9852,0.924,0.7338,0.9323,0.9102,0.8382,0.8029,0.8583,0.6904,0.8237,0.9355,0.7896,0.6047,0.951,0.7195,0.6141,0.6047,0.6111,0.864,0.5669,0.6235,0.7858,0.5041,0.5513,0.3939,0.5996,0.6764,0.5736,0.5138,0.3186,0.4832,0.2597,0.529,0.3111,0.2125,0.1566,0.3595,
1.0,0.999,0.9685,0.9675,0.9677,0.9973,0.9958,0.9913,0.985,0.9247,0.7372,0.9304,0.9101,0.8397,0.8043,0.8561,0.6902,0.8262,0.9435,0.7866,0.6139,0.9553,0.7243,0.6215,0.6081,0.6164,0.8626,0.5753,0.62,0.7872,0.5048,0.5587,0.3869,0.5996,0.6806,0.5866,0.5323,0.3216,0.4903,0.2674,0.5277,0.3143,0.2107,0.1723,0.3612,
1.0,0.9992,0.9667,0.9659,0.9692,0.9971,0.9953,0.9906,0.9846,0.9233,0.7319,0.9301,0.9068,0.8364,0.7973,0.8554,0.6776,0.8228,0.9416,0.7786,0.6057,0.9561,0.7239,0.6187,0.6081,0.6089,0.8546,0.5649,0.6207,0.7828,0.512,0.5518,0.3861,0.5933,0.6792,0.5848,0.5272,0.3253,0.4806,0.2624,0.5239,0.3194,0.211,0.1606,0.3619,
1.0,0.9991,0.9715,0.9706,0.9723,0.9969,0.9948,0.9897,0.9844,0.9214,0.7395,0.9367,0.9034,0.8419,0.8041,0.8597,0.6905,0.829,0.9436,0.7818,0.6107,0.9526,0.7213,0.6302,0.6079,0.6175,0.8554,0.5662,0.6184,0.7837,0.504,0.5581,0.3894,0.5983,0.6832,0.5764,0.519,0.3115,0.48,0.2563,0.5278,0.3102,0.2118,0.1618,0.3632,
1.0,0.998,0.9685,0.9665,0.968,0.9969,0.994,0.9907,0.9855,0.9213,0.7334,0.9287,0.9054,0.8376,0.8001,0.8515,0.6799,0.8253,0.9405,0.7764,0.6143,0.9549,0.726,0.6258,0.6035,0.6078,0.8532,0.5565,0.6233,0.7796,0.4976,0.5483,0.3839,0.5887,0.6758,0.5842,0.5191,0.3057,0.4799,0.264,0.5227,0.3073,0.2066,0.1666,0.3518,
1.0,0.9989,0.9679,0.9668,0.9685,0.9977,0.9958,0.9898,0.9837,0.9224,0.7335,0.93,0.9066,0.8401,0.8011,0.8546,0.6861,0.8262,0.9381,0.7838,0.6059,0.9535,0.7205,0.6183,0.5988,0.6108,0.8577,0.5675,0.611,0.7802,0.5079,0.5473,0.3848,0.5778,0.665,0.5709,0.5191,0.312,0.4739,0.2556,0.5226,0.3049,0.2064,0.1572,0.3466,
1.0,0.9986,0.9689,0.9675,0.9688,0.9965,0.9944,0.9891,0.9844,0.9256,0.7408,0.9298,0.9067,0.8425,0.802,0.8553,0.6855,0.8298,0.9396,0.7796,0.6099,0.9481,0.7196,0.6213,0.6028,0.616,0.8506,0.5629,0.6208,0.778,0.5021,0.5548,0.3815,0.5852,0.6763,0.5768,0.5078,0.3126,0.4658,0.2583,0.5166,0.3009,0.2049,0.1606,0.3429,
1.0,0.9991,0.9681,0.9672,0.9666,0.9969,0.995,0.9906,0.9849,0.9253,0.73,0.9283,0.9088,0.8338,0.7951,0.8557,0.6786,0.8196,0.9361,0.7832,0.6031,0.9499,0.718,0.6117,0.5996,0.5995,0.8549,0.5579,0.6265,0.7808,0.4963,0.5473,0.3784,0.5923,0.6732,0.5862,0.5175,0.3062,0.4784,0.2626,0.5237,0.3055,0.2057,0.156,0.3501,
1.0,0.9991,0.9683,0.9674,0.9671,0.997,0.9953,0.9905,0.9845,0.9249,0.74,0.9282,0.9078,0.8449,0.8093,0.8553,0.6841,0.8321,0.942,0.7782,0.6198,0.9512,0.7246,0.6296,0.6088,0.622,0.8472,0.5681,0.6315,0.7832,0.4963,0.5622,0.3843,0.5974,0.6773,0.5858,0.5148,0.3128,0.4714,0.2686,0.5225,0.311,0.2097,0.1656,0.359,
1.0,0.999,0.968,0.967,0.9715,0.997,0.995,0.9899,0.9827,0.9209,0.7322,0.9323,0.903,0.837,0.7959,0.8543,0.6856,0.8221,0.9376,0.7849,0.6036,0.9511,0.7183,0.6183,0.6118,0.6132,0.8592,0.5678,0.6158,0.7815,0.5011,0.548,0.3925,0.5902,0.6683,0.5705,0.5141,0.317,0.4806,0.2568,0.5291,0.3067,0.2069,0.1619,0.3598,
1.0,0.9984,0.9648,0.9632,0.9693,0.9982,0.9957,0.9892,0.9842,0.925,0.7311,0.927,0.909,0.8328,0.7968,0.8542,0.6743,0.8209,0.9398,0.7812,0.6059,0.9536,0.725,0.6134,0.602,0.6068,0.8541,0.5495,0.622,0.7856,0.4972,0.5375,0.3834,0.589,0.6712,0.5845,0.5169,0.3067,0.4769,0.2561,0.5216,0.3046,0.2064,0.1579,0.3466,
1.0,0.9986,0.9698,0.9684,0.9678,0.9967,0.9938,0.9902,0.9857,0.9216,0.7376,0.932,0.9065,0.8416,0.8061,0.8539,0.6875,0.8296,0.9422,0.7776,0.6169,0.9528,0.7256,0.6284,0.6093,0.6177,0.8557,0.5696,0.6228,0.7822,0.4986,0.5585,0.3878,0.5901,0.674,0.5888,0.5234,0.3124,0.4772,0.2622,0.5228,0.3084,0.2031,0.1671,0.3585,
1.0,0.9992,0.969,0.9682,0.9698,0.9983,0.9968,0.9899,0.9845,0.9243,0.7296,0.9317,0.9067,0.8332,0.7909,0.8565,0.6739,0.8204,0.9456,0.7769,0.6121,0.9538,0.7316,0.6285,0.618,0.6087,0.8518,0.5654,0.6263,0.7843,0.5077,0.5576,0.3908,0.5946,0.6805,0.5874,0.5239,0.3171,0.4766,0.2621,0.5222,0.3107,0.2096,0.1699,0.3449,
1.0,0.9989,0.9678,0.9667,0.9695,0.9971,0.9945,0.9898,0.9853,0.9208,0.7343,0.9325,0.906,0.8404,0.8025,0.8544,0.687,0.8263,0.9412,0.7823,0.6091,0.9491,0.7189,0.6208,0.6043,0.6108,0.8593,0.5669,0.6175,0.7732,0.4964,0.5548,0.3898,0.5865,0.6725,0.5786,0.5249,0.3226,0.4698,0.2652,0.519,0.3014,0.2015,0.1601,0.3529,
1.0,0.9987,0.9664,0.9651,0.9701,0.9978,0.9948,0.991,0.9853,0.9211,0.7341,0.9291,0.9057,0.8389,0.8018,0.8523,0.6827,0.8244,0.9392,0.7789,0.6025,0.9553,0.7176,0.6167,0.6004,0.612,0.8613,0.5606,0.6116,0.7828,0.4961,0.5451,0.3826,0.5894,0.6764,0.5741,0.5227,0.3135,0.4821,0.2541,0.5275,0.31,0.2069,0.1625,0.3594,
1.0,0.9977,0.9688,0.9665,0.9683,0.9977,0.9947,0.9893,0.9833,0.9213,0.7278,0.9283,0.9047,0.834,0.7943,0.8515,0.6801,0.8212,0.938,0.7783,0.6009,0.9537,0.721,0.6177,0.612,0.607,0.8544,0.5631,0.6233,0.7788,0.4971,0.5497,0.3875,0.5924,0.6753,0.577,0.5089,0.3141,0.4766,0.2546,0.5277,0.3005,0.2075,0.1627,0.3539,
1.0,0.999,0.9682,0.9672,0.967,0.9979,0.996,0.989,0.9846,0.9222,0.7264,0.9291,0.9059,0.8319,0.7934,0.8535,0.6826,0.819,0.9431,0.785,0.5999,0.9503,0.7179,0.6106,0.5958,0.6014,0.8635,0.5585,0.6127,0.7807,0.5014,0.5471,0.3816,0.6001,0.6751,0.5723,0.5149,0.3059,0.4883,0.2506,0.5263,0.3079,0.2081,0.1607,0.3564,
1.0,0.9993,0.9706,0.9699,0.9713,0.9975,0.9958,0.989,0.9844,0.9201,0.7346,0.9358,0.9025,0.8387,0.8021,0.857,0.6907,0.8263,0.9437,0.7857,0.6107,0.9518,0.7262,0.6299,0.6183,0.616,0.8622,0.5742,0.6212,0.7861,0.5087,0.5571,0.3986,0.5969,0.6822,0.5887,0.5291,0.3148,0.4859,0.2616,0.5266,0.3169,0.212,0.1666,0.3563,
1.0,0.9995,0.9692,0.9687,0.9703,0.9979,0.9965,0.9924,0.9857,0.9295,0.7458,0.9335,0.9152,0.8413,0.8049,0.864,0.6881,0.8262,0.9379,0.7866,0.6191,0.9542,0.7308,0.6268,0.6109,0.615,0.8582,0.5621,0.6295,0.7913,0.5126,0.5483,0.3928,0.5981,0.679,0.5921,0.5198,0.3183,0.4736,0.2668,0.5233,0.3162,0.2138,0.1644,0.3591,
1.0,0.9986,0.9662,0.9648,0.9708,0.9974,0.9953,0.9918,0.9865,0.9229,0.7376,0.9305,0.9088,0.8393,0.8035,0.8549,0.683,0.826,0.9367,0.7806,0.6093,0.9532,0.7203,0.6187,0.6039,0.6078,0.8548,0.5565,0.6196,0.7809,0.5043,0.5465,0.3925,0.5853,0.6715,0.578,0.5154,0.3125,0.471,0.2668,0.5184,0.3109,0.2114,0.1581,0.3496,
1.0,0.9984,0.9672,0.9656,0.9727,0.9962,0.9935,0.99,0.9846,0.9234,0.7434,0.9333,0.907,0.8442,0.8073,0.8578,0.6863,0.8311,0.9398,0.7829,0.6163,0.9505,0.7242,0.632,0.6118,0.621,0.8537,0.5633,0.6218,0.7798,0.5035,0.5472,0.3943,0.5844,0.672,0.5867,0.5139,0.3144,0.4737,0.2567,0.5187,0.3153,0.2077,0.1636,0.3532,
1.0,0.9991,0.9689,0.968,0.9671,0.9972,0.9951,0.9913,0.9856,0.9216,0.7315,0.9306,0.9067,0.8388,0.8028,0.8536,0.6884,0.8253,0.9416,0.784,0.6085,0.9517,0.7176,0.6202,0.6019,0.6107,0.8582,0.567,0.6229,0.7757,0.5009,0.548,0.381,0.5844,0.6802,0.5788,0.5245,0.3143,0.4801,0.2632,0.5329,0.314,0.2096,0.1623,0.3567,
1.0,0.9991,0.9703,0.9694,0.9698,0.9974,0.9957,0.9907,0.9854,0.9251,0.7406,0.9325,0.9081,0.8402,0.8036,0.8579,0.689,0.8279,0.9392,0.7838,0.6101,0.9536,0.7196,0.6229,0.6086,0.6179,0.8523,0.5655,0.6199,0.7861,0.5074,0.5516,0.3857,0.5928,0.6728,0.5856,0.5182,0.3112,0.4809,0.2579,0.5215,0.3148,0.2076,0.1619,0.3529,
1.0,0.9991,0.9703,0.9694,0.9713,0.9973,0.9952,0.9889,0.9831,0.9243,0.7338,0.9357,0.907,0.8363,0.796,0.8611,0.6816,0.822,0.9406,0.7872,0.6075,0.9488,0.7283,0.6233,0.6142,0.6139,0.8598,0.5682,0.6275,0.7867,0.51,0.5561,0.3961,0.5985,0.6832,0.5863,0.5228,0.3232,0.4877,0.2647,0.5282,0.3248,0.2131,0.1674,0.3568,
1.0,0.998,0.9684,0.9664,0.9698,0.9973,0.9946,0.9895,0.983,0.9243,0.7362,0.9305,0.9076,0.8403,0.8013,0.8563,0.6862,0.8263,0.939,0.7842,0.6154,0.9529,0.7238,0.628,0.6127,0.6148,0.8531,0.5696,0.6257,0.7825,0.5015,0.5508,0.3927,0.5975,0.67,0.5866,0.5197,0.3082,0.4834,0.2639,0.5235,0.3124,0.2044,0.1588,0.3611,
1.0,0.9993,0.9663,0.9656,0.9671,0.9968,0.9955,0.9914,0.9843,0.9255,0.7337,0.9268,0.9093,0.839,0.7994,0.8538,0.6785,0.8252,0.9421,0.7798,0.6115,0.9531,0.7214,0.6159,0.6015,0.6095,0.8533,0.5634,0.6188,0.7831,0.5097,0.5441,0.3856,0.5929,0.6696,0.5861,0.5261,0.3202,0.4803,0.2616,0.5171,0.3163,0.2077,0.1662,0.3571,
1.0,0.9984,0.9665,0.9649,0.9696,0.9976,0.9952,0.9896,0.9833,0.9221,0.7312,0.9304,0.9076,0.8376,0.7956,0.8539,0.6797,0.8249,0.9386,0.7807,0.6113,0.954,0.725,0.6209,0.6105,0.6076,0.8584,0.5672,0.6236,0.773,0.497,0.5478,0.3933,0.5837,0.6693,0.5823,0.5245,0.3126,0.4805,0.265,0.5231,0.3066,0.1994,0.1653,0.3531,
1.0,0.9993,0.9672,0.9665,0.9695,0.9974,0.9958,0.9908,0.9844,0.9291,0.7378,0.9304,0.9132,0.8385,0.7972,0.8595,0.6819,0.8236,0.9404,0.7872,0.6109,0.9528,0.7283,0.6193,0.6048,0.6148,0.8582,0.564,0.6197,0.789,0.5149,0.5465,0.3929,0.5899,0.6727,0.5857,0.5206,0.3216,0.4808,0.2545,0.5255,0.3223,0.2078,0.1571,0.3535,
1.0,0.9992,0.9695,0.9687,0.973,0.9975,0.9963,0.9924,0.9866,0.9257,0.7408,0.9355,0.9107,0.8385,0.8019,0.8622,0.6852,0.8265,0.9437,0.7861,0.6093,0.9563,0.7226,0.6248,0.6068,0.6161,0.8579,0.5644,0.6195,0.7889,0.5114,0.5509,0.3907,0.5964,0.6828,0.5864,0.5227,0.3235,0.4825,0.2594,0.5273,0.3194,0.2099,0.1645,0.3551,
1.0,0.9988,0.9699,0.9687,0.9721,0.9976,0.9948,0.9893,0.9838,0.9233,0.7388,0.9349,0.9062,0.8389,0.7988,0.8589,0.6828,0.8243,0.9369,0.7816,0.6074,0.9525,0.7199,0.6218,0.6062,0.6154,0.8528,0.5627,0.6175,0.7822,0.4924,0.5489,0.3893,0.594,0.6738,0.5718,0.5099,0.3071,0.4737,0.2515,0.5257,0.3036,0.2029,0.163,0.3497,
1.0,0.9993,0.9688,0.9681,0.9696,0.9978,0.9956,0.989,0.9837,0.9247,0.7347,0.9333,0.9083,0.8386,0.8012,0.8593,0.6864,0.8242,0.9387,0.7876,0.6155,0.9506,0.7235,0.6257,0.6047,0.6129,0.8584,0.568,0.6253,0.7801,0.5142,0.5491,0.3897,0.5862,0.6742,0.584,0.5195,0.3162,0.4836,0.2598,0.5316,0.316,0.2103,0.1669,0.3522,
1.0,0.9989,0.9686,0.9675,0.972,0.997,0.9952,0.9903,0.9839,0.9218,0.736,0.934,0.905,0.8398,0.799,0.8575,0.6914,0.8256,0.9353,0.7896,0.6039,0.9508,0.7209,0.6232,0.6109,0.6116,0.8663,0.5727,0.6193,0.7842,0.5041,0.5549,0.3958,0.5969,0.6725,0.5757,0.5155,0.3185,0.4864,0.2626,0.5252,0.3188,0.2104,0.1637,0.3594,
1.0,0.9986,0.9681,0.9667,0.9672,0.9978,0.9948,0.9893,0.9862,0.924,0.7347,0.9295,0.9087,0.8393,0.8051,0.8539,0.6872,0.8278,0.9444,0.7818,0.6138,0.9516,0.7197,0.6241,0.6026,0.6122,0.8536,0.5645,0.623,0.7766,0.4998,0.5535,0.3851,0.5913,0.6788,0.5801,0.5182,0.312,0.4776,0.2628,0.5279,0.3027,0.2031,0.1632,0.3518,
1.0,0.9992,0.9693,0.9685,0.9703,0.9977,0.9959,0.9908,0.9859,0.9261,0.7359,0.9341,0.9112,0.8345,0.7984,0.861,0.6886,0.8214,0.9387,0.7924,0.608,0.9503,0.7214,0.6201,0.6042,0.6103,0.8604,0.5671,0.623,0.788,0.5008,0.5464,0.3737,0.5894,0.6736,0.5861,0.5229,0.3087,0.4779,0.264,0.5303,0.3076,0.2055,0.1622,0.3454,
1.0,0.9987,0.9682,0.9669,0.9704,0.9972,0.9949,0.9904,0.9851,0.922,0.731,0.9323,0.9062,0.8332,0.796,0.8555,0.6771,0.8206,0.9447,0.7811,0.6084,0.9518,0.7258,0.6211,0.6109,0.6129,0.8561,0.5658,0.6197,0.7851,0.5061,0.5483,0.3903,0.5861,0.675,0.5849,0.5198,0.3155,0.4747,0.2575,0.5193,0.3122,0.1986,0.163,0.3517,
1.0,0.9986,0.9678,0.9664,0.9671,0.9973,0.9939,0.9889,0.9836,0.9209,0.7256,0.9283,0.9043,0.8344,0.7947,0.8498,0.6797,0.8193,0.9393,0.7775,0.6021,0.949,0.715,0.6125,0.5941,0.6029,0.8523,0.5614,0.6158,0.7748,0.5039,0.5461,0.3864,0.5828,0.6636,0.5727,0.5122,0.311,0.4721,0.2499,0.5219,0.3086,0.2063,0.1578,0.3423,
1.0,0.9991,0.9677,0.9668,0.9698,0.9973,0.9953,0.9909,0.9858,0.9236,0.7361,0.9311,0.9076,0.8376,0.7992,0.8563,0.6837,0.8249,0.9417,0.783,0.6099,0.9527,0.7238,0.6222,0.607,0.6131,0.8586,0.5711,0.6192,0.7845,0.5063,0.5566,0.3914,0.5899,0.6787,0.5819,0.5208,0.3171,0.4876,0.2578,0.5283,0.32,0.2081,0.1694,0.3585,
1.0,0.9993,0.9669,0.9662,0.9687,0.9977,0.996,0.9923,0.9877,0.9256,0.7363,0.9291,0.9109,0.8345,0.7952,0.856,0.6815,0.8203,0.9416,0.782,0.6131,0.9533,0.726,0.6202,0.6095,0.6099,0.8587,0.5635,0.623,0.7806,0.5025,0.5494,0.389,0.589,0.6812,0.592,0.5193,0.3164,0.4791,0.2574,0.5293,0.3113,0.2089,0.1625,0.3495,
1.0,0.9987,0.9672,0.9659,0.9733,0.9973,0.9949,0.9903,0.9847,0.9253,0.7429,0.9329,0.9082,0.841,0.8016,0.8597,0.6787,0.8275,0.9391,0.7822,0.61,0.9531,0.7249,0.6244,0.6102,0.6188,0.8533,0.5668,0.6157,0.788,0.5097,0.5541,0.3966,0.5949,0.679,0.5828,0.5183,0.3262,0.4785,0.2597,0.5205,0.3147,0.2169,0.1667,0.358,
1.0,0.9985,0.9715,0.97,0.9701,0.9969,0.9945,0.9911,0.9854,0.9207,0.732,0.9337,0.904,0.8371,0.7994,0.8552,0.685,0.8239,0.9426,0.7789,0.6047,0.9519,0.7142,0.6215,0.6009,0.61,0.8556,0.5647,0.6153,0.7793,0.5014,0.5511,0.3885,0.5886,0.6745,0.5738,0.5233,0.3086,0.4769,0.2559,0.5313,0.3052,0.2072,0.1603,0.3514,
1.0,0.9991,0.9724,0.9715,0.9704,0.9976,0.9953,0.9918,0.9872,0.9184,0.7392,0.9358,0.903,0.8427,0.8054,0.855,0.6897,0.831,0.9388,0.7736,0.6118,0.9545,0.72,0.6315,0.6173,0.6173,0.8546,0.5689,0.6192,0.7789,0.4928,0.5641,0.3943,0.5981,0.6813,0.5736,0.5136,0.3199,0.479,0.2536,0.5313,0.3063,0.2084,0.1676,0.356,
1.0,0.9987,0.9714,0.9701,0.9697,0.9983,0.9961,0.9915,0.9855,0.9239,0.7344,0.934,0.9093,0.8359,0.7971,0.8594,0.686,0.8222,0.9369,0.7825,0.6,0.949,0.7121,0.6137,0.5955,0.604,0.86,0.5557,0.6179,0.7814,0.499,0.5423,0.3849,0.5862,0.6669,0.5678,0.51,0.308,0.4772,0.2556,0.5285,0.3121,0.2041,0.153,0.352,
1.0,0.9988,0.9678,0.9666,0.9716,0.9976,0.9954,0.9911,0.9871,0.9243,0.7388,0.9327,0.9093,0.8374,0.7997,0.8585,0.6829,0.826,0.944,0.7833,0.6164,0.9535,0.7256,0.6275,0.6128,0.6168,0.8569,0.5645,0.6255,0.7803,0.4989,0.5465,0.3901,0.5868,0.6755,0.5892,0.5277,0.3064,0.4832,0.2694,0.5223,0.3013,0.2089,0.1663,0.3587,
1.0,0.999,0.9657,0.9647,0.9695,0.9975,0.9954,0.9894,0.9835,0.9221,0.7346,0.9283,0.9049,0.8396,0.8009,0.8516,0.6855,0.8261,0.9421,0.7833,0.6098,0.953,0.7177,0.6227,0.6009,0.618,0.8565,0.5696,0.6091,0.7807,0.501,0.5534,0.3896,0.5876,0.6726,0.5806,0.5239,0.3168,0.4805,0.2544,0.5156,0.3124,0.2024,0.1657,0.359,
1.0,0.9989,0.9679,0.9668,0.9681,0.9973,0.9951,0.9889,0.9825,0.9251,0.7318,0.9292,0.9071,0.8391,0.7975,0.855,0.6841,0.8245,0.9423,0.7845,0.6157,0.9505,0.7256,0.6269,0.6085,0.6092,0.8554,0.565,0.6284,0.7765,0.5032,0.5479,0.3849,0.5939,0.6762,0.5845,0.5172,0.3108,0.476,0.2642,0.5262,0.3143,0.2069,0.1559,0.3571,
1.0,0.9992,0.9669,0.9661,0.9682,0.9975,0.9953,0.9919,0.9875,0.9263,0.7397,0.9288,0.9114,0.84,0.8047,0.856,0.6893,0.829,0.9438,0.7863,0.6125,0.9547,0.7213,0.6192,0.6001,0.6214,0.8589,0.5707,0.6115,0.7821,0.5038,0.5532,0.3831,0.5815,0.677,0.579,0.5198,0.3129,0.4734,0.2547,0.528,0.307,0.2074,0.1637,0.356,
1.0,0.9986,0.9684,0.967,0.9714,0.9973,0.9947,0.9904,0.9856,0.9206,0.7365,0.9336,0.9049,0.8389,0.8037,0.8547,0.6845,0.8259,0.9423,0.7807,0.6042,0.953,0.7139,0.6181,0.5949,0.6148,0.8539,0.5647,0.6022,0.7851,0.5092,0.5479,0.3848,0.5804,0.6691,0.5704,0.5214,0.3134,0.4836,0.2423,0.5203,0.3096,0.2009,0.1623,0.3497,
1.0,0.9989,0.9695,0.9684,0.9689,0.9978,0.9953,0.9887,0.9837,0.9259,0.7398,0.9321,0.9092,0.8434,0.8053,0.8594,0.6868,0.8298,0.9419,0.7818,0.6153,0.9507,0.7216,0.6271,0.6082,0.622,0.8483,0.5733,0.6247,0.7828,0.5036,0.5618,0.3885,0.5944,0.6819,0.5876,0.5319,0.3154,0.4755,0.2696,0.5249,0.3122,0.2097,0.1717,0.3522,
1.0,0.9987,0.9689,0.9676,0.9702,0.9972,0.9953,0.99,0.9828,0.924,0.733,0.9324,0.9082,0.8366,0.7949,0.8576,0.678,0.8235,0.9438,0.7817,0.6086,0.9526,0.7177,0.6202,0.6075,0.6162,0.8548,0.5717,0.6212,0.7794,0.5054,0.5515,0.3883,0.5905,0.6767,0.5821,0.5234,0.3194,0.4837,0.2534,0.5289,0.315,0.2092,0.1696,0.3524,
1.0,0.9994,0.9667,0.9661,0.9726,0.998,0.9963,0.9899,0.9851,0.9221,0.7343,0.9322,0.9049,0.8383,0.8007,0.8552,0.677,0.8258,0.9387,0.7783,0.6006,0.9556,0.7196,0.6169,0.6103,0.6127,0.8494,0.5573,0.6169,0.7832,0.5146,0.5551,0.3971,0.5958,0.6781,0.5773,0.5123,0.3206,0.4785,0.2521,0.518,0.3233,0.2158,0.1603,0.3566,
1.0,0.9991,0.9666,0.9657,0.9687,0.9972,0.9954,0.9907,0.9835,0.9228,0.7322,0.9295,0.9074,0.8374,0.7975,0.8537,0.6812,0.8226,0.9377,0.7788,0.6066,0.9531,0.7233,0.6195,0.6094,0.6107,0.8589,0.5714,0.6167,0.782,0.505,0.5479,0.3966,0.5891,0.6695,0.5789,0.5175,0.3174,0.4838,0.252,0.5172,0.3163,0.2082,0.1573,0.3531,
1.0,0.9991,0.9681,0.9672,0.9685,0.9971,0.9952,0.9913,0.9837,0.929,0.7379,0.9298,0.9129,0.8387,0.7999,0.8601,0.6872,0.8229,0.9376,0.7905,0.6146,0.9522,0.7256,0.6235,0.6068,0.6183,0.8581,0.5655,0.6274,0.7869,0.511,0.5549,0.3955,0.5959,0.6786,0.5822,0.5169,0.3199,0.48,0.2645,0.5262,0.3141,0.2153,0.157,0.3653,
1.0,0.9987,0.9702,0.9689,0.9719,0.9977,0.9953,0.9898,0.9851,0.9284,0.7414,0.9338,0.9112,0.8399,0.7992,0.8629,0.6858,0.8271,0.9414,0.7865,0.6069,0.9505,0.72,0.621,0.6013,0.6173,0.8555,0.5639,0.6158,0.7864,0.498,0.5501,0.3849,0.5907,0.6747,0.5802,0.5211,0.3109,0.476,0.2521,0.5259,0.308,0.2042,0.1646,0.3473,
1.0,0.9983,0.9684,0.9667,0.9702,0.9971,0.9937,0.9885,0.9846,0.9234,0.7386,0.9322,0.907,0.8401,0.8016,0.8558,0.6914,0.827,0.9425,0.7878,0.6064,0.9522,0.7175,0.6189,0.6016,0.6168,0.8617,0.5745,0.6135,0.7794,0.5032,0.5548,0.3913,0.5966,0.6784,0.577,0.5261,0.3158,0.49,0.2597,0.5359,0.3141,0.2034,0.1684,0.3641,
1.0,0.9986,0.9668,0.9654,0.9691,0.9971,0.995,0.9908,0.9857,0.9207,0.7346,0.9302,0.9066,0.841,0.8055,0.852,0.6877,0.8291,0.9422,0.7826,0.6088,0.9545,0.7198,0.6201,0.5977,0.6102,0.8584,0.5664,0.6084,0.7788,0.5034,0.5456,0.3873,0.5872,0.6715,0.5765,0.5291,0.3131,0.4819,0.2585,0.5211,0.3122,0.2054,0.1627,0.3506,
1.0,0.9988,0.9677,0.9665,0.9684,0.9968,0.9951,0.9904,0.9851,0.9242,0.7374,0.9297,0.9077,0.8413,0.804,0.8547,0.6844,0.8291,0.9389,0.7815,0.6097,0.9543,0.7249,0.619,0.6088,0.6134,0.8539,0.5653,0.6212,0.7782,0.5027,0.5475,0.3877,0.5951,0.6758,0.5889,0.5222,0.3124,0.4854,0.2609,0.5235,0.3172,0.209,0.1609,0.3574,
1.0,0.9991,0.9676,0.9667,0.9686,0.9968,0.9949,0.9919,0.9868,0.9255,0.7342,0.9289,0.909,0.8343,0.7963,0.8556,0.6829,0.8209,0.9399,0.7834,0.609,0.9542,0.7265,0.6201,0.6098,0.6065,0.8568,0.5581,0.6263,0.7789,0.4974,0.5411,0.3879,0.5922,0.6783,0.5947,0.5285,0.3102,0.4866,0.2646,0.5281,0.3099,0.2085,0.1712,0.3558,
1.0,0.9987,0.9708,0.9695,0.9687,0.9969,0.9947,0.9906,0.985,0.9233,0.7316,0.9323,0.9071,0.8372,0.7969,0.857,0.6826,0.8248,0.9423,0.7811,0.6071,0.9538,0.7185,0.622,0.6074,0.6102,0.857,0.5683,0.6191,0.7821,0.505,0.5548,0.3876,0.5969,0.6823,0.5872,0.5194,0.3194,0.4855,0.2543,0.528,0.3146,0.2141,0.1575,0.3602,
1.0,0.9991,0.9688,0.9679,0.9692,0.9971,0.9948,0.9911,0.9857,0.9241,0.7392,0.9303,0.9064,0.8412,0.8027,0.8561,0.6889,0.8275,0.9425,0.782,0.6145,0.9533,0.7166,0.6289,0.5983,0.6146,0.8527,0.5647,0.6179,0.7785,0.506,0.552,0.3856,0.59,0.6776,0.5785,0.5253,0.3128,0.4733,0.2611,0.5277,0.3111,0.2121,0.1646,0.3547,
1.0,0.9989,0.9682,0.9671,0.9669,0.9975,0.9954,0.9914,0.9874,0.9229,0.7366,0.9284,0.9073,0.8406,0.8018,0.8533,0.6889,0.8275,0.9421,0.7792,0.6052,0.9522,0.7121,0.615,0.595,0.61,0.8629,0.5675,0.6109,0.778,0.4987,0.5489,0.3829,0.5932,0.6748,0.5784,0.5233,0.3152,0.4858,0.2554,0.5323,0.3055,0.1994,0.1566,0.3578,
1.0,0.9991,0.9663,0.9654,0.9678,0.9962,0.9949,0.9905,0.9845,0.9254,0.7397,0.9281,0.9087,0.8433,0.8066,0.8552,0.6871,0.8308,0.9398,0.7849,0.6153,0.9501,0.7265,0.6243,0.6039,0.6186,0.8564,0.5624,0.6203,0.7768,0.5068,0.5492,0.3925,0.5839,0.6701,0.5835,0.515,0.3162,0.4796,0.2679,0.5203,0.3127,0.2041,0.1589,0.3642,
1.0,0.9989,0.9637,0.9626,0.97,0.9963,0.9941,0.9896,0.9847,0.9267,0.7356,0.9291,0.9108,0.8367,0.7981,0.8582,0.6791,0.8243,0.9376,0.7902,0.6064,0.9513,0.7245,0.611,0.6003,0.608,0.8618,0.5625,0.6191,0.7803,0.4996,0.5412,0.3799,0.5917,0.6667,0.5826,0.5169,0.3078,0.4806,0.2581,0.5189,0.3085,0.2004,0.1542,0.3525,
1.0,0.999,0.9652,0.9642,0.9694,0.9978,0.9962,0.9895,0.9825,0.9238,0.7315,0.9288,0.9076,0.8373,0.7991,0.8553,0.6797,0.8224,0.9367,0.7843,0.6069,0.9531,0.7225,0.6163,0.6004,0.6098,0.857,0.5641,0.6181,0.7863,0.5011,0.5456,0.3863,0.5873,0.6744,0.5795,0.5125,0.3086,0.4753,0.2515,0.5255,0.3109,0.2116,0.1587,0.3566,
1.0,0.9988,0.968,0.9668,0.9698,0.9982,0.9961,0.9909,0.9864,0.9257,0.7464,0.9301,0.9099,0.8476,0.8075,0.8582,0.689,0.8357,0.9411,0.7785,0.6217,0.9526,0.7262,0.6344,0.6071,0.6214,0.8527,0.5712,0.6226,0.7823,0.5091,0.562,0.3977,0.586,0.6715,0.5825,0.5141,0.3249,0.4723,0.2664,0.5179,0.3106,0.2132,0.1708,0.3551,
1.0,0.9988,0.9641,0.9629,0.9681,0.9965,0.9942,0.99,0.9859,0.926,0.7404,0.9261,0.9101,0.843,0.8059,0.8535,0.6859,0.8302,0.939,0.7843,0.6142,0.9496,0.725,0.6193,0.6073,0.6166,0.8571,0.574,0.6209,0.7851,0.4997,0.5518,0.3825,0.5829,0.6673,0.5852,0.5155,0.313,0.4833,0.2679,0.5253,0.3048,0.2019,0.1604,0.3548,
1.0,0.9992,0.9692,0.9684,0.9698,0.9986,0.9969,0.992,0.9872,0.9214,0.7386,0.9327,0.9075,0.8444,0.8078,0.8557,0.6923,0.8315,0.938,0.7799,0.6097,0.9544,0.7191,0.6276,0.6093,0.6165,0.8571,0.5745,0.6246,0.7811,0.5016,0.5607,0.397,0.5986,0.684,0.5839,0.5196,0.3257,0.4874,0.2664,0.5326,0.3166,0.2131,0.1678,0.3652,
1.0,0.9986,0.9663,0.9649,0.969,0.9982,0.9957,0.9901,0.9844,0.9191,0.7339,0.9283,0.9039,0.8419,0.8052,0.8491,0.6837,0.828,0.9359,0.7773,0.6121,0.9542,0.724,0.6237,0.6132,0.6107,0.8533,0.5636,0.6264,0.7792,0.5035,0.5508,0.388,0.5974,0.6834,0.5921,0.5192,0.3207,0.4762,0.2653,0.5237,0.3132,0.2077,0.1679,0.352,
1.0,0.999,0.9667,0.9657,0.9691,0.9969,0.9946,0.9898,0.9852,0.9203,0.7289,0.9305,0.9042,0.8349,0.7977,0.8521,0.6793,0.8237,0.9434,0.781,0.6033,0.9535,0.7142,0.6154,0.6036,0.6079,0.852,0.5666,0.6159,0.7746,0.5014,0.5448,0.382,0.5895,0.6701,0.581,0.5245,0.3126,0.4847,0.255,0.5239,0.3114,0.2035,0.1644,0.3548,
1.0,0.9987,0.9685,0.9672,0.9695,0.9979,0.9953,0.989,0.9859,0.924,0.7412,0.9327,0.9089,0.8454,0.8105,0.8583,0.6887,0.8345,0.9445,0.7813,0.6167,0.9536,0.7263,0.6279,0.6077,0.6229,0.8529,0.576,0.6213,0.7864,0.5131,0.5599,0.3893,0.594,0.6778,0.5844,0.5201,0.3219,0.4787,0.2606,0.5205,0.3191,0.2106,0.1661,0.3559,
1.0,0.999,0.9655,0.9645,0.9695,0.9977,0.9958,0.9921,0.9866,0.9233,0.7368,0.9281,0.9081,0.8387,0.8018,0.853,0.6768,0.8239,0.9378,0.7753,0.6102,0.9525,0.7205,0.6199,0.5995,0.6083,0.8502,0.5539,0.6237,0.7816,0.501,0.5496,0.3892,0.5901,0.6785,0.5825,0.5226,0.3136,0.4718,0.2682,0.5248,0.3088,0.2091,0.1671,0.3537,
1.0,0.9988,0.9692,0.968,0.9686,0.9969,0.9946,0.991,0.9851,0.9226,0.7344,0.9328,0.9086,0.8398,0.8047,0.8561,0.6843,0.8257,0.9384,0.7813,0.6066,0.9533,0.7226,0.6194,0.6085,0.6133,0.8544,0.564,0.6242,0.7813,0.5051,0.5514,0.3898,0.5999,0.6734,0.5864,0.5208,0.3178,0.4837,0.2606,0.5285,0.3152,0.216,0.1622,0.3612,
1.0,0.9989,0.969,0.9679,0.9702,0.9972,0.995,0.9901,0.9865,0.926,0.744,0.932,0.9089,0.8431,0.8065,0.8587,0.6895,0.8323,0.9425,0.7829,0.6107,0.9533,0.7209,0.6239,0.6012,0.6179,0.8516,0.5698,0.6156,0.7826,0.5052,0.556,0.3869,0.5914,0.6779,0.5788,0.5029,0.3162,0.4745,0.2504,0.5261,0.3135,0.2087,0.1583,0.3561,
1.0,0.9989,0.9674,0.9663,0.9715,0.9963,0.9945,0.9916,0.9869,0.9223,0.7371,0.933,0.907,0.8369,0.7986,0.8576,0.6792,0.8246,0.9445,0.7805,0.6129,0.9514,0.7214,0.6254,0.6034,0.6114,0.859,0.5715,0.6095,0.7838,0.5114,0.5491,0.3925,0.5829,0.6716,0.5785,0.5291,0.3189,0.4697,0.2538,0.5164,0.3096,0.2068,0.1671,0.3464,
1.0,0.9993,0.9666,0.9659,0.9712,0.997,0.9955,0.9906,0.9858,0.921,0.7381,0.932,0.9055,0.8419,0.8051,0.8546,0.6872,0.8302,0.9408,0.7832,0.6107,0.9536,0.7199,0.6262,0.61,0.6185,0.8534,0.5773,0.615,0.7857,0.5106,0.5641,0.3899,0.5898,0.6803,0.5817,0.5208,0.3309,0.4759,0.2601,0.5253,0.3145,0.2099,0.1694,0.3499,
1.0,0.9992,0.9692,0.9684,0.9684,0.9977,0.996,0.9911,0.9855,0.9229,0.7374,0.9319,0.9081,0.8419,0.8063,0.8559,0.6933,0.8277,0.9417,0.7836,0.6093,0.954,0.7138,0.6209,0.601,0.6179,0.8584,0.5758,0.6161,0.7837,0.5093,0.552,0.3807,0.5905,0.6748,0.5808,0.5294,0.3237,0.4802,0.2652,0.5239,0.3129,0.2085,0.1689,0.3537,
1.0,0.9994,0.9671,0.9665,0.9694,0.9972,0.9957,0.9911,0.9859,0.9222,0.7351,0.9302,0.9057,0.8393,0.8026,0.854,0.6837,0.8263,0.9411,0.7819,0.6077,0.9492,0.7177,0.6215,0.5979,0.6123,0.8551,0.5605,0.6106,0.7758,0.5008,0.5416,0.3892,0.5816,0.6671,0.5676,0.516,0.3171,0.4725,0.2571,0.5251,0.3008,0.2044,0.1579,0.3392,
1.0,0.9985,0.9687,0.9672,0.9708,0.9979,0.9951,0.9897,0.9854,0.9252,0.7353,0.9314,0.9075,0.834,0.793,0.8574,0.6812,0.8219,0.9402,0.7829,0.6073,0.9542,0.7211,0.6183,0.6025,0.6065,0.8523,0.56,0.6214,0.7836,0.5025,0.5459,0.3776,0.5854,0.6716,0.5729,0.5201,0.3035,0.473,0.2577,0.5284,0.3056,0.2065,0.1593,0.3522,
1.0,0.9996,0.968,0.9676,0.971,0.9979,0.9964,0.9925,0.9873,0.9283,0.7478,0.9331,0.9138,0.8438,0.8085,0.8627,0.6925,0.8298,0.9385,0.7884,0.6139,0.9518,0.7219,0.6253,0.6074,0.6207,0.8587,0.5656,0.6246,0.7894,0.5097,0.5528,0.3925,0.5943,0.6746,0.5852,0.5182,0.3161,0.4756,0.271,0.5211,0.3148,0.2089,0.1604,0.3586,
1.0,0.9993,0.9673,0.9666,0.9725,0.998,0.9956,0.9905,0.9848,0.9269,0.7438,0.9335,0.9109,0.8416,0.8014,0.8619,0.6847,0.8267,0.9336,0.7857,0.6135,0.9551,0.7285,0.6239,0.6098,0.6132,0.8576,0.5602,0.6241,0.7835,0.492,0.5456,0.388,0.5908,0.6746,0.585,0.5154,0.3038,0.4817,0.2596,0.5219,0.3122,0.2116,0.1615,0.358,
1.0,0.9988,0.9665,0.9653,0.9697,0.9977,0.9957,0.99,0.9837,0.9255,0.7348,0.9298,0.9095,0.8381,0.7988,0.8559,0.6841,0.824,0.9366,0.7857,0.6047,0.9517,0.7203,0.6154,0.6002,0.6066,0.8563,0.5621,0.6185,0.7838,0.5058,0.5479,0.383,0.5883,0.6755,0.575,0.5169,0.3152,0.4736,0.2568,0.5304,0.3076,0.2093,0.1605,0.3521,
1.0,0.9983,0.9678,0.9661,0.9673,0.9987,0.9957,0.9882,0.9827,0.9268,0.7377,0.9279,0.9106,0.8425,0.8015,0.856,0.6849,0.8286,0.944,0.78,0.6181,0.9501,0.7245,0.6255,0.6016,0.6178,0.8559,0.5726,0.6195,0.7843,0.5139,0.5563,0.3886,0.5831,0.6738,0.5825,0.5179,0.3267,0.4773,0.2541,0.5244,0.3168,0.2079,0.1611,0.3527,
1.0,0.999,0.9688,0.9678,0.9723,0.9972,0.995,0.9902,0.9853,0.9259,0.7349,0.9348,0.9092,0.8344,0.7959,0.8612,0.6806,0.8222,0.9431,0.788,0.6128,0.9507,0.7263,0.6282,0.6098,0.6134,0.8571,0.5628,0.6248,0.7831,0.4946,0.5501,0.3861,0.5895,0.6781,0.5878,0.515,0.3098,0.4715,0.26,0.521,0.3024,0.2079,0.1614,0.3517,
1.0,0.9988,0.9674,0.9662,0.9711,0.9975,0.9956,0.9891,0.9828,0.923,0.7292,0.9321,0.9066,0.8327,0.7917,0.8564,0.6762,0.8191,0.9416,0.7802,0.607,0.9513,0.7224,0.6193,0.6052,0.6048,0.8539,0.5558,0.621,0.7829,0.5051,0.5454,0.3834,0.59,0.6794,0.5845,0.5211,0.3122,0.474,0.255,0.5201,0.3143,0.211,0.1611,0.3501,
1.0,0.9982,0.9685,0.9667,0.9712,0.9975,0.995,0.9889,0.9836,0.9182,0.7268,0.9328,0.9016,0.8353,0.7937,0.8517,0.6771,0.8227,0.942,0.7755,0.6017,0.9529,0.718,0.6195,0.6064,0.6018,0.856,0.5603,0.618,0.7805,0.5033,0.5517,0.3861,0.5928,0.6761,0.58,0.5265,0.3081,0.4783,0.2621,0.519,0.3098,0.2104,0.1626,0.3483,
1.0,0.9985,0.9658,0.9643,0.9679,0.9979,0.9955,0.9904,0.9851,0.9266,0.7385,0.9252,0.9097,0.8383,0.7997,0.8537,0.6783,0.8256,0.941,0.7796,0.6109,0.9562,0.7292,0.6175,0.6034,0.6132,0.8543,0.5599,0.6208,0.7849,0.5011,0.5463,0.3762,0.588,0.6779,0.5842,0.5122,0.3118,0.4759,0.2576,0.5214,0.3096,0.2044,0.1603,0.3552,
1.0,0.9987,0.97,0.9687,0.972,0.9971,0.9947,0.9911,0.9863,0.9248,0.7435,0.9353,0.9088,0.8431,0.8051,0.861,0.688,0.8303,0.9415,0.7806,0.6173,0.9523,0.7256,0.6333,0.6204,0.624,0.8517,0.5677,0.6344,0.7809,0.5029,0.5648,0.4015,0.6038,0.6871,0.5903,0.5219,0.313,0.4777,0.2712,0.5274,0.3178,0.2101,0.1694,0.3739,
1.0,0.9994,0.9651,0.9645,0.9673,0.9968,0.9949,0.9896,0.9831,0.9205,0.7364,0.9272,0.9035,0.8456,0.8046,0.8489,0.6826,0.8306,0.9405,0.7752,0.6164,0.9532,0.7236,0.6293,0.6021,0.6129,0.8516,0.5719,0.6105,0.7713,0.4979,0.5497,0.3823,0.5798,0.6691,0.5828,0.5225,0.318,0.4758,0.2561,0.5121,0.3097,0.2026,0.1618,0.3564,
1.0,0.999,0.9673,0.9663,0.9721,0.9964,0.9944,0.9911,0.9857,0.9235,0.7418,0.9324,0.907,0.8429,0.8032,0.8583,0.6893,0.8298,0.9438,0.7852,0.6186,0.9516,0.7255,0.6326,0.6118,0.618,0.8595,0.5727,0.6263,0.7842,0.5049,0.5557,0.3909,0.5888,0.68,0.5892,0.5269,0.3163,0.4804,0.2655,0.5267,0.315,0.212,0.1696,0.3612,
1.0,0.999,0.9691,0.9681,0.9692,0.9983,0.9966,0.9926,0.9868,0.9209,0.7349,0.9323,0.9082,0.8395,0.8036,0.8544,0.689,0.8271,0.9403,0.7805,0.6122,0.9599,0.7238,0.6268,0.6105,0.6134,0.8579,0.5731,0.6238,0.7848,0.503,0.5615,0.3828,0.5886,0.681,0.5845,0.5173,0.3141,0.4748,0.2588,0.5277,0.3075,0.21,0.1612,0.3561,
1.0,0.9995,0.9666,0.9661,0.9688,0.9974,0.9957,0.9909,0.9875,0.9194,0.7373,0.9294,0.904,0.8422,0.8048,0.8507,0.6859,0.8303,0.9441,0.7752,0.6151,0.9499,0.7201,0.6305,0.599,0.6077,0.8555,0.5667,0.6192,0.7766,0.4947,0.5519,0.3903,0.5832,0.6751,0.5757,0.5121,0.3114,0.4794,0.2571,0.5226,0.3026,0.2047,0.1612,0.3586,
1.0,0.9986,0.9681,0.9667,0.9677,0.9973,0.9949,0.9895,0.9828,0.9242,0.7329,0.9297,0.9081,0.8387,0.7994,0.8554,0.6808,0.8228,0.9318,0.7819,0.5954,0.9517,0.7145,0.6077,0.5913,0.6056,0.8536,0.5583,0.6094,0.7782,0.4982,0.5396,0.3788,0.582,0.6703,0.5691,0.5189,0.3067,0.4698,0.2491,0.5164,0.3039,0.2062,0.1579,0.3418,
1.0,0.9985,0.9659,0.9644,0.972,0.9981,0.9952,0.9889,0.9826,0.9246,0.734,0.9323,0.9096,0.8362,0.7969,0.858,0.6763,0.8208,0.9366,0.7855,0.6074,0.9552,0.7237,0.6158,0.6034,0.6124,0.8556,0.5577,0.6142,0.7847,0.5097,0.5454,0.3944,0.5943,0.6736,0.5779,0.5142,0.3104,0.4832,0.2541,0.5234,0.3192,0.2166,0.165,0.3584,
1.0,0.9991,0.9698,0.9689,0.9677,0.9975,0.995,0.9907,0.9853,0.9253,0.7263,0.931,0.9088,0.8317,0.7933,0.8555,0.6808,0.8169,0.9419,0.7842,0.6053,0.9517,0.7143,0.6143,0.598,0.608,0.8575,0.5645,0.6139,0.7814,0.5089,0.5491,0.3844,0.5953,0.6807,0.5817,0.5275,0.3163,0.4842,0.2587,0.5364,0.3109,0.2113,0.1691,0.3507,
1.0,0.9983,0.9694,0.9677,0.9708,0.9973,0.9953,0.9917,0.9856,0.926,0.7373,0.9335,0.9117,0.8375,0.7996,0.8604,0.6844,0.8248,0.9402,0.7869,0.6106,0.95,0.7244,0.6239,0.6133,0.614,0.8574,0.5694,0.6321,0.7904,0.5114,0.5584,0.3892,0.588,0.6777,0.589,0.5167,0.3203,0.4707,0.2648,0.5277,0.3137,0.2122,0.1607,0.3454,
1.0,0.9985,0.9695,0.968,0.9691,0.998,0.9961,0.9903,0.9844,0.9255,0.7426,0.9321,0.9105,0.8458,0.8097,0.8574,0.6918,0.8321,0.9423,0.783,0.621,0.9532,0.7254,0.6315,0.6083,0.6225,0.8526,0.5749,0.6324,0.7901,0.5097,0.5635,0.3876,0.6023,0.6781,0.5893,0.5245,0.3121,0.4799,0.2693,0.522,0.3148,0.2059,0.1663,0.364,
1.0,0.999,0.9682,0.9672,0.9703,0.9972,0.9955,0.9913,0.9863,0.9238,0.739,0.9318,0.9082,0.841,0.8034,0.8565,0.6818,0.8279,0.9437,0.7774,0.6117,0.9527,0.7202,0.624,0.6074,0.6229,0.8513,0.5723,0.6236,0.7874,0.5105,0.5676,0.3902,0.5964,0.6805,0.5866,0.5211,0.3156,0.4715,0.2554,0.5242,0.3109,0.2166,0.1642,0.3584,
1.0,0.9995,0.9676,0.9671,0.9713,0.9978,0.9964,0.9915,0.9852,0.9263,0.7389,0.9319,0.9104,0.8389,0.7991,0.8597,0.6905,0.8249,0.9403,0.7892,0.6114,0.9531,0.724,0.6253,0.6092,0.6183,0.8612,0.5673,0.623,0.7836,0.5096,0.5467,0.3983,0.5962,0.6752,0.5801,0.5175,0.3193,0.4802,0.2605,0.5286,0.3213,0.2085,0.1583,0.3597,
1.0,0.9992,0.9715,0.9707,0.9717,0.9975,0.9956,0.9914,0.9871,0.9215,0.7327,0.9369,0.9064,0.834,0.7977,0.8588,0.6814,0.8221,0.9424,0.7796,0.6052,0.9543,0.7214,0.6237,0.6163,0.607,0.8553,0.556,0.6236,0.7811,0.5037,0.5435,0.3971,0.5996,0.6778,0.5847,0.5194,0.3157,0.4808,0.253,0.5242,0.3199,0.2089,0.1631,0.3572,
1.0,0.9985,0.9694,0.9679,0.9677,0.9974,0.9946,0.9915,0.9873,0.9259,0.7404,0.9305,0.9119,0.8413,0.8066,0.8584,0.6946,0.8281,0.9381,0.7874,0.606,0.9509,0.7169,0.6165,0.5974,0.6153,0.8615,0.5654,0.6195,0.7765,0.4968,0.5475,0.3818,0.5862,0.669,0.5738,0.523,0.3104,0.4742,0.2654,0.5274,0.3052,0.2019,0.1582,0.3526,
1.0,0.9978,0.9678,0.9656,0.9695,0.9977,0.9947,0.9896,0.9844,0.9228,0.734,0.9301,0.9076,0.8342,0.796,0.8542,0.6845,0.8212,0.9392,0.7886,0.6038,0.9551,0.719,0.6151,0.6023,0.6094,0.8621,0.5615,0.6175,0.7795,0.5027,0.5461,0.3754,0.5897,0.6833,0.5832,0.5325,0.3128,0.4867,0.2636,0.5359,0.3077,0.2078,0.1642,0.3548,
1.0,0.9991,0.966,0.9651,0.9697,0.998,0.9956,0.9906,0.9863,0.9254,0.7444,0.9299,0.9111,0.8432,0.8093,0.8559,0.6951,0.8304,0.9405,0.7896,0.6137,0.9529,0.7234,0.6198,0.5991,0.6198,0.8623,0.5746,0.6169,0.7882,0.502,0.5537,0.3869,0.5848,0.6679,0.5736,0.5177,0.3189,0.4867,0.2655,0.5314,0.3096,0.2039,0.1649,0.3609,
1.0,0.9993,0.9705,0.9698,0.9699,0.9969,0.9952,0.991,0.985,0.9244,0.7427,0.9361,0.9097,0.8488,0.8117,0.8607,0.6962,0.8346,0.9422,0.7855,0.6231,0.9535,0.7261,0.636,0.617,0.6226,0.8602,0.5851,0.6298,0.7845,0.5107,0.568,0.3931,0.6035,0.6841,0.592,0.5252,0.3313,0.487,0.2694,0.5288,0.3219,0.2106,0.1639,0.37,
1.0,0.9982,0.9664,0.9646,0.9703,0.9976,0.9944,0.9899,0.9849,0.9223,0.742,0.9298,0.9069,0.8452,0.8062,0.8524,0.691,0.831,0.9454,0.7834,0.6216,0.9526,0.7212,0.6322,0.6064,0.6225,0.8595,0.5772,0.621,0.7822,0.4993,0.5587,0.3862,0.5912,0.6797,0.5855,0.5309,0.3207,0.4767,0.2625,0.5202,0.312,0.2038,0.164,0.3546,
1.0,0.9983,0.9684,0.9667,0.9683,0.9975,0.9949,0.9889,0.9839,0.9224,0.7326,0.9295,0.9056,0.8393,0.7997,0.8531,0.6803,0.8279,0.9424,0.7762,0.6074,0.9536,0.7172,0.6199,0.604,0.6191,0.8519,0.5715,0.6148,0.7792,0.4998,0.5589,0.3825,0.5892,0.6773,0.5779,0.523,0.3189,0.4735,0.2557,0.5239,0.303,0.2102,0.1655,0.3504,
1.0,0.9997,0.9647,0.9644,0.972,0.9979,0.9963,0.9929,0.9878,0.9212,0.7454,0.9318,0.9083,0.8443,0.8072,0.8531,0.6889,0.8305,0.9413,0.7819,0.6106,0.9546,0.7156,0.6233,0.6061,0.6193,0.858,0.5727,0.6136,0.78,0.5038,0.5508,0.3937,0.5892,0.6744,0.5801,0.527,0.3154,0.4796,0.2612,0.5187,0.3139,0.2094,0.1601,0.3603,
1.0,0.9985,0.9694,0.9679,0.9693,0.9979,0.9956,0.9899,0.9858,0.9232,0.7316,0.9324,0.9079,0.8356,0.7976,0.8566,0.6867,0.8242,0.9442,0.7846,0.6029,0.9525,0.7176,0.6161,0.5995,0.6112,0.8621,0.5638,0.607,0.7784,0.4973,0.55,0.3841,0.5861,0.6787,0.5761,0.5252,0.3137,0.4771,0.2498,0.5267,0.3049,0.2016,0.1635,0.3504,
1.0,0.9992,0.9693,0.9685,0.9689,0.9972,0.9955,0.9906,0.9849,0.9274,0.74,0.9313,0.91,0.8418,0.8012,0.8602,0.6846,0.8281,0.9437,0.7793,0.6198,0.9549,0.7293,0.63,0.6133,0.6149,0.8522,0.5676,0.6339,0.7844,0.5083,0.5567,0.3857,0.5992,0.6844,0.5963,0.5235,0.3207,0.49,0.2649,0.5218,0.3178,0.2149,0.1704,0.3627,
1.0,0.9989,0.9695,0.9684,0.9727,0.9967,0.9951,0.9898,0.984,0.9212,0.7319,0.9352,0.9039,0.835,0.7984,0.8584,0.6827,0.8214,0.9348,0.7852,0.6019,0.9487,0.7203,0.6183,0.6121,0.6092,0.8532,0.5647,0.6211,0.7895,0.5095,0.5508,0.3949,0.5861,0.6711,0.5764,0.5198,0.3109,0.4791,0.2636,0.5285,0.3164,0.208,0.1651,0.3475,
1.0,0.9988,0.9691,0.9679,0.9692,0.9983,0.9959,0.9893,0.9842,0.9246,0.7391,0.9323,0.9092,0.8427,0.8036,0.8576,0.6887,0.8289,0.9415,0.7838,0.6138,0.9539,0.7273,0.6268,0.6166,0.619,0.8563,0.5769,0.6265,0.7816,0.5006,0.5594,0.3965,0.5975,0.6735,0.592,0.523,0.3171,0.4891,0.2633,0.5252,0.3133,0.2012,0.1678,0.3618,
1.0,0.9989,0.9684,0.9673,0.9703,0.9968,0.995,0.9926,0.9868,0.9241,0.7342,0.9322,0.9103,0.8358,0.8007,0.8574,0.6821,0.8227,0.9444,0.7855,0.6125,0.9534,0.7255,0.6272,0.6087,0.6108,0.8554,0.5628,0.6246,0.7855,0.5107,0.545,0.3966,0.5922,0.6718,0.5913,0.5223,0.3177,0.4765,0.2625,0.5266,0.3182,0.2051,0.1654,0.3534,
1.0,0.9979,0.9671,0.965,0.9708,0.9979,0.9945,0.988,0.9825,0.9224,0.7339,0.9307,0.9058,0.8398,0.7985,0.8545,0.6822,0.8258,0.9393,0.7831,0.6098,0.9553,0.727,0.6231,0.6105,0.6111,0.8584,0.5638,0.6233,0.7832,0.5108,0.5538,0.3997,0.5987,0.6802,0.5819,0.5256,0.3205,0.4956,0.2612,0.5296,0.3277,0.2219,0.1669,0.3628,
1.0,0.9985,0.9675,0.966,0.9706,0.9972,0.9946,0.9898,0.9835,0.9263,0.7455,0.9318,0.9106,0.8451,0.805,0.8592,0.6846,0.8312,0.9406,0.7837,0.626,0.9536,0.731,0.6353,0.6091,0.6225,0.8516,0.5725,0.6321,0.7792,0.5053,0.5581,0.3889,0.5861,0.6708,0.5899,0.5232,0.3168,0.4744,0.2751,0.5309,0.3051,0.2071,0.1677,0.3499,
1.0,0.9988,0.9643,0.9631,0.9733,0.9969,0.9948,0.9905,0.9841,0.9237,0.7452,0.9302,0.9069,0.8461,0.8086,0.8568,0.6896,0.8309,0.9364,0.7876,0.615,0.9517,0.7203,0.6288,0.6058,0.6206,0.8559,0.5713,0.6205,0.7852,0.5057,0.553,0.3847,0.5829,0.6676,0.5843,0.5208,0.3083,0.4828,0.2692,0.5255,0.3082,0.2106,0.1609,0.3569,
1.0,0.9991,0.9643,0.9634,0.9709,0.9974,0.9952,0.9901,0.9846,0.9222,0.7339,0.9284,0.9052,0.8386,0.7979,0.8526,0.6766,0.8246,0.9379,0.7772,0.6058,0.9517,0.7227,0.6158,0.6025,0.6045,0.8556,0.5567,0.6185,0.7781,0.4926,0.5414,0.3721,0.5849,0.669,0.5818,0.5167,0.3037,0.4764,0.2604,0.5204,0.3021,0.2022,0.1483,0.3508,
1.0,0.9987,0.9693,0.968,0.9694,0.9971,0.9943,0.9892,0.9845,0.929,0.7429,0.9324,0.9119,0.841,0.8045,0.8626,0.692,0.8256,0.9363,0.7939,0.6151,0.951,0.7264,0.6232,0.6107,0.6189,0.8608,0.5726,0.6301,0.7889,0.5097,0.5563,0.3968,0.6035,0.6785,0.5862,0.5172,0.3222,0.485,0.2676,0.5251,0.3118,0.2118,0.1616,0.3565,
1.0,0.9987,0.9649,0.9636,0.9712,0.9978,0.9949,0.9882,0.9828,0.9245,0.7393,0.9308,0.909,0.8441,0.803,0.8569,0.6803,0.8302,0.9398,0.7812,0.6167,0.9512,0.7258,0.6261,0.6109,0.6195,0.8502,0.57,0.626,0.7809,0.5001,0.5534,0.3862,0.5898,0.6722,0.5865,0.5111,0.3133,0.4833,0.2619,0.5252,0.3152,0.2067,0.1627,0.3556,
1.0,0.9989,0.9698,0.9687,0.9694,0.9978,0.9957,0.9919,0.9859,0.9259,0.7347,0.9324,0.9113,0.8352,0.7996,0.8595,0.6815,0.8215,0.942,0.7838,0.6128,0.9542,0.7221,0.6236,0.6117,0.6124,0.8547,0.5627,0.6288,0.7828,0.5063,0.554,0.3868,0.59,0.6814,0.588,0.5272,0.3183,0.4719,0.2601,0.5278,0.3128,0.2122,0.1698,0.3506,
1.0,0.9989,0.9672,0.9661,0.9691,0.9972,0.995,0.9907,0.9865,0.9214,0.7354,0.9301,0.9063,0.84,0.8041,0.8531,0.6917,0.8272,0.943,0.7863,0.606,0.9542,0.7169,0.6184,0.5965,0.6102,0.8595,0.5703,0.6166,0.7777,0.5086,0.5518,0.3819,0.5884,0.6791,0.5847,0.535,0.3155,0.486,0.2642,0.5337,0.3121,0.2086,0.1712,0.3564,
1.0,0.9985,0.9682,0.9667,0.9702,0.997,0.9944,0.9898,0.9843,0.9227,0.7395,0.9324,0.9078,0.8427,0.8048,0.8565,0.688,0.8289,0.9427,0.7844,0.6173,0.9464,0.7185,0.6296,0.6063,0.6186,0.855,0.5709,0.6234,0.7752,0.5025,0.5513,0.3937,0.5855,0.6675,0.5828,0.5195,0.3151,0.4769,0.2645,0.5249,0.3071,0.2046,0.1655,0.3538,
1.0,0.9985,0.9681,0.9666,0.9706,0.9973,0.9947,0.9898,0.9843,0.9238,0.7377,0.9317,0.9081,0.8415,0.8029,0.8567,0.6893,0.8275,0.9387,0.7858,0.6142,0.9494,0.7251,0.6262,0.6051,0.6108,0.8587,0.5655,0.6237,0.7815,0.509,0.5481,0.3939,0.5883,0.6746,0.5853,0.5176,0.3196,0.4774,0.2609,0.5273,0.3102,0.2069,0.1612,0.3525,
1.0,0.9986,0.9684,0.967,0.9674,0.9973,0.9945,0.9907,0.988,0.9272,0.7435,0.9273,0.9099,0.8425,0.8084,0.8561,0.6947,0.8324,0.9436,0.7851,0.615,0.9564,0.7293,0.6223,0.6076,0.625,0.8607,0.5744,0.6154,0.7886,0.5145,0.5561,0.391,0.5866,0.6737,0.581,0.5224,0.3293,0.4784,0.2592,0.5222,0.316,0.2129,0.1634,0.3557,
1.0,0.9996,0.967,0.9666,0.9709,0.9976,0.9964,0.9914,0.9866,0.9252,0.7423,0.9316,0.9085,0.8418,0.8056,0.8583,0.6909,0.8299,0.9412,0.7858,0.6133,0.9563,0.7289,0.6242,0.615,0.6218,0.859,0.5751,0.6229,0.7892,0.5129,0.5575,0.3973,0.5981,0.6806,0.5838,0.5172,0.3226,0.4859,0.2619,0.5291,0.3197,0.2195,0.1591,0.3664,
1.0,0.9987,0.9659,0.9646,0.9709,0.9971,0.995,0.99,0.986,0.9254,0.7343,0.9309,0.9092,0.8329,0.7997,0.8584,0.6805,0.8215,0.9408,0.7887,0.6045,0.9514,0.7207,0.6157,0.5998,0.6115,0.856,0.5616,0.6182,0.7887,0.5103,0.5447,0.3886,0.593,0.6717,0.5831,0.5223,0.3141,0.4736,0.2604,0.5148,0.3172,0.215,0.1576,0.3572,
1.0,0.9989,0.9671,0.966,0.9697,0.9976,0.9955,0.9893,0.9841,0.9214,0.733,0.9295,0.9041,0.8387,0.7985,0.8515,0.6856,0.8254,0.9417,0.7802,0.6076,0.9515,0.7197,0.6207,0.6069,0.6104,0.8575,0.5692,0.6235,0.7799,0.5061,0.5532,0.388,0.595,0.68,0.5873,0.5255,0.3189,0.4843,0.2645,0.5361,0.3128,0.2146,0.1717,0.3573,
1.0,0.9988,0.9671,0.9659,0.9703,0.9976,0.9954,0.9892,0.985,0.926,0.7372,0.9312,0.9097,0.8381,0.7989,0.8567,0.6824,0.8273,0.9448,0.7846,0.6098,0.9566,0.7241,0.6182,0.602,0.6134,0.8542,0.5693,0.6148,0.786,0.5123,0.5519,0.3899,0.5954,0.6769,0.5821,0.5233,0.3173,0.4775,0.256,0.5196,0.313,0.2052,0.1669,0.3573,
1.0,0.9989,0.9699,0.9688,0.9705,0.9956,0.9936,0.991,0.9859,0.9252,0.7418,0.934,0.9082,0.8433,0.8036,0.8609,0.6844,0.8302,0.939,0.7802,0.6152,0.9507,0.7309,0.63,0.6153,0.6132,0.8547,0.5685,0.6257,0.7826,0.5023,0.5522,0.3911,0.5894,0.6738,0.5846,0.5183,0.32,0.4742,0.2601,0.5213,0.3119,0.2049,0.166,0.3548,
1.0,0.9987,0.9683,0.967,0.9693,0.997,0.9946,0.99,0.9866,0.9209,0.7415,0.9303,0.9044,0.8462,0.8096,0.8528,0.6927,0.8332,0.9436,0.7789,0.6197,0.9508,0.7229,0.6345,0.6095,0.6179,0.8528,0.5769,0.6252,0.7787,0.5067,0.5642,0.3955,0.5916,0.6803,0.5821,0.5229,0.3138,0.4731,0.2663,0.5239,0.3079,0.206,0.1683,0.3572,
1.0,0.9988,0.9698,0.9686,0.9711,0.9976,0.9952,0.9902,0.985,0.9253,0.7405,0.9334,0.9089,0.8408,0.8013,0.8585,0.6798,0.8264,0.9405,0.7804,0.6111,0.9527,0.7206,0.6247,0.6138,0.6202,0.8487,0.5675,0.6234,0.787,0.5063,0.5577,0.3889,0.5978,0.6805,0.5832,0.5201,0.3192,0.4812,0.2646,0.524,0.3146,0.2074,0.1686,0.3548,
1.0,0.9992,0.9662,0.9654,0.9701,0.997,0.9952,0.9907,0.9853,0.9217,0.728,0.9303,0.9057,0.8334,0.7954,0.8537,0.6832,0.8206,0.9412,0.7865,0.6026,0.9511,0.7173,0.617,0.6049,0.6073,0.8615,0.5633,0.6195,0.7765,0.4991,0.5474,0.3875,0.5859,0.6691,0.579,0.5188,0.3125,0.4827,0.2566,0.5306,0.3024,0.1933,0.1609,0.346,
1.0,0.9987,0.9667,0.9654,0.9687,0.9959,0.9935,0.9899,0.9848,0.9257,0.7391,0.9279,0.9074,0.8415,0.806,0.8554,0.6929,0.8274,0.9431,0.7901,0.6157,0.9512,0.721,0.625,0.6033,0.6242,0.8571,0.5828,0.6194,0.7855,0.5133,0.5615,0.382,0.5815,0.6741,0.5866,0.5285,0.3236,0.4738,0.267,0.5241,0.3142,0.2105,0.1657,0.3551,
1.0,0.9986,0.9666,0.9652,0.9698,0.9974,0.9953,0.9911,0.9864,0.9241,0.7344,0.9286,0.9083,0.8348,0.797,0.854,0.6804,0.8237,0.943,0.781,0.6141,0.9501,0.7204,0.6238,0.6029,0.6101,0.8555,0.5576,0.6167,0.7806,0.5038,0.5438,0.3937,0.5883,0.6833,0.5788,0.5224,0.3149,0.4681,0.2607,0.5202,0.3123,0.2175,0.1629,0.3475,
1.0,0.9987,0.9671,0.9658,0.9695,0.9972,0.9955,0.9914,0.9859,0.9197,0.7361,0.9307,0.9054,0.8398,0.8012,0.8514,0.6895,0.8268,0.9418,0.7813,0.6105,0.953,0.7206,0.6237,0.605,0.6148,0.8642,0.5737,0.6137,0.7792,0.4968,0.5528,0.3844,0.5845,0.6744,0.5833,0.5361,0.3123,0.4831,0.2627,0.5276,0.3104,0.1985,0.1667,0.3529,
1.0,0.9993,0.9674,0.9667,0.9674,0.9979,0.9959,0.9905,0.9847,0.9211,0.7387,0.9287,0.9049,0.845,0.8065,0.8513,0.6924,0.83,0.9365,0.7815,0.6148,0.95,0.7218,0.6236,0.5989,0.6097,0.8619,0.5673,0.6166,0.7799,0.4952,0.5493,0.3853,0.59,0.6689,0.5754,0.5126,0.3203,0.4789,0.2596,0.5272,0.3035,0.2047,0.159,0.3529,
1.0,0.999,0.9663,0.9653,0.9713,0.9964,0.9946,0.9897,0.9839,0.9261,0.736,0.9323,0.9096,0.8354,0.7984,0.8594,0.6852,0.823,0.9404,0.7929,0.6083,0.9531,0.7286,0.6181,0.6076,0.6107,0.8617,0.5646,0.6233,0.7884,0.5108,0.5457,0.3896,0.5901,0.6694,0.5889,0.5168,0.3149,0.4815,0.2598,0.5229,0.319,0.2128,0.1572,0.358,
1.0,0.9978,0.9658,0.9636,0.9715,0.9976,0.9941,0.9872,0.9828,0.9212,0.7298,0.9297,0.9033,0.8359,0.7954,0.852,0.6774,0.8233,0.9391,0.7805,0.607,0.9517,0.7273,0.6212,0.6214,0.6088,0.8581,0.5643,0.6251,0.7838,0.5037,0.5461,0.389,0.5954,0.6717,0.5839,0.5154,0.3136,0.4833,0.2574,0.5195,0.3159,0.2062,0.1616,0.3549,
1.0,0.9991,0.968,0.9671,0.971,0.9976,0.9957,0.9908,0.9857,0.9225,0.7363,0.9322,0.9061,0.8387,0.8011,0.8563,0.6851,0.8265,0.9445,0.7839,0.6107,0.9518,0.715,0.626,0.5998,0.6176,0.8535,0.5712,0.6205,0.7794,0.5047,0.5544,0.3885,0.5909,0.6805,0.5788,0.522,0.3176,0.4788,0.2589,0.5292,0.3113,0.206,0.1646,0.3565,
1.0,0.9991,0.965,0.9641,0.9684,0.9974,0.9955,0.9902,0.9836,0.9236,0.7367,0.9256,0.9057,0.8428,0.8015,0.8503,0.6817,0.8285,0.9383,0.776,0.6112,0.9566,0.7222,0.6214,0.6073,0.6153,0.8465,0.5693,0.6155,0.7805,0.5044,0.554,0.3835,0.5893,0.6751,0.5872,0.5247,0.3123,0.4747,0.2612,0.5168,0.3112,0.211,0.1686,0.3557,
1.0,0.9986,0.969,0.9676,0.9705,0.9967,0.9942,0.9916,0.986,0.9301,0.7391,0.9319,0.9145,0.8358,0.7976,0.8621,0.6787,0.8222,0.9366,0.7854,0.6052,0.9525,0.7263,0.6155,0.6036,0.6111,0.8528,0.557,0.6222,0.7883,0.5056,0.5419,0.3914,0.5956,0.6687,0.5755,0.5074,0.3089,0.4803,0.2568,0.5164,0.3142,0.2037,0.1579,0.3582,
1.0,0.9988,0.968,0.9668,0.9679,0.9977,0.9952,0.989,0.9835,0.9187,0.7334,0.9283,0.9009,0.8424,0.8015,0.8493,0.6878,0.8282,0.9408,0.7777,0.6094,0.9509,0.7154,0.624,0.6085,0.6169,0.8563,0.5778,0.6175,0.7748,0.4976,0.5628,0.3865,0.5919,0.6793,0.5711,0.5057,0.3224,0.4855,0.2511,0.5368,0.3046,0.2017,0.1629,0.3595,
1.0,0.9991,0.9668,0.9659,0.9703,0.9982,0.9966,0.9919,0.9867,0.9259,0.7407,0.9302,0.9114,0.8386,0.8034,0.8575,0.6887,0.8263,0.9404,0.7882,0.6129,0.9521,0.7228,0.6233,0.6029,0.6081,0.8609,0.5569,0.6234,0.7862,0.5054,0.5371,0.3822,0.5893,0.6732,0.5835,0.5214,0.3115,0.4783,0.2654,0.5272,0.3088,0.2057,0.1604,0.3476,
1.0,0.9988,0.9695,0.9683,0.966,0.9984,0.9963,0.9907,0.985,0.9235,0.7359,0.9286,0.9085,0.8438,0.8061,0.8542,0.6959,0.8312,0.9415,0.785,0.612,0.9548,0.7199,0.625,0.6059,0.6153,0.8617,0.5764,0.6197,0.7794,0.5025,0.5609,0.3818,0.601,0.6864,0.5805,0.5172,0.3182,0.4853,0.2595,0.5296,0.3144,0.211,0.1585,0.3608,
1.0,0.9993,0.9702,0.9695,0.9655,0.997,0.9956,0.9918,0.9858,0.9282,0.7358,0.9293,0.9128,0.835,0.799,0.8587,0.6877,0.82,0.9391,0.7868,0.6137,0.9511,0.7268,0.6183,0.6092,0.6123,0.8633,0.5678,0.6355,0.7852,0.5037,0.5489,0.3916,0.595,0.6771,0.5915,0.5165,0.3123,0.4806,0.2664,0.5247,0.3153,0.2112,0.1571,0.3567,
1.0,0.9989,0.9679,0.9668,0.9707,0.9977,0.9953,0.9906,0.9852,0.9247,0.7333,0.9318,0.9089,0.8333,0.7956,0.858,0.6834,0.8182,0.9422,0.7882,0.6091,0.952,0.7199,0.6198,0.6085,0.612,0.8592,0.5614,0.6246,0.7807,0.5,0.5481,0.3856,0.5883,0.6751,0.586,0.5229,0.305,0.4757,0.2632,0.5267,0.3016,0.2055,0.1691,0.3471,
1.0,0.9987,0.9696,0.9683,0.9715,0.9974,0.9951,0.9908,0.9846,0.9294,0.7379,0.9346,0.9142,0.834,0.7958,0.8663,0.6786,0.8202,0.9368,0.7881,0.608,0.954,0.7281,0.6187,0.6084,0.6115,0.8575,0.5613,0.6279,0.7871,0.4997,0.5454,0.3812,0.592,0.6781,0.5849,0.5286,0.3063,0.4774,0.2689,0.5321,0.31,0.2067,0.164,0.3466,
1.0,0.9986,0.9664,0.965,0.9696,0.997,0.9944,0.9912,0.9852,0.9237,0.7375,0.9282,0.9071,0.8374,0.7987,0.8534,0.6848,0.8221,0.9361,0.783,0.6083,0.9511,0.7193,0.6196,0.6048,0.6097,0.8585,0.5629,0.6203,0.7854,0.513,0.545,0.3947,0.5846,0.6694,0.5736,0.5261,0.3211,0.4842,0.2692,0.5297,0.3228,0.2105,0.166,0.3589,
1.0,0.9991,0.9698,0.9689,0.9719,0.9975,0.9955,0.9909,0.9859,0.9222,0.7395,0.9337,0.9053,0.8403,0.8007,0.8572,0.6815,0.8285,0.9419,0.7754,0.6037,0.9564,0.7177,0.623,0.6057,0.6182,0.8486,0.565,0.6092,0.7845,0.5042,0.5569,0.3889,0.5944,0.6815,0.5743,0.5212,0.321,0.4814,0.254,0.5224,0.3127,0.2132,0.1659,0.3578,
1.0,0.9991,0.9691,0.9682,0.9702,0.9976,0.9958,0.9921,0.9853,0.9259,0.7357,0.9322,0.911,0.838,0.8003,0.8594,0.6808,0.8233,0.9387,0.7822,0.6128,0.9512,0.7241,0.6251,0.6083,0.6121,0.8542,0.5646,0.6302,0.7878,0.5083,0.5531,0.3954,0.5975,0.674,0.5817,0.5124,0.3179,0.4828,0.264,0.5297,0.3155,0.2169,0.1638,0.36,
1.0,0.9991,0.9689,0.968,0.9668,0.9974,0.9955,0.9893,0.9839,0.9257,0.7344,0.9296,0.9084,0.8382,0.7986,0.8561,0.6811,0.8255,0.9412,0.7795,0.6153,0.9499,0.7271,0.6237,0.6071,0.6083,0.8545,0.5583,0.6255,0.7781,0.5026,0.5472,0.3925,0.5934,0.6739,0.589,0.5256,0.3221,0.4749,0.2722,0.5189,0.3086,0.2026,0.1693,0.3515,
1.0,0.9991,0.9708,0.9699,0.968,0.9972,0.9957,0.9911,0.9851,0.9197,0.7302,0.9335,0.9048,0.8371,0.8009,0.8535,0.6866,0.8238,0.9421,0.7798,0.6096,0.9524,0.7183,0.624,0.6005,0.6061,0.8583,0.5621,0.6169,0.7767,0.4947,0.5462,0.3884,0.5875,0.6717,0.5771,0.5238,0.3046,0.4796,0.2559,0.5216,0.3005,0.2002,0.1611,0.3516,
1.0,0.9991,0.9668,0.9659,0.9706,0.9973,0.9951,0.9903,0.9853,0.9218,0.7338,0.9314,0.9054,0.8395,0.798,0.8542,0.6753,0.8263,0.9388,0.7743,0.6069,0.9546,0.7213,0.6205,0.6077,0.6101,0.8485,0.5628,0.6121,0.7761,0.504,0.5496,0.3896,0.5869,0.6754,0.5778,0.516,0.3202,0.4731,0.2502,0.5164,0.3126,0.2043,0.1629,0.3489,
1.0,0.9987,0.9661,0.9648,0.9715,0.9965,0.9945,0.9917,0.9862,0.9263,0.7448,0.9304,0.9104,0.8427,0.8058,0.8583,0.6885,0.8288,0.9405,0.787,0.6162,0.9484,0.7237,0.6264,0.6045,0.616,0.8604,0.5706,0.6171,0.7905,0.5128,0.5493,0.3929,0.5834,0.6665,0.5881,0.515,0.3203,0.4767,0.2562,0.5167,0.3146,0.2034,0.1613,0.348,
1.0,0.9986,0.9694,0.968,0.9699,0.9977,0.9953,0.9896,0.9823,0.921,0.7296,0.9333,0.9057,0.8382,0.7981,0.8561,0.6814,0.8234,0.9423,0.781,0.6151,0.9543,0.7276,0.6299,0.6156,0.6155,0.8579,0.5706,0.6205,0.7782,0.5002,0.5529,0.3998,0.5903,0.6691,0.5873,0.5208,0.3199,0.4837,0.2578,0.5252,0.3125,0.2039,0.1723,0.3547,
1.0,0.9988,0.9695,0.9683,0.9683,0.9978,0.9955,0.9913,0.9866,0.9212,0.7357,0.9313,0.9066,0.8383,0.8004,0.8539,0.6832,0.826,0.9449,0.7736,0.6086,0.9537,0.7172,0.6243,0.6084,0.6129,0.8568,0.5693,0.6216,0.7845,0.5012,0.5579,0.3884,0.5939,0.6753,0.5845,0.521,0.3184,0.4883,0.2529,0.5233,0.3119,0.2048,0.1656,0.3604,
1.0,0.9987,0.9673,0.966,0.9679,0.9984,0.9962,0.9901,0.9854,0.9267,0.7361,0.9286,0.912,0.8383,0.8017,0.8563,0.6855,0.825,0.9409,0.7849,0.6132,0.9546,0.728,0.6198,0.6056,0.6099,0.8581,0.561,0.6242,0.7853,0.5056,0.545,0.387,0.5899,0.6844,0.5983,0.5293,0.3164,0.4837,0.265,0.5216,0.3222,0.2165,0.167,0.3609,
1.0,0.9983,0.9685,0.9668,0.969,0.9979,0.9955,0.9902,0.9844,0.9237,0.7381,0.9304,0.9085,0.8429,0.8051,0.8575,0.6859,0.8305,0.9423,0.7805,0.6115,0.9528,0.7188,0.6217,0.5967,0.6133,0.8557,0.5687,0.6181,0.7883,0.5104,0.555,0.3846,0.5924,0.6774,0.5778,0.5189,0.3208,0.4695,0.2586,0.5191,0.3089,0.2116,0.1552,0.3507,
1.0,0.9992,0.9659,0.9651,0.9721,0.9973,0.9957,0.991,0.9853,0.9244,0.743,0.9318,0.9084,0.8432,0.8055,0.8578,0.691,0.8291,0.9411,0.7889,0.612,0.9525,0.7258,0.6258,0.6092,0.6172,0.8588,0.5718,0.6248,0.7865,0.5136,0.5487,0.3893,0.5927,0.6734,0.5923,0.5327,0.3213,0.4852,0.2713,0.5241,0.3212,0.2076,0.1672,0.3573,
1.0,0.9988,0.9654,0.9642,0.9737,0.9962,0.9938,0.9886,0.9838,0.9226,0.7387,0.9317,0.9032,0.8403,0.8009,0.8565,0.6837,0.8271,0.9406,0.7873,0.6088,0.9476,0.7193,0.6232,0.6077,0.6213,0.856,0.5772,0.6159,0.7868,0.504,0.5571,0.393,0.581,0.664,0.5774,0.518,0.3222,0.4779,0.2589,0.5235,0.3108,0.2018,0.1706,0.3508,
1.0,0.9997,0.9697,0.9694,0.9693,0.9971,0.9959,0.9899,0.9839,0.9247,0.7403,0.9349,0.9091,0.8435,0.806,0.8601,0.689,0.8296,0.938,0.7851,0.6129,0.9526,0.7257,0.6261,0.6043,0.6157,0.8538,0.5647,0.623,0.7826,0.5024,0.5513,0.3896,0.5908,0.6743,0.5818,0.5187,0.3195,0.481,0.2565,0.5295,0.3115,0.2093,0.1684,0.351,
1.0,0.9988,0.9678,0.9666,0.9675,0.996,0.9944,0.991,0.9863,0.9284,0.7404,0.9282,0.9115,0.839,0.7999,0.8578,0.6838,0.8258,0.9451,0.7815,0.6166,0.9521,0.7334,0.6249,0.6126,0.6167,0.8574,0.5709,0.6354,0.7835,0.511,0.5583,0.3878,0.5971,0.6875,0.6011,0.5325,0.3188,0.4852,0.2711,0.5326,0.3095,0.2099,0.1721,0.3636,
1.0,0.9988,0.9678,0.9666,0.968,0.998,0.9956,0.9901,0.9845,0.9213,0.7267,0.9286,0.9053,0.8353,0.7953,0.8505,0.6794,0.8215,0.9412,0.7782,0.603,0.952,0.7154,0.6144,0.5973,0.6028,0.8566,0.5606,0.6118,0.7777,0.4945,0.5423,0.3762,0.5868,0.6778,0.5722,0.5175,0.3168,0.4788,0.2525,0.5268,0.306,0.2076,0.16,0.3489,
1.0,0.9982,0.9718,0.97,0.9701,0.9978,0.9956,0.9903,0.9843,0.9249,0.7352,0.935,0.9101,0.8365,0.7958,0.8615,0.6847,0.8233,0.9415,0.7824,0.6106,0.9499,0.722,0.6244,0.6086,0.6116,0.8583,0.5659,0.6287,0.7828,0.4994,0.5524,0.3882,0.5915,0.6777,0.5847,0.5212,0.3088,0.479,0.262,0.5222,0.3062,0.2097,0.1643,0.3501,
1.0,0.9984,0.969,0.9674,0.9681,0.9975,0.9944,0.9895,0.9851,0.9247,0.7321,0.9315,0.9097,0.8354,0.7996,0.8567,0.6766,0.8238,0.9417,0.7785,0.6128,0.9545,0.7263,0.6231,0.6053,0.6108,0.8502,0.562,0.6177,0.7828,0.501,0.5511,0.3831,0.5882,0.6728,0.5769,0.5154,0.3128,0.4755,0.251,0.5175,0.3023,0.2066,0.1589,0.3462,
1.0,0.999,0.9679,0.9669,0.972,0.9971,0.9956,0.9893,0.9847,0.9207,0.7368,0.9342,0.9044,0.8391,0.7998,0.8557,0.6854,0.8291,0.9423,0.7828,0.6075,0.9531,0.7154,0.6213,0.6012,0.6125,0.8549,0.5668,0.6158,0.7811,0.5083,0.5542,0.3802,0.5918,0.6782,0.5755,0.521,0.3114,0.4811,0.2546,0.5301,0.3108,0.2123,0.161,0.3563,
1.0,0.9991,0.9685,0.9676,0.9689,0.9974,0.9956,0.9902,0.9844,0.9243,0.7379,0.9309,0.9077,0.8401,0.8011,0.8564,0.6828,0.827,0.9392,0.7813,0.6068,0.9525,0.7182,0.6168,0.6082,0.6148,0.8554,0.564,0.6185,0.7795,0.491,0.5467,0.3775,0.5902,0.6675,0.5802,0.5205,0.3085,0.4806,0.2572,0.5246,0.3021,0.1944,0.1626,0.3495,
1.0,0.9993,0.9678,0.9671,0.9698,0.9961,0.9946,0.9892,0.9839,0.9286,0.7396,0.9317,0.9103,0.84,0.7992,0.8608,0.6853,0.828,0.9406,0.7892,0.6172,0.952,0.7328,0.6269,0.6106,0.619,0.8556,0.5675,0.6281,0.7813,0.5072,0.5517,0.3907,0.5938,0.6727,0.5856,0.5181,0.3083,0.4801,0.2627,0.5244,0.3121,0.2085,0.1623,0.3597,
1.0,0.9986,0.9676,0.9662,0.9711,0.9975,0.9954,0.9896,0.9852,0.9225,0.7322,0.9331,0.9073,0.8325,0.7972,0.8579,0.6843,0.8204,0.943,0.7898,0.6121,0.9511,0.7246,0.6213,0.6081,0.6101,0.8618,0.5634,0.6278,0.7821,0.5085,0.5462,0.3905,0.5872,0.676,0.5919,0.5323,0.3095,0.4838,0.2675,0.5385,0.312,0.2096,0.1702,0.3565,
1.0,0.9988,0.9675,0.9663,0.9678,0.997,0.9952,0.9911,0.9845,0.9241,0.739,0.9292,0.9085,0.8435,0.8049,0.8549,0.6871,0.8293,0.941,0.7817,0.6168,0.9507,0.7251,0.6261,0.6055,0.6218,0.8574,0.5744,0.6241,0.7847,0.5111,0.5602,0.3894,0.5816,0.6794,0.5874,0.5269,0.3317,0.4754,0.2657,0.5318,0.3127,0.2193,0.1686,0.3525,
1.0,0.9987,0.9676,0.9663,0.968,0.9972,0.9951,0.9901,0.9851,0.9242,0.7361,0.929,0.9084,0.8396,0.8011,0.8543,0.683,0.8275,0.9439,0.7798,0.6146,0.9516,0.7212,0.6211,0.6003,0.6131,0.856,0.5651,0.6224,0.7799,0.5024,0.5521,0.3865,0.5872,0.6722,0.5831,0.5213,0.312,0.478,0.2606,0.5238,0.3034,0.2042,0.1628,0.3514,
1.0,0.9988,0.9666,0.9654,0.9705,0.9972,0.9952,0.9912,0.9858,0.925,0.741,0.9306,0.9095,0.843,0.8064,0.8558,0.6918,0.8308,0.9418,0.7879,0.6108,0.9541,0.7206,0.6238,0.605,0.6192,0.8602,0.5744,0.6188,0.7868,0.5013,0.5566,0.3859,0.5979,0.6747,0.5846,0.5262,0.3127,0.4846,0.264,0.5278,0.3153,0.2082,0.1628,0.3664,
1.0,0.999,0.9702,0.9692,0.9699,0.9985,0.996,0.991,0.9858,0.9245,0.7417,0.934,0.9099,0.8452,0.8067,0.8604,0.6921,0.8315,0.9422,0.782,0.6164,0.9557,0.7233,0.6321,0.6046,0.6202,0.8536,0.5757,0.622,0.7791,0.504,0.562,0.3939,0.5885,0.6794,0.5848,0.5274,0.3208,0.4729,0.2604,0.5303,0.3117,0.2074,0.1719,0.3491,
1.0,0.9994,0.9708,0.9702,0.9689,0.9975,0.9961,0.9899,0.9842,0.9279,0.7335,0.9338,0.9112,0.8334,0.7946,0.8622,0.6762,0.8203,0.942,0.7813,0.6106,0.9497,0.7291,0.6206,0.6075,0.6111,0.8542,0.5609,0.6312,0.7887,0.4995,0.5559,0.3822,0.5919,0.681,0.5826,0.5169,0.3094,0.4784,0.2631,0.5303,0.3178,0.2084,0.1645,0.3568,
1.0,0.9986,0.9656,0.9642,0.9682,0.9976,0.9949,0.9899,0.9861,0.9233,0.7355,0.9281,0.9084,0.8384,0.8013,0.8519,0.6871,0.8256,0.9404,0.783,0.6069,0.9503,0.716,0.617,0.5964,0.6098,0.8583,0.5628,0.6204,0.7776,0.4917,0.5456,0.3809,0.5927,0.6699,0.5806,0.5202,0.3018,0.483,0.2643,0.5278,0.3055,0.2019,0.1561,0.3594,
1.0,0.9992,0.9689,0.9681,0.9714,0.9977,0.996,0.9906,0.9849,0.9266,0.7378,0.9345,0.911,0.8373,0.7961,0.8619,0.6797,0.8223,0.9394,0.7847,0.6141,0.9503,0.7269,0.6256,0.6131,0.6156,0.8558,0.5673,0.6226,0.7829,0.4982,0.5502,0.3943,0.5817,0.6688,0.5868,0.5176,0.3127,0.4749,0.2553,0.5197,0.3045,0.1936,0.1682,0.3425,
1.0,0.9988,0.9697,0.9685,0.9706,0.9979,0.9957,0.9916,0.986,0.9284,0.7342,0.9339,0.915,0.8301,0.7921,0.8633,0.6728,0.816,0.9397,0.7816,0.6063,0.9497,0.7191,0.6166,0.5967,0.6052,0.852,0.5539,0.6188,0.7896,0.5102,0.5459,0.3863,0.5824,0.6686,0.5809,0.5165,0.313,0.4686,0.2536,0.5231,0.3123,0.2142,0.1645,0.333,
1.0,0.999,0.9688,0.9678,0.9716,0.9979,0.9964,0.9918,0.9867,0.9263,0.7521,0.9355,0.9132,0.8481,0.8117,0.8627,0.6953,0.8358,0.9395,0.7867,0.6254,0.9565,0.7324,0.6331,0.6146,0.6267,0.8613,0.5771,0.628,0.7867,0.5055,0.5599,0.3974,0.5959,0.6854,0.5905,0.5186,0.3299,0.495,0.2632,0.536,0.3167,0.2223,0.1704,0.3644,
1.0,0.9988,0.9704,0.9692,0.9697,0.9972,0.9955,0.9896,0.9829,0.921,0.7325,0.9331,0.9037,0.8405,0.7987,0.8545,0.6847,0.8272,0.9391,0.7781,0.6038,0.951,0.7178,0.6198,0.6085,0.6119,0.8576,0.5671,0.62,0.7781,0.5007,0.5541,0.3894,0.5976,0.6804,0.5794,0.5262,0.3187,0.4828,0.2635,0.5309,0.3134,0.2083,0.1661,0.3566,
1.0,0.9994,0.9687,0.9681,0.97,0.9984,0.9972,0.9924,0.9865,0.9185,0.7354,0.9333,0.9055,0.8414,0.8059,0.8521,0.6868,0.8294,0.9447,0.7757,0.612,0.9534,0.7152,0.628,0.6014,0.6149,0.8536,0.5696,0.6108,0.7802,0.5028,0.5571,0.392,0.5842,0.676,0.577,0.5184,0.3225,0.4761,0.2583,0.5303,0.3098,0.2121,0.1655,0.353,
1.0,0.9991,0.968,0.9671,0.9729,0.9982,0.9966,0.9908,0.9858,0.9212,0.7347,0.935,0.9063,0.8359,0.7982,0.858,0.6857,0.8238,0.9415,0.7862,0.6133,0.9518,0.7219,0.6295,0.6087,0.6118,0.8586,0.5658,0.6158,0.7804,0.4992,0.5452,0.3896,0.5787,0.6704,0.5812,0.5225,0.3148,0.4708,0.2538,0.5235,0.3078,0.2057,0.1633,0.3469,
1.0,0.9985,0.9665,0.965,0.9707,0.9976,0.9951,0.9909,0.9859,0.9261,0.7404,0.9308,0.9117,0.8405,0.8036,0.8583,0.6843,0.8274,0.9411,0.785,0.6136,0.9532,0.7269,0.6234,0.6089,0.6169,0.8559,0.564,0.6202,0.7836,0.495,0.5496,0.3879,0.5914,0.6795,0.5933,0.5261,0.3061,0.4854,0.2608,0.5267,0.3089,0.209,0.1643,0.3561,
1.0,0.9987,0.9674,0.9661,0.9717,0.9977,0.9955,0.991,0.986,0.9236,0.7321,0.9331,0.9092,0.8323,0.7916,0.8583,0.6771,0.8195,0.944,0.7829,0.6113,0.9542,0.725,0.6224,0.6084,0.6077,0.862,0.5642,0.619,0.7811,0.5022,0.5494,0.3859,0.5842,0.6743,0.5854,0.5265,0.31,0.4892,0.2569,0.5322,0.3087,0.2104,0.1708,0.3497,
1.0,0.9991,0.9703,0.9694,0.9745,0.9971,0.9951,0.9921,0.9855,0.9262,0.7444,0.9374,0.9104,0.8386,0.7999,0.8644,0.6919,0.8246,0.9394,0.7947,0.6079,0.9566,0.7221,0.6236,0.6052,0.6192,0.8631,0.5686,0.6199,0.7913,0.512,0.5484,0.3888,0.5912,0.6794,0.578,0.5246,0.3138,0.4851,0.2616,0.5344,0.319,0.2117,0.1645,0.3616,
1.0,0.9984,0.9692,0.9676,0.9723,0.9975,0.9946,0.9896,0.9832,0.9216,0.7355,0.9339,0.9051,0.8383,0.7976,0.8574,0.6791,0.8235,0.9393,0.7796,0.6096,0.951,0.7153,0.6258,0.6105,0.6165,0.8522,0.5669,0.6232,0.7828,0.4953,0.5506,0.3868,0.5965,0.6693,0.5806,0.514,0.3123,0.4757,0.2537,0.522,0.3068,0.1976,0.162,0.3496,
1.0,0.999,0.9684,0.9674,0.9689,0.9975,0.9956,0.9907,0.9851,0.9238,0.7367,0.9312,0.9089,0.8399,0.8003,0.8553,0.6876,0.8271,0.9454,0.7831,0.613,0.9538,0.7221,0.6247,0.6024,0.6162,0.8602,0.5686,0.6218,0.7807,0.5049,0.5568,0.3914,0.5961,0.6845,0.5842,0.5227,0.3166,0.4879,0.2621,0.5379,0.3136,0.2195,0.1651,0.3627,
1.0,0.9981,0.9666,0.9647,0.9704,0.9974,0.9945,0.9889,0.9833,0.9239,0.7351,0.9298,0.9075,0.8369,0.7961,0.8558,0.6753,0.8239,0.9416,0.7789,0.6095,0.9546,0.7276,0.6199,0.6153,0.6181,0.8539,0.5652,0.6238,0.7799,0.5023,0.5509,0.3904,0.5951,0.675,0.5831,0.5156,0.3152,0.4858,0.2557,0.5161,0.3148,0.205,0.1602,0.3578,
1.0,0.9992,0.9675,0.9667,0.9688,0.9973,0.9957,0.991,0.9838,0.9246,0.7369,0.9298,0.9083,0.8396,0.7978,0.8549,0.6812,0.8238,0.9366,0.7797,0.6108,0.9476,0.7173,0.6204,0.601,0.6056,0.8536,0.5591,0.6177,0.7751,0.4945,0.5388,0.3834,0.5923,0.6674,0.5811,0.5122,0.3129,0.4795,0.2603,0.521,0.3108,0.2044,0.1639,0.3454,
1.0,0.9988,0.9681,0.9669,0.9701,0.9977,0.9954,0.99,0.985,0.9235,0.7346,0.9317,0.9082,0.8365,0.7999,0.8562,0.6841,0.8231,0.9422,0.7867,0.6132,0.953,0.7225,0.6233,0.6128,0.6182,0.8572,0.5754,0.6266,0.7875,0.518,0.562,0.397,0.5953,0.6825,0.5856,0.5308,0.3262,0.4788,0.2667,0.5319,0.3209,0.2167,0.1696,0.3538,
1.0,0.9987,0.9704,0.9691,0.9689,0.9973,0.995,0.9899,0.9844,0.9225,0.7378,0.9334,0.9072,0.8435,0.8056,0.856,0.6944,0.8311,0.9409,0.7871,0.6133,0.9533,0.7191,0.625,0.5979,0.6119,0.8592,0.5746,0.6186,0.7792,0.5024,0.5513,0.3847,0.5871,0.6716,0.5779,0.5227,0.3132,0.4815,0.2597,0.5243,0.3133,0.2049,0.1596,0.3556,
1.0,0.9985,0.9676,0.9661,0.9743,0.9973,0.9947,0.9917,0.9872,0.9262,0.7412,0.935,0.9118,0.8359,0.8,0.8624,0.6846,0.8246,0.9457,0.7884,0.6176,0.9531,0.7283,0.6315,0.6104,0.6186,0.8544,0.5662,0.6255,0.7881,0.5114,0.5505,0.3872,0.5821,0.6742,0.5898,0.5218,0.3159,0.4688,0.2624,0.519,0.3094,0.2146,0.1642,0.3442,
1.0,0.9984,0.9662,0.9646,0.9685,0.9963,0.9939,0.9908,0.9849,0.9222,0.7351,0.9271,0.9049,0.8415,0.8003,0.8509,0.685,0.8283,0.9422,0.7794,0.6132,0.9499,0.721,0.6229,0.5961,0.6069,0.8566,0.5646,0.6152,0.7776,0.4918,0.5459,0.3744,0.591,0.6707,0.5831,0.5222,0.3074,0.4788,0.2635,0.5188,0.3054,0.1896,0.1623,0.3537,
1.0,0.9985,0.9681,0.9666,0.9714,0.9968,0.9946,0.9893,0.9839,0.9241,0.7367,0.9332,0.9075,0.8413,0.8022,0.8587,0.6906,0.8285,0.9395,0.7919,0.6106,0.9509,0.721,0.6226,0.6097,0.6203,0.8629,0.5822,0.6161,0.7846,0.509,0.5531,0.399,0.5915,0.6709,0.5789,0.5259,0.3258,0.484,0.2619,0.5285,0.3143,0.2047,0.1648,0.3566,
1.0,0.9991,0.9675,0.9666,0.9692,0.9977,0.996,0.9902,0.9839,0.9262,0.7358,0.9305,0.9101,0.8373,0.795,0.8567,0.6801,0.8244,0.9428,0.7816,0.6158,0.9544,0.73,0.6225,0.6141,0.6188,0.8548,0.5711,0.623,0.7804,0.506,0.5527,0.4002,0.591,0.671,0.5852,0.5209,0.3185,0.4812,0.2615,0.5211,0.3166,0.2099,0.169,0.3565,
1.0,0.9987,0.9662,0.9649,0.9668,0.9975,0.9953,0.992,0.986,0.9234,0.7286,0.9272,0.91,0.8319,0.7928,0.8523,0.6793,0.8185,0.941,0.7833,0.6053,0.9543,0.7217,0.6114,0.5979,0.6046,0.8659,0.5696,0.6092,0.7848,0.503,0.5414,0.3893,0.5861,0.6728,0.5762,0.5268,0.3185,0.4772,0.2523,0.5221,0.3088,0.207,0.1571,0.3436,
1.0,0.9981,0.9666,0.9647,0.972,0.998,0.9953,0.9896,0.9833,0.9286,0.7446,0.932,0.9138,0.8442,0.8035,0.8624,0.6843,0.8308,0.941,0.7868,0.6187,0.9532,0.7275,0.6284,0.6039,0.6217,0.8591,0.5763,0.6266,0.7941,0.5242,0.5628,0.395,0.5994,0.6875,0.5844,0.5197,0.3248,0.4864,0.2656,0.5253,0.324,0.2177,0.1575,0.3652,
1.0,0.9989,0.967,0.9659,0.9695,0.9963,0.9941,0.9905,0.9861,0.921,0.737,0.9296,0.9036,0.8415,0.8036,0.8521,0.6878,0.8286,0.939,0.7805,0.6075,0.9506,0.7178,0.6253,0.6115,0.6125,0.8541,0.5668,0.6216,0.7769,0.497,0.5501,0.3829,0.5886,0.667,0.581,0.5248,0.3087,0.4711,0.2647,0.513,0.3005,0.1968,0.1663,0.3549,
1.0,0.9982,0.9679,0.9661,0.974,0.9978,0.9952,0.99,0.9847,0.9264,0.7429,0.9342,0.9101,0.8399,0.8006,0.8625,0.6865,0.8271,0.9391,0.7909,0.6147,0.952,0.7264,0.628,0.6141,0.622,0.8583,0.5685,0.6227,0.7905,0.5045,0.5521,0.3885,0.5829,0.6753,0.5842,0.5212,0.3147,0.4796,0.2668,0.5273,0.3101,0.2077,0.1665,0.3566,
1.0,0.9987,0.9676,0.9663,0.9655,0.9977,0.9957,0.9912,0.9856,0.9251,0.7353,0.9268,0.9113,0.8392,0.8017,0.852,0.6828,0.8263,0.9414,0.7758,0.6046,0.951,0.7192,0.6116,0.5977,0.6086,0.8587,0.5643,0.6168,0.7825,0.4949,0.5507,0.3811,0.5934,0.6772,0.579,0.5141,0.3164,0.4763,0.253,0.5239,0.3069,0.2036,0.1516,0.356,
1.0,0.9991,0.9677,0.9668,0.97,0.9969,0.9947,0.9902,0.9855,0.9201,0.7357,0.9315,0.9038,0.8397,0.804,0.8518,0.6857,0.8262,0.9389,0.7776,0.6078,0.9488,0.7122,0.6194,0.6073,0.611,0.8523,0.5639,0.6213,0.7788,0.5009,0.5506,0.3782,0.585,0.6766,0.5855,0.5226,0.3147,0.4725,0.2627,0.5277,0.3093,0.2127,0.1618,0.356,
1.0,0.9987,0.9695,0.9682,0.9673,0.9969,0.9948,0.9912,0.987,0.9257,0.7406,0.93,0.9098,0.8437,0.8098,0.8563,0.6907,0.8313,0.943,0.7828,0.6182,0.9525,0.723,0.6271,0.6064,0.623,0.8543,0.5757,0.6258,0.7859,0.516,0.5634,0.3906,0.5905,0.6839,0.5839,0.5257,0.3259,0.4743,0.2669,0.5234,0.3145,0.218,0.1664,0.3594,
1.0,0.9987,0.9686,0.9673,0.9739,0.9984,0.9963,0.9901,0.9831,0.9258,0.7359,0.9356,0.9105,0.8368,0.796,0.8619,0.6817,0.8236,0.9407,0.788,0.6111,0.955,0.7267,0.6269,0.6162,0.6171,0.8589,0.5678,0.6262,0.7872,0.5189,0.5513,0.3948,0.5908,0.6767,0.5804,0.5201,0.3281,0.4763,0.2626,0.5274,0.3225,0.2158,0.1668,0.3499,
1.0,0.9986,0.9655,0.9641,0.9722,0.9974,0.9942,0.9884,0.9843,0.9269,0.7402,0.9308,0.9098,0.8388,0.7987,0.8588,0.6794,0.8253,0.9397,0.7848,0.6094,0.9508,0.7267,0.6188,0.6012,0.6096,0.8545,0.556,0.6202,0.7863,0.4998,0.5389,0.3859,0.5951,0.6751,0.5865,0.5224,0.3134,0.4898,0.2585,0.5325,0.317,0.2103,0.1642,0.3567,
1.0,0.9991,0.971,0.9701,0.9699,0.9977,0.9954,0.991,0.9866,0.9242,0.7338,0.9348,0.909,0.8356,0.7974,0.8596,0.6824,0.8219,0.9441,0.7803,0.6053,0.9522,0.7149,0.618,0.6004,0.6089,0.8561,0.5633,0.617,0.7817,0.5033,0.5518,0.3838,0.5916,0.6782,0.5744,0.5223,0.3078,0.4747,0.2519,0.5297,0.3083,0.2033,0.1581,0.3482,
1.0,0.9989,0.9686,0.9675,0.9733,0.9973,0.9948,0.9893,0.9834,0.9207,0.7412,0.9363,0.9046,0.8462,0.8049,0.8591,0.6885,0.8321,0.9362,0.7811,0.6105,0.9522,0.7187,0.6284,0.6013,0.615,0.8533,0.57,0.6152,0.7784,0.5016,0.5558,0.3878,0.5862,0.6714,0.5665,0.5198,0.3122,0.4792,0.2599,0.5237,0.3052,0.2053,0.1583,0.3501,
1.0,0.9987,0.963,0.9617,0.9681,0.9979,0.996,0.9896,0.9842,0.924,0.7319,0.9228,0.906,0.8365,0.7953,0.848,0.6746,0.8245,0.9424,0.7765,0.6053,0.9517,0.7207,0.6146,0.5947,0.6117,0.852,0.5539,0.6114,0.7733,0.4903,0.5412,0.3814,0.5895,0.6776,0.5769,0.5165,0.3087,0.4746,0.2534,0.5178,0.3007,0.1987,0.1631,0.357,
1.0,0.9992,0.9692,0.9684,0.9696,0.9972,0.9957,0.9903,0.9848,0.9225,0.7335,0.9314,0.9044,0.8385,0.7975,0.8557,0.6852,0.824,0.9419,0.7819,0.605,0.9503,0.7166,0.6199,0.6058,0.6096,0.8577,0.5672,0.619,0.7828,0.5039,0.5551,0.3835,0.5908,0.6841,0.5817,0.5252,0.3218,0.4737,0.2575,0.5274,0.3085,0.2093,0.1647,0.3536,
1.0,0.9986,0.9675,0.9661,0.9695,0.9967,0.9949,0.9901,0.9823,0.9222,0.7323,0.9295,0.905,0.84,0.8006,0.8535,0.6826,0.8262,0.9398,0.7776,0.6056,0.9498,0.7149,0.6203,0.6007,0.6152,0.8519,0.5662,0.6142,0.782,0.5009,0.5527,0.3821,0.5874,0.6643,0.573,0.5111,0.3112,0.471,0.2517,0.5239,0.3087,0.2068,0.1544,0.3481,
1.0,0.9992,0.9669,0.9661,0.9688,0.9965,0.9954,0.9915,0.9853,0.9234,0.7364,0.9298,0.9076,0.8405,0.8021,0.8558,0.6835,0.8267,0.9394,0.7803,0.6071,0.9507,0.7195,0.6173,0.599,0.6133,0.8554,0.5689,0.6139,0.7835,0.5043,0.5555,0.3808,0.58,0.6787,0.5759,0.5176,0.3158,0.4696,0.2599,0.5226,0.3042,0.2071,0.1571,0.3461,
1.0,0.9993,0.9703,0.9696,0.9698,0.9961,0.9945,0.9917,0.9855,0.9276,0.7344,0.9344,0.9119,0.8326,0.7946,0.8619,0.6761,0.8184,0.9402,0.7862,0.6088,0.9496,0.7259,0.6181,0.6079,0.6106,0.8571,0.5656,0.6293,0.7908,0.5175,0.5511,0.3947,0.5921,0.6771,0.5869,0.5207,0.3152,0.4804,0.2578,0.5293,0.3233,0.2133,0.1606,0.3505,
1.0,0.9992,0.9682,0.9674,0.9701,0.9969,0.995,0.9903,0.9855,0.9228,0.7266,0.9318,0.9053,0.8301,0.7923,0.8559,0.6799,0.8172,0.9421,0.7854,0.6051,0.9514,0.721,0.618,0.6094,0.6062,0.8573,0.5599,0.625,0.7778,0.5096,0.5452,0.3914,0.5934,0.6854,0.5874,0.5258,0.3155,0.4813,0.261,0.5276,0.3155,0.2146,0.1668,0.3544,
1.0,0.9988,0.9691,0.9679,0.9694,0.998,0.9957,0.989,0.9843,0.9277,0.7423,0.9319,0.911,0.8418,0.8045,0.8613,0.6939,0.8288,0.9399,0.7928,0.6174,0.9558,0.7296,0.6266,0.6116,0.6187,0.8635,0.5733,0.6254,0.7864,0.511,0.5526,0.3918,0.5983,0.6818,0.5896,0.5352,0.3187,0.4823,0.2768,0.5272,0.3168,0.2105,0.1696,0.3633,
1.0,0.9989,0.9637,0.9626,0.9674,0.9976,0.995,0.9893,0.9841,0.9213,0.7245,0.9248,0.9049,0.8334,0.7945,0.8471,0.6747,0.8195,0.9409,0.7782,0.607,0.9516,0.725,0.6146,0.603,0.6048,0.858,0.5598,0.6175,0.7767,0.4942,0.5394,0.3809,0.5821,0.6644,0.5803,0.5139,0.3108,0.4784,0.2561,0.5201,0.2999,0.1935,0.1602,0.354,
1.0,0.9987,0.9642,0.9629,0.972,0.9966,0.9939,0.9897,0.9844,0.9245,0.7358,0.931,0.9092,0.8345,0.7975,0.8565,0.6781,0.8198,0.938,0.7866,0.6076,0.9518,0.7234,0.6149,0.6023,0.6096,0.8554,0.5609,0.6146,0.7828,0.5033,0.536,0.388,0.5797,0.6667,0.5859,0.5212,0.3093,0.4804,0.2629,0.5194,0.3122,0.2013,0.1654,0.3479,
1.0,0.9986,0.9682,0.9668,0.9692,0.9975,0.9944,0.99,0.9849,0.9238,0.7376,0.931,0.9081,0.8403,0.799,0.8562,0.6807,0.8253,0.9395,0.777,0.6081,0.9539,0.7206,0.6202,0.6057,0.6104,0.8558,0.5613,0.6181,0.7802,0.5025,0.5454,0.3863,0.5925,0.6655,0.5827,0.5187,0.3177,0.4736,0.2554,0.5092,0.3125,0.2009,0.1534,0.349,
1.0,0.9991,0.966,0.9651,0.9709,0.9971,0.9959,0.9921,0.9859,0.929,0.7434,0.9293,0.9125,0.8402,0.8003,0.8592,0.6886,0.8277,0.9417,0.7909,0.6121,0.9529,0.7228,0.6212,0.6021,0.6167,0.8572,0.5686,0.6197,0.7858,0.5022,0.5522,0.3763,0.5853,0.6774,0.5834,0.5171,0.3118,0.4733,0.2618,0.5253,0.308,0.2113,0.1599,0.3533,
1.0,0.9986,0.9649,0.9635,0.97,0.9972,0.9948,0.9897,0.9836,0.9294,0.7382,0.9268,0.9117,0.8378,0.8,0.8585,0.6843,0.8236,0.9419,0.7915,0.6099,0.9524,0.7219,0.6151,0.5975,0.6198,0.8569,0.5705,0.618,0.7942,0.5202,0.5552,0.3861,0.5891,0.6754,0.5791,0.5195,0.3182,0.4751,0.2601,0.5243,0.3246,0.2148,0.1564,0.3571,
1.0,0.9988,0.9659,0.9647,0.9689,0.9973,0.995,0.9896,0.9855,0.9232,0.7381,0.9268,0.9051,0.8405,0.7998,0.852,0.6833,0.8284,0.9416,0.7781,0.6091,0.953,0.7233,0.6204,0.6023,0.6106,0.8553,0.5661,0.6175,0.7804,0.4998,0.5518,0.3808,0.5933,0.6752,0.5823,0.5211,0.3065,0.4834,0.2583,0.5252,0.3038,0.1982,0.1624,0.3549,
1.0,0.9988,0.9662,0.965,0.9695,0.9971,0.9945,0.9908,0.9868,0.9288,0.7364,0.9283,0.9122,0.8324,0.7951,0.8571,0.6817,0.8198,0.9399,0.7863,0.6133,0.9517,0.7337,0.6205,0.6103,0.6131,0.8588,0.5605,0.6287,0.7857,0.5042,0.5399,0.3955,0.5941,0.6684,0.5939,0.5213,0.3047,0.4813,0.2677,0.5269,0.3114,0.1995,0.1697,0.351,
1.0,0.999,0.9642,0.9632,0.9709,0.9968,0.9943,0.9904,0.9844,0.9256,0.7412,0.9283,0.9085,0.8425,0.8048,0.8555,0.6826,0.8285,0.9431,0.7833,0.6166,0.953,0.7243,0.6233,0.6022,0.6267,0.8523,0.5721,0.6167,0.7855,0.508,0.5584,0.3864,0.5837,0.6668,0.5845,0.5154,0.3179,0.4694,0.2562,0.5179,0.308,0.1994,0.1657,0.3518,
1.0,0.9989,0.9676,0.9665,0.9725,0.9969,0.9948,0.9908,0.9859,0.9254,0.7413,0.9343,0.9101,0.8377,0.8028,0.8609,0.6822,0.8253,0.9416,0.7856,0.6151,0.9536,0.7259,0.6266,0.6106,0.6145,0.8553,0.5599,0.6256,0.7869,0.5063,0.5449,0.3901,0.5984,0.6787,0.5894,0.5241,0.3083,0.4799,0.2677,0.522,0.3153,0.2094,0.1635,0.3561,
1.0,0.9989,0.9672,0.9661,0.972,0.9977,0.9957,0.9906,0.9856,0.9243,0.7405,0.9327,0.9087,0.8394,0.8006,0.858,0.6884,0.8273,0.9437,0.787,0.6177,0.9512,0.7229,0.631,0.605,0.6159,0.8603,0.5701,0.62,0.7823,0.5053,0.5476,0.3916,0.5868,0.68,0.5868,0.5242,0.3123,0.4776,0.2616,0.5265,0.31,0.2089,0.1581,0.3546,
1.0,0.9984,0.9668,0.9652,0.9688,0.9969,0.9937,0.9886,0.9832,0.9247,0.7319,0.9285,0.9073,0.8371,0.7973,0.8544,0.679,0.8229,0.9445,0.7811,0.6111,0.9499,0.7196,0.6188,0.6014,0.6128,0.8511,0.5607,0.6213,0.775,0.5036,0.55,0.3827,0.5915,0.6731,0.5852,0.5207,0.3119,0.4828,0.2605,0.53,0.3116,0.206,0.1657,0.3536,
1.0,0.9988,0.9672,0.966,0.9669,0.9973,0.9949,0.9915,0.9863,0.9235,0.7325,0.9278,0.9087,0.837,0.7996,0.8529,0.6825,0.8242,0.939,0.7786,0.6077,0.9563,0.723,0.6158,0.6014,0.6084,0.858,0.5606,0.619,0.778,0.496,0.5446,0.3812,0.5894,0.6724,0.5817,0.5219,0.3098,0.4751,0.2585,0.5179,0.3025,0.2025,0.1575,0.3513,
1.0,0.9982,0.9701,0.9683,0.968,0.9974,0.9951,0.9917,0.9863,0.9229,0.7439,0.9313,0.9098,0.8473,0.8108,0.856,0.694,0.8355,0.945,0.7778,0.6254,0.9547,0.7254,0.6364,0.6011,0.6168,0.8548,0.5704,0.6249,0.7794,0.5109,0.5556,0.3879,0.5957,0.6848,0.5933,0.5261,0.3191,0.4802,0.271,0.5261,0.3151,0.2088,0.1691,0.3684,
1.0,0.9988,0.9717,0.9705,0.9711,0.9985,0.9968,0.9909,0.9851,0.9225,0.7352,0.9353,0.9069,0.8378,0.7994,0.8588,0.6926,0.8259,0.9457,0.7876,0.6136,0.9549,0.722,0.6328,0.6126,0.6188,0.8617,0.5779,0.6209,0.7842,0.5013,0.5611,0.3871,0.5912,0.6793,0.583,0.5266,0.3154,0.4761,0.2596,0.5283,0.3019,0.2056,0.166,0.3561,
1.0,0.9993,0.968,0.9673,0.9696,0.9961,0.9946,0.9925,0.9868,0.9218,0.7352,0.9308,0.9057,0.8376,0.8005,0.8542,0.6791,0.824,0.9397,0.7749,0.6109,0.9542,0.7227,0.6252,0.6092,0.6085,0.8501,0.5556,0.6253,0.774,0.4953,0.5457,0.3895,0.5987,0.6782,0.584,0.5188,0.3057,0.4816,0.2654,0.5209,0.304,0.2057,0.1653,0.3543,
1.0,0.9987,0.9671,0.9658,0.9691,0.9971,0.9946,0.989,0.9819,0.9165,0.7264,0.9301,0.8998,0.8403,0.7999,0.8479,0.6853,0.8253,0.9402,0.7797,0.6112,0.9537,0.7191,0.625,0.6062,0.6065,0.8587,0.5713,0.6121,0.778,0.506,0.554,0.3896,0.5889,0.6756,0.5754,0.5214,0.3213,0.4834,0.2587,0.5254,0.3123,0.2027,0.1592,0.3581,
1.0,0.9983,0.9675,0.9658,0.9698,0.9977,0.995,0.9897,0.9833,0.9262,0.7348,0.929,0.9092,0.8384,0.7954,0.8564,0.6854,0.8239,0.9395,0.7846,0.6113,0.9531,0.7211,0.622,0.606,0.6141,0.8589,0.5647,0.6211,0.7787,0.4945,0.5473,0.3865,0.5901,0.6699,0.582,0.5184,0.3068,0.4824,0.2585,0.5212,0.3056,0.2051,0.1588,0.3583,
1.0,0.9992,0.9671,0.9663,0.9672,0.9971,0.9956,0.9903,0.983,0.9242,0.7356,0.928,0.9082,0.8426,0.801,0.8532,0.6862,0.8273,0.9379,0.7823,0.6166,0.9507,0.7253,0.6235,0.6063,0.6091,0.8562,0.571,0.6232,0.7816,0.5041,0.5538,0.3798,0.5831,0.6758,0.5888,0.5154,0.3155,0.4727,0.2621,0.5255,0.3096,0.2137,0.1565,0.352,
1.0,0.9992,0.9706,0.9698,0.9693,0.9974,0.9954,0.9914,0.9864,0.9248,0.7364,0.9342,0.9103,0.8361,0.8001,0.8596,0.687,0.8238,0.9385,0.7846,0.6093,0.9537,0.7272,0.6236,0.6024,0.6079,0.857,0.5625,0.6226,0.7824,0.5058,0.5463,0.3929,0.5886,0.6748,0.579,0.5247,0.3161,0.4769,0.2703,0.5316,0.306,0.2122,0.1688,0.3505,
1.0,0.9987,0.9686,0.9673,0.9685,0.9968,0.9943,0.9901,0.9854,0.923,0.7343,0.9316,0.9072,0.8389,0.8016,0.8564,0.684,0.8259,0.9394,0.7827,0.6139,0.9527,0.7237,0.6246,0.6126,0.6077,0.856,0.5629,0.6307,0.7771,0.5001,0.549,0.3857,0.5922,0.6735,0.595,0.524,0.3012,0.4818,0.265,0.5302,0.3097,0.2068,0.1613,0.3553,
1.0,0.9992,0.9657,0.9649,0.9689,0.9966,0.9949,0.9901,0.9844,0.9248,0.7339,0.929,0.9078,0.8374,0.7982,0.8552,0.6816,0.8245,0.9414,0.7834,0.6061,0.9516,0.7179,0.6145,0.5951,0.6147,0.8568,0.5673,0.6114,0.7797,0.504,0.5485,0.3822,0.5853,0.6778,0.5773,0.5251,0.3142,0.4796,0.2528,0.5257,0.3104,0.2061,0.1587,0.354,
1.0,0.9992,0.9654,0.9646,0.9711,0.9984,0.9968,0.9908,0.9843,0.9272,0.7419,0.9287,0.9104,0.8411,0.8017,0.8559,0.6872,0.8281,0.9449,0.7866,0.6191,0.954,0.7304,0.6267,0.6149,0.6297,0.8579,0.5772,0.622,0.7926,0.5164,0.5618,0.4004,0.59,0.6802,0.5921,0.5346,0.3287,0.4768,0.27,0.5261,0.3151,0.2102,0.1688,0.3543,
1.0,0.9989,0.9673,0.9662,0.9692,0.9969,0.9941,0.9899,0.9854,0.9196,0.7339,0.931,0.9035,0.8408,0.8043,0.8512,0.6832,0.8273,0.9386,0.7772,0.6079,0.9524,0.7198,0.6201,0.6003,0.6104,0.8562,0.5611,0.6111,0.7797,0.4976,0.5485,0.3873,0.5898,0.6724,0.568,0.5086,0.32,0.4801,0.2499,0.5199,0.3083,0.204,0.1548,0.3539,
1.0,0.9989,0.9662,0.9651,0.9699,0.9973,0.9951,0.9901,0.9844,0.9247,0.7284,0.9308,0.9097,0.8296,0.7912,0.8573,0.6729,0.8151,0.9411,0.785,0.6043,0.9537,0.7254,0.6142,0.603,0.6061,0.858,0.5589,0.6208,0.7839,0.508,0.5431,0.3924,0.5943,0.6789,0.5874,0.5223,0.3102,0.48,0.2549,0.5208,0.3184,0.2135,0.1609,0.351,
1.0,0.9989,0.9719,0.9708,0.97,0.9972,0.9955,0.9923,0.986,0.9266,0.7299,0.9368,0.9135,0.83,0.7936,0.8651,0.6791,0.816,0.9425,0.7859,0.6102,0.9533,0.7293,0.6245,0.6073,0.6068,0.8608,0.5604,0.6255,0.789,0.518,0.5455,0.3993,0.5861,0.6803,0.5905,0.5267,0.3244,0.4798,0.2634,0.5238,0.3203,0.2165,0.1708,0.3463,
1.0,0.9981,0.967,0.9651,0.9717,0.998,0.9944,0.9889,0.9845,0.9232,0.7343,0.9315,0.907,0.8371,0.7984,0.8559,0.6819,0.8238,0.9421,0.7829,0.6064,0.9533,0.7208,0.6185,0.6053,0.6155,0.8567,0.5679,0.618,0.785,0.512,0.552,0.3878,0.5886,0.6731,0.5799,0.5213,0.3165,0.4762,0.257,0.5173,0.3116,0.2049,0.1602,0.3494,
1.0,0.9987,0.9668,0.9655,0.9687,0.9969,0.9951,0.9903,0.9846,0.9234,0.7314,0.9274,0.9061,0.8372,0.798,0.8521,0.6827,0.8263,0.9422,0.7815,0.6074,0.9526,0.7209,0.6175,0.6006,0.6092,0.8549,0.5561,0.6183,0.7762,0.4982,0.5397,0.3823,0.5876,0.6751,0.5795,0.5275,0.3105,0.4731,0.2629,0.5243,0.3032,0.208,0.1637,0.3431,
1.0,0.9988,0.9696,0.9684,0.9697,0.9969,0.9945,0.9913,0.9865,0.9261,0.7425,0.9338,0.9119,0.8422,0.8059,0.8604,0.6963,0.8304,0.9413,0.7895,0.6166,0.9553,0.7273,0.6271,0.6134,0.6215,0.8655,0.5807,0.6228,0.7885,0.5114,0.5634,0.3956,0.6006,0.686,0.585,0.5255,0.3289,0.4877,0.2672,0.5333,0.3211,0.2201,0.1633,0.3645,
1.0,0.9985,0.9682,0.9667,0.9719,0.9969,0.9934,0.9893,0.9831,0.9231,0.7405,0.9316,0.9051,0.8446,0.8047,0.8552,0.6892,0.8288,0.9379,0.7839,0.6127,0.9551,0.7193,0.6266,0.606,0.6183,0.8518,0.5713,0.6194,0.7858,0.5051,0.5595,0.3793,0.5894,0.6748,0.5794,0.5222,0.3189,0.4701,0.2674,0.5205,0.3131,0.2089,0.156,0.362,
1.0,0.9988,0.9683,0.9671,0.9719,0.9978,0.9963,0.9906,0.9842,0.9261,0.7364,0.9336,0.9104,0.8366,0.7953,0.8606,0.6834,0.8237,0.9424,0.7893,0.6088,0.9544,0.7252,0.6212,0.6067,0.6126,0.8623,0.5652,0.6258,0.7885,0.5127,0.5543,0.389,0.5972,0.6864,0.5822,0.5214,0.3261,0.4822,0.2602,0.5353,0.3188,0.218,0.1657,0.3571,
1.0,0.9991,0.9698,0.9689,0.9693,0.9969,0.995,0.9908,0.9856,0.9272,0.74,0.9331,0.911,0.8397,0.8014,0.8614,0.6842,0.8265,0.9405,0.7827,0.6121,0.956,0.7267,0.623,0.6062,0.6148,0.8521,0.5677,0.625,0.7829,0.5107,0.557,0.3821,0.5953,0.6868,0.5896,0.5196,0.3167,0.4766,0.2583,0.5261,0.3117,0.2177,0.1603,0.3574,
1.0,0.9989,0.9716,0.9705,0.9701,0.9973,0.9953,0.9901,0.9846,0.9226,0.734,0.9336,0.9045,0.8375,0.7979,0.8571,0.6832,0.8251,0.9429,0.7796,0.6065,0.951,0.7168,0.6243,0.6069,0.6128,0.8554,0.5632,0.6155,0.7824,0.5113,0.5588,0.401,0.598,0.6787,0.5756,0.5178,0.3226,0.4901,0.2583,0.5306,0.3205,0.2149,0.1714,0.3636,
1.0,0.9988,0.9695,0.9683,0.9665,0.9973,0.9952,0.9903,0.9852,0.9237,0.7389,0.9291,0.9075,0.8441,0.8064,0.8542,0.697,0.8322,0.9451,0.7865,0.6185,0.9528,0.7269,0.6284,0.6095,0.62,0.8622,0.573,0.6213,0.7755,0.494,0.5571,0.387,0.5927,0.6764,0.5857,0.5269,0.3132,0.4787,0.2631,0.5257,0.3015,0.1999,0.1608,0.3557,
1.0,0.9986,0.9679,0.9665,0.972,0.9976,0.9954,0.9913,0.9864,0.9288,0.7449,0.9328,0.9135,0.84,0.8017,0.863,0.6858,0.8271,0.9377,0.7853,0.6105,0.9517,0.7263,0.6216,0.6005,0.6134,0.857,0.5621,0.624,0.7901,0.5131,0.5446,0.3903,0.5818,0.673,0.5812,0.5081,0.3212,0.4727,0.2531,0.5194,0.316,0.2107,0.1579,0.3411,
1.0,0.9984,0.966,0.9644,0.9689,0.9973,0.995,0.9894,0.9822,0.9222,0.7324,0.928,0.9055,0.841,0.7989,0.8518,0.6841,0.8253,0.9407,0.7802,0.6172,0.9515,0.7267,0.6283,0.6065,0.6109,0.8575,0.5677,0.6189,0.7777,0.4997,0.5527,0.3832,0.5927,0.6824,0.5895,0.5279,0.3183,0.4815,0.2648,0.5216,0.3025,0.2103,0.1667,0.3496,
1.0,0.9991,0.9693,0.9684,0.9696,0.9972,0.9951,0.9896,0.9842,0.9248,0.7324,0.9332,0.9082,0.8362,0.7999,0.8595,0.6835,0.8228,0.9403,0.7852,0.6127,0.95,0.7237,0.6248,0.6091,0.6127,0.8569,0.5687,0.6244,0.7884,0.5068,0.5559,0.3922,0.5906,0.6779,0.5853,0.5229,0.3084,0.4766,0.2639,0.5283,0.314,0.2128,0.1632,0.3557,
1.0,0.9989,0.9692,0.9681,0.9724,0.9973,0.9952,0.9896,0.9834,0.9242,0.7411,0.9347,0.907,0.8429,0.8035,0.8594,0.6927,0.8289,0.9449,0.7898,0.6114,0.9527,0.7175,0.6274,0.6053,0.623,0.8593,0.5775,0.6189,0.7848,0.5085,0.5618,0.3838,0.5928,0.6751,0.5798,0.5221,0.315,0.4856,0.2638,0.526,0.3082,0.2072,0.1658,0.3575,
1.0,0.9986,0.967,0.9656,0.9699,0.9968,0.994,0.989,0.9839,0.9231,0.7379,0.9303,0.9064,0.8408,0.7992,0.8542,0.6819,0.8263,0.9378,0.779,0.6107,0.9512,0.7164,0.62,0.6004,0.6129,0.8511,0.5705,0.6058,0.7765,0.4963,0.5493,0.387,0.5849,0.6667,0.5757,0.5168,0.3073,0.48,0.2507,0.5174,0.3083,0.1955,0.1657,0.352,
1.0,0.999,0.9683,0.9673,0.9684,0.9957,0.9938,0.9903,0.9846,0.9231,0.737,0.9281,0.9032,0.843,0.8018,0.8513,0.6882,0.8294,0.9417,0.7808,0.6133,0.9514,0.7264,0.6256,0.6122,0.6151,0.8547,0.5718,0.6225,0.7803,0.5045,0.5539,0.3906,0.5967,0.6791,0.5883,0.5266,0.3149,0.4846,0.2663,0.5242,0.3187,0.2021,0.1691,0.3655,
1.0,0.9989,0.9672,0.9661,0.9707,0.9973,0.9949,0.9901,0.9832,0.9215,0.7328,0.9318,0.9055,0.8402,0.7988,0.8555,0.6891,0.8259,0.9418,0.7866,0.6159,0.9513,0.7248,0.629,0.6159,0.6151,0.864,0.5762,0.6284,0.7792,0.5017,0.5555,0.3938,0.5902,0.6695,0.5839,0.5284,0.3199,0.4848,0.2706,0.5311,0.3118,0.2095,0.1633,0.3658,
1.0,0.9987,0.9683,0.967,0.967,0.9975,0.9959,0.9925,0.9859,0.9256,0.736,0.9288,0.9121,0.8388,0.8025,0.8559,0.6841,0.8251,0.9379,0.7785,0.6137,0.953,0.7242,0.6221,0.6079,0.6144,0.8535,0.5637,0.6272,0.7804,0.5027,0.5543,0.392,0.5993,0.6799,0.5872,0.519,0.3103,0.4774,0.2651,0.5224,0.3129,0.209,0.1616,0.3559,
1.0,0.9994,0.9681,0.9675,0.9697,0.9974,0.9948,0.9894,0.9846,0.9254,0.7394,0.931,0.907,0.8422,0.8032,0.8577,0.6899,0.8287,0.942,0.7849,0.6142,0.9512,0.7148,0.6247,0.602,0.6186,0.8546,0.5786,0.6162,0.7858,0.5042,0.5627,0.3763,0.5865,0.6748,0.5774,0.5216,0.3143,0.4744,0.2636,0.5312,0.3052,0.2107,0.1584,0.354,
1.0,0.9982,0.9694,0.9676,0.9687,0.9976,0.9951,0.9888,0.9835,0.922,0.7331,0.9306,0.9045,0.8377,0.7977,0.8548,0.6809,0.8249,0.9417,0.7798,0.6124,0.9537,0.7218,0.6236,0.6155,0.6126,0.8539,0.5656,0.6256,0.7741,0.4991,0.5519,0.3881,0.5922,0.6738,0.5879,0.5309,0.3087,0.4756,0.2657,0.5205,0.306,0.2061,0.1628,0.3527,
1.0,0.9989,0.967,0.9659,0.9716,0.9963,0.9943,0.9888,0.9841,0.9252,0.7413,0.931,0.9056,0.8426,0.8025,0.8564,0.6836,0.8316,0.9456,0.7838,0.6196,0.9527,0.7289,0.6309,0.6098,0.625,0.8497,0.5745,0.6162,0.785,0.5123,0.56,0.3984,0.5938,0.678,0.5906,0.5262,0.3187,0.4798,0.2645,0.5257,0.3147,0.2054,0.177,0.3498,
1.0,0.9989,0.9678,0.9667,0.9692,0.9975,0.9959,0.9917,0.9867,0.9201,0.7373,0.9303,0.9047,0.8439,0.806,0.8509,0.6912,0.8323,0.944,0.7771,0.6105,0.9526,0.7168,0.6268,0.6039,0.616,0.857,0.5758,0.6183,0.7799,0.5014,0.5642,0.3841,0.5932,0.6792,0.5819,0.5245,0.3203,0.4836,0.2644,0.5267,0.3027,0.2122,0.165,0.3556,
1.0,0.9981,0.9686,0.9667,0.9678,0.9968,0.9939,0.9893,0.9852,0.9239,0.7397,0.9295,0.9081,0.8418,0.8024,0.8536,0.6887,0.8291,0.9417,0.7825,0.6088,0.9522,0.717,0.6178,0.594,0.6118,0.8589,0.5665,0.6133,0.7777,0.5016,0.5499,0.3773,0.5892,0.6794,0.5821,0.5246,0.3122,0.4825,0.261,0.5272,0.3073,0.2152,0.1568,0.355,
1.0,0.999,0.9708,0.9698,0.9693,0.9971,0.9947,0.9897,0.9857,0.9289,0.7367,0.9331,0.9113,0.8339,0.7975,0.8641,0.6809,0.8212,0.9394,0.7871,0.6071,0.9516,0.7222,0.6159,0.6039,0.6109,0.8566,0.5614,0.6217,0.7914,0.5117,0.5476,0.3811,0.5856,0.669,0.5764,0.5222,0.3181,0.4761,0.2601,0.5219,0.3132,0.2138,0.1621,0.3497,
1.0,0.9991,0.9696,0.9687,0.9689,0.997,0.9941,0.9902,0.9849,0.9238,0.7402,0.9324,0.9077,0.8441,0.8084,0.8578,0.694,0.8282,0.9355,0.7867,0.6105,0.9473,0.7144,0.6197,0.5957,0.6153,0.8583,0.5721,0.6165,0.7845,0.5056,0.5521,0.3883,0.5941,0.6725,0.5717,0.5138,0.3102,0.4748,0.2595,0.5317,0.3157,0.2141,0.1618,0.3636,
1.0,0.9988,0.9699,0.9687,0.9685,0.9979,0.9957,0.9913,0.9855,0.9231,0.7322,0.9314,0.9083,0.8383,0.8005,0.8554,0.6903,0.8235,0.943,0.7833,0.6082,0.9556,0.7189,0.6242,0.6056,0.6126,0.8603,0.5735,0.6208,0.7807,0.503,0.5537,0.3765,0.5882,0.6813,0.5812,0.5334,0.3177,0.4754,0.2648,0.5306,0.3071,0.2074,0.1636,0.3521,
1.0,0.9991,0.9689,0.968,0.9713,0.9977,0.9959,0.9907,0.9855,0.9254,0.7442,0.9344,0.9105,0.8462,0.8118,0.861,0.6947,0.8341,0.9429,0.7877,0.6212,0.9569,0.7292,0.6329,0.6148,0.6247,0.8558,0.5708,0.6297,0.7843,0.5119,0.5558,0.3925,0.5978,0.6791,0.5922,0.5301,0.3167,0.4863,0.2732,0.533,0.3204,0.212,0.1735,0.363,
1.0,0.999,0.9691,0.9681,0.9679,0.9972,0.9947,0.9904,0.986,0.9252,0.7396,0.9301,0.909,0.8439,0.8055,0.8567,0.6912,0.8304,0.9376,0.7822,0.6134,0.9503,0.7197,0.6223,0.5976,0.6108,0.8559,0.5683,0.612,0.7813,0.5067,0.5514,0.3875,0.5846,0.6724,0.5747,0.5153,0.3206,0.469,0.2534,0.5165,0.3101,0.2098,0.1609,0.3456,
1.0,0.9987,0.9712,0.9699,0.9712,0.9976,0.9954,0.9909,0.9857,0.9235,0.7412,0.9368,0.9093,0.8443,0.8063,0.8604,0.6849,0.832,0.945,0.7779,0.616,0.9571,0.7187,0.6311,0.609,0.6215,0.8468,0.5709,0.625,0.7818,0.5111,0.5647,0.38,0.5924,0.6764,0.5943,0.5185,0.3214,0.4705,0.259,0.516,0.3082,0.2069,0.1611,0.3471,
1.0,0.9992,0.9671,0.9663,0.9664,0.9966,0.9943,0.9905,0.9856,0.9226,0.7331,0.9275,0.9059,0.841,0.8043,0.8514,0.6854,0.8273,0.9377,0.779,0.6108,0.9537,0.7271,0.621,0.6156,0.6128,0.8589,0.5661,0.6235,0.7748,0.4917,0.5505,0.3918,0.5953,0.6741,0.5876,0.5194,0.3205,0.4864,0.2571,0.5236,0.3069,0.2041,0.1677,0.3581,
1.0,0.9985,0.9709,0.9694,0.9668,0.9982,0.9955,0.9912,0.9866,0.9242,0.7354,0.9317,0.9112,0.8402,0.8025,0.8568,0.6845,0.8266,0.9411,0.7773,0.6192,0.9523,0.732,0.6291,0.612,0.6105,0.8549,0.5607,0.6369,0.7789,0.4993,0.5603,0.3996,0.5916,0.6836,0.5946,0.518,0.3131,0.4778,0.2596,0.5287,0.304,0.2106,0.1702,0.346,
1.0,0.9992,0.9709,0.9701,0.9675,0.9975,0.9959,0.9911,0.9857,0.9254,0.7343,0.9332,0.9118,0.8368,0.7992,0.8594,0.6828,0.8251,0.9434,0.7801,0.6124,0.9573,0.7275,0.6245,0.6165,0.6113,0.8556,0.5639,0.6281,0.7799,0.5105,0.5553,0.392,0.5986,0.6903,0.5948,0.5211,0.3193,0.4851,0.2581,0.5272,0.3216,0.2169,0.1564,0.3557,
1.0,0.999,0.9689,0.9679,0.969,0.9975,0.9956,0.9898,0.9847,0.9238,0.7366,0.9328,0.9084,0.8407,0.8013,0.8583,0.6808,0.8277,0.9391,0.7766,0.613,0.9511,0.7217,0.625,0.606,0.6117,0.8528,0.5604,0.6205,0.7747,0.4937,0.5518,0.3869,0.5893,0.6729,0.585,0.5282,0.3141,0.4706,0.2636,0.5224,0.3017,0.1986,0.1696,0.3445,
1.0,0.999,0.9667,0.9657,0.9682,0.997,0.9951,0.9896,0.9841,0.9216,0.7373,0.927,0.9033,0.8447,0.8038,0.8498,0.6893,0.8322,0.9389,0.7781,0.6101,0.9516,0.717,0.6247,0.6037,0.6143,0.8531,0.564,0.617,0.7704,0.4932,0.5537,0.3786,0.5911,0.6763,0.5731,0.5224,0.3143,0.4763,0.2648,0.5315,0.2989,0.2049,0.1656,0.3563,
1.0,0.9991,0.967,0.9661,0.9712,0.997,0.9951,0.99,0.9836,0.919,0.734,0.9325,0.903,0.8426,0.8038,0.8535,0.6881,0.8287,0.9418,0.781,0.6108,0.9521,0.7178,0.6311,0.6081,0.619,0.8592,0.5807,0.6149,0.7811,0.5,0.5621,0.3893,0.5873,0.6704,0.5782,0.5226,0.3195,0.4775,0.2571,0.5182,0.3127,0.2011,0.1653,0.3561,
1.0,0.9991,0.9701,0.9692,0.9701,0.9971,0.995,0.9903,0.9857,0.9244,0.7377,0.9352,0.9085,0.8395,0.8068,0.8611,0.6877,0.8269,0.9405,0.7852,0.6118,0.9544,0.7282,0.6248,0.6122,0.6189,0.8543,0.5659,0.6269,0.7815,0.5027,0.554,0.3866,0.5961,0.6842,0.5897,0.5226,0.311,0.4776,0.2647,0.5297,0.3064,0.2091,0.1676,0.3588,
1.0,0.9992,0.9706,0.9698,0.971,0.9979,0.9959,0.9917,0.9864,0.9233,0.7463,0.9347,0.908,0.8466,0.8094,0.8589,0.6946,0.833,0.9433,0.7832,0.6215,0.9547,0.7235,0.6365,0.6156,0.628,0.857,0.5767,0.6244,0.7808,0.5101,0.5636,0.3994,0.596,0.6807,0.5875,0.5186,0.325,0.4815,0.26,0.5324,0.314,0.215,0.164,0.363,
1.0,0.9986,0.9654,0.964,0.9708,0.997,0.9947,0.9904,0.9861,0.9196,0.7375,0.9293,0.9029,0.8403,0.8032,0.8504,0.6841,0.8283,0.9408,0.778,0.6117,0.9526,0.7199,0.6231,0.61,0.6147,0.8559,0.5717,0.6165,0.7781,0.499,0.5545,0.3955,0.592,0.6755,0.5807,0.5173,0.318,0.4777,0.2616,0.5221,0.3096,0.2042,0.1646,0.3503,
1.0,0.9986,0.9693,0.9679,0.9717,0.9969,0.9944,0.9898,0.9847,0.9263,0.7371,0.9342,0.9094,0.8366,0.8014,0.8625,0.6846,0.8227,0.9386,0.7889,0.6086,0.9493,0.7246,0.6227,0.5975,0.6084,0.8529,0.5501,0.6205,0.7814,0.5039,0.5373,0.3913,0.5879,0.6693,0.5814,0.5178,0.3092,0.4742,0.2569,0.5207,0.3099,0.2056,0.1615,0.3455,
1.0,0.9989,0.9684,0.9673,0.9699,0.9961,0.994,0.9916,0.9838,0.9205,0.727,0.9311,0.9039,0.8328,0.7922,0.8522,0.6733,0.8177,0.9392,0.7755,0.6048,0.9518,0.7202,0.6187,0.6048,0.6024,0.8523,0.5567,0.6158,0.7816,0.4948,0.5448,0.3822,0.5858,0.6695,0.58,0.5211,0.3098,0.4712,0.256,0.5235,0.3044,0.1995,0.1655,0.3441,
1.0,0.9986,0.9669,0.9655,0.9734,0.9977,0.9958,0.9912,0.9851,0.9245,0.7408,0.9329,0.9087,0.8399,0.8002,0.8587,0.685,0.8276,0.9427,0.7845,0.6165,0.9551,0.726,0.6282,0.6151,0.6214,0.8563,0.5698,0.6241,0.7862,0.5137,0.5553,0.3952,0.5921,0.6733,0.5888,0.5144,0.3199,0.4796,0.2586,0.5207,0.3169,0.2118,0.1658,0.3587,
1.0,0.9992,0.967,0.9662,0.9706,0.9987,0.9969,0.9911,0.9859,0.9264,0.7406,0.932,0.9124,0.8399,0.8027,0.8597,0.6816,0.8277,0.9457,0.7834,0.6133,0.9543,0.7214,0.6257,0.6036,0.6164,0.8558,0.5698,0.6314,0.7904,0.5146,0.5591,0.3849,0.5978,0.6878,0.593,0.5244,0.3223,0.4851,0.2629,0.5331,0.3234,0.2191,0.1619,0.3637,
1.0,0.9991,0.9701,0.9692,0.9696,0.9968,0.995,0.9888,0.9835,0.9202,0.7341,0.932,0.9009,0.8409,0.7979,0.8534,0.6861,0.8276,0.9404,0.7776,0.6077,0.9497,0.7168,0.6244,0.6043,0.6093,0.8548,0.5668,0.614,0.7726,0.5056,0.5457,0.3874,0.5839,0.6777,0.5741,0.5241,0.3169,0.4714,0.2568,0.5199,0.3089,0.2076,0.1588,0.3495,
1.0,0.9992,0.9673,0.9665,0.9706,0.9968,0.9953,0.9905,0.9841,0.9249,0.735,0.9319,0.9085,0.8382,0.8003,0.8584,0.6816,0.8246,0.9403,0.7865,0.613,0.9537,0.7281,0.6241,0.6046,0.6122,0.8562,0.5661,0.6295,0.7874,0.5084,0.554,0.3904,0.599,0.6851,0.5863,0.5254,0.3063,0.4783,0.2675,0.5305,0.3127,0.2078,0.1655,0.3562,
1.0,0.999,0.967,0.966,0.9682,0.9977,0.9963,0.9909,0.9843,0.9219,0.7366,0.9283,0.906,0.8414,0.8016,0.8515,0.6793,0.8278,0.9412,0.7761,0.6119,0.9542,0.7191,0.6219,0.6088,0.6121,0.8509,0.5688,0.6223,0.7775,0.499,0.5484,0.3886,0.5887,0.667,0.5818,0.5101,0.317,0.4776,0.2562,0.5106,0.3063,0.1989,0.1633,0.3543,
1.0,0.9986,0.9659,0.9645,0.9699,0.9976,0.995,0.9896,0.983,0.9249,0.7379,0.9289,0.9081,0.8409,0.8013,0.8556,0.6829,0.825,0.9357,0.7826,0.6079,0.9521,0.7197,0.6153,0.6021,0.6096,0.8549,0.5664,0.6218,0.7889,0.5101,0.5517,0.38,0.5876,0.6789,0.5857,0.5205,0.3181,0.4765,0.2649,0.5293,0.3164,0.2185,0.1532,0.3575,
1.0,0.9989,0.9664,0.9653,0.9707,0.997,0.9949,0.9909,0.9861,0.9196,0.7357,0.9304,0.9035,0.8403,0.8049,0.8524,0.6863,0.8269,0.9401,0.783,0.603,0.9522,0.716,0.6198,0.6054,0.6136,0.8587,0.572,0.6143,0.7839,0.5001,0.5504,0.3886,0.5926,0.6702,0.5781,0.521,0.3193,0.4898,0.2605,0.5302,0.3092,0.2047,0.168,0.3613,
1.0,0.9986,0.9688,0.9674,0.9704,0.9967,0.9946,0.9901,0.9839,0.9204,0.7399,0.9314,0.9038,0.8437,0.8047,0.8542,0.6916,0.8298,0.9405,0.7834,0.6106,0.953,0.7191,0.6265,0.6082,0.6192,0.856,0.5743,0.6155,0.7843,0.5104,0.5517,0.3966,0.5909,0.6648,0.5769,0.5249,0.322,0.486,0.2626,0.5201,0.3181,0.2053,0.1734,0.3581,
1.0,0.999,0.9703,0.9693,0.9668,0.9964,0.9947,0.9918,0.9857,0.9243,0.7381,0.9312,0.9093,0.8432,0.8076,0.857,0.6934,0.8301,0.9433,0.7851,0.6213,0.9506,0.7244,0.6322,0.6092,0.6187,0.8613,0.5724,0.6246,0.7807,0.4999,0.5521,0.3843,0.5892,0.6712,0.5853,0.5257,0.3214,0.4789,0.2696,0.5288,0.3053,0.1986,0.17,0.3496,
1.0,0.9989,0.9675,0.9664,0.9698,0.9969,0.9953,0.9911,0.9857,0.9237,0.7386,0.9323,0.9095,0.8411,0.8065,0.8572,0.6858,0.8289,0.943,0.7832,0.6161,0.9524,0.7256,0.6271,0.6059,0.6176,0.8569,0.5674,0.625,0.7818,0.5091,0.5561,0.394,0.5967,0.6865,0.5893,0.5248,0.3209,0.4827,0.2655,0.5319,0.3161,0.2172,0.1747,0.3605,
1.0,0.9984,0.9662,0.9646,0.9697,0.9958,0.993,0.9895,0.985,0.9279,0.7459,0.9282,0.9095,0.8477,0.8112,0.8567,0.6966,0.8359,0.9433,0.7929,0.6205,0.954,0.7247,0.6277,0.6061,0.63,0.8593,0.5801,0.6143,0.7838,0.5088,0.5559,0.3815,0.5849,0.6712,0.5839,0.5291,0.3162,0.482,0.2693,0.5275,0.3096,0.2043,0.1636,0.3622,
1.0,0.9989,0.9652,0.9641,0.9699,0.9967,0.9944,0.991,0.986,0.9233,0.7318,0.9284,0.9069,0.8353,0.7994,0.8528,0.683,0.8226,0.9428,0.7834,0.6112,0.9532,0.7224,0.6245,0.6031,0.6133,0.8545,0.5654,0.623,0.7787,0.5016,0.5449,0.3865,0.5846,0.6745,0.5851,0.5235,0.31,0.4757,0.2605,0.5111,0.3068,0.1978,0.1624,0.3539,
1.0,0.9982,0.9648,0.963,0.9709,0.9967,0.9935,0.9895,0.9839,0.9248,0.7363,0.9271,0.9068,0.838,0.7974,0.8534,0.6776,0.8243,0.9397,0.7811,0.6068,0.9491,0.7127,0.6163,0.5948,0.6167,0.853,0.5649,0.6125,0.7809,0.4984,0.5494,0.3784,0.5871,0.674,0.5763,0.5118,0.3113,0.4728,0.2554,0.5235,0.3063,0.2043,0.1574,0.3525,
1.0,0.9989,0.966,0.9649,0.9711,0.9972,0.9952,0.9898,0.9841,0.9255,0.7308,0.9314,0.9093,0.8322,0.7911,0.8583,0.6705,0.8195,0.9408,0.7805,0.6059,0.9521,0.7218,0.6157,0.5996,0.6058,0.8522,0.5601,0.6208,0.7834,0.5017,0.5447,0.3805,0.5841,0.6752,0.5802,0.5189,0.3091,0.4701,0.2525,0.5198,0.3054,0.204,0.1593,0.3465,
1.0,0.9986,0.9686,0.9672,0.9698,0.9982,0.9962,0.9889,0.9834,0.9234,0.7356,0.9315,0.9077,0.8405,0.7999,0.8566,0.684,0.8279,0.9371,0.7819,0.6025,0.9532,0.7152,0.6144,0.6009,0.6063,0.854,0.5606,0.618,0.7764,0.4944,0.5423,0.3714,0.5889,0.6713,0.5795,0.5129,0.3,0.4787,0.2521,0.5227,0.3047,0.2081,0.1518,0.3569,
1.0,0.9989,0.9666,0.9655,0.97,0.9979,0.9961,0.9912,0.9863,0.9258,0.7376,0.9309,0.9117,0.8389,0.8012,0.8578,0.6824,0.8258,0.9425,0.784,0.6173,0.9528,0.7307,0.6282,0.6077,0.6153,0.8564,0.5612,0.6277,0.781,0.5014,0.5429,0.3868,0.5864,0.6741,0.593,0.5211,0.3136,0.4791,0.2624,0.5224,0.3112,0.2049,0.1669,0.3525,
1.0,0.9989,0.9678,0.9667,0.9681,0.9972,0.9948,0.9907,0.9846,0.9268,0.74,0.93,0.9114,0.8429,0.8036,0.8579,0.6852,0.8291,0.9365,0.7805,0.6124,0.9544,0.7196,0.617,0.6039,0.6195,0.8526,0.5739,0.6156,0.7816,0.4967,0.5582,0.3806,0.5908,0.6684,0.5804,0.5211,0.3071,0.4784,0.2626,0.5223,0.3091,0.2051,0.1619,0.356,
1.0,0.9983,0.9672,0.9655,0.9706,0.9979,0.9948,0.991,0.986,0.9263,0.7482,0.9303,0.9117,0.8478,0.8083,0.8572,0.6926,0.8355,0.9421,0.7838,0.6191,0.9562,0.72,0.6298,0.6066,0.6283,0.8578,0.5851,0.6163,0.7858,0.5051,0.5698,0.387,0.5856,0.6777,0.5829,0.5312,0.3231,0.4768,0.2655,0.5254,0.3085,0.2122,0.1659,0.353,
1.0,0.999,0.9705,0.9695,0.9723,0.9971,0.9955,0.9901,0.9845,0.9257,0.7406,0.9381,0.9105,0.8392,0.7995,0.865,0.6821,0.826,0.9433,0.7838,0.6115,0.9512,0.7189,0.6254,0.6023,0.6196,0.8546,0.5676,0.6164,0.7779,0.5007,0.5553,0.3784,0.5852,0.6788,0.5821,0.5217,0.3082,0.4782,0.2506,0.5321,0.3053,0.2046,0.1671,0.3419,
1.0,0.9994,0.9725,0.9719,0.9712,0.9979,0.9965,0.9922,0.9863,0.9281,0.7422,0.9381,0.9143,0.8383,0.8023,0.8669,0.6915,0.8237,0.9417,0.7875,0.6201,0.9515,0.7328,0.6325,0.6202,0.625,0.862,0.5735,0.6309,0.7906,0.5184,0.5609,0.4101,0.5951,0.6813,0.591,0.5246,0.3278,0.4797,0.2641,0.5315,0.323,0.2151,0.1742,0.3535,
1.0,0.9987,0.9647,0.9634,0.9662,0.9978,0.9957,0.9916,0.9849,0.926,0.7366,0.9231,0.9104,0.8415,0.8015,0.8504,0.6831,0.8272,0.9385,0.7771,0.6148,0.956,0.7264,0.6204,0.6038,0.6112,0.8544,0.5657,0.6182,0.7825,0.5013,0.5472,0.3856,0.5937,0.6697,0.5844,0.5156,0.3194,0.483,0.2543,0.5232,0.3125,0.2038,0.1682,0.3538,
1.0,0.9989,0.9667,0.9656,0.969,0.9971,0.9944,0.9902,0.9845,0.9186,0.7349,0.9278,0.901,0.8416,0.8011,0.8479,0.6902,0.827,0.941,0.7796,0.6087,0.957,0.721,0.626,0.603,0.6113,0.859,0.5713,0.6135,0.7778,0.5047,0.558,0.3874,0.5961,0.6858,0.5755,0.5322,0.3212,0.4817,0.2636,0.5262,0.3067,0.206,0.1665,0.3604,
1.0,0.9988,0.9684,0.9672,0.9673,0.9973,0.995,0.99,0.984,0.9243,0.7348,0.9293,0.908,0.8408,0.8016,0.8562,0.6831,0.8267,0.9421,0.7788,0.6123,0.9544,0.7191,0.6219,0.5999,0.6168,0.8524,0.569,0.6185,0.7783,0.5006,0.5577,0.381,0.5905,0.6764,0.5779,0.5221,0.315,0.483,0.2568,0.5298,0.3045,0.2049,0.162,0.351,
1.0,0.9985,0.9679,0.9664,0.9688,0.997,0.9946,0.9892,0.9837,0.9217,0.7347,0.9294,0.9039,0.8404,0.8002,0.8532,0.691,0.8262,0.9393,0.7854,0.605,0.9524,0.721,0.6193,0.6035,0.6096,0.8591,0.5751,0.616,0.7785,0.5034,0.5533,0.3852,0.5834,0.6722,0.5801,0.5281,0.3119,0.4761,0.2593,0.5292,0.3081,0.2053,0.1646,0.3533,
1.0,0.999,0.9673,0.9663,0.9697,0.9981,0.9962,0.99,0.9828,0.9278,0.7409,0.9306,0.9119,0.8432,0.8023,0.8597,0.6815,0.8279,0.939,0.7834,0.6182,0.9517,0.7268,0.6272,0.6029,0.6154,0.8538,0.5677,0.629,0.7875,0.5017,0.5545,0.3848,0.5946,0.6861,0.5885,0.5166,0.3111,0.4768,0.2617,0.5298,0.3165,0.2132,0.1616,0.3546,
1.0,0.9988,0.9658,0.9646,0.9684,0.9972,0.995,0.99,0.9855,0.9229,0.7341,0.9271,0.9055,0.8383,0.802,0.8507,0.6818,0.8244,0.9377,0.7807,0.608,0.9505,0.7203,0.6189,0.6015,0.6067,0.8507,0.5516,0.6219,0.7787,0.5056,0.541,0.3874,0.5892,0.6689,0.5852,0.5204,0.3106,0.4767,0.2686,0.5177,0.3142,0.2035,0.1597,0.3485,
1.0,0.9991,0.9687,0.9678,0.9686,0.9972,0.9953,0.9901,0.9859,0.9225,0.7369,0.9303,0.906,0.843,0.8055,0.854,0.6879,0.833,0.9453,0.7801,0.6144,0.9517,0.7177,0.6269,0.5999,0.6165,0.8537,0.5726,0.6131,0.7821,0.5101,0.5597,0.3847,0.5807,0.6734,0.5798,0.5218,0.3242,0.4715,0.2565,0.5236,0.3088,0.2113,0.1591,0.3496,
1.0,0.9995,0.9703,0.9698,0.9711,0.997,0.9953,0.9904,0.9857,0.9253,0.7409,0.9372,0.9103,0.8404,0.8038,0.8634,0.6907,0.8278,0.9377,0.7883,0.6102,0.9477,0.7199,0.6219,0.6098,0.6163,0.86,0.5674,0.6209,0.7823,0.506,0.5492,0.3965,0.5852,0.6662,0.5803,0.5088,0.3175,0.4732,0.2515,0.5261,0.313,0.2084,0.1582,0.3528,
1.0,0.9986,0.9668,0.9654,0.9687,0.9974,0.9952,0.9897,0.9852,0.9284,0.7366,0.9284,0.9122,0.8357,0.7958,0.8581,0.6769,0.8236,0.9406,0.7832,0.6118,0.9523,0.7295,0.6183,0.6085,0.6131,0.8551,0.5646,0.6244,0.7831,0.5108,0.5463,0.3995,0.5907,0.6811,0.5857,0.5142,0.3169,0.4813,0.2593,0.5308,0.3209,0.2079,0.1611,0.3556,
1.0,0.9988,0.9704,0.9692,0.9713,0.9978,0.9953,0.9912,0.9873,0.9251,0.7425,0.936,0.9116,0.8403,0.8048,0.8622,0.691,0.8277,0.9425,0.7861,0.616,0.9512,0.7246,0.6279,0.6111,0.6145,0.8597,0.5676,0.6322,0.789,0.5101,0.5508,0.3923,0.5958,0.6715,0.5892,0.5124,0.3255,0.4812,0.2649,0.5285,0.3102,0.2143,0.1585,0.3541,
1.0,0.9993,0.9686,0.9679,0.97,0.9979,0.9964,0.9921,0.9858,0.925,0.7376,0.933,0.9112,0.8389,0.8032,0.8599,0.6817,0.8251,0.9418,0.7801,0.6128,0.9534,0.7238,0.623,0.6046,0.6142,0.8543,0.565,0.6235,0.7887,0.5082,0.557,0.384,0.5907,0.6768,0.578,0.5128,0.3221,0.471,0.2627,0.5226,0.3063,0.2135,0.1609,0.3507,
1.0,0.9986,0.968,0.9666,0.9673,0.9978,0.9957,0.9893,0.9836,0.929,0.7417,0.9288,0.9129,0.8444,0.8064,0.8589,0.6902,0.8329,0.9428,0.7877,0.6191,0.9535,0.7246,0.6235,0.5988,0.6274,0.8553,0.5727,0.6245,0.7819,0.5069,0.5599,0.3904,0.5934,0.6785,0.5827,0.5151,0.3187,0.4771,0.2622,0.5237,0.3134,0.2092,0.1621,0.3547,
1.0,0.9986,0.966,0.9646,0.9659,0.9967,0.9943,0.9898,0.9836,0.9215,0.7296,0.9261,0.9053,0.8365,0.7982,0.8496,0.676,0.8212,0.9382,0.7755,0.6059,0.9508,0.722,0.6144,0.6046,0.6111,0.8536,0.5675,0.6225,0.7785,0.5041,0.5478,0.3908,0.594,0.6739,0.5807,0.509,0.3187,0.4806,0.2535,0.5215,0.3112,0.2129,0.1594,0.3556,
1.0,0.9989,0.9655,0.9644,0.9692,0.9971,0.9951,0.9903,0.9834,0.9208,0.7321,0.9281,0.9044,0.8402,0.7996,0.8494,0.6865,0.8259,0.939,0.7842,0.6072,0.9546,0.7236,0.622,0.6099,0.6108,0.8625,0.5701,0.6186,0.7793,0.4953,0.5484,0.3827,0.5934,0.6719,0.5856,0.5281,0.3148,0.4802,0.261,0.5227,0.3076,0.1977,0.1631,0.3629,
1.0,0.9984,0.9682,0.9666,0.9711,0.9974,0.9953,0.9904,0.985,0.9227,0.7417,0.9321,0.9068,0.8447,0.8071,0.8561,0.6931,0.832,0.9413,0.7844,0.6128,0.9518,0.718,0.6256,0.6005,0.6162,0.8592,0.568,0.6175,0.7792,0.5018,0.5504,0.3872,0.59,0.6695,0.5748,0.5174,0.314,0.4774,0.2601,0.5213,0.3032,0.2054,0.1603,0.3573,
1.0,0.9993,0.9668,0.9661,0.9675,0.9965,0.9945,0.9894,0.9837,0.9239,0.7361,0.9286,0.9063,0.8418,0.8019,0.8531,0.6892,0.8277,0.9417,0.7853,0.6117,0.9523,0.7203,0.6174,0.5994,0.6166,0.8569,0.5768,0.6201,0.7792,0.505,0.5579,0.3832,0.5989,0.6753,0.5805,0.5219,0.3162,0.4854,0.2609,0.5245,0.311,0.2043,0.1609,0.3646,
1.0,0.9994,0.9671,0.9665,0.9714,0.9975,0.996,0.9914,0.9857,0.9189,0.7381,0.9317,0.9027,0.8413,0.8007,0.8523,0.6839,0.828,0.9405,0.7747,0.6146,0.952,0.7218,0.6316,0.6099,0.6146,0.8537,0.5685,0.6194,0.7759,0.4935,0.5554,0.3937,0.5872,0.6748,0.584,0.5183,0.315,0.4741,0.2573,0.5256,0.3047,0.2069,0.1681,0.3507,
1.0,0.9988,0.9682,0.967,0.9682,0.9977,0.9954,0.9904,0.9852,0.9214,0.7279,0.9296,0.9055,0.8322,0.7967,0.8522,0.6823,0.8178,0.9406,0.7833,0.6016,0.9509,0.7172,0.6144,0.6011,0.61,0.8567,0.5661,0.6143,0.7826,0.5056,0.5457,0.3873,0.5886,0.6707,0.5788,0.5146,0.3171,0.4719,0.2541,0.5203,0.3048,0.2026,0.158,0.3449,
1.0,0.9986,0.9665,0.9651,0.9684,0.9966,0.9936,0.9905,0.9843,0.9278,0.7357,0.9286,0.9113,0.8349,0.7957,0.8587,0.678,0.8197,0.937,0.7866,0.6053,0.951,0.7265,0.6131,0.5975,0.6088,0.8608,0.5595,0.6176,0.7847,0.502,0.5423,0.3782,0.5843,0.6689,0.5796,0.5194,0.3085,0.4713,0.2582,0.523,0.3079,0.208,0.1565,0.3448,
1.0,0.9985,0.9692,0.9677,0.9694,0.9981,0.9955,0.9886,0.983,0.9212,0.7284,0.933,0.906,0.8357,0.7964,0.8559,0.6803,0.8217,0.9412,0.7821,0.6055,0.951,0.7189,0.6186,0.6081,0.6071,0.8567,0.5674,0.6247,0.7787,0.5071,0.5454,0.3945,0.5985,0.6746,0.5828,0.518,0.3186,0.4907,0.2561,0.5243,0.3175,0.2089,0.1598,0.3586,
1.0,0.9983,0.9682,0.9665,0.9698,0.9966,0.9939,0.989,0.9839,0.9205,0.7362,0.9306,0.9031,0.8405,0.7998,0.8526,0.6859,0.8263,0.9371,0.7815,0.6056,0.9476,0.7154,0.621,0.6014,0.6083,0.8566,0.5648,0.613,0.7717,0.5007,0.5501,0.389,0.5857,0.6793,0.5758,0.5173,0.3211,0.4709,0.2583,0.5317,0.3049,0.2051,0.1618,0.3452,
1.0,0.9987,0.9687,0.9674,0.9659,0.9967,0.9943,0.9898,0.9837,0.9237,0.7323,0.9278,0.9065,0.8389,0.8021,0.8522,0.6902,0.8254,0.9411,0.7854,0.6108,0.9516,0.7203,0.6216,0.6035,0.6198,0.8583,0.5725,0.6184,0.7778,0.508,0.556,0.3943,0.5925,0.6794,0.5848,0.5217,0.3171,0.4789,0.2596,0.5311,0.3085,0.213,0.1638,0.3582,
1.0,0.999,0.9666,0.9656,0.9718,0.9973,0.9954,0.9903,0.9856,0.9262,0.7397,0.9326,0.9101,0.8382,0.7987,0.86,0.6808,0.8261,0.9384,0.785,0.6129,0.9529,0.7317,0.6239,0.6088,0.6084,0.857,0.5631,0.6282,0.7903,0.5171,0.5498,0.3913,0.5905,0.6778,0.5857,0.5151,0.3237,0.474,0.2644,0.526,0.3216,0.2106,0.1605,0.3489,
1.0,0.9992,0.9714,0.9706,0.9696,0.9976,0.9953,0.9898,0.9849,0.9255,0.7358,0.9342,0.9082,0.8351,0.7979,0.8603,0.6882,0.8221,0.9417,0.7885,0.6124,0.953,0.7256,0.6265,0.6152,0.614,0.8595,0.5659,0.6254,0.7846,0.5091,0.5515,0.3908,0.5967,0.6781,0.59,0.5241,0.3131,0.4788,0.2638,0.5268,0.311,0.2076,0.1648,0.3559,
1.0,0.9991,0.9697,0.9688,0.9701,0.9975,0.9955,0.9891,0.9848,0.9248,0.7383,0.9336,0.9077,0.8393,0.8024,0.8592,0.6846,0.8268,0.9404,0.7818,0.6113,0.9523,0.726,0.6222,0.6064,0.6121,0.8534,0.5561,0.627,0.7791,0.504,0.5416,0.3897,0.5984,0.6805,0.5895,0.518,0.313,0.4817,0.2606,0.5227,0.3146,0.2139,0.1605,0.3615,
1.0,0.9988,0.9653,0.9641,0.9689,0.997,0.9948,0.9899,0.9834,0.921,0.733,0.9284,0.9054,0.8402,0.8032,0.8503,0.6835,0.825,0.9418,0.7826,0.6146,0.9519,0.7241,0.6265,0.6123,0.6203,0.8558,0.5736,0.6195,0.7796,0.5071,0.5552,0.3919,0.5835,0.6678,0.5833,0.5146,0.3207,0.469,0.2599,0.5159,0.3037,0.203,0.1577,0.3485,
1.0,0.9994,0.969,0.9684,0.9692,0.997,0.9954,0.9894,0.9857,0.9232,0.7425,0.932,0.9064,0.8458,0.8107,0.8571,0.6879,0.8346,0.9438,0.776,0.6234,0.9513,0.724,0.6396,0.6141,0.6248,0.8464,0.57,0.6294,0.7795,0.5065,0.5709,0.3936,0.5976,0.6833,0.5879,0.5181,0.3193,0.4806,0.2656,0.5208,0.3102,0.2071,0.1651,0.3598,
1.0,0.999,0.9694,0.9684,0.9715,0.9972,0.9951,0.99,0.9863,0.925,0.7381,0.9351,0.9088,0.8362,0.8028,0.8609,0.6837,0.8234,0.9414,0.7867,0.6083,0.9516,0.72,0.6208,0.5978,0.6141,0.8493,0.5563,0.6154,0.7863,0.5079,0.5445,0.3781,0.5797,0.6764,0.5802,0.5174,0.3058,0.4657,0.2573,0.5223,0.3045,0.2066,0.1593,0.3482,
1.0,0.9988,0.9691,0.9679,0.9706,0.9971,0.994,0.9894,0.9858,0.9235,0.7369,0.9334,0.9068,0.8373,0.8006,0.8586,0.6862,0.8234,0.9402,0.7855,0.6136,0.9502,0.7237,0.6256,0.6012,0.6126,0.8592,0.5628,0.616,0.7803,0.5031,0.545,0.3829,0.5849,0.6764,0.5789,0.5177,0.307,0.4772,0.2577,0.5253,0.3048,0.2106,0.1624,0.3527,
1.0,0.9993,0.969,0.9683,0.9665,0.9973,0.9955,0.9895,0.9852,0.9269,0.7434,0.9289,0.9093,0.8459,0.8073,0.8569,0.6933,0.8345,0.94,0.7829,0.6283,0.9557,0.7413,0.6379,0.6153,0.6149,0.8576,0.5696,0.6323,0.7827,0.5026,0.5584,0.3921,0.5905,0.6738,0.5906,0.5177,0.3106,0.4816,0.2701,0.5279,0.307,0.2052,0.1635,0.3543,
1.0,0.9993,0.969,0.9683,0.9677,0.998,0.9962,0.9912,0.986,0.925,0.7349,0.9307,0.9098,0.8389,0.8026,0.8568,0.6896,0.8259,0.9359,0.7844,0.6078,0.9533,0.7286,0.6215,0.614,0.613,0.8584,0.5627,0.628,0.7824,0.4975,0.5511,0.3872,0.5898,0.674,0.5829,0.5264,0.3087,0.4777,0.2688,0.5236,0.3089,0.2006,0.1651,0.3555,
1.0,0.9986,0.9687,0.9673,0.9691,0.997,0.9946,0.9889,0.9826,0.9276,0.7379,0.9307,0.9098,0.842,0.8024,0.8603,0.6856,0.8295,0.9438,0.7842,0.6192,0.9515,0.7265,0.6278,0.6072,0.6212,0.8524,0.5725,0.623,0.786,0.5061,0.5557,0.3872,0.5898,0.6757,0.5862,0.523,0.3155,0.4742,0.2631,0.5137,0.3176,0.2116,0.1601,0.3492,
1.0,0.999,0.9702,0.9692,0.97,0.9972,0.9948,0.9896,0.9846,0.9253,0.7407,0.9342,0.9089,0.8424,0.8026,0.8597,0.6893,0.8291,0.9419,0.7852,0.6128,0.9521,0.7234,0.6243,0.6043,0.6145,0.8581,0.5667,0.624,0.7872,0.5061,0.5568,0.3822,0.5973,0.6776,0.585,0.5246,0.3206,0.4794,0.2613,0.5251,0.3177,0.2073,0.1614,0.3588,
1.0,0.9988,0.9689,0.9677,0.9707,0.9971,0.9949,0.9898,0.9832,0.9231,0.7302,0.9334,0.9068,0.8334,0.7946,0.8582,0.6731,0.8181,0.9372,0.7815,0.6039,0.9514,0.72,0.618,0.6036,0.608,0.8501,0.5522,0.6191,0.7781,0.4974,0.5427,0.3875,0.5838,0.6748,0.5788,0.5115,0.3089,0.4704,0.2581,0.5215,0.3056,0.2081,0.1609,0.3447,
1.0,0.9988,0.9704,0.9692,0.9707,0.9979,0.9953,0.99,0.984,0.9255,0.7405,0.9349,0.9104,0.8418,0.8033,0.8611,0.6877,0.8266,0.9376,0.7843,0.6173,0.9513,0.7225,0.6282,0.6056,0.6156,0.8539,0.5701,0.6254,0.7841,0.5034,0.5523,0.3845,0.5873,0.6808,0.5866,0.5228,0.3066,0.4717,0.2658,0.5296,0.3087,0.2149,0.164,0.3508,
1.0,0.9989,0.966,0.9649,0.9693,0.998,0.9958,0.9902,0.984,0.9247,0.7325,0.9291,0.9094,0.8353,0.7978,0.8555,0.6775,0.8204,0.937,0.7828,0.6095,0.9523,0.7258,0.6197,0.6045,0.6078,0.8525,0.5583,0.6244,0.7827,0.508,0.5456,0.3934,0.5858,0.6769,0.5837,0.5177,0.3163,0.4737,0.2661,0.5222,0.3137,0.2072,0.1613,0.3472,
1.0,0.9986,0.9674,0.966,0.9692,0.9969,0.9941,0.9897,0.9845,0.928,0.7405,0.9301,0.9115,0.8394,0.8007,0.8595,0.6771,0.8265,0.945,0.7792,0.6156,0.951,0.723,0.6247,0.5968,0.6212,0.8501,0.5715,0.6145,0.7895,0.5081,0.5643,0.38,0.5809,0.672,0.5794,0.5258,0.3161,0.4701,0.2537,0.514,0.3066,0.2073,0.1643,0.3375,
1.0,0.999,0.9668,0.9658,0.9687,0.9973,0.9954,0.9917,0.9843,0.924,0.7323,0.9288,0.9082,0.8358,0.7973,0.8551,0.6794,0.8219,0.9383,0.7827,0.6122,0.9552,0.726,0.6178,0.607,0.6066,0.8572,0.5579,0.6297,0.7833,0.5024,0.5439,0.3799,0.5952,0.6791,0.5876,0.5205,0.3058,0.4775,0.2651,0.5198,0.3152,0.2147,0.1599,0.3574,
1.0,0.999,0.9693,0.9683,0.9706,0.9981,0.9962,0.9907,0.9849,0.9276,0.741,0.9343,0.9129,0.8386,0.8003,0.8632,0.682,0.8263,0.9411,0.7855,0.6159,0.9562,0.7269,0.6253,0.6131,0.6198,0.8551,0.5678,0.6317,0.7829,0.5077,0.5579,0.3923,0.5944,0.6844,0.5888,0.5172,0.3164,0.4829,0.2678,0.528,0.3178,0.2179,0.1692,0.3598,
1.0,0.9992,0.9704,0.9696,0.9707,0.9978,0.9951,0.9899,0.986,0.9216,0.7345,0.9343,0.9055,0.8377,0.8004,0.8564,0.6856,0.8244,0.9405,0.7799,0.6054,0.9534,0.7192,0.6207,0.6073,0.6107,0.8552,0.5676,0.6169,0.7859,0.5111,0.5528,0.3883,0.5919,0.6833,0.5841,0.5222,0.316,0.4787,0.2546,0.5298,0.3155,0.2108,0.1603,0.3523,
1.0,0.999,0.9676,0.9666,0.9699,0.9979,0.9959,0.9927,0.9879,0.9187,0.7361,0.9304,0.9041,0.8413,0.8051,0.8499,0.6909,0.8289,0.9406,0.7788,0.6029,0.9558,0.7138,0.621,0.6054,0.6126,0.8611,0.5729,0.6136,0.7803,0.5055,0.5563,0.3905,0.5947,0.6762,0.5681,0.5235,0.3256,0.4763,0.2647,0.5318,0.3064,0.2102,0.1639,0.3576,
1.0,0.9986,0.9706,0.9692,0.9675,0.9982,0.9962,0.9914,0.985,0.9241,0.7328,0.9314,0.9103,0.8358,0.7988,0.8564,0.6839,0.8217,0.9398,0.7816,0.608,0.9548,0.7254,0.6175,0.6057,0.6065,0.862,0.5589,0.6313,0.7885,0.5031,0.5518,0.3868,0.604,0.6858,0.5834,0.5222,0.3151,0.4801,0.2637,0.5366,0.3106,0.2134,0.1577,0.3637,
1.0,0.9989,0.9663,0.9652,0.9704,0.9979,0.9959,0.9884,0.9817,0.9209,0.735,0.93,0.9036,0.8427,0.7997,0.8526,0.6819,0.8286,0.9404,0.7794,0.6147,0.9498,0.7225,0.6302,0.6068,0.6145,0.8532,0.57,0.6191,0.7767,0.4936,0.5498,0.3744,0.5843,0.6705,0.5861,0.5218,0.308,0.4683,0.2649,0.5175,0.3013,0.1996,0.1659,0.3508,
1.0,0.9992,0.9656,0.9648,0.9693,0.9973,0.9957,0.991,0.9843,0.9282,0.7405,0.9294,0.9127,0.8403,0.7996,0.8589,0.6824,0.8254,0.943,0.7854,0.6196,0.952,0.7279,0.6257,0.5971,0.6181,0.8598,0.5746,0.6197,0.7883,0.5136,0.5563,0.3917,0.5815,0.6751,0.5839,0.5225,0.3208,0.4808,0.2575,0.5202,0.3196,0.2098,0.1607,0.3579,
1.0,0.9987,0.9686,0.9673,0.969,0.9967,0.9943,0.9895,0.9849,0.9239,0.7349,0.9314,0.9065,0.8381,0.7998,0.8564,0.6842,0.8256,0.9413,0.785,0.6158,0.9467,0.7241,0.6262,0.6112,0.6141,0.86,0.5657,0.6297,0.7801,0.5,0.5536,0.394,0.5942,0.6802,0.5867,0.5269,0.3171,0.4867,0.2734,0.5403,0.3167,0.2083,0.168,0.3581,
1.0,0.9993,0.9686,0.9679,0.9693,0.9974,0.9955,0.9918,0.9858,0.9265,0.7335,0.9315,0.9108,0.8329,0.7949,0.8582,0.681,0.8184,0.9373,0.7862,0.6071,0.9558,0.7258,0.6179,0.6112,0.6098,0.8524,0.5646,0.6243,0.7856,0.5046,0.5492,0.3885,0.5946,0.6701,0.5824,0.5197,0.3112,0.4749,0.2584,0.5135,0.3088,0.2052,0.1623,0.3535,
1.0,0.9989,0.9683,0.9672,0.9682,0.9971,0.9955,0.9908,0.9853,0.9291,0.7401,0.9297,0.9132,0.8407,0.8028,0.8593,0.6892,0.8298,0.9401,0.7871,0.6132,0.9546,0.725,0.6206,0.6033,0.6162,0.8564,0.5672,0.6251,0.7836,0.5018,0.5511,0.3864,0.5916,0.6778,0.5836,0.512,0.3076,0.4792,0.2627,0.5277,0.306,0.2106,0.1543,0.3603,
1.0,0.9991,0.9666,0.9657,0.9694,0.9975,0.9953,0.9897,0.9837,0.9277,0.743,0.9297,0.9106,0.8443,0.8014,0.8583,0.6855,0.8282,0.933,0.7821,0.6146,0.9473,0.7244,0.6225,0.6004,0.6135,0.8569,0.5622,0.6199,0.7807,0.5018,0.5457,0.3903,0.5913,0.6673,0.5777,0.5163,0.3163,0.4731,0.26,0.5273,0.3111,0.2036,0.1621,0.3563,
1.0,0.9989,0.9657,0.9646,0.9667,0.9973,0.9951,0.9901,0.9842,0.9223,0.7279,0.9247,0.9046,0.8385,0.7992,0.8493,0.6881,0.8238,0.9363,0.7856,0.6032,0.95,0.7169,0.6141,0.6014,0.6042,0.8596,0.5682,0.6161,0.7765,0.4906,0.5455,0.3747,0.58,0.6713,0.5743,0.517,0.3137,0.4742,0.259,0.5237,0.3024,0.2052,0.1608,0.3521,
1.0,0.999,0.9683,0.9673,0.9683,0.9971,0.9951,0.9901,0.9844,0.9236,0.7383,0.9316,0.9084,0.8452,0.8067,0.8559,0.6878,0.8333,0.9412,0.7814,0.6188,0.955,0.7245,0.6259,0.6102,0.6162,0.8553,0.5712,0.6206,0.7769,0.506,0.5554,0.3921,0.5922,0.6697,0.5891,0.5252,0.3222,0.4776,0.2581,0.5241,0.3179,0.205,0.1637,0.3592,
1.0,0.9989,0.9682,0.9671,0.9665,0.9971,0.9951,0.992,0.9884,0.9204,0.7377,0.929,0.9065,0.8429,0.8083,0.8513,0.6936,0.8322,0.9457,0.7791,0.6166,0.9535,0.7179,0.6285,0.597,0.6122,0.8628,0.575,0.6127,0.7758,0.5015,0.5521,0.3887,0.5907,0.6737,0.5796,0.5224,0.3264,0.4806,0.2572,0.5281,0.3058,0.2071,0.1622,0.3589,
1.0,0.9985,0.9653,0.9638,0.9699,0.9959,0.9932,0.9894,0.9847,0.9218,0.7354,0.928,0.9035,0.8395,0.8009,0.8509,0.6837,0.8259,0.9388,0.783,0.6046,0.9505,0.716,0.6177,0.6018,0.61,0.8587,0.5651,0.6115,0.7777,0.4928,0.5426,0.3789,0.5924,0.674,0.5756,0.5288,0.3092,0.4784,0.2588,0.5254,0.3063,0.2015,0.1577,0.3575,
1.0,0.9983,0.967,0.9653,0.9699,0.997,0.9932,0.9887,0.9842,0.9205,0.7297,0.9301,0.9034,0.837,0.798,0.8525,0.6751,0.8218,0.9386,0.7735,0.6032,0.9504,0.7167,0.6166,0.6005,0.6087,0.8489,0.5614,0.6124,0.7775,0.4984,0.5471,0.3894,0.5883,0.6754,0.5717,0.523,0.3172,0.4721,0.2526,0.5219,0.3075,0.2055,0.1681,0.3471,
1.0,0.9986,0.9647,0.9633,0.9687,0.9972,0.9944,0.9885,0.9845,0.9211,0.7353,0.927,0.9031,0.8412,0.8,0.8497,0.6874,0.8294,0.9409,0.7824,0.6078,0.9541,0.7212,0.6189,0.6064,0.6136,0.8593,0.5744,0.6155,0.7722,0.4959,0.5505,0.3901,0.5884,0.6771,0.5792,0.5286,0.3117,0.4891,0.2625,0.533,0.3126,0.2051,0.1644,0.3599,
1.0,0.9993,0.9679,0.9672,0.9686,0.9974,0.9964,0.992,0.9862,0.9275,0.7397,0.9315,0.9138,0.8406,0.8051,0.8608,0.6849,0.8272,0.9423,0.7837,0.6172,0.9537,0.7249,0.6266,0.5994,0.6167,0.8525,0.5709,0.6236,0.7864,0.5213,0.5567,0.3958,0.5885,0.6783,0.5868,0.5135,0.3216,0.4735,0.2543,0.5227,0.317,0.214,0.1635,0.3476,
1.0,0.9985,0.9666,0.9651,0.9703,0.9974,0.9947,0.9881,0.9832,0.9249,0.7287,0.9305,0.907,0.8331,0.7956,0.857,0.678,0.8194,0.9408,0.7856,0.6055,0.9515,0.7203,0.6173,0.6034,0.6058,0.8558,0.5589,0.6207,0.7831,0.5159,0.5389,0.3804,0.5829,0.6691,0.5838,0.522,0.318,0.4673,0.2584,0.5126,0.3152,0.2063,0.1584,0.3352,
1.0,0.9992,0.9662,0.9654,0.97,0.9974,0.9953,0.9891,0.9833,0.9234,0.7364,0.9309,0.9066,0.8402,0.8,0.8565,0.6796,0.8258,0.9363,0.7803,0.6136,0.9502,0.7258,0.6228,0.6089,0.6117,0.8533,0.5685,0.6226,0.7773,0.4964,0.5472,0.388,0.5865,0.6677,0.5819,0.5192,0.3088,0.4825,0.2629,0.5244,0.302,0.2026,0.1626,0.3477,
1.0,0.9982,0.9676,0.9658,0.9686,0.9958,0.9927,0.9888,0.9837,0.921,0.7302,0.9287,0.9022,0.8383,0.8011,0.8515,0.6845,0.8242,0.9408,0.7814,0.6127,0.951,0.7269,0.626,0.6168,0.6111,0.8562,0.5639,0.6267,0.7767,0.5039,0.5485,0.3964,0.6005,0.6834,0.5921,0.5282,0.3165,0.4933,0.2713,0.5303,0.3188,0.2105,0.1744,0.3652,
1.0,0.9988,0.9656,0.9644,0.9686,0.9973,0.995,0.9906,0.9864,0.925,0.7375,0.9284,0.9099,0.8412,0.8044,0.8547,0.6839,0.8283,0.939,0.7809,0.6116,0.9545,0.7286,0.6198,0.6047,0.6108,0.8565,0.5652,0.6205,0.7839,0.497,0.5499,0.3789,0.5863,0.6692,0.587,0.5256,0.3095,0.474,0.2604,0.5192,0.3041,0.2054,0.1592,0.3485,
1.0,0.9991,0.967,0.9661,0.9701,0.998,0.9965,0.9906,0.9852,0.9286,0.7427,0.9311,0.9133,0.842,0.8072,0.8603,0.6925,0.8308,0.9418,0.7921,0.6192,0.9537,0.7313,0.627,0.6041,0.6203,0.8603,0.5724,0.6245,0.7894,0.4999,0.5529,0.376,0.5888,0.6794,0.586,0.5218,0.3087,0.4777,0.2642,0.5266,0.3107,0.2036,0.1629,0.3621,
1.0,0.9991,0.9637,0.9628,0.9701,0.9971,0.9952,0.9901,0.982,0.927,0.7405,0.9276,0.9101,0.845,0.8049,0.8551,0.6852,0.8285,0.9377,0.7877,0.6154,0.9512,0.7242,0.6241,0.6001,0.6188,0.857,0.5741,0.6161,0.7891,0.5055,0.5512,0.3803,0.5837,0.6649,0.5815,0.5133,0.3186,0.4726,0.2586,0.5146,0.3119,0.208,0.1569,0.3485,
1.0,0.9984,0.9676,0.966,0.9683,0.9975,0.9945,0.9881,0.9831,0.9237,0.7394,0.9281,0.9051,0.8461,0.8074,0.8528,0.6954,0.8309,0.9387,0.7868,0.6179,0.9491,0.7232,0.6256,0.6116,0.6204,0.8574,0.5791,0.6253,0.7828,0.51,0.5607,0.3879,0.5853,0.6786,0.5908,0.5266,0.3211,0.4811,0.2729,0.5311,0.3176,0.2188,0.1639,0.3576,
1.0,0.9991,0.9665,0.9656,0.9689,0.997,0.9954,0.9913,0.9847,0.9225,0.7337,0.9286,0.9066,0.8375,0.8006,0.8546,0.6866,0.8239,0.9368,0.7823,0.606,0.9523,0.717,0.6168,0.5971,0.609,0.8586,0.5658,0.6127,0.7791,0.501,0.543,0.3905,0.5822,0.6561,0.577,0.5161,0.3182,0.4674,0.2483,0.5166,0.3077,0.2032,0.1582,0.3453,
1.0,0.9991,0.9693,0.9684,0.9672,0.9977,0.9952,0.9895,0.983,0.9227,0.7301,0.9314,0.9075,0.8384,0.7993,0.8547,0.6827,0.8217,0.9388,0.779,0.6121,0.9492,0.7204,0.6242,0.602,0.6123,0.8528,0.5642,0.6227,0.7749,0.4954,0.5528,0.3879,0.59,0.6762,0.5828,0.5133,0.3105,0.473,0.2613,0.5274,0.3034,0.2057,0.1622,0.3527,
1.0,0.9991,0.9672,0.9663,0.9708,0.998,0.9958,0.9905,0.9852,0.923,0.7337,0.9323,0.9079,0.8358,0.7978,0.8571,0.6876,0.8219,0.9399,0.7877,0.6052,0.9529,0.7214,0.6211,0.6103,0.6106,0.8634,0.5681,0.6231,0.7812,0.5012,0.5532,0.3879,0.5952,0.6776,0.585,0.5335,0.3117,0.4812,0.2704,0.53,0.3124,0.2067,0.1697,0.353,
1.0,0.9986,0.9687,0.9673,0.9701,0.9978,0.9952,0.9889,0.9837,0.9264,0.7415,0.9306,0.9087,0.8409,0.8026,0.8584,0.6871,0.8278,0.94,0.785,0.6134,0.9513,0.7227,0.6258,0.603,0.619,0.8541,0.5659,0.6231,0.7867,0.5115,0.5545,0.3955,0.5866,0.6752,0.5817,0.5203,0.3138,0.4777,0.2636,0.5243,0.3202,0.2147,0.1667,0.3534,
1.0,0.9987,0.9685,0.9672,0.9701,0.9965,0.9944,0.9903,0.9844,0.924,0.7372,0.9321,0.9067,0.8401,0.8032,0.8578,0.6855,0.8274,0.9413,0.784,0.6145,0.952,0.723,0.6282,0.6078,0.6164,0.8571,0.5649,0.6176,0.7834,0.5075,0.5485,0.3933,0.5924,0.6738,0.585,0.5226,0.3157,0.481,0.2617,0.5213,0.3138,0.2101,0.1645,0.353,
1.0,0.9982,0.9669,0.9651,0.9702,0.9979,0.9952,0.9901,0.985,0.9236,0.7372,0.9293,0.9076,0.8395,0.8032,0.8545,0.689,0.8267,0.9393,0.7871,0.6081,0.9527,0.7171,0.6215,0.6019,0.6144,0.8576,0.5667,0.6167,0.784,0.5016,0.5491,0.3824,0.5924,0.676,0.58,0.5247,0.3058,0.4822,0.2619,0.5257,0.3161,0.2063,0.1629,0.3615,
1.0,0.9993,0.9667,0.966,0.9676,0.998,0.9958,0.9903,0.9862,0.9243,0.7324,0.9297,0.9098,0.8354,0.7995,0.8549,0.6811,0.8224,0.939,0.7791,0.6076,0.9515,0.7258,0.6155,0.6098,0.6087,0.8554,0.5584,0.6242,0.7797,0.4963,0.5479,0.3803,0.5949,0.6744,0.5837,0.5184,0.3167,0.4696,0.2667,0.5191,0.3061,0.2051,0.1551,0.3485,
1.0,0.9986,0.9671,0.9657,0.9686,0.9963,0.9941,0.9904,0.9831,0.9225,0.7328,0.929,0.9062,0.8387,0.7971,0.8522,0.6804,0.8239,0.9393,0.7803,0.6031,0.9515,0.7154,0.6153,0.6053,0.6113,0.8599,0.5693,0.6185,0.7808,0.5004,0.5525,0.382,0.6017,0.6796,0.5782,0.5208,0.3215,0.488,0.2572,0.5324,0.3148,0.2053,0.1573,0.3641,
1.0,0.999,0.9674,0.9664,0.9691,0.998,0.996,0.9898,0.9857,0.9229,0.7388,0.9291,0.9061,0.8414,0.8029,0.8536,0.6825,0.8267,0.9413,0.7775,0.6143,0.9523,0.7261,0.6242,0.6077,0.6098,0.8536,0.5649,0.6228,0.7868,0.512,0.5523,0.3917,0.5891,0.6769,0.5844,0.5181,0.3188,0.4749,0.26,0.5125,0.3077,0.2112,0.1634,0.348,
1.0,0.9989,0.967,0.9659,0.9676,0.9963,0.9945,0.9904,0.9852,0.9218,0.7314,0.9293,0.9058,0.8375,0.7987,0.8527,0.6829,0.826,0.9427,0.7828,0.6123,0.9517,0.7232,0.6206,0.6027,0.6076,0.859,0.5702,0.6179,0.7744,0.5058,0.551,0.3922,0.5968,0.6764,0.5751,0.5157,0.3233,0.4851,0.2584,0.5296,0.313,0.206,0.1625,0.3554,
1.0,0.9988,0.9703,0.9691,0.9685,0.9965,0.9941,0.99,0.9849,0.9208,0.7375,0.9316,0.9025,0.8454,0.8038,0.8522,0.6921,0.8337,0.9391,0.7772,0.6112,0.955,0.7178,0.6249,0.6048,0.6121,0.8573,0.573,0.6112,0.7726,0.497,0.5558,0.3822,0.5957,0.6746,0.5723,0.5155,0.3169,0.4791,0.2561,0.5238,0.2993,0.2024,0.1595,0.3594,
1.0,0.9983,0.9697,0.968,0.9706,0.9973,0.9943,0.9884,0.9837,0.9257,0.7284,0.9333,0.9081,0.8304,0.7914,0.8614,0.6764,0.8193,0.9421,0.7865,0.6058,0.9521,0.7226,0.6161,0.609,0.6098,0.8547,0.5626,0.6271,0.7854,0.5063,0.5503,0.3881,0.594,0.6725,0.5796,0.5163,0.312,0.4791,0.2535,0.531,0.3186,0.2138,0.1597,0.3519,
1.0,0.999,0.9689,0.9679,0.9708,0.9981,0.9962,0.9908,0.9867,0.9248,0.7443,0.9339,0.9101,0.845,0.8109,0.8603,0.7014,0.8339,0.9427,0.7932,0.6206,0.9561,0.7254,0.632,0.6097,0.6231,0.8627,0.5754,0.6235,0.7854,0.5163,0.56,0.3952,0.5947,0.68,0.585,0.5288,0.3235,0.4871,0.2723,0.5376,0.3183,0.2161,0.1675,0.3623,
1.0,0.9989,0.9693,0.9682,0.9693,0.9981,0.9966,0.9902,0.985,0.9194,0.7275,0.9311,0.9024,0.8353,0.7958,0.8521,0.6862,0.8227,0.9384,0.7826,0.6011,0.9524,0.7174,0.6181,0.6027,0.6012,0.8627,0.5586,0.6133,0.7757,0.4981,0.5455,0.3863,0.5883,0.6762,0.5744,0.5143,0.3085,0.4732,0.2525,0.528,0.2994,0.2068,0.1621,0.3468,
1.0,0.9995,0.9711,0.9706,0.9714,0.9974,0.9963,0.9897,0.9828,0.9246,0.7378,0.9362,0.907,0.8408,0.7999,0.8614,0.6849,0.8271,0.9415,0.7855,0.6127,0.9494,0.7247,0.6262,0.6152,0.617,0.8569,0.5662,0.6269,0.7835,0.507,0.5494,0.3976,0.6006,0.6834,0.5878,0.5241,0.3166,0.4827,0.2647,0.5275,0.3194,0.2164,0.1697,0.3562,
1.0,0.9988,0.9683,0.9671,0.9665,0.9977,0.9955,0.9906,0.9848,0.9252,0.7353,0.9284,0.9104,0.8409,0.8042,0.8548,0.6878,0.8276,0.938,0.782,0.6095,0.9528,0.7205,0.6174,0.6036,0.6119,0.8577,0.5677,0.6203,0.7841,0.4995,0.5534,0.3814,0.5965,0.6765,0.5775,0.5149,0.3208,0.4883,0.2552,0.5256,0.3098,0.2067,0.1632,0.3584,
1.0,0.9986,0.9699,0.9685,0.9689,0.9962,0.9943,0.9919,0.984,0.922,0.7409,0.9313,0.9063,0.8475,0.8066,0.8552,0.6859,0.8315,0.9368,0.7739,0.6121,0.9537,0.7182,0.6263,0.6107,0.6163,0.8521,0.5698,0.6199,0.7785,0.5016,0.5577,0.3925,0.5979,0.6752,0.5804,0.5204,0.3207,0.4769,0.2555,0.5159,0.3092,0.2017,0.1648,0.357,
1.0,0.9989,0.9724,0.9713,0.9674,0.9965,0.994,0.9895,0.9843,0.9267,0.7415,0.9332,0.9089,0.846,0.8073,0.861,0.6951,0.8299,0.9364,0.7849,0.6108,0.9481,0.7148,0.6227,0.5962,0.6122,0.8547,0.5687,0.6189,0.7798,0.5001,0.5565,0.3785,0.5894,0.6716,0.5793,0.5207,0.3124,0.4704,0.2577,0.5228,0.3014,0.201,0.154,0.3496,
1.0,0.9989,0.9659,0.9648,0.9717,0.9977,0.9956,0.9915,0.9853,0.9206,0.7395,0.9302,0.9048,0.8424,0.8022,0.8534,0.6849,0.8281,0.9377,0.7795,0.6122,0.9537,0.7206,0.6273,0.6069,0.6093,0.857,0.5659,0.6195,0.7836,0.506,0.5513,0.3904,0.5891,0.6693,0.58,0.5195,0.3311,0.4734,0.2627,0.5215,0.3109,0.2067,0.1624,0.3564,
1.0,0.9993,0.9678,0.9671,0.9691,0.9979,0.9956,0.9901,0.9858,0.9286,0.7318,0.9296,0.9108,0.8303,0.7933,0.859,0.6775,0.8174,0.9412,0.7875,0.6119,0.9526,0.7313,0.6204,0.6172,0.6139,0.8534,0.5588,0.63,0.7838,0.5018,0.5408,0.3895,0.5845,0.6665,0.5985,0.5243,0.3062,0.4759,0.2669,0.5149,0.3093,0.2015,0.1633,0.3409,
1.0,0.999,0.9674,0.9664,0.9701,0.9977,0.9957,0.9902,0.9843,0.9205,0.7337,0.9311,0.9044,0.8395,0.8008,0.8533,0.6772,0.8258,0.9426,0.7758,0.614,0.9492,0.7194,0.6261,0.6079,0.6194,0.8538,0.5692,0.622,0.7804,0.5,0.5628,0.3914,0.5931,0.6763,0.5823,0.5172,0.3263,0.4765,0.2587,0.5213,0.3102,0.2066,0.1647,0.3527,
1.0,0.9988,0.9704,0.9692,0.9702,0.9975,0.9951,0.9902,0.9851,0.9268,0.7398,0.9338,0.9103,0.8412,0.8014,0.8621,0.6895,0.8274,0.9396,0.789,0.6178,0.9518,0.7263,0.6304,0.6134,0.6182,0.8608,0.5718,0.6308,0.7813,0.5035,0.5547,0.3931,0.5952,0.6839,0.5876,0.5152,0.3237,0.4833,0.2631,0.5311,0.3114,0.2097,0.1664,0.3661,
1.0,0.999,0.9679,0.9669,0.9702,0.9975,0.9958,0.9916,0.9849,0.92,0.7309,0.9311,0.9045,0.8375,0.7979,0.8527,0.6844,0.8227,0.9365,0.7803,0.6056,0.9526,0.7213,0.6204,0.6075,0.6054,0.8598,0.5645,0.62,0.7786,0.4949,0.5479,0.3861,0.5916,0.6751,0.5808,0.5166,0.3129,0.4762,0.2588,0.5299,0.3068,0.2017,0.1574,0.3523,
1.0,0.9987,0.9684,0.9671,0.9681,0.997,0.9948,0.9899,0.9844,0.9242,0.7308,0.9302,0.9081,0.835,0.797,0.8549,0.6819,0.8226,0.9423,0.7816,0.6106,0.9525,0.7275,0.6227,0.6102,0.6111,0.8565,0.5671,0.6227,0.783,0.5028,0.5541,0.3843,0.588,0.6763,0.5842,0.5229,0.3182,0.4817,0.2601,0.5277,0.309,0.207,0.1618,0.3522,
1.0,0.9992,0.9648,0.964,0.9721,0.9974,0.9955,0.99,0.9856,0.9268,0.7406,0.9305,0.9103,0.8377,0.7998,0.8582,0.6806,0.8252,0.9409,0.7881,0.6163,0.9532,0.729,0.6246,0.6054,0.6122,0.8547,0.5608,0.6229,0.7878,0.5189,0.5455,0.3938,0.5891,0.6723,0.5921,0.5228,0.3178,0.4781,0.2634,0.515,0.3161,0.2109,0.1616,0.3512,
1.0,0.9989,0.967,0.9659,0.9716,0.9972,0.995,0.9911,0.9838,0.9215,0.7311,0.9324,0.9062,0.8373,0.7965,0.8545,0.6788,0.822,0.9365,0.7798,0.6049,0.9537,0.7198,0.6186,0.6052,0.6051,0.8528,0.5611,0.6179,0.7764,0.4976,0.5482,0.3937,0.5927,0.6714,0.5798,0.5255,0.3115,0.4825,0.2626,0.5219,0.3082,0.2062,0.1694,0.3541,
1.0,0.9991,0.9706,0.9697,0.9674,0.9975,0.9945,0.9905,0.9852,0.9245,0.7284,0.9328,0.9096,0.8318,0.7953,0.8588,0.6786,0.8159,0.9332,0.7824,0.601,0.952,0.7255,0.6111,0.6053,0.6013,0.8578,0.554,0.6264,0.7834,0.5009,0.5415,0.3912,0.5916,0.6724,0.5795,0.5222,0.3125,0.4857,0.2638,0.5276,0.3183,0.2085,0.1625,0.3501,
1.0,0.9986,0.967,0.9656,0.9728,0.9979,0.9948,0.9888,0.983,0.9254,0.7354,0.9335,0.9087,0.8357,0.7957,0.8597,0.6729,0.8213,0.9403,0.7824,0.6109,0.9507,0.722,0.6247,0.609,0.6129,0.8515,0.5606,0.6264,0.7854,0.5057,0.5545,0.3861,0.5921,0.682,0.5847,0.515,0.3207,0.4728,0.2579,0.5246,0.3165,0.2122,0.1653,0.3569,
1.0,0.9989,0.9661,0.965,0.9711,0.9968,0.9945,0.9898,0.9843,0.9195,0.7303,0.9307,0.9023,0.837,0.7976,0.8518,0.6809,0.8227,0.9413,0.7772,0.6087,0.9523,0.721,0.6237,0.6051,0.6094,0.8529,0.5625,0.6171,0.7753,0.5009,0.5484,0.3828,0.5849,0.6839,0.587,0.5281,0.3157,0.481,0.2575,0.5291,0.3116,0.2105,0.1701,0.3513,
1.0,0.9992,0.9625,0.9617,0.9716,0.998,0.996,0.9893,0.9835,0.9253,0.7358,0.9275,0.9081,0.8391,0.7992,0.8544,0.6775,0.8254,0.9401,0.7836,0.6107,0.9516,0.7219,0.6215,0.6026,0.6149,0.8484,0.5631,0.6192,0.7791,0.4998,0.5481,0.376,0.5767,0.6665,0.5837,0.5131,0.3056,0.4735,0.2586,0.518,0.3026,0.2012,0.1607,0.3467,
1.0,0.999,0.9663,0.9653,0.97,0.9978,0.9951,0.9907,0.9843,0.9227,0.7387,0.9294,0.9068,0.843,0.8064,0.8521,0.6907,0.8273,0.9357,0.7844,0.6103,0.9574,0.7267,0.6238,0.6119,0.6165,0.8569,0.5686,0.6191,0.7831,0.5046,0.5529,0.3872,0.5934,0.6689,0.5865,0.5286,0.3147,0.4777,0.2716,0.5176,0.3145,0.2039,0.168,0.3527,
1.0,0.9986,0.9689,0.9675,0.97,0.9978,0.9951,0.9906,0.9868,0.9223,0.7398,0.9315,0.9071,0.8436,0.805,0.8551,0.6884,0.8318,0.942,0.7783,0.6142,0.9554,0.7239,0.6273,0.6058,0.6134,0.8547,0.5686,0.62,0.7827,0.4991,0.5513,0.3821,0.591,0.679,0.5823,0.5155,0.3155,0.4753,0.2535,0.5236,0.3102,0.2021,0.1612,0.3566,
1.0,0.9991,0.9655,0.9646,0.9703,0.9977,0.9957,0.991,0.9849,0.9224,0.7322,0.9297,0.9071,0.8353,0.7988,0.8536,0.6808,0.8227,0.9439,0.783,0.6101,0.956,0.7246,0.6216,0.6057,0.6132,0.8578,0.5632,0.6135,0.7816,0.5072,0.5464,0.387,0.5847,0.6698,0.5884,0.5335,0.3157,0.4818,0.2625,0.5245,0.316,0.2096,0.1684,0.3485,
1.0,0.9988,0.969,0.9678,0.9682,0.9973,0.9955,0.99,0.9853,0.9221,0.7348,0.9307,0.9063,0.8389,0.799,0.8545,0.6834,0.8275,0.9411,0.7778,0.6089,0.9534,0.7233,0.6209,0.6089,0.612,0.8583,0.5668,0.62,0.7783,0.4998,0.5529,0.3952,0.5984,0.6786,0.5844,0.5234,0.3158,0.4844,0.2573,0.5268,0.3117,0.2087,0.1673,0.3592,
1.0,0.9988,0.9666,0.9654,0.969,0.9973,0.9949,0.9906,0.9857,0.9309,0.7386,0.9297,0.9159,0.835,0.7975,0.8604,0.677,0.8233,0.9407,0.7875,0.6137,0.9559,0.7343,0.6201,0.6073,0.6153,0.8547,0.5604,0.6241,0.7899,0.515,0.5497,0.3906,0.5971,0.6783,0.5911,0.5256,0.3136,0.4786,0.265,0.5202,0.321,0.2114,0.1683,0.3573,
1.0,0.999,0.9682,0.9672,0.9701,0.9973,0.9951,0.9896,0.9849,0.925,0.739,0.9324,0.9089,0.8405,0.8037,0.8583,0.6885,0.8278,0.9414,0.7868,0.6112,0.9506,0.717,0.6206,0.5974,0.6128,0.8578,0.5696,0.6154,0.7871,0.5189,0.5516,0.3876,0.5863,0.6768,0.582,0.5226,0.3236,0.4785,0.2589,0.526,0.3247,0.2191,0.1552,0.3545,
1.0,0.9989,0.9685,0.9674,0.9671,0.9979,0.9962,0.9925,0.9865,0.9217,0.733,0.9288,0.9076,0.8372,0.8003,0.8534,0.6859,0.8258,0.9429,0.7795,0.614,0.9582,0.7279,0.6269,0.6087,0.6096,0.8628,0.5634,0.6254,0.7779,0.4989,0.5501,0.3896,0.5996,0.6782,0.582,0.5192,0.3116,0.4838,0.261,0.527,0.3055,0.2057,0.1594,0.3635,
1.0,0.9991,0.9668,0.9659,0.9724,0.9971,0.9952,0.9909,0.9837,0.9287,0.7462,0.9331,0.9132,0.8441,0.8074,0.8632,0.6931,0.828,0.9379,0.7944,0.6183,0.953,0.731,0.6268,0.6112,0.6266,0.8597,0.571,0.6241,0.7889,0.5122,0.551,0.3925,0.5783,0.6723,0.5823,0.53,0.3186,0.474,0.2708,0.5252,0.3118,0.2141,0.1636,0.3525,
1.0,0.9987,0.9705,0.9692,0.9695,0.9963,0.994,0.9911,0.9847,0.9245,0.7334,0.9337,0.9083,0.8362,0.7972,0.8591,0.6808,0.8219,0.9386,0.7818,0.6081,0.9502,0.7192,0.622,0.5996,0.6117,0.8528,0.5613,0.62,0.7795,0.5069,0.5549,0.3896,0.5842,0.6744,0.5737,0.5131,0.3144,0.467,0.2539,0.5298,0.3075,0.2135,0.1555,0.3498,
1.0,0.9991,0.9695,0.9686,0.9689,0.9972,0.9956,0.9902,0.984,0.9267,0.7375,0.9322,0.9098,0.8402,0.8004,0.8598,0.6818,0.8272,0.9417,0.7819,0.6131,0.9498,0.7259,0.6239,0.6002,0.6107,0.8543,0.5658,0.6198,0.7859,0.4976,0.5528,0.3749,0.5804,0.6737,0.5765,0.5124,0.3094,0.4698,0.2557,0.5244,0.3021,0.2009,0.1535,0.3451,
1.0,0.999,0.9648,0.9638,0.9694,0.9965,0.9947,0.9905,0.9842,0.9222,0.7356,0.9282,0.9054,0.8413,0.8037,0.8511,0.6866,0.827,0.9397,0.7838,0.6092,0.9488,0.7165,0.6199,0.6008,0.6167,0.8563,0.5735,0.6161,0.7812,0.5031,0.5557,0.3841,0.5823,0.6728,0.5765,0.5157,0.3161,0.4731,0.2625,0.521,0.3112,0.2065,0.1509,0.3544,
1.0,0.9992,0.9704,0.9696,0.9719,0.9968,0.9946,0.9916,0.9852,0.9223,0.7416,0.9372,0.9074,0.8429,0.8053,0.8605,0.6908,0.8264,0.9362,0.7867,0.6096,0.9537,0.7221,0.6276,0.6125,0.6163,0.8603,0.5706,0.6217,0.7816,0.5,0.5542,0.3886,0.5957,0.6735,0.5803,0.5186,0.31,0.4867,0.2677,0.5222,0.3088,0.2056,0.1558,0.3593,
1.0,0.999,0.9656,0.9646,0.9685,0.9974,0.9954,0.992,0.9856,0.9286,0.7397,0.9285,0.915,0.8384,0.8028,0.8584,0.6845,0.825,0.9401,0.7874,0.625,0.955,0.7376,0.63,0.6121,0.6188,0.8592,0.5674,0.6354,0.7888,0.5044,0.5524,0.3962,0.5936,0.6743,0.596,0.515,0.313,0.473,0.2705,0.5207,0.3102,0.2113,0.1594,0.3576,
1.0,0.9989,0.9702,0.9691,0.9689,0.9976,0.9954,0.9905,0.9862,0.9304,0.7384,0.9325,0.9144,0.8343,0.8004,0.8634,0.6855,0.8217,0.9372,0.7905,0.614,0.9529,0.7309,0.6194,0.6116,0.6133,0.8567,0.5592,0.6333,0.7909,0.5111,0.5487,0.3931,0.604,0.6756,0.5938,0.5187,0.3137,0.4854,0.2722,0.5328,0.3198,0.2222,0.1619,0.3604,
1.0,0.9985,0.9676,0.9661,0.9716,0.997,0.9949,0.9906,0.9846,0.9208,0.7415,0.9324,0.9051,0.8445,0.8076,0.8549,0.6886,0.831,0.9393,0.7799,0.6143,0.9514,0.7193,0.6243,0.6082,0.6174,0.8534,0.5675,0.6193,0.781,0.5063,0.5501,0.3915,0.5831,0.6664,0.578,0.5219,0.3244,0.467,0.2646,0.5232,0.3109,0.2089,0.1617,0.3517,
1.0,0.9987,0.9673,0.966,0.97,0.9969,0.995,0.9912,0.9847,0.9228,0.7325,0.9314,0.9082,0.8362,0.7957,0.8558,0.6825,0.822,0.9402,0.7854,0.6113,0.954,0.7249,0.6224,0.6018,0.6047,0.8603,0.5626,0.6223,0.78,0.5077,0.5498,0.3878,0.5893,0.6757,0.5848,0.5235,0.3172,0.4772,0.2639,0.5291,0.3122,0.2067,0.162,0.3527,
1.0,0.999,0.9727,0.9717,0.9686,0.9974,0.9953,0.9909,0.9856,0.9235,0.7434,0.9343,0.9074,0.8494,0.8121,0.8584,0.7025,0.8352,0.94,0.7827,0.6183,0.9546,0.7268,0.6366,0.6194,0.6276,0.8583,0.5797,0.6271,0.7794,0.5003,0.5665,0.3993,0.6037,0.6883,0.5848,0.5243,0.3222,0.4844,0.2651,0.5279,0.3103,0.2078,0.1711,0.3656,
1.0,0.9991,0.9676,0.9667,0.9698,0.9974,0.9948,0.9917,0.9873,0.9281,0.7365,0.9311,0.9129,0.8336,0.7966,0.8603,0.6816,0.8211,0.9413,0.7856,0.6163,0.9563,0.7355,0.6233,0.6141,0.6135,0.8578,0.5598,0.6299,0.782,0.5032,0.543,0.3949,0.5965,0.6808,0.5934,0.5207,0.3133,0.4849,0.2667,0.5286,0.3148,0.2118,0.1668,0.3568,
1.0,0.9991,0.9634,0.9625,0.9731,0.9979,0.9954,0.989,0.9827,0.9269,0.7398,0.9317,0.9115,0.8394,0.8015,0.8607,0.6783,0.8242,0.9377,0.7881,0.6132,0.9517,0.7241,0.6174,0.603,0.6239,0.8527,0.5673,0.6231,0.7879,0.5079,0.5549,0.3872,0.5882,0.6751,0.5811,0.5133,0.3147,0.4767,0.2634,0.523,0.3115,0.2124,0.1628,0.3571,
1.0,0.9991,0.9671,0.9662,0.972,0.998,0.9957,0.9897,0.9856,0.9235,0.7389,0.9322,0.9068,0.8386,0.7989,0.8569,0.6829,0.8279,0.9423,0.784,0.609,0.9557,0.7231,0.6247,0.6092,0.6107,0.8545,0.5662,0.6209,0.7797,0.5094,0.5507,0.3916,0.5915,0.6743,0.5819,0.5223,0.3154,0.4757,0.2595,0.5167,0.3153,0.2088,0.1618,0.3503,
1.0,0.9991,0.9691,0.9682,0.9703,0.997,0.9953,0.9898,0.983,0.9195,0.7337,0.9342,0.9038,0.8434,0.8051,0.8552,0.6872,0.8288,0.9359,0.7792,0.6104,0.9498,0.7219,0.628,0.608,0.6052,0.8557,0.5611,0.6211,0.773,0.4942,0.5474,0.3928,0.5895,0.6756,0.5803,0.5265,0.3193,0.4796,0.2711,0.5288,0.3073,0.2098,0.17,0.3506,
1.0,0.9995,0.9679,0.9674,0.9664,0.9968,0.9954,0.9904,0.9853,0.9288,0.7412,0.9291,0.9124,0.8429,0.8026,0.8597,0.6852,0.8324,0.9377,0.7827,0.6141,0.9535,0.7281,0.6186,0.6044,0.6069,0.8578,0.5685,0.6255,0.7785,0.4936,0.5452,0.3771,0.5878,0.6713,0.5841,0.5097,0.3184,0.4944,0.2565,0.5326,0.3115,0.2049,0.1575,0.3628,
1.0,0.999,0.9691,0.9681,0.967,0.9979,0.996,0.9914,0.9851,0.9248,0.7354,0.9305,0.9106,0.8399,0.8022,0.8568,0.681,0.826,0.9421,0.7763,0.6102,0.955,0.7182,0.6208,0.6029,0.6144,0.8503,0.5697,0.6224,0.7822,0.5027,0.5637,0.3817,0.5914,0.6781,0.5837,0.5131,0.3142,0.4721,0.2502,0.5216,0.3072,0.2085,0.1559,0.3483,
1.0,0.9989,0.9686,0.9675,0.9679,0.9974,0.9952,0.9906,0.9847,0.921,0.732,0.9295,0.9049,0.8404,0.8012,0.8518,0.6877,0.8255,0.9376,0.7783,0.61,0.9506,0.718,0.6237,0.6084,0.6071,0.8559,0.5654,0.615,0.7742,0.4965,0.5507,0.3884,0.5897,0.6741,0.5814,0.5197,0.3073,0.4797,0.2558,0.5211,0.3033,0.2009,0.165,0.3492,
1.0,0.9987,0.9687,0.9674,0.969,0.9976,0.9954,0.9882,0.9832,0.9245,0.7305,0.9312,0.9074,0.8359,0.798,0.856,0.6877,0.8231,0.9401,0.7877,0.6066,0.9517,0.7238,0.617,0.6096,0.6124,0.8579,0.5656,0.6241,0.7787,0.5072,0.547,0.3904,0.5925,0.6753,0.586,0.5199,0.3051,0.4796,0.2591,0.5245,0.3162,0.2063,0.1578,0.3554,
1.0,0.9993,0.9705,0.9698,0.9711,0.9964,0.9944,0.9897,0.9839,0.9233,0.7353,0.9359,0.9066,0.8374,0.7992,0.8606,0.6835,0.8236,0.94,0.7828,0.6111,0.9547,0.7265,0.6262,0.6109,0.6135,0.8506,0.5607,0.6233,0.7788,0.506,0.5454,0.3896,0.591,0.6762,0.5827,0.5193,0.3144,0.4747,0.2577,0.516,0.3117,0.2038,0.1665,0.3499,
1.0,0.9986,0.9658,0.9644,0.9685,0.9978,0.9952,0.9905,0.9851,0.9229,0.7325,0.9282,0.9088,0.838,0.7978,0.8533,0.6737,0.8253,0.9388,0.7736,0.6079,0.9568,0.7263,0.619,0.6029,0.6072,0.8513,0.5615,0.6169,0.7796,0.4953,0.5471,0.3843,0.5856,0.6728,0.5788,0.5228,0.3117,0.4715,0.259,0.5177,0.3065,0.1983,0.1641,0.3425,
1.0,0.9982,0.9711,0.9693,0.9692,0.997,0.9944,0.9901,0.9854,0.9275,0.7324,0.9335,0.9118,0.8319,0.7922,0.8623,0.6747,0.8205,0.9431,0.7803,0.6064,0.9547,0.7234,0.617,0.611,0.6085,0.8516,0.557,0.6211,0.7807,0.5136,0.5458,0.3936,0.5988,0.6725,0.5869,0.5206,0.3223,0.4797,0.2545,0.5213,0.3166,0.2015,0.1696,0.3509,
1.0,0.9992,0.9662,0.9654,0.9695,0.9969,0.995,0.9907,0.9864,0.923,0.7366,0.9287,0.906,0.84,0.8041,0.8533,0.6856,0.827,0.9404,0.7808,0.61,0.9512,0.7214,0.6201,0.6027,0.6094,0.8561,0.5643,0.618,0.7818,0.503,0.5492,0.3889,0.5889,0.67,0.5791,0.5176,0.3087,0.4819,0.2605,0.5267,0.311,0.2048,0.1611,0.359,
1.0,0.999,0.9664,0.9654,0.9733,0.9963,0.9945,0.9891,0.9838,0.923,0.7391,0.9337,0.9047,0.8429,0.8033,0.8585,0.6825,0.8312,0.9482,0.7812,0.6181,0.9517,0.7274,0.6325,0.6117,0.6234,0.8536,0.5747,0.6231,0.7826,0.507,0.5583,0.3931,0.5916,0.6705,0.5896,0.5264,0.3152,0.4833,0.266,0.5141,0.3139,0.2013,0.1671,0.3567,
1.0,0.9989,0.9696,0.9685,0.9691,0.9971,0.9947,0.9909,0.9858,0.9211,0.7374,0.933,0.9064,0.8428,0.8058,0.8555,0.6889,0.8289,0.9378,0.7811,0.6129,0.9546,0.7245,0.6251,0.6083,0.6137,0.8575,0.567,0.622,0.7799,0.5055,0.5557,0.3967,0.5957,0.68,0.5782,0.5148,0.3234,0.484,0.2586,0.5287,0.317,0.2098,0.1607,0.3587,
1.0,0.9989,0.966,0.9649,0.9685,0.9979,0.9954,0.9885,0.9841,0.9238,0.7311,0.9268,0.9056,0.8362,0.7963,0.8516,0.6777,0.8235,0.9366,0.7786,0.6034,0.9521,0.7199,0.6138,0.5961,0.606,0.849,0.5581,0.6177,0.7773,0.4969,0.5465,0.3798,0.5872,0.6703,0.5719,0.5116,0.3045,0.4733,0.2569,0.5167,0.3013,0.2093,0.1592,0.3483,
1.0,0.9991,0.9663,0.9654,0.9656,0.9966,0.9948,0.9918,0.9861,0.9202,0.7312,0.926,0.9047,0.841,0.8048,0.8479,0.685,0.8275,0.94,0.7766,0.6049,0.9541,0.7141,0.6128,0.5981,0.6144,0.8571,0.5674,0.6077,0.7741,0.4982,0.5516,0.3867,0.5884,0.6665,0.5711,0.5183,0.3131,0.4751,0.2493,0.5165,0.3079,0.1943,0.1575,0.3514,
1.0,0.9993,0.9678,0.9671,0.9701,0.9969,0.9955,0.9914,0.9859,0.9217,0.7341,0.931,0.9052,0.8367,0.7999,0.8555,0.6839,0.8256,0.9412,0.7841,0.6119,0.9541,0.7299,0.6243,0.6196,0.6126,0.859,0.5643,0.6271,0.7826,0.4987,0.5492,0.3954,0.596,0.6767,0.5883,0.5153,0.3132,0.4853,0.2613,0.5294,0.3091,0.2058,0.1667,0.3676,
1.0,0.9984,0.9671,0.9655,0.9693,0.9968,0.9943,0.9885,0.9819,0.9285,0.73,0.929,0.9099,0.8308,0.7873,0.8581,0.6697,0.8157,0.9387,0.782,0.6078,0.9501,0.7268,0.6152,0.6063,0.6049,0.8532,0.5542,0.6243,0.7826,0.4981,0.5376,0.3822,0.5934,0.6706,0.5832,0.5199,0.3045,0.481,0.2586,0.5205,0.3107,0.2029,0.1585,0.351,
1.0,0.9993,0.9719,0.9712,0.9688,0.9962,0.9946,0.9893,0.983,0.9239,0.7351,0.9353,0.9065,0.8401,0.8013,0.8598,0.6819,0.8253,0.9408,0.7799,0.6122,0.9523,0.7272,0.6253,0.6158,0.6178,0.8534,0.5674,0.6245,0.7821,0.5066,0.555,0.3805,0.5934,0.6861,0.5914,0.5248,0.3191,0.468,0.2598,0.5212,0.3083,0.2076,0.1576,0.3477,
1.0,0.9983,0.9679,0.9662,0.9722,0.9978,0.9953,0.9915,0.9848,0.9254,0.7458,0.9337,0.9123,0.8435,0.8068,0.86,0.6877,0.828,0.9368,0.7852,0.6195,0.9549,0.7319,0.6283,0.614,0.6212,0.8542,0.5649,0.6297,0.7909,0.5139,0.556,0.3965,0.5978,0.6765,0.5879,0.515,0.3209,0.4798,0.2668,0.5281,0.3227,0.2202,0.1724,0.3561,
1.0,0.9987,0.9664,0.9651,0.9692,0.998,0.9954,0.989,0.9842,0.9262,0.7382,0.9289,0.9096,0.8391,0.7998,0.8566,0.6811,0.8259,0.9439,0.7837,0.6219,0.9517,0.7314,0.6287,0.6111,0.6192,0.8555,0.5657,0.626,0.7799,0.5033,0.5517,0.3919,0.5873,0.676,0.5933,0.5314,0.3138,0.4732,0.269,0.5208,0.3062,0.2059,0.1666,0.3552,
1.0,0.9994,0.9691,0.9685,0.9664,0.9977,0.9961,0.9922,0.9873,0.9266,0.7391,0.9286,0.9117,0.8382,0.8017,0.8559,0.6858,0.825,0.939,0.7785,0.6118,0.9543,0.7246,0.6219,0.6087,0.613,0.8555,0.558,0.6231,0.7794,0.4942,0.546,0.3854,0.589,0.6747,0.584,0.5227,0.3112,0.4717,0.2688,0.5249,0.3047,0.2042,0.1654,0.3513,
1.0,0.9989,0.9694,0.9683,0.9723,0.9957,0.9931,0.9908,0.9856,0.9188,0.7367,0.9351,0.9015,0.8422,0.8079,0.8556,0.6896,0.8287,0.9394,0.7845,0.6097,0.9511,0.7188,0.6279,0.6074,0.6101,0.8567,0.5582,0.6199,0.777,0.4983,0.5431,0.3912,0.5999,0.6751,0.5795,0.5246,0.3163,0.4784,0.2642,0.5234,0.3136,0.2016,0.1612,0.3599,
1.0,0.9992,0.969,0.9682,0.9702,0.997,0.9953,0.9907,0.9848,0.9279,0.7319,0.9325,0.9112,0.8305,0.7942,0.8612,0.6813,0.8169,0.9398,0.7916,0.6072,0.9535,0.7273,0.619,0.6102,0.6065,0.8589,0.5556,0.6265,0.7892,0.5094,0.541,0.3909,0.5994,0.6774,0.5838,0.5207,0.3069,0.4893,0.2626,0.5309,0.3196,0.2092,0.1638,0.3564,
1.0,0.9991,0.967,0.9661,0.9699,0.9973,0.9956,0.9908,0.9857,0.9245,0.7407,0.9301,0.908,0.8429,0.8054,0.8553,0.6893,0.8294,0.9416,0.7831,0.6111,0.9508,0.7183,0.6229,0.6015,0.618,0.858,0.5733,0.6163,0.7873,0.5047,0.5577,0.3949,0.5961,0.6814,0.5792,0.5201,0.3197,0.4867,0.2588,0.5286,0.3161,0.2152,0.1654,0.3652,
1.0,0.9988,0.9685,0.9673,0.9703,0.9975,0.9947,0.9904,0.9843,0.9216,0.7385,0.9317,0.9052,0.8433,0.8032,0.8539,0.6863,0.8262,0.938,0.7772,0.6137,0.9507,0.7183,0.6273,0.6093,0.6142,0.8508,0.5651,0.6254,0.7775,0.4994,0.5537,0.3959,0.5954,0.6773,0.5815,0.5216,0.3149,0.4766,0.2674,0.527,0.3152,0.2142,0.1678,0.3563,
1.0,0.9994,0.9667,0.9661,0.9704,0.998,0.9961,0.9907,0.9835,0.9285,0.7395,0.9312,0.9132,0.8389,0.798,0.8613,0.6799,0.8244,0.9403,0.7848,0.6151,0.9555,0.7263,0.6239,0.6013,0.6177,0.8555,0.5689,0.6224,0.7872,0.5134,0.5516,0.3823,0.5883,0.6779,0.584,0.5226,0.318,0.4784,0.2623,0.527,0.3173,0.2185,0.1636,0.3516,
1.0,0.9987,0.9659,0.9646,0.9703,0.9969,0.994,0.9902,0.9851,0.9261,0.7417,0.9304,0.9104,0.8423,0.8043,0.8584,0.6859,0.8281,0.9386,0.7855,0.6129,0.9494,0.7251,0.6215,0.6058,0.6184,0.8575,0.5714,0.621,0.7825,0.4923,0.5521,0.3787,0.5833,0.6705,0.5765,0.5172,0.3111,0.4708,0.2626,0.5262,0.3048,0.2011,0.159,0.3487,
1.0,0.9995,0.9683,0.9678,0.9736,0.997,0.9952,0.9902,0.9849,0.9217,0.7397,0.9354,0.9043,0.8386,0.8009,0.8582,0.6812,0.8264,0.9395,0.781,0.6056,0.9511,0.7179,0.6238,0.6104,0.6157,0.8524,0.5595,0.6212,0.7789,0.503,0.5473,0.3951,0.5915,0.6753,0.5775,0.5177,0.3177,0.4807,0.2617,0.5294,0.3175,0.2136,0.1702,0.3551,
1.0,0.9983,0.9704,0.9687,0.9718,0.9973,0.9947,0.9912,0.9857,0.9238,0.7412,0.9347,0.9081,0.8397,0.8023,0.8589,0.6849,0.8258,0.9399,0.7803,0.609,0.9534,0.7192,0.6256,0.6055,0.6177,0.8519,0.5623,0.6207,0.7851,0.5079,0.5538,0.3911,0.5946,0.6801,0.5798,0.5152,0.317,0.4846,0.2574,0.5315,0.3205,0.209,0.167,0.3599,
1.0,0.9991,0.9693,0.9684,0.9687,0.9974,0.9955,0.9907,0.9866,0.9289,0.7379,0.9309,0.9122,0.8355,0.7987,0.8598,0.6834,0.8248,0.942,0.786,0.615,0.9527,0.7277,0.6231,0.6136,0.6189,0.8551,0.5672,0.6244,0.7849,0.5082,0.5498,0.3982,0.5967,0.6677,0.589,0.5136,0.3126,0.4825,0.2602,0.5191,0.3088,0.2081,0.1646,0.3491,
1.0,0.9983,0.9688,0.9671,0.969,0.9979,0.9953,0.9894,0.9829,0.9255,0.731,0.931,0.91,0.8355,0.7959,0.8581,0.6774,0.8219,0.9416,0.783,0.6058,0.9528,0.717,0.6171,0.6009,0.6126,0.8538,0.5631,0.6223,0.7814,0.5046,0.5502,0.374,0.5899,0.6814,0.5823,0.5278,0.3152,0.4723,0.2568,0.524,0.3146,0.214,0.1575,0.3486,
1.0,0.9987,0.9681,0.9668,0.9728,0.9972,0.9949,0.9887,0.9843,0.9219,0.7397,0.9345,0.9047,0.8428,0.8044,0.8577,0.6877,0.8305,0.9429,0.7831,0.6143,0.9507,0.7201,0.6322,0.611,0.6174,0.8558,0.5683,0.6249,0.7819,0.5066,0.5602,0.3906,0.5996,0.6832,0.5828,0.5255,0.3184,0.4854,0.2675,0.5299,0.3178,0.2074,0.1671,0.3634,
1.0,0.9991,0.9668,0.9659,0.9687,0.997,0.9951,0.9906,0.9853,0.9252,0.7385,0.9292,0.909,0.8418,0.804,0.8557,0.6892,0.8288,0.9412,0.7845,0.6113,0.9569,0.7235,0.623,0.6034,0.6154,0.8572,0.5711,0.6205,0.7812,0.5033,0.5534,0.3741,0.5933,0.677,0.5903,0.528,0.3152,0.4842,0.2643,0.5257,0.3092,0.2059,0.1611,0.3575,
1.0,0.9994,0.9704,0.9698,0.9718,0.9972,0.9959,0.9917,0.9848,0.9253,0.736,0.9375,0.9115,0.8366,0.7981,0.8651,0.6838,0.8226,0.9407,0.7884,0.6045,0.956,0.7217,0.6209,0.6053,0.6119,0.8614,0.5699,0.6216,0.7876,0.5065,0.5554,0.3841,0.5973,0.6777,0.5765,0.5272,0.3126,0.4831,0.2558,0.5226,0.3173,0.2078,0.1636,0.3569,
1.0,0.9992,0.9698,0.969,0.9677,0.9978,0.9963,0.9899,0.9832,0.9195,0.7305,0.932,0.9044,0.8397,0.799,0.8523,0.6802,0.8273,0.938,0.7719,0.6034,0.9525,0.7155,0.6198,0.5955,0.6034,0.8508,0.5566,0.6139,0.7732,0.4994,0.5497,0.381,0.5907,0.6719,0.5695,0.5102,0.3142,0.4727,0.2541,0.5209,0.3041,0.2038,0.1574,0.3437,
1.0,0.9988,0.9713,0.9701,0.9719,0.998,0.9959,0.9898,0.9846,0.9268,0.7429,0.9362,0.9104,0.8418,0.8042,0.8646,0.6934,0.829,0.9415,0.791,0.6161,0.9551,0.7245,0.6291,0.616,0.6212,0.8563,0.5686,0.6257,0.7886,0.515,0.5553,0.3981,0.6037,0.6797,0.5911,0.5235,0.3186,0.4886,0.2647,0.5267,0.3228,0.2181,0.1685,0.3617,
1.0,0.9993,0.9676,0.9669,0.9706,0.9966,0.9949,0.9897,0.9835,0.9272,0.738,0.9317,0.909,0.8379,0.7984,0.8602,0.679,0.8245,0.9414,0.7853,0.6146,0.949,0.7292,0.626,0.6105,0.6189,0.8572,0.5664,0.6246,0.7885,0.516,0.5522,0.3924,0.5913,0.6747,0.5861,0.5207,0.3205,0.4752,0.2641,0.5201,0.3206,0.2099,0.1587,0.3451,
1.0,0.9985,0.968,0.9665,0.9679,0.9974,0.9943,0.9902,0.9855,0.9265,0.7334,0.9287,0.9104,0.837,0.799,0.856,0.6825,0.8232,0.9368,0.7821,0.6061,0.9557,0.7232,0.6123,0.5968,0.6054,0.8544,0.5615,0.6216,0.7853,0.5092,0.5481,0.3764,0.594,0.6807,0.583,0.5236,0.3115,0.4773,0.2579,0.5237,0.3135,0.2109,0.1622,0.3585,
1.0,0.9985,0.9686,0.9671,0.9714,0.9971,0.9946,0.9898,0.9838,0.9214,0.7323,0.9336,0.9054,0.8364,0.7951,0.8559,0.6785,0.8212,0.9429,0.779,0.6073,0.9511,0.7201,0.6212,0.6113,0.6146,0.8566,0.5667,0.622,0.7807,0.4963,0.5523,0.3906,0.5963,0.6755,0.5831,0.5236,0.3164,0.4774,0.2547,0.514,0.305,0.1999,0.1636,0.3459,
1.0,0.9986,0.9664,0.965,0.9705,0.9978,0.9958,0.991,0.9848,0.9242,0.7413,0.9304,0.9098,0.8426,0.8052,0.8569,0.6911,0.8286,0.9343,0.789,0.6058,0.9523,0.7196,0.6149,0.5965,0.6118,0.8643,0.5681,0.6183,0.7845,0.5017,0.5453,0.3809,0.5849,0.6713,0.572,0.5179,0.3123,0.4785,0.2583,0.5324,0.3113,0.2065,0.158,0.3549,
1.0,0.9987,0.9688,0.9675,0.9686,0.9975,0.995,0.9903,0.9861,0.9218,0.7301,0.9302,0.9058,0.8352,0.7969,0.8531,0.6815,0.8219,0.9374,0.7791,0.6034,0.9512,0.7164,0.6155,0.5977,0.6019,0.8532,0.5566,0.6168,0.7767,0.5031,0.5445,0.3936,0.5861,0.6757,0.574,0.5127,0.3102,0.475,0.2543,0.5278,0.3067,0.2086,0.1631,0.3468,
1.0,0.9991,0.9654,0.9645,0.9707,0.9981,0.9964,0.9906,0.9855,0.9223,0.7424,0.929,0.9064,0.8437,0.8061,0.8528,0.6865,0.8303,0.9405,0.781,0.6145,0.952,0.7169,0.6247,0.6008,0.62,0.8536,0.5704,0.6172,0.7823,0.501,0.5501,0.3881,0.5864,0.6754,0.5796,0.5213,0.313,0.474,0.2668,0.5242,0.3083,0.2079,0.1627,0.3573,
1.0,0.9988,0.9681,0.9669,0.9709,0.997,0.9949,0.991,0.9843,0.9222,0.7395,0.9329,0.9068,0.8428,0.8028,0.8561,0.6885,0.8275,0.9403,0.7866,0.6223,0.9504,0.7258,0.6327,0.6126,0.6182,0.8611,0.575,0.6237,0.7812,0.5032,0.5613,0.3912,0.5881,0.6751,0.5861,0.5213,0.3181,0.4787,0.2664,0.5284,0.3046,0.2092,0.1723,0.3585,
1.0,0.9985,0.9683,0.9668,0.9704,0.9982,0.9959,0.9903,0.9844,0.926,0.7373,0.9319,0.9111,0.8385,0.8006,0.8592,0.6869,0.8247,0.94,0.7885,0.6143,0.9535,0.7277,0.6271,0.6096,0.6128,0.8585,0.558,0.6242,0.785,0.5036,0.5469,0.3928,0.5964,0.6794,0.5868,0.5268,0.3128,0.4855,0.2713,0.5293,0.3178,0.2134,0.1702,0.3587,
1.0,0.9984,0.963,0.9614,0.9686,0.9978,0.9951,0.9908,0.9858,0.9278,0.7359,0.926,0.9143,0.8349,0.8006,0.8543,0.6784,0.8214,0.9395,0.787,0.6059,0.9524,0.7211,0.6095,0.5907,0.6094,0.8562,0.559,0.6146,0.7855,0.5052,0.5353,0.3843,0.5854,0.667,0.5834,0.5155,0.3073,0.4835,0.2543,0.5213,0.311,0.2116,0.1622,0.3561,
1.0,0.9984,0.9678,0.9662,0.9698,0.9966,0.9942,0.9908,0.9841,0.9223,0.7348,0.9305,0.9062,0.8396,0.7995,0.8548,0.6834,0.8255,0.9401,0.7822,0.6097,0.9536,0.723,0.6225,0.612,0.614,0.8585,0.569,0.6268,0.7804,0.5046,0.5541,0.392,0.5997,0.6791,0.5838,0.5221,0.3162,0.4915,0.2648,0.5385,0.3171,0.2072,0.1661,0.3614,
1.0,0.9987,0.9704,0.9691,0.9722,0.9972,0.9948,0.9896,0.9843,0.9218,0.7394,0.9356,0.9052,0.8422,0.8024,0.8597,0.6918,0.8271,0.9379,0.7855,0.6153,0.9508,0.7286,0.6307,0.6155,0.6151,0.8597,0.569,0.6259,0.7816,0.5001,0.5538,0.3942,0.5912,0.6722,0.5868,0.5316,0.3089,0.4812,0.2702,0.5262,0.3056,0.2099,0.1769,0.356,
1.0,0.9985,0.9693,0.9678,0.9696,0.9977,0.9951,0.9896,0.9846,0.9216,0.7386,0.9305,0.9045,0.8446,0.8046,0.8519,0.6931,0.8316,0.9419,0.7799,0.6079,0.954,0.7186,0.6241,0.6061,0.6192,0.8573,0.5713,0.6115,0.7832,0.5008,0.5555,0.3876,0.5963,0.6754,0.5807,0.5216,0.317,0.4806,0.2544,0.5278,0.3132,0.201,0.1625,0.3621,
1.0,0.9988,0.9683,0.9671,0.9696,0.9968,0.9942,0.9895,0.9842,0.9208,0.7313,0.9308,0.9026,0.8372,0.796,0.8524,0.6787,0.8226,0.938,0.7773,0.6038,0.9503,0.7203,0.6193,0.6089,0.6079,0.8567,0.5644,0.6148,0.7804,0.4974,0.5531,0.3861,0.5925,0.6765,0.5779,0.5154,0.3142,0.4805,0.2531,0.5226,0.3127,0.2012,0.1575,0.3493,
1.0,0.9988,0.9661,0.9649,0.9686,0.9981,0.9959,0.9902,0.9851,0.9268,0.7392,0.9269,0.9107,0.8417,0.8034,0.8551,0.6906,0.8281,0.9391,0.7864,0.6105,0.9518,0.7241,0.6168,0.6042,0.617,0.8604,0.5656,0.619,0.7867,0.505,0.5522,0.3908,0.5883,0.6722,0.5839,0.5163,0.3198,0.4732,0.2605,0.5293,0.3092,0.2029,0.1606,0.3541,
1.0,0.9989,0.9658,0.9647,0.9696,0.9984,0.9966,0.9912,0.9867,0.9208,0.7326,0.9287,0.9058,0.8371,0.7984,0.8504,0.6833,0.8248,0.9432,0.7801,0.6072,0.9521,0.7156,0.6203,0.6001,0.6048,0.8571,0.5627,0.6182,0.7764,0.5015,0.5468,0.384,0.5858,0.6807,0.5817,0.5295,0.3176,0.4763,0.2676,0.5229,0.3076,0.21,0.1653,0.3547,
1.0,0.999,0.9685,0.9675,0.9705,0.9973,0.9952,0.9912,0.9851,0.9236,0.7418,0.9316,0.9074,0.8443,0.8037,0.8563,0.6917,0.8307,0.9379,0.7849,0.6095,0.9555,0.7228,0.6221,0.6069,0.6158,0.8586,0.5772,0.6229,0.7883,0.5048,0.5622,0.3883,0.5977,0.6806,0.5783,0.5157,0.3186,0.4875,0.2644,0.5307,0.3164,0.2149,0.1617,0.3694,
1.0,0.9995,0.9681,0.9676,0.9732,0.998,0.996,0.9898,0.9846,0.925,0.7386,0.9355,0.9091,0.8361,0.7976,0.8614,0.6805,0.8229,0.9421,0.7851,0.6127,0.9508,0.7216,0.6244,0.6084,0.6156,0.855,0.5699,0.6225,0.7891,0.5037,0.5584,0.3854,0.5916,0.6781,0.5795,0.519,0.3159,0.4773,0.26,0.5269,0.3093,0.2116,0.1656,0.3503,
1.0,0.9992,0.9691,0.9683,0.9721,0.9979,0.9961,0.9916,0.9867,0.9203,0.7389,0.9348,0.9053,0.8412,0.8061,0.8564,0.691,0.8313,0.9444,0.7831,0.6114,0.9573,0.7245,0.6297,0.612,0.617,0.8594,0.5679,0.6218,0.7859,0.5051,0.5553,0.3875,0.5937,0.6787,0.5768,0.5193,0.3243,0.4723,0.2552,0.5257,0.3108,0.2108,0.1635,0.3585,
1.0,0.9994,0.9663,0.9657,0.9702,0.9977,0.9965,0.9921,0.9854,0.9245,0.7379,0.931,0.9105,0.8406,0.8025,0.857,0.6829,0.8259,0.9406,0.7826,0.6148,0.9526,0.7246,0.6233,0.6059,0.6161,0.8576,0.569,0.6249,0.7818,0.5031,0.5558,0.3946,0.5946,0.6789,0.5864,0.5201,0.32,0.4752,0.2664,0.5241,0.3093,0.2145,0.1683,0.358,
1.0,0.9987,0.9709,0.9696,0.97,0.9967,0.9942,0.9908,0.9852,0.9214,0.7326,0.9336,0.9049,0.8378,0.7994,0.8557,0.6856,0.8242,0.9411,0.7799,0.6028,0.954,0.7156,0.6206,0.6066,0.6093,0.8531,0.565,0.6154,0.7782,0.4993,0.5539,0.3809,0.5905,0.6818,0.5793,0.5206,0.3074,0.4801,0.2571,0.5295,0.3075,0.2025,0.1635,0.3539,
1.0,0.9995,0.9656,0.9651,0.9691,0.9978,0.9964,0.9909,0.9848,0.9294,0.7391,0.9286,0.9133,0.8395,0.7975,0.8596,0.6791,0.8265,0.9421,0.7835,0.6156,0.9511,0.7263,0.6246,0.5993,0.6126,0.856,0.569,0.6223,0.7819,0.501,0.547,0.3825,0.5846,0.6707,0.5801,0.5152,0.3109,0.4781,0.2578,0.5258,0.3032,0.2069,0.1588,0.3558,
1.0,0.9989,0.9667,0.9656,0.9698,0.9972,0.9954,0.9898,0.9842,0.9233,0.7284,0.9296,0.9058,0.8324,0.7974,0.8545,0.6814,0.8201,0.9406,0.7857,0.6031,0.9532,0.7182,0.6162,0.5985,0.6083,0.8539,0.5559,0.6186,0.7791,0.4995,0.5405,0.3822,0.5891,0.6764,0.58,0.5225,0.3011,0.4784,0.2597,0.5299,0.3086,0.2101,0.1591,0.3557,
1.0,0.9988,0.9641,0.9629,0.9687,0.9978,0.9959,0.9915,0.9832,0.9247,0.731,0.9262,0.9103,0.8367,0.7972,0.8535,0.681,0.8198,0.9354,0.786,0.6099,0.955,0.7239,0.618,0.5971,0.6056,0.8596,0.5621,0.6165,0.7863,0.5097,0.5383,0.3826,0.589,0.6721,0.585,0.5231,0.3155,0.4844,0.26,0.5271,0.3184,0.2074,0.1633,0.3539,
1.0,0.9991,0.9666,0.9657,0.9684,0.9974,0.9956,0.9907,0.9861,0.9214,0.7378,0.9296,0.9063,0.8421,0.8026,0.8524,0.6817,0.8306,0.9398,0.7744,0.6125,0.9546,0.7244,0.6225,0.608,0.6089,0.8534,0.5632,0.6274,0.7749,0.5022,0.5471,0.3967,0.6009,0.6781,0.5857,0.5252,0.3193,0.4855,0.271,0.5242,0.3135,0.207,0.1694,0.3605,
1.0,0.9981,0.9691,0.9672,0.9702,0.9972,0.9938,0.9901,0.9849,0.9247,0.7386,0.9319,0.909,0.8394,0.8011,0.8575,0.6848,0.826,0.9384,0.7833,0.6135,0.9556,0.7294,0.6258,0.6173,0.6114,0.8542,0.565,0.6343,0.7839,0.5081,0.5525,0.3905,0.6052,0.6849,0.595,0.5216,0.3142,0.4877,0.269,0.5298,0.3269,0.2164,0.1639,0.3624,
1.0,0.9992,0.9719,0.9711,0.969,0.998,0.9966,0.99,0.9833,0.9206,0.7352,0.9344,0.9042,0.8449,0.8047,0.8557,0.6926,0.8303,0.9416,0.7805,0.6168,0.9504,0.7187,0.634,0.6087,0.6164,0.8586,0.571,0.62,0.7761,0.5004,0.5593,0.3965,0.5918,0.683,0.5793,0.5128,0.3186,0.4758,0.2538,0.5287,0.3101,0.2097,0.1607,0.3502,
1.0,0.999,0.9716,0.9706,0.9702,0.9976,0.9962,0.9919,0.9854,0.9222,0.7416,0.9354,0.9075,0.8469,0.8077,0.8585,0.6928,0.8349,0.9414,0.7804,0.6212,0.9561,0.7292,0.6393,0.6113,0.6179,0.8608,0.5739,0.6231,0.7819,0.4981,0.5625,0.3959,0.5931,0.6717,0.5805,0.5143,0.3191,0.4845,0.2642,0.5305,0.3092,0.209,0.1636,0.3537,
1.0,0.999,0.9641,0.9631,0.9697,0.998,0.9958,0.9911,0.9851,0.9227,0.7335,0.9286,0.9093,0.8371,0.803,0.8537,0.6806,0.8236,0.9456,0.7828,0.6157,0.9546,0.7268,0.6253,0.6059,0.6151,0.8608,0.5686,0.6236,0.7871,0.5162,0.5501,0.3915,0.5983,0.6795,0.5904,0.5251,0.3215,0.4848,0.262,0.5241,0.3225,0.2146,0.1626,0.3526,
1.0,0.9987,0.969,0.9677,0.9694,0.9972,0.995,0.9902,0.9848,0.9207,0.7357,0.9304,0.9031,0.8431,0.8016,0.8529,0.6859,0.83,0.939,0.7753,0.6076,0.9541,0.7203,0.6221,0.6133,0.6122,0.8573,0.5718,0.6209,0.7796,0.4973,0.5598,0.3913,0.5984,0.6801,0.5753,0.5124,0.3156,0.4883,0.2559,0.5315,0.3128,0.2084,0.1648,0.3644,
1.0,0.9986,0.9686,0.9672,0.9683,0.9972,0.9952,0.9914,0.9855,0.9208,0.7387,0.9293,0.9052,0.8453,0.8076,0.8513,0.6974,0.8314,0.9411,0.7822,0.6153,0.9516,0.7175,0.6255,0.6025,0.6166,0.8621,0.5766,0.6119,0.7805,0.4989,0.5535,0.3928,0.5895,0.664,0.5765,0.5179,0.3233,0.4804,0.2572,0.5174,0.304,0.199,0.1638,0.3579,
1.0,0.9987,0.9678,0.9665,0.969,0.9974,0.9952,0.9911,0.9852,0.9244,0.7461,0.9305,0.9098,0.8482,0.8097,0.8563,0.6947,0.8342,0.9422,0.7844,0.6176,0.9543,0.72,0.6276,0.6014,0.6258,0.8562,0.5749,0.6131,0.7811,0.5011,0.5588,0.3925,0.5858,0.6737,0.5801,0.522,0.3146,0.4729,0.2508,0.5219,0.3048,0.2085,0.1626,0.3556,
1.0,0.9989,0.9663,0.9652,0.9702,0.9971,0.9949,0.9908,0.986,0.9251,0.7493,0.9292,0.9087,0.8516,0.8132,0.8558,0.6989,0.8398,0.9434,0.7837,0.6257,0.9513,0.725,0.6357,0.6089,0.6275,0.8566,0.5799,0.6238,0.7803,0.5086,0.5603,0.3888,0.5856,0.6777,0.5815,0.5208,0.3288,0.4753,0.2729,0.5296,0.3025,0.2088,0.1701,0.3594,
1.0,0.9988,0.9701,0.9689,0.9704,0.9976,0.9958,0.9905,0.9851,0.9259,0.742,0.9328,0.9088,0.8426,0.8037,0.8598,0.6908,0.8301,0.9425,0.7824,0.6196,0.9553,0.733,0.6344,0.6201,0.6201,0.8566,0.5749,0.6344,0.7846,0.5091,0.5614,0.3959,0.5993,0.6867,0.596,0.5283,0.3163,0.4876,0.272,0.5309,0.3157,0.2122,0.1727,0.3597,
1.0,0.9992,0.9688,0.968,0.9706,0.9962,0.9944,0.991,0.9853,0.9223,0.7395,0.9329,0.9053,0.8418,0.8047,0.8552,0.6828,0.8275,0.9378,0.7786,0.6121,0.9539,0.7233,0.6279,0.6068,0.6138,0.85,0.5626,0.6167,0.783,0.5079,0.5475,0.3897,0.5847,0.6724,0.5837,0.5203,0.317,0.4726,0.2581,0.5134,0.3156,0.2107,0.1693,0.355,
1.0,0.9984,0.9657,0.9641,0.9649,0.9976,0.9952,0.9903,0.985,0.9249,0.7345,0.9244,0.9099,0.8415,0.8032,0.8518,0.6848,0.8281,0.9411,0.7791,0.6078,0.9523,0.7211,0.6123,0.6005,0.6098,0.861,0.5715,0.6178,0.783,0.5026,0.5566,0.379,0.5918,0.6792,0.5812,0.524,0.3245,0.4833,0.2646,0.5304,0.3082,0.2125,0.1608,0.3525,
1.0,0.9987,0.9662,0.9649,0.9694,0.9959,0.9936,0.9906,0.9854,0.9234,0.7395,0.9287,0.9066,0.8424,0.8063,0.8539,0.6887,0.8296,0.9415,0.7842,0.6129,0.9525,0.724,0.6223,0.6059,0.623,0.8605,0.5713,0.6176,0.7796,0.4953,0.5555,0.3808,0.5821,0.6793,0.5793,0.524,0.3143,0.4847,0.2631,0.5298,0.3007,0.2033,0.1635,0.36,
1.0,0.999,0.9678,0.9668,0.9707,0.997,0.9946,0.9905,0.9851,0.9241,0.737,0.9316,0.9076,0.838,0.7987,0.8566,0.681,0.8238,0.9377,0.7819,0.609,0.9518,0.723,0.6238,0.6045,0.6095,0.8533,0.5565,0.6249,0.7816,0.4995,0.544,0.3859,0.5899,0.6773,0.5804,0.5118,0.3072,0.4822,0.2559,0.5285,0.3074,0.2103,0.1594,0.3599,
1.0,0.9988,0.9674,0.9662,0.9691,0.997,0.9947,0.9901,0.9843,0.9199,0.7344,0.9301,0.9037,0.8398,0.7988,0.8515,0.6788,0.8256,0.9451,0.7742,0.613,0.951,0.7178,0.625,0.6037,0.6168,0.8534,0.5722,0.6147,0.7739,0.4983,0.5568,0.389,0.5907,0.6765,0.5791,0.5225,0.3115,0.4843,0.2588,0.5185,0.3026,0.1997,0.1639,0.3512,
1.0,0.9993,0.9664,0.9657,0.9708,0.997,0.9957,0.9907,0.9855,0.923,0.734,0.9313,0.907,0.8346,0.7961,0.856,0.6788,0.8217,0.942,0.7826,0.6096,0.9514,0.7251,0.6213,0.6066,0.6092,0.8591,0.5647,0.6208,0.7831,0.5057,0.5419,0.3884,0.5896,0.672,0.5848,0.5178,0.3082,0.4869,0.2571,0.5268,0.3114,0.2007,0.161,0.3547,
1.0,0.9986,0.9695,0.9681,0.97,0.9978,0.9958,0.9896,0.9847,0.9209,0.734,0.9335,0.9052,0.8376,0.7994,0.8557,0.684,0.8254,0.938,0.7804,0.608,0.9514,0.7207,0.6202,0.6083,0.6146,0.8573,0.5678,0.6103,0.7789,0.4937,0.5504,0.3942,0.5838,0.6699,0.5702,0.524,0.3115,0.4754,0.2572,0.5262,0.3014,0.2011,0.1668,0.352,
1.0,0.9991,0.9671,0.9662,0.9671,0.9965,0.9946,0.9899,0.984,0.922,0.7282,0.9288,0.9054,0.8389,0.7995,0.8524,0.6835,0.8258,0.9431,0.785,0.6142,0.9509,0.7262,0.6225,0.6093,0.6093,0.8606,0.5715,0.6229,0.7767,0.5033,0.5427,0.3896,0.5931,0.6689,0.5846,0.5126,0.3141,0.4852,0.2517,0.5224,0.3153,0.2001,0.1522,0.3605,
1.0,0.9986,0.9663,0.9649,0.9705,0.9973,0.9948,0.9911,0.9854,0.9268,0.7441,0.9302,0.9111,0.8422,0.8028,0.8589,0.6879,0.8281,0.941,0.7878,0.6179,0.9524,0.7257,0.6256,0.6077,0.6255,0.8616,0.5781,0.6226,0.7868,0.5033,0.5591,0.3863,0.5785,0.6743,0.5867,0.5281,0.3163,0.4753,0.2666,0.5271,0.3099,0.2127,0.1652,0.3553,
1.0,0.9992,0.9704,0.9696,0.9698,0.9981,0.996,0.9897,0.9844,0.9192,0.73,0.9339,0.9034,0.836,0.7984,0.8541,0.6863,0.8225,0.9419,0.7821,0.6068,0.9554,0.7221,0.6256,0.6141,0.6092,0.8619,0.566,0.6201,0.778,0.4986,0.5446,0.3865,0.5963,0.6793,0.5816,0.5301,0.3087,0.4903,0.2596,0.5273,0.3088,0.2027,0.1685,0.3504,
1.0,0.9994,0.9648,0.9642,0.9713,0.998,0.9965,0.9917,0.9861,0.9257,0.7417,0.93,0.9109,0.8413,0.8057,0.8579,0.6868,0.8284,0.9444,0.787,0.6136,0.9547,0.7224,0.6258,0.5994,0.6239,0.8576,0.5755,0.6158,0.7876,0.5113,0.5584,0.3918,0.5867,0.6764,0.5853,0.5224,0.3275,0.4822,0.2621,0.5223,0.3161,0.2158,0.1665,0.359,
1.0,0.9988,0.9703,0.9691,0.9708,0.9975,0.9954,0.9905,0.9851,0.9221,0.7398,0.9346,0.9067,0.844,0.8061,0.8575,0.6932,0.8306,0.9385,0.7838,0.6115,0.9488,0.7187,0.6243,0.6056,0.6197,0.8582,0.5748,0.6217,0.7779,0.5018,0.5633,0.3846,0.5825,0.6799,0.5745,0.5228,0.3162,0.4749,0.2683,0.5384,0.3046,0.2126,0.1612,0.3502,
1.0,0.999,0.9671,0.9661,0.9695,0.9975,0.9954,0.9912,0.9852,0.9246,0.7339,0.9295,0.9085,0.8347,0.7958,0.8568,0.6767,0.8203,0.9418,0.7801,0.6036,0.9529,0.7184,0.6131,0.5974,0.6119,0.8556,0.5629,0.6158,0.7862,0.5061,0.5532,0.3829,0.5941,0.6779,0.5786,0.5183,0.3135,0.4737,0.2564,0.5169,0.3117,0.2139,0.157,0.3504,
1.0,0.9989,0.9677,0.9666,0.9684,0.998,0.9964,0.9904,0.984,0.9254,0.7365,0.9306,0.9106,0.8393,0.8012,0.8567,0.6843,0.8245,0.9395,0.7843,0.6145,0.949,0.7236,0.6222,0.609,0.6221,0.8571,0.5752,0.6187,0.7878,0.5069,0.5566,0.3939,0.5821,0.6706,0.58,0.5174,0.3191,0.475,0.2607,0.5224,0.3114,0.2112,0.1665,0.3474,
1.0,0.9996,0.9691,0.9687,0.9706,0.9973,0.9957,0.9931,0.9871,0.9248,0.7397,0.9338,0.9104,0.8395,0.803,0.86,0.6894,0.8246,0.9388,0.7857,0.6092,0.9546,0.7173,0.6214,0.6013,0.6141,0.8607,0.5662,0.6189,0.7833,0.5088,0.5536,0.3909,0.5981,0.6858,0.5827,0.5206,0.3132,0.4821,0.2614,0.5292,0.3199,0.2189,0.1559,0.3594,
1.0,0.9989,0.9679,0.9668,0.9655,0.9973,0.9951,0.9893,0.9836,0.9206,0.7328,0.9269,0.9037,0.8442,0.8059,0.849,0.6875,0.8299,0.9388,0.7782,0.6147,0.949,0.7158,0.6239,0.6019,0.6128,0.853,0.5744,0.6197,0.7739,0.4982,0.56,0.3874,0.5921,0.6761,0.5767,0.5159,0.3189,0.4764,0.2584,0.5224,0.3045,0.2013,0.1596,0.3537,
1.0,0.9981,0.9713,0.9694,0.9701,0.9973,0.9944,0.9892,0.985,0.9256,0.7398,0.9348,0.9091,0.8397,0.8026,0.8613,0.689,0.8279,0.9403,0.7859,0.6118,0.9509,0.7214,0.6249,0.6091,0.6172,0.8582,0.5676,0.6233,0.7841,0.5035,0.5506,0.3909,0.5927,0.6758,0.586,0.5202,0.3145,0.484,0.2612,0.5253,0.3187,0.2081,0.1579,0.358,
1.0,0.999,0.969,0.968,0.967,0.9979,0.9956,0.9904,0.9856,0.9266,0.732,0.9291,0.9103,0.8345,0.7993,0.8565,0.6825,0.8203,0.9411,0.7833,0.6066,0.9503,0.7214,0.619,0.6073,0.6146,0.8523,0.5645,0.6233,0.7845,0.5121,0.5522,0.3908,0.5834,0.6718,0.5856,0.5185,0.3179,0.469,0.2596,0.5142,0.3133,0.214,0.1593,0.3478,
1.0,0.9991,0.9709,0.97,0.973,0.9975,0.996,0.991,0.9848,0.9293,0.7419,0.9372,0.9132,0.8404,0.8009,0.8673,0.6866,0.8269,0.9407,0.7887,0.6206,0.9507,0.7301,0.6345,0.6123,0.6175,0.8569,0.5674,0.6269,0.7881,0.5126,0.5552,0.3918,0.5827,0.6742,0.5907,0.5201,0.3242,0.4712,0.2652,0.5257,0.3097,0.209,0.1694,0.3437,
1.0,0.998,0.9676,0.9656,0.9707,0.9973,0.9945,0.9892,0.9842,0.9238,0.7319,0.9299,0.9063,0.8343,0.795,0.855,0.6753,0.8235,0.9421,0.7787,0.6089,0.9543,0.7254,0.6215,0.612,0.6121,0.8494,0.5611,0.6245,0.7827,0.5045,0.5505,0.3851,0.5932,0.6795,0.5844,0.5215,0.3123,0.4784,0.2625,0.5231,0.3073,0.2098,0.1699,0.3548,
1.0,0.9989,0.9664,0.9653,0.9679,0.9968,0.9952,0.9917,0.986,0.9243,0.7389,0.9272,0.9081,0.8413,0.8047,0.8523,0.6889,0.8284,0.9416,0.7825,0.611,0.9537,0.7175,0.6204,0.597,0.6169,0.855,0.568,0.6155,0.7803,0.5034,0.5553,0.3816,0.5905,0.6761,0.5809,0.5234,0.3162,0.4752,0.256,0.5237,0.3021,0.2024,0.1627,0.3542,
1.0,0.9984,0.9683,0.9667,0.9672,0.9969,0.9946,0.9892,0.9836,0.9254,0.7301,0.9293,0.9087,0.8349,0.7969,0.8551,0.6746,0.8228,0.9411,0.7803,0.6068,0.9545,0.7252,0.6175,0.602,0.6129,0.8497,0.5614,0.6141,0.7801,0.5016,0.5415,0.3898,0.5809,0.6637,0.5757,0.5155,0.3138,0.475,0.252,0.5111,0.3098,0.1956,0.1586,0.342,
1.0,0.999,0.9693,0.9683,0.9723,0.9974,0.9954,0.9911,0.9862,0.9257,0.742,0.9355,0.9108,0.8389,0.8034,0.8618,0.6854,0.8258,0.9421,0.7861,0.6145,0.9517,0.7231,0.6259,0.6075,0.6209,0.8534,0.5667,0.6224,0.7835,0.5073,0.5546,0.3949,0.5903,0.6838,0.5831,0.5224,0.3123,0.4735,0.2615,0.5251,0.3131,0.211,0.1689,0.3527,
1.0,0.9985,0.9711,0.9696,0.9706,0.9975,0.9946,0.9894,0.9833,0.9178,0.7357,0.9341,0.9008,0.8467,0.8079,0.8545,0.6952,0.8321,0.9371,0.7769,0.6083,0.9526,0.7163,0.6297,0.6087,0.6157,0.8555,0.5698,0.6196,0.7766,0.4953,0.5609,0.3914,0.5955,0.6799,0.5753,0.5191,0.3189,0.4734,0.2596,0.5275,0.3085,0.2076,0.1588,0.3612,
1.0,0.9988,0.971,0.9698,0.97,0.9974,0.9954,0.9906,0.9836,0.9219,0.7336,0.9339,0.9053,0.8376,0.7982,0.8569,0.6863,0.8234,0.9381,0.7828,0.6084,0.9525,0.7198,0.6241,0.6119,0.6108,0.857,0.5697,0.6225,0.7833,0.5072,0.552,0.4006,0.5973,0.6712,0.5752,0.5157,0.3188,0.4862,0.2628,0.5251,0.3117,0.211,0.1662,0.3578,
1.0,0.9988,0.9679,0.9667,0.968,0.9979,0.9955,0.9897,0.9845,0.9216,0.7382,0.93,0.9055,0.843,0.8038,0.8528,0.6899,0.8294,0.9422,0.7792,0.6207,0.9512,0.7206,0.6317,0.6065,0.6169,0.8535,0.5811,0.6266,0.778,0.5031,0.5628,0.3818,0.5898,0.6799,0.5918,0.5293,0.315,0.4781,0.2671,0.5295,0.3105,0.2098,0.1669,0.3588,
1.0,0.9997,0.97,0.9697,0.9671,0.9976,0.9959,0.9912,0.9852,0.9174,0.7271,0.9313,0.9014,0.8378,0.7964,0.8488,0.6871,0.8236,0.9427,0.7748,0.6078,0.9531,0.7154,0.6253,0.6068,0.6058,0.8598,0.5694,0.6145,0.7706,0.4881,0.5475,0.3862,0.5892,0.672,0.5796,0.5214,0.3115,0.4807,0.2542,0.5169,0.2993,0.2008,0.1631,0.3575,
1.0,0.9987,0.9643,0.963,0.9694,0.9974,0.9951,0.9917,0.985,0.9248,0.7324,0.926,0.9091,0.8368,0.799,0.8528,0.6809,0.823,0.9419,0.7843,0.6105,0.9562,0.7199,0.6154,0.6001,0.614,0.8596,0.5628,0.6146,0.7806,0.4978,0.5457,0.382,0.5896,0.6732,0.5768,0.528,0.3098,0.4794,0.2594,0.5233,0.3083,0.2091,0.1627,0.3527,
1.0,0.9991,0.9677,0.9668,0.9705,0.9978,0.9958,0.9895,0.9851,0.923,0.7344,0.9321,0.9066,0.8349,0.797,0.8567,0.6774,0.8218,0.9407,0.7815,0.6068,0.9495,0.7245,0.6235,0.6097,0.6117,0.8559,0.5588,0.6215,0.7814,0.508,0.5475,0.3914,0.5938,0.6829,0.5909,0.5282,0.3179,0.4818,0.2603,0.5274,0.317,0.2143,0.1693,0.3488,
1.0,0.9989,0.9663,0.9652,0.9694,0.9967,0.9946,0.9916,0.9863,0.9243,0.7351,0.929,0.9087,0.8357,0.7993,0.8542,0.6793,0.823,0.9422,0.7789,0.6118,0.9538,0.7257,0.6239,0.6063,0.6129,0.8525,0.5614,0.6227,0.7813,0.5036,0.5496,0.391,0.5907,0.6758,0.5857,0.5252,0.3189,0.4738,0.2662,0.524,0.3109,0.209,0.1674,0.3557,
1.0,0.9991,0.967,0.9661,0.9695,0.9967,0.9947,0.9908,0.9843,0.9249,0.7348,0.9302,0.9086,0.8366,0.7976,0.8567,0.68,0.8221,0.9348,0.7834,0.5998,0.954,0.7189,0.6076,0.6,0.6089,0.8549,0.5601,0.6114,0.7814,0.5047,0.5407,0.3877,0.5944,0.6691,0.5707,0.5085,0.3186,0.4832,0.2506,0.5209,0.3096,0.2006,0.1589,0.3475,
1.0,0.9986,0.966,0.9646,0.9699,0.9963,0.9947,0.9889,0.9829,0.922,0.7323,0.9292,0.9031,0.8382,0.7968,0.8521,0.6807,0.8265,0.9407,0.7816,0.6102,0.9491,0.7198,0.6224,0.6038,0.6125,0.8528,0.5634,0.6169,0.7755,0.4966,0.5467,0.3848,0.5884,0.6787,0.5797,0.5194,0.3149,0.4765,0.2645,0.5288,0.3083,0.206,0.1662,0.3556,
1.0,0.9992,0.9689,0.9681,0.9688,0.9966,0.9949,0.9906,0.985,0.9252,0.7353,0.9322,0.9088,0.8395,0.8035,0.8577,0.6863,0.8262,0.943,0.783,0.6146,0.9523,0.7239,0.6252,0.6053,0.6148,0.8537,0.5678,0.6231,0.7815,0.5043,0.5485,0.3897,0.594,0.671,0.5806,0.5214,0.316,0.4809,0.2592,0.5239,0.3102,0.2073,0.1638,0.3571,
1.0,0.9984,0.9682,0.9666,0.9698,0.9964,0.9939,0.9888,0.9827,0.9279,0.7333,0.931,0.9102,0.8339,0.7947,0.8604,0.6797,0.821,0.9408,0.7888,0.612,0.9504,0.7263,0.6193,0.6059,0.6148,0.8552,0.5633,0.6266,0.7879,0.5062,0.5476,0.3856,0.5935,0.6761,0.5868,0.511,0.3081,0.4822,0.261,0.527,0.3137,0.2077,0.1631,0.3508,
1.0,0.9992,0.9666,0.9658,0.9708,0.9968,0.9952,0.9901,0.9843,0.9256,0.7403,0.9299,0.907,0.8404,0.7981,0.8568,0.6814,0.8271,0.9401,0.7802,0.6132,0.9509,0.7247,0.6237,0.6081,0.616,0.8561,0.5674,0.6226,0.7794,0.5091,0.5478,0.3928,0.5948,0.6764,0.5858,0.5193,0.3159,0.4833,0.2647,0.5274,0.3181,0.2106,0.164,0.3535,
1.0,0.9983,0.968,0.9663,0.9705,0.9976,0.9947,0.9897,0.9839,0.9267,0.7362,0.9318,0.9117,0.8355,0.7973,0.8582,0.6787,0.8213,0.9398,0.7839,0.6127,0.954,0.7294,0.6216,0.6139,0.6171,0.8557,0.5627,0.6254,0.7873,0.5063,0.5486,0.3897,0.5942,0.6822,0.5928,0.5242,0.3126,0.4761,0.2654,0.5258,0.3168,0.2134,0.1679,0.3526,
1.0,0.9992,0.9698,0.969,0.9705,0.9974,0.9957,0.991,0.986,0.9264,0.7417,0.9332,0.9094,0.8417,0.8065,0.8611,0.6892,0.8268,0.9383,0.7877,0.6098,0.9504,0.7227,0.6253,0.6027,0.6152,0.8551,0.5585,0.6224,0.788,0.5128,0.5456,0.3935,0.5913,0.6683,0.5781,0.511,0.3164,0.4799,0.2562,0.513,0.3182,0.2139,0.1581,0.3586,
1.0,0.9988,0.9649,0.9637,0.9698,0.9975,0.9954,0.9896,0.9852,0.9235,0.7335,0.9291,0.9077,0.8368,0.8005,0.8545,0.6765,0.8245,0.944,0.7794,0.6123,0.9532,0.7303,0.6237,0.6106,0.6161,0.8526,0.5646,0.625,0.7812,0.511,0.5526,0.3912,0.5852,0.6791,0.5935,0.5222,0.3126,0.4864,0.2581,0.5273,0.3145,0.2126,0.1696,0.356,
1.0,0.9985,0.9671,0.9656,0.9697,0.9975,0.9948,0.9892,0.984,0.9226,0.7342,0.9302,0.9067,0.8401,0.8026,0.8551,0.682,0.8256,0.9386,0.7822,0.6059,0.955,0.7206,0.6168,0.6029,0.6146,0.8562,0.5608,0.6124,0.7811,0.5019,0.549,0.3796,0.5876,0.6712,0.5759,0.5167,0.3186,0.479,0.2524,0.5193,0.3024,0.202,0.1542,0.3536,
1.0,0.9994,0.9674,0.9668,0.9698,0.9971,0.9954,0.9917,0.986,0.9256,0.7396,0.9314,0.9104,0.8408,0.805,0.8591,0.6866,0.8256,0.9391,0.7843,0.6139,0.9515,0.7218,0.6252,0.6074,0.6204,0.8539,0.5701,0.6222,0.7852,0.5067,0.556,0.3911,0.5867,0.6784,0.5871,0.522,0.3177,0.474,0.2667,0.5197,0.3071,0.207,0.1673,0.3457,
1.0,0.999,0.9675,0.9665,0.9692,0.9968,0.9947,0.989,0.9837,0.9233,0.7407,0.9307,0.9059,0.8462,0.8064,0.8549,0.687,0.8324,0.9382,0.7799,0.6145,0.9465,0.7166,0.6273,0.5965,0.6163,0.8547,0.5711,0.6137,0.7768,0.4941,0.5494,0.3772,0.5795,0.6652,0.5744,0.5124,0.3081,0.4662,0.2539,0.5209,0.3001,0.1992,0.1557,0.3506,
1.0,0.9991,0.9696,0.9687,0.9683,0.9973,0.9961,0.9908,0.9838,0.9276,0.7362,0.9321,0.9121,0.8384,0.7959,0.8604,0.6814,0.8258,0.9407,0.7832,0.6163,0.9494,0.7286,0.6246,0.6107,0.6126,0.8597,0.5702,0.6298,0.7864,0.5073,0.556,0.3924,0.5944,0.6767,0.587,0.522,0.3221,0.4811,0.2706,0.5244,0.3179,0.2161,0.1637,0.3574,
1.0,0.9988,0.9662,0.965,0.9689,0.9968,0.9949,0.9907,0.9833,0.9188,0.7251,0.9286,0.903,0.836,0.7984,0.849,0.6783,0.8227,0.9436,0.778,0.6094,0.9542,0.7205,0.625,0.6036,0.6069,0.8546,0.5655,0.6172,0.7779,0.5069,0.5511,0.384,0.5876,0.6719,0.582,0.5281,0.3057,0.478,0.2613,0.5223,0.3138,0.2061,0.1637,0.3558,
1.0,0.9985,0.9662,0.9647,0.9693,0.998,0.995,0.9895,0.9843,0.9265,0.7355,0.9285,0.9104,0.8356,0.7975,0.8563,0.6782,0.8208,0.9414,0.7817,0.6099,0.9525,0.724,0.6173,0.6048,0.6166,0.8535,0.56,0.6186,0.7813,0.5002,0.5474,0.385,0.5898,0.6819,0.5861,0.5299,0.3103,0.4811,0.2603,0.525,0.3055,0.2136,0.166,0.352,
1.0,0.9991,0.9682,0.9673,0.9711,0.9966,0.9946,0.9913,0.986,0.9263,0.74,0.9335,0.9098,0.8397,0.8035,0.8608,0.6878,0.8271,0.9409,0.7867,0.6156,0.952,0.7252,0.6271,0.6087,0.614,0.8568,0.5656,0.6229,0.7839,0.5041,0.5448,0.3824,0.5822,0.6745,0.5864,0.5196,0.3135,0.4778,0.263,0.5208,0.3119,0.2072,0.1631,0.3503,
1.0,0.9989,0.9694,0.9683,0.9689,0.9973,0.9954,0.9907,0.9856,0.9209,0.732,0.9307,0.9036,0.8388,0.8008,0.8534,0.6828,0.8261,0.9416,0.7752,0.607,0.952,0.716,0.6249,0.6015,0.6095,0.8481,0.559,0.6129,0.7735,0.5008,0.5481,0.3904,0.5836,0.6678,0.5726,0.5141,0.3151,0.4693,0.2542,0.5108,0.3026,0.2016,0.1629,0.3439,
1.0,0.9989,0.968,0.9669,0.97,0.9978,0.9956,0.9904,0.9835,0.9197,0.7357,0.9317,0.9045,0.8414,0.8021,0.8517,0.6876,0.8268,0.9381,0.779,0.6081,0.9543,0.7123,0.6222,0.5996,0.6204,0.8543,0.5718,0.6093,0.7796,0.5004,0.5584,0.3802,0.5834,0.6786,0.5721,0.5228,0.3138,0.4716,0.257,0.5363,0.3036,0.207,0.1615,0.3485,
1.0,0.9983,0.9674,0.9657,0.9689,0.9975,0.9943,0.9891,0.9848,0.9284,0.7407,0.929,0.9115,0.841,0.8022,0.8583,0.6864,0.8285,0.9416,0.7859,0.6192,0.9547,0.7317,0.6265,0.6166,0.6226,0.8556,0.5777,0.6321,0.7839,0.5057,0.5611,0.3917,0.5934,0.6789,0.5903,0.5257,0.3212,0.4818,0.2741,0.5258,0.3154,0.2123,0.1746,0.3624,
1.0,0.999,0.9667,0.9657,0.9727,0.997,0.995,0.9897,0.9848,0.9198,0.7361,0.933,0.9031,0.8385,0.8011,0.8543,0.6802,0.8256,0.9401,0.7795,0.6047,0.9483,0.7128,0.618,0.6005,0.6123,0.8532,0.5592,0.6126,0.7813,0.5056,0.5444,0.3859,0.5921,0.6734,0.5765,0.5192,0.3128,0.4763,0.2553,0.5177,0.3143,0.209,0.1671,0.3451,
1.0,0.9987,0.965,0.9637,0.9698,0.997,0.9945,0.9903,0.9858,0.9237,0.7334,0.9278,0.9069,0.8365,0.7995,0.8521,0.6798,0.8247,0.9406,0.7815,0.6057,0.9554,0.7204,0.6146,0.6051,0.6101,0.856,0.5575,0.6185,0.778,0.5017,0.5446,0.3866,0.5952,0.6724,0.5802,0.5166,0.3144,0.479,0.253,0.5174,0.3146,0.2017,0.1521,0.3592,
1.0,0.9987,0.9663,0.965,0.9705,0.9979,0.9953,0.989,0.9849,0.9242,0.7388,0.9302,0.9073,0.8404,0.8021,0.8567,0.6861,0.8282,0.9408,0.7865,0.6122,0.952,0.7203,0.6206,0.5999,0.6135,0.8576,0.5687,0.6189,0.7839,0.5065,0.5515,0.3808,0.5961,0.6801,0.5852,0.5227,0.3101,0.4865,0.2666,0.5242,0.3183,0.2101,0.1603,0.3656,
1.0,0.999,0.9691,0.9681,0.9689,0.9965,0.9945,0.9915,0.9858,0.9197,0.7306,0.9312,0.9034,0.8369,0.8008,0.8523,0.6892,0.8244,0.9406,0.7824,0.6084,0.9562,0.7193,0.6237,0.608,0.6082,0.8564,0.5658,0.6177,0.779,0.5014,0.5468,0.387,0.5864,0.6696,0.5837,0.5203,0.3111,0.4803,0.2561,0.5223,0.3082,0.2035,0.1612,0.3566,
1.0,0.9988,0.9681,0.9669,0.9706,0.9977,0.9955,0.9898,0.9835,0.9225,0.734,0.9315,0.9064,0.8389,0.7991,0.8549,0.6841,0.8236,0.9447,0.7818,0.614,0.9513,0.7234,0.6282,0.6063,0.6179,0.8567,0.5679,0.6206,0.7818,0.5073,0.5554,0.3969,0.5926,0.6757,0.5841,0.5236,0.3177,0.4749,0.257,0.5213,0.3089,0.2002,0.1706,0.3492,
1.0,0.9985,0.9685,0.967,0.9683,0.9973,0.9952,0.9903,0.9846,0.929,0.7311,0.9313,0.9147,0.8324,0.7941,0.8611,0.6785,0.8192,0.9392,0.787,0.6094,0.9542,0.7297,0.6143,0.6057,0.6052,0.8587,0.5611,0.6266,0.7828,0.5023,0.5445,0.3812,0.5851,0.6778,0.5924,0.5165,0.3081,0.4723,0.2639,0.5229,0.3081,0.209,0.1525,0.3517,
1.0,0.9993,0.9667,0.966,0.966,0.9979,0.9964,0.9911,0.9849,0.9286,0.735,0.9271,0.914,0.837,0.7993,0.8564,0.6812,0.8227,0.9402,0.7846,0.6161,0.9542,0.7311,0.6204,0.6027,0.6123,0.858,0.5671,0.6249,0.7863,0.508,0.5478,0.3818,0.5816,0.6758,0.589,0.5313,0.3142,0.4703,0.2678,0.5225,0.3076,0.209,0.1611,0.3486,
1.0,0.9989,0.9665,0.9654,0.9711,0.997,0.9951,0.9916,0.9854,0.9242,0.7431,0.9309,0.9088,0.8421,0.8046,0.8555,0.6879,0.8289,0.9393,0.7855,0.6102,0.9527,0.7248,0.6244,0.6082,0.6167,0.8596,0.5672,0.619,0.7917,0.5053,0.5542,0.3887,0.5973,0.67,0.5817,0.5181,0.3151,0.4782,0.2623,0.5184,0.3139,0.2055,0.1587,0.3581,
1.0,0.9988,0.9695,0.9683,0.9713,0.9973,0.9947,0.9911,0.9852,0.9237,0.7344,0.9345,0.9089,0.8351,0.7983,0.8593,0.6869,0.8218,0.9428,0.7911,0.6131,0.9541,0.7262,0.6238,0.6183,0.6153,0.8615,0.5663,0.6239,0.7796,0.5013,0.5492,0.3951,0.5865,0.6726,0.5841,0.5177,0.3172,0.4807,0.263,0.5249,0.3078,0.2002,0.1642,0.3573,
1.0,0.9992,0.965,0.9642,0.9686,0.9974,0.9958,0.9901,0.984,0.9233,0.7341,0.9279,0.9078,0.8392,0.802,0.8517,0.6839,0.8259,0.9416,0.7862,0.6142,0.9525,0.723,0.6211,0.6022,0.6145,0.8545,0.5663,0.6206,0.7785,0.5077,0.5512,0.3865,0.5869,0.6753,0.5842,0.5226,0.3143,0.4791,0.267,0.5225,0.3091,0.21,0.1603,0.3508,
1.0,0.9993,0.968,0.9673,0.9704,0.9969,0.9955,0.992,0.9863,0.926,0.7396,0.9323,0.9114,0.8405,0.8026,0.8595,0.6868,0.827,0.9402,0.7844,0.6114,0.9524,0.7238,0.6267,0.6059,0.6126,0.8573,0.5618,0.6242,0.7799,0.5007,0.5438,0.3862,0.5873,0.6686,0.5853,0.5238,0.3072,0.4845,0.2658,0.5256,0.3051,0.2055,0.1672,0.3536,
1.0,0.9987,0.9662,0.9649,0.9711,0.9967,0.9933,0.99,0.9851,0.9236,0.7378,0.9297,0.906,0.837,0.7982,0.8542,0.6786,0.8228,0.943,0.7809,0.6146,0.9515,0.7233,0.6273,0.6056,0.6196,0.8532,0.5711,0.6153,0.7852,0.5137,0.5561,0.3912,0.5878,0.6753,0.5835,0.5215,0.3272,0.4783,0.2635,0.5212,0.3131,0.211,0.1629,0.3471,
1.0,0.9987,0.968,0.9667,0.9722,0.9973,0.9946,0.9914,0.9875,0.9224,0.7471,0.9332,0.9073,0.8463,0.8115,0.8581,0.6934,0.8341,0.9402,0.7847,0.6131,0.9559,0.7213,0.6303,0.607,0.6209,0.8545,0.5707,0.6209,0.7824,0.504,0.5581,0.3881,0.5931,0.6807,0.5802,0.519,0.3212,0.477,0.2621,0.5277,0.3125,0.2114,0.1661,0.3571,
1.0,0.9992,0.9679,0.9671,0.9676,0.9974,0.9959,0.992,0.9866,0.9242,0.737,0.9307,0.9113,0.8416,0.8061,0.857,0.6926,0.8286,0.9395,0.7843,0.6093,0.9544,0.7239,0.6189,0.6001,0.6113,0.8634,0.5706,0.6251,0.7842,0.5073,0.5536,0.3821,0.5902,0.6808,0.5865,0.5248,0.3172,0.4763,0.2647,0.5259,0.3166,0.2105,0.1553,0.3572,
1.0,0.9982,0.969,0.9672,0.9706,0.9979,0.9954,0.9911,0.986,0.9269,0.7413,0.9309,0.9114,0.8404,0.8024,0.8585,0.6908,0.8281,0.9384,0.7873,0.6153,0.9522,0.7241,0.6279,0.6078,0.6152,0.8593,0.5688,0.6253,0.7869,0.5128,0.5556,0.3982,0.5931,0.6744,0.5842,0.5163,0.3163,0.4754,0.2721,0.5291,0.3136,0.2178,0.1568,0.3552,
1.0,0.999,0.9667,0.9657,0.9706,0.9967,0.995,0.9898,0.984,0.921,0.7333,0.9312,0.9041,0.8381,0.8001,0.8541,0.6839,0.8246,0.941,0.786,0.6131,0.9541,0.7253,0.626,0.6112,0.6174,0.8577,0.5695,0.6221,0.7793,0.5056,0.5524,0.3882,0.5914,0.6781,0.5839,0.5173,0.319,0.4816,0.2624,0.5293,0.3081,0.2086,0.1664,0.357,
1.0,0.999,0.9682,0.9672,0.972,0.9973,0.9952,0.9911,0.9864,0.9284,0.7352,0.9334,0.9126,0.8317,0.7937,0.8631,0.6872,0.8195,0.9395,0.795,0.6058,0.9568,0.7262,0.6176,0.6066,0.6067,0.8629,0.5611,0.6235,0.7885,0.5073,0.5428,0.3837,0.5956,0.6787,0.5862,0.5242,0.309,0.4785,0.2584,0.5251,0.3094,0.2118,0.1588,0.3613,
1.0,0.9996,0.967,0.9666,0.9686,0.9979,0.9963,0.9905,0.9854,0.9276,0.7453,0.9303,0.912,0.846,0.8086,0.8592,0.6914,0.8333,0.9403,0.7846,0.6212,0.952,0.7288,0.6288,0.6002,0.6208,0.856,0.5739,0.619,0.7887,0.5137,0.5581,0.3869,0.5938,0.6699,0.5883,0.5193,0.3201,0.4759,0.2624,0.5166,0.3145,0.2113,0.1587,0.353,
1.0,0.9987,0.9681,0.9668,0.9719,0.9976,0.9952,0.9909,0.9852,0.93,0.7438,0.9343,0.9154,0.8406,0.8037,0.8646,0.6855,0.8281,0.9377,0.792,0.6151,0.9567,0.734,0.6227,0.6107,0.6165,0.8585,0.5623,0.6306,0.7906,0.5045,0.5436,0.3809,0.5925,0.6701,0.5932,0.5242,0.3124,0.479,0.2677,0.5159,0.3149,0.2066,0.1598,0.3611,
1.0,0.9988,0.966,0.9648,0.9698,0.998,0.9958,0.9899,0.9834,0.9238,0.7318,0.9283,0.9069,0.8375,0.7983,0.8525,0.6774,0.8234,0.9393,0.7785,0.6078,0.9545,0.7207,0.6189,0.6031,0.6053,0.8493,0.5538,0.622,0.7769,0.5034,0.544,0.3885,0.5983,0.6733,0.585,0.5164,0.3103,0.4801,0.2595,0.5221,0.3127,0.2113,0.1565,0.349,
1.0,0.9989,0.964,0.9629,0.9682,0.9979,0.9958,0.9905,0.984,0.9221,0.7391,0.9263,0.9071,0.8453,0.806,0.8502,0.6885,0.8301,0.9404,0.7806,0.613,0.9517,0.7163,0.6218,0.595,0.6151,0.86,0.5772,0.6183,0.7822,0.5098,0.5556,0.3796,0.5867,0.6724,0.5798,0.5249,0.3249,0.4796,0.2598,0.5258,0.3098,0.2051,0.1596,0.3584,
1.0,0.9985,0.9669,0.9654,0.9696,0.9968,0.9945,0.9896,0.9817,0.9218,0.7302,0.9294,0.9048,0.8398,0.7972,0.8528,0.6803,0.825,0.9395,0.7818,0.6091,0.9522,0.7212,0.6244,0.6051,0.6085,0.8543,0.5647,0.6214,0.7727,0.4995,0.5461,0.3874,0.5902,0.6745,0.5805,0.5159,0.3159,0.4833,0.2559,0.527,0.3111,0.2013,0.1646,0.3466,
1.0,0.9987,0.9689,0.9676,0.97,0.9975,0.9949,0.9899,0.9838,0.9208,0.7313,0.9319,0.9045,0.8361,0.794,0.8541,0.6803,0.822,0.9382,0.7745,0.598,0.9531,0.713,0.6152,0.5963,0.6068,0.854,0.5614,0.6073,0.78,0.5007,0.5509,0.3855,0.5857,0.6702,0.5714,0.5199,0.3108,0.4868,0.2497,0.5297,0.3132,0.2029,0.1651,0.3501,
1.0,0.9987,0.9702,0.9689,0.9712,0.9968,0.9941,0.9896,0.9847,0.9244,0.7331,0.9352,0.9078,0.8335,0.7977,0.8609,0.6805,0.8206,0.9437,0.7856,0.6126,0.9514,0.7255,0.627,0.6125,0.6203,0.8556,0.5718,0.6218,0.7888,0.5181,0.5597,0.3967,0.5865,0.6755,0.5832,0.5257,0.3246,0.476,0.257,0.5271,0.3139,0.207,0.174,0.3429,
1.0,0.9986,0.9654,0.964,0.9667,0.9966,0.9944,0.9901,0.9848,0.9262,0.7448,0.9246,0.9085,0.8498,0.8103,0.8526,0.6914,0.8367,0.9376,0.7796,0.6154,0.9501,0.7213,0.6242,0.5943,0.6156,0.8531,0.5679,0.6188,0.781,0.4918,0.5545,0.3682,0.5844,0.67,0.5793,0.5126,0.3096,0.4711,0.2645,0.525,0.2964,0.1992,0.1564,0.3512,
1.0,0.9991,0.9705,0.9696,0.9715,0.9965,0.9946,0.9916,0.986,0.9236,0.7379,0.9354,0.9077,0.8391,0.8034,0.8589,0.6946,0.8256,0.9373,0.7887,0.6066,0.9541,0.7198,0.6221,0.6043,0.6134,0.8609,0.5665,0.6146,0.7825,0.5007,0.5507,0.3901,0.5938,0.6787,0.5753,0.5267,0.3105,0.4833,0.2586,0.5291,0.3122,0.2146,0.1642,0.3627,
1.0,0.9984,0.9701,0.9685,0.971,0.9963,0.9937,0.9889,0.9852,0.9262,0.7377,0.9334,0.9081,0.8387,0.8007,0.8601,0.6831,0.8286,0.9435,0.7836,0.6151,0.9526,0.7313,0.6289,0.6106,0.6133,0.8531,0.5645,0.6256,0.7859,0.5193,0.5538,0.3966,0.597,0.6867,0.5838,0.519,0.3213,0.4802,0.2638,0.5259,0.3253,0.2161,0.1641,0.3523,
1.0,0.9987,0.9693,0.968,0.9705,0.9966,0.9945,0.9895,0.9826,0.9186,0.7372,0.9341,0.9027,0.8463,0.8057,0.8544,0.6892,0.8322,0.9431,0.778,0.6206,0.9522,0.7236,0.6359,0.6126,0.62,0.8561,0.5796,0.6195,0.7792,0.5051,0.565,0.3943,0.5932,0.6812,0.582,0.5243,0.323,0.4816,0.2641,0.5323,0.3076,0.2116,0.17,0.3554,
1.0,0.9991,0.9672,0.9663,0.9709,0.9976,0.9953,0.9905,0.9861,0.923,0.7341,0.9309,0.9067,0.8377,0.7999,0.8558,0.6835,0.8249,0.9434,0.7831,0.6076,0.9539,0.716,0.6219,0.6058,0.6126,0.8562,0.567,0.6147,0.7766,0.4963,0.5495,0.3822,0.5892,0.6741,0.5813,0.5214,0.3078,0.4856,0.2598,0.5272,0.3033,0.201,0.1576,0.3507,
1.0,0.9983,0.9684,0.9667,0.9706,0.9981,0.9954,0.9909,0.9847,0.9224,0.7319,0.9303,0.9065,0.8338,0.7952,0.8531,0.6853,0.8189,0.9395,0.7852,0.5996,0.952,0.7165,0.6153,0.6072,0.6121,0.8592,0.5635,0.6196,0.7849,0.5048,0.5496,0.3949,0.5918,0.6688,0.5772,0.5131,0.315,0.4816,0.2566,0.5197,0.3164,0.2096,0.1579,0.3527,
1.0,0.9993,0.9659,0.9652,0.9707,0.9969,0.9952,0.9906,0.9844,0.9254,0.7383,0.9308,0.9094,0.8395,0.8016,0.8568,0.6777,0.8261,0.9375,0.781,0.6125,0.9495,0.7258,0.622,0.6024,0.6157,0.852,0.5639,0.612,0.7872,0.4972,0.5471,0.388,0.5802,0.6676,0.5743,0.5155,0.3114,0.4699,0.2619,0.5235,0.3095,0.2106,0.1624,0.3508,
1.0,0.9988,0.9713,0.9701,0.9689,0.9971,0.9953,0.9917,0.9862,0.9224,0.7404,0.9343,0.9079,0.844,0.8059,0.8595,0.6925,0.8316,0.9407,0.7808,0.6162,0.9574,0.7253,0.6314,0.6059,0.6117,0.861,0.5647,0.6254,0.7744,0.4998,0.553,0.391,0.5922,0.6878,0.5807,0.5257,0.3146,0.4808,0.2598,0.5313,0.3118,0.2102,0.1628,0.3595,
1.0,0.9985,0.9667,0.9652,0.9688,0.9956,0.9934,0.9899,0.9838,0.9206,0.7272,0.9284,0.9031,0.836,0.7945,0.8507,0.6778,0.8226,0.9391,0.7774,0.5985,0.9514,0.7154,0.6115,0.5945,0.6018,0.8512,0.5615,0.6085,0.7764,0.4988,0.544,0.3798,0.5843,0.6729,0.5762,0.5212,0.3084,0.4746,0.2538,0.5201,0.3055,0.2053,0.1554,0.3466,
1.0,0.9992,0.9674,0.9666,0.9722,0.9987,0.9969,0.9897,0.9834,0.9245,0.7451,0.9331,0.9085,0.8467,0.805,0.8587,0.688,0.833,0.9421,0.783,0.6228,0.952,0.7242,0.6354,0.6099,0.6285,0.853,0.5758,0.6239,0.7807,0.4975,0.5613,0.3879,0.5798,0.6744,0.5778,0.5153,0.3101,0.4663,0.2625,0.5222,0.2987,0.2073,0.1668,0.3483,
1.0,0.9987,0.969,0.9677,0.9698,0.997,0.9953,0.9897,0.984,0.9211,0.7367,0.933,0.9053,0.8421,0.8025,0.8556,0.6829,0.8289,0.9412,0.7802,0.6102,0.9506,0.7155,0.6235,0.6067,0.6152,0.853,0.5744,0.6191,0.7786,0.4989,0.5584,0.3853,0.5926,0.6736,0.5797,0.5188,0.3142,0.474,0.2571,0.5257,0.3044,0.2066,0.1636,0.3519,
1.0,0.9997,0.9694,0.9691,0.9689,0.9976,0.996,0.9909,0.9869,0.9243,0.7374,0.9316,0.9073,0.8382,0.8009,0.8572,0.6874,0.8263,0.9403,0.7808,0.6077,0.9544,0.7201,0.62,0.6045,0.6096,0.8545,0.5593,0.616,0.7778,0.5013,0.5408,0.3876,0.5958,0.6719,0.5798,0.5161,0.3141,0.4802,0.2622,0.5223,0.3189,0.2064,0.1658,0.36,
1.0,0.9992,0.9679,0.9671,0.9688,0.9977,0.9953,0.9908,0.9864,0.921,0.7331,0.9285,0.9033,0.8391,0.8027,0.8518,0.6873,0.8267,0.938,0.7767,0.6055,0.954,0.7174,0.6224,0.61,0.6103,0.8504,0.558,0.6219,0.7772,0.4958,0.5489,0.3838,0.5915,0.6709,0.5784,0.5175,0.3105,0.4703,0.2606,0.5211,0.3098,0.1998,0.1612,0.3564,
1.0,0.9982,0.9687,0.9669,0.9698,0.9963,0.9937,0.9906,0.9849,0.9234,0.7416,0.9308,0.9067,0.8454,0.8102,0.8557,0.6931,0.8319,0.9389,0.7854,0.6094,0.9529,0.7174,0.622,0.5998,0.624,0.8559,0.5768,0.6128,0.7849,0.5059,0.5603,0.3821,0.5882,0.6786,0.5754,0.5252,0.3167,0.4791,0.2612,0.5266,0.3113,0.2107,0.1623,0.3597,
1.0,0.9991,0.9662,0.9653,0.9708,0.9976,0.9948,0.9899,0.9848,0.9192,0.7344,0.9297,0.9017,0.8402,0.8018,0.8509,0.6848,0.8242,0.9366,0.7792,0.6091,0.9516,0.7239,0.6264,0.6105,0.6087,0.8567,0.5678,0.6196,0.7844,0.5092,0.5524,0.3895,0.5897,0.6699,0.58,0.5186,0.3203,0.4712,0.2558,0.5237,0.3157,0.2101,0.162,0.3514,
1.0,0.9985,0.9673,0.9658,0.9656,0.9975,0.995,0.9904,0.9841,0.9271,0.7381,0.9266,0.9118,0.8404,0.804,0.8551,0.6879,0.8268,0.9403,0.7854,0.6212,0.953,0.7362,0.6245,0.6081,0.615,0.8587,0.5635,0.6273,0.7837,0.5039,0.5412,0.3868,0.5841,0.6663,0.5911,0.5208,0.3189,0.4749,0.2682,0.5219,0.311,0.2054,0.1618,0.3512,
1.0,0.9989,0.9668,0.9657,0.9695,0.998,0.996,0.9896,0.9835,0.9228,0.7354,0.9296,0.9064,0.8394,0.7999,0.8544,0.6817,0.825,0.9355,0.7797,0.6056,0.9492,0.7149,0.619,0.5999,0.608,0.8498,0.5575,0.6289,0.7771,0.4919,0.5481,0.3769,0.586,0.6696,0.577,0.5128,0.2997,0.4732,0.2609,0.5292,0.3023,0.1994,0.1593,0.3502,
1.0,0.9988,0.9696,0.9684,0.9697,0.9974,0.9951,0.9895,0.9846,0.9207,0.7364,0.9333,0.9051,0.8419,0.801,0.8545,0.6857,0.8307,0.9434,0.7783,0.6084,0.9534,0.7178,0.6258,0.6019,0.6093,0.8577,0.5652,0.6157,0.774,0.5051,0.5505,0.3903,0.5987,0.6776,0.5842,0.5221,0.3211,0.4834,0.2568,0.5287,0.3171,0.2107,0.1633,0.3564,
1.0,0.9991,0.9694,0.9685,0.9675,0.9975,0.9954,0.9907,0.9869,0.918,0.7347,0.9314,0.9029,0.8434,0.8068,0.8511,0.6856,0.831,0.9424,0.7715,0.6083,0.9532,0.7165,0.6246,0.606,0.6118,0.8513,0.5695,0.6183,0.7742,0.4998,0.5621,0.3866,0.5959,0.6771,0.5784,0.518,0.3172,0.4714,0.253,0.5149,0.3031,0.2022,0.1654,0.3556,
1.0,0.9991,0.972,0.9711,0.9702,0.9975,0.9957,0.9908,0.9856,0.9262,0.7363,0.9358,0.9104,0.8357,0.8002,0.8633,0.6866,0.8228,0.9408,0.7877,0.6086,0.9535,0.723,0.6215,0.6069,0.6145,0.856,0.5703,0.6228,0.7919,0.5157,0.5581,0.3925,0.5898,0.6795,0.5836,0.5247,0.3184,0.4752,0.2564,0.5256,0.3229,0.2096,0.1673,0.3538,
1.0,0.9991,0.9685,0.9676,0.9705,0.9966,0.9944,0.9923,0.9869,0.9224,0.7367,0.9328,0.9073,0.8387,0.803,0.8573,0.6842,0.8249,0.9388,0.7816,0.6117,0.9516,0.7214,0.6245,0.6009,0.6063,0.8555,0.5626,0.6138,0.7807,0.4976,0.5449,0.386,0.5792,0.6694,0.5734,0.5143,0.3088,0.4676,0.256,0.5227,0.3038,0.2088,0.1583,0.3523,
1.0,0.999,0.9649,0.9639,0.9697,0.9965,0.9941,0.9909,0.9852,0.9233,0.7404,0.9284,0.9069,0.8459,0.8078,0.8527,0.6897,0.8329,0.9389,0.7832,0.6148,0.9548,0.7213,0.6261,0.5984,0.6162,0.8552,0.5699,0.613,0.7786,0.5019,0.5503,0.3819,0.5885,0.6663,0.5758,0.5156,0.3178,0.4828,0.2593,0.5135,0.3111,0.2016,0.158,0.3614,
1.0,0.9988,0.9661,0.9649,0.9676,0.9969,0.9945,0.9896,0.9829,0.9219,0.7341,0.9269,0.9048,0.8412,0.8025,0.851,0.683,0.8266,0.9395,0.7789,0.612,0.9547,0.7301,0.6244,0.6107,0.615,0.8605,0.569,0.6225,0.7859,0.5052,0.5541,0.3954,0.6055,0.6788,0.5843,0.5188,0.3189,0.4994,0.2616,0.5246,0.3257,0.2133,0.1658,0.3725,
1.0,0.9988,0.9669,0.9657,0.9689,0.9972,0.9955,0.9911,0.9844,0.921,0.7313,0.9292,0.9052,0.8359,0.7975,0.8521,0.6797,0.8228,0.9415,0.7796,0.6036,0.9519,0.7184,0.6152,0.5995,0.6088,0.8609,0.5652,0.6187,0.7864,0.4969,0.5518,0.3827,0.5936,0.6777,0.579,0.5216,0.3199,0.4833,0.2569,0.5307,0.3081,0.2034,0.1603,0.3601,
1.0,0.9992,0.9654,0.9646,0.9703,0.9972,0.996,0.9916,0.9846,0.9298,0.736,0.9286,0.9134,0.833,0.7946,0.8595,0.6769,0.8193,0.9373,0.7869,0.6115,0.955,0.7329,0.6164,0.6104,0.611,0.8559,0.5558,0.6228,0.7868,0.5082,0.5364,0.3925,0.5943,0.6675,0.5845,0.5148,0.3138,0.4845,0.2606,0.5199,0.3165,0.201,0.164,0.3509,
1.0,0.999,0.9676,0.9666,0.9716,0.9969,0.9949,0.9903,0.9844,0.9209,0.7363,0.933,0.9047,0.8417,0.8022,0.8558,0.6816,0.828,0.9385,0.7789,0.6113,0.9542,0.7255,0.6249,0.6089,0.6109,0.8532,0.5624,0.6197,0.7769,0.5001,0.5502,0.3859,0.5911,0.6782,0.5845,0.5178,0.3127,0.4787,0.2567,0.5223,0.3105,0.2021,0.1597,0.3585,
1.0,0.9988,0.9699,0.9687,0.9687,0.9972,0.9945,0.9893,0.9835,0.9231,0.7276,0.9304,0.9051,0.8328,0.7927,0.8543,0.675,0.8189,0.9399,0.7759,0.6053,0.9513,0.7197,0.6196,0.6062,0.6087,0.8459,0.5554,0.624,0.7759,0.5007,0.5463,0.3842,0.5895,0.6741,0.5833,0.5133,0.3114,0.4733,0.2588,0.5176,0.3064,0.1984,0.1659,0.3425,
1.0,0.9984,0.9688,0.9672,0.9702,0.997,0.9945,0.9909,0.9854,0.9249,0.7391,0.9314,0.9096,0.84,0.8019,0.8577,0.6912,0.8281,0.9376,0.7852,0.61,0.9556,0.7269,0.6232,0.611,0.6162,0.8583,0.5679,0.6242,0.7856,0.5119,0.5518,0.3962,0.5921,0.6733,0.5773,0.5134,0.3186,0.4809,0.2621,0.5274,0.3148,0.2112,0.1613,0.357,
1.0,0.9991,0.9686,0.9677,0.9709,0.9971,0.9952,0.9898,0.9846,0.9208,0.7345,0.9324,0.903,0.8399,0.8013,0.8545,0.682,0.8274,0.9381,0.7802,0.6046,0.9535,0.7181,0.6185,0.6026,0.6072,0.853,0.5578,0.6095,0.778,0.4983,0.5424,0.3896,0.593,0.6741,0.5781,0.5203,0.3099,0.4772,0.25,0.517,0.3176,0.2011,0.1609,0.3539,
1.0,0.9989,0.9685,0.9674,0.9681,0.9973,0.9951,0.9911,0.9865,0.9226,0.7329,0.9298,0.9072,0.8369,0.802,0.8527,0.6827,0.8241,0.9438,0.7768,0.6141,0.9531,0.7259,0.6273,0.6119,0.6158,0.8519,0.564,0.6232,0.7851,0.4988,0.5573,0.3821,0.5949,0.6773,0.5927,0.5157,0.3121,0.4707,0.2655,0.5203,0.3064,0.2084,0.1631,0.3501,
1.0,0.9988,0.9698,0.9686,0.9724,0.998,0.996,0.9909,0.9851,0.9257,0.7381,0.9355,0.9101,0.8389,0.7999,0.8625,0.6854,0.8254,0.9398,0.787,0.6088,0.9513,0.7174,0.6247,0.6105,0.6149,0.8566,0.5674,0.6263,0.7842,0.4965,0.553,0.3809,0.5915,0.6701,0.5804,0.5163,0.3103,0.4734,0.2615,0.5213,0.3033,0.2041,0.1623,0.3492,
1.0,0.9991,0.968,0.9671,0.9668,0.9969,0.9952,0.9912,0.9858,0.9222,0.7289,0.9283,0.9056,0.834,0.7971,0.8522,0.6836,0.8213,0.9413,0.7817,0.6025,0.9565,0.7198,0.6152,0.6019,0.6052,0.8598,0.5651,0.6095,0.7797,0.5002,0.551,0.3802,0.5915,0.6821,0.5775,0.5221,0.3123,0.4805,0.2539,0.5207,0.307,0.2093,0.1624,0.3504,
1.0,0.9986,0.9698,0.9684,0.9699,0.9976,0.9953,0.9906,0.9845,0.9196,0.7385,0.9328,0.9041,0.8477,0.8105,0.8532,0.6934,0.8334,0.9394,0.779,0.6124,0.9522,0.7161,0.6299,0.6052,0.6202,0.8555,0.5736,0.6156,0.7777,0.5009,0.562,0.3884,0.5903,0.6803,0.5776,0.5233,0.3221,0.4749,0.2597,0.526,0.3079,0.207,0.1651,0.3523,
1.0,0.9991,0.9669,0.966,0.9664,0.9972,0.9954,0.9929,0.9875,0.9207,0.7245,0.9275,0.9072,0.8301,0.7914,0.8505,0.6753,0.8165,0.9398,0.7743,0.5961,0.9493,0.7114,0.6085,0.597,0.6015,0.861,0.5602,0.6131,0.7741,0.4853,0.549,0.3822,0.5892,0.6728,0.5685,0.5174,0.3196,0.4709,0.2498,0.5277,0.2959,0.2032,0.1622,0.344,
1.0,0.999,0.9721,0.9711,0.9713,0.9971,0.9955,0.9903,0.9849,0.9251,0.7434,0.9371,0.9089,0.8426,0.8051,0.8629,0.6897,0.8299,0.9375,0.7858,0.6127,0.9547,0.7319,0.6274,0.6214,0.6171,0.8572,0.5636,0.6285,0.7846,0.506,0.5514,0.3904,0.6,0.6772,0.5851,0.516,0.3097,0.4812,0.2597,0.5213,0.3191,0.2111,0.1656,0.3606,
1.0,0.9991,0.9678,0.9669,0.9682,0.9971,0.995,0.9905,0.9857,0.9247,0.735,0.93,0.9087,0.8379,0.7998,0.856,0.6856,0.8232,0.9395,0.784,0.6084,0.9515,0.7231,0.6187,0.5999,0.6083,0.858,0.5654,0.6206,0.7767,0.4993,0.5473,0.3857,0.5867,0.676,0.5752,0.5335,0.3201,0.4765,0.2677,0.526,0.3056,0.2065,0.1679,0.3455,
1.0,0.9987,0.9678,0.9665,0.9703,0.998,0.9961,0.9904,0.9847,0.9247,0.7388,0.9301,0.9088,0.8405,0.7981,0.8568,0.6899,0.8266,0.9411,0.7857,0.6197,0.9515,0.7287,0.63,0.607,0.6078,0.8639,0.5684,0.63,0.7803,0.5008,0.5529,0.3904,0.5917,0.6811,0.5862,0.5245,0.3139,0.4766,0.2717,0.5368,0.3045,0.2062,0.1684,0.3551,
1.0,0.9984,0.9644,0.9628,0.9705,0.9969,0.9944,0.9906,0.9839,0.9254,0.7397,0.9282,0.9103,0.8412,0.804,0.8544,0.6858,0.8276,0.9383,0.7874,0.6167,0.9524,0.7229,0.6209,0.6037,0.6188,0.8578,0.5692,0.6208,0.7821,0.4952,0.5488,0.3834,0.5894,0.6755,0.5852,0.5159,0.3092,0.4725,0.2583,0.5233,0.3027,0.2072,0.1618,0.3465,
1.0,0.9988,0.9664,0.9652,0.9695,0.9979,0.9959,0.9903,0.9853,0.9265,0.7432,0.9297,0.9119,0.8459,0.8071,0.8586,0.6859,0.8331,0.9436,0.7822,0.6247,0.954,0.7282,0.6332,0.608,0.6211,0.8525,0.5738,0.6263,0.7795,0.5013,0.5538,0.3827,0.584,0.6771,0.5909,0.5252,0.3188,0.4873,0.2639,0.536,0.3052,0.206,0.168,0.36,
1.0,0.9993,0.9689,0.9682,0.9696,0.9977,0.9959,0.9891,0.9829,0.9207,0.7294,0.9315,0.903,0.8357,0.7954,0.8542,0.6747,0.8225,0.9437,0.7735,0.6065,0.9509,0.7198,0.6235,0.6071,0.6134,0.8495,0.5643,0.616,0.782,0.5086,0.5522,0.3881,0.5906,0.6802,0.5754,0.5167,0.3258,0.4724,0.2498,0.5172,0.3148,0.2118,0.1603,0.3467,
1.0,0.9992,0.9662,0.9654,0.9696,0.9979,0.9963,0.991,0.986,0.9209,0.737,0.9298,0.9058,0.8395,0.8035,0.8528,0.6898,0.8279,0.9404,0.7846,0.613,0.9533,0.723,0.6262,0.6135,0.6136,0.861,0.5686,0.6228,0.7778,0.5044,0.5504,0.3972,0.5964,0.6738,0.5852,0.5233,0.311,0.4851,0.2666,0.5266,0.3171,0.2022,0.1674,0.3559,
1.0,0.9985,0.9671,0.9656,0.9695,0.997,0.9944,0.9904,0.9851,0.9234,0.7315,0.9294,0.907,0.8335,0.7932,0.8534,0.678,0.8197,0.9418,0.781,0.6054,0.9544,0.7225,0.6161,0.5972,0.6029,0.8587,0.5576,0.617,0.7815,0.4952,0.5428,0.3778,0.5927,0.6878,0.584,0.5289,0.2994,0.4801,0.2551,0.5256,0.3056,0.2008,0.1579,0.3486,
1.0,0.9984,0.9709,0.9693,0.9678,0.9986,0.9956,0.9888,0.985,0.9216,0.7339,0.9326,0.9068,0.8419,0.8036,0.8553,0.6895,0.8286,0.9428,0.78,0.617,0.9537,0.7258,0.6309,0.6108,0.6137,0.8547,0.5695,0.6236,0.7768,0.5004,0.5551,0.397,0.5971,0.6838,0.5904,0.5246,0.3168,0.4834,0.2646,0.5286,0.3074,0.212,0.1709,0.3545,
1.0,0.9986,0.9667,0.9653,0.9682,0.9971,0.995,0.9909,0.9853,0.9206,0.7332,0.9285,0.9049,0.8396,0.8023,0.8513,0.6919,0.8272,0.9422,0.7854,0.6058,0.9555,0.7189,0.6196,0.6019,0.6089,0.8624,0.5749,0.6174,0.7777,0.4968,0.5502,0.3819,0.5955,0.6762,0.58,0.5281,0.3162,0.4902,0.2619,0.5312,0.3121,0.2037,0.1668,0.3642,
1.0,0.9986,0.968,0.9666,0.9726,0.9976,0.9952,0.9898,0.9842,0.9294,0.7419,0.9344,0.9139,0.839,0.8013,0.8649,0.6852,0.8271,0.941,0.7933,0.6201,0.9567,0.7327,0.6262,0.6153,0.6201,0.8574,0.5665,0.6325,0.7854,0.5109,0.5466,0.3908,0.5957,0.6769,0.591,0.5172,0.3064,0.4869,0.2642,0.5212,0.3192,0.2083,0.1572,0.3599,
1.0,0.9989,0.9664,0.9653,0.9695,0.9972,0.995,0.9894,0.9839,0.9266,0.7409,0.9302,0.9106,0.8421,0.8035,0.8581,0.6866,0.8284,0.9451,0.7857,0.6222,0.9498,0.7272,0.6322,0.6003,0.6206,0.8547,0.5696,0.6217,0.7789,0.5009,0.5535,0.3927,0.5862,0.6753,0.585,0.5221,0.3159,0.4754,0.2576,0.5225,0.2991,0.1999,0.1691,0.3468,
1.0,0.9989,0.9703,0.9692,0.9694,0.9976,0.9955,0.9907,0.9864,0.9235,0.7367,0.9331,0.9083,0.8375,0.8009,0.8578,0.6838,0.8266,0.9433,0.7798,0.6106,0.9535,0.7191,0.6227,0.6029,0.6147,0.8522,0.566,0.6203,0.7838,0.5074,0.5557,0.393,0.6043,0.6811,0.5788,0.5167,0.3173,0.4812,0.2564,0.5283,0.3145,0.213,0.1625,0.3584,
1.0,0.999,0.9661,0.9651,0.9688,0.9972,0.995,0.9896,0.9847,0.924,0.7411,0.9274,0.9058,0.8424,0.8015,0.8527,0.6832,0.8286,0.9414,0.7799,0.6176,0.9501,0.726,0.6301,0.6097,0.6165,0.8535,0.5679,0.6228,0.7796,0.5042,0.5487,0.3992,0.5818,0.6684,0.5875,0.5089,0.3201,0.4781,0.258,0.5117,0.3085,0.2106,0.1633,0.3529,
1.0,0.9991,0.9683,0.9674,0.9738,0.9978,0.9954,0.9893,0.9854,0.9229,0.7386,0.9357,0.9058,0.8386,0.7996,0.8608,0.6816,0.8262,0.9417,0.7803,0.6079,0.9538,0.7203,0.6253,0.6082,0.6152,0.8501,0.5662,0.6154,0.7859,0.5121,0.5546,0.3968,0.5945,0.6794,0.5816,0.515,0.3212,0.4793,0.2516,0.5232,0.3158,0.2098,0.1605,0.3498,
1.0,0.9989,0.9669,0.9658,0.9695,0.9971,0.9951,0.9908,0.9837,0.919,0.7278,0.9308,0.9044,0.8357,0.7958,0.8518,0.6843,0.8206,0.9371,0.7838,0.6016,0.9512,0.7186,0.6187,0.6045,0.6076,0.8661,0.5691,0.6115,0.7779,0.4958,0.5472,0.3976,0.5792,0.6661,0.5702,0.5222,0.3126,0.4864,0.2531,0.5316,0.306,0.1974,0.1625,0.3544,
1.0,0.9994,0.9689,0.9683,0.9653,0.9971,0.9961,0.9928,0.9877,0.9266,0.7376,0.9275,0.9114,0.8392,0.804,0.8553,0.6888,0.8268,0.9414,0.7808,0.6101,0.9542,0.7219,0.6172,0.6033,0.6154,0.8571,0.5705,0.622,0.7851,0.5036,0.5563,0.387,0.5897,0.6791,0.5841,0.5227,0.3171,0.4761,0.2644,0.5231,0.3096,0.2113,0.159,0.3525,
1.0,0.9986,0.9677,0.9663,0.9694,0.9979,0.9951,0.9892,0.9843,0.9229,0.7377,0.9294,0.9051,0.8432,0.8049,0.853,0.6922,0.8302,0.9436,0.7827,0.6143,0.9521,0.7218,0.6252,0.6028,0.6177,0.8578,0.5717,0.6207,0.781,0.5054,0.5554,0.389,0.5925,0.6791,0.587,0.5355,0.3199,0.4866,0.2669,0.5339,0.3174,0.2095,0.1645,0.3599,
1.0,0.9993,0.9698,0.9691,0.9672,0.9972,0.9959,0.9904,0.9833,0.9246,0.7322,0.9315,0.9089,0.838,0.7975,0.8573,0.6822,0.8242,0.9398,0.7806,0.6078,0.951,0.7219,0.6154,0.6008,0.6106,0.859,0.5634,0.6147,0.7779,0.4953,0.5442,0.3821,0.5856,0.6705,0.5783,0.5227,0.3135,0.4786,0.2575,0.5222,0.3004,0.2021,0.1587,0.3441,
1.0,0.9987,0.9664,0.9651,0.9712,0.9978,0.9952,0.9898,0.9838,0.9236,0.7382,0.9305,0.9069,0.8419,0.8024,0.8552,0.6856,0.8276,0.9378,0.783,0.6123,0.9546,0.7249,0.6267,0.6087,0.6094,0.8573,0.5608,0.6231,0.7823,0.4986,0.5495,0.3816,0.5896,0.6734,0.586,0.524,0.3154,0.4783,0.2669,0.5172,0.3112,0.2046,0.1618,0.3489,
1.0,0.9991,0.9693,0.9684,0.9701,0.9971,0.9953,0.9894,0.9847,0.9212,0.7378,0.9339,0.9052,0.841,0.8008,0.8578,0.6849,0.8293,0.9425,0.7784,0.6105,0.9509,0.7199,0.6259,0.6063,0.6151,0.8558,0.573,0.6177,0.7771,0.4946,0.5574,0.3807,0.5891,0.6754,0.5775,0.5235,0.3136,0.4763,0.2573,0.5214,0.2998,0.2031,0.1655,0.3492,
1.0,0.9987,0.9687,0.9674,0.9685,0.9966,0.9943,0.991,0.9849,0.9219,0.7327,0.9298,0.9048,0.839,0.8006,0.8533,0.6823,0.8242,0.9405,0.7781,0.6102,0.9538,0.725,0.6282,0.609,0.6116,0.8528,0.5668,0.6164,0.7789,0.5053,0.5506,0.3894,0.5864,0.6827,0.5877,0.5186,0.3195,0.4781,0.255,0.5256,0.3091,0.2129,0.1693,0.348,
1.0,0.9989,0.9642,0.9631,0.9705,0.997,0.9948,0.9891,0.984,0.9249,0.7351,0.928,0.9076,0.8397,0.7992,0.8543,0.6836,0.827,0.9418,0.7874,0.6098,0.9501,0.7206,0.6206,0.5989,0.6148,0.8582,0.5712,0.6166,0.7853,0.5058,0.5522,0.3856,0.5876,0.6675,0.5805,0.5277,0.3191,0.4808,0.2607,0.5211,0.3123,0.2027,0.1664,0.3584,
1.0,0.9991,0.9694,0.9685,0.9694,0.997,0.9951,0.9907,0.9863,0.9208,0.7359,0.9311,0.9033,0.8376,0.8001,0.8528,0.6878,0.8258,0.9362,0.7792,0.6045,0.9526,0.7196,0.6211,0.6093,0.6082,0.8558,0.5638,0.6189,0.7811,0.4972,0.5461,0.3907,0.5967,0.6707,0.5765,0.5149,0.3065,0.4823,0.2607,0.5253,0.311,0.2023,0.1618,0.3531,
1.0,0.9988,0.9673,0.9661,0.9691,0.9964,0.9941,0.9909,0.9859,0.9217,0.7329,0.9311,0.9069,0.8357,0.8001,0.8542,0.685,0.8218,0.9417,0.7824,0.6124,0.9489,0.7203,0.6224,0.6025,0.6059,0.8608,0.5634,0.622,0.7787,0.498,0.5439,0.3844,0.5858,0.6682,0.5823,0.5256,0.3055,0.4715,0.2682,0.5236,0.2989,0.1976,0.1655,0.3529,
1.0,0.9993,0.9669,0.9662,0.969,0.9963,0.995,0.9913,0.9851,0.9246,0.7359,0.9303,0.9082,0.84,0.801,0.8568,0.6808,0.8264,0.9401,0.7811,0.6139,0.9541,0.7282,0.6218,0.6113,0.6109,0.8564,0.561,0.6271,0.7819,0.5054,0.5548,0.3947,0.6025,0.6753,0.5881,0.5158,0.3234,0.4808,0.2586,0.5183,0.3158,0.2076,0.1668,0.36,
1.0,0.9989,0.9668,0.9657,0.9711,0.9973,0.9952,0.9892,0.984,0.9223,0.7361,0.9312,0.9053,0.841,0.8028,0.8556,0.6884,0.8267,0.9415,0.7864,0.6168,0.949,0.7211,0.6287,0.6112,0.6204,0.8578,0.5732,0.6191,0.7792,0.5075,0.5553,0.3949,0.5842,0.6733,0.578,0.5186,0.3223,0.4728,0.2626,0.5305,0.3074,0.1987,0.1617,0.3474,
1.0,0.9988,0.9674,0.9662,0.9699,0.9972,0.9948,0.9897,0.9838,0.9237,0.7322,0.931,0.9071,0.8355,0.7966,0.8562,0.6763,0.8204,0.9369,0.7818,0.6072,0.9499,0.7243,0.6211,0.6121,0.6116,0.8543,0.563,0.6248,0.7822,0.4967,0.5467,0.3876,0.5865,0.6713,0.5861,0.5144,0.309,0.4742,0.2617,0.516,0.3086,0.2093,0.1634,0.3442,
1.0,0.9986,0.9682,0.9668,0.9692,0.9967,0.994,0.9896,0.9847,0.9227,0.7391,0.9299,0.9052,0.8429,0.8048,0.8538,0.685,0.8295,0.9373,0.7787,0.6101,0.9506,0.7228,0.6238,0.6095,0.6164,0.8508,0.562,0.6179,0.7751,0.4934,0.5475,0.3886,0.5817,0.6717,0.577,0.5158,0.3082,0.4753,0.2598,0.5231,0.303,0.2016,0.1634,0.351,
1.0,0.9989,0.9688,0.9677,0.9693,0.9971,0.9947,0.9897,0.9846,0.9211,0.7349,0.9307,0.9029,0.8417,0.8023,0.8529,0.6902,0.8272,0.9439,0.7823,0.6142,0.9511,0.7204,0.6298,0.6073,0.6171,0.8589,0.5745,0.6213,0.7796,0.5074,0.5569,0.3847,0.5942,0.6831,0.5862,0.5298,0.3199,0.4822,0.2651,0.5331,0.3123,0.2076,0.1691,0.3595,
1.0,0.9989,0.9655,0.9644,0.9702,0.9968,0.9946,0.9915,0.9863,0.9259,0.7409,0.9299,0.9107,0.8405,0.8012,0.8578,0.6808,0.8255,0.9372,0.7808,0.614,0.9525,0.7325,0.6209,0.6056,0.6057,0.8592,0.5601,0.6239,0.7838,0.4994,0.5419,0.3891,0.592,0.6746,0.5923,0.5215,0.3063,0.4823,0.2607,0.523,0.3145,0.2057,0.1638,0.3614,
1.0,0.9993,0.9704,0.9697,0.9712,0.997,0.9955,0.9916,0.9862,0.9214,0.7348,0.9355,0.9051,0.8391,0.8025,0.8582,0.6881,0.8258,0.943,0.7834,0.6146,0.9502,0.7216,0.6303,0.6047,0.611,0.8566,0.5624,0.6167,0.7806,0.5044,0.5464,0.3888,0.582,0.6744,0.5821,0.5206,0.3131,0.4683,0.2587,0.5262,0.3072,0.2028,0.1674,0.347,
1.0,0.9995,0.9712,0.9707,0.9698,0.9969,0.9951,0.9909,0.9852,0.9236,0.7377,0.9352,0.9069,0.8417,0.8033,0.8601,0.6908,0.8286,0.9399,0.7812,0.6106,0.9527,0.7203,0.6257,0.6113,0.6161,0.8566,0.5737,0.6171,0.777,0.4965,0.5565,0.395,0.5876,0.6758,0.5797,0.5216,0.3124,0.4858,0.2505,0.5291,0.3136,0.2135,0.1641,0.3552,
1.0,0.9993,0.9694,0.9687,0.9716,0.9969,0.9956,0.9925,0.9859,0.9221,0.7374,0.9349,0.9074,0.8386,0.8002,0.8586,0.6845,0.8246,0.938,0.7827,0.6091,0.9516,0.7207,0.6253,0.6059,0.6085,0.8582,0.5646,0.62,0.7866,0.4962,0.5501,0.3824,0.5817,0.6689,0.5757,0.5116,0.3131,0.4748,0.2566,0.5291,0.301,0.1975,0.164,0.3467,
1.0,0.9985,0.9672,0.9657,0.9704,0.9981,0.9957,0.9902,0.9844,0.9204,0.7371,0.9301,0.9046,0.8418,0.8022,0.8512,0.6863,0.8293,0.9399,0.7794,0.6158,0.9497,0.7231,0.6273,0.608,0.6154,0.8574,0.5623,0.6211,0.7799,0.4955,0.5517,0.3963,0.5857,0.6679,0.5754,0.5113,0.318,0.4702,0.2646,0.521,0.3026,0.2049,0.1599,0.3529,
1.0,0.999,0.9725,0.9715,0.969,0.997,0.9949,0.9904,0.9848,0.9241,0.7384,0.9347,0.9071,0.8411,0.8033,0.8603,0.6884,0.8273,0.941,0.7811,0.6075,0.9533,0.7197,0.6245,0.6044,0.6168,0.8563,0.5696,0.6166,0.782,0.5145,0.5547,0.3932,0.5908,0.677,0.579,0.5307,0.3218,0.4772,0.2606,0.5186,0.3219,0.2157,0.1644,0.3588,
1.0,0.9988,0.9698,0.9686,0.9684,0.9967,0.9946,0.9898,0.9835,0.9242,0.7331,0.9324,0.9074,0.838,0.7984,0.8576,0.6808,0.8246,0.9408,0.7817,0.6155,0.9499,0.7287,0.628,0.6143,0.6118,0.8585,0.5716,0.6302,0.7844,0.5008,0.5609,0.3907,0.5983,0.6769,0.5877,0.5203,0.3236,0.472,0.2672,0.522,0.301,0.205,0.167,0.3515,
1.0,0.9985,0.9696,0.9681,0.9659,0.9981,0.9956,0.9909,0.9852,0.9288,0.7399,0.9283,0.9139,0.8408,0.8038,0.8575,0.6916,0.8281,0.941,0.7893,0.6171,0.9567,0.7283,0.6187,0.6052,0.6165,0.8605,0.5663,0.624,0.7846,0.5075,0.5513,0.3862,0.5891,0.6765,0.5849,0.5143,0.3249,0.475,0.2597,0.5209,0.3132,0.2115,0.1573,0.3553,
1.0,0.9991,0.969,0.9681,0.9689,0.9975,0.9949,0.9902,0.9834,0.9193,0.7309,0.93,0.9012,0.8429,0.8024,0.8504,0.6909,0.8264,0.9345,0.7801,0.6025,0.9522,0.7166,0.6213,0.6062,0.609,0.8566,0.5688,0.6137,0.7773,0.4833,0.5529,0.3823,0.5925,0.674,0.5698,0.5107,0.3166,0.4835,0.252,0.53,0.299,0.2019,0.1603,0.3582,
1.0,0.9989,0.9678,0.9667,0.9705,0.9967,0.9946,0.9906,0.9849,0.925,0.7353,0.9319,0.9086,0.8358,0.7977,0.8572,0.6723,0.8203,0.9386,0.7782,0.6065,0.949,0.7223,0.6177,0.6063,0.6106,0.8528,0.5599,0.6202,0.7877,0.511,0.5449,0.3838,0.5844,0.6704,0.5836,0.5122,0.3184,0.4729,0.2556,0.5141,0.3124,0.2103,0.1538,0.3474,
1.0,0.9993,0.9713,0.9706,0.9715,0.9973,0.9959,0.9932,0.9863,0.9238,0.7378,0.9369,0.9102,0.8399,0.8049,0.861,0.6904,0.8269,0.9397,0.7853,0.6141,0.9548,0.7244,0.6292,0.6139,0.6165,0.8585,0.568,0.6247,0.7858,0.5086,0.5554,0.4026,0.5943,0.6753,0.5875,0.521,0.3198,0.4828,0.2669,0.5292,0.3163,0.2097,0.1708,0.3556,
1.0,0.9989,0.969,0.9679,0.9662,0.9976,0.9958,0.9918,0.9854,0.9194,0.7283,0.9281,0.9047,0.8373,0.7997,0.849,0.6926,0.8225,0.94,0.783,0.6021,0.9544,0.7146,0.6157,0.5974,0.6056,0.8659,0.5705,0.616,0.7771,0.4986,0.5532,0.3829,0.5935,0.6766,0.5755,0.5243,0.3212,0.4867,0.2559,0.5319,0.3065,0.2039,0.1615,0.3536,
1.0,0.9985,0.9658,0.9643,0.9711,0.9962,0.9935,0.989,0.9846,0.9229,0.7374,0.9292,0.904,0.8414,0.8019,0.8533,0.6825,0.8296,0.9402,0.7814,0.6096,0.9499,0.7189,0.6235,0.603,0.615,0.8527,0.5682,0.6144,0.78,0.5011,0.5516,0.3826,0.5929,0.6666,0.5742,0.5078,0.3153,0.4796,0.2537,0.5134,0.307,0.2031,0.1593,0.3508,
1.0,0.999,0.9672,0.9662,0.9692,0.9971,0.9943,0.9903,0.9866,0.9255,0.7512,0.9304,0.91,0.8528,0.8173,0.8561,0.7013,0.8394,0.9407,0.7843,0.621,0.9493,0.7185,0.6317,0.5985,0.6235,0.8571,0.5801,0.6184,0.7796,0.5085,0.5569,0.3889,0.5834,0.6708,0.5781,0.5285,0.323,0.4774,0.2666,0.5216,0.3126,0.2093,0.1615,0.359,
1.0,0.9992,0.9682,0.9674,0.9717,0.9969,0.9955,0.9915,0.9853,0.9244,0.7417,0.9341,0.9093,0.8418,0.804,0.86,0.6804,0.8296,0.9426,0.7803,0.6156,0.9571,0.7272,0.628,0.6126,0.6226,0.8518,0.5718,0.6202,0.787,0.5109,0.5576,0.3958,0.5929,0.682,0.5871,0.5279,0.3289,0.4845,0.2575,0.5184,0.3181,0.2139,0.1708,0.3529,
1.0,0.9985,0.9679,0.9664,0.9671,0.9967,0.9943,0.9893,0.9828,0.9229,0.7329,0.9289,0.907,0.8418,0.8016,0.8529,0.685,0.8277,0.9392,0.7821,0.6134,0.9507,0.7293,0.6217,0.6066,0.6115,0.8608,0.5684,0.6212,0.7845,0.5007,0.5497,0.3911,0.5865,0.6687,0.5818,0.5211,0.3186,0.4786,0.2584,0.5215,0.3115,0.2009,0.1655,0.3512,
1.0,0.999,0.9696,0.9686,0.9715,0.9974,0.9953,0.9915,0.9864,0.9252,0.7447,0.9357,0.911,0.8459,0.8097,0.8627,0.6877,0.8333,0.9444,0.7807,0.6295,0.9494,0.7287,0.6462,0.6165,0.6259,0.8518,0.5753,0.6354,0.7828,0.502,0.566,0.4018,0.5946,0.6792,0.5916,0.5191,0.3234,0.4763,0.2694,0.5306,0.3093,0.2038,0.1755,0.3573,
1.0,0.9991,0.9687,0.9678,0.9698,0.9981,0.9965,0.9905,0.9861,0.923,0.7342,0.9324,0.9079,0.8358,0.7994,0.857,0.6882,0.825,0.9424,0.7896,0.6059,0.9516,0.7146,0.617,0.5996,0.6095,0.8603,0.5723,0.6176,0.7804,0.5048,0.5542,0.385,0.5864,0.6817,0.5784,0.5249,0.3153,0.4819,0.2602,0.5416,0.3119,0.2097,0.1638,0.3551,
1.0,0.999,0.9664,0.9654,0.9705,0.9966,0.9942,0.9908,0.9858,0.923,0.7369,0.9305,0.9066,0.838,0.8021,0.8545,0.6868,0.8233,0.9381,0.7866,0.6072,0.9494,0.7184,0.6211,0.6042,0.6121,0.8592,0.5673,0.6108,0.7826,0.5105,0.5452,0.3913,0.5845,0.6746,0.5764,0.5241,0.3216,0.4821,0.2578,0.527,0.3196,0.2034,0.1657,0.3552,
1.0,0.9991,0.9706,0.9697,0.9724,0.9975,0.9956,0.9922,0.9868,0.9294,0.7445,0.9376,0.9162,0.8392,0.8045,0.8681,0.6909,0.8254,0.9423,0.7932,0.6186,0.9512,0.7263,0.6291,0.6086,0.6167,0.8626,0.5674,0.6303,0.7942,0.5121,0.548,0.3963,0.5995,0.6761,0.5903,0.5273,0.3154,0.4839,0.2748,0.5297,0.3193,0.2166,0.1709,0.36,
1.0,0.9991,0.9668,0.9659,0.9696,0.9972,0.9957,0.9909,0.9851,0.9248,0.741,0.9311,0.9099,0.8431,0.8073,0.8567,0.6874,0.8295,0.9375,0.7848,0.6174,0.9521,0.7234,0.624,0.6094,0.6132,0.856,0.5645,0.6292,0.7835,0.5051,0.5502,0.3868,0.5981,0.673,0.5883,0.5112,0.3162,0.4766,0.2684,0.5232,0.3125,0.2056,0.1579,0.3566,
1.0,0.9988,0.9672,0.966,0.9695,0.997,0.9949,0.9917,0.9855,0.9205,0.7328,0.9311,0.9063,0.837,0.7993,0.8534,0.682,0.823,0.9388,0.7796,0.6091,0.9555,0.7219,0.6211,0.6105,0.6107,0.859,0.57,0.6199,0.7815,0.4998,0.5508,0.3926,0.5896,0.6731,0.5826,0.5205,0.3178,0.4849,0.2598,0.5256,0.3092,0.2056,0.1635,0.3571,
1.0,0.9988,0.9662,0.965,0.9692,0.9968,0.994,0.9901,0.9849,0.9237,0.7359,0.9288,0.9074,0.8372,0.7981,0.8532,0.6787,0.8226,0.9377,0.78,0.6087,0.9497,0.7221,0.6172,0.604,0.6101,0.8528,0.5652,0.6166,0.7837,0.5056,0.5454,0.3881,0.5897,0.6683,0.5835,0.5198,0.3177,0.4711,0.2603,0.5177,0.3123,0.2044,0.1663,0.3464,
1.0,0.9984,0.964,0.9624,0.9671,0.9974,0.9938,0.9876,0.9837,0.9286,0.7388,0.9246,0.911,0.8416,0.801,0.8542,0.6773,0.8287,0.939,0.7803,0.617,0.9514,0.73,0.6169,0.6039,0.6162,0.8518,0.5671,0.6281,0.7818,0.4959,0.5463,0.3755,0.5862,0.6647,0.5851,0.5172,0.3068,0.4791,0.2659,0.5216,0.3038,0.1977,0.1628,0.3534,
1.0,0.9992,0.9713,0.9705,0.9699,0.9975,0.9959,0.9901,0.9845,0.925,0.737,0.9351,0.9087,0.8383,0.8004,0.8616,0.6813,0.8249,0.9422,0.7806,0.6164,0.9514,0.7229,0.6304,0.6085,0.6161,0.8522,0.5634,0.6251,0.7844,0.5036,0.5556,0.392,0.5915,0.6839,0.5864,0.5193,0.3147,0.4792,0.2566,0.5264,0.3131,0.2159,0.1661,0.3489,
1.0,0.9987,0.9695,0.9682,0.9723,0.9976,0.9958,0.9904,0.9838,0.9256,0.7324,0.9357,0.9104,0.8344,0.7948,0.862,0.6823,0.8218,0.9446,0.7884,0.6095,0.9506,0.7198,0.6238,0.599,0.6109,0.86,0.5637,0.6194,0.7841,0.5044,0.5449,0.3885,0.5898,0.6712,0.5783,0.5162,0.3055,0.4829,0.2584,0.5262,0.3074,0.2121,0.1623,0.3493,
1.0,0.9986,0.9656,0.9642,0.9661,0.9983,0.9953,0.9894,0.9845,0.9248,0.7417,0.9248,0.9084,0.8491,0.8093,0.8507,0.6888,0.8351,0.9383,0.7768,0.6188,0.9515,0.722,0.6247,0.6009,0.619,0.8553,0.5755,0.6182,0.7844,0.5052,0.5577,0.3869,0.5909,0.6689,0.5796,0.5222,0.3262,0.4769,0.2648,0.5196,0.309,0.2086,0.1651,0.3599,
1.0,0.9987,0.9688,0.9675,0.97,0.9967,0.9945,0.9914,0.9848,0.9275,0.7351,0.932,0.9116,0.835,0.796,0.8612,0.6765,0.8218,0.9439,0.7817,0.6088,0.9542,0.721,0.619,0.6034,0.6168,0.852,0.566,0.6241,0.7858,0.5098,0.5575,0.3819,0.5931,0.6877,0.5851,0.5204,0.3188,0.4813,0.2544,0.5276,0.3177,0.2152,0.1654,0.3574,
1.0,0.9995,0.9643,0.9638,0.9717,0.9973,0.9956,0.9907,0.9858,0.9239,0.739,0.9291,0.9069,0.8409,0.8018,0.8536,0.6809,0.8273,0.9378,0.7797,0.6059,0.9516,0.7191,0.6198,0.598,0.6124,0.8516,0.5599,0.6063,0.7816,0.5077,0.542,0.3888,0.5837,0.663,0.5738,0.5187,0.3146,0.4805,0.2497,0.5118,0.3133,0.2022,0.1611,0.3465,
1.0,0.999,0.966,0.965,0.972,0.9972,0.9949,0.9901,0.984,0.9243,0.7436,0.932,0.9085,0.8449,0.8097,0.8577,0.6942,0.8311,0.9407,0.7907,0.6122,0.9542,0.7208,0.6249,0.6028,0.6243,0.86,0.5807,0.6154,0.7885,0.5126,0.5579,0.3847,0.5904,0.6798,0.5813,0.5169,0.3239,0.4831,0.2587,0.5238,0.3121,0.2183,0.1571,0.363,
1.0,0.9988,0.9654,0.9642,0.9697,0.9967,0.9943,0.9904,0.9866,0.9197,0.7375,0.9279,0.9031,0.8404,0.803,0.8483,0.6825,0.8296,0.9432,0.7749,0.6087,0.9531,0.7199,0.6198,0.6074,0.6126,0.85,0.5606,0.6163,0.7723,0.5075,0.5515,0.3958,0.596,0.6784,0.582,0.5302,0.3216,0.4864,0.2634,0.5344,0.3244,0.2143,0.1737,0.366,
1.0,0.9992,0.9687,0.9679,0.9684,0.9974,0.9952,0.9909,0.9861,0.9244,0.7348,0.9315,0.9092,0.8382,0.8027,0.8564,0.6836,0.8243,0.9395,0.7829,0.607,0.9494,0.7179,0.6169,0.6025,0.6118,0.8544,0.5633,0.6198,0.7827,0.5019,0.5526,0.3839,0.5852,0.6745,0.5789,0.5189,0.3113,0.4695,0.2605,0.5266,0.3057,0.206,0.1593,0.3471,
1.0,0.9991,0.9663,0.9654,0.9711,0.9975,0.9962,0.9918,0.9856,0.9221,0.7366,0.9308,0.9074,0.8396,0.802,0.8539,0.6865,0.8266,0.9445,0.7846,0.6147,0.9524,0.7177,0.627,0.6041,0.6141,0.8568,0.5681,0.6194,0.7773,0.5059,0.5508,0.3901,0.6007,0.6829,0.5875,0.5325,0.3186,0.4806,0.2682,0.5261,0.3142,0.2146,0.1677,0.3682,
1.0,0.9992,0.97,0.9692,0.9702,0.9964,0.9948,0.9918,0.9872,0.9218,0.7369,0.9332,0.9053,0.8415,0.8057,0.8563,0.6915,0.8281,0.9367,0.7811,0.6036,0.9526,0.7209,0.6216,0.6104,0.6092,0.8605,0.5654,0.6204,0.7833,0.4985,0.5519,0.3948,0.5959,0.6791,0.5803,0.5215,0.3184,0.4846,0.2609,0.5346,0.3097,0.2174,0.1651,0.3573,
1.0,0.9984,0.9683,0.9667,0.9699,0.9974,0.995,0.9899,0.9831,0.9246,0.7336,0.9314,0.9088,0.8379,0.8005,0.8569,0.6839,0.8233,0.9368,0.7865,0.6022,0.9549,0.7207,0.6149,0.6022,0.6111,0.8558,0.5609,0.6169,0.7841,0.5089,0.5454,0.3885,0.5962,0.6718,0.5844,0.5174,0.312,0.4864,0.2504,0.5254,0.3228,0.209,0.1631,0.3579,
1.0,0.9988,0.9685,0.9673,0.9729,0.9968,0.9946,0.9917,0.9848,0.9213,0.7401,0.9356,0.9071,0.8432,0.8038,0.8585,0.6862,0.8282,0.9366,0.7815,0.6105,0.9543,0.7177,0.6277,0.6088,0.6116,0.8547,0.5655,0.6178,0.7806,0.5005,0.5476,0.3865,0.5906,0.6673,0.5783,0.5212,0.316,0.4759,0.264,0.519,0.3038,0.2054,0.1657,0.3508,
1.0,0.9985,0.9694,0.9679,0.9703,0.9971,0.9942,0.9894,0.9826,0.925,0.7363,0.9328,0.9087,0.8387,0.7974,0.8591,0.6814,0.825,0.9408,0.7827,0.6093,0.9514,0.7182,0.623,0.6013,0.6134,0.8549,0.5666,0.6185,0.7862,0.5067,0.552,0.3856,0.5889,0.6716,0.5786,0.5233,0.3163,0.4847,0.2529,0.528,0.3153,0.2138,0.1646,0.3573,
1.0,0.9989,0.9661,0.965,0.9698,0.9969,0.9943,0.9898,0.9851,0.9252,0.7399,0.9296,0.909,0.8421,0.8048,0.8558,0.6892,0.8288,0.9409,0.7878,0.6109,0.9516,0.7176,0.6211,0.5999,0.6156,0.8564,0.5741,0.6193,0.7811,0.5107,0.5567,0.3813,0.5879,0.6764,0.5869,0.524,0.3216,0.4771,0.2636,0.5311,0.3172,0.213,0.1633,0.3554,
1.0,0.9992,0.9675,0.9667,0.9709,0.9977,0.9962,0.9916,0.9857,0.9225,0.7375,0.9307,0.9062,0.8391,0.798,0.8531,0.6829,0.8265,0.9373,0.7795,0.6013,0.9547,0.7159,0.6141,0.6025,0.6124,0.855,0.5586,0.6122,0.7822,0.4965,0.5464,0.3857,0.5949,0.6746,0.5725,0.5097,0.3159,0.4834,0.2544,0.5215,0.3127,0.2063,0.1584,0.3558,
1.0,0.9986,0.969,0.9676,0.9666,0.9971,0.9946,0.9897,0.9849,0.9225,0.7326,0.9302,0.9076,0.8389,0.8003,0.8535,0.6816,0.8254,0.9372,0.7769,0.6107,0.9531,0.7225,0.6219,0.6025,0.6048,0.8534,0.5619,0.623,0.7752,0.5018,0.5522,0.386,0.5919,0.6782,0.586,0.5162,0.3126,0.4737,0.2602,0.5247,0.3105,0.2072,0.1621,0.3515,
1.0,0.9989,0.969,0.9679,0.971,0.9972,0.9954,0.9905,0.9857,0.9195,0.7283,0.9341,0.9042,0.8338,0.8007,0.8557,0.6815,0.8215,0.9454,0.7825,0.6041,0.9529,0.7139,0.6215,0.6022,0.6088,0.8512,0.559,0.6185,0.7771,0.5082,0.5478,0.3831,0.584,0.6828,0.5818,0.5277,0.3138,0.4691,0.2597,0.5245,0.3045,0.2077,0.1633,0.3452,
1.0,0.9989,0.9693,0.9682,0.9707,0.9969,0.9947,0.9903,0.9841,0.9249,0.7338,0.9334,0.9086,0.8351,0.7947,0.8593,0.6829,0.8207,0.9391,0.7842,0.6111,0.9535,0.7238,0.6212,0.6077,0.6088,0.8562,0.5585,0.6212,0.7812,0.5038,0.5426,0.3837,0.5893,0.674,0.5931,0.531,0.3081,0.4775,0.2605,0.5266,0.304,0.2072,0.1681,0.3443,
1.0,0.999,0.9697,0.9687,0.9691,0.9977,0.9959,0.9896,0.9843,0.9232,0.7363,0.9313,0.9051,0.841,0.8009,0.8554,0.6862,0.8291,0.9426,0.7803,0.61,0.9539,0.7237,0.6263,0.6086,0.6145,0.8556,0.5654,0.6192,0.779,0.5014,0.5535,0.3903,0.5952,0.6814,0.583,0.5213,0.3135,0.4757,0.2583,0.5195,0.3131,0.2091,0.1654,0.3589,
1.0,0.9989,0.9693,0.9682,0.9701,0.9977,0.9953,0.9907,0.9851,0.921,0.7358,0.9338,0.9066,0.8374,0.8011,0.855,0.6918,0.8245,0.9423,0.7871,0.6144,0.954,0.7231,0.6284,0.6127,0.6169,0.8642,0.5746,0.6236,0.7829,0.5057,0.5566,0.3939,0.5907,0.6743,0.5879,0.5329,0.3198,0.4779,0.2648,0.5339,0.3081,0.2154,0.1666,0.3567,
1.0,0.9988,0.9653,0.9641,0.9697,0.9964,0.9945,0.9909,0.9851,0.9241,0.7392,0.928,0.9071,0.843,0.8034,0.8528,0.6894,0.8292,0.9402,0.7847,0.6138,0.954,0.7219,0.6206,0.6011,0.6153,0.8559,0.5728,0.6125,0.7838,0.5167,0.5496,0.3871,0.5803,0.6647,0.5777,0.5269,0.3237,0.481,0.2629,0.5182,0.3151,0.2061,0.1666,0.3563,
1.0,0.9994,0.9683,0.9677,0.972,0.9968,0.9951,0.9913,0.9859,0.9155,0.7307,0.9335,0.8991,0.8371,0.8012,0.8508,0.6824,0.8235,0.9377,0.7764,0.5935,0.9526,0.7102,0.618,0.6065,0.6075,0.8533,0.5581,0.6085,0.7756,0.4972,0.5451,0.388,0.5886,0.6717,0.572,0.5158,0.3137,0.4784,0.2518,0.5205,0.3109,0.204,0.1624,0.3498,
1.0,0.9981,0.9674,0.9655,0.9719,0.9975,0.9945,0.9897,0.9862,0.9278,0.74,0.9318,0.9119,0.8374,0.8012,0.8604,0.6872,0.8262,0.9439,0.792,0.6058,0.9561,0.7209,0.6146,0.5973,0.6133,0.8597,0.5637,0.6158,0.7896,0.5158,0.5444,0.3853,0.5908,0.6757,0.5817,0.5324,0.3153,0.4811,0.2618,0.5218,0.3201,0.2122,0.1664,0.3555,
1.0,0.9988,0.9695,0.9683,0.9688,0.9976,0.9956,0.9917,0.9874,0.9237,0.7384,0.933,0.9103,0.8397,0.8057,0.857,0.6869,0.8274,0.9417,0.7806,0.6166,0.9542,0.7269,0.6277,0.6121,0.6154,0.8552,0.5637,0.6289,0.7793,0.5074,0.5521,0.395,0.5985,0.6783,0.5912,0.516,0.3197,0.484,0.2589,0.521,0.3155,0.2124,0.1638,0.3618,
1.0,0.9985,0.9684,0.9669,0.9716,0.996,0.993,0.9879,0.9834,0.9233,0.7389,0.9332,0.9035,0.8416,0.8016,0.8582,0.6846,0.828,0.9393,0.7824,0.623,0.9489,0.728,0.638,0.6168,0.6155,0.8491,0.5643,0.6323,0.7752,0.5046,0.5523,0.3965,0.5891,0.6698,0.5866,0.5096,0.3107,0.4803,0.2638,0.5221,0.3047,0.2052,0.1686,0.3546,
1.0,0.9987,0.9701,0.9688,0.9698,0.9983,0.996,0.9899,0.9845,0.9245,0.7338,0.932,0.9079,0.8369,0.7955,0.8571,0.6794,0.823,0.9402,0.7784,0.6081,0.9542,0.7241,0.6214,0.6125,0.6146,0.8554,0.566,0.626,0.7854,0.5147,0.5553,0.3919,0.5949,0.6737,0.5851,0.5208,0.3231,0.4728,0.259,0.5186,0.3136,0.2073,0.1614,0.3493,
1.0,0.999,0.9682,0.9672,0.9722,0.9973,0.995,0.9911,0.986,0.9253,0.7409,0.9323,0.9082,0.8397,0.8011,0.8581,0.6829,0.8266,0.9389,0.7814,0.6075,0.9524,0.7185,0.6208,0.6089,0.6132,0.8484,0.5633,0.6199,0.7819,0.5002,0.5482,0.3853,0.5873,0.6713,0.5818,0.5173,0.3086,0.4812,0.2567,0.5195,0.3073,0.2037,0.1622,0.3506,
1.0,0.9992,0.966,0.9652,0.9696,0.9965,0.9944,0.9884,0.9829,0.9254,0.7336,0.929,0.9064,0.8367,0.7965,0.8563,0.676,0.8228,0.9394,0.7809,0.6093,0.9485,0.7216,0.6188,0.6053,0.6126,0.8504,0.5546,0.6192,0.7777,0.4931,0.5417,0.3768,0.5909,0.6742,0.579,0.5094,0.3062,0.4744,0.2562,0.5188,0.3051,0.2041,0.1507,0.3503,
1.0,0.9991,0.9682,0.9673,0.9682,0.9973,0.9955,0.9922,0.9868,0.9224,0.735,0.9301,0.9077,0.8385,0.8007,0.8543,0.6854,0.8252,0.9424,0.7793,0.6104,0.9541,0.7189,0.623,0.6005,0.6122,0.8575,0.5704,0.6195,0.776,0.5039,0.5533,0.3893,0.59,0.6732,0.5838,0.5194,0.314,0.4785,0.2568,0.5235,0.3086,0.2087,0.1642,0.3515,
1.0,0.9987,0.9676,0.9663,0.9701,0.9983,0.9958,0.99,0.9852,0.9237,0.7399,0.9308,0.9083,0.8418,0.803,0.8565,0.6846,0.8283,0.938,0.7823,0.6146,0.9523,0.7292,0.6265,0.6134,0.6159,0.859,0.561,0.6284,0.7827,0.4934,0.5488,0.3921,0.5993,0.6819,0.5882,0.5237,0.3163,0.4867,0.2671,0.53,0.3117,0.2023,0.1669,0.3598,
1.0,0.9991,0.9678,0.9669,0.9705,0.9972,0.9955,0.9908,0.9861,0.9217,0.739,0.9327,0.9066,0.8413,0.803,0.8567,0.686,0.8298,0.9463,0.7813,0.6167,0.9521,0.7245,0.63,0.6138,0.6203,0.8602,0.5793,0.6208,0.7807,0.5043,0.5595,0.391,0.5905,0.6799,0.5845,0.5249,0.3226,0.4826,0.2636,0.5233,0.3098,0.211,0.1652,0.3535,
1.0,0.9989,0.9694,0.9683,0.9707,0.9973,0.9953,0.9913,0.985,0.9261,0.7419,0.934,0.9114,0.8417,0.8014,0.8608,0.6878,0.8271,0.9391,0.7853,0.6175,0.9538,0.7285,0.6277,0.61,0.6196,0.8576,0.5742,0.626,0.7864,0.505,0.5604,0.3969,0.5922,0.6719,0.5854,0.5173,0.3216,0.4762,0.2603,0.5217,0.31,0.2043,0.1619,0.3529,
1.0,0.9989,0.9649,0.9638,0.9658,0.9977,0.9961,0.9908,0.9854,0.9212,0.7352,0.9246,0.9061,0.8414,0.8031,0.8468,0.6894,0.8295,0.9402,0.779,0.6114,0.9525,0.7169,0.617,0.5906,0.6049,0.8606,0.5616,0.6139,0.7729,0.4967,0.5413,0.3826,0.5923,0.6757,0.5782,0.5202,0.3158,0.4796,0.2577,0.5277,0.309,0.2035,0.158,0.3575,
1.0,0.9991,0.9672,0.9663,0.9683,0.9976,0.996,0.9916,0.9868,0.9231,0.7331,0.9282,0.9072,0.8358,0.7966,0.8517,0.6843,0.8236,0.9394,0.7785,0.604,0.9534,0.719,0.6154,0.6023,0.6086,0.8585,0.5683,0.6164,0.7791,0.5003,0.5542,0.3855,0.5888,0.6796,0.5788,0.5241,0.3224,0.4747,0.2574,0.5242,0.3017,0.2111,0.1643,0.353,
1.0,0.9992,0.966,0.9652,0.9703,0.9977,0.9959,0.9914,0.9858,0.9248,0.7324,0.9302,0.91,0.8338,0.7952,0.8567,0.6743,0.8193,0.9376,0.7786,0.6057,0.9558,0.7253,0.6164,0.6007,0.6051,0.8528,0.5534,0.6198,0.7827,0.5023,0.5389,0.3903,0.5898,0.6786,0.577,0.5171,0.3151,0.481,0.2538,0.5221,0.3126,0.21,0.1658,0.3536,
1.0,0.999,0.9675,0.9665,0.9662,0.9978,0.9956,0.9908,0.9849,0.9213,0.7397,0.9275,0.9058,0.8467,0.811,0.8494,0.692,0.8329,0.9397,0.7813,0.6157,0.954,0.7218,0.625,0.6017,0.62,0.8555,0.5723,0.6147,0.7772,0.4934,0.5575,0.3783,0.5863,0.6767,0.5792,0.5131,0.3178,0.477,0.2598,0.526,0.3038,0.2011,0.1549,0.3524,
1.0,0.9991,0.9672,0.9663,0.9711,0.997,0.9949,0.9916,0.9868,0.9256,0.7303,0.9311,0.9086,0.8296,0.7917,0.8572,0.6717,0.8165,0.9406,0.7787,0.603,0.9535,0.7181,0.6133,0.6052,0.6061,0.8505,0.5569,0.6217,0.7856,0.5094,0.5486,0.3918,0.5962,0.6819,0.5824,0.5095,0.3127,0.478,0.2513,0.5229,0.3187,0.2134,0.1553,0.3528,
1.0,0.9992,0.9697,0.9689,0.9706,0.9973,0.9955,0.9903,0.9854,0.9226,0.7351,0.9342,0.9061,0.8374,0.7988,0.8567,0.6839,0.8247,0.9411,0.7804,0.6096,0.9514,0.7225,0.6226,0.6111,0.6144,0.8562,0.5641,0.6199,0.7839,0.5091,0.548,0.4004,0.5949,0.6714,0.5865,0.5193,0.3166,0.4853,0.2582,0.5223,0.3262,0.2086,0.1694,0.3552,
1.0,0.998,0.965,0.963,0.9709,0.9984,0.9952,0.9897,0.9853,0.9202,0.7367,0.929,0.9055,0.8445,0.8061,0.8506,0.6849,0.8321,0.9459,0.7801,0.6128,0.9552,0.7207,0.6266,0.6076,0.6179,0.858,0.5782,0.6137,0.7843,0.5062,0.5593,0.386,0.5899,0.6789,0.5852,0.5268,0.3259,0.4824,0.2575,0.5223,0.3146,0.2051,0.1629,0.3598,
1.0,0.9989,0.967,0.9659,0.9692,0.9975,0.9959,0.9914,0.9837,0.9244,0.737,0.9301,0.9099,0.8413,0.8041,0.8555,0.6853,0.8256,0.9389,0.7841,0.6107,0.952,0.7202,0.6204,0.6125,0.6229,0.859,0.5717,0.6238,0.7847,0.506,0.5608,0.3898,0.5947,0.681,0.584,0.5227,0.3198,0.4788,0.2661,0.5279,0.3159,0.2123,0.1698,0.3614,
1.0,0.9986,0.9679,0.9665,0.9672,0.997,0.9939,0.9889,0.9835,0.9192,0.7278,0.9289,0.902,0.8372,0.7972,0.8492,0.6749,0.823,0.9398,0.7716,0.6096,0.9524,0.7226,0.6205,0.6061,0.6093,0.8513,0.5647,0.6149,0.7752,0.498,0.5519,0.3852,0.5945,0.6794,0.5808,0.5229,0.3158,0.4761,0.2539,0.5251,0.3068,0.2075,0.1682,0.3439,
1.0,0.9994,0.9661,0.9655,0.9664,0.9974,0.9956,0.9916,0.9855,0.9231,0.7282,0.9267,0.9077,0.8321,0.7936,0.8507,0.6793,0.8185,0.9427,0.7801,0.6025,0.9577,0.7191,0.6128,0.5967,0.6141,0.8602,0.5674,0.6069,0.778,0.5016,0.5509,0.3804,0.5834,0.684,0.5753,0.5275,0.3169,0.4817,0.2466,0.5303,0.3068,0.2111,0.1582,0.3518,
1.0,0.9989,0.9673,0.9662,0.9671,0.9973,0.9954,0.9914,0.9841,0.9218,0.7331,0.9291,0.9077,0.8409,0.8043,0.8524,0.6864,0.8269,0.9401,0.7812,0.6148,0.9528,0.7243,0.6265,0.6132,0.6189,0.8576,0.5737,0.6245,0.7785,0.4962,0.556,0.3843,0.5813,0.6679,0.5854,0.5207,0.3136,0.475,0.2633,0.5228,0.3029,0.2047,0.1611,0.3508,
1.0,0.9989,0.9677,0.9666,0.9685,0.9976,0.9955,0.9909,0.9858,0.9224,0.7268,0.9302,0.9078,0.832,0.795,0.8538,0.6755,0.8197,0.9446,0.7778,0.6037,0.9546,0.7202,0.6189,0.6054,0.6065,0.853,0.5613,0.619,0.7799,0.5096,0.5509,0.3939,0.5907,0.6777,0.5843,0.5246,0.3144,0.4733,0.2529,0.5226,0.3146,0.2056,0.159,0.3405,
1.0,0.999,0.9711,0.9701,0.9713,0.9968,0.9954,0.9915,0.9859,0.9228,0.7416,0.9366,0.908,0.8442,0.8095,0.8608,0.6935,0.8328,0.9444,0.7856,0.6127,0.9546,0.7208,0.6301,0.615,0.6217,0.8571,0.5702,0.6264,0.7817,0.5053,0.555,0.3882,0.5976,0.6825,0.5893,0.5212,0.3134,0.4764,0.2632,0.5271,0.3173,0.2097,0.1635,0.3623,
1.0,0.9992,0.9675,0.9667,0.9715,0.998,0.9956,0.9917,0.9855,0.9213,0.7346,0.9328,0.9062,0.8394,0.8014,0.8561,0.6797,0.8252,0.9407,0.7781,0.6149,0.9568,0.7234,0.6308,0.6182,0.6155,0.8556,0.5677,0.6253,0.7806,0.5091,0.5574,0.3995,0.5982,0.6784,0.5851,0.5185,0.3223,0.4803,0.2579,0.5198,0.3163,0.2123,0.1684,0.3618,
1.0,0.9991,0.9653,0.9644,0.971,0.9971,0.9946,0.9895,0.984,0.9207,0.7418,0.9283,0.9018,0.8484,0.8086,0.8511,0.6965,0.8333,0.9359,0.7826,0.6133,0.9485,0.7178,0.6288,0.6084,0.6177,0.8565,0.5794,0.6142,0.7823,0.5138,0.5612,0.3931,0.5889,0.6695,0.574,0.5155,0.3241,0.4813,0.2622,0.5233,0.3226,0.2106,0.1615,0.3617,
1.0,0.9981,0.97,0.9681,0.9702,0.9982,0.9947,0.9891,0.9848,0.9223,0.7378,0.9338,0.9072,0.8418,0.8025,0.8581,0.6896,0.8281,0.9383,0.7819,0.6029,0.9518,0.7169,0.6171,0.6067,0.6148,0.859,0.5666,0.6158,0.7772,0.5067,0.5497,0.3931,0.5882,0.6749,0.5718,0.5128,0.3266,0.4767,0.2494,0.5299,0.3117,0.2056,0.1602,0.3527,
1.0,0.9991,0.9702,0.9693,0.9716,0.9977,0.996,0.9915,0.9853,0.9252,0.7341,0.9342,0.9091,0.8339,0.7959,0.861,0.6809,0.82,0.9387,0.7835,0.6091,0.9538,0.7242,0.6239,0.6083,0.6083,0.8546,0.5557,0.6265,0.789,0.5069,0.5413,0.3886,0.5926,0.6696,0.5791,0.517,0.3117,0.4786,0.2556,0.5207,0.3127,0.2071,0.1638,0.3472,
1.0,0.9987,0.9701,0.9688,0.9712,0.9973,0.9952,0.9926,0.9866,0.9222,0.7388,0.9345,0.9078,0.8415,0.8068,0.8587,0.6905,0.8282,0.943,0.784,0.6121,0.9502,0.7173,0.6293,0.6108,0.6184,0.8607,0.5763,0.6263,0.7933,0.5074,0.564,0.3884,0.5918,0.6777,0.5813,0.5141,0.3248,0.4815,0.2642,0.532,0.3148,0.2141,0.1584,0.3651,
1.0,0.9985,0.9698,0.9683,0.9676,0.9971,0.9945,0.9899,0.9844,0.9227,0.7339,0.9308,0.9063,0.839,0.7986,0.8547,0.684,0.825,0.944,0.7788,0.6096,0.952,0.7209,0.622,0.602,0.6169,0.8574,0.5687,0.6169,0.774,0.5032,0.5552,0.3844,0.5945,0.6847,0.5852,0.528,0.3169,0.4693,0.2595,0.5255,0.3105,0.2086,0.1584,0.354,
1.0,0.9988,0.9692,0.968,0.9692,0.9965,0.9944,0.9894,0.9835,0.9287,0.744,0.9318,0.9114,0.8449,0.8042,0.8619,0.6884,0.8317,0.9429,0.7869,0.6237,0.9504,0.7296,0.6335,0.6148,0.6205,0.855,0.5721,0.6296,0.7797,0.5093,0.5549,0.3961,0.5914,0.6712,0.5873,0.5161,0.3245,0.4855,0.2696,0.5297,0.3107,0.2095,0.1652,0.3567,
1.0,0.9992,0.9721,0.9713,0.9696,0.9976,0.9961,0.9924,0.9867,0.9198,0.7316,0.9349,0.905,0.8369,0.7996,0.8556,0.6856,0.8225,0.9393,0.7773,0.6089,0.955,0.7206,0.6284,0.6146,0.6061,0.8552,0.5642,0.629,0.7812,0.5021,0.5573,0.3891,0.597,0.6883,0.5843,0.5211,0.3215,0.4733,0.2622,0.5309,0.3089,0.2128,0.1653,0.3539,
1.0,0.9988,0.97,0.9688,0.9679,0.997,0.9948,0.991,0.9861,0.9258,0.7367,0.9308,0.9093,0.8378,0.7985,0.8582,0.6819,0.8249,0.9399,0.7792,0.6107,0.955,0.7243,0.6204,0.6081,0.6135,0.8536,0.5661,0.6207,0.7847,0.5081,0.557,0.3946,0.5926,0.6764,0.5828,0.5202,0.3212,0.478,0.2561,0.5199,0.3113,0.2048,0.1683,0.3501,
1.0,0.9992,0.9694,0.9686,0.9694,0.9976,0.9959,0.9894,0.9829,0.9213,0.7277,0.933,0.9045,0.8337,0.7949,0.8556,0.682,0.8212,0.9388,0.7833,0.5975,0.956,0.7169,0.6141,0.6002,0.6076,0.8582,0.5663,0.6035,0.7822,0.5068,0.5492,0.3835,0.5848,0.669,0.5695,0.5218,0.3208,0.4815,0.2458,0.5292,0.3102,0.2009,0.1619,0.3423,
1.0,0.9987,0.97,0.9687,0.9687,0.997,0.9945,0.9908,0.9851,0.924,0.7328,0.932,0.908,0.8361,0.797,0.8569,0.6863,0.8224,0.939,0.7847,0.6095,0.9512,0.7244,0.6188,0.6013,0.6065,0.8638,0.5591,0.6187,0.7814,0.4978,0.5469,0.3877,0.5906,0.6788,0.5779,0.5192,0.3066,0.4812,0.2571,0.5295,0.3067,0.2015,0.1599,0.3489,
1.0,0.9988,0.9672,0.966,0.9719,0.9975,0.9949,0.9893,0.9836,0.914,0.7274,0.9315,0.8964,0.8377,0.7982,0.8468,0.6855,0.8238,0.9376,0.7794,0.5949,0.9516,0.7111,0.618,0.6049,0.6089,0.8589,0.567,0.6102,0.7762,0.496,0.5512,0.3863,0.5891,0.6738,0.5697,0.5188,0.3121,0.4795,0.2504,0.5294,0.3071,0.1961,0.1626,0.3581,
1.0,0.9987,0.9684,0.9671,0.9712,0.9971,0.9952,0.9923,0.9866,0.924,0.7381,0.9324,0.909,0.8374,0.8009,0.858,0.6784,0.8234,0.9387,0.7777,0.6094,0.9544,0.7252,0.6217,0.6052,0.6057,0.852,0.5558,0.6183,0.7907,0.5129,0.5435,0.3885,0.5902,0.6705,0.5837,0.5109,0.319,0.4683,0.2542,0.5096,0.3144,0.2105,0.1586,0.347,
1.0,0.9989,0.9663,0.9652,0.9709,0.9974,0.9955,0.9908,0.9846,0.9238,0.741,0.9302,0.9079,0.8438,0.8021,0.8555,0.686,0.8313,0.9428,0.7817,0.6149,0.9531,0.7212,0.6264,0.6007,0.6201,0.8578,0.5732,0.6111,0.7815,0.5017,0.5529,0.3859,0.5841,0.674,0.5813,0.5223,0.3189,0.4844,0.26,0.53,0.3126,0.2057,0.1662,0.3554,
1.0,0.9991,0.9683,0.9674,0.9732,0.9974,0.9954,0.9915,0.9873,0.9269,0.741,0.9353,0.9119,0.835,0.7981,0.8623,0.686,0.8225,0.9403,0.7907,0.6092,0.953,0.7227,0.6185,0.6056,0.6121,0.8613,0.5633,0.6218,0.7907,0.5137,0.5498,0.3954,0.5971,0.6791,0.5816,0.5215,0.314,0.4888,0.262,0.5319,0.3254,0.2162,0.1669,0.3583,
1.0,0.9988,0.9678,0.9666,0.9663,0.9977,0.9954,0.9902,0.9842,0.9237,0.7317,0.9276,0.9083,0.837,0.7983,0.8526,0.6851,0.8229,0.9391,0.7816,0.6117,0.9515,0.7206,0.6234,0.6024,0.6088,0.8572,0.5639,0.6245,0.7738,0.4938,0.5467,0.3835,0.5896,0.6719,0.5819,0.5227,0.3111,0.4754,0.2597,0.522,0.3011,0.2085,0.1632,0.3548,
1.0,0.9991,0.9704,0.9695,0.9656,0.9975,0.9957,0.9912,0.9864,0.9209,0.7333,0.9298,0.9061,0.8383,0.8033,0.8518,0.6887,0.8238,0.9374,0.7773,0.6041,0.9534,0.7167,0.6171,0.5958,0.6068,0.8561,0.5611,0.6158,0.7782,0.497,0.5505,0.3821,0.5941,0.68,0.5814,0.5281,0.3053,0.4786,0.2558,0.5283,0.3046,0.2053,0.1615,0.356,
1.0,0.9996,0.9673,0.9669,0.9678,0.9974,0.9956,0.991,0.9852,0.9202,0.7293,0.9285,0.9036,0.838,0.798,0.8506,0.6848,0.8228,0.9372,0.7802,0.6006,0.9543,0.7168,0.6187,0.6033,0.6046,0.8596,0.5639,0.6124,0.7761,0.4998,0.5478,0.3923,0.5959,0.6794,0.5782,0.5211,0.3185,0.488,0.2564,0.5322,0.3086,0.2038,0.1643,0.3518,
1.0,0.9993,0.9711,0.9704,0.9705,0.997,0.9956,0.9902,0.9841,0.9237,0.7315,0.9355,0.9063,0.8337,0.7956,0.8609,0.6835,0.8206,0.9426,0.7859,0.6016,0.9543,0.7139,0.6168,0.6048,0.6117,0.8567,0.5647,0.6192,0.782,0.5104,0.5459,0.3823,0.5964,0.6775,0.5794,0.5261,0.3098,0.4836,0.2553,0.5234,0.3155,0.2118,0.1625,0.3577,
1.0,0.9987,0.9686,0.9673,0.9713,0.9965,0.9943,0.9915,0.9848,0.9255,0.7409,0.9324,0.9095,0.8417,0.8028,0.8595,0.6893,0.8268,0.9377,0.7872,0.6107,0.9545,0.7229,0.6246,0.6064,0.6176,0.8618,0.5722,0.6176,0.7912,0.5029,0.554,0.3829,0.5914,0.6765,0.5784,0.5175,0.3161,0.4778,0.2574,0.5225,0.3039,0.2084,0.1609,0.358,
1.0,0.9993,0.9684,0.9677,0.966,0.9969,0.9951,0.9913,0.9856,0.9263,0.7307,0.9282,0.91,0.8331,0.7951,0.8556,0.6779,0.8185,0.9344,0.7808,0.6036,0.9518,0.7218,0.6114,0.6006,0.6016,0.8554,0.5529,0.6241,0.779,0.4994,0.5349,0.3872,0.5941,0.6647,0.5803,0.5176,0.3029,0.4733,0.2652,0.517,0.3061,0.2067,0.1648,0.3519,
1.0,0.9991,0.9687,0.9678,0.9718,0.9973,0.9957,0.9919,0.9857,0.9301,0.7453,0.9354,0.916,0.8396,0.802,0.8662,0.6843,0.8266,0.9433,0.7896,0.6227,0.9565,0.7349,0.6292,0.6128,0.623,0.8593,0.5677,0.6257,0.7923,0.5179,0.5503,0.4006,0.5967,0.6759,0.5907,0.5225,0.3223,0.482,0.2668,0.5234,0.3247,0.2088,0.168,0.3559,
1.0,0.9993,0.9701,0.9694,0.9713,0.9964,0.994,0.9911,0.9854,0.9244,0.7383,0.9351,0.9072,0.8379,0.7972,0.8607,0.6744,0.8229,0.9395,0.7754,0.6151,0.9517,0.7257,0.6299,0.6162,0.6145,0.8497,0.5634,0.6286,0.7844,0.501,0.5542,0.3923,0.5953,0.6776,0.5895,0.5142,0.315,0.4789,0.2589,0.526,0.3124,0.2103,0.1674,0.3506,
1.0,0.9989,0.9671,0.966,0.9713,0.9977,0.9959,0.9904,0.9833,0.9253,0.7383,0.9317,0.9098,0.8404,0.7995,0.858,0.6804,0.8255,0.9349,0.7825,0.6083,0.9555,0.7268,0.62,0.6078,0.6098,0.8543,0.5614,0.6214,0.7855,0.5045,0.5464,0.3893,0.59,0.6696,0.5768,0.5144,0.315,0.4832,0.2598,0.5198,0.3102,0.2052,0.1619,0.3524,
1.0,0.9989,0.9688,0.9677,0.9733,0.9974,0.9956,0.9904,0.9854,0.9226,0.7386,0.9358,0.9066,0.8383,0.801,0.8588,0.6887,0.8256,0.9388,0.7891,0.6055,0.9525,0.7223,0.6213,0.6138,0.612,0.8613,0.5642,0.6236,0.7855,0.5023,0.5488,0.3907,0.5941,0.6795,0.5854,0.5205,0.3197,0.4765,0.2613,0.5309,0.3164,0.2121,0.1694,0.3531,
1.0,0.9986,0.9685,0.9671,0.9713,0.9977,0.9952,0.9909,0.9849,0.9237,0.7398,0.934,0.91,0.8409,0.8023,0.8583,0.6897,0.8266,0.9386,0.7868,0.6103,0.9521,0.724,0.6239,0.6117,0.6163,0.8647,0.5706,0.6236,0.7799,0.5085,0.5492,0.4,0.5971,0.6749,0.5877,0.52,0.3197,0.4844,0.2573,0.5339,0.3163,0.215,0.1561,0.3609,
1.0,0.999,0.9653,0.9643,0.9688,0.9976,0.9953,0.9901,0.9846,0.9252,0.7394,0.9276,0.9093,0.8413,0.8042,0.8554,0.6836,0.8288,0.9382,0.7823,0.6096,0.9545,0.7252,0.6165,0.6006,0.6135,0.8556,0.5657,0.6231,0.7842,0.5008,0.554,0.388,0.5988,0.6795,0.5826,0.5212,0.3121,0.4853,0.2626,0.5305,0.3164,0.2141,0.1651,0.3622,
1.0,0.9986,0.9684,0.967,0.968,0.9973,0.9952,0.9912,0.9848,0.9263,0.7288,0.9294,0.9109,0.8298,0.7907,0.8569,0.6796,0.8165,0.9427,0.786,0.6068,0.955,0.7235,0.6132,0.6072,0.6064,0.864,0.5644,0.6209,0.7821,0.5072,0.542,0.3862,0.5967,0.6762,0.5908,0.5316,0.3179,0.4846,0.259,0.5242,0.3148,0.2093,0.165,0.3558,
1.0,0.9988,0.9703,0.9691,0.9691,0.997,0.995,0.99,0.9849,0.9225,0.7356,0.932,0.9055,0.8381,0.8007,0.8562,0.6899,0.8246,0.94,0.7852,0.6065,0.9507,0.7232,0.6236,0.6086,0.6114,0.8582,0.5696,0.622,0.7854,0.5041,0.5509,0.3915,0.5875,0.6682,0.585,0.5246,0.3079,0.4851,0.265,0.5265,0.3147,0.205,0.1665,0.3571,
1.0,0.9992,0.9656,0.9648,0.971,0.9976,0.9956,0.9901,0.9852,0.9239,0.7362,0.9314,0.9086,0.8381,0.8006,0.8566,0.6755,0.8245,0.9397,0.781,0.6092,0.9523,0.7251,0.619,0.6069,0.613,0.8538,0.5638,0.615,0.7872,0.5087,0.546,0.3896,0.5878,0.6654,0.581,0.5156,0.3222,0.4825,0.2549,0.5199,0.319,0.2116,0.169,0.3483,
1.0,0.9993,0.968,0.9673,0.9709,0.9969,0.9955,0.991,0.9854,0.9203,0.7379,0.9322,0.9035,0.8426,0.8021,0.8534,0.6828,0.8291,0.9397,0.7737,0.608,0.9522,0.7194,0.6253,0.6128,0.6106,0.8507,0.5697,0.6235,0.7781,0.4973,0.5589,0.3876,0.5939,0.6747,0.5826,0.5044,0.3183,0.474,0.2522,0.5236,0.3042,0.2029,0.16,0.355,
1.0,0.9988,0.9663,0.9651,0.9707,0.9974,0.9947,0.9887,0.9836,0.9247,0.7382,0.9306,0.9075,0.8403,0.8025,0.8559,0.684,0.8247,0.936,0.7836,0.6087,0.9476,0.7183,0.6179,0.6023,0.6128,0.8511,0.5611,0.6215,0.7825,0.5078,0.5493,0.3847,0.5875,0.6659,0.5789,0.5069,0.3138,0.467,0.2576,0.5194,0.3094,0.2151,0.1544,0.356,
1.0,0.9991,0.969,0.9681,0.9714,0.997,0.9942,0.99,0.9851,0.9241,0.7393,0.9345,0.9075,0.8396,0.8031,0.8594,0.6875,0.8251,0.9399,0.7844,0.6128,0.9517,0.7222,0.6262,0.6163,0.6248,0.8537,0.5707,0.62,0.7802,0.5048,0.5532,0.3987,0.5881,0.668,0.585,0.5147,0.314,0.4801,0.259,0.5204,0.3118,0.2019,0.167,0.3568,
1.0,0.9988,0.9683,0.9671,0.9726,0.9978,0.9959,0.9882,0.9831,0.9257,0.737,0.9333,0.9075,0.8376,0.7968,0.8602,0.6864,0.8268,0.9443,0.7909,0.6107,0.9498,0.7222,0.6256,0.6107,0.6233,0.8582,0.5748,0.6207,0.7846,0.5159,0.5544,0.3986,0.593,0.6748,0.5864,0.5262,0.3259,0.4833,0.2681,0.5295,0.3163,0.2138,0.1739,0.3525,
1.0,0.9994,0.9669,0.9663,0.9668,0.9979,0.9955,0.9907,0.9859,0.9212,0.7384,0.9287,0.9066,0.8447,0.8087,0.851,0.6937,0.8312,0.9406,0.7819,0.6106,0.9521,0.719,0.6233,0.6035,0.6174,0.8614,0.574,0.6194,0.7743,0.4905,0.5589,0.3793,0.5873,0.6728,0.5821,0.5218,0.3146,0.48,0.2584,0.5293,0.303,0.2059,0.1565,0.3633,
1.0,0.999,0.9683,0.9673,0.9693,0.9974,0.9958,0.9923,0.9861,0.9201,0.7348,0.9315,0.9058,0.8395,0.802,0.8532,0.6903,0.8266,0.9396,0.7845,0.6105,0.9549,0.7207,0.6245,0.6079,0.6123,0.863,0.5711,0.6138,0.7742,0.4903,0.5463,0.3982,0.5894,0.674,0.5799,0.5264,0.315,0.4891,0.2565,0.5324,0.3078,0.203,0.1697,0.3597,
1.0,0.9991,0.9678,0.9669,0.9709,0.9967,0.995,0.9895,0.9837,0.9224,0.7397,0.9326,0.9054,0.842,0.801,0.8566,0.6842,0.8289,0.9413,0.7821,0.6141,0.9486,0.719,0.6266,0.6052,0.6189,0.8542,0.5735,0.6164,0.7802,0.5004,0.5555,0.3892,0.5952,0.6765,0.5809,0.5172,0.317,0.48,0.2623,0.5285,0.3078,0.2051,0.1619,0.3492,
1.0,0.9985,0.9669,0.9654,0.9683,0.9973,0.9948,0.9902,0.9852,0.9208,0.7378,0.9262,0.903,0.8424,0.8029,0.8478,0.6859,0.83,0.9387,0.7763,0.6091,0.955,0.718,0.6214,0.6018,0.609,0.853,0.5661,0.6119,0.7802,0.5019,0.5515,0.3857,0.5961,0.6746,0.5809,0.5255,0.3128,0.4783,0.2612,0.5208,0.3092,0.2034,0.1635,0.3581,
1.0,0.9992,0.9694,0.9686,0.9695,0.9977,0.996,0.9923,0.9876,0.9205,0.7345,0.9334,0.9075,0.836,0.8002,0.8541,0.6846,0.8239,0.9396,0.7778,0.6056,0.952,0.7167,0.619,0.5997,0.6016,0.8577,0.5584,0.6203,0.7821,0.504,0.5451,0.3877,0.5887,0.6756,0.5761,0.522,0.3124,0.4703,0.2641,0.5272,0.3099,0.2063,0.1516,0.3446,
1.0,0.9985,0.969,0.9675,0.9701,0.9971,0.9947,0.9898,0.9867,0.9243,0.7442,0.9323,0.908,0.844,0.8087,0.8582,0.6906,0.8331,0.9428,0.7847,0.6143,0.9527,0.7217,0.6246,0.603,0.6186,0.8567,0.5722,0.6122,0.7841,0.5073,0.5574,0.3896,0.588,0.6771,0.5771,0.5167,0.3227,0.4781,0.2523,0.5342,0.3093,0.211,0.1655,0.3603,
1.0,0.9985,0.9682,0.9667,0.9705,0.9972,0.995,0.9894,0.9821,0.92,0.7276,0.9315,0.9032,0.8346,0.7947,0.8533,0.6808,0.8206,0.9386,0.783,0.6041,0.9546,0.7194,0.6182,0.6053,0.6055,0.8571,0.5642,0.6145,0.7821,0.5013,0.5509,0.3902,0.5971,0.6808,0.5826,0.5167,0.3147,0.4857,0.2548,0.5306,0.3129,0.2074,0.1626,0.3604,
1.0,0.9987,0.9657,0.9644,0.9732,0.9971,0.9945,0.9908,0.9857,0.9235,0.7365,0.9316,0.9072,0.8362,0.7986,0.8558,0.6807,0.8228,0.9425,0.7844,0.61,0.953,0.7212,0.623,0.6027,0.612,0.8521,0.5593,0.619,0.7832,0.5001,0.5451,0.3884,0.5864,0.6738,0.5804,0.5213,0.3027,0.4776,0.2586,0.523,0.3105,0.1994,0.1623,0.3568,
1.0,0.9988,0.9684,0.9672,0.9678,0.9974,0.9956,0.9918,0.9858,0.9227,0.7299,0.929,0.9077,0.8341,0.7968,0.8522,0.6817,0.8212,0.9429,0.7788,0.6052,0.9522,0.7245,0.6175,0.6123,0.6128,0.8611,0.5642,0.6237,0.7822,0.5018,0.5529,0.3872,0.5903,0.6824,0.5849,0.5153,0.3183,0.472,0.2565,0.5224,0.3079,0.2066,0.1543,0.3491,
1.0,0.9988,0.9684,0.9672,0.9694,0.9974,0.9945,0.9896,0.9847,0.926,0.738,0.9302,0.9079,0.8407,0.8023,0.8576,0.6843,0.8292,0.9401,0.7807,0.6076,0.9548,0.7215,0.6232,0.6039,0.6154,0.8489,0.564,0.62,0.7845,0.5021,0.5516,0.3834,0.5922,0.6697,0.5785,0.5156,0.3103,0.478,0.2583,0.5168,0.3134,0.2102,0.1557,0.3541,
1.0,0.9988,0.9687,0.9675,0.9682,0.9976,0.9955,0.9909,0.9852,0.9219,0.7338,0.9321,0.9089,0.839,0.8023,0.8544,0.6887,0.8254,0.938,0.7825,0.612,0.9539,0.7241,0.6249,0.6089,0.6079,0.859,0.5682,0.6273,0.7808,0.4997,0.5503,0.3906,0.5913,0.6704,0.5842,0.5231,0.3124,0.4862,0.2662,0.5235,0.3089,0.201,0.1651,0.353,
1.0,0.9988,0.9687,0.9675,0.9673,0.998,0.9958,0.9918,0.985,0.9277,0.7363,0.9296,0.9139,0.8374,0.7969,0.8573,0.6839,0.8226,0.9389,0.7825,0.6095,0.9512,0.7227,0.617,0.6059,0.6091,0.8573,0.5615,0.6291,0.7815,0.4937,0.5453,0.3872,0.5961,0.6685,0.5851,0.5071,0.3159,0.4792,0.2631,0.5254,0.3062,0.2074,0.1584,0.3488,
1.0,0.9982,0.9688,0.967,0.9714,0.9973,0.9949,0.9892,0.9834,0.9253,0.74,0.932,0.9071,0.8439,0.8033,0.8582,0.6875,0.8319,0.9401,0.7836,0.6083,0.9536,0.7199,0.6234,0.6068,0.6176,0.8524,0.564,0.6204,0.778,0.4955,0.5565,0.3885,0.5966,0.6808,0.5805,0.5175,0.3152,0.4869,0.2638,0.5286,0.3046,0.2152,0.1669,0.3616,
1.0,0.9988,0.9663,0.9651,0.9717,0.9972,0.9951,0.991,0.9857,0.9248,0.7421,0.9311,0.9089,0.8389,0.7998,0.8572,0.6838,0.827,0.9381,0.7831,0.6158,0.9547,0.732,0.6268,0.6216,0.6194,0.8582,0.5657,0.6287,0.7832,0.503,0.5504,0.4033,0.6001,0.6716,0.5908,0.5197,0.318,0.483,0.2753,0.528,0.3145,0.2088,0.1674,0.3566,
1.0,0.9988,0.9687,0.9675,0.9663,0.9977,0.9957,0.9896,0.9831,0.9203,0.7294,0.9285,0.9043,0.839,0.7973,0.8497,0.6839,0.8251,0.9402,0.7762,0.6069,0.9509,0.714,0.6192,0.6043,0.6091,0.8578,0.57,0.6136,0.7718,0.4963,0.5484,0.3882,0.5868,0.6677,0.5782,0.5186,0.3118,0.4806,0.2579,0.516,0.3067,0.2019,0.1556,0.3483,
1.0,0.9982,0.9667,0.9649,0.967,0.9976,0.9949,0.9889,0.9836,0.9213,0.7277,0.9253,0.9038,0.8374,0.7987,0.8481,0.6829,0.8249,0.9407,0.7785,0.6038,0.9515,0.7208,0.6168,0.6011,0.6061,0.8531,0.5625,0.6203,0.7789,0.5013,0.5493,0.3811,0.5869,0.6721,0.578,0.5247,0.316,0.4675,0.2634,0.5235,0.3091,0.2026,0.1615,0.3504,
1.0,0.9992,0.9665,0.9657,0.9684,0.9978,0.9959,0.9909,0.986,0.9243,0.7339,0.9298,0.91,0.8364,0.8005,0.8553,0.6828,0.8223,0.938,0.7856,0.6048,0.9517,0.7202,0.6121,0.5939,0.6058,0.859,0.5564,0.6204,0.7776,0.499,0.5409,0.3837,0.5916,0.6776,0.5784,0.5128,0.308,0.483,0.2558,0.5324,0.3089,0.2062,0.1553,0.3618,
1.0,0.9986,0.968,0.9666,0.9688,0.9977,0.9948,0.9896,0.9855,0.9222,0.7264,0.929,0.9049,0.8293,0.7894,0.8527,0.6757,0.8169,0.9418,0.779,0.5976,0.9531,0.7169,0.6122,0.6039,0.6041,0.8584,0.5617,0.6181,0.7785,0.5018,0.5527,0.3802,0.5981,0.6909,0.5857,0.5286,0.3119,0.4868,0.257,0.5373,0.3107,0.2119,0.1661,0.3544,
1.0,0.9987,0.9673,0.966,0.9683,0.9976,0.9956,0.9903,0.9843,0.9226,0.7331,0.9281,0.9061,0.8378,0.7963,0.8517,0.6807,0.8257,0.9396,0.7755,0.6051,0.9555,0.7202,0.6181,0.6053,0.6126,0.8542,0.5657,0.6132,0.7752,0.4932,0.552,0.3862,0.5907,0.6736,0.5771,0.521,0.3119,0.4794,0.2563,0.5228,0.3056,0.2021,0.1626,0.3552,
1.0,0.9991,0.9674,0.9665,0.9698,0.9971,0.9944,0.99,0.9859,0.9194,0.7316,0.931,0.903,0.8368,0.7992,0.8516,0.6876,0.8235,0.9375,0.7824,0.6074,0.9499,0.7166,0.6214,0.6006,0.6053,0.86,0.5623,0.6103,0.7781,0.497,0.5429,0.3899,0.5827,0.6666,0.5681,0.517,0.3158,0.4767,0.2545,0.526,0.3064,0.2126,0.1605,0.3512,
1.0,0.9988,0.9677,0.9665,0.9714,0.9967,0.9948,0.9904,0.9836,0.9271,0.7405,0.9327,0.9106,0.8393,0.8017,0.8611,0.6842,0.8256,0.9382,0.7887,0.6117,0.9541,0.727,0.6226,0.6097,0.6171,0.8548,0.562,0.6224,0.789,0.5111,0.5486,0.3849,0.5876,0.6814,0.5894,0.5236,0.3194,0.4764,0.2581,0.5215,0.3121,0.2151,0.1616,0.3478,
1.0,0.9989,0.9691,0.968,0.9692,0.9973,0.9953,0.9904,0.9842,0.9199,0.7291,0.9313,0.9037,0.8364,0.7987,0.8534,0.6866,0.8229,0.9403,0.7819,0.6062,0.9536,0.72,0.6239,0.6129,0.6126,0.8572,0.5642,0.6236,0.7759,0.4926,0.5512,0.3925,0.5958,0.6773,0.5803,0.5207,0.31,0.4839,0.264,0.5278,0.3061,0.201,0.1688,0.3556,
1.0,0.9997,0.9674,0.9671,0.9679,0.9977,0.9964,0.9911,0.9852,0.9233,0.7356,0.9293,0.907,0.8382,0.8012,0.8538,0.6856,0.8251,0.9404,0.7831,0.609,0.9511,0.7176,0.6213,0.6019,0.6116,0.8571,0.5652,0.622,0.7815,0.5051,0.5502,0.3905,0.6006,0.6745,0.5783,0.5144,0.3172,0.4814,0.2613,0.5205,0.3139,0.2117,0.1637,0.3588,
1.0,0.9993,0.9671,0.9664,0.9713,0.9972,0.9954,0.9918,0.9868,0.9188,0.7322,0.9317,0.903,0.8356,0.7967,0.8517,0.6807,0.8231,0.9431,0.7783,0.6038,0.9523,0.7171,0.6192,0.6089,0.609,0.8569,0.5709,0.6173,0.781,0.5031,0.5598,0.3929,0.5932,0.6858,0.583,0.523,0.3212,0.474,0.2559,0.531,0.3126,0.212,0.1617,0.3582,
1.0,0.9991,0.9664,0.9655,0.9714,0.9975,0.9958,0.9911,0.9847,0.9213,0.735,0.9312,0.9052,0.8413,0.8061,0.8546,0.6899,0.8274,0.9395,0.7839,0.6038,0.9561,0.7164,0.6212,0.6025,0.6113,0.8568,0.5671,0.6123,0.7893,0.5044,0.5497,0.3811,0.5926,0.6742,0.5799,0.5239,0.3145,0.479,0.2551,0.5228,0.3146,0.2088,0.1633,0.3629,
1.0,0.9989,0.9678,0.9667,0.9697,0.9973,0.9956,0.9914,0.9857,0.9258,0.7397,0.9309,0.9103,0.8433,0.806,0.8582,0.6878,0.8317,0.9448,0.7829,0.6159,0.9547,0.7256,0.6298,0.6032,0.6193,0.8554,0.5695,0.6236,0.7825,0.5114,0.5577,0.3858,0.5915,0.6833,0.5851,0.5263,0.3143,0.4771,0.2703,0.5283,0.313,0.2112,0.1616,0.3546,
1.0,0.9983,0.967,0.9653,0.9691,0.9973,0.9947,0.9909,0.986,0.9237,0.734,0.9284,0.9082,0.8373,0.7984,0.852,0.684,0.8245,0.9408,0.7805,0.6057,0.9508,0.7202,0.617,0.5941,0.6038,0.8589,0.5619,0.6182,0.7856,0.5027,0.5463,0.3783,0.5822,0.6669,0.5744,0.5113,0.3163,0.4721,0.2599,0.5217,0.305,0.2108,0.1594,0.3473,
1.0,0.9982,0.9713,0.9695,0.9663,0.9969,0.9943,0.9893,0.984,0.9243,0.7367,0.9313,0.9082,0.8418,0.802,0.8571,0.6843,0.8272,0.9411,0.7769,0.6129,0.9471,0.7186,0.6231,0.6013,0.6154,0.8529,0.5722,0.628,0.7769,0.5056,0.5628,0.3915,0.5922,0.6786,0.5833,0.516,0.3218,0.4738,0.2575,0.5238,0.3045,0.2125,0.1652,0.3475,
1.0,0.9985,0.9664,0.9649,0.9689,0.9963,0.9936,0.9908,0.986,0.9282,0.739,0.927,0.9107,0.8383,0.7997,0.857,0.6843,0.8251,0.9412,0.7871,0.6111,0.9515,0.7241,0.6214,0.6055,0.6174,0.8567,0.5694,0.6207,0.7835,0.5096,0.5504,0.3852,0.5817,0.6745,0.5875,0.5222,0.3243,0.4804,0.2655,0.526,0.3141,0.2079,0.1622,0.3523,
1.0,0.9988,0.9687,0.9675,0.9687,0.9965,0.9941,0.9899,0.9851,0.9222,0.738,0.9306,0.9042,0.8426,0.8044,0.854,0.6848,0.8297,0.9433,0.7777,0.6123,0.9482,0.7148,0.6251,0.6034,0.6216,0.8505,0.571,0.6155,0.7723,0.4932,0.5602,0.3871,0.5919,0.6782,0.5712,0.5156,0.3172,0.4791,0.2564,0.525,0.3017,0.2019,0.1658,0.3571,
1.0,0.9992,0.9681,0.9673,0.9712,0.9965,0.9948,0.9906,0.9841,0.9203,0.7391,0.9342,0.9049,0.8464,0.8076,0.8564,0.6936,0.831,0.9355,0.7843,0.6102,0.9525,0.7195,0.6259,0.6082,0.6135,0.8607,0.5746,0.6197,0.7753,0.4983,0.5531,0.3876,0.5878,0.6764,0.5777,0.5304,0.3204,0.4776,0.2638,0.5283,0.309,0.2093,0.1685,0.3628,
1.0,0.9989,0.9669,0.9658,0.9708,0.9979,0.9963,0.9921,0.9886,0.9223,0.7435,0.9314,0.9082,0.8425,0.8076,0.8553,0.691,0.8328,0.9433,0.7827,0.6145,0.9539,0.7203,0.6295,0.6114,0.6213,0.8573,0.5702,0.6169,0.7813,0.495,0.5559,0.3882,0.5819,0.675,0.5784,0.5269,0.3094,0.4781,0.2639,0.5233,0.3017,0.2069,0.1658,0.355,
1.0,0.9985,0.9684,0.9669,0.9691,0.9976,0.995,0.9901,0.9842,0.9275,0.743,0.9306,0.912,0.8415,0.8056,0.8595,0.6898,0.8276,0.9352,0.7895,0.6098,0.9511,0.721,0.6194,0.5995,0.6188,0.8589,0.5648,0.6206,0.7865,0.5078,0.545,0.3862,0.587,0.667,0.5781,0.5164,0.3183,0.4753,0.262,0.5291,0.3149,0.2117,0.1622,0.3562,
1.0,0.9992,0.9638,0.963,0.9691,0.9976,0.9955,0.991,0.9857,0.922,0.7388,0.9272,0.9077,0.8428,0.805,0.851,0.6873,0.8288,0.942,0.7821,0.6196,0.9541,0.7233,0.631,0.6063,0.6166,0.8592,0.5762,0.6194,0.7818,0.5006,0.5548,0.3914,0.5926,0.6686,0.586,0.5244,0.3165,0.4842,0.2685,0.5179,0.3077,0.2043,0.1643,0.3559,
1.0,0.9986,0.9676,0.9662,0.9698,0.9967,0.9943,0.9907,0.9858,0.9256,0.7389,0.9317,0.9104,0.84,0.803,0.8587,0.6833,0.8272,0.9442,0.7851,0.6163,0.9499,0.7208,0.6237,0.6048,0.6182,0.8551,0.5668,0.6272,0.784,0.5056,0.556,0.3882,0.5923,0.6752,0.5883,0.5246,0.3166,0.4764,0.2682,0.5188,0.3133,0.205,0.1643,0.3582,
1.0,0.9988,0.9685,0.9673,0.9691,0.9979,0.9963,0.9905,0.9842,0.9235,0.7356,0.9318,0.9088,0.8415,0.8026,0.8565,0.6862,0.828,0.9404,0.7838,0.6079,0.9524,0.7182,0.6215,0.6014,0.6126,0.8571,0.5714,0.617,0.7836,0.5025,0.5577,0.3863,0.5881,0.6771,0.5778,0.5161,0.3195,0.4735,0.2525,0.5209,0.3082,0.205,0.1568,0.3514,
1.0,0.9992,0.9675,0.9667,0.9712,0.9977,0.9956,0.9907,0.9835,0.921,0.7328,0.9322,0.9051,0.8379,0.7976,0.8538,0.6777,0.8231,0.9403,0.7787,0.6136,0.9529,0.7205,0.627,0.6101,0.6131,0.8503,0.5679,0.6207,0.7812,0.5136,0.5557,0.3894,0.5852,0.6753,0.5836,0.5154,0.3194,0.475,0.259,0.5173,0.3073,0.2142,0.1614,0.3497,
1.0,0.9986,0.9677,0.9663,0.9698,0.9979,0.9961,0.9914,0.9852,0.925,0.7423,0.9292,0.9091,0.8435,0.8047,0.8546,0.6832,0.8325,0.9402,0.7772,0.6097,0.9571,0.718,0.6223,0.6063,0.6209,0.8495,0.5688,0.6188,0.7853,0.4997,0.5573,0.3818,0.591,0.6761,0.5819,0.5158,0.3141,0.4805,0.259,0.5219,0.3083,0.2033,0.1643,0.3536,
1.0,0.9993,0.9694,0.9687,0.9698,0.9965,0.9946,0.9898,0.985,0.9163,0.7309,0.9339,0.8991,0.8391,0.8024,0.8515,0.6871,0.8247,0.9423,0.7766,0.6097,0.9512,0.7154,0.6269,0.6095,0.6131,0.8546,0.5691,0.6121,0.7696,0.5006,0.5526,0.3926,0.5822,0.6784,0.5809,0.5287,0.3137,0.4828,0.2541,0.5298,0.3105,0.2056,0.1695,0.3499,
1.0,0.999,0.9658,0.9648,0.9702,0.9982,0.9965,0.989,0.9823,0.9277,0.742,0.9298,0.9108,0.8446,0.8021,0.859,0.6831,0.8296,0.9398,0.7837,0.6169,0.9508,0.7239,0.6268,0.6061,0.6186,0.8514,0.5699,0.6295,0.7846,0.5129,0.5577,0.3917,0.5973,0.6779,0.5944,0.5182,0.3179,0.4841,0.2624,0.5261,0.3221,0.2173,0.1679,0.3576,
1.0,0.9987,0.966,0.9647,0.9703,0.9972,0.9953,0.9903,0.9834,0.9304,0.7396,0.9288,0.9136,0.8367,0.7975,0.8605,0.6828,0.8226,0.9394,0.7911,0.6102,0.9525,0.727,0.6159,0.6049,0.6182,0.8548,0.5627,0.6264,0.7892,0.5099,0.5491,0.384,0.5931,0.671,0.5879,0.5149,0.3153,0.4846,0.2647,0.5246,0.3215,0.2075,0.1607,0.3631,
1.0,0.9985,0.9694,0.9679,0.9702,0.9975,0.9953,0.9906,0.9832,0.9236,0.7349,0.9322,0.9077,0.8398,0.7982,0.8565,0.6847,0.8262,0.9415,0.7836,0.6122,0.9545,0.7205,0.626,0.6073,0.6155,0.8573,0.5717,0.6211,0.7831,0.5104,0.5614,0.3909,0.594,0.6757,0.5815,0.519,0.3267,0.4776,0.2543,0.5263,0.3137,0.2167,0.1598,0.3497,
1.0,0.9986,0.9713,0.9699,0.97,0.9966,0.9945,0.9902,0.9846,0.9249,0.7413,0.936,0.91,0.8426,0.8065,0.8607,0.6907,0.8306,0.9378,0.7848,0.6129,0.9511,0.7231,0.6244,0.6054,0.62,0.8553,0.5685,0.6261,0.7863,0.5059,0.5598,0.3924,0.5922,0.6721,0.578,0.5172,0.3154,0.4766,0.2637,0.5316,0.308,0.2068,0.1624,0.3535,
1.0,0.9984,0.9679,0.9663,0.9691,0.9978,0.9952,0.9885,0.9833,0.9259,0.732,0.9303,0.909,0.837,0.7977,0.8567,0.6882,0.8241,0.9407,0.7926,0.6074,0.9521,0.7231,0.615,0.6068,0.6169,0.8619,0.5761,0.6189,0.786,0.5104,0.5552,0.3931,0.5857,0.6744,0.5792,0.5187,0.3203,0.4823,0.2544,0.5292,0.3144,0.2078,0.162,0.3531,
1.0,0.998,0.9687,0.9667,0.9672,0.9982,0.995,0.9893,0.9837,0.9223,0.7285,0.9286,0.9074,0.8387,0.8005,0.8533,0.6853,0.8256,0.9415,0.7802,0.6054,0.9548,0.7174,0.6174,0.6001,0.6106,0.856,0.5728,0.6202,0.7818,0.4996,0.5623,0.3801,0.5907,0.6777,0.5762,0.5219,0.3177,0.4747,0.2604,0.5242,0.3016,0.2045,0.1592,0.3519,
1.0,0.9987,0.965,0.9637,0.973,0.9961,0.9936,0.9911,0.9854,0.9263,0.7463,0.9324,0.9117,0.8438,0.8068,0.8595,0.6901,0.8292,0.9357,0.7901,0.6151,0.9504,0.7251,0.6241,0.6038,0.618,0.8596,0.5701,0.6226,0.7899,0.5093,0.5492,0.3886,0.5855,0.6638,0.582,0.5122,0.3162,0.4785,0.2671,0.5176,0.3151,0.2136,0.1617,0.3551,
1.0,0.9988,0.9695,0.9683,0.9678,0.9976,0.9955,0.9902,0.9845,0.9239,0.7385,0.9314,0.9093,0.8439,0.8079,0.8563,0.6939,0.8299,0.9408,0.7846,0.614,0.9551,0.7215,0.6251,0.603,0.6199,0.8558,0.5714,0.6156,0.7829,0.5137,0.5524,0.3898,0.5873,0.6758,0.5771,0.5182,0.3211,0.4837,0.2507,0.52,0.3122,0.2093,0.1611,0.3574,
1.0,0.9993,0.9668,0.9661,0.9712,0.997,0.9957,0.9905,0.985,0.9256,0.7483,0.9313,0.9085,0.8467,0.8065,0.8577,0.6917,0.8344,0.9423,0.7861,0.6178,0.9513,0.7241,0.6297,0.6053,0.6219,0.8576,0.5695,0.62,0.7802,0.504,0.5529,0.3859,0.595,0.6723,0.5787,0.5222,0.3136,0.4821,0.2713,0.5238,0.3088,0.2034,0.1599,0.3671,
1.0,0.9986,0.9677,0.9663,0.9718,0.9973,0.9949,0.9907,0.9858,0.9299,0.7391,0.9324,0.914,0.8354,0.7964,0.8645,0.6788,0.8233,0.9398,0.7876,0.6062,0.9559,0.7288,0.6162,0.6087,0.6156,0.8556,0.5652,0.6259,0.7934,0.5156,0.552,0.3885,0.5907,0.6733,0.587,0.5195,0.3229,0.48,0.256,0.5252,0.3188,0.2153,0.1648,0.3566,
1.0,0.9984,0.9663,0.9647,0.9694,0.9965,0.9942,0.9899,0.9848,0.9209,0.7253,0.9289,0.9041,0.8313,0.7933,0.8517,0.6766,0.8189,0.9428,0.7834,0.6047,0.9514,0.7236,0.6199,0.6099,0.608,0.8569,0.5649,0.6201,0.7797,0.5108,0.5484,0.396,0.597,0.6708,0.5841,0.5197,0.3132,0.4833,0.2601,0.5175,0.3214,0.2052,0.1649,0.3535,
1.0,0.9989,0.9668,0.9657,0.9711,0.9971,0.9952,0.9901,0.9833,0.9224,0.7329,0.9305,0.9051,0.8369,0.7974,0.8538,0.6799,0.8222,0.94,0.7812,0.6098,0.9509,0.7158,0.6222,0.606,0.6168,0.8506,0.5635,0.6179,0.7773,0.5013,0.5467,0.3855,0.5885,0.6743,0.5846,0.521,0.3099,0.4684,0.2595,0.5156,0.3024,0.2069,0.1583,0.3476,
1.0,0.999,0.9676,0.9666,0.9686,0.9977,0.996,0.991,0.9846,0.92,0.7268,0.9313,0.9063,0.8336,0.7957,0.8525,0.6755,0.8211,0.9412,0.7786,0.6008,0.9541,0.7181,0.6132,0.5987,0.6019,0.8555,0.557,0.6162,0.7755,0.5026,0.5487,0.3872,0.5957,0.6809,0.5763,0.517,0.3147,0.4798,0.2494,0.5297,0.3109,0.2159,0.1615,0.3581,
1.0,0.9992,0.9698,0.969,0.97,0.9963,0.9946,0.9913,0.9852,0.9241,0.7425,0.934,0.908,0.8458,0.8076,0.8585,0.6892,0.8322,0.9431,0.7825,0.6185,0.9504,0.7198,0.6303,0.6113,0.6247,0.8545,0.5741,0.6254,0.78,0.4965,0.558,0.3844,0.594,0.6742,0.5869,0.517,0.3194,0.4674,0.2627,0.5187,0.3035,0.2028,0.1563,0.3608,
1.0,0.9994,0.967,0.9664,0.969,0.9971,0.9952,0.9901,0.9852,0.9241,0.7345,0.93,0.9072,0.8359,0.7966,0.8551,0.6789,0.8225,0.9433,0.7817,0.6167,0.9503,0.7237,0.6234,0.5996,0.6085,0.8531,0.5633,0.6228,0.7823,0.5115,0.5483,0.3853,0.5815,0.6739,0.5838,0.5284,0.31,0.4682,0.2605,0.5194,0.3068,0.2083,0.1628,0.3505,
1.0,0.9986,0.9674,0.966,0.9669,0.9974,0.9952,0.9907,0.9859,0.9235,0.7332,0.9286,0.9089,0.8397,0.8061,0.8539,0.6935,0.8281,0.9428,0.7876,0.6132,0.9545,0.7211,0.6199,0.5998,0.6125,0.8606,0.5684,0.6163,0.7771,0.5002,0.5528,0.3831,0.5873,0.6767,0.581,0.5261,0.3082,0.4868,0.2656,0.5354,0.3028,0.203,0.1645,0.3551,
1.0,0.9987,0.9676,0.9663,0.9699,0.9972,0.995,0.9921,0.9868,0.9208,0.7327,0.9317,0.9076,0.836,0.8005,0.8537,0.6785,0.8228,0.9388,0.7756,0.6108,0.9508,0.724,0.6237,0.604,0.6061,0.8546,0.5594,0.6162,0.7837,0.5015,0.5431,0.3962,0.5864,0.6671,0.5749,0.5179,0.3184,0.4742,0.2574,0.5129,0.3148,0.1999,0.1631,0.3533,
1.0,0.9991,0.9666,0.9657,0.9718,0.9968,0.9949,0.9891,0.9837,0.9241,0.7336,0.9321,0.9066,0.8334,0.7946,0.8577,0.6772,0.8208,0.9396,0.7876,0.6061,0.9505,0.7264,0.6191,0.6077,0.6113,0.8556,0.5594,0.6239,0.7821,0.5045,0.5443,0.383,0.5864,0.6785,0.5794,0.5128,0.3025,0.4759,0.2628,0.5274,0.3045,0.2058,0.1558,0.3559,
1.0,0.9986,0.9659,0.9645,0.9688,0.9973,0.9949,0.989,0.9838,0.9236,0.7406,0.928,0.9066,0.8461,0.8083,0.8531,0.6887,0.8327,0.9395,0.7816,0.6132,0.9518,0.7187,0.6206,0.6006,0.6211,0.8522,0.5779,0.614,0.7839,0.5052,0.5597,0.3859,0.5897,0.6717,0.577,0.5188,0.3183,0.4773,0.2552,0.5228,0.3114,0.2099,0.1613,0.3597,
1.0,0.9989,0.9666,0.9655,0.9703,0.9973,0.9948,0.9898,0.9843,0.9225,0.7359,0.9315,0.9069,0.8401,0.8042,0.857,0.6874,0.8255,0.9403,0.7875,0.6101,0.9508,0.721,0.6207,0.6006,0.6128,0.8571,0.5679,0.6204,0.7823,0.5033,0.5507,0.3792,0.5868,0.6723,0.5797,0.5226,0.3143,0.4768,0.2632,0.5331,0.3058,0.2097,0.1601,0.3555,
1.0,0.9989,0.9673,0.9662,0.9705,0.9963,0.9942,0.9906,0.9843,0.9217,0.7353,0.9303,0.904,0.838,0.8004,0.854,0.6847,0.8248,0.9419,0.7812,0.6108,0.9543,0.7217,0.6251,0.61,0.614,0.8565,0.5611,0.6205,0.7797,0.4999,0.5459,0.3798,0.5911,0.6776,0.5841,0.5245,0.3114,0.4783,0.2607,0.5267,0.3089,0.2058,0.1626,0.3591,
1.0,0.9989,0.9686,0.9675,0.9687,0.9978,0.9946,0.9898,0.987,0.9226,0.7409,0.9306,0.9065,0.8438,0.8057,0.8544,0.69,0.8302,0.9394,0.7796,0.6109,0.9485,0.7171,0.6213,0.6017,0.6146,0.8588,0.5717,0.6195,0.7804,0.4994,0.5554,0.3832,0.5884,0.6681,0.5764,0.5216,0.317,0.4789,0.2639,0.523,0.3081,0.2044,0.1644,0.3547,
1.0,0.9992,0.9674,0.9666,0.9667,0.997,0.9952,0.9914,0.9854,0.9209,0.7356,0.9274,0.9041,0.8417,0.8033,0.8495,0.6844,0.8274,0.9395,0.7768,0.6097,0.9517,0.7148,0.6206,0.6009,0.6115,0.8533,0.5631,0.6124,0.777,0.4968,0.5512,0.3838,0.5926,0.6767,0.5726,0.5151,0.3164,0.482,0.2527,0.5235,0.3087,0.2073,0.1608,0.3534,
1.0,0.9993,0.9664,0.9657,0.9678,0.9976,0.9964,0.9926,0.9865,0.9201,0.7308,0.9284,0.9065,0.8355,0.7981,0.849,0.6804,0.8225,0.9405,0.775,0.6047,0.9556,0.7191,0.618,0.5985,0.6048,0.8537,0.5555,0.6139,0.7722,0.493,0.5402,0.3842,0.5799,0.6763,0.5792,0.5269,0.3092,0.4742,0.26,0.5223,0.2999,0.2027,0.1619,0.3439,
1.0,0.9981,0.9689,0.967,0.9682,0.9975,0.9948,0.9898,0.9838,0.9217,0.7347,0.9312,0.9069,0.841,0.8034,0.8551,0.6957,0.8279,0.9424,0.789,0.6161,0.9523,0.7203,0.6266,0.6033,0.6141,0.8634,0.5734,0.6285,0.7771,0.4986,0.5558,0.3844,0.6001,0.6807,0.5887,0.5339,0.3127,0.4822,0.2727,0.5317,0.3065,0.2012,0.1622,0.3619,
1.0,0.999,0.9676,0.9666,0.9693,0.9976,0.9957,0.9888,0.9834,0.927,0.735,0.9291,0.9086,0.8369,0.7986,0.8574,0.6841,0.8244,0.9378,0.7873,0.6071,0.9521,0.7268,0.6199,0.6081,0.6102,0.8545,0.5586,0.6278,0.7831,0.4987,0.5431,0.3772,0.5964,0.6702,0.5843,0.5143,0.2984,0.4839,0.2627,0.5183,0.3048,0.2078,0.1551,0.3553,
1.0,0.9988,0.9674,0.9662,0.9694,0.9971,0.9949,0.9913,0.9851,0.9232,0.7394,0.9287,0.9061,0.8441,0.8039,0.8536,0.6915,0.831,0.9389,0.7835,0.6175,0.9555,0.7287,0.6305,0.616,0.615,0.8601,0.5713,0.6256,0.7801,0.5078,0.556,0.3976,0.5917,0.6774,0.5885,0.5208,0.3196,0.4831,0.2676,0.5239,0.3159,0.2135,0.1679,0.358,
1.0,0.9984,0.9653,0.9637,0.9714,0.9978,0.9953,0.9888,0.9831,0.9226,0.7343,0.9289,0.9057,0.8378,0.7968,0.852,0.6818,0.8245,0.9396,0.7833,0.6065,0.9491,0.7198,0.6161,0.6068,0.6154,0.8581,0.5702,0.615,0.7843,0.5013,0.5505,0.39,0.5848,0.6654,0.5753,0.5161,0.3106,0.4802,0.2603,0.5221,0.312,0.2018,0.1583,0.3523,
1.0,0.9991,0.9702,0.9693,0.9697,0.9981,0.9964,0.9906,0.9842,0.9228,0.7363,0.9336,0.9077,0.8422,0.8012,0.8574,0.6855,0.8291,0.9457,0.7779,0.6162,0.952,0.7224,0.6332,0.6038,0.6153,0.8603,0.5748,0.6197,0.7826,0.5052,0.5602,0.3948,0.5918,0.678,0.5813,0.521,0.316,0.4725,0.2567,0.5235,0.3049,0.2125,0.1652,0.3481,
1.0,0.9987,0.9683,0.967,0.9703,0.9972,0.9948,0.9905,0.9853,0.9245,0.7399,0.9319,0.9087,0.8418,0.804,0.8573,0.6865,0.8285,0.942,0.7847,0.615,0.9525,0.7221,0.6258,0.5974,0.6122,0.8543,0.5638,0.6204,0.7845,0.5116,0.5525,0.378,0.5777,0.6771,0.5861,0.5252,0.31,0.4695,0.2628,0.5267,0.3096,0.208,0.1637,0.345,
1.0,0.999,0.9674,0.9664,0.972,0.9968,0.9945,0.9909,0.9847,0.9215,0.7345,0.9336,0.9062,0.8374,0.7976,0.856,0.6798,0.8235,0.9419,0.7813,0.6095,0.9486,0.719,0.6237,0.6004,0.6101,0.8568,0.5673,0.6148,0.7832,0.5062,0.5514,0.3917,0.5806,0.6687,0.5766,0.5206,0.3199,0.4733,0.2599,0.5221,0.314,0.2101,0.1593,0.3484,
1.0,0.9989,0.9693,0.9682,0.9715,0.9964,0.9942,0.9908,0.9855,0.9201,0.7385,0.9344,0.9039,0.8404,0.8004,0.8551,0.6829,0.8272,0.9397,0.7765,0.6092,0.9539,0.7187,0.6255,0.6062,0.6099,0.8536,0.563,0.6172,0.7787,0.5017,0.5442,0.3828,0.5914,0.669,0.5822,0.5223,0.3116,0.4773,0.2598,0.5181,0.3086,0.2017,0.1645,0.3453,
1.0,0.9983,0.9658,0.9641,0.9708,0.9968,0.9938,0.99,0.984,0.925,0.7347,0.93,0.909,0.8384,0.7997,0.8572,0.6813,0.8261,0.9432,0.7876,0.616,0.9571,0.7279,0.6261,0.6091,0.612,0.8573,0.5666,0.6248,0.7827,0.5165,0.5513,0.3907,0.5981,0.6813,0.5935,0.5352,0.3188,0.482,0.2689,0.5231,0.3242,0.2107,0.1668,0.3569,
1.0,0.9985,0.9677,0.9662,0.969,0.9977,0.9948,0.9896,0.9859,0.9251,0.7379,0.93,0.9094,0.8404,0.8055,0.8572,0.6915,0.8277,0.9399,0.7881,0.6174,0.9512,0.7326,0.6264,0.616,0.6173,0.8614,0.5714,0.6288,0.7866,0.5079,0.555,0.3978,0.6001,0.6767,0.5896,0.5218,0.3169,0.4868,0.2674,0.531,0.3155,0.2083,0.1693,0.362,
1.0,0.9989,0.9675,0.9664,0.9673,0.9969,0.9955,0.9913,0.9844,0.9208,0.7276,0.9282,0.9053,0.8354,0.7974,0.8505,0.6805,0.8221,0.9393,0.781,0.6069,0.9485,0.7144,0.6184,0.6005,0.6056,0.856,0.5662,0.6169,0.779,0.505,0.545,0.3868,0.5827,0.6633,0.5784,0.5214,0.3225,0.4712,0.2627,0.5202,0.3131,0.2067,0.165,0.353,
1.0,0.999,0.9706,0.9696,0.9702,0.9975,0.9954,0.9903,0.9841,0.9291,0.7472,0.9351,0.9144,0.8457,0.8058,0.8652,0.6894,0.831,0.9391,0.7857,0.625,0.9492,0.7279,0.6348,0.6074,0.6199,0.8575,0.5706,0.6295,0.7885,0.5053,0.558,0.3898,0.5903,0.6676,0.5849,0.5174,0.3104,0.4771,0.2708,0.5261,0.3124,0.2048,0.1704,0.3551,
1.0,0.9989,0.969,0.9679,0.9716,0.9978,0.9954,0.9904,0.9842,0.9233,0.7356,0.9339,0.9073,0.8346,0.7987,0.8573,0.6835,0.8201,0.9411,0.7863,0.6095,0.9524,0.7203,0.6236,0.6095,0.6188,0.8553,0.5619,0.6219,0.7891,0.5149,0.5553,0.396,0.6033,0.6837,0.5831,0.521,0.3192,0.4858,0.2669,0.5249,0.3257,0.2138,0.1622,0.3658,
1.0,0.9987,0.9679,0.9666,0.9681,0.9974,0.9947,0.9901,0.9847,0.9238,0.7314,0.9291,0.9079,0.8374,0.7996,0.8541,0.6874,0.8231,0.9454,0.7862,0.6103,0.9509,0.7181,0.622,0.5957,0.6136,0.8611,0.5688,0.6135,0.7793,0.5023,0.5504,0.3809,0.5875,0.673,0.5795,0.5247,0.3098,0.4766,0.2589,0.5281,0.3004,0.2046,0.1618,0.349,
1.0,0.9991,0.9659,0.965,0.9693,0.9977,0.9958,0.991,0.9834,0.9231,0.7371,0.9289,0.9078,0.8433,0.8032,0.8542,0.6833,0.8289,0.9387,0.7774,0.6141,0.95,0.723,0.6247,0.602,0.6158,0.8548,0.5701,0.616,0.7867,0.5033,0.5492,0.3882,0.5792,0.6631,0.5744,0.509,0.3238,0.4831,0.2536,0.5251,0.312,0.2056,0.1598,0.3505,
1.0,0.999,0.9652,0.9642,0.9713,0.9982,0.9963,0.9902,0.9852,0.9232,0.7381,0.9305,0.9082,0.8395,0.8023,0.8547,0.6839,0.8268,0.9441,0.784,0.6112,0.9555,0.719,0.6208,0.5997,0.6174,0.8561,0.5693,0.6069,0.7845,0.5103,0.5513,0.3886,0.5835,0.6649,0.5802,0.5218,0.3192,0.4717,0.2509,0.5118,0.3095,0.205,0.1651,0.3456,
1.0,0.999,0.9694,0.9684,0.9682,0.9969,0.9946,0.9921,0.9871,0.9207,0.7331,0.9324,0.9069,0.8388,0.8039,0.8538,0.6878,0.8256,0.9387,0.7807,0.6051,0.9507,0.7169,0.6191,0.5987,0.6071,0.8616,0.5627,0.6145,0.7832,0.4989,0.5463,0.382,0.5866,0.6695,0.5679,0.5144,0.317,0.4827,0.2597,0.5269,0.3095,0.2092,0.1568,0.3569,
1.0,0.9992,0.9691,0.9683,0.9708,0.9972,0.9955,0.9908,0.9857,0.9236,0.7432,0.9327,0.9072,0.8442,0.8055,0.8567,0.6885,0.8305,0.9351,0.7815,0.6108,0.9507,0.7193,0.6248,0.6088,0.6165,0.8526,0.5599,0.6193,0.7761,0.4975,0.5465,0.3966,0.5894,0.6734,0.5795,0.512,0.3198,0.483,0.2605,0.5285,0.3138,0.2069,0.1634,0.355,
1.0,0.999,0.9673,0.9663,0.9705,0.9969,0.9948,0.9894,0.984,0.9216,0.7341,0.9317,0.9049,0.8407,0.8026,0.8549,0.682,0.8268,0.9435,0.779,0.6143,0.9533,0.7248,0.6283,0.6083,0.6178,0.8523,0.5714,0.622,0.7815,0.5061,0.5608,0.3913,0.5995,0.6787,0.583,0.5185,0.3219,0.4841,0.2645,0.5266,0.3106,0.2073,0.1686,0.3622,
1.0,0.9987,0.9656,0.9643,0.9678,0.9971,0.9944,0.9904,0.9846,0.9249,0.7394,0.9268,0.9093,0.8423,0.8006,0.851,0.6793,0.8277,0.9406,0.7765,0.6152,0.949,0.7204,0.6231,0.5965,0.6194,0.8492,0.5703,0.6199,0.7794,0.5077,0.5624,0.3894,0.5836,0.6711,0.5785,0.5145,0.3202,0.4632,0.2555,0.516,0.3062,0.2138,0.1584,0.345,
1.0,0.9991,0.968,0.9671,0.9696,0.9968,0.9943,0.9888,0.9838,0.9234,0.7348,0.9308,0.9049,0.8381,0.7983,0.8547,0.681,0.8239,0.9429,0.7797,0.6138,0.9515,0.7269,0.626,0.6115,0.6162,0.8531,0.5671,0.6207,0.7795,0.5032,0.5517,0.3887,0.5874,0.6811,0.5853,0.5138,0.3182,0.4761,0.2515,0.5177,0.3139,0.2115,0.1657,0.3466,
1.0,0.9989,0.9708,0.9697,0.9688,0.9973,0.9957,0.991,0.9844,0.9258,0.7384,0.9336,0.9107,0.8405,0.8044,0.8609,0.6811,0.8281,0.9413,0.7808,0.6121,0.9569,0.7309,0.6244,0.6116,0.6156,0.8533,0.5629,0.6288,0.7862,0.509,0.5523,0.3905,0.5965,0.6789,0.5947,0.522,0.3252,0.4744,0.2604,0.5195,0.3145,0.2088,0.1663,0.3486,
1.0,0.9992,0.9671,0.9663,0.9696,0.9973,0.9955,0.992,0.9845,0.9258,0.7346,0.9294,0.9099,0.8376,0.7999,0.8566,0.679,0.8223,0.9405,0.7818,0.6069,0.9533,0.7204,0.6197,0.5988,0.6117,0.85,0.5622,0.6125,0.7838,0.5032,0.5496,0.3793,0.5788,0.676,0.5793,0.5176,0.3138,0.4699,0.2523,0.5229,0.3089,0.2077,0.1644,0.3488,
1.0,0.999,0.968,0.967,0.9708,0.9974,0.9956,0.9919,0.9858,0.9204,0.7284,0.9331,0.906,0.8339,0.798,0.8549,0.682,0.8199,0.9402,0.7817,0.5999,0.9538,0.7154,0.6172,0.6071,0.6095,0.8602,0.564,0.6148,0.7835,0.5049,0.5507,0.3882,0.5928,0.6733,0.5794,0.5227,0.3142,0.4845,0.2549,0.5192,0.3144,0.2064,0.1625,0.3533,
1.0,0.9989,0.9644,0.9633,0.9678,0.9979,0.996,0.9903,0.9848,0.9233,0.7324,0.9264,0.9082,0.8364,0.7995,0.8511,0.6777,0.8245,0.9432,0.7791,0.614,0.9525,0.7263,0.6204,0.6057,0.6124,0.8566,0.5614,0.6192,0.7797,0.4999,0.5407,0.3921,0.5941,0.6669,0.5875,0.524,0.3103,0.4817,0.2623,0.5088,0.3085,0.1943,0.1674,0.3488,
1.0,0.9988,0.9701,0.9689,0.97,0.997,0.9948,0.9901,0.9837,0.9256,0.733,0.9341,0.9104,0.8354,0.7946,0.8612,0.679,0.822,0.9362,0.7807,0.6087,0.9557,0.7282,0.6246,0.6115,0.6083,0.8539,0.5592,0.6234,0.7762,0.5005,0.5439,0.3933,0.5912,0.6712,0.5821,0.5152,0.3163,0.477,0.2554,0.5248,0.3051,0.2015,0.1623,0.3471,
1.0,0.999,0.9683,0.9673,0.9664,0.9976,0.9956,0.9905,0.9842,0.9226,0.7271,0.9293,0.9081,0.8358,0.7987,0.854,0.6868,0.8232,0.9401,0.7865,0.6077,0.9525,0.7238,0.6205,0.6082,0.6028,0.8642,0.5693,0.6171,0.7809,0.5031,0.5435,0.3856,0.5849,0.6655,0.5841,0.5215,0.3177,0.4849,0.2545,0.5224,0.31,0.2028,0.1585,0.3531,
1.0,0.9989,0.9683,0.9672,0.97,0.9975,0.9957,0.9903,0.9845,0.9236,0.7364,0.9322,0.9084,0.8384,0.7964,0.8577,0.6845,0.8262,0.9401,0.7829,0.6149,0.9507,0.7251,0.625,0.6077,0.6098,0.8626,0.5665,0.6266,0.7797,0.5034,0.5441,0.3931,0.5824,0.6681,0.5841,0.5239,0.3187,0.4742,0.264,0.5238,0.3134,0.2101,0.1608,0.347,
1.0,0.9992,0.966,0.9652,0.9689,0.9967,0.9947,0.9901,0.9843,0.9254,0.7324,0.9275,0.9071,0.8343,0.7945,0.854,0.6771,0.8204,0.9413,0.7806,0.6053,0.9513,0.7194,0.6167,0.6013,0.6148,0.8536,0.5647,0.6141,0.7843,0.5094,0.549,0.3891,0.5987,0.6741,0.5759,0.5112,0.3178,0.4757,0.2535,0.5164,0.3204,0.2051,0.1567,0.3486,
1.0,0.9985,0.969,0.9675,0.9698,0.9966,0.9943,0.9909,0.9859,0.924,0.7416,0.9312,0.9076,0.8436,0.8052,0.8558,0.6857,0.8314,0.944,0.7784,0.6201,0.9495,0.7243,0.631,0.6081,0.6219,0.8517,0.5697,0.6236,0.7821,0.5092,0.5577,0.3914,0.5867,0.6746,0.587,0.5198,0.3248,0.4652,0.2643,0.5188,0.3125,0.2127,0.1644,0.3541,
1.0,0.9992,0.966,0.9652,0.9716,0.9973,0.9958,0.9897,0.9838,0.9207,0.7355,0.9309,0.9038,0.8389,0.7998,0.8541,0.6833,0.8257,0.9406,0.7818,0.6065,0.9505,0.7144,0.6219,0.6083,0.6155,0.8562,0.5704,0.6151,0.7811,0.5024,0.5529,0.3853,0.5896,0.6728,0.5795,0.5169,0.3236,0.484,0.2629,0.5295,0.3076,0.2088,0.1595,0.3548,
1.0,0.9983,0.9645,0.9628,0.9709,0.9978,0.9948,0.9912,0.9861,0.9207,0.7303,0.9278,0.9063,0.8347,0.7972,0.8511,0.6822,0.8223,0.9435,0.7845,0.6082,0.9595,0.7211,0.6206,0.6004,0.6102,0.8592,0.5663,0.6096,0.7776,0.5146,0.5442,0.3915,0.5878,0.6764,0.5836,0.534,0.3228,0.4854,0.2559,0.53,0.3145,0.2062,0.1682,0.357,
1.0,0.9992,0.9676,0.9668,0.9701,0.9974,0.9958,0.9913,0.9865,0.923,0.7357,0.9313,0.9073,0.8372,0.7997,0.8551,0.682,0.8233,0.9402,0.7804,0.6154,0.9499,0.7249,0.6274,0.6081,0.6101,0.8546,0.5627,0.6276,0.7831,0.5082,0.5498,0.3922,0.5821,0.6724,0.5863,0.5163,0.3157,0.4752,0.2659,0.5252,0.3054,0.2047,0.1663,0.3441,
1.0,0.9989,0.9715,0.9704,0.9703,0.9968,0.995,0.9912,0.9857,0.923,0.7378,0.9353,0.9069,0.8406,0.8056,0.8592,0.6922,0.828,0.943,0.7836,0.617,0.9531,0.7257,0.6317,0.6117,0.6154,0.8561,0.5687,0.6247,0.7849,0.5136,0.555,0.3929,0.5934,0.6729,0.5874,0.5271,0.3176,0.4838,0.266,0.5258,0.314,0.2066,0.1737,0.3547,
1.0,0.9991,0.9666,0.9657,0.9704,0.9983,0.9964,0.9912,0.9857,0.9222,0.7391,0.9313,0.9079,0.8423,0.8057,0.8558,0.6898,0.8287,0.9379,0.7865,0.6066,0.9528,0.7148,0.6173,0.6027,0.6159,0.8567,0.5683,0.6149,0.7808,0.5013,0.5503,0.3895,0.5841,0.6758,0.5787,0.5154,0.3195,0.4733,0.2595,0.5186,0.3055,0.2058,0.1564,0.3509,
1.0,0.9988,0.9672,0.966,0.9714,0.9979,0.9961,0.9903,0.9844,0.9199,0.7338,0.9318,0.9042,0.8377,0.8004,0.8542,0.6848,0.8246,0.9441,0.7844,0.6124,0.9506,0.7211,0.6267,0.6083,0.616,0.8577,0.5675,0.6229,0.7825,0.5058,0.5586,0.3956,0.5986,0.6834,0.5862,0.5256,0.3237,0.477,0.2683,0.5302,0.3068,0.2154,0.1717,0.356,
1.0,0.999,0.9691,0.9681,0.9704,0.9969,0.9952,0.9912,0.986,0.9294,0.7391,0.9322,0.9125,0.8369,0.8,0.8615,0.68,0.8231,0.9391,0.7814,0.5999,0.9538,0.7212,0.6081,0.6006,0.6141,0.8505,0.5608,0.615,0.7939,0.5185,0.55,0.3865,0.5945,0.6815,0.5793,0.5162,0.3182,0.4758,0.2495,0.5219,0.3229,0.217,0.1571,0.3524,
1.0,0.9986,0.9664,0.965,0.9661,0.9965,0.9943,0.9911,0.9867,0.9224,0.7366,0.9265,0.908,0.8393,0.8028,0.8505,0.6835,0.8282,0.9424,0.7765,0.6085,0.9533,0.7145,0.6157,0.5987,0.615,0.8536,0.5709,0.6115,0.7808,0.5069,0.5527,0.3802,0.5825,0.6716,0.5818,0.5217,0.324,0.4693,0.2576,0.5169,0.3084,0.2062,0.1569,0.3488,
1.0,0.9982,0.9664,0.9646,0.9679,0.9976,0.9949,0.99,0.9831,0.9268,0.7286,0.9263,0.9106,0.8324,0.791,0.8544,0.6762,0.8173,0.9402,0.7844,0.6049,0.9514,0.7174,0.6158,0.5945,0.609,0.856,0.5617,0.6184,0.7791,0.5011,0.5498,0.3831,0.5824,0.6754,0.5791,0.5282,0.3097,0.4705,0.2606,0.5271,0.3036,0.2121,0.161,0.3494,
1.0,0.9994,0.9677,0.9671,0.9732,0.9976,0.9962,0.991,0.9834,0.9245,0.7382,0.9353,0.9091,0.8375,0.7993,0.8609,0.6829,0.8213,0.936,0.7897,0.6077,0.9528,0.7223,0.6209,0.6066,0.6131,0.858,0.5619,0.6166,0.7839,0.5099,0.5447,0.3954,0.591,0.667,0.5763,0.5166,0.3152,0.4745,0.2615,0.5211,0.3066,0.2099,0.1595,0.3487,
1.0,0.999,0.9679,0.9669,0.9673,0.9965,0.9946,0.9917,0.9832,0.9206,0.7296,0.9281,0.9041,0.8385,0.8004,0.8501,0.6838,0.8237,0.935,0.7807,0.6108,0.9538,0.7202,0.6215,0.6122,0.6103,0.8561,0.5678,0.6247,0.7769,0.5019,0.5477,0.3918,0.5903,0.6719,0.5799,0.5164,0.3147,0.4813,0.2646,0.5228,0.3168,0.2099,0.1552,0.3624,
1.0,0.9987,0.9649,0.9636,0.9706,0.9969,0.9944,0.9904,0.9851,0.9255,0.7383,0.9293,0.91,0.839,0.8009,0.8565,0.6853,0.8264,0.9418,0.7872,0.6156,0.9538,0.7241,0.6235,0.5986,0.6149,0.8581,0.5697,0.6172,0.7822,0.5069,0.5508,0.3861,0.581,0.6742,0.5781,0.5263,0.3179,0.4796,0.2624,0.5336,0.3083,0.209,0.1652,0.3514,
1.0,0.9986,0.9679,0.9665,0.9693,0.9967,0.9946,0.9897,0.9844,0.9179,0.7307,0.9308,0.9011,0.8416,0.8032,0.8495,0.6898,0.8297,0.9397,0.7804,0.6102,0.9492,0.718,0.6261,0.6028,0.6078,0.8601,0.5731,0.6174,0.7763,0.4976,0.5579,0.3877,0.5872,0.6739,0.5782,0.5208,0.3175,0.4807,0.2599,0.533,0.3066,0.2047,0.1693,0.3553,
1.0,0.9993,0.9688,0.9681,0.9686,0.9972,0.9958,0.9909,0.9858,0.9257,0.7337,0.9319,0.9101,0.8374,0.7989,0.8586,0.684,0.8255,0.9402,0.7818,0.6019,0.9523,0.7168,0.611,0.5993,0.6071,0.8563,0.5614,0.6205,0.7805,0.5042,0.5466,0.3871,0.5937,0.6759,0.5775,0.5186,0.3149,0.4749,0.254,0.5256,0.3152,0.2031,0.155,0.3584,
1.0,0.9986,0.9699,0.9685,0.9686,0.9979,0.9954,0.9892,0.9836,0.9257,0.7382,0.9316,0.91,0.8387,0.8002,0.8587,0.685,0.8248,0.9368,0.7836,0.6068,0.9528,0.7236,0.6159,0.6067,0.6132,0.8573,0.5681,0.6174,0.7899,0.5029,0.5492,0.3887,0.5944,0.6709,0.5791,0.5178,0.314,0.4803,0.2558,0.5179,0.3141,0.2111,0.1603,0.3579,
1.0,0.9991,0.9689,0.968,0.9677,0.9977,0.9958,0.9901,0.9851,0.9241,0.7376,0.9292,0.9069,0.8409,0.8034,0.8553,0.6873,0.8278,0.9415,0.7793,0.6111,0.9551,0.7223,0.6199,0.6002,0.6122,0.8562,0.5647,0.6219,0.7821,0.511,0.5533,0.3938,0.5975,0.6813,0.5798,0.5293,0.3222,0.4858,0.2638,0.5288,0.3212,0.217,0.1699,0.365,
1.0,0.9988,0.9682,0.967,0.9712,0.9971,0.9957,0.9902,0.9863,0.9228,0.7408,0.9338,0.9076,0.8429,0.8087,0.8582,0.6841,0.832,0.9407,0.7806,0.6113,0.9489,0.7203,0.6238,0.6003,0.615,0.8509,0.5615,0.6154,0.7824,0.5045,0.5524,0.3924,0.5873,0.6731,0.5752,0.511,0.3151,0.469,0.2542,0.5158,0.3098,0.2127,0.1623,0.3544,
1.0,0.999,0.9667,0.9657,0.9693,0.997,0.9952,0.9913,0.986,0.925,0.7355,0.9293,0.9088,0.8387,0.8003,0.856,0.6867,0.8249,0.9382,0.7878,0.6078,0.953,0.7221,0.6181,0.6057,0.6098,0.8615,0.568,0.6235,0.7799,0.497,0.5462,0.3856,0.5924,0.6794,0.5846,0.5184,0.3166,0.4817,0.2616,0.5274,0.3104,0.2111,0.1565,0.3548,
1.0,0.9994,0.9668,0.9662,0.9686,0.9965,0.9949,0.9926,0.9876,0.93,0.7461,0.9291,0.9146,0.8414,0.8049,0.8595,0.6869,0.8292,0.9376,0.7861,0.6117,0.9548,0.7256,0.6179,0.5961,0.609,0.8566,0.5599,0.6165,0.7854,0.5035,0.5429,0.3716,0.5796,0.669,0.5801,0.5135,0.3058,0.4692,0.2535,0.5201,0.2976,0.2074,0.151,0.3438,
1.0,0.9985,0.9716,0.9701,0.9695,0.9965,0.9941,0.9893,0.9843,0.9241,0.7345,0.9348,0.9072,0.8376,0.7991,0.8591,0.686,0.8254,0.9437,0.7839,0.6142,0.9543,0.7267,0.6275,0.6116,0.6137,0.8555,0.5665,0.6274,0.7784,0.511,0.5512,0.3888,0.5893,0.6778,0.5876,0.5285,0.316,0.4857,0.2621,0.5269,0.3197,0.215,0.165,0.3558,
1.0,0.999,0.9655,0.9645,0.9706,0.9971,0.9948,0.989,0.9839,0.9259,0.744,0.9294,0.9074,0.8463,0.8061,0.8553,0.6872,0.8323,0.9435,0.7843,0.6222,0.9481,0.7273,0.6313,0.6039,0.6273,0.8588,0.5766,0.6181,0.7892,0.5151,0.5614,0.3924,0.5853,0.6815,0.5823,0.5265,0.3281,0.4795,0.2641,0.5336,0.3244,0.2171,0.1669,0.3625,
1.0,0.9985,0.9662,0.9647,0.9686,0.9978,0.9955,0.9907,0.9849,0.9249,0.7333,0.9269,0.9087,0.8362,0.7934,0.8538,0.6795,0.8228,0.9432,0.7789,0.6058,0.9559,0.7217,0.6161,0.6005,0.6047,0.8595,0.5552,0.6133,0.7795,0.4995,0.5373,0.3775,0.5882,0.6742,0.5777,0.5228,0.3112,0.4777,0.2498,0.5147,0.3054,0.2029,0.158,0.3527,
1.0,0.9996,0.9691,0.9687,0.968,0.997,0.9956,0.9921,0.9869,0.9258,0.7369,0.9318,0.9107,0.838,0.7993,0.8586,0.6856,0.825,0.9397,0.782,0.6073,0.9551,0.7216,0.6183,0.6047,0.6101,0.8604,0.5661,0.6208,0.7792,0.4921,0.5472,0.381,0.5926,0.6759,0.5802,0.5222,0.3103,0.4804,0.2551,0.5228,0.3076,0.2003,0.1524,0.3632,
1.0,0.9994,0.9654,0.9648,0.972,0.9973,0.996,0.9922,0.9856,0.9191,0.7364,0.9321,0.9053,0.8402,0.8022,0.8523,0.6798,0.8261,0.9384,0.7759,0.6086,0.9547,0.7207,0.6246,0.6085,0.6103,0.8556,0.564,0.6132,0.7817,0.4973,0.5501,0.393,0.5916,0.6755,0.5742,0.5187,0.3176,0.4793,0.2556,0.5235,0.3087,0.2089,0.1643,0.3514,
1.0,0.9988,0.968,0.9668,0.968,0.9984,0.996,0.9911,0.9874,0.9232,0.7356,0.9301,0.9095,0.8369,0.8001,0.854,0.6853,0.8263,0.9436,0.7795,0.6143,0.9574,0.7339,0.6223,0.6114,0.6102,0.8637,0.5704,0.6204,0.7892,0.5053,0.5505,0.3892,0.5879,0.6802,0.584,0.5279,0.3237,0.4774,0.2616,0.528,0.31,0.2091,0.1682,0.3547,
1.0,0.9989,0.9683,0.9672,0.9685,0.9968,0.9953,0.991,0.9845,0.9272,0.7358,0.9296,0.9111,0.8366,0.8006,0.8582,0.6764,0.8244,0.9407,0.7798,0.6098,0.9531,0.726,0.6155,0.6033,0.6161,0.8483,0.5596,0.6162,0.7865,0.5088,0.5491,0.3886,0.5843,0.6699,0.5775,0.5168,0.3201,0.4718,0.2595,0.519,0.3097,0.209,0.1634,0.3425,
1.0,0.9991,0.9725,0.9716,0.9697,0.9961,0.9942,0.9898,0.9856,0.9249,0.7384,0.9351,0.9063,0.8402,0.8033,0.8614,0.6896,0.8278,0.9408,0.785,0.6107,0.9494,0.7223,0.6258,0.612,0.6171,0.8549,0.5714,0.6231,0.7805,0.4986,0.5549,0.3872,0.5896,0.676,0.5811,0.5237,0.3116,0.4763,0.2594,0.5235,0.3033,0.206,0.1614,0.3509,
1.0,0.9987,0.9713,0.97,0.9684,0.9972,0.995,0.9923,0.9864,0.924,0.7377,0.9334,0.91,0.8409,0.8043,0.8572,0.6928,0.8263,0.9368,0.7833,0.6091,0.9532,0.7186,0.6202,0.6054,0.6113,0.8592,0.5719,0.619,0.7848,0.5042,0.5496,0.3865,0.5823,0.6637,0.5779,0.5222,0.3163,0.4755,0.262,0.5237,0.3107,0.2038,0.1664,0.3513,
1.0,0.9992,0.9669,0.9661,0.9724,0.9977,0.9955,0.9888,0.9844,0.9215,0.7396,0.9324,0.9033,0.8444,0.8032,0.8552,0.6865,0.8308,0.9431,0.779,0.6207,0.9495,0.72,0.6371,0.6076,0.6183,0.8508,0.5744,0.619,0.7819,0.5067,0.5575,0.3908,0.5832,0.6754,0.585,0.5252,0.3197,0.4762,0.2623,0.5225,0.3104,0.2068,0.1687,0.3466,
1.0,0.9993,0.9645,0.9638,0.9702,0.9978,0.9959,0.992,0.9863,0.9197,0.7429,0.9283,0.9048,0.8468,0.8101,0.8496,0.6945,0.833,0.9373,0.781,0.6121,0.9553,0.7191,0.6253,0.6115,0.6214,0.8601,0.5774,0.6162,0.7819,0.5032,0.5619,0.3931,0.5928,0.6719,0.5807,0.5182,0.3134,0.4862,0.2645,0.5284,0.315,0.205,0.1613,0.3697,
1.0,0.9985,0.9665,0.965,0.9681,0.9979,0.9955,0.9899,0.9859,0.9238,0.7335,0.9269,0.9076,0.8376,0.7968,0.8522,0.6837,0.8257,0.941,0.7801,0.607,0.9506,0.7167,0.6132,0.602,0.6094,0.8587,0.5664,0.6221,0.7789,0.498,0.5581,0.3872,0.5882,0.6737,0.5751,0.5224,0.3123,0.4782,0.2595,0.5275,0.3061,0.207,0.1575,0.3574,
1.0,0.9994,0.9706,0.97,0.9672,0.9967,0.9951,0.9901,0.9855,0.9235,0.7307,0.9316,0.9063,0.8356,0.7978,0.8567,0.6837,0.8238,0.9445,0.782,0.6098,0.9533,0.7211,0.6232,0.6003,0.6082,0.8562,0.567,0.6136,0.78,0.5093,0.5517,0.3858,0.5903,0.6803,0.581,0.5204,0.3182,0.4875,0.2528,0.5233,0.3121,0.21,0.1607,0.359,
1.0,0.9993,0.9688,0.9681,0.9694,0.9975,0.9957,0.9905,0.9854,0.9231,0.7327,0.9331,0.9079,0.8359,0.8,0.8572,0.6783,0.8229,0.9412,0.78,0.6102,0.9527,0.721,0.6236,0.6127,0.6149,0.8508,0.5589,0.6252,0.7771,0.4964,0.548,0.3903,0.6046,0.6806,0.5863,0.5189,0.307,0.481,0.2668,0.5242,0.3075,0.2077,0.1714,0.3534,
1.0,0.9995,0.9645,0.964,0.9706,0.9973,0.9955,0.9914,0.9856,0.9244,0.7336,0.9295,0.9093,0.8339,0.7968,0.8558,0.6761,0.8195,0.9406,0.7816,0.6133,0.9568,0.7275,0.6237,0.6049,0.6094,0.8523,0.5565,0.6192,0.7773,0.5027,0.5412,0.3841,0.581,0.6714,0.5914,0.5265,0.3143,0.4763,0.2604,0.5198,0.3055,0.205,0.1691,0.3407,
1.0,0.9986,0.9665,0.9651,0.9673,0.998,0.9956,0.9903,0.984,0.9211,0.734,0.9271,0.9055,0.8437,0.8026,0.8496,0.6863,0.8297,0.9371,0.7761,0.6064,0.9514,0.7168,0.619,0.6038,0.6117,0.8571,0.5754,0.6147,0.781,0.4987,0.5581,0.392,0.5952,0.6713,0.5726,0.511,0.3209,0.4794,0.252,0.523,0.3125,0.2074,0.1561,0.3558,
1.0,0.9988,0.9668,0.9656,0.9705,0.9975,0.9954,0.9908,0.9847,0.9248,0.7349,0.931,0.9098,0.8377,0.8005,0.8581,0.6856,0.823,0.9396,0.7866,0.6106,0.9502,0.7235,0.6222,0.6071,0.6154,0.8614,0.5673,0.6206,0.7851,0.5021,0.5526,0.3927,0.5867,0.6766,0.5858,0.5254,0.319,0.482,0.2623,0.5328,0.3116,0.2088,0.1688,0.3522,
1.0,0.9988,0.9677,0.9665,0.9677,0.9977,0.9957,0.9892,0.9845,0.9213,0.7331,0.9296,0.9057,0.8402,0.8009,0.8516,0.6829,0.8278,0.9445,0.776,0.6102,0.9534,0.7225,0.6216,0.6039,0.6113,0.8554,0.5716,0.6168,0.7805,0.5131,0.557,0.3946,0.5963,0.6824,0.5902,0.5249,0.3266,0.4871,0.2519,0.5328,0.3199,0.2052,0.1631,0.3607,
1.0,0.999,0.969,0.968,0.97,0.9975,0.9959,0.9895,0.9844,0.9245,0.7332,0.9349,0.9103,0.8361,0.7989,0.8606,0.6849,0.8233,0.9449,0.7899,0.6123,0.949,0.7243,0.6255,0.6061,0.6143,0.8599,0.5741,0.6266,0.7806,0.5098,0.5552,0.3959,0.5823,0.6848,0.5837,0.5296,0.3256,0.4766,0.2643,0.5338,0.3162,0.2159,0.166,0.3506,
1.0,0.9989,0.9703,0.9692,0.969,0.9974,0.9954,0.9899,0.9834,0.9275,0.7449,0.9338,0.9123,0.8483,0.8083,0.8618,0.6935,0.8336,0.9406,0.7851,0.6233,0.9507,0.7295,0.6316,0.6107,0.6275,0.8593,0.5812,0.622,0.7838,0.5001,0.5658,0.3939,0.594,0.6792,0.5862,0.5206,0.3217,0.4787,0.2639,0.5283,0.3095,0.2052,0.1634,0.3585,
1.0,0.9992,0.9689,0.9681,0.97,0.9963,0.9944,0.9915,0.9868,0.9241,0.7345,0.9326,0.9079,0.8334,0.798,0.8584,0.6831,0.8197,0.9397,0.7837,0.6093,0.9504,0.7237,0.6244,0.6155,0.6127,0.8575,0.5664,0.6234,0.7853,0.5084,0.5506,0.391,0.5895,0.6752,0.5877,0.521,0.3178,0.4792,0.2584,0.5251,0.3153,0.2137,0.1717,0.3491,
1.0,0.999,0.968,0.967,0.9702,0.998,0.9966,0.991,0.9863,0.9263,0.7391,0.9323,0.9115,0.8402,0.8019,0.8603,0.6823,0.8277,0.9432,0.7823,0.6196,0.9488,0.7277,0.6302,0.6083,0.6156,0.8562,0.5644,0.6279,0.7881,0.5001,0.5547,0.3903,0.5849,0.6756,0.5887,0.5215,0.313,0.4653,0.2676,0.5173,0.3081,0.2041,0.1632,0.3548,
1.0,0.9988,0.9667,0.9655,0.9708,0.9975,0.9951,0.9897,0.9852,0.9219,0.7393,0.9302,0.9049,0.8419,0.803,0.8535,0.6817,0.8301,0.941,0.7766,0.6134,0.9526,0.7232,0.6266,0.609,0.6135,0.8504,0.5618,0.624,0.7785,0.4982,0.5488,0.3948,0.5967,0.6735,0.5823,0.5156,0.3121,0.4781,0.2641,0.5097,0.308,0.2068,0.1659,0.3541,
1.0,0.9994,0.969,0.9684,0.9703,0.9982,0.9972,0.9898,0.9836,0.9258,0.7372,0.9323,0.9083,0.8404,0.7978,0.8582,0.683,0.828,0.9416,0.7835,0.6105,0.9512,0.724,0.626,0.6112,0.6163,0.8557,0.5719,0.6288,0.785,0.5052,0.5599,0.3958,0.5948,0.6823,0.585,0.5301,0.319,0.4805,0.2682,0.5382,0.3219,0.2138,0.1647,0.3643,
1.0,0.9982,0.9687,0.9669,0.9707,0.9969,0.9941,0.9885,0.9848,0.9221,0.7302,0.9318,0.9034,0.8367,0.7968,0.8546,0.6837,0.8249,0.9453,0.7844,0.6082,0.9536,0.7202,0.6219,0.6098,0.6144,0.857,0.5692,0.6159,0.7801,0.5039,0.5586,0.3834,0.5925,0.6869,0.5836,0.529,0.3199,0.4891,0.2589,0.5315,0.3075,0.2093,0.1666,0.36,
1.0,0.9991,0.9631,0.9622,0.9711,0.9981,0.9957,0.9915,0.9872,0.9224,0.7415,0.928,0.9076,0.8413,0.8058,0.8511,0.6858,0.8285,0.939,0.7801,0.6208,0.9572,0.734,0.6285,0.6111,0.6164,0.8575,0.5627,0.622,0.7841,0.5048,0.5483,0.3996,0.5965,0.6711,0.5841,0.5169,0.3196,0.4752,0.2707,0.5087,0.3181,0.2086,0.1671,0.3607,
1.0,0.9993,0.9652,0.9645,0.9726,0.9982,0.9963,0.9902,0.9833,0.9253,0.7401,0.9327,0.9104,0.8408,0.8025,0.8589,0.6855,0.8263,0.9429,0.7893,0.6219,0.957,0.7313,0.6285,0.607,0.622,0.8567,0.5658,0.6215,0.784,0.5147,0.5542,0.3877,0.589,0.6819,0.5912,0.5242,0.3169,0.4725,0.2584,0.5197,0.3106,0.2111,0.1611,0.3529,
1.0,0.9988,0.9664,0.9652,0.9694,0.9973,0.9947,0.9892,0.9846,0.9228,0.7433,0.929,0.9052,0.8467,0.8069,0.8545,0.6898,0.8342,0.9402,0.7808,0.6246,0.9521,0.7255,0.6342,0.6055,0.6172,0.854,0.5722,0.6185,0.7785,0.5063,0.5548,0.3913,0.5855,0.6679,0.5844,0.5147,0.3161,0.4749,0.2626,0.5248,0.3068,0.2018,0.1615,0.3525,
1.0,0.9992,0.9686,0.9678,0.9671,0.997,0.9952,0.9913,0.9858,0.9257,0.7376,0.9304,0.9109,0.8399,0.8023,0.8571,0.6877,0.8264,0.9384,0.7839,0.613,0.9519,0.7214,0.6188,0.6029,0.6083,0.8571,0.5692,0.623,0.7799,0.4977,0.5549,0.3856,0.5926,0.6764,0.5799,0.5191,0.3153,0.4855,0.264,0.5307,0.3118,0.2062,0.1589,0.3548,
1.0,0.9987,0.9679,0.9666,0.9692,0.9976,0.9959,0.9914,0.9846,0.9267,0.7432,0.9309,0.9122,0.8446,0.8077,0.858,0.6915,0.832,0.943,0.7878,0.6201,0.9571,0.7266,0.6286,0.6141,0.6294,0.8587,0.5765,0.6292,0.7792,0.5011,0.5643,0.3888,0.6033,0.6841,0.5956,0.5261,0.3141,0.4827,0.2682,0.5287,0.3076,0.2054,0.1691,0.3655,
1.0,0.9985,0.9688,0.9673,0.9716,0.9975,0.9951,0.9904,0.9861,0.9216,0.7414,0.9332,0.9053,0.8441,0.8051,0.8564,0.6873,0.8328,0.9418,0.7781,0.6121,0.9525,0.722,0.6321,0.6107,0.6187,0.8541,0.5713,0.6167,0.7795,0.5005,0.5585,0.3975,0.5929,0.6724,0.5786,0.5199,0.3194,0.4811,0.256,0.5231,0.3057,0.2068,0.1733,0.3577,
1.0,0.9988,0.9679,0.9667,0.9719,0.9972,0.9944,0.9901,0.985,0.9256,0.7434,0.9328,0.9091,0.8435,0.809,0.8594,0.6915,0.8291,0.9417,0.7861,0.6124,0.9516,0.718,0.6274,0.6045,0.6301,0.8544,0.5727,0.6182,0.7906,0.5076,0.5628,0.3848,0.5926,0.6726,0.582,0.5166,0.3121,0.4722,0.2583,0.5204,0.3117,0.2042,0.1556,0.3565,
1.0,0.9987,0.9692,0.9679,0.9715,0.998,0.9958,0.9891,0.9839,0.9242,0.742,0.9348,0.909,0.8437,0.8013,0.8602,0.6847,0.8313,0.9398,0.7819,0.6113,0.9527,0.7229,0.6263,0.6068,0.6143,0.8576,0.572,0.6251,0.7836,0.4985,0.5589,0.3878,0.5995,0.6735,0.58,0.5199,0.3188,0.4846,0.2655,0.5346,0.3082,0.2081,0.1644,0.357,
1.0,0.9989,0.97,0.9689,0.9692,0.9975,0.9955,0.9913,0.9849,0.9199,0.7322,0.9328,0.9052,0.8377,0.7995,0.8537,0.6828,0.823,0.9385,0.7762,0.6056,0.9528,0.7162,0.6182,0.6036,0.6091,0.8566,0.5599,0.6119,0.7774,0.5041,0.5479,0.3852,0.5861,0.683,0.5736,0.5239,0.3179,0.4782,0.2538,0.5331,0.3062,0.2087,0.1662,0.3455,
1.0,0.9989,0.9686,0.9675,0.9678,0.9966,0.9949,0.9909,0.9847,0.9224,0.7296,0.9305,0.9068,0.833,0.7969,0.8548,0.6814,0.819,0.9411,0.7828,0.6043,0.9511,0.7155,0.6137,0.5978,0.6071,0.8556,0.562,0.6173,0.7781,0.5018,0.5428,0.3803,0.586,0.6743,0.5797,0.5222,0.3103,0.4785,0.2542,0.5229,0.3118,0.204,0.1615,0.3508,
1.0,0.9989,0.9663,0.9652,0.971,0.9971,0.9949,0.9909,0.9861,0.9223,0.7412,0.931,0.907,0.8426,0.8063,0.8549,0.689,0.8296,0.9385,0.783,0.61,0.9546,0.7247,0.6221,0.6099,0.6186,0.8598,0.5682,0.6179,0.786,0.5112,0.5468,0.3931,0.595,0.6695,0.5778,0.5272,0.319,0.4881,0.2689,0.5227,0.3197,0.2116,0.1663,0.3635,
1.0,0.9991,0.9695,0.9686,0.9679,0.9979,0.996,0.9918,0.9864,0.9267,0.7408,0.9302,0.911,0.8434,0.8044,0.8576,0.6883,0.8293,0.942,0.7811,0.6144,0.9514,0.7209,0.6269,0.5996,0.6141,0.8543,0.5617,0.625,0.7823,0.509,0.5564,0.3881,0.5963,0.6798,0.5862,0.5147,0.3222,0.4698,0.2605,0.5192,0.3084,0.2141,0.156,0.3545,
1.0,0.9989,0.9687,0.9676,0.9699,0.9974,0.9951,0.9917,0.9877,0.9225,0.7388,0.9315,0.9071,0.8409,0.8056,0.856,0.6915,0.8288,0.942,0.7815,0.614,0.9536,0.7277,0.6294,0.6097,0.6117,0.8611,0.5669,0.623,0.7842,0.4996,0.5489,0.3933,0.5916,0.6783,0.5855,0.5176,0.3156,0.4793,0.2653,0.52,0.3086,0.2098,0.1637,0.3567,
1.0,0.9985,0.9646,0.9631,0.9687,0.9974,0.9946,0.9894,0.9846,0.9195,0.7322,0.9266,0.9039,0.8395,0.8037,0.8482,0.6814,0.8265,0.9373,0.7795,0.607,0.9517,0.7195,0.6186,0.6053,0.6086,0.8536,0.5644,0.614,0.7768,0.5007,0.5475,0.3931,0.5909,0.6756,0.5806,0.5162,0.3193,0.4774,0.256,0.5268,0.3112,0.2092,0.1635,0.3548,
1.0,0.9987,0.969,0.9677,0.9703,0.9976,0.995,0.9914,0.9865,0.9249,0.7421,0.9328,0.9102,0.8434,0.8057,0.8584,0.6894,0.8305,0.943,0.7835,0.6148,0.9542,0.7255,0.6277,0.6079,0.6187,0.858,0.5683,0.6265,0.7814,0.5024,0.5572,0.3896,0.5971,0.6802,0.5858,0.5211,0.3147,0.4826,0.2641,0.5374,0.3109,0.2107,0.168,0.3577,
1.0,0.9989,0.9653,0.9642,0.9689,0.9966,0.9942,0.9895,0.9842,0.9243,0.7338,0.9273,0.9069,0.8379,0.7987,0.8527,0.686,0.8236,0.9372,0.7855,0.6043,0.9515,0.7218,0.6127,0.5985,0.6075,0.86,0.5621,0.6069,0.7807,0.5063,0.54,0.3822,0.5819,0.6691,0.5754,0.5223,0.3134,0.4799,0.2521,0.5225,0.3112,0.2062,0.1591,0.3502,
1.0,0.9992,0.9689,0.9681,0.9723,0.9981,0.9964,0.9933,0.9878,0.9248,0.7439,0.9365,0.9133,0.84,0.8064,0.8619,0.6869,0.8264,0.9402,0.7838,0.6152,0.9548,0.724,0.6264,0.6114,0.6203,0.8546,0.5663,0.6306,0.7893,0.5139,0.5575,0.3959,0.5926,0.6849,0.5939,0.5213,0.3233,0.4726,0.2675,0.5339,0.3142,0.2178,0.1687,0.3513,
1.0,0.9991,0.9662,0.9653,0.9733,0.9968,0.9948,0.9905,0.9859,0.9212,0.7327,0.9336,0.905,0.8357,0.7973,0.8561,0.6788,0.8224,0.9384,0.7838,0.6045,0.9507,0.7201,0.619,0.6012,0.6058,0.8586,0.5604,0.6117,0.7843,0.5024,0.5423,0.3902,0.5851,0.6661,0.5777,0.5241,0.318,0.4769,0.2548,0.5216,0.3093,0.2064,0.1629,0.3452,
1.0,0.9989,0.9686,0.9675,0.9725,0.9982,0.9962,0.9901,0.9857,0.9272,0.7478,0.9342,0.9116,0.8483,0.8124,0.8628,0.7004,0.8367,0.9384,0.7949,0.6146,0.9565,0.7273,0.6289,0.6124,0.6254,0.8602,0.5814,0.6221,0.7937,0.5118,0.5576,0.3863,0.5931,0.6745,0.5827,0.5196,0.3177,0.4821,0.2629,0.5291,0.3178,0.2051,0.1652,0.3666,
1.0,0.999,0.9702,0.9692,0.9691,0.9981,0.9958,0.9901,0.9839,0.9268,0.7414,0.9325,0.9107,0.8429,0.8032,0.86,0.6856,0.8276,0.9368,0.7806,0.6154,0.9531,0.7249,0.6252,0.6068,0.616,0.8497,0.5603,0.6306,0.7838,0.5032,0.5517,0.3932,0.5993,0.6745,0.5812,0.5169,0.3164,0.4801,0.2658,0.5237,0.3128,0.212,0.1673,0.3614,
1.0,0.9994,0.97,0.9694,0.9703,0.9971,0.9945,0.9904,0.9848,0.9253,0.7437,0.9341,0.9078,0.8448,0.807,0.8602,0.6975,0.8299,0.9407,0.7897,0.6222,0.954,0.7276,0.6357,0.6152,0.6251,0.8609,0.5761,0.6229,0.7792,0.4993,0.5578,0.3889,0.5901,0.6806,0.5882,0.5259,0.3142,0.4877,0.2669,0.535,0.308,0.2,0.1676,0.361,
1.0,0.998,0.9685,0.9665,0.9674,0.9978,0.9945,0.9906,0.9857,0.9264,0.7336,0.9283,0.9111,0.8365,0.7964,0.8556,0.6847,0.8228,0.9404,0.783,0.6082,0.9532,0.7188,0.6184,0.5937,0.6065,0.8576,0.5702,0.6198,0.7862,0.5072,0.5565,0.3843,0.5963,0.6798,0.5803,0.5116,0.3173,0.4793,0.2579,0.5234,0.312,0.2097,0.1541,0.357,
1.0,0.9988,0.9683,0.9671,0.9679,0.9972,0.9949,0.9916,0.9853,0.917,0.7258,0.9289,0.9016,0.8357,0.7951,0.8479,0.68,0.8212,0.9397,0.7725,0.6053,0.9534,0.7157,0.6211,0.6065,0.6041,0.8571,0.5637,0.6158,0.7727,0.4978,0.5463,0.3932,0.5892,0.6691,0.5779,0.5227,0.3117,0.4825,0.2559,0.5239,0.3092,0.1962,0.1643,0.3435,
1.0,0.9994,0.969,0.9684,0.9682,0.9984,0.9967,0.9913,0.9858,0.9206,0.7369,0.9308,0.9057,0.8417,0.8053,0.8531,0.69,0.8282,0.9406,0.7782,0.6136,0.9546,0.7227,0.628,0.6151,0.6156,0.8582,0.5722,0.6227,0.7815,0.4946,0.5586,0.3868,0.5892,0.6778,0.5795,0.5225,0.3131,0.4791,0.2643,0.52,0.302,0.2042,0.1623,0.3536,
1.0,0.9987,0.9654,0.9641,0.9679,0.9968,0.9945,0.9901,0.9846,0.9245,0.738,0.9256,0.907,0.8401,0.8024,0.8515,0.684,0.8275,0.9452,0.7841,0.6196,0.9553,0.7264,0.6251,0.6045,0.6171,0.8573,0.5715,0.6185,0.7797,0.5021,0.5475,0.3849,0.5867,0.6744,0.5871,0.5286,0.3155,0.4873,0.2624,0.5284,0.3064,0.2066,0.1733,0.3618,
1.0,0.999,0.9656,0.9646,0.9692,0.9975,0.9958,0.9914,0.986,0.9248,0.7407,0.9277,0.9088,0.8422,0.8059,0.8553,0.692,0.8283,0.9332,0.788,0.612,0.953,0.7267,0.6209,0.6088,0.6145,0.8604,0.5685,0.6307,0.7817,0.5028,0.555,0.3883,0.5933,0.681,0.5866,0.5168,0.3156,0.4821,0.2796,0.5362,0.3088,0.2188,0.1677,0.3694,
1.0,0.9986,0.9673,0.9659,0.9691,0.9973,0.995,0.991,0.986,0.9244,0.735,0.9293,0.9086,0.8382,0.7995,0.8555,0.6901,0.8238,0.9384,0.7891,0.6078,0.9529,0.7247,0.6202,0.6083,0.6089,0.8669,0.5672,0.6203,0.7795,0.5016,0.5477,0.3911,0.5877,0.6736,0.5776,0.5201,0.3134,0.48,0.261,0.5231,0.307,0.2044,0.162,0.357,
1.0,0.9991,0.9686,0.9677,0.9651,0.9974,0.9957,0.9916,0.9863,0.9182,0.7324,0.9277,0.9042,0.841,0.8049,0.8478,0.6886,0.8276,0.9425,0.7748,0.6107,0.9538,0.7183,0.6247,0.61,0.6128,0.8594,0.5751,0.6164,0.7754,0.5033,0.559,0.3863,0.5902,0.6791,0.586,0.5316,0.3242,0.4839,0.2588,0.5284,0.3154,0.2084,0.1643,0.3527,
1.0,0.9985,0.9676,0.9661,0.9707,0.9971,0.9944,0.9889,0.9837,0.9252,0.7328,0.9307,0.9071,0.8357,0.7964,0.8572,0.6841,0.8223,0.9395,0.7883,0.606,0.9539,0.7225,0.6177,0.6073,0.6124,0.8568,0.5642,0.6141,0.7831,0.5114,0.5491,0.3947,0.5894,0.6692,0.5828,0.5199,0.3187,0.4789,0.2573,0.5192,0.3137,0.2083,0.1606,0.3484,
1.0,0.999,0.9687,0.9677,0.9696,0.9972,0.9953,0.9905,0.9863,0.9225,0.7388,0.9311,0.9059,0.8413,0.8034,0.8548,0.6867,0.8302,0.9429,0.7791,0.6157,0.9551,0.7271,0.6277,0.6181,0.6171,0.8524,0.568,0.6245,0.7812,0.5015,0.5592,0.3849,0.5904,0.6867,0.593,0.5218,0.3169,0.4717,0.2673,0.5207,0.3032,0.2072,0.1642,0.3487,
1.0,0.9991,0.9662,0.9653,0.968,0.9979,0.9962,0.9918,0.9861,0.9241,0.7337,0.9271,0.9084,0.8372,0.7999,0.8521,0.6812,0.8224,0.9374,0.7785,0.6033,0.9535,0.7172,0.614,0.5953,0.6067,0.8529,0.5608,0.6186,0.7832,0.5073,0.547,0.3795,0.585,0.6758,0.5794,0.5185,0.3102,0.4746,0.2599,0.5203,0.3114,0.2069,0.1587,0.352,
1.0,0.9982,0.9662,0.9644,0.9685,0.9969,0.994,0.9899,0.985,0.9236,0.7316,0.9267,0.9061,0.8351,0.794,0.8513,0.6814,0.8215,0.9445,0.7806,0.605,0.9544,0.7129,0.6155,0.5984,0.6123,0.8578,0.5698,0.6105,0.7774,0.5086,0.5545,0.382,0.587,0.6761,0.5823,0.5347,0.3083,0.4809,0.2541,0.5164,0.3137,0.2069,0.1631,0.3498,
1.0,0.9989,0.9681,0.967,0.9674,0.9967,0.9949,0.9905,0.9852,0.9237,0.7362,0.9282,0.9064,0.8411,0.8026,0.8531,0.6844,0.8283,0.9461,0.7785,0.6168,0.9519,0.7229,0.6251,0.5999,0.6164,0.8543,0.5687,0.6168,0.7792,0.5129,0.552,0.3896,0.5853,0.6704,0.5783,0.5177,0.3273,0.4682,0.2612,0.5142,0.3062,0.2019,0.1594,0.3429,
1.0,0.999,0.9665,0.9655,0.9699,0.9975,0.9953,0.9901,0.9855,0.9284,0.7342,0.9302,0.913,0.8306,0.7924,0.8603,0.6751,0.8177,0.9392,0.7863,0.6047,0.9502,0.7283,0.6127,0.6098,0.6104,0.8619,0.5593,0.6235,0.7905,0.5038,0.5419,0.3921,0.5954,0.6689,0.5818,0.5163,0.3108,0.484,0.2611,0.525,0.3138,0.2066,0.1614,0.3488,
1.0,0.9988,0.9692,0.968,0.9699,0.9973,0.995,0.9895,0.9838,0.9213,0.7365,0.9327,0.9056,0.8429,0.8063,0.8557,0.6894,0.8296,0.9387,0.7837,0.6087,0.9502,0.7164,0.6216,0.6074,0.6135,0.855,0.5717,0.6157,0.7842,0.4992,0.5526,0.3837,0.5893,0.6733,0.5733,0.5166,0.3117,0.4767,0.2576,0.5217,0.3132,0.2094,0.155,0.3558,
1.0,0.9987,0.9652,0.9639,0.97,0.9969,0.9952,0.9919,0.9852,0.9245,0.7376,0.9271,0.9076,0.8403,0.8027,0.8545,0.6886,0.8275,0.9372,0.7867,0.6114,0.956,0.7269,0.6215,0.601,0.608,0.859,0.5613,0.6108,0.7839,0.5064,0.5397,0.3891,0.5833,0.6697,0.5816,0.524,0.3155,0.4753,0.2602,0.5194,0.3112,0.2106,0.1633,0.3507,
1.0,0.9987,0.9691,0.9678,0.9691,0.997,0.9942,0.9897,0.9848,0.92,0.7343,0.931,0.9024,0.8414,0.7991,0.8522,0.6873,0.8282,0.9397,0.7774,0.6083,0.9529,0.7188,0.6245,0.6128,0.611,0.8534,0.5761,0.629,0.7744,0.4907,0.5597,0.3816,0.5911,0.6798,0.5788,0.5144,0.3065,0.4731,0.2613,0.5295,0.3006,0.2027,0.1568,0.3538,
1.0,0.9991,0.9678,0.9669,0.9698,0.997,0.9946,0.9903,0.9846,0.9263,0.7401,0.9324,0.9105,0.841,0.8053,0.8605,0.6909,0.8276,0.9402,0.79,0.6141,0.9483,0.7196,0.623,0.6002,0.6179,0.8621,0.575,0.6224,0.7879,0.5055,0.5484,0.3824,0.5859,0.666,0.5793,0.5176,0.3162,0.4778,0.2648,0.524,0.3153,0.2098,0.1577,0.3563,
1.0,0.9983,0.9658,0.9641,0.9693,0.9973,0.9942,0.989,0.9828,0.9189,0.7327,0.928,0.9021,0.8403,0.8001,0.8492,0.681,0.8247,0.9401,0.7766,0.6112,0.9449,0.7157,0.6246,0.6047,0.6152,0.8578,0.5734,0.6192,0.7777,0.5041,0.5569,0.3936,0.5886,0.6747,0.5789,0.5124,0.3224,0.4821,0.2596,0.5329,0.3178,0.2092,0.1616,0.3539,
1.0,0.999,0.9689,0.9679,0.9707,0.9976,0.9951,0.9897,0.9848,0.9212,0.7398,0.9345,0.906,0.8429,0.8058,0.8571,0.6864,0.828,0.938,0.7787,0.611,0.9521,0.7209,0.625,0.6093,0.6111,0.8541,0.5685,0.6215,0.7827,0.5044,0.5486,0.386,0.5884,0.6665,0.5848,0.517,0.3153,0.4707,0.2603,0.5108,0.3073,0.2026,0.1594,0.3509,
1.0,0.9993,0.9687,0.968,0.9706,0.9967,0.9951,0.9918,0.9855,0.9252,0.7338,0.9344,0.9105,0.8344,0.7992,0.86,0.6813,0.8207,0.9392,0.7856,0.6115,0.9555,0.7286,0.6224,0.6094,0.6119,0.857,0.5654,0.6269,0.7875,0.5071,0.5513,0.3937,0.5931,0.6791,0.586,0.5215,0.3151,0.4832,0.2576,0.5295,0.316,0.2141,0.1618,0.355,
1.0,0.9988,0.9676,0.9664,0.969,0.9965,0.9941,0.9904,0.9839,0.9253,0.7348,0.9281,0.9069,0.8379,0.7972,0.8547,0.6784,0.8223,0.9374,0.7784,0.6039,0.9521,0.7193,0.6138,0.6028,0.6148,0.8505,0.5674,0.6157,0.7844,0.5029,0.5564,0.3925,0.5916,0.6789,0.5781,0.5173,0.3237,0.473,0.2512,0.5199,0.3136,0.2091,0.1633,0.354,
1.0,0.9986,0.9679,0.9665,0.9697,0.9983,0.996,0.9909,0.9867,0.928,0.7389,0.9326,0.9152,0.8359,0.8014,0.8617,0.6838,0.8246,0.9426,0.7872,0.6153,0.9515,0.7244,0.6212,0.6023,0.6186,0.8555,0.5634,0.6288,0.7836,0.5095,0.5515,0.3904,0.5821,0.6731,0.5841,0.5218,0.3126,0.4758,0.2671,0.5283,0.308,0.2141,0.1635,0.3415,
1.0,0.9989,0.9717,0.9706,0.9695,0.9972,0.9947,0.9904,0.9859,0.9213,0.7301,0.9348,0.9053,0.8328,0.7948,0.858,0.681,0.8209,0.9411,0.7773,0.6004,0.952,0.716,0.6148,0.608,0.6053,0.8561,0.5623,0.6195,0.7793,0.4958,0.5478,0.3908,0.5903,0.6716,0.5775,0.5254,0.3159,0.4768,0.2599,0.5144,0.3076,0.1958,0.1584,0.3457,
1.0,0.9989,0.9697,0.9686,0.968,0.9969,0.9949,0.9903,0.9851,0.9228,0.7339,0.9307,0.9052,0.8391,0.8013,0.8548,0.6888,0.8266,0.9414,0.7847,0.6153,0.9537,0.7264,0.6268,0.609,0.6124,0.8598,0.573,0.6235,0.7822,0.5087,0.5582,0.3918,0.5947,0.6883,0.5892,0.5277,0.3185,0.4789,0.2692,0.5339,0.3175,0.215,0.1685,0.3604,
1.0,0.9992,0.9692,0.9684,0.9696,0.997,0.9952,0.9899,0.9855,0.9212,0.7407,0.9311,0.9028,0.8459,0.8061,0.8533,0.6942,0.8343,0.9357,0.7794,0.6077,0.9515,0.7199,0.6239,0.6106,0.6137,0.8554,0.57,0.6134,0.7741,0.4943,0.5516,0.3906,0.5774,0.6631,0.5748,0.5175,0.3134,0.4698,0.2583,0.516,0.3025,0.2032,0.155,0.3481,
1.0,0.9991,0.9649,0.964,0.97,0.9969,0.9946,0.9906,0.9855,0.9243,0.7338,0.9286,0.9076,0.8351,0.7975,0.8541,0.6769,0.8207,0.9405,0.7833,0.6133,0.9494,0.728,0.623,0.6038,0.6083,0.8519,0.5572,0.6235,0.7782,0.5041,0.5412,0.3856,0.5786,0.6744,0.5824,0.5172,0.3123,0.4758,0.2642,0.5216,0.3107,0.1987,0.1714,0.3483,
1.0,0.9994,0.9673,0.9667,0.9659,0.998,0.9963,0.9914,0.9847,0.9233,0.7354,0.9262,0.9078,0.8432,0.8033,0.8507,0.6928,0.8279,0.9429,0.7827,0.6166,0.9516,0.7188,0.6276,0.6017,0.6178,0.8616,0.5784,0.6157,0.7819,0.5113,0.5602,0.4,0.5924,0.6745,0.5784,0.5328,0.3332,0.4843,0.2669,0.5217,0.3158,0.2141,0.1695,0.3568,
1.0,0.9991,0.9648,0.9639,0.9697,0.9972,0.9953,0.9903,0.985,0.9216,0.7375,0.9278,0.9048,0.8432,0.8052,0.85,0.6918,0.8305,0.9402,0.7845,0.6115,0.9544,0.7212,0.6252,0.6015,0.6135,0.8586,0.5717,0.6167,0.7814,0.5003,0.5513,0.3856,0.5937,0.6742,0.5783,0.519,0.3127,0.4878,0.2648,0.5238,0.3107,0.2048,0.1582,0.3656,
1.0,0.9988,0.9654,0.9642,0.9707,0.9975,0.9949,0.9903,0.9835,0.9276,0.734,0.9293,0.9115,0.8334,0.7946,0.8586,0.6778,0.8169,0.9363,0.7893,0.6056,0.9518,0.7214,0.614,0.5986,0.6076,0.858,0.5622,0.6218,0.7895,0.515,0.5452,0.3917,0.5872,0.6663,0.5833,0.5132,0.3132,0.4767,0.2548,0.5205,0.3186,0.208,0.1563,0.3493,
1.0,0.9989,0.9705,0.9694,0.9695,0.9969,0.9946,0.9909,0.9851,0.9233,0.7335,0.933,0.9067,0.8363,0.796,0.8573,0.6817,0.8218,0.9397,0.7788,0.6055,0.9494,0.7156,0.6167,0.6014,0.6031,0.854,0.5573,0.6244,0.7754,0.5033,0.5415,0.3891,0.5968,0.6778,0.5805,0.5263,0.314,0.4783,0.2674,0.519,0.3076,0.2106,0.1622,0.3609,
1.0,0.9988,0.9677,0.9665,0.9698,0.997,0.9947,0.9905,0.9857,0.923,0.7376,0.9311,0.9072,0.8424,0.8063,0.856,0.6847,0.8284,0.9398,0.7795,0.6092,0.9487,0.7159,0.6225,0.6022,0.6152,0.8499,0.5648,0.6171,0.7839,0.4987,0.557,0.3756,0.5836,0.6738,0.5847,0.5236,0.3077,0.478,0.2639,0.5294,0.3094,0.2068,0.1639,0.3569,
1.0,0.9985,0.9675,0.966,0.9692,0.9974,0.9951,0.9911,0.9847,0.9249,0.7363,0.9303,0.9101,0.8381,0.7978,0.8568,0.6848,0.823,0.9361,0.7837,0.6104,0.9507,0.7262,0.6193,0.6069,0.61,0.8614,0.5664,0.622,0.7819,0.4997,0.5471,0.3942,0.5836,0.6654,0.5801,0.5198,0.3182,0.4776,0.2657,0.5258,0.3102,0.2052,0.1698,0.3442,
1.0,0.9988,0.966,0.9648,0.9682,0.9973,0.9954,0.9903,0.9856,0.922,0.7302,0.9277,0.9057,0.8339,0.7972,0.8513,0.6777,0.8233,0.946,0.7774,0.6102,0.9518,0.7235,0.6207,0.5984,0.605,0.8543,0.5567,0.6211,0.78,0.5039,0.54,0.3821,0.5852,0.6719,0.5841,0.5179,0.3124,0.4729,0.2576,0.519,0.3081,0.2064,0.1631,0.3458,
1.0,0.9989,0.9661,0.965,0.9699,0.997,0.9949,0.9928,0.9874,0.9187,0.7437,0.9293,0.9036,0.8477,0.809,0.8496,0.692,0.8345,0.9388,0.7757,0.6137,0.9541,0.7171,0.6298,0.6074,0.6199,0.8557,0.5713,0.6168,0.7732,0.4972,0.5586,0.3888,0.5898,0.6749,0.5805,0.515,0.3193,0.4684,0.27,0.516,0.3069,0.2077,0.1567,0.356,
1.0,0.9992,0.966,0.9652,0.9708,0.997,0.9947,0.9891,0.9858,0.9286,0.7404,0.9311,0.911,0.84,0.8017,0.8608,0.6814,0.8285,0.9393,0.7869,0.6172,0.9514,0.7375,0.625,0.614,0.6126,0.856,0.566,0.6347,0.79,0.507,0.5519,0.3915,0.5947,0.6727,0.5936,0.5229,0.3158,0.4811,0.2728,0.5252,0.3171,0.2074,0.1664,0.3572,
1.0,0.9989,0.9686,0.9675,0.9707,0.9972,0.9952,0.9884,0.983,0.9233,0.7315,0.9338,0.9063,0.836,0.7957,0.8579,0.6781,0.8239,0.9455,0.7831,0.6055,0.9511,0.7182,0.6176,0.597,0.6097,0.8542,0.5607,0.616,0.7807,0.507,0.5438,0.3805,0.5841,0.6719,0.5805,0.525,0.3141,0.4822,0.257,0.5266,0.3165,0.2057,0.1589,0.348,
1.0,0.9989,0.9698,0.9687,0.9718,0.9975,0.9955,0.9916,0.9867,0.9268,0.7424,0.9354,0.9121,0.8378,0.8012,0.8628,0.6869,0.8261,0.9427,0.7861,0.6119,0.954,0.7228,0.6234,0.6065,0.6189,0.8598,0.5675,0.6245,0.7943,0.5186,0.5601,0.3852,0.5931,0.6811,0.5834,0.5227,0.3248,0.4771,0.2668,0.5378,0.3184,0.2143,0.1625,0.3522,
1.0,0.9989,0.9667,0.9656,0.9689,0.9972,0.9954,0.9919,0.9868,0.9259,0.7353,0.93,0.9112,0.8357,0.8016,0.8566,0.6848,0.8244,0.9406,0.7871,0.6058,0.9562,0.7233,0.6148,0.6059,0.6143,0.8581,0.5724,0.62,0.7889,0.5102,0.5576,0.3886,0.5942,0.6861,0.5833,0.5276,0.316,0.4838,0.2595,0.5323,0.3169,0.2162,0.1646,0.3632,
1.0,0.9989,0.9672,0.9661,0.9705,0.9974,0.9956,0.9901,0.9839,0.9243,0.741,0.9315,0.9086,0.8442,0.8065,0.8572,0.6848,0.83,0.9422,0.7817,0.6124,0.9531,0.7236,0.6248,0.6129,0.6243,0.8549,0.5747,0.6179,0.7867,0.5074,0.5576,0.3883,0.5964,0.6791,0.5849,0.5218,0.3245,0.4827,0.258,0.5212,0.3148,0.213,0.1678,0.355,
1.0,0.999,0.9667,0.9657,0.9711,0.9976,0.9952,0.9909,0.9868,0.9173,0.7359,0.932,0.9023,0.8406,0.803,0.85,0.6883,0.8281,0.943,0.7796,0.6088,0.9534,0.7166,0.6248,0.6033,0.6144,0.8595,0.5763,0.6102,0.7787,0.5039,0.5567,0.3948,0.5917,0.6804,0.577,0.5242,0.3211,0.4871,0.2535,0.5297,0.3115,0.2056,0.1692,0.3597,
1.0,0.9988,0.9692,0.968,0.9702,0.9972,0.9949,0.99,0.985,0.9211,0.7325,0.9304,0.9026,0.8384,0.7977,0.8525,0.6814,0.8254,0.9403,0.7768,0.6061,0.9497,0.7197,0.6242,0.6124,0.6114,0.8554,0.5658,0.6181,0.7789,0.4911,0.5503,0.3941,0.5943,0.6731,0.5764,0.5158,0.3102,0.4797,0.2575,0.5232,0.3111,0.2028,0.1649,0.3571,
1.0,0.9986,0.9688,0.9674,0.9699,0.9971,0.9945,0.9909,0.9848,0.9237,0.7294,0.9314,0.9077,0.8324,0.7964,0.8564,0.6823,0.8172,0.9387,0.7867,0.6019,0.9513,0.7219,0.6136,0.6061,0.6103,0.8603,0.561,0.6174,0.7832,0.502,0.5489,0.3925,0.5884,0.68,0.5822,0.5235,0.3048,0.4816,0.2564,0.5311,0.3136,0.2088,0.164,0.3516,
1.0,0.9986,0.9669,0.9655,0.9672,0.9977,0.9955,0.9916,0.9849,0.9238,0.7304,0.9285,0.9108,0.8339,0.7981,0.8537,0.6819,0.8201,0.9429,0.7822,0.6074,0.9555,0.719,0.6163,0.601,0.6119,0.8574,0.5661,0.6156,0.7786,0.5014,0.5451,0.3919,0.5898,0.6711,0.5833,0.5245,0.3187,0.4881,0.2533,0.5293,0.3104,0.2089,0.1675,0.3514,
1.0,0.9979,0.9689,0.9668,0.9705,0.9968,0.9939,0.9894,0.9842,0.9239,0.7321,0.9329,0.9079,0.8349,0.7962,0.8572,0.684,0.8222,0.944,0.7876,0.609,0.951,0.7223,0.6203,0.605,0.6131,0.8578,0.5724,0.6181,0.7814,0.5072,0.5523,0.3886,0.586,0.6771,0.5819,0.5259,0.3149,0.4804,0.2612,0.5322,0.3071,0.2067,0.167,0.357,
1.0,0.9982,0.9681,0.9663,0.9665,0.9963,0.9938,0.9893,0.9836,0.9248,0.7365,0.9268,0.9072,0.8418,0.804,0.8531,0.6898,0.8298,0.9401,0.7824,0.609,0.9517,0.7174,0.6191,0.6071,0.6171,0.8534,0.5731,0.6241,0.7784,0.503,0.5564,0.3791,0.5916,0.6696,0.587,0.5233,0.3213,0.4791,0.2619,0.5225,0.3087,0.2054,0.164,0.3566,
1.0,0.9994,0.9654,0.9648,0.9706,0.9981,0.996,0.9905,0.9868,0.9282,0.7463,0.9305,0.9126,0.8438,0.8071,0.8595,0.6919,0.8317,0.9395,0.7881,0.6138,0.955,0.7216,0.6205,0.6054,0.621,0.8572,0.575,0.6228,0.7829,0.5125,0.5539,0.3885,0.5969,0.6733,0.5854,0.525,0.3174,0.4821,0.2705,0.527,0.3212,0.2109,0.1645,0.3608,
1.0,0.9991,0.9702,0.9693,0.9694,0.9973,0.9957,0.9907,0.985,0.9231,0.7411,0.9337,0.9076,0.8434,0.8049,0.8572,0.6909,0.8301,0.941,0.7807,0.6191,0.9531,0.7239,0.6313,0.6109,0.6173,0.8542,0.5715,0.6282,0.781,0.5056,0.5609,0.3908,0.5987,0.6865,0.5898,0.5211,0.319,0.4734,0.2636,0.5298,0.3106,0.2162,0.1676,0.3553,
1.0,0.9985,0.9661,0.9646,0.9696,0.9972,0.9949,0.9911,0.9862,0.92,0.74,0.9284,0.9047,0.845,0.8072,0.8489,0.6849,0.8328,0.9431,0.7746,0.6152,0.9524,0.7209,0.6298,0.6082,0.6182,0.8523,0.5667,0.6222,0.7798,0.5,0.5572,0.3894,0.5932,0.6827,0.5842,0.5217,0.3191,0.4772,0.2657,0.5284,0.3096,0.205,0.1667,0.3516,
1.0,0.9986,0.969,0.9676,0.9678,0.9971,0.9942,0.99,0.9844,0.9292,0.7374,0.9303,0.9129,0.8388,0.8018,0.8608,0.685,0.8247,0.9353,0.7876,0.6141,0.9525,0.7309,0.6229,0.6061,0.6136,0.8537,0.5608,0.632,0.7841,0.5055,0.5517,0.3882,0.5914,0.6706,0.582,0.5124,0.3168,0.4749,0.2677,0.5244,0.3105,0.2112,0.1586,0.3576,
1.0,0.9986,0.9702,0.9688,0.9686,0.9981,0.996,0.991,0.9862,0.9238,0.7381,0.9315,0.9088,0.8413,0.803,0.8555,0.6918,0.8309,0.9439,0.7805,0.6126,0.9582,0.7212,0.6269,0.6064,0.6164,0.857,0.5753,0.6187,0.7798,0.5047,0.5607,0.3896,0.595,0.6777,0.5797,0.5261,0.3173,0.4801,0.2634,0.5209,0.3063,0.2106,0.1637,0.3566,
1.0,0.9985,0.9685,0.967,0.9691,0.9975,0.9949,0.9904,0.9855,0.9189,0.739,0.9306,0.903,0.8492,0.8128,0.8508,0.6931,0.8344,0.9336,0.7778,0.6072,0.9483,0.7158,0.6236,0.6041,0.6104,0.8537,0.5694,0.6186,0.7812,0.4944,0.5585,0.3864,0.5893,0.6737,0.5743,0.5065,0.3175,0.4755,0.2614,0.5271,0.3065,0.2101,0.1553,0.3626,
1.0,0.999,0.9671,0.9661,0.971,0.9968,0.9949,0.9902,0.9846,0.9201,0.7351,0.9312,0.9031,0.839,0.7983,0.852,0.6869,0.8257,0.9424,0.7826,0.6047,0.9541,0.7104,0.6199,0.6027,0.6141,0.8571,0.5701,0.6134,0.7772,0.4999,0.5506,0.3839,0.5966,0.6797,0.5743,0.523,0.3152,0.4821,0.2567,0.5233,0.3132,0.2094,0.1597,0.3599,
1.0,0.9992,0.9673,0.9665,0.9697,0.9977,0.9957,0.992,0.9859,0.9226,0.7366,0.9311,0.9087,0.8375,0.801,0.8544,0.6821,0.822,0.9391,0.7834,0.613,0.9502,0.7225,0.6256,0.6085,0.617,0.8556,0.5665,0.6217,0.7815,0.5097,0.551,0.3995,0.5854,0.6723,0.5837,0.519,0.3202,0.4712,0.2614,0.5224,0.3155,0.2137,0.1651,0.3526,
1.0,0.9988,0.9668,0.9656,0.9697,0.9978,0.9957,0.9898,0.9851,0.923,0.7385,0.9305,0.9079,0.8413,0.8024,0.8544,0.6885,0.8289,0.9435,0.7825,0.6179,0.9532,0.7266,0.6261,0.6121,0.6171,0.8593,0.5745,0.6211,0.7825,0.5047,0.5558,0.3955,0.5938,0.6727,0.5844,0.5287,0.3209,0.4809,0.268,0.5222,0.3115,0.2003,0.1682,0.3548,
1.0,0.9992,0.9682,0.9674,0.973,0.9974,0.9955,0.9895,0.9846,0.9255,0.7379,0.9351,0.9083,0.8369,0.8009,0.8631,0.6829,0.8226,0.9359,0.7869,0.6059,0.9491,0.7221,0.6183,0.6084,0.6095,0.8551,0.5574,0.6262,0.7893,0.507,0.5464,0.3845,0.5911,0.6714,0.5837,0.5232,0.304,0.4746,0.2651,0.5196,0.3181,0.2057,0.1558,0.3535,
1.0,0.9991,0.971,0.9701,0.9667,0.9969,0.9953,0.9913,0.9862,0.9272,0.7382,0.9315,0.912,0.8398,0.804,0.8587,0.6895,0.8263,0.936,0.7858,0.6057,0.9531,0.7235,0.6174,0.6035,0.6169,0.8566,0.5692,0.619,0.7885,0.5084,0.5516,0.3895,0.5931,0.6742,0.5803,0.5174,0.3108,0.4813,0.2603,0.5237,0.3208,0.2107,0.1587,0.3545,
1.0,0.999,0.9695,0.9685,0.971,0.9974,0.9949,0.9888,0.9849,0.9289,0.7446,0.9332,0.9109,0.842,0.801,0.8631,0.6844,0.8296,0.9445,0.7844,0.6259,0.9463,0.7263,0.6337,0.6067,0.624,0.8512,0.5702,0.6282,0.7872,0.5044,0.5584,0.3923,0.5887,0.6728,0.5898,0.5133,0.3173,0.4674,0.2663,0.5158,0.3076,0.2026,0.1595,0.3422,
1.0,0.9986,0.9664,0.965,0.9718,0.997,0.9948,0.9905,0.985,0.9232,0.7372,0.9304,0.9063,0.8379,0.7977,0.8552,0.6801,0.8244,0.9371,0.7814,0.6094,0.9536,0.7245,0.6236,0.6068,0.6106,0.8551,0.5613,0.6164,0.7855,0.5071,0.5481,0.3912,0.585,0.6684,0.5844,0.5224,0.3149,0.471,0.2577,0.52,0.3128,0.2157,0.1686,0.3469,
1.0,0.9995,0.9697,0.9692,0.973,0.9968,0.9952,0.9911,0.9848,0.9205,0.7344,0.9362,0.9037,0.839,0.7985,0.8579,0.6786,0.8255,0.9406,0.7762,0.6029,0.9526,0.7141,0.6245,0.6062,0.6103,0.852,0.5641,0.6172,0.7809,0.5117,0.5516,0.3959,0.5968,0.666,0.5715,0.5143,0.3283,0.4773,0.2507,0.5223,0.3207,0.2099,0.1665,0.3566,
1.0,0.9996,0.9689,0.9685,0.9697,0.9973,0.9951,0.9908,0.9865,0.9203,0.7377,0.9325,0.9043,0.8422,0.8063,0.8535,0.6866,0.828,0.9376,0.7774,0.6099,0.9538,0.7205,0.6285,0.6078,0.6117,0.8522,0.5651,0.619,0.778,0.4898,0.5489,0.3829,0.5886,0.6691,0.5811,0.5246,0.3091,0.4796,0.2623,0.5217,0.3075,0.2014,0.1681,0.3548,
1.0,0.9984,0.9686,0.967,0.9707,0.9972,0.9949,0.9912,0.9846,0.9212,0.7303,0.9325,0.9065,0.8341,0.7967,0.8561,0.6781,0.8199,0.9396,0.7789,0.5993,0.9553,0.7212,0.6134,0.6026,0.605,0.8545,0.558,0.6136,0.7821,0.506,0.5402,0.3889,0.5846,0.6751,0.5774,0.518,0.3151,0.4697,0.2469,0.5169,0.3124,0.21,0.1549,0.3474,
1.0,0.9988,0.97,0.9688,0.9685,0.9968,0.9944,0.9897,0.9837,0.9189,0.7279,0.9321,0.9024,0.8384,0.8006,0.8511,0.6798,0.8247,0.9393,0.7754,0.6064,0.9543,0.7195,0.6212,0.6101,0.6056,0.8483,0.5602,0.6174,0.7719,0.4933,0.5467,0.3847,0.5936,0.6768,0.5796,0.5212,0.3102,0.4736,0.2569,0.5215,0.3012,0.203,0.1598,0.35,
1.0,0.9988,0.9672,0.966,0.9694,0.997,0.9949,0.9915,0.9858,0.9218,0.7351,0.9297,0.9067,0.84,0.8037,0.8522,0.6819,0.825,0.9349,0.7771,0.6019,0.9519,0.7154,0.614,0.6008,0.6091,0.8524,0.5601,0.6141,0.7795,0.5031,0.5479,0.3811,0.5814,0.6697,0.5774,0.5178,0.3185,0.4635,0.2577,0.5184,0.3085,0.2135,0.1628,0.3486,
1.0,0.9987,0.9671,0.9658,0.9686,0.9979,0.9956,0.9912,0.9858,0.9255,0.7377,0.9288,0.9111,0.8377,0.799,0.856,0.687,0.8234,0.9379,0.7847,0.6108,0.9563,0.7249,0.6187,0.6054,0.6097,0.858,0.5654,0.6275,0.7853,0.5062,0.5498,0.3802,0.5907,0.6817,0.5842,0.5209,0.314,0.4836,0.2675,0.5338,0.3112,0.2131,0.1619,0.3619,
1.0,0.9988,0.9711,0.9699,0.9666,0.9971,0.995,0.9905,0.9861,0.9216,0.7373,0.9316,0.9054,0.8436,0.8059,0.8541,0.6911,0.8305,0.9435,0.7751,0.6133,0.953,0.7222,0.6275,0.6128,0.6196,0.8544,0.5764,0.6239,0.7803,0.5046,0.5652,0.3879,0.5893,0.6816,0.5834,0.5277,0.3212,0.4762,0.2602,0.5297,0.3093,0.2003,0.1624,0.3571,
1.0,0.9989,0.9699,0.9688,0.9722,0.9968,0.9943,0.9892,0.9823,0.9261,0.7441,0.9361,0.909,0.8444,0.8037,0.8634,0.6941,0.8285,0.9377,0.7933,0.6159,0.95,0.7249,0.6295,0.6095,0.6227,0.8624,0.578,0.6245,0.7853,0.5084,0.5588,0.3997,0.6,0.6808,0.5825,0.5234,0.3182,0.4905,0.2609,0.5337,0.318,0.2143,0.1678,0.3683,
1.0,0.9982,0.9664,0.9646,0.9696,0.9971,0.994,0.9896,0.9846,0.9208,0.7341,0.9278,0.9033,0.839,0.7999,0.8499,0.682,0.8257,0.942,0.7789,0.6061,0.9543,0.7183,0.6204,0.6036,0.6137,0.8551,0.5736,0.6141,0.7841,0.5041,0.5545,0.3831,0.5926,0.6692,0.5804,0.5293,0.3113,0.4771,0.2559,0.5194,0.3099,0.2076,0.1609,0.3485,
1.0,0.9991,0.968,0.9671,0.9712,0.9974,0.9956,0.9896,0.9833,0.9286,0.7421,0.9333,0.9119,0.8409,0.8011,0.8631,0.6888,0.8279,0.9419,0.7927,0.6224,0.9542,0.7282,0.6301,0.6119,0.6222,0.8591,0.5735,0.629,0.7881,0.5133,0.5608,0.3938,0.5996,0.6816,0.5949,0.5271,0.3103,0.4918,0.271,0.5343,0.3201,0.2114,0.1606,0.3667,
1.0,0.999,0.9691,0.9681,0.9707,0.9978,0.9959,0.9894,0.9826,0.9201,0.7306,0.9342,0.904,0.8383,0.7972,0.8546,0.684,0.8243,0.9415,0.7837,0.613,0.9501,0.7204,0.6281,0.6085,0.6125,0.8587,0.5724,0.6203,0.7731,0.5045,0.5584,0.3963,0.5887,0.6857,0.5805,0.5242,0.3208,0.4708,0.2614,0.5282,0.306,0.2158,0.1686,0.3471,
1.0,0.9992,0.9681,0.9673,0.9705,0.9969,0.9953,0.9917,0.9857,0.9214,0.7394,0.9317,0.9059,0.8424,0.8057,0.8536,0.6899,0.8286,0.9394,0.7833,0.6079,0.9539,0.7158,0.6207,0.6049,0.6157,0.8565,0.5704,0.6139,0.7835,0.5087,0.5504,0.3913,0.5907,0.6674,0.5789,0.5218,0.3169,0.4824,0.2612,0.5195,0.3155,0.2048,0.1591,0.3559,
1.0,0.999,0.9693,0.9683,0.9709,0.9967,0.995,0.9899,0.9834,0.9241,0.7332,0.9343,0.9072,0.8366,0.7967,0.8593,0.6753,0.8221,0.9366,0.7808,0.6089,0.9499,0.7262,0.6223,0.6109,0.609,0.8527,0.5649,0.6218,0.7858,0.5068,0.5538,0.4015,0.5924,0.6745,0.5808,0.5183,0.3162,0.48,0.2604,0.5232,0.3139,0.2087,0.1676,0.3523,
1.0,0.999,0.9677,0.9667,0.9691,0.9968,0.9947,0.9902,0.9848,0.9238,0.733,0.9301,0.9073,0.8364,0.7984,0.854,0.6831,0.8234,0.9421,0.7837,0.6029,0.9559,0.721,0.6146,0.608,0.6146,0.8576,0.5671,0.6166,0.7808,0.5098,0.5486,0.3958,0.6027,0.6736,0.5808,0.5271,0.3198,0.4868,0.2558,0.5237,0.317,0.2026,0.1688,0.3612,
1.0,0.9991,0.9673,0.9664,0.9678,0.9971,0.9953,0.9911,0.9851,0.9234,0.7366,0.9297,0.9089,0.8405,0.8034,0.8543,0.6821,0.8258,0.9384,0.7795,0.6099,0.9509,0.7214,0.6224,0.6066,0.615,0.8527,0.5663,0.6195,0.7808,0.5038,0.5536,0.387,0.5884,0.6736,0.5837,0.5205,0.313,0.4764,0.2576,0.5257,0.3124,0.2015,0.1582,0.3527,
1.0,0.9992,0.9675,0.9667,0.97,0.9969,0.9952,0.9912,0.9863,0.925,0.7392,0.9324,0.9104,0.8375,0.8019,0.859,0.6911,0.8242,0.9412,0.7915,0.6163,0.953,0.7238,0.6258,0.6088,0.6134,0.8614,0.5719,0.6254,0.7851,0.5119,0.5525,0.3882,0.5953,0.6773,0.5919,0.5226,0.3155,0.4841,0.2665,0.5256,0.3225,0.2059,0.1673,0.3619,
1.0,0.9987,0.9695,0.9682,0.9688,0.9981,0.9961,0.9898,0.983,0.9258,0.7367,0.9315,0.9099,0.8414,0.7995,0.8579,0.6863,0.8288,0.9368,0.7838,0.613,0.9512,0.7212,0.6219,0.6073,0.6113,0.8574,0.5644,0.6235,0.7791,0.4961,0.5519,0.3832,0.5937,0.6714,0.584,0.5214,0.3125,0.4751,0.2658,0.5241,0.3066,0.2091,0.1589,0.3579,
1.0,0.9992,0.9664,0.9656,0.9676,0.9967,0.9945,0.9905,0.9863,0.9209,0.7323,0.9282,0.9044,0.8361,0.802,0.8508,0.6807,0.8225,0.9414,0.7785,0.6057,0.9504,0.7154,0.6158,0.5981,0.6079,0.853,0.5587,0.6179,0.7749,0.5014,0.5444,0.3836,0.5927,0.6803,0.5822,0.5269,0.312,0.4813,0.2637,0.5267,0.3143,0.2089,0.1649,0.3572,
1.0,0.9988,0.9656,0.9644,0.9693,0.9978,0.9955,0.9893,0.9839,0.9226,0.7437,0.9297,0.9076,0.8489,0.8096,0.8536,0.6954,0.836,0.9401,0.7866,0.6218,0.9518,0.7267,0.6321,0.6057,0.6223,0.8612,0.5824,0.6222,0.7819,0.5076,0.5637,0.3917,0.5859,0.6735,0.5816,0.5289,0.324,0.4795,0.2713,0.5271,0.3125,0.2048,0.1673,0.3555,
1.0,0.9989,0.9679,0.9668,0.9706,0.9972,0.9943,0.9914,0.988,0.9255,0.7412,0.932,0.9106,0.8393,0.8017,0.8587,0.6834,0.8285,0.9445,0.7816,0.6172,0.9551,0.7291,0.6303,0.6075,0.6141,0.8538,0.5623,0.6255,0.782,0.5026,0.5511,0.3878,0.589,0.6703,0.5942,0.5273,0.3146,0.4786,0.2663,0.5227,0.3095,0.2044,0.1685,0.3533,
1.0,0.9991,0.9672,0.9663,0.97,0.9981,0.9964,0.9892,0.9849,0.92,0.7299,0.9322,0.9045,0.8338,0.7973,0.854,0.6853,0.8206,0.9422,0.7865,0.6112,0.9505,0.724,0.6232,0.6104,0.6066,0.8647,0.5631,0.6228,0.7781,0.5009,0.5381,0.3973,0.5894,0.6733,0.5827,0.522,0.3127,0.4899,0.2524,0.5259,0.3076,0.2057,0.1631,0.3549,
1.0,0.999,0.9676,0.9666,0.9697,0.9973,0.9954,0.9911,0.9848,0.9199,0.7331,0.9315,0.9053,0.8411,0.8031,0.8524,0.6827,0.826,0.9377,0.7753,0.6111,0.9552,0.7269,0.6261,0.6154,0.6088,0.8538,0.5589,0.618,0.7779,0.5006,0.5447,0.4004,0.5874,0.669,0.5842,0.522,0.3202,0.4822,0.2569,0.5109,0.3169,0.2095,0.1658,0.3546,
1.0,0.9981,0.9684,0.9665,0.9712,0.9978,0.9951,0.9895,0.9837,0.922,0.7363,0.9321,0.9066,0.8386,0.8001,0.8557,0.6853,0.825,0.9363,0.7844,0.6109,0.9516,0.7212,0.6236,0.6117,0.6151,0.8569,0.5682,0.6264,0.7863,0.5097,0.5582,0.3977,0.5978,0.6817,0.577,0.5128,0.3186,0.4798,0.2616,0.5288,0.3175,0.212,0.1629,0.3579,
1.0,0.9994,0.9714,0.9708,0.9712,0.9976,0.9964,0.9909,0.9863,0.9235,0.7389,0.9369,0.9081,0.8381,0.803,0.8618,0.6875,0.8256,0.9439,0.7858,0.6062,0.954,0.7177,0.6222,0.6066,0.6172,0.8561,0.5692,0.6193,0.7874,0.5127,0.5617,0.3869,0.5963,0.6814,0.5834,0.5228,0.3147,0.4775,0.2595,0.5285,0.3149,0.2124,0.1595,0.3589,
1.0,0.9991,0.968,0.9671,0.9704,0.9973,0.9952,0.9898,0.9852,0.9203,0.7345,0.9343,0.9059,0.8395,0.8038,0.8549,0.6866,0.8274,0.9402,0.7824,0.6095,0.9498,0.717,0.6218,0.6042,0.6158,0.8572,0.565,0.612,0.7761,0.4989,0.5469,0.3943,0.5873,0.6629,0.5739,0.5201,0.3166,0.475,0.2625,0.5225,0.3056,0.2059,0.1618,0.3516,
1.0,0.999,0.9679,0.9669,0.972,0.9971,0.9951,0.9903,0.9845,0.9261,0.7339,0.9328,0.9088,0.8328,0.793,0.8598,0.6761,0.8209,0.944,0.7861,0.6118,0.9545,0.7306,0.6269,0.6169,0.619,0.8573,0.5686,0.6196,0.7871,0.5147,0.5475,0.3948,0.5887,0.6652,0.5848,0.5244,0.3135,0.474,0.2618,0.5129,0.3119,0.2014,0.1703,0.3422,
1.0,0.9985,0.9707,0.9692,0.9708,0.9968,0.9943,0.9897,0.9847,0.918,0.7321,0.9345,0.9013,0.8401,0.8017,0.8524,0.6809,0.8267,0.9399,0.7745,0.6068,0.951,0.7192,0.6238,0.6165,0.6145,0.8536,0.5684,0.6183,0.7829,0.4987,0.554,0.3914,0.5897,0.6706,0.5814,0.5171,0.3154,0.4733,0.2546,0.5171,0.3047,0.2053,0.16,0.3452,
1.0,0.9987,0.967,0.9657,0.9703,0.9977,0.9954,0.9911,0.987,0.9213,0.7345,0.9311,0.9074,0.837,0.8005,0.8529,0.684,0.8257,0.9434,0.7791,0.6105,0.9551,0.7241,0.6243,0.6127,0.613,0.8572,0.5656,0.6214,0.7799,0.5054,0.554,0.3899,0.5882,0.6817,0.5888,0.5244,0.321,0.4798,0.2656,0.5221,0.3093,0.2072,0.1696,0.3506,
1.0,0.9986,0.9704,0.969,0.9702,0.9978,0.9959,0.9912,0.9848,0.9234,0.7335,0.9349,0.9099,0.8369,0.8002,0.859,0.6755,0.8244,0.9412,0.7778,0.608,0.9542,0.7188,0.6217,0.5999,0.6054,0.8481,0.5531,0.6236,0.7771,0.5106,0.5439,0.3898,0.5862,0.6761,0.5799,0.5149,0.3121,0.467,0.2559,0.5163,0.3131,0.2117,0.1579,0.3442,
1.0,0.9992,0.967,0.9662,0.9697,0.9974,0.9952,0.9905,0.9847,0.9249,0.7385,0.9303,0.9086,0.8396,0.8007,0.8563,0.6829,0.8247,0.9342,0.7826,0.6094,0.9531,0.7266,0.6183,0.6095,0.6089,0.8544,0.5645,0.626,0.7842,0.5035,0.5488,0.3911,0.5982,0.6732,0.5843,0.5156,0.3111,0.4829,0.2632,0.5283,0.3142,0.2118,0.1624,0.3649,
1.0,0.9987,0.9682,0.9669,0.9687,0.9977,0.9951,0.991,0.9856,0.9257,0.7427,0.9302,0.9108,0.8431,0.8043,0.8568,0.6875,0.8287,0.9422,0.7822,0.6206,0.9575,0.7279,0.629,0.6052,0.6161,0.8581,0.5738,0.62,0.7854,0.5146,0.5589,0.3861,0.5947,0.6804,0.5892,0.5258,0.3239,0.4791,0.2632,0.521,0.3147,0.2146,0.1621,0.3571,
1.0,0.9986,0.9667,0.9653,0.9702,0.9974,0.9948,0.99,0.9843,0.9233,0.7392,0.9292,0.9067,0.8393,0.8023,0.8538,0.683,0.8255,0.9435,0.7826,0.606,0.9549,0.7125,0.6167,0.6007,0.6217,0.8515,0.5686,0.6168,0.7874,0.5137,0.5607,0.3894,0.6055,0.6798,0.5803,0.5216,0.3216,0.4899,0.2584,0.524,0.3252,0.209,0.1624,0.3655,
1.0,0.9983,0.9664,0.9647,0.968,0.9975,0.9946,0.9893,0.9844,0.9247,0.7334,0.9273,0.9086,0.8366,0.7958,0.8526,0.6762,0.8235,0.946,0.778,0.6139,0.9487,0.7233,0.6205,0.6023,0.6136,0.8525,0.5695,0.6234,0.7767,0.5032,0.5539,0.3889,0.5824,0.6802,0.5828,0.5194,0.3183,0.4709,0.2584,0.5227,0.3077,0.2026,0.16,0.3459,
1.0,0.9987,0.9665,0.9652,0.9703,0.9973,0.995,0.9903,0.9854,0.9253,0.7391,0.929,0.9083,0.841,0.8012,0.8559,0.6846,0.8287,0.9412,0.7834,0.6183,0.9562,0.7324,0.6294,0.6153,0.6169,0.8562,0.5691,0.6223,0.7821,0.5098,0.5451,0.3933,0.5877,0.6723,0.5855,0.5196,0.3232,0.478,0.261,0.5172,0.3144,0.2064,0.1639,0.3521,
1.0,0.999,0.9695,0.9685,0.9705,0.9962,0.9938,0.9881,0.982,0.9271,0.7382,0.9339,0.9081,0.8395,0.7994,0.8624,0.6798,0.8249,0.9406,0.7852,0.6154,0.949,0.7299,0.6266,0.6116,0.6211,0.8498,0.5678,0.6277,0.7793,0.5041,0.5496,0.3936,0.5918,0.6812,0.5926,0.5238,0.3125,0.4769,0.2606,0.5217,0.3146,0.2146,0.1669,0.349,
1.0,0.9985,0.9683,0.9668,0.9723,0.9968,0.9937,0.989,0.9834,0.9233,0.7393,0.9335,0.9063,0.8407,0.8033,0.8585,0.6868,0.8264,0.9357,0.7875,0.6088,0.9506,0.7225,0.6238,0.6091,0.6166,0.8556,0.5638,0.6207,0.7828,0.5019,0.5511,0.3873,0.5836,0.6679,0.574,0.5109,0.3096,0.475,0.2596,0.5255,0.3096,0.2051,0.1562,0.3493,
1.0,0.9992,0.9686,0.9678,0.9689,0.9966,0.9946,0.9907,0.9858,0.9262,0.7354,0.9306,0.9088,0.8345,0.7969,0.8576,0.6814,0.822,0.941,0.7844,0.6016,0.9563,0.7199,0.6111,0.5991,0.6112,0.8581,0.5643,0.6106,0.7845,0.5067,0.5471,0.3779,0.5911,0.6807,0.5801,0.532,0.3151,0.4815,0.2591,0.5294,0.3126,0.2084,0.1626,0.3532,
1.0,0.9988,0.965,0.9638,0.9687,0.9975,0.9954,0.9908,0.9864,0.9235,0.7363,0.9278,0.9085,0.8392,0.8023,0.8527,0.682,0.8275,0.941,0.7796,0.6103,0.9543,0.7208,0.6189,0.601,0.6122,0.8507,0.5623,0.6217,0.7711,0.5029,0.5446,0.3928,0.5905,0.6723,0.5828,0.5196,0.3151,0.4733,0.2613,0.5239,0.3045,0.2093,0.1659,0.351,
1.0,0.9993,0.9677,0.967,0.9696,0.9978,0.9962,0.9921,0.986,0.917,0.7276,0.9317,0.903,0.835,0.8007,0.8501,0.6834,0.8219,0.9407,0.7784,0.6032,0.9561,0.7163,0.6199,0.6066,0.6065,0.8573,0.562,0.6145,0.7789,0.5023,0.547,0.3847,0.5888,0.6706,0.5743,0.5213,0.3114,0.4722,0.2597,0.5247,0.31,0.1964,0.1611,0.3475,
1.0,0.9989,0.9646,0.9635,0.9697,0.9966,0.9946,0.9902,0.9838,0.9212,0.7437,0.9267,0.9036,0.8498,0.8078,0.8508,0.6969,0.8372,0.9403,0.7837,0.6195,0.9486,0.7188,0.6332,0.5975,0.6144,0.8628,0.5789,0.6125,0.7795,0.504,0.5545,0.3889,0.5878,0.6673,0.5768,0.5185,0.3203,0.4816,0.2622,0.526,0.3142,0.2037,0.1586,0.3657,
1.0,0.9986,0.9663,0.9649,0.9638,0.9977,0.9953,0.9902,0.9851,0.9185,0.7363,0.9234,0.9031,0.8472,0.8078,0.8437,0.6909,0.8335,0.9391,0.7731,0.6089,0.9535,0.7119,0.6196,0.5917,0.614,0.8526,0.5755,0.6071,0.7691,0.5,0.5539,0.3793,0.5828,0.6733,0.571,0.5224,0.3223,0.4723,0.252,0.5174,0.2988,0.1994,0.1535,0.3452,
1.0,0.9992,0.9673,0.9665,0.9706,0.9976,0.9958,0.99,0.9838,0.9248,0.7351,0.9332,0.9094,0.8381,0.8006,0.8591,0.688,0.8247,0.9401,0.7902,0.6078,0.9529,0.7219,0.62,0.6068,0.6162,0.8614,0.5656,0.6228,0.7798,0.5003,0.547,0.3816,0.5985,0.6824,0.5821,0.5285,0.3151,0.4834,0.2732,0.5361,0.3132,0.2094,0.1645,0.36,
1.0,0.999,0.9666,0.9656,0.9704,0.9973,0.9949,0.9914,0.9863,0.9193,0.7402,0.9311,0.905,0.8436,0.8079,0.8532,0.6888,0.8305,0.935,0.7811,0.6106,0.9546,0.7219,0.6253,0.6073,0.6143,0.858,0.5682,0.6176,0.7797,0.4992,0.554,0.3916,0.5885,0.6696,0.575,0.5222,0.3135,0.4778,0.268,0.5266,0.3083,0.209,0.1619,0.3608,
1.0,0.9985,0.9655,0.964,0.9693,0.9973,0.9944,0.9885,0.9846,0.925,0.7352,0.9274,0.9073,0.8371,0.798,0.854,0.6787,0.8256,0.942,0.7796,0.6083,0.951,0.7137,0.6154,0.59,0.6095,0.8505,0.5575,0.6118,0.7767,0.5001,0.5415,0.3695,0.5865,0.6732,0.5771,0.5213,0.3044,0.4722,0.2541,0.5224,0.3,0.2036,0.151,0.3477,
1.0,0.9991,0.9672,0.9663,0.9697,0.9977,0.9961,0.9915,0.9868,0.9204,0.7356,0.93,0.9049,0.8404,0.8032,0.8524,0.6937,0.828,0.9417,0.7834,0.6154,0.953,0.7213,0.6282,0.6041,0.6114,0.861,0.5705,0.6194,0.7779,0.504,0.5485,0.3976,0.5886,0.6739,0.5779,0.5272,0.3148,0.4832,0.262,0.5341,0.3123,0.2115,0.1701,0.3589,
1.0,0.9989,0.9667,0.9656,0.9681,0.9968,0.9951,0.9901,0.9843,0.9227,0.7329,0.9285,0.9065,0.8368,0.7985,0.8528,0.6747,0.8234,0.9376,0.774,0.6107,0.9506,0.7218,0.6203,0.599,0.6073,0.8499,0.555,0.6186,0.7785,0.4969,0.5463,0.3854,0.5876,0.6707,0.5799,0.5147,0.3103,0.4745,0.2609,0.5304,0.3054,0.2051,0.1573,0.3499,
1.0,0.9983,0.9662,0.9645,0.9709,0.9977,0.995,0.9913,0.9869,0.9247,0.7391,0.9302,0.9108,0.8391,0.8032,0.8559,0.6899,0.8266,0.941,0.7881,0.6065,0.9536,0.7186,0.6171,0.5965,0.6149,0.8604,0.5685,0.6128,0.7881,0.5083,0.5551,0.3896,0.5927,0.6787,0.5783,0.5267,0.316,0.4808,0.2642,0.5292,0.3137,0.2058,0.1615,0.3603,
1.0,0.9989,0.9706,0.9695,0.9712,0.997,0.9947,0.9904,0.9848,0.9186,0.7332,0.9364,0.9032,0.8388,0.8008,0.8554,0.6881,0.8245,0.9356,0.7803,0.6058,0.9537,0.7235,0.6233,0.6151,0.6121,0.8575,0.5664,0.6212,0.7785,0.5048,0.5542,0.3954,0.5922,0.6815,0.5806,0.5254,0.3159,0.4797,0.2594,0.5294,0.3154,0.2053,0.1743,0.3532,
1.0,0.999,0.9678,0.9668,0.9716,0.9978,0.9957,0.9912,0.9865,0.9228,0.738,0.9336,0.9089,0.8385,0.8042,0.858,0.6873,0.8254,0.9403,0.7865,0.6084,0.9532,0.7241,0.6235,0.6084,0.6143,0.8594,0.5649,0.6206,0.7845,0.5016,0.5488,0.3879,0.5794,0.6707,0.5814,0.5188,0.3059,0.4729,0.2559,0.5257,0.3088,0.2112,0.1628,0.3541,
1.0,0.9981,0.9701,0.9682,0.9694,0.9974,0.9942,0.9896,0.9856,0.9264,0.7428,0.9324,0.9108,0.8424,0.8049,0.8594,0.6889,0.83,0.9393,0.7835,0.6157,0.9534,0.7214,0.6255,0.6046,0.6146,0.8482,0.5643,0.6234,0.7782,0.504,0.552,0.3837,0.5909,0.6718,0.5864,0.517,0.3069,0.4811,0.265,0.5248,0.3073,0.2037,0.1619,0.3506,
1.0,0.999,0.9652,0.9642,0.9681,0.9975,0.996,0.9905,0.9836,0.9234,0.7339,0.9255,0.9067,0.8377,0.7985,0.8503,0.6849,0.8244,0.9377,0.785,0.6109,0.9547,0.7263,0.6195,0.604,0.6095,0.8588,0.5655,0.6249,0.7838,0.515,0.5458,0.3866,0.5877,0.6686,0.5862,0.5264,0.3202,0.4721,0.2663,0.5295,0.3144,0.211,0.1607,0.3539,
1.0,0.999,0.9687,0.9677,0.9694,0.9974,0.9953,0.9901,0.9839,0.9222,0.7361,0.9325,0.907,0.8398,0.7998,0.8553,0.6869,0.8257,0.942,0.7807,0.6132,0.9499,0.7173,0.6248,0.6002,0.6169,0.8587,0.5749,0.6134,0.7788,0.5092,0.5568,0.3927,0.5822,0.6715,0.5781,0.5191,0.323,0.4742,0.2527,0.522,0.3132,0.2095,0.1585,0.3487,
1.0,0.9986,0.9681,0.9667,0.9708,0.9967,0.9943,0.9907,0.9861,0.9234,0.7356,0.9311,0.9066,0.8365,0.7975,0.8551,0.681,0.8235,0.9391,0.7802,0.6098,0.9505,0.7244,0.6234,0.6134,0.6099,0.8545,0.562,0.6213,0.7828,0.502,0.5473,0.3852,0.5853,0.6678,0.586,0.512,0.3178,0.4755,0.2554,0.523,0.3104,0.2077,0.1689,0.3443,
1.0,0.999,0.9696,0.9686,0.9686,0.9975,0.9961,0.9914,0.9859,0.924,0.7377,0.9309,0.9082,0.8399,0.8011,0.855,0.6889,0.827,0.9426,0.7804,0.6122,0.9541,0.7226,0.6245,0.6092,0.618,0.8562,0.5701,0.6205,0.7771,0.5022,0.5516,0.3823,0.5812,0.6731,0.5877,0.5219,0.3139,0.4736,0.2632,0.5219,0.3006,0.2043,0.1637,0.3509,
1.0,0.9989,0.9689,0.9678,0.9689,0.9983,0.9963,0.9901,0.9842,0.9266,0.7323,0.9306,0.9107,0.8343,0.794,0.8583,0.6711,0.8204,0.9398,0.7762,0.6095,0.9512,0.7244,0.6194,0.6077,0.6106,0.8523,0.5578,0.6185,0.7847,0.501,0.5481,0.3954,0.5937,0.6779,0.5812,0.5118,0.3176,0.4726,0.254,0.5171,0.3129,0.2139,0.1655,0.3443,
1.0,0.9986,0.9662,0.9648,0.9705,0.9985,0.9956,0.9885,0.9834,0.9224,0.7399,0.9295,0.906,0.8467,0.8063,0.8537,0.6913,0.8321,0.9408,0.7823,0.6178,0.9522,0.7223,0.6312,0.6083,0.6173,0.8573,0.5713,0.6207,0.7807,0.5051,0.5583,0.3919,0.5901,0.6775,0.5833,0.5173,0.3216,0.4828,0.2626,0.5251,0.3139,0.2055,0.163,0.3564,
1.0,0.9985,0.9643,0.9628,0.9714,0.9985,0.9957,0.9906,0.9869,0.9225,0.7403,0.9285,0.9083,0.8419,0.8056,0.8528,0.6912,0.8303,0.942,0.7851,0.6112,0.9549,0.7228,0.6214,0.6048,0.6174,0.8623,0.5767,0.6103,0.7896,0.5161,0.5521,0.3878,0.5767,0.6718,0.5828,0.5307,0.3292,0.4765,0.2588,0.521,0.3176,0.2137,0.1671,0.3426,
1.0,0.9989,0.9682,0.9671,0.9675,0.9971,0.9946,0.99,0.9853,0.9205,0.7328,0.9295,0.9044,0.8407,0.8039,0.851,0.6814,0.8263,0.9361,0.7719,0.6043,0.951,0.7184,0.6194,0.5995,0.6066,0.8499,0.5577,0.6148,0.777,0.4966,0.5487,0.3854,0.5876,0.6739,0.5795,0.5249,0.319,0.4735,0.2611,0.5231,0.3067,0.2114,0.1669,0.3515,
1.0,0.9987,0.9688,0.9675,0.9692,0.9969,0.9951,0.9918,0.9855,0.925,0.7388,0.9315,0.91,0.841,0.8018,0.8582,0.6888,0.8277,0.9409,0.785,0.6123,0.95,0.7228,0.6263,0.6047,0.6176,0.8616,0.5708,0.6173,0.7816,0.5026,0.5518,0.3844,0.5814,0.6696,0.574,0.5177,0.3187,0.4739,0.2618,0.5238,0.3028,0.2063,0.1604,0.3533,
1.0,0.9992,0.9675,0.9667,0.9691,0.9979,0.9964,0.9911,0.9865,0.9256,0.7387,0.9308,0.911,0.8402,0.8033,0.8585,0.6875,0.8287,0.945,0.785,0.6156,0.9537,0.7237,0.6245,0.6055,0.6129,0.8593,0.5686,0.6214,0.784,0.5125,0.5497,0.3896,0.5891,0.6784,0.5849,0.5277,0.3219,0.4881,0.2608,0.5282,0.3114,0.2149,0.1629,0.3529,
1.0,0.9992,0.9676,0.9668,0.9722,0.9972,0.9952,0.9905,0.9856,0.9224,0.7374,0.933,0.9057,0.8391,0.8024,0.857,0.6868,0.8261,0.9422,0.7863,0.6063,0.9553,0.7175,0.6207,0.6117,0.6176,0.8602,0.5674,0.6157,0.7819,0.5023,0.5542,0.3908,0.6024,0.6808,0.5829,0.5205,0.3115,0.4863,0.2587,0.5283,0.3166,0.2104,0.1604,0.3717,
1.0,0.9988,0.9658,0.9646,0.9693,0.9964,0.9945,0.9912,0.9849,0.9219,0.736,0.9285,0.9057,0.8412,0.8041,0.8526,0.6792,0.8283,0.9421,0.7759,0.6152,0.9533,0.7235,0.6245,0.6046,0.6175,0.8533,0.5682,0.6161,0.7783,0.4982,0.5543,0.3873,0.5805,0.6767,0.5793,0.519,0.3129,0.4722,0.2587,0.5172,0.2995,0.2058,0.161,0.3491,
1.0,0.999,0.9653,0.9643,0.971,0.9977,0.9957,0.9911,0.9859,0.9222,0.7408,0.9289,0.9055,0.8423,0.806,0.8521,0.6914,0.8285,0.9447,0.7847,0.6159,0.9562,0.7207,0.6279,0.6037,0.6225,0.8579,0.5716,0.619,0.7812,0.5079,0.5554,0.3887,0.5925,0.6787,0.5858,0.5265,0.3195,0.4772,0.2605,0.5204,0.3067,0.2004,0.1678,0.3575,
1.0,0.999,0.97,0.969,0.9693,0.9975,0.996,0.9906,0.9851,0.9236,0.7328,0.9334,0.9079,0.8359,0.8005,0.8592,0.6842,0.8235,0.9424,0.7839,0.6079,0.951,0.72,0.6217,0.6083,0.6111,0.8539,0.571,0.6198,0.7814,0.5026,0.5503,0.3835,0.5833,0.6733,0.5883,0.5247,0.3133,0.4731,0.2574,0.5225,0.3116,0.1995,0.1609,0.3434,
1.0,0.9991,0.9677,0.9668,0.9671,0.9981,0.996,0.9929,0.9872,0.9241,0.7341,0.9297,0.9121,0.8358,0.8007,0.8545,0.6843,0.8219,0.9408,0.7833,0.6098,0.9549,0.7272,0.6178,0.6072,0.6097,0.866,0.5644,0.6206,0.7836,0.4955,0.5497,0.3909,0.5932,0.6791,0.58,0.5254,0.3126,0.4871,0.2555,0.5257,0.3169,0.2058,0.1675,0.361,
1.0,0.9984,0.9707,0.9691,0.9698,0.9973,0.995,0.9913,0.9865,0.9224,0.7396,0.933,0.9069,0.8439,0.8087,0.8567,0.69,0.8326,0.9411,0.7801,0.6185,0.9574,0.7295,0.633,0.6212,0.62,0.852,0.5716,0.6316,0.7846,0.4998,0.5618,0.3881,0.5967,0.6837,0.5877,0.5243,0.3153,0.4802,0.2677,0.5292,0.312,0.2043,0.1718,0.3591,
1.0,0.9994,0.9682,0.9676,0.9709,0.9974,0.9961,0.9902,0.9849,0.9231,0.7416,0.9318,0.9052,0.8444,0.8041,0.8567,0.6874,0.8327,0.9443,0.7803,0.6146,0.9528,0.7161,0.6285,0.6048,0.6186,0.8543,0.5741,0.6144,0.7796,0.5033,0.5611,0.3877,0.592,0.6798,0.5822,0.532,0.3193,0.4708,0.2621,0.522,0.3089,0.2042,0.1676,0.3552,
1.0,0.9988,0.9674,0.9662,0.9691,0.9968,0.995,0.9899,0.9853,0.923,0.7319,0.9297,0.9057,0.8348,0.7952,0.8541,0.6799,0.8218,0.9405,0.78,0.603,0.9522,0.7186,0.6143,0.5979,0.605,0.8561,0.5622,0.6157,0.7802,0.504,0.5501,0.3791,0.5889,0.6813,0.5857,0.5291,0.3031,0.4834,0.2577,0.5324,0.3125,0.2087,0.1608,0.348,
1.0,0.9987,0.9677,0.9664,0.9718,0.9973,0.9951,0.9919,0.9859,0.9239,0.7391,0.9326,0.9095,0.8377,0.7988,0.8575,0.6779,0.8244,0.9403,0.7812,0.6079,0.955,0.7235,0.6175,0.6016,0.6114,0.8555,0.5589,0.6172,0.7835,0.5089,0.5469,0.3897,0.593,0.675,0.5746,0.5172,0.322,0.4852,0.2572,0.5217,0.3138,0.2078,0.1621,0.3623,
1.0,0.9988,0.9661,0.9649,0.9686,0.9978,0.9953,0.9909,0.9863,0.924,0.7325,0.9272,0.908,0.8339,0.7962,0.8521,0.6816,0.8213,0.9401,0.7828,0.6049,0.9568,0.7262,0.6132,0.61,0.6097,0.8596,0.5631,0.6219,0.7861,0.503,0.5442,0.3857,0.6027,0.6735,0.5833,0.5179,0.3081,0.4901,0.2591,0.5259,0.3153,0.209,0.1621,0.3598,
1.0,0.9986,0.9667,0.9653,0.9694,0.9978,0.9954,0.9907,0.9853,0.9227,0.7254,0.9285,0.9073,0.8293,0.789,0.853,0.6669,0.8159,0.9405,0.7744,0.6031,0.9531,0.72,0.6181,0.6059,0.6012,0.8535,0.5567,0.6166,0.7815,0.5068,0.5444,0.3919,0.5895,0.6711,0.5815,0.5103,0.3132,0.4745,0.249,0.516,0.3078,0.2141,0.1566,0.344,
1.0,0.9985,0.9685,0.967,0.9698,0.9967,0.9941,0.9913,0.9861,0.9195,0.737,0.9313,0.9048,0.8444,0.8073,0.852,0.6957,0.8309,0.937,0.7838,0.6094,0.9533,0.7187,0.6264,0.6055,0.6122,0.8616,0.5672,0.616,0.7769,0.4973,0.5457,0.3882,0.5895,0.676,0.5766,0.5209,0.3159,0.4795,0.266,0.5335,0.3122,0.2072,0.1663,0.3591,
1.0,0.9993,0.9666,0.9659,0.9687,0.9979,0.9964,0.9913,0.985,0.9225,0.7338,0.9302,0.909,0.8402,0.8029,0.8539,0.6801,0.826,0.9447,0.776,0.6156,0.9545,0.727,0.626,0.6086,0.6149,0.8566,0.5711,0.6216,0.7846,0.5007,0.5553,0.3862,0.5961,0.6771,0.5898,0.5213,0.3167,0.4789,0.2563,0.5176,0.3045,0.2005,0.1665,0.3561,
1.0,0.9992,0.9702,0.9694,0.9696,0.9975,0.9956,0.9901,0.984,0.9237,0.7369,0.9333,0.9056,0.8393,0.7988,0.859,0.6865,0.8258,0.9421,0.7828,0.6142,0.9502,0.7261,0.6297,0.6152,0.6179,0.857,0.5679,0.6244,0.7787,0.5014,0.5528,0.3898,0.584,0.6683,0.5857,0.5168,0.3169,0.4785,0.2578,0.5238,0.3059,0.2048,0.169,0.3441,
1.0,0.9988,0.9659,0.9647,0.9684,0.9975,0.9955,0.9903,0.9847,0.9273,0.7358,0.9274,0.9108,0.8373,0.7983,0.8559,0.6786,0.8249,0.9438,0.7817,0.6163,0.9549,0.7266,0.6216,0.605,0.6171,0.8518,0.5688,0.6242,0.7842,0.5146,0.5531,0.3944,0.5942,0.6766,0.5902,0.5244,0.3214,0.4836,0.264,0.5233,0.3236,0.2132,0.1637,0.354,
1.0,0.9997,0.966,0.9657,0.9707,0.9978,0.9965,0.9906,0.9865,0.9197,0.7356,0.9311,0.9044,0.8397,0.8006,0.8519,0.6839,0.8262,0.9384,0.7779,0.6002,0.9513,0.7102,0.6152,0.5981,0.6035,0.8551,0.5604,0.6132,0.7697,0.4977,0.5419,0.3852,0.5882,0.6665,0.5709,0.5245,0.3118,0.4771,0.257,0.5206,0.3059,0.2016,0.1534,0.3541,
1.0,0.9988,0.9684,0.9672,0.9704,0.9962,0.9939,0.9893,0.983,0.9256,0.7359,0.9343,0.9096,0.8394,0.8031,0.8623,0.6851,0.8245,0.9388,0.7895,0.6189,0.9498,0.7349,0.6275,0.609,0.6155,0.8608,0.57,0.629,0.7876,0.5089,0.5494,0.391,0.5888,0.6748,0.5885,0.5221,0.3128,0.4832,0.2657,0.5285,0.315,0.2082,0.1689,0.3558,
1.0,0.999,0.9709,0.9699,0.9683,0.9964,0.9949,0.9914,0.9852,0.9271,0.7369,0.9323,0.9114,0.8419,0.8043,0.8604,0.6943,0.8276,0.9383,0.7879,0.6115,0.9515,0.7233,0.6226,0.6011,0.6108,0.8599,0.5652,0.6185,0.7803,0.5023,0.5431,0.3914,0.5883,0.6746,0.5771,0.5258,0.3134,0.4814,0.2596,0.5246,0.3102,0.198,0.1674,0.3562,
1.0,0.9994,0.9655,0.9649,0.971,0.9967,0.995,0.9917,0.9861,0.9264,0.7414,0.9294,0.9091,0.841,0.803,0.8562,0.6909,0.8275,0.9413,0.7905,0.6128,0.9523,0.7196,0.621,0.6084,0.6194,0.8596,0.5744,0.6247,0.7848,0.5089,0.5504,0.3864,0.5914,0.6772,0.5832,0.5223,0.3211,0.4847,0.2645,0.5268,0.3209,0.2089,0.1591,0.3639,
1.0,0.9991,0.968,0.9671,0.9668,0.997,0.9945,0.9903,0.9855,0.9252,0.7383,0.9295,0.9096,0.8425,0.8059,0.8563,0.6871,0.8289,0.9446,0.7846,0.6232,0.952,0.7307,0.6339,0.6056,0.618,0.8549,0.5708,0.6269,0.7781,0.5059,0.5518,0.387,0.5859,0.6761,0.5935,0.5221,0.3163,0.4814,0.2693,0.5256,0.3079,0.2063,0.1718,0.3476,
1.0,0.9991,0.9692,0.9683,0.9722,0.9983,0.9964,0.9899,0.9846,0.9255,0.7394,0.9355,0.9097,0.8399,0.8002,0.8631,0.6827,0.8269,0.9428,0.7838,0.6102,0.9529,0.7173,0.6246,0.6103,0.6222,0.8533,0.5711,0.6245,0.7818,0.5016,0.5661,0.3868,0.6001,0.6833,0.5826,0.518,0.3134,0.4739,0.2609,0.5196,0.3068,0.2007,0.1599,0.3475,
1.0,0.9987,0.9679,0.9666,0.97,0.997,0.9951,0.9898,0.9848,0.9217,0.7294,0.932,0.9059,0.8315,0.7963,0.8554,0.6788,0.8197,0.9392,0.7858,0.6001,0.9527,0.7191,0.6109,0.6028,0.6055,0.8579,0.5594,0.6184,0.7822,0.5066,0.5434,0.3862,0.5915,0.6734,0.5805,0.5245,0.316,0.4833,0.2592,0.5281,0.3155,0.2071,0.1635,0.3569,
1.0,0.9985,0.9683,0.9668,0.9711,0.9966,0.9941,0.9901,0.9829,0.9284,0.7362,0.9331,0.9122,0.8342,0.7968,0.8619,0.6769,0.8193,0.9362,0.788,0.6067,0.9551,0.7252,0.6149,0.6034,0.6159,0.8527,0.5638,0.6215,0.7963,0.5177,0.5496,0.3822,0.5889,0.6763,0.5824,0.5176,0.3144,0.4743,0.2583,0.5202,0.3213,0.2124,0.1608,0.35,
1.0,0.9995,0.9703,0.9698,0.9689,0.9981,0.9969,0.9924,0.9878,0.9265,0.742,0.9331,0.9125,0.8404,0.8041,0.8605,0.6918,0.8269,0.9447,0.7836,0.6181,0.9516,0.7238,0.6284,0.6091,0.6157,0.8607,0.5714,0.6266,0.7851,0.5078,0.5585,0.389,0.583,0.6792,0.5883,0.5295,0.3231,0.4802,0.2701,0.5316,0.3094,0.2117,0.1684,0.3511,
1.0,0.9988,0.9695,0.9683,0.9695,0.9966,0.9945,0.9892,0.9849,0.9248,0.7339,0.932,0.9063,0.8374,0.8012,0.8568,0.6937,0.8258,0.9422,0.7891,0.611,0.9504,0.7261,0.6254,0.6059,0.6101,0.8597,0.5644,0.6277,0.786,0.5056,0.5494,0.3877,0.6003,0.6834,0.5914,0.5339,0.3068,0.4879,0.2713,0.5322,0.3232,0.2099,0.1709,0.3694,
1.0,0.9989,0.9702,0.9691,0.9683,0.9954,0.9934,0.9918,0.9877,0.9206,0.7282,0.9322,0.9035,0.8324,0.7969,0.8536,0.6798,0.8205,0.9409,0.7774,0.6047,0.9547,0.7221,0.6171,0.6107,0.6028,0.857,0.5563,0.6179,0.7768,0.5017,0.5413,0.3955,0.5948,0.6733,0.5813,0.5232,0.318,0.4838,0.2585,0.516,0.3174,0.2009,0.1646,0.3593,
1.0,0.9986,0.9677,0.9663,0.968,0.9968,0.9947,0.9904,0.9842,0.9214,0.7343,0.9285,0.9052,0.8398,0.7984,0.8503,0.6852,0.8256,0.9406,0.7772,0.6117,0.9516,0.7199,0.6243,0.6071,0.6126,0.8549,0.5724,0.6233,0.7765,0.4955,0.5555,0.3856,0.5853,0.6768,0.5836,0.5158,0.3103,0.4777,0.2626,0.5271,0.301,0.2042,0.161,0.3577,
1.0,0.9988,0.9629,0.9617,0.9713,0.9974,0.9953,0.9901,0.9841,0.9239,0.7372,0.9279,0.9082,0.8402,0.8006,0.853,0.6853,0.827,0.9411,0.7869,0.6119,0.9539,0.7207,0.6188,0.6006,0.6156,0.8612,0.5731,0.6121,0.7835,0.506,0.5482,0.385,0.5936,0.6723,0.5811,0.53,0.3193,0.4931,0.2619,0.5253,0.3174,0.2071,0.1718,0.3664,
1.0,0.9985,0.968,0.9665,0.9692,0.9971,0.9953,0.99,0.9845,0.92,0.7321,0.9316,0.9049,0.8408,0.8021,0.8524,0.6847,0.8283,0.9429,0.7789,0.6132,0.9566,0.7247,0.6288,0.6101,0.6094,0.8578,0.57,0.6173,0.7752,0.5024,0.5482,0.3833,0.586,0.6818,0.5897,0.53,0.3097,0.4811,0.2616,0.5221,0.3066,0.2043,0.1613,0.3555,
1.0,0.9992,0.9711,0.9703,0.9708,0.9975,0.9962,0.9924,0.9875,0.9184,0.7407,0.9369,0.9048,0.8466,0.8147,0.8565,0.6971,0.8354,0.9444,0.7796,0.6135,0.9589,0.7215,0.6337,0.6054,0.6188,0.8547,0.5707,0.6107,0.7806,0.5043,0.5527,0.3895,0.5901,0.6759,0.5785,0.5169,0.3192,0.4715,0.2521,0.5174,0.3106,0.1937,0.1632,0.3544,
1.0,0.9985,0.9672,0.9657,0.9711,0.9975,0.9949,0.9888,0.9816,0.9217,0.7342,0.9326,0.906,0.841,0.8019,0.8553,0.6848,0.8261,0.9384,0.7843,0.6106,0.9533,0.7219,0.6252,0.6114,0.6168,0.8564,0.5722,0.6167,0.7819,0.5015,0.5603,0.3942,0.599,0.6802,0.58,0.519,0.3201,0.4843,0.2574,0.524,0.3117,0.2069,0.1687,0.3572,
1.0,0.9988,0.9717,0.9705,0.97,0.9973,0.9951,0.9897,0.983,0.9184,0.7274,0.9332,0.9,0.837,0.7954,0.854,0.6866,0.8214,0.938,0.7784,0.6079,0.9507,0.7201,0.6307,0.6148,0.6045,0.8556,0.5636,0.6236,0.776,0.5023,0.5508,0.3943,0.5916,0.6773,0.5825,0.517,0.3129,0.483,0.2599,0.5313,0.3129,0.2128,0.1604,0.3572,
1.0,0.9992,0.9676,0.9668,0.9708,0.9975,0.9955,0.9904,0.985,0.9294,0.7434,0.933,0.9137,0.8415,0.8048,0.8645,0.6856,0.8279,0.9388,0.7881,0.614,0.9514,0.7282,0.6244,0.6084,0.6229,0.8544,0.5657,0.6292,0.7823,0.5045,0.5546,0.3937,0.5962,0.6806,0.5909,0.5177,0.3115,0.4839,0.2655,0.5288,0.315,0.2083,0.1673,0.3558,
1.0,0.9989,0.97,0.9689,0.972,0.9968,0.9948,0.9913,0.9855,0.9255,0.736,0.9358,0.9101,0.8346,0.7987,0.8625,0.6811,0.8209,0.9396,0.7843,0.6086,0.9545,0.7237,0.6193,0.6056,0.6144,0.8527,0.5595,0.6246,0.7856,0.5164,0.5507,0.3826,0.5888,0.6819,0.5817,0.5182,0.3115,0.4673,0.2567,0.5242,0.3085,0.214,0.1644,0.3502,
1.0,0.9989,0.9676,0.9665,0.9684,0.9973,0.995,0.9905,0.9832,0.9211,0.7277,0.9297,0.906,0.8352,0.7968,0.8526,0.6769,0.8194,0.9371,0.7793,0.6019,0.9517,0.7173,0.6142,0.6094,0.6115,0.8557,0.5714,0.6137,0.7812,0.4979,0.5509,0.3822,0.5817,0.6649,0.5717,0.517,0.3185,0.474,0.2559,0.5238,0.2998,0.2083,0.1578,0.3415,
1.0,0.9992,0.9683,0.9675,0.9729,0.9976,0.9952,0.9893,0.9836,0.9251,0.7438,0.935,0.9077,0.8446,0.8054,0.8615,0.6911,0.829,0.9368,0.7853,0.6116,0.9543,0.725,0.6241,0.6054,0.6187,0.8561,0.5692,0.6195,0.7886,0.5163,0.5525,0.3884,0.5936,0.6821,0.5855,0.5191,0.3188,0.4813,0.2603,0.5248,0.3214,0.2176,0.1616,0.3575,
1.0,0.9985,0.9709,0.9694,0.9712,0.9979,0.9952,0.9898,0.9838,0.9243,0.7372,0.935,0.9089,0.8392,0.8019,0.8601,0.6854,0.8255,0.9437,0.7844,0.61,0.9526,0.7149,0.6217,0.6004,0.618,0.8532,0.5703,0.6201,0.7882,0.5158,0.5612,0.3928,0.5963,0.6794,0.5781,0.5194,0.3173,0.4801,0.2554,0.5307,0.3156,0.2147,0.1587,0.3577,
1.0,0.9987,0.9668,0.9655,0.9692,0.9972,0.9952,0.9893,0.9834,0.9211,0.7368,0.9283,0.9034,0.8436,0.8035,0.8507,0.6889,0.8311,0.9432,0.782,0.6148,0.9535,0.7215,0.6279,0.6074,0.617,0.8557,0.5788,0.6182,0.7803,0.5018,0.5587,0.3906,0.5927,0.6757,0.5849,0.5299,0.3156,0.4872,0.2647,0.523,0.3103,0.205,0.1706,0.3623,
1.0,0.9986,0.9677,0.9663,0.9699,0.9975,0.9952,0.9897,0.9837,0.9233,0.7319,0.9295,0.9056,0.8367,0.7947,0.8554,0.6736,0.8228,0.9407,0.7732,0.6077,0.9504,0.7209,0.6199,0.6042,0.6083,0.8499,0.5591,0.6154,0.7809,0.5044,0.5446,0.3917,0.588,0.6685,0.5805,0.5111,0.3176,0.4773,0.2511,0.5089,0.3109,0.2106,0.1666,0.3477,
1.0,0.999,0.9676,0.9666,0.9716,0.9965,0.9946,0.9911,0.985,0.9268,0.742,0.9327,0.9101,0.8423,0.8039,0.8605,0.6902,0.8291,0.9391,0.7896,0.6208,0.9553,0.7344,0.6305,0.6237,0.6207,0.8616,0.5706,0.6326,0.7836,0.5011,0.556,0.3942,0.5957,0.6761,0.5894,0.5168,0.313,0.4819,0.2717,0.5322,0.316,0.2109,0.1648,0.3664,
1.0,0.9983,0.9661,0.9644,0.9688,0.9974,0.9949,0.9904,0.9846,0.9248,0.7365,0.9283,0.9103,0.8403,0.8061,0.8543,0.6864,0.8279,0.9427,0.7855,0.6155,0.9535,0.7245,0.6228,0.6038,0.6206,0.8532,0.5687,0.6183,0.7837,0.5114,0.552,0.3876,0.5787,0.666,0.5844,0.5144,0.316,0.4701,0.2638,0.5187,0.3082,0.2064,0.1639,0.3416,
1.0,0.9986,0.9672,0.9658,0.9675,0.9976,0.9948,0.9906,0.9839,0.919,0.7291,0.927,0.903,0.8387,0.7978,0.8475,0.6833,0.8236,0.9366,0.7765,0.6003,0.9539,0.7142,0.6141,0.6114,0.607,0.8565,0.5673,0.6235,0.7746,0.4971,0.5501,0.3865,0.5955,0.669,0.5766,0.5158,0.3147,0.4767,0.2628,0.5163,0.3134,0.2018,0.1579,0.3588,
1.0,0.9991,0.9689,0.968,0.9696,0.9968,0.9945,0.9907,0.9857,0.921,0.7415,0.9319,0.9042,0.847,0.808,0.853,0.6972,0.833,0.94,0.7845,0.6157,0.9476,0.7183,0.6284,0.6021,0.6149,0.8625,0.5801,0.6149,0.7853,0.5101,0.5579,0.3863,0.583,0.6687,0.5789,0.5193,0.3284,0.4805,0.2638,0.5279,0.316,0.2099,0.1625,0.3488,
1.0,0.9994,0.9666,0.966,0.9672,0.9975,0.9956,0.99,0.9837,0.9245,0.7344,0.9271,0.9072,0.8379,0.7988,0.8529,0.6831,0.8243,0.9412,0.783,0.6096,0.9535,0.7184,0.6181,0.5978,0.6124,0.8558,0.5683,0.6146,0.7794,0.5011,0.5485,0.3755,0.5904,0.6761,0.5852,0.5217,0.3103,0.4806,0.2527,0.5282,0.3112,0.211,0.1585,0.3627,
1.0,0.9991,0.9685,0.9676,0.9673,0.9966,0.9942,0.9906,0.985,0.9214,0.7291,0.9283,0.9037,0.8361,0.7956,0.8509,0.6778,0.8222,0.9426,0.7774,0.6061,0.9537,0.7142,0.6186,0.5984,0.6081,0.8518,0.5639,0.6143,0.7748,0.5042,0.5512,0.3909,0.5944,0.679,0.5776,0.5236,0.3157,0.4813,0.2603,0.5254,0.3138,0.2018,0.1652,0.3558,
1.0,0.9996,0.9699,0.9695,0.9709,0.9979,0.9963,0.9924,0.9875,0.923,0.7446,0.9347,0.9079,0.8445,0.8065,0.8588,0.6921,0.8311,0.9408,0.7824,0.6214,0.9512,0.7231,0.6359,0.6073,0.6148,0.8549,0.5657,0.6256,0.7824,0.5047,0.5546,0.3976,0.5901,0.6764,0.5841,0.5182,0.3217,0.473,0.2656,0.5179,0.3118,0.214,0.1641,0.3546,
1.0,0.999,0.9666,0.9656,0.97,0.9965,0.9943,0.9904,0.9848,0.9258,0.7392,0.9306,0.9088,0.8393,0.8017,0.8568,0.6863,0.8259,0.94,0.7867,0.6189,0.9517,0.7292,0.6289,0.6117,0.6165,0.8577,0.5668,0.6321,0.7816,0.5017,0.5488,0.3849,0.5927,0.6733,0.5886,0.5189,0.3098,0.4901,0.2727,0.5278,0.3078,0.2094,0.1687,0.3625,
1.0,0.9989,0.9714,0.9703,0.9706,0.9976,0.9954,0.9907,0.9849,0.9235,0.7375,0.9369,0.9098,0.8407,0.8028,0.8619,0.6889,0.828,0.9399,0.7851,0.6075,0.9533,0.7239,0.6243,0.6085,0.6112,0.8592,0.5644,0.6262,0.782,0.5054,0.5524,0.3888,0.5974,0.6789,0.584,0.5196,0.3153,0.4832,0.2612,0.5343,0.3156,0.2108,0.1612,0.3569,
1.0,0.9985,0.967,0.9655,0.9682,0.9985,0.9957,0.9909,0.9846,0.9238,0.7373,0.9294,0.9108,0.8417,0.8044,0.8537,0.686,0.8282,0.9408,0.7846,0.6128,0.9549,0.7199,0.6242,0.6035,0.6186,0.8564,0.5674,0.6233,0.778,0.501,0.5557,0.3872,0.5934,0.6802,0.5862,0.5224,0.3169,0.4775,0.263,0.528,0.3153,0.2179,0.162,0.3597,
1.0,0.9988,0.9661,0.9649,0.968,0.9975,0.9954,0.9914,0.986,0.9291,0.7349,0.9277,0.9141,0.833,0.7951,0.857,0.6766,0.8201,0.9432,0.7829,0.6119,0.9531,0.7259,0.6157,0.5961,0.6104,0.8551,0.5576,0.6173,0.7872,0.5117,0.5458,0.3861,0.5828,0.6722,0.5817,0.5103,0.3111,0.4774,0.2562,0.5132,0.3125,0.2139,0.1544,0.3522,
1.0,0.9986,0.9675,0.9661,0.9685,0.9984,0.9956,0.9904,0.9862,0.9195,0.7402,0.9296,0.9049,0.8458,0.8102,0.85,0.695,0.8337,0.9399,0.7794,0.6153,0.9543,0.722,0.6289,0.6095,0.6165,0.859,0.573,0.6244,0.7783,0.5015,0.5537,0.3888,0.5932,0.6746,0.581,0.517,0.3241,0.4775,0.2655,0.5266,0.313,0.2102,0.1596,0.3654,
1.0,0.998,0.9655,0.9635,0.9707,0.9974,0.9942,0.9894,0.985,0.9206,0.7325,0.9289,0.905,0.8396,0.8019,0.8507,0.6845,0.8268,0.9373,0.7817,0.6063,0.9525,0.7222,0.62,0.6043,0.606,0.8589,0.5628,0.6165,0.7786,0.4958,0.5465,0.3783,0.59,0.6665,0.58,0.5161,0.3134,0.4792,0.2585,0.522,0.3032,0.2053,0.1624,0.3492,
1.0,0.9988,0.9678,0.9666,0.9693,0.9973,0.9948,0.9906,0.9855,0.9258,0.7385,0.9298,0.9096,0.8394,0.8029,0.8576,0.6869,0.8271,0.9432,0.7851,0.6178,0.9525,0.7206,0.6257,0.6057,0.6212,0.8551,0.5734,0.6175,0.7857,0.5074,0.5557,0.3924,0.5929,0.6759,0.5824,0.5181,0.3171,0.4787,0.2636,0.5263,0.3114,0.2064,0.1605,0.3505,
1.0,0.9989,0.9682,0.9671,0.9677,0.9979,0.9959,0.9895,0.984,0.9254,0.7461,0.9307,0.9105,0.8501,0.8116,0.858,0.6937,0.8369,0.9417,0.7821,0.629,0.9503,0.7306,0.6318,0.6158,0.6285,0.8564,0.5825,0.6301,0.7835,0.5027,0.5643,0.3896,0.5897,0.6775,0.5866,0.5203,0.3213,0.4756,0.2695,0.5231,0.3096,0.2107,0.1607,0.3548,
1.0,0.9985,0.9698,0.9683,0.9669,0.9968,0.9945,0.9918,0.9862,0.9239,0.734,0.9309,0.9101,0.8375,0.7992,0.8558,0.6882,0.8242,0.9454,0.7814,0.6143,0.954,0.7271,0.6248,0.606,0.6127,0.8608,0.566,0.6228,0.7744,0.4974,0.551,0.3875,0.5888,0.6785,0.5864,0.5271,0.3159,0.4789,0.2569,0.5274,0.3005,0.2021,0.1576,0.3533,
1.0,0.9985,0.969,0.9675,0.9702,0.9964,0.9942,0.9906,0.9848,0.9228,0.7312,0.932,0.9065,0.8351,0.7958,0.8562,0.684,0.8216,0.9383,0.7865,0.6021,0.9539,0.7235,0.6165,0.6143,0.6093,0.8623,0.5613,0.6183,0.7786,0.4994,0.5437,0.3922,0.5972,0.6771,0.5805,0.5225,0.3104,0.4876,0.2578,0.5294,0.3135,0.2024,0.1653,0.365,
1.0,0.9984,0.9734,0.9718,0.9722,0.9972,0.9947,0.9905,0.9854,0.9221,0.7377,0.9386,0.9063,0.8395,0.8012,0.8623,0.689,0.8269,0.9397,0.7811,0.6065,0.9529,0.7141,0.6243,0.6083,0.6145,0.8543,0.5659,0.6178,0.7838,0.5058,0.5499,0.3883,0.588,0.6708,0.5794,0.5131,0.3147,0.4719,0.2533,0.5197,0.3147,0.2161,0.1584,0.3507,
1.0,0.9994,0.968,0.9674,0.9688,0.997,0.995,0.9912,0.9872,0.9202,0.7312,0.9315,0.9049,0.8343,0.7974,0.8531,0.6807,0.8223,0.94,0.779,0.6098,0.9545,0.7283,0.6185,0.6108,0.6037,0.8582,0.5652,0.6226,0.7816,0.5062,0.5485,0.3952,0.5966,0.6835,0.5893,0.5221,0.318,0.4877,0.2608,0.5354,0.3206,0.2149,0.1651,0.3573,
1.0,0.999,0.9653,0.9643,0.9675,0.9977,0.9958,0.9906,0.9846,0.9265,0.7356,0.9264,0.9109,0.8384,0.7981,0.8549,0.6819,0.8244,0.9401,0.7843,0.6027,0.9502,0.716,0.6099,0.5921,0.6114,0.8606,0.5651,0.6111,0.7807,0.494,0.5439,0.3685,0.5753,0.6648,0.5731,0.5177,0.3093,0.4832,0.2515,0.5293,0.3021,0.2047,0.1573,0.3513,
1.0,0.9988,0.9689,0.9677,0.9689,0.9974,0.9949,0.9899,0.9847,0.9209,0.7293,0.9325,0.9062,0.8361,0.7966,0.8537,0.6764,0.8222,0.9423,0.7758,0.608,0.9513,0.719,0.6205,0.6033,0.6087,0.85,0.5657,0.6222,0.7799,0.5073,0.5564,0.3908,0.593,0.676,0.5816,0.5202,0.3196,0.4798,0.2603,0.529,0.3135,0.2115,0.169,0.3478,
1.0,0.9991,0.9709,0.97,0.967,0.9964,0.9942,0.9904,0.9847,0.925,0.7396,0.932,0.9086,0.8458,0.8081,0.8582,0.6924,0.8312,0.9402,0.7826,0.6131,0.9497,0.7169,0.6276,0.5983,0.6179,0.8517,0.5716,0.6171,0.7765,0.4986,0.5604,0.3806,0.5819,0.6687,0.574,0.5116,0.3146,0.4711,0.2588,0.5234,0.2973,0.2058,0.1625,0.3531,
1.0,0.999,0.9696,0.9686,0.9705,0.9978,0.9958,0.9912,0.9857,0.922,0.736,0.9339,0.9074,0.8401,0.803,0.8572,0.6867,0.8267,0.9388,0.7804,0.6117,0.952,0.7213,0.6284,0.6008,0.6071,0.8532,0.5618,0.6203,0.78,0.4978,0.5523,0.3829,0.5828,0.6778,0.5796,0.519,0.3048,0.4713,0.2623,0.5281,0.3044,0.2117,0.1623,0.3453,
1.0,0.999,0.9656,0.9646,0.9684,0.9968,0.9947,0.9887,0.9838,0.9267,0.7389,0.9288,0.9099,0.8433,0.8034,0.8564,0.684,0.8295,0.9402,0.7853,0.6157,0.95,0.7275,0.6225,0.605,0.6177,0.857,0.5757,0.6212,0.7833,0.5107,0.5525,0.3885,0.5841,0.6683,0.5873,0.5203,0.3175,0.481,0.2592,0.5193,0.3151,0.2085,0.1584,0.3546,
1.0,0.9988,0.9662,0.965,0.9703,0.9973,0.9949,0.9886,0.9832,0.928,0.7434,0.9301,0.9104,0.8437,0.8039,0.8597,0.6842,0.8292,0.9393,0.7852,0.6163,0.9525,0.7239,0.6239,0.6063,0.6193,0.8539,0.5681,0.6231,0.7869,0.5086,0.5568,0.3866,0.5977,0.6741,0.5831,0.5232,0.3157,0.4822,0.2682,0.5224,0.3166,0.2049,0.1655,0.3543,
1.0,0.9981,0.9694,0.9675,0.9692,0.9976,0.9951,0.99,0.9832,0.9247,0.7339,0.9314,0.9087,0.8391,0.8015,0.8578,0.6934,0.8237,0.943,0.7908,0.6155,0.953,0.7257,0.6277,0.6153,0.6207,0.8628,0.5765,0.6267,0.7855,0.5034,0.5594,0.385,0.597,0.684,0.5957,0.5343,0.3216,0.481,0.271,0.5375,0.3092,0.2092,0.1658,0.3601,
1.0,0.9991,0.9692,0.9683,0.9698,0.9984,0.9965,0.9902,0.9853,0.924,0.7323,0.9338,0.9099,0.8325,0.7923,0.8589,0.6789,0.82,0.9403,0.7811,0.6111,0.9526,0.7294,0.6247,0.6136,0.6058,0.8581,0.5648,0.63,0.7837,0.5037,0.5551,0.3952,0.5942,0.675,0.5923,0.524,0.3162,0.4793,0.2646,0.5245,0.3082,0.2127,0.1636,0.3494,
1.0,0.999,0.9673,0.9663,0.9673,0.9979,0.9965,0.9889,0.9835,0.9227,0.7286,0.9263,0.9039,0.8353,0.794,0.8501,0.6728,0.8227,0.9382,0.7721,0.6015,0.951,0.7177,0.6139,0.6058,0.6069,0.8452,0.5492,0.62,0.7718,0.4992,0.5433,0.3957,0.595,0.6684,0.5822,0.5171,0.3136,0.4752,0.2611,0.5172,0.3082,0.2027,0.1596,0.3475,
1.0,0.9984,0.9679,0.9663,0.971,0.998,0.9951,0.9898,0.9842,0.9244,0.7379,0.9316,0.9088,0.8393,0.7998,0.8569,0.6816,0.8255,0.9404,0.7809,0.6124,0.9534,0.7236,0.6235,0.6077,0.6188,0.8558,0.5671,0.6169,0.7882,0.5118,0.5576,0.3907,0.587,0.6752,0.5788,0.5185,0.3254,0.474,0.2595,0.5217,0.3143,0.2165,0.1662,0.3525,
1.0,0.9992,0.9668,0.966,0.9713,0.9978,0.9962,0.9921,0.9863,0.9189,0.7302,0.9313,0.9038,0.8336,0.7954,0.8517,0.6755,0.8192,0.9379,0.7715,0.5972,0.9537,0.7158,0.6139,0.611,0.6066,0.8543,0.5619,0.6171,0.783,0.494,0.5518,0.3859,0.6008,0.6816,0.5829,0.5222,0.3113,0.4798,0.2554,0.5211,0.3057,0.2054,0.1555,0.3525,
1.0,0.9986,0.967,0.9656,0.9667,0.9969,0.9947,0.9885,0.9819,0.927,0.734,0.9281,0.9104,0.8397,0.7983,0.8562,0.6782,0.828,0.9474,0.7829,0.6215,0.9562,0.7299,0.6282,0.6108,0.6208,0.8514,0.575,0.6284,0.7785,0.5016,0.5619,0.3813,0.5976,0.6884,0.6014,0.5286,0.3137,0.4843,0.264,0.5204,0.3156,0.2116,0.1728,0.3609,
1.0,0.9991,0.9683,0.9674,0.9694,0.9977,0.9962,0.9893,0.9826,0.9271,0.739,0.9327,0.9109,0.8403,0.8006,0.8606,0.6876,0.8256,0.9418,0.7908,0.6184,0.9523,0.7313,0.6268,0.6083,0.62,0.8622,0.5722,0.6246,0.7858,0.5096,0.554,0.3881,0.5902,0.6835,0.591,0.527,0.3159,0.482,0.2598,0.5283,0.3128,0.2167,0.1588,0.3583,
1.0,0.9978,0.9694,0.9672,0.9682,0.9978,0.9943,0.9901,0.9833,0.9226,0.7387,0.9301,0.908,0.845,0.8067,0.8531,0.6937,0.8309,0.9404,0.7835,0.6152,0.9558,0.7259,0.6261,0.606,0.6195,0.8602,0.573,0.6208,0.7783,0.5023,0.5547,0.3913,0.5904,0.6816,0.5817,0.5218,0.3183,0.4831,0.2606,0.5284,0.3102,0.2151,0.1595,0.3638,
1.0,0.9993,0.968,0.9673,0.9711,0.9977,0.9958,0.9916,0.9862,0.9204,0.744,0.9342,0.9068,0.8459,0.8113,0.8563,0.6932,0.8329,0.9401,0.783,0.6113,0.9556,0.7149,0.6261,0.6,0.6183,0.8569,0.568,0.6115,0.7793,0.5044,0.5512,0.3834,0.5909,0.6796,0.5752,0.5167,0.32,0.4837,0.2575,0.5285,0.3109,0.2065,0.1616,0.3542,
1.0,0.9985,0.968,0.9665,0.9713,0.9979,0.9954,0.9897,0.9855,0.9233,0.7377,0.9322,0.9077,0.839,0.8036,0.8568,0.6817,0.8274,0.9438,0.7797,0.6113,0.9562,0.7221,0.6229,0.605,0.6153,0.8497,0.562,0.6168,0.7831,0.5031,0.5493,0.3798,0.5912,0.6812,0.5813,0.5204,0.304,0.4764,0.2561,0.5265,0.3086,0.2071,0.1627,0.3463,
1.0,0.9988,0.9684,0.9672,0.9663,0.9966,0.994,0.9901,0.9844,0.9281,0.7305,0.9292,0.9124,0.8331,0.7958,0.8578,0.6812,0.8203,0.9442,0.7884,0.6056,0.9568,0.7251,0.6141,0.6067,0.6171,0.8576,0.5684,0.617,0.7755,0.5043,0.5537,0.3925,0.5971,0.681,0.5839,0.5324,0.3153,0.4823,0.2576,0.5273,0.3135,0.2072,0.1648,0.3584,
1.0,0.9991,0.9664,0.9655,0.9702,0.9966,0.9944,0.9906,0.9863,0.9294,0.7443,0.9306,0.9132,0.8393,0.8034,0.8608,0.6894,0.8262,0.9353,0.7917,0.6086,0.9499,0.7272,0.6173,0.6025,0.6154,0.8606,0.566,0.6246,0.7937,0.5139,0.5519,0.3944,0.5902,0.6729,0.5764,0.5123,0.314,0.4819,0.2632,0.5288,0.3174,0.2133,0.1573,0.355,
1.0,0.9988,0.967,0.9658,0.9707,0.9976,0.9954,0.9906,0.984,0.9271,0.7422,0.93,0.9106,0.8429,0.8042,0.8583,0.6877,0.8297,0.9407,0.7884,0.6145,0.9542,0.7257,0.6238,0.6037,0.6178,0.8576,0.5652,0.6216,0.7898,0.5092,0.5494,0.384,0.5871,0.6732,0.584,0.5211,0.3209,0.4763,0.2719,0.521,0.3163,0.2099,0.1652,0.3576,
1.0,0.9984,0.9654,0.9638,0.9712,0.9961,0.9933,0.9899,0.985,0.9219,0.742,0.9293,0.9048,0.8461,0.8081,0.8524,0.6927,0.8332,0.941,0.7841,0.6168,0.9513,0.7188,0.6274,0.6056,0.6217,0.8576,0.5797,0.6137,0.7835,0.5098,0.5588,0.3835,0.5837,0.6641,0.5763,0.5234,0.3223,0.4746,0.2651,0.5183,0.3088,0.2056,0.1645,0.3525,
1.0,0.999,0.9681,0.9671,0.9715,0.9974,0.9958,0.9917,0.9843,0.9242,0.7422,0.9333,0.9096,0.845,0.8066,0.8585,0.6889,0.8301,0.9365,0.7837,0.6124,0.9502,0.719,0.6238,0.5971,0.6148,0.8574,0.5735,0.6172,0.7902,0.5089,0.5589,0.3902,0.5827,0.6773,0.5702,0.5183,0.3199,0.4714,0.2584,0.5252,0.3106,0.2177,0.1583,0.3508,
1.0,0.9988,0.9688,0.9676,0.9705,0.9976,0.9951,0.9911,0.984,0.9255,0.7386,0.9325,0.9106,0.8395,0.8003,0.8599,0.688,0.824,0.939,0.7871,0.6167,0.9565,0.7297,0.6295,0.6158,0.6166,0.8607,0.5716,0.627,0.7899,0.5167,0.5567,0.3945,0.5927,0.6777,0.5903,0.5184,0.3232,0.4849,0.2632,0.531,0.3195,0.2106,0.1693,0.3591,
1.0,0.999,0.9672,0.9662,0.9695,0.9974,0.9957,0.9905,0.9864,0.9253,0.7423,0.9299,0.9087,0.8409,0.8034,0.8554,0.6902,0.8304,0.9449,0.7837,0.617,0.9543,0.7286,0.6277,0.6077,0.6213,0.8591,0.576,0.6251,0.787,0.5099,0.5603,0.3861,0.5938,0.6844,0.5859,0.5215,0.3195,0.4812,0.2644,0.5323,0.3136,0.2126,0.1594,0.3619,
1.0,0.9988,0.9674,0.9662,0.9674,0.9975,0.9955,0.9917,0.9874,0.9278,0.7421,0.9275,0.9121,0.8415,0.802,0.8568,0.6903,0.831,0.9419,0.7835,0.6143,0.9545,0.7239,0.6235,0.6043,0.6115,0.8622,0.5707,0.6222,0.7811,0.4968,0.5501,0.388,0.5999,0.6752,0.5829,0.5198,0.3142,0.485,0.2653,0.5227,0.3084,0.207,0.1565,0.3705,
1.0,0.9987,0.9658,0.9645,0.9719,0.9975,0.9953,0.9893,0.9833,0.9274,0.7408,0.9311,0.9108,0.8418,0.8038,0.8596,0.6846,0.8275,0.9417,0.7897,0.6164,0.9494,0.7258,0.6274,0.6039,0.6192,0.8541,0.5667,0.6274,0.7868,0.5149,0.556,0.3901,0.5845,0.6763,0.5895,0.5229,0.321,0.4694,0.2673,0.5251,0.3108,0.2198,0.1623,0.353,
1.0,0.9988,0.9693,0.9681,0.971,0.997,0.995,0.9911,0.9847,0.923,0.7384,0.9336,0.9081,0.8404,0.8004,0.8577,0.6842,0.8271,0.9396,0.7805,0.6156,0.9552,0.727,0.6296,0.6109,0.6138,0.8553,0.5668,0.6227,0.7828,0.5083,0.5512,0.397,0.5905,0.6739,0.5826,0.5216,0.318,0.4791,0.2628,0.5182,0.3156,0.2053,0.1688,0.3552,
1.0,0.9985,0.9689,0.9674,0.968,0.9976,0.9955,0.9916,0.9846,0.9249,0.7383,0.9296,0.9109,0.8449,0.8061,0.8556,0.6882,0.8308,0.9406,0.7805,0.6156,0.9539,0.724,0.625,0.6035,0.6136,0.8527,0.5672,0.6244,0.7831,0.5106,0.5572,0.388,0.5894,0.6739,0.5868,0.5128,0.3214,0.4733,0.2601,0.5226,0.3141,0.2069,0.1654,0.3531,
1.0,0.9985,0.968,0.9665,0.9724,0.9972,0.9946,0.9912,0.9861,0.9234,0.7409,0.9339,0.9086,0.8405,0.8026,0.8585,0.6842,0.8279,0.9408,0.7816,0.6131,0.9521,0.7232,0.6267,0.6064,0.616,0.8584,0.5615,0.6249,0.7853,0.5037,0.5501,0.3906,0.594,0.6784,0.587,0.5159,0.316,0.478,0.2582,0.5292,0.3136,0.2077,0.1573,0.3506,
1.0,0.9991,0.9665,0.9656,0.9703,0.9966,0.9949,0.9916,0.9862,0.9223,0.7385,0.9299,0.9063,0.8406,0.8032,0.854,0.6892,0.8281,0.9425,0.7848,0.6178,0.9536,0.7277,0.6311,0.611,0.6167,0.8602,0.5712,0.6201,0.7796,0.5022,0.5578,0.3967,0.5898,0.6844,0.5816,0.5237,0.317,0.4857,0.2709,0.537,0.3106,0.2084,0.1721,0.3584,
1.0,0.9991,0.9691,0.9682,0.9698,0.9979,0.996,0.9919,0.9862,0.9245,0.732,0.9323,0.9093,0.8333,0.7966,0.8577,0.6842,0.8209,0.9382,0.7855,0.6052,0.955,0.7266,0.6196,0.6107,0.6076,0.8636,0.5542,0.6257,0.7867,0.503,0.5438,0.3985,0.6059,0.6778,0.5839,0.5156,0.3099,0.491,0.2621,0.5277,0.3191,0.2115,0.1574,0.363,
1.0,0.9987,0.9685,0.9672,0.9692,0.9964,0.9943,0.9913,0.9867,0.9224,0.7369,0.9314,0.907,0.8402,0.8035,0.8547,0.6893,0.8281,0.9369,0.7824,0.6073,0.9548,0.7195,0.6211,0.6024,0.6057,0.854,0.5598,0.6203,0.7754,0.4996,0.5432,0.3765,0.587,0.6773,0.5819,0.5263,0.3085,0.4747,0.2654,0.5306,0.3028,0.2084,0.1618,0.3586,
1.0,0.9996,0.9698,0.9694,0.9716,0.9976,0.9962,0.9905,0.9831,0.9306,0.7443,0.9353,0.9136,0.8414,0.8006,0.8674,0.6796,0.8276,0.9363,0.7864,0.6152,0.9572,0.7282,0.6263,0.6064,0.6201,0.849,0.5583,0.6195,0.7802,0.5053,0.5439,0.3827,0.5836,0.6771,0.5832,0.5247,0.3085,0.4722,0.2616,0.5251,0.316,0.2155,0.166,0.3453,
1.0,0.999,0.9688,0.9678,0.9699,0.998,0.9956,0.99,0.9861,0.921,0.7351,0.9314,0.9042,0.8397,0.8024,0.8535,0.688,0.8273,0.9424,0.7815,0.612,0.9515,0.7205,0.6289,0.6131,0.6157,0.8558,0.5684,0.6251,0.7783,0.5031,0.5542,0.3916,0.5951,0.6841,0.5891,0.5221,0.319,0.4792,0.2647,0.5282,0.3114,0.2103,0.169,0.3532,
1.0,0.9991,0.9671,0.9662,0.9695,0.9978,0.9959,0.9925,0.9866,0.9205,0.7344,0.9299,0.9065,0.8394,0.8053,0.8513,0.6874,0.8254,0.9378,0.7831,0.6039,0.9529,0.7151,0.6159,0.605,0.6184,0.8608,0.5679,0.6128,0.7811,0.4987,0.5504,0.3849,0.5801,0.6692,0.5725,0.5195,0.3185,0.475,0.2613,0.5277,0.303,0.2079,0.1607,0.3508,
1.0,0.9982,0.9682,0.9664,0.9704,0.9972,0.9944,0.9886,0.9834,0.925,0.7373,0.9335,0.9097,0.8385,0.7997,0.8597,0.6837,0.8256,0.9425,0.7861,0.6154,0.9517,0.7254,0.6226,0.6102,0.6154,0.859,0.5705,0.6204,0.7835,0.5082,0.5543,0.397,0.5996,0.6814,0.5919,0.5286,0.3234,0.4903,0.2664,0.5314,0.3202,0.2173,0.1729,0.3566,
1.0,0.9985,0.9697,0.9682,0.9673,0.9974,0.9948,0.991,0.986,0.9197,0.7285,0.9301,0.9042,0.8386,0.8008,0.8509,0.6849,0.8272,0.9432,0.7718,0.608,0.9533,0.719,0.6234,0.6038,0.6058,0.8505,0.5648,0.6157,0.777,0.4993,0.5549,0.3798,0.5805,0.6758,0.5748,0.5121,0.3196,0.4603,0.2548,0.5181,0.3006,0.206,0.1573,0.3461,
1.0,0.9993,0.9657,0.965,0.9695,0.9976,0.996,0.9929,0.9874,0.9236,0.7325,0.9291,0.9095,0.8338,0.7979,0.8539,0.6819,0.822,0.9416,0.7827,0.6103,0.9552,0.7255,0.6174,0.6107,0.6109,0.8614,0.5631,0.6247,0.7829,0.5098,0.5439,0.3941,0.5925,0.6777,0.5854,0.5255,0.3234,0.4851,0.2701,0.5312,0.3204,0.2096,0.168,0.3608,
1.0,0.9992,0.9656,0.9648,0.9705,0.9977,0.9953,0.9894,0.9855,0.9265,0.7369,0.9304,0.9093,0.8358,0.7979,0.858,0.6798,0.8235,0.9436,0.7845,0.6186,0.95,0.732,0.6253,0.6121,0.618,0.8578,0.5668,0.6269,0.7886,0.4989,0.549,0.3855,0.5854,0.6736,0.5895,0.5233,0.3106,0.4705,0.264,0.5155,0.3036,0.2007,0.1631,0.3446,
1.0,0.998,0.9703,0.9683,0.9715,0.9969,0.9935,0.9887,0.983,0.923,0.7346,0.9342,0.9065,0.8389,0.7983,0.8576,0.6837,0.8245,0.9374,0.7826,0.6105,0.9511,0.7248,0.6246,0.6131,0.613,0.8558,0.5661,0.6225,0.7817,0.5105,0.5487,0.3947,0.5855,0.6752,0.5848,0.5285,0.3255,0.4742,0.2651,0.5221,0.3161,0.2144,0.1643,0.3493,
1.0,0.9993,0.9674,0.9667,0.9698,0.9955,0.9942,0.9907,0.9843,0.9257,0.7461,0.9318,0.9087,0.8456,0.8068,0.8581,0.6951,0.8321,0.9443,0.7883,0.6239,0.9484,0.7231,0.6328,0.6,0.6265,0.8595,0.5787,0.6167,0.7854,0.5111,0.5588,0.3844,0.5833,0.6829,0.5848,0.532,0.3226,0.4832,0.2639,0.5327,0.3136,0.2143,0.1634,0.3561,
1.0,0.9984,0.9664,0.9648,0.9696,0.9963,0.994,0.992,0.9849,0.9227,0.7341,0.9294,0.9078,0.8397,0.801,0.8531,0.68,0.8254,0.9426,0.7791,0.608,0.9522,0.7205,0.6187,0.6051,0.6168,0.8565,0.5741,0.6155,0.7843,0.4974,0.5529,0.3888,0.5868,0.6766,0.5781,0.5202,0.3159,0.4837,0.2535,0.5239,0.3119,0.204,0.168,0.3533,
1.0,0.999,0.9685,0.9675,0.9701,0.9972,0.9955,0.9909,0.9849,0.9226,0.7308,0.9321,0.9062,0.8339,0.7934,0.8567,0.6806,0.8197,0.9338,0.7827,0.6005,0.9541,0.724,0.6161,0.6129,0.6017,0.8574,0.5576,0.6296,0.7803,0.4975,0.548,0.391,0.5985,0.6721,0.5789,0.5226,0.2997,0.4761,0.2644,0.5238,0.3104,0.2037,0.1607,0.3512,
1.0,0.9993,0.9681,0.9674,0.9705,0.9972,0.9949,0.9911,0.9868,0.9249,0.7433,0.934,0.9106,0.8438,0.8106,0.8595,0.6937,0.8295,0.9397,0.7901,0.6152,0.9515,0.7209,0.6275,0.6023,0.6181,0.861,0.5706,0.6209,0.7805,0.5111,0.5557,0.3952,0.5921,0.6788,0.5817,0.5227,0.321,0.4803,0.2656,0.5332,0.3185,0.2138,0.1647,0.3609,
1.0,0.9985,0.9663,0.9648,0.9695,0.9976,0.9947,0.9884,0.981,0.9247,0.7229,0.9305,0.9089,0.8294,0.7874,0.8585,0.669,0.814,0.9396,0.7838,0.6042,0.9505,0.7235,0.6122,0.5992,0.5996,0.8542,0.5543,0.6219,0.7794,0.5002,0.5407,0.3809,0.5883,0.6743,0.5812,0.5239,0.3135,0.4788,0.2546,0.5218,0.3062,0.2097,0.1638,0.343,
1.0,0.9991,0.9674,0.9665,0.9685,0.9982,0.9961,0.9895,0.9851,0.9208,0.7285,0.93,0.9049,0.835,0.7965,0.8525,0.6801,0.8207,0.9403,0.7784,0.6039,0.9502,0.7141,0.6154,0.5971,0.5988,0.8548,0.5598,0.6185,0.7763,0.5023,0.5406,0.3803,0.5802,0.6784,0.5829,0.5324,0.3063,0.4742,0.261,0.527,0.3093,0.216,0.1666,0.353,
1.0,0.9989,0.9658,0.9647,0.966,0.997,0.995,0.9906,0.9842,0.9265,0.7391,0.9255,0.9102,0.8456,0.8062,0.8537,0.6852,0.8313,0.9384,0.78,0.6133,0.9497,0.7201,0.6199,0.5974,0.6171,0.8552,0.5741,0.6174,0.7815,0.5012,0.558,0.3802,0.5874,0.6607,0.5753,0.5169,0.3194,0.4722,0.2611,0.5158,0.304,0.2001,0.1562,0.3514,
1.0,0.9988,0.9674,0.9662,0.9713,0.9973,0.9945,0.9895,0.9847,0.925,0.7444,0.9337,0.9093,0.8457,0.8093,0.8599,0.6964,0.8317,0.9403,0.7902,0.6194,0.951,0.7243,0.6308,0.6046,0.6209,0.8623,0.5758,0.6237,0.7841,0.5065,0.5511,0.3862,0.5897,0.6691,0.5812,0.5219,0.3194,0.4818,0.2662,0.5276,0.3108,0.2016,0.1624,0.3569,
1.0,0.9992,0.9674,0.9666,0.9713,0.9975,0.9953,0.991,0.9837,0.9221,0.7282,0.9329,0.907,0.8324,0.794,0.8564,0.6755,0.8165,0.9398,0.7828,0.6047,0.9523,0.7175,0.6196,0.605,0.6104,0.851,0.5698,0.623,0.7844,0.511,0.5591,0.3894,0.5887,0.6809,0.5757,0.518,0.3193,0.4768,0.2593,0.5257,0.3093,0.2157,0.161,0.3469,
1.0,0.9986,0.9675,0.9661,0.969,0.9966,0.9942,0.9918,0.9865,0.9254,0.7351,0.9294,0.9097,0.8354,0.7984,0.8564,0.6828,0.8245,0.9439,0.7846,0.6087,0.9555,0.7242,0.6181,0.6039,0.6128,0.8578,0.5715,0.6186,0.7833,0.5087,0.5503,0.3911,0.5849,0.677,0.5821,0.5294,0.3202,0.4798,0.2569,0.5252,0.3204,0.2048,0.1686,0.3549,
1.0,0.999,0.9702,0.9692,0.9681,0.9976,0.9951,0.9898,0.9857,0.9214,0.7395,0.9325,0.9055,0.8427,0.8065,0.8563,0.6904,0.8299,0.939,0.7779,0.6111,0.9479,0.7161,0.6245,0.6003,0.6129,0.8548,0.5676,0.6237,0.779,0.4953,0.554,0.384,0.5951,0.6719,0.5763,0.5138,0.3118,0.4777,0.2623,0.5283,0.3066,0.2067,0.1577,0.3607,
1.0,0.999,0.9688,0.9678,0.9699,0.9974,0.9949,0.9894,0.9863,0.923,0.7401,0.9325,0.9069,0.8433,0.8036,0.8564,0.6869,0.8314,0.9397,0.7783,0.6131,0.951,0.7229,0.6268,0.6073,0.6095,0.8562,0.5622,0.622,0.7756,0.5005,0.5472,0.39,0.5952,0.6732,0.5879,0.515,0.3127,0.4815,0.26,0.5233,0.3092,0.2039,0.1659,0.3512,
1.0,0.9986,0.9669,0.9655,0.9683,0.9974,0.9944,0.9891,0.9841,0.929,0.7376,0.9276,0.9113,0.8382,0.7986,0.8578,0.6824,0.824,0.9408,0.7839,0.615,0.9476,0.7243,0.6239,0.5997,0.6172,0.8553,0.5651,0.623,0.7828,0.5057,0.5529,0.3834,0.5824,0.6691,0.5879,0.5148,0.3099,0.4755,0.2587,0.5293,0.3094,0.2066,0.164,0.349,
1.0,0.9987,0.97,0.9687,0.9681,0.998,0.996,0.9905,0.9853,0.9232,0.7333,0.9318,0.9087,0.8388,0.8024,0.8559,0.6862,0.8278,0.9409,0.7801,0.6126,0.9562,0.7258,0.6247,0.6047,0.6101,0.857,0.5644,0.6208,0.7818,0.5035,0.5567,0.3858,0.585,0.6784,0.58,0.5225,0.3195,0.4688,0.2614,0.5274,0.3033,0.2079,0.1654,0.3512,
1.0,0.9991,0.9683,0.9674,0.9705,0.9972,0.995,0.9912,0.9859,0.9295,0.7416,0.9331,0.9145,0.8388,0.8028,0.8641,0.6867,0.8258,0.9381,0.79,0.6187,0.9539,0.7363,0.6274,0.615,0.6165,0.8587,0.5657,0.631,0.7861,0.5124,0.5459,0.3952,0.589,0.6741,0.5953,0.5205,0.3143,0.4839,0.267,0.5262,0.3181,0.2177,0.1672,0.3541,
1.0,0.9983,0.9687,0.967,0.9703,0.9973,0.9949,0.9892,0.9833,0.9242,0.7396,0.9311,0.9067,0.8421,0.8019,0.8568,0.6868,0.8289,0.9404,0.781,0.6169,0.9514,0.7222,0.6291,0.6097,0.62,0.853,0.5712,0.6211,0.781,0.5064,0.5543,0.3901,0.5875,0.6722,0.5785,0.5153,0.3097,0.477,0.2565,0.5241,0.3101,0.1998,0.1638,0.3565,
1.0,0.9992,0.9644,0.9636,0.9694,0.9983,0.9968,0.9911,0.984,0.9224,0.7315,0.9287,0.909,0.8388,0.8014,0.8531,0.6837,0.8245,0.9398,0.7846,0.6136,0.957,0.7242,0.6249,0.6066,0.6113,0.8572,0.5674,0.6221,0.7772,0.5097,0.5513,0.3889,0.5834,0.6729,0.5867,0.5248,0.3195,0.4788,0.2679,0.5214,0.3087,0.2035,0.166,0.3492,
1.0,0.9986,0.9699,0.9685,0.9649,0.9975,0.9951,0.9912,0.9865,0.9225,0.7343,0.929,0.909,0.839,0.8024,0.8524,0.6848,0.8281,0.9422,0.7764,0.6034,0.9553,0.7206,0.6167,0.6002,0.6102,0.8588,0.5655,0.6186,0.7798,0.507,0.5505,0.388,0.5939,0.6748,0.5803,0.5141,0.3162,0.4829,0.2563,0.5235,0.3125,0.21,0.1568,0.3506,
1.0,0.9987,0.967,0.9657,0.9721,0.9975,0.9951,0.9897,0.9847,0.9238,0.745,0.9315,0.9062,0.8459,0.8077,0.857,0.6929,0.8331,0.9431,0.7862,0.6179,0.9542,0.724,0.6296,0.6102,0.6249,0.8577,0.5754,0.6164,0.7853,0.5153,0.5566,0.3898,0.5825,0.6735,0.5893,0.5212,0.3225,0.4745,0.2623,0.5224,0.3156,0.207,0.1649,0.3536,
1.0,0.9995,0.9705,0.97,0.9669,0.9975,0.9959,0.9912,0.987,0.9233,0.7403,0.9319,0.9076,0.8437,0.808,0.8554,0.6927,0.8322,0.9444,0.7798,0.6241,0.9504,0.7265,0.6349,0.6115,0.6181,0.8579,0.5734,0.6271,0.7784,0.4969,0.5559,0.3868,0.5844,0.6753,0.5839,0.5249,0.3148,0.4777,0.2689,0.5234,0.3029,0.2067,0.172,0.3589,
1.0,0.9991,0.9678,0.9669,0.9708,0.9955,0.9933,0.9902,0.9854,0.9281,0.7421,0.9324,0.9097,0.8415,0.8048,0.8623,0.6866,0.8293,0.942,0.7887,0.617,0.9524,0.7249,0.6278,0.6022,0.6195,0.856,0.5725,0.6193,0.7899,0.5154,0.5581,0.3883,0.5843,0.6776,0.5857,0.5285,0.3263,0.4781,0.2568,0.5239,0.3187,0.213,0.1726,0.3478,
1.0,0.9991,0.9674,0.9665,0.9704,0.9978,0.9958,0.9902,0.9847,0.921,0.7347,0.9313,0.905,0.8385,0.7987,0.8531,0.6885,0.825,0.9411,0.7839,0.6079,0.9517,0.7164,0.6229,0.6,0.6139,0.8604,0.5726,0.6194,0.779,0.4994,0.5554,0.382,0.5872,0.6783,0.5731,0.5224,0.3163,0.4782,0.2595,0.5349,0.2984,0.2102,0.1659,0.3549,
1.0,0.999,0.9674,0.9664,0.9723,0.9976,0.9955,0.9907,0.9844,0.9256,0.7403,0.9331,0.9101,0.8417,0.8029,0.8607,0.6878,0.8272,0.9358,0.7885,0.6114,0.9547,0.7266,0.624,0.6074,0.6125,0.8584,0.5692,0.6217,0.7853,0.509,0.5517,0.3858,0.5904,0.6778,0.5877,0.5198,0.3166,0.4835,0.261,0.5294,0.3201,0.2116,0.1544,0.3604,
1.0,0.9993,0.9684,0.9677,0.9703,0.9976,0.9961,0.993,0.9869,0.9266,0.7424,0.9327,0.9127,0.8393,0.8029,0.8605,0.6887,0.8265,0.943,0.7883,0.6135,0.9555,0.7275,0.6271,0.6087,0.6212,0.8623,0.5734,0.6263,0.7894,0.5122,0.5586,0.3901,0.5905,0.6748,0.5797,0.5251,0.3218,0.471,0.2676,0.5265,0.311,0.2081,0.1641,0.3557,
1.0,0.9988,0.9683,0.9671,0.9682,0.9972,0.9951,0.9914,0.9865,0.9268,0.7399,0.9306,0.9128,0.8402,0.805,0.8588,0.6901,0.8267,0.9397,0.7859,0.6142,0.9492,0.7226,0.6222,0.6001,0.6144,0.8594,0.565,0.6226,0.7832,0.505,0.5496,0.3876,0.5842,0.6793,0.5805,0.5154,0.3142,0.4662,0.2571,0.5233,0.3086,0.2068,0.1511,0.346,
1.0,0.9983,0.9667,0.965,0.9691,0.998,0.9956,0.9919,0.9849,0.9238,0.7345,0.9291,0.9109,0.8348,0.7969,0.8551,0.6805,0.8208,0.9418,0.7834,0.607,0.9542,0.7203,0.6143,0.6003,0.6145,0.8624,0.5686,0.6138,0.7855,0.502,0.5498,0.3854,0.5927,0.6749,0.5794,0.5231,0.3133,0.4856,0.2602,0.5293,0.3125,0.206,0.1651,0.357,
1.0,0.9983,0.9686,0.9669,0.9693,0.9976,0.9952,0.9907,0.9841,0.9264,0.7417,0.9304,0.9111,0.8427,0.8005,0.858,0.6844,0.829,0.9432,0.7833,0.6181,0.9504,0.7252,0.6294,0.6088,0.6224,0.8629,0.5831,0.6234,0.7903,0.5039,0.5699,0.3955,0.5941,0.6858,0.583,0.5271,0.32,0.4789,0.2591,0.5238,0.314,0.2176,0.162,0.3547,
1.0,0.9987,0.9687,0.9674,0.969,0.998,0.9953,0.9878,0.9824,0.9231,0.7371,0.9319,0.9063,0.8415,0.8011,0.8574,0.6844,0.8281,0.9383,0.7796,0.6128,0.9526,0.7222,0.6237,0.6075,0.6149,0.8518,0.5703,0.6243,0.7824,0.5004,0.5518,0.3828,0.5915,0.6684,0.5824,0.5147,0.3127,0.4754,0.2579,0.5205,0.312,0.203,0.1584,0.35,
1.0,0.9991,0.9702,0.9693,0.9678,0.9968,0.9946,0.991,0.9845,0.925,0.7356,0.9311,0.908,0.838,0.7983,0.8578,0.6901,0.8226,0.9351,0.786,0.6033,0.9509,0.7178,0.6158,0.606,0.6115,0.8592,0.5629,0.6182,0.7795,0.4928,0.5498,0.3801,0.5862,0.6725,0.5751,0.5156,0.3053,0.4802,0.2599,0.533,0.301,0.203,0.1558,0.3495,
1.0,0.9989,0.9676,0.9665,0.9699,0.9974,0.995,0.9917,0.9857,0.9194,0.733,0.9318,0.9057,0.8398,0.8027,0.8529,0.6833,0.8251,0.9387,0.7781,0.6026,0.9554,0.7163,0.6184,0.6017,0.6108,0.8563,0.5719,0.6101,0.7821,0.5063,0.5595,0.3868,0.5866,0.676,0.5703,0.5147,0.3216,0.4758,0.2474,0.5189,0.3066,0.2098,0.1594,0.3509,
1.0,0.9989,0.9678,0.9667,0.972,0.9977,0.9957,0.9912,0.9864,0.9262,0.744,0.9341,0.9125,0.8405,0.8048,0.861,0.6901,0.8285,0.9427,0.7871,0.6167,0.9568,0.7311,0.6294,0.6128,0.6232,0.8582,0.5714,0.6261,0.7914,0.5147,0.5546,0.3969,0.5972,0.677,0.5915,0.5242,0.3246,0.4871,0.2646,0.5231,0.3214,0.2072,0.169,0.3581,
1.0,0.9994,0.9696,0.969,0.9678,0.9965,0.9957,0.9909,0.9846,0.9248,0.7334,0.9316,0.9082,0.8357,0.798,0.8577,0.6846,0.8233,0.9366,0.7848,0.6024,0.9514,0.7165,0.6108,0.603,0.6088,0.8595,0.5627,0.6166,0.7806,0.5012,0.5444,0.386,0.5908,0.6686,0.5752,0.5203,0.3108,0.4799,0.256,0.525,0.3124,0.211,0.1582,0.3526,
1.0,0.999,0.9668,0.9658,0.9667,0.9966,0.9947,0.9912,0.9866,0.9279,0.7432,0.9279,0.9123,0.8431,0.8086,0.8575,0.6837,0.8308,0.9383,0.7805,0.6124,0.9507,0.7237,0.6173,0.5983,0.6208,0.8534,0.5656,0.6183,0.7873,0.5071,0.5535,0.3881,0.5833,0.6698,0.5807,0.5211,0.3218,0.4775,0.2633,0.5207,0.3084,0.2134,0.1626,0.3489,
1.0,0.9988,0.9694,0.9682,0.9696,0.997,0.9945,0.9892,0.9835,0.925,0.7417,0.9324,0.9075,0.846,0.8074,0.8578,0.6978,0.832,0.9382,0.79,0.6141,0.9499,0.7173,0.6255,0.5926,0.6179,0.859,0.5715,0.6153,0.784,0.5017,0.5542,0.3768,0.5929,0.6738,0.5744,0.523,0.3142,0.4787,0.2635,0.5323,0.3074,0.2052,0.1611,0.3596,
1.0,0.9992,0.9643,0.9635,0.9706,0.997,0.9953,0.9904,0.9857,0.923,0.7345,0.9283,0.9063,0.8366,0.8001,0.8534,0.6856,0.8259,0.9455,0.7866,0.6082,0.9532,0.7153,0.619,0.5989,0.6187,0.8583,0.5736,0.6153,0.7846,0.516,0.5532,0.3798,0.5848,0.671,0.5803,0.5307,0.3145,0.4739,0.2623,0.5206,0.3162,0.2111,0.1638,0.356,
1.0,0.999,0.9688,0.9678,0.9722,0.9966,0.9949,0.9898,0.9834,0.9217,0.7407,0.9338,0.9034,0.843,0.8028,0.857,0.6871,0.8291,0.9422,0.7825,0.6178,0.95,0.7195,0.6313,0.6091,0.6174,0.8557,0.5695,0.6242,0.7822,0.5074,0.5574,0.3913,0.5982,0.6819,0.5788,0.5107,0.3137,0.484,0.2618,0.5346,0.3092,0.2123,0.1572,0.3657,
1.0,0.9987,0.9689,0.9676,0.9693,0.9971,0.9952,0.9901,0.9824,0.926,0.7358,0.9325,0.9103,0.8388,0.8009,0.8595,0.6851,0.8244,0.938,0.7894,0.6102,0.9538,0.7225,0.6209,0.6033,0.6188,0.8553,0.5657,0.6144,0.7802,0.5101,0.5497,0.3871,0.5795,0.6649,0.575,0.5131,0.3139,0.4747,0.2516,0.5216,0.3082,0.2051,0.1595,0.3417,
1.0,0.9986,0.967,0.9656,0.9697,0.9978,0.9958,0.9908,0.9851,0.9244,0.744,0.9304,0.9103,0.8444,0.81,0.8562,0.6907,0.8317,0.9404,0.7832,0.6197,0.9495,0.7272,0.6288,0.5995,0.6207,0.8568,0.5673,0.6227,0.7888,0.5077,0.5541,0.392,0.589,0.671,0.5803,0.5154,0.3224,0.4671,0.2689,0.5207,0.3068,0.2133,0.1588,0.3529,
1.0,0.9988,0.9677,0.9665,0.9717,0.9973,0.9946,0.9909,0.9865,0.9214,0.7377,0.9325,0.9055,0.8409,0.806,0.855,0.6892,0.8288,0.9391,0.7821,0.6109,0.9541,0.7225,0.6262,0.6128,0.6169,0.856,0.5735,0.6211,0.7897,0.5071,0.5618,0.3939,0.5919,0.6814,0.5819,0.527,0.3212,0.4809,0.2651,0.5269,0.3201,0.2175,0.1673,0.3584,
1.0,0.9987,0.9682,0.9669,0.9685,0.9972,0.9952,0.9907,0.9847,0.9214,0.7314,0.9285,0.9041,0.8377,0.7976,0.8509,0.6874,0.8249,0.9381,0.783,0.6076,0.9546,0.7234,0.6224,0.6091,0.6054,0.8602,0.5646,0.6235,0.779,0.5023,0.5528,0.395,0.6022,0.6819,0.5828,0.5213,0.3103,0.4832,0.2596,0.5304,0.3198,0.2127,0.1636,0.3703,
1.0,0.9991,0.9718,0.9709,0.9717,0.997,0.9952,0.9916,0.9854,0.9252,0.7383,0.9364,0.9092,0.8378,0.7986,0.8621,0.6887,0.8246,0.9447,0.7878,0.6104,0.9544,0.7162,0.6259,0.6069,0.6161,0.8573,0.5707,0.6177,0.7863,0.5073,0.5536,0.3835,0.5948,0.6844,0.5821,0.5276,0.3165,0.483,0.2616,0.5309,0.3166,0.2122,0.167,0.3579,
1.0,0.9991,0.9694,0.9685,0.9686,0.9971,0.995,0.9896,0.9845,0.9255,0.7332,0.9313,0.9082,0.8356,0.7977,0.8576,0.681,0.8219,0.9393,0.7819,0.606,0.9484,0.7179,0.6174,0.5985,0.6098,0.8536,0.5629,0.6178,0.7851,0.5098,0.5505,0.3942,0.589,0.6736,0.5712,0.5154,0.3138,0.4758,0.2612,0.5316,0.3106,0.2116,0.1585,0.3524,
1.0,0.999,0.9708,0.9698,0.9695,0.9975,0.9956,0.9914,0.9862,0.9181,0.7378,0.9331,0.9023,0.8433,0.8053,0.8519,0.6879,0.8307,0.9438,0.7726,0.6149,0.953,0.7221,0.6329,0.611,0.6129,0.8534,0.5655,0.6202,0.7741,0.4953,0.5556,0.3948,0.5952,0.6808,0.5857,0.5227,0.31,0.4758,0.262,0.5239,0.3068,0.2015,0.167,0.3588,
1.0,0.999,0.9695,0.9685,0.9715,0.9981,0.9961,0.9897,0.9837,0.9221,0.7357,0.9345,0.9068,0.8418,0.8027,0.859,0.6868,0.8278,0.9392,0.7831,0.6103,0.9517,0.7183,0.6261,0.6125,0.6156,0.8549,0.5685,0.6231,0.7793,0.5086,0.5537,0.3977,0.5951,0.6773,0.5831,0.5192,0.3169,0.482,0.2538,0.5317,0.319,0.2192,0.1648,0.3621,
1.0,0.9986,0.9686,0.9672,0.9735,0.9974,0.9952,0.99,0.9848,0.9239,0.738,0.9356,0.9084,0.8386,0.7992,0.8612,0.6807,0.8264,0.9389,0.7865,0.602,0.9502,0.7156,0.6183,0.6016,0.6107,0.8513,0.5632,0.6164,0.7816,0.5087,0.5452,0.3885,0.5797,0.6729,0.57,0.5107,0.3135,0.4652,0.2546,0.5191,0.3093,0.2142,0.1565,0.3473,
1.0,0.9984,0.9693,0.9677,0.9694,0.9973,0.995,0.991,0.985,0.9216,0.7372,0.9322,0.9073,0.8437,0.8068,0.8561,0.6869,0.8306,0.9371,0.7792,0.6077,0.9535,0.7188,0.6213,0.6035,0.6104,0.8517,0.5696,0.618,0.7813,0.4996,0.5567,0.3912,0.5921,0.6735,0.5749,0.5199,0.3166,0.4678,0.2597,0.5177,0.3098,0.2054,0.1626,0.3552,
1.0,0.9994,0.9653,0.9647,0.967,0.9973,0.9957,0.99,0.9846,0.9261,0.7287,0.926,0.909,0.8334,0.7946,0.8524,0.6745,0.8192,0.9358,0.7796,0.6066,0.9525,0.7279,0.6152,0.6117,0.606,0.8511,0.5592,0.6252,0.7809,0.5061,0.5451,0.3914,0.5968,0.6755,0.5852,0.5198,0.3107,0.486,0.2616,0.5202,0.3217,0.2081,0.1658,0.3561,
1.0,0.999,0.9665,0.9655,0.9679,0.9972,0.9951,0.9914,0.9859,0.9232,0.7318,0.9284,0.9082,0.8366,0.7995,0.852,0.6788,0.8224,0.9395,0.7805,0.612,0.9531,0.7297,0.6229,0.6068,0.6053,0.855,0.5579,0.625,0.7834,0.5022,0.5413,0.3932,0.5919,0.6701,0.5898,0.5237,0.3095,0.4774,0.2691,0.5226,0.3132,0.2054,0.1635,0.3549,
1.0,0.9989,0.9685,0.9674,0.9702,0.998,0.996,0.9906,0.9843,0.9226,0.7374,0.932,0.9068,0.8413,0.8029,0.855,0.684,0.8276,0.9429,0.7769,0.6116,0.9558,0.7186,0.6251,0.6072,0.6179,0.8538,0.5656,0.6154,0.7838,0.5155,0.5573,0.3888,0.5976,0.6873,0.5813,0.5305,0.3233,0.4778,0.2608,0.5207,0.3205,0.2118,0.1669,0.3569,
1.0,0.9988,0.9681,0.9669,0.9703,0.9979,0.9962,0.9915,0.9851,0.9214,0.7383,0.9302,0.9056,0.8452,0.8071,0.8529,0.6915,0.8322,0.9406,0.7808,0.6088,0.9523,0.7129,0.6262,0.6062,0.6192,0.856,0.5797,0.6126,0.7824,0.4998,0.5683,0.3855,0.584,0.6774,0.5718,0.5113,0.3246,0.4681,0.2572,0.5261,0.3033,0.2109,0.1621,0.3504,
1.0,0.9992,0.9673,0.9665,0.9676,0.9969,0.9952,0.9907,0.9844,0.9245,0.7338,0.928,0.9077,0.8386,0.797,0.8533,0.6784,0.8244,0.9394,0.7775,0.6068,0.9497,0.7183,0.6179,0.5971,0.6075,0.8528,0.5584,0.6193,0.775,0.4946,0.5456,0.3788,0.5842,0.6735,0.5817,0.5231,0.3115,0.4775,0.2608,0.5304,0.307,0.2072,0.1644,0.3537,
1.0,0.9991,0.9686,0.9677,0.9705,0.9973,0.9956,0.9899,0.9836,0.9207,0.7336,0.9333,0.9045,0.8403,0.8008,0.8565,0.6894,0.8269,0.9408,0.7842,0.6076,0.9509,0.716,0.6233,0.5982,0.6093,0.8605,0.571,0.616,0.7786,0.4967,0.5509,0.3815,0.591,0.6747,0.575,0.5237,0.3061,0.482,0.2602,0.5256,0.3042,0.197,0.1629,0.3571,
1.0,0.9983,0.9686,0.9669,0.9675,0.9974,0.9949,0.9907,0.9851,0.926,0.7375,0.9292,0.9107,0.8397,0.8002,0.8579,0.685,0.8266,0.9406,0.7815,0.6125,0.9536,0.7255,0.6211,0.6019,0.6108,0.8565,0.5669,0.6234,0.7846,0.5046,0.5528,0.3957,0.5971,0.6764,0.5902,0.5272,0.317,0.487,0.2637,0.5272,0.3185,0.2082,0.1696,0.3612,
1.0,0.9981,0.9688,0.9669,0.9659,0.9973,0.9949,0.9901,0.9835,0.9204,0.7308,0.9278,0.9051,0.8412,0.8033,0.8503,0.6881,0.8265,0.9415,0.7797,0.6136,0.9532,0.7227,0.6247,0.6028,0.611,0.8603,0.5762,0.6212,0.7826,0.5057,0.5604,0.3913,0.5938,0.6809,0.5838,0.5249,0.3227,0.4842,0.2599,0.5323,0.3129,0.2139,0.1657,0.3581,
1.0,0.9988,0.9702,0.969,0.9694,0.9978,0.9955,0.9902,0.9851,0.9249,0.7347,0.9333,0.9096,0.8369,0.7985,0.8591,0.6868,0.8223,0.9369,0.7866,0.5995,0.95,0.718,0.6129,0.602,0.6096,0.8622,0.5628,0.6156,0.7811,0.4942,0.5466,0.3838,0.5905,0.6777,0.5751,0.5195,0.3121,0.4773,0.2542,0.53,0.3037,0.2016,0.1548,0.3529,
1.0,0.9991,0.9718,0.9709,0.9736,0.9974,0.9952,0.9909,0.9865,0.9231,0.7433,0.9403,0.9088,0.8425,0.8053,0.8641,0.6895,0.8295,0.9436,0.7839,0.6144,0.9542,0.7215,0.6313,0.6165,0.6222,0.8578,0.5773,0.6279,0.7878,0.5113,0.5616,0.3983,0.6001,0.6808,0.5887,0.5261,0.3244,0.488,0.263,0.5306,0.3187,0.2103,0.1761,0.3639,
1.0,0.999,0.9672,0.9662,0.9689,0.997,0.9946,0.9895,0.9848,0.9269,0.7322,0.9292,0.9092,0.8338,0.7947,0.858,0.6714,0.8196,0.9401,0.7788,0.6139,0.9492,0.727,0.6217,0.6141,0.6089,0.8492,0.5601,0.6318,0.7851,0.5125,0.5483,0.3925,0.593,0.6772,0.5956,0.5179,0.3173,0.4748,0.2665,0.5227,0.3172,0.2122,0.1664,0.346,
1.0,0.9987,0.9663,0.965,0.9738,0.9971,0.9948,0.9904,0.9857,0.9255,0.7377,0.9334,0.9094,0.8346,0.7946,0.8601,0.6756,0.8219,0.9398,0.7851,0.608,0.9531,0.725,0.6184,0.6075,0.6051,0.8537,0.5565,0.6244,0.7864,0.5029,0.5403,0.383,0.5861,0.6751,0.5839,0.5187,0.306,0.4695,0.2592,0.5213,0.3095,0.2103,0.1564,0.3483,
1.0,0.9983,0.9686,0.9669,0.9719,0.998,0.9948,0.9889,0.9832,0.9291,0.7439,0.9333,0.9125,0.8417,0.8012,0.8635,0.6908,0.8265,0.9391,0.7934,0.6126,0.953,0.7205,0.6232,0.6047,0.6247,0.8588,0.5732,0.6232,0.7879,0.5153,0.5546,0.3879,0.5913,0.6681,0.583,0.5191,0.3204,0.4867,0.2618,0.5251,0.3203,0.2086,0.1673,0.3568,
1.0,0.9991,0.967,0.9661,0.9712,0.9979,0.9965,0.9914,0.9848,0.9224,0.7359,0.9316,0.9071,0.8399,0.8016,0.8542,0.6826,0.8263,0.9443,0.78,0.6105,0.9548,0.7171,0.6255,0.6024,0.615,0.8522,0.565,0.6208,0.7783,0.5045,0.5523,0.3838,0.5922,0.6763,0.585,0.5244,0.3182,0.4768,0.2607,0.5223,0.3052,0.2065,0.1649,0.3565,
1.0,0.9993,0.9689,0.9682,0.9703,0.9981,0.996,0.9901,0.9856,0.9188,0.7351,0.9334,0.9032,0.8402,0.8021,0.8536,0.6861,0.8265,0.9405,0.7789,0.6103,0.9497,0.7169,0.6244,0.6054,0.6111,0.8566,0.5672,0.6155,0.7775,0.498,0.5548,0.3892,0.5869,0.6782,0.5775,0.5197,0.3171,0.4699,0.2625,0.5226,0.3018,0.2051,0.161,0.3523,
1.0,0.9995,0.9669,0.9664,0.9678,0.9971,0.996,0.9912,0.9847,0.9284,0.7375,0.9284,0.9118,0.8378,0.8007,0.8581,0.6823,0.8244,0.9385,0.7859,0.6063,0.9533,0.7188,0.6139,0.596,0.6117,0.8528,0.5617,0.6172,0.786,0.5085,0.5518,0.3778,0.5948,0.6813,0.5788,0.5281,0.3153,0.4735,0.2645,0.5254,0.3181,0.2155,0.1671,0.3605,
1.0,0.9992,0.9664,0.9656,0.969,0.9972,0.9951,0.9904,0.9847,0.923,0.7408,0.9296,0.9064,0.8476,0.8087,0.8522,0.6949,0.833,0.9398,0.7835,0.6148,0.9482,0.7186,0.6264,0.5996,0.6197,0.8609,0.5779,0.6064,0.7797,0.5027,0.5572,0.39,0.5787,0.6728,0.5753,0.5227,0.323,0.4735,0.2556,0.5253,0.306,0.2085,0.1618,0.3524,
1.0,0.9993,0.9678,0.9671,0.9716,0.9965,0.9949,0.9906,0.9849,0.9234,0.7399,0.9331,0.9063,0.8433,0.8051,0.8576,0.6885,0.8298,0.9372,0.7839,0.6151,0.9513,0.7275,0.6305,0.6123,0.6115,0.8546,0.5649,0.6275,0.7778,0.4973,0.5486,0.3859,0.5922,0.6717,0.5871,0.5191,0.3011,0.4795,0.268,0.5176,0.309,0.2117,0.1602,0.3578,
1.0,0.9982,0.9668,0.965,0.9673,0.9981,0.9954,0.9899,0.985,0.9264,0.7325,0.9267,0.9109,0.8351,0.7957,0.8543,0.6779,0.8229,0.9417,0.7797,0.6152,0.9551,0.7289,0.6219,0.6028,0.6079,0.8542,0.5586,0.6231,0.7809,0.5081,0.5474,0.3902,0.588,0.6857,0.5929,0.5269,0.3151,0.4814,0.2629,0.5281,0.3187,0.2146,0.1608,0.3487,
1.0,0.9988,0.9651,0.9639,0.9722,0.9968,0.9946,0.9895,0.9847,0.9207,0.7386,0.9306,0.904,0.8419,0.8028,0.8522,0.6857,0.8296,0.9457,0.7806,0.6176,0.9528,0.7202,0.6294,0.6144,0.6209,0.8546,0.5821,0.6162,0.781,0.5115,0.5622,0.3896,0.5875,0.6786,0.5864,0.5249,0.3242,0.4803,0.2602,0.522,0.3132,0.2075,0.1642,0.3546,
1.0,0.999,0.9656,0.9646,0.9698,0.9978,0.9954,0.9904,0.9858,0.9225,0.7443,0.9295,0.9078,0.8467,0.8092,0.8526,0.687,0.8322,0.9421,0.7796,0.6235,0.952,0.7308,0.6333,0.6168,0.6225,0.8565,0.5716,0.6292,0.7793,0.5012,0.5561,0.3896,0.5872,0.6661,0.5892,0.5304,0.3198,0.4805,0.2747,0.5139,0.3096,0.1992,0.1715,0.3569,
1.0,0.9989,0.9679,0.9668,0.967,0.9969,0.9949,0.9902,0.984,0.9245,0.7303,0.9282,0.9076,0.8356,0.7977,0.8538,0.6856,0.8227,0.9431,0.7867,0.6127,0.9518,0.7259,0.6216,0.6101,0.6117,0.8592,0.5681,0.6258,0.7769,0.5064,0.5493,0.392,0.5978,0.6804,0.5887,0.5234,0.317,0.486,0.2622,0.5307,0.3146,0.2073,0.1662,0.3525,
1.0,0.9988,0.9694,0.9682,0.9672,0.9965,0.9944,0.9899,0.9843,0.9265,0.7277,0.9306,0.9096,0.8326,0.7951,0.8584,0.6786,0.8186,0.94,0.785,0.604,0.9483,0.725,0.6142,0.604,0.6065,0.8568,0.5644,0.6254,0.7864,0.5078,0.5479,0.3882,0.593,0.6761,0.5843,0.5152,0.3135,0.4879,0.2589,0.5409,0.3119,0.2083,0.1668,0.3516,
1.0,0.9992,0.9675,0.9667,0.9736,0.9973,0.9958,0.9906,0.985,0.9235,0.7365,0.9359,0.9082,0.833,0.7965,0.8618,0.6821,0.8198,0.9426,0.7906,0.616,0.9523,0.7313,0.6286,0.6151,0.6139,0.8588,0.5645,0.6317,0.7852,0.5107,0.5492,0.3954,0.5955,0.6806,0.5976,0.5293,0.3109,0.48,0.2692,0.5238,0.3133,0.2127,0.1664,0.3525,
1.0,0.9991,0.97,0.9691,0.9721,0.9973,0.9954,0.9902,0.9851,0.9265,0.7388,0.9361,0.9109,0.8369,0.7974,0.864,0.6866,0.8249,0.9406,0.7898,0.6121,0.9555,0.7245,0.6243,0.6114,0.6137,0.8572,0.5676,0.6251,0.7818,0.5144,0.5488,0.3851,0.5893,0.6731,0.5885,0.5271,0.3154,0.477,0.2651,0.527,0.3122,0.2082,0.163,0.3506,
1.0,0.999,0.9679,0.9669,0.971,0.9971,0.9954,0.9917,0.9865,0.9242,0.7436,0.9324,0.9088,0.8449,0.8063,0.8578,0.6896,0.8321,0.9424,0.7826,0.6148,0.9522,0.7158,0.6234,0.5997,0.6159,0.8567,0.5763,0.6152,0.7832,0.5057,0.5511,0.3839,0.5837,0.6719,0.581,0.5216,0.3168,0.4763,0.2545,0.5188,0.3096,0.2103,0.1592,0.3562,
1.0,0.9986,0.9671,0.9657,0.9698,0.9978,0.9956,0.9899,0.985,0.9234,0.7392,0.9298,0.9074,0.8418,0.802,0.8548,0.6842,0.8299,0.9418,0.7779,0.6085,0.9522,0.7184,0.6212,0.6013,0.6152,0.8558,0.5648,0.6124,0.7813,0.5054,0.5499,0.3849,0.5938,0.6773,0.5776,0.523,0.3181,0.4908,0.2574,0.5227,0.3142,0.2039,0.1629,0.3554,
1.0,0.9988,0.9665,0.9653,0.9683,0.9976,0.9957,0.9915,0.9858,0.9271,0.739,0.9279,0.9122,0.8373,0.8037,0.856,0.6803,0.8241,0.9406,0.7815,0.6149,0.9549,0.7292,0.6211,0.6125,0.6193,0.8521,0.5605,0.6287,0.788,0.5118,0.5463,0.3893,0.5967,0.6804,0.5946,0.5194,0.3121,0.4814,0.2649,0.528,0.316,0.218,0.1656,0.3598,
1.0,0.9991,0.9693,0.9684,0.9711,0.9968,0.9946,0.9898,0.9838,0.9241,0.7418,0.9349,0.9076,0.8437,0.8064,0.8609,0.6894,0.8286,0.9377,0.7855,0.6127,0.9494,0.7175,0.6247,0.6037,0.617,0.8553,0.571,0.6171,0.788,0.5069,0.5566,0.3799,0.5803,0.6729,0.5763,0.5211,0.3141,0.4739,0.264,0.5277,0.3118,0.2104,0.1593,0.3511,
1.0,0.9991,0.9646,0.9637,0.9686,0.9972,0.9952,0.9908,0.9841,0.9194,0.7345,0.9284,0.9049,0.8437,0.8053,0.8491,0.6831,0.8304,0.9408,0.7777,0.607,0.954,0.7164,0.6183,0.6024,0.6161,0.856,0.5748,0.6054,0.779,0.5034,0.5528,0.382,0.5909,0.6597,0.5706,0.5142,0.3221,0.4865,0.2493,0.5147,0.3134,0.1975,0.1566,0.3563,
1.0,0.9987,0.9702,0.9689,0.9681,0.996,0.9936,0.9897,0.9826,0.9229,0.7286,0.9317,0.9053,0.8347,0.7945,0.8562,0.6778,0.8199,0.9404,0.7794,0.6014,0.9508,0.7163,0.6159,0.6027,0.6072,0.8507,0.5671,0.6204,0.7804,0.5069,0.5569,0.3848,0.5927,0.6815,0.581,0.5199,0.3127,0.4813,0.2533,0.5299,0.3165,0.2163,0.1623,0.3556,
1.0,0.9988,0.9666,0.9654,0.9673,0.9978,0.9957,0.9932,0.9867,0.9236,0.734,0.927,0.9102,0.8374,0.8023,0.8518,0.6851,0.8239,0.9416,0.7808,0.6095,0.9544,0.7182,0.6187,0.6,0.611,0.8556,0.5677,0.6196,0.7804,0.5062,0.5489,0.3944,0.5911,0.6707,0.5839,0.5192,0.3216,0.4819,0.2622,0.5236,0.3226,0.2059,0.1674,0.3567,
1.0,0.9985,0.9675,0.966,0.9711,0.9972,0.9942,0.9899,0.9847,0.9223,0.7328,0.9318,0.9068,0.8363,0.7965,0.8553,0.6812,0.8211,0.9363,0.7813,0.6011,0.9496,0.7168,0.6134,0.6025,0.6065,0.8549,0.5577,0.6199,0.7766,0.493,0.5392,0.3807,0.5869,0.6715,0.5796,0.5201,0.3032,0.4776,0.2608,0.5263,0.3049,0.2036,0.1595,0.3492,
1.0,0.999,0.9669,0.9659,0.9694,0.9973,0.9952,0.9898,0.9856,0.9253,0.7368,0.9299,0.9083,0.8359,0.7946,0.856,0.6754,0.8243,0.9407,0.7765,0.6077,0.9537,0.7223,0.6159,0.6006,0.6115,0.8523,0.5586,0.6139,0.7788,0.5031,0.5406,0.3859,0.5856,0.6675,0.5754,0.5184,0.3128,0.4806,0.2498,0.5192,0.3083,0.2027,0.1638,0.3473,
1.0,0.9987,0.9682,0.9669,0.9703,0.9968,0.9945,0.9911,0.9847,0.9283,0.745,0.9319,0.9133,0.8421,0.804,0.861,0.6903,0.8271,0.9404,0.7897,0.6114,0.9507,0.7193,0.6213,0.6016,0.6228,0.8626,0.5719,0.6246,0.7878,0.506,0.5573,0.3902,0.5993,0.676,0.5799,0.5163,0.3166,0.4889,0.2614,0.5303,0.317,0.2045,0.1515,0.3709,
1.0,0.9992,0.9703,0.9695,0.9688,0.9975,0.9954,0.9906,0.9872,0.9166,0.7382,0.9326,0.9003,0.8464,0.8103,0.8497,0.6964,0.8341,0.9438,0.7743,0.6137,0.9518,0.7118,0.6331,0.6068,0.6137,0.8546,0.5735,0.618,0.7727,0.4996,0.5572,0.3873,0.5925,0.6792,0.5818,0.5207,0.3231,0.4738,0.2594,0.5211,0.3059,0.2063,0.1619,0.3552,
1.0,0.9991,0.9687,0.9678,0.9739,0.9969,0.9954,0.9901,0.9852,0.9243,0.7387,0.9355,0.9066,0.8359,0.8001,0.8616,0.6784,0.8233,0.9463,0.7838,0.6118,0.951,0.7225,0.6276,0.6125,0.6236,0.8506,0.5623,0.6284,0.7838,0.5173,0.5517,0.3948,0.5937,0.6873,0.5884,0.5195,0.3208,0.4739,0.2619,0.5239,0.3166,0.2194,0.1695,0.3546,
1.0,0.9987,0.9664,0.9651,0.9737,0.998,0.9956,0.9906,0.9846,0.9226,0.7361,0.9326,0.9064,0.8366,0.7962,0.8564,0.6838,0.8223,0.9393,0.7882,0.6058,0.9529,0.7203,0.6208,0.6002,0.6137,0.8604,0.5702,0.616,0.7868,0.5038,0.5487,0.3898,0.5889,0.675,0.5758,0.5197,0.3192,0.4771,0.2544,0.5259,0.3115,0.2108,0.1648,0.3523,
1.0,0.999,0.9696,0.9686,0.972,0.9979,0.9958,0.9904,0.984,0.9219,0.7373,0.9353,0.9063,0.8393,0.8001,0.8585,0.6824,0.8259,0.9398,0.7799,0.609,0.9553,0.7212,0.625,0.6084,0.6174,0.853,0.5655,0.6207,0.7815,0.4984,0.5509,0.3844,0.592,0.673,0.5795,0.5149,0.313,0.4761,0.2559,0.5193,0.3043,0.2059,0.1573,0.3506,
1.0,0.9994,0.9658,0.9652,0.9706,0.9971,0.9958,0.9912,0.9854,0.9218,0.7322,0.9298,0.9053,0.838,0.8007,0.8523,0.681,0.8257,0.9422,0.78,0.6031,0.9513,0.718,0.6164,0.6002,0.6118,0.853,0.5639,0.6103,0.7809,0.5033,0.5511,0.3807,0.5792,0.6715,0.5735,0.5093,0.3195,0.4662,0.2505,0.5186,0.3047,0.2056,0.1575,0.3424,
1.0,0.9988,0.9683,0.9671,0.9741,0.9965,0.9939,0.9901,0.9845,0.9223,0.736,0.936,0.9055,0.837,0.7983,0.8587,0.6875,0.8238,0.9425,0.7891,0.6097,0.9526,0.7213,0.6235,0.6105,0.6134,0.8606,0.5697,0.6182,0.7789,0.5071,0.5469,0.3894,0.5879,0.6759,0.5853,0.5228,0.3108,0.4857,0.2586,0.5283,0.3145,0.2092,0.1642,0.3587,
1.0,0.9989,0.9685,0.9674,0.9709,0.998,0.9955,0.9899,0.9853,0.9257,0.7341,0.9335,0.9103,0.8339,0.7977,0.8598,0.6794,0.8209,0.9415,0.7849,0.6117,0.9542,0.7325,0.6233,0.6167,0.6108,0.8558,0.5585,0.6263,0.7863,0.5117,0.5411,0.3894,0.584,0.6707,0.5915,0.5172,0.3116,0.4774,0.2549,0.5149,0.3188,0.2104,0.1631,0.3447,
1.0,0.9984,0.9708,0.9692,0.971,0.9966,0.9938,0.9904,0.9846,0.9211,0.736,0.9345,0.9047,0.8411,0.8035,0.8561,0.689,0.8274,0.9379,0.7828,0.6086,0.9545,0.7204,0.6287,0.6094,0.615,0.8525,0.5693,0.6163,0.7794,0.5055,0.5529,0.3871,0.583,0.6721,0.5779,0.5201,0.3196,0.4761,0.2625,0.5237,0.3103,0.2035,0.1628,0.3503,
1.0,0.9994,0.969,0.9684,0.9677,0.9976,0.9962,0.9908,0.9845,0.9221,0.738,0.9309,0.9067,0.8413,0.8009,0.8549,0.6905,0.8283,0.9383,0.7815,0.6087,0.953,0.7218,0.6223,0.6106,0.6126,0.8633,0.5717,0.6233,0.7761,0.501,0.5542,0.3986,0.6,0.6762,0.5823,0.5191,0.3203,0.4838,0.2587,0.5271,0.3171,0.2085,0.1615,0.3644,
1.0,0.9987,0.9657,0.9644,0.9668,0.9971,0.9946,0.9903,0.9845,0.9216,0.7274,0.9255,0.905,0.8367,0.7986,0.8489,0.6807,0.8224,0.9408,0.7795,0.6053,0.9519,0.7178,0.6155,0.598,0.6069,0.8562,0.5672,0.6149,0.7772,0.5087,0.5498,0.3838,0.5882,0.6752,0.5739,0.5248,0.319,0.4861,0.2551,0.5312,0.3073,0.2166,0.16,0.3594,
1.0,0.9988,0.9672,0.966,0.9671,0.9976,0.9952,0.9904,0.9845,0.9194,0.7297,0.9267,0.9024,0.8392,0.7992,0.8458,0.6775,0.8242,0.9393,0.7684,0.6009,0.9532,0.7135,0.6134,0.5968,0.6094,0.8481,0.5599,0.6019,0.7771,0.4936,0.5546,0.3737,0.5805,0.6776,0.5701,0.5105,0.3148,0.4669,0.2415,0.5143,0.2999,0.2029,0.1543,0.3461,
1.0,0.9986,0.9653,0.9639,0.9686,0.9969,0.9945,0.9903,0.9857,0.9188,0.7328,0.929,0.9043,0.8391,0.8046,0.8496,0.6843,0.827,0.941,0.78,0.6094,0.9502,0.7175,0.6179,0.597,0.6076,0.8612,0.5663,0.6057,0.7792,0.4984,0.5414,0.3881,0.5812,0.6649,0.5711,0.5248,0.3144,0.4788,0.2563,0.5226,0.3094,0.2036,0.1604,0.3478,
1.0,0.9987,0.9659,0.9646,0.9716,0.997,0.9951,0.9913,0.9865,0.9247,0.7436,0.9307,0.9088,0.8454,0.807,0.8572,0.6907,0.8335,0.9498,0.784,0.6249,0.9545,0.7241,0.635,0.6014,0.6228,0.8563,0.58,0.624,0.7837,0.5124,0.5643,0.3861,0.5875,0.6831,0.5873,0.5289,0.322,0.4824,0.2654,0.5297,0.3117,0.2127,0.169,0.3596,
1.0,0.9986,0.97,0.9686,0.9679,0.9983,0.9959,0.9906,0.9851,0.9263,0.741,0.9308,0.9112,0.8456,0.8102,0.8582,0.6998,0.8325,0.9414,0.7872,0.62,0.9571,0.7298,0.6319,0.6043,0.6145,0.8618,0.5746,0.6291,0.7916,0.5136,0.5585,0.3893,0.5962,0.6831,0.584,0.5251,0.3212,0.4862,0.2672,0.5275,0.3192,0.2153,0.1664,0.3665,
1.0,0.999,0.9697,0.9687,0.9727,0.9967,0.9946,0.9903,0.9862,0.9209,0.7445,0.9359,0.9047,0.8466,0.8102,0.8589,0.6975,0.836,0.9441,0.7874,0.6224,0.9496,0.7267,0.6388,0.6192,0.6236,0.8602,0.5751,0.625,0.7801,0.4965,0.5517,0.385,0.5857,0.6685,0.5874,0.5245,0.3137,0.4716,0.2697,0.5184,0.3075,0.2039,0.1626,0.36,
1.0,0.9983,0.967,0.9653,0.9674,0.997,0.9943,0.989,0.9827,0.9253,0.7342,0.9282,0.9093,0.8407,0.8009,0.8553,0.6773,0.8263,0.9366,0.7781,0.612,0.9518,0.7261,0.6176,0.6115,0.6118,0.8515,0.5619,0.6194,0.7776,0.4996,0.5481,0.3886,0.5954,0.6676,0.5873,0.5186,0.3163,0.4828,0.2616,0.5157,0.317,0.2045,0.1637,0.3528,
1.0,0.9991,0.9668,0.9659,0.9683,0.9974,0.9958,0.9921,0.9873,0.9247,0.7353,0.9293,0.9105,0.8345,0.7991,0.8546,0.6799,0.8229,0.9407,0.7823,0.6,0.9518,0.7153,0.6136,0.5955,0.6105,0.855,0.5551,0.6121,0.7798,0.5044,0.5443,0.3896,0.589,0.6677,0.5718,0.5125,0.3127,0.4765,0.2569,0.52,0.3142,0.2037,0.1619,0.3531,
1.0,0.9989,0.9698,0.9687,0.9705,0.9975,0.9952,0.9892,0.9832,0.918,0.7296,0.9353,0.9028,0.8387,0.8006,0.8539,0.6844,0.8255,0.9429,0.7797,0.6075,0.9516,0.7178,0.6272,0.6111,0.6144,0.8576,0.5659,0.6266,0.7713,0.4887,0.5567,0.3841,0.5995,0.6818,0.582,0.515,0.3084,0.4824,0.258,0.5345,0.3027,0.2014,0.1616,0.3671,
1.0,0.9987,0.9707,0.9694,0.9686,0.9967,0.9942,0.9902,0.985,0.9221,0.7315,0.9322,0.9049,0.8371,0.7994,0.8562,0.6854,0.8226,0.9384,0.7818,0.6064,0.9502,0.718,0.6191,0.6026,0.6069,0.8559,0.5563,0.6186,0.7781,0.4973,0.5433,0.3837,0.5926,0.6742,0.5765,0.5169,0.3056,0.4746,0.2537,0.5236,0.3027,0.2038,0.1646,0.3542,
1.0,0.9987,0.9722,0.9709,0.9694,0.9979,0.9957,0.991,0.985,0.9226,0.7336,0.9359,0.9089,0.8385,0.8027,0.8586,0.6907,0.8254,0.9397,0.7845,0.6084,0.9542,0.7235,0.6235,0.6097,0.6097,0.8613,0.5661,0.6255,0.79,0.5081,0.5544,0.3903,0.5921,0.676,0.5796,0.5228,0.3185,0.4781,0.2626,0.5299,0.3104,0.2087,0.1598,0.3548,
1.0,0.9989,0.9683,0.9672,0.9671,0.9971,0.9952,0.9904,0.9853,0.9228,0.7398,0.9283,0.9064,0.8457,0.8069,0.8526,0.6927,0.8321,0.9399,0.7811,0.6122,0.9489,0.7158,0.6215,0.595,0.6148,0.8539,0.572,0.6183,0.7777,0.5014,0.5596,0.3776,0.581,0.6725,0.5769,0.5247,0.3201,0.4684,0.265,0.5242,0.3009,0.2081,0.1625,0.3498,
1.0,0.9989,0.9677,0.9666,0.9733,0.9974,0.9948,0.9907,0.9865,0.9314,0.7469,0.9348,0.9162,0.8399,0.8047,0.8675,0.6864,0.8263,0.9408,0.7922,0.6185,0.9506,0.7233,0.6259,0.6001,0.6165,0.8539,0.5613,0.632,0.7896,0.515,0.5493,0.3835,0.586,0.6805,0.5855,0.518,0.3133,0.4732,0.2678,0.5299,0.3133,0.22,0.1639,0.3553,
1.0,0.9988,0.9681,0.9669,0.9694,0.9974,0.9949,0.9882,0.9831,0.9203,0.7384,0.9309,0.9026,0.8466,0.8057,0.8512,0.6931,0.8343,0.9391,0.7822,0.613,0.9489,0.7201,0.6289,0.599,0.6125,0.8609,0.5737,0.6138,0.7762,0.4935,0.5483,0.3934,0.5919,0.6724,0.5715,0.5244,0.3182,0.4885,0.2583,0.5266,0.3097,0.2051,0.1667,0.3633,
1.0,0.9993,0.9675,0.9668,0.9721,0.9974,0.9954,0.9891,0.9843,0.925,0.7355,0.9336,0.9076,0.8362,0.7981,0.8604,0.6806,0.8226,0.9392,0.7857,0.6091,0.9517,0.7281,0.623,0.608,0.6109,0.8564,0.5577,0.6227,0.785,0.5086,0.5417,0.3915,0.5911,0.6749,0.5854,0.5293,0.3142,0.4788,0.2565,0.5227,0.32,0.2098,0.1644,0.361,
1.0,0.9993,0.9662,0.9655,0.9709,0.997,0.9955,0.9924,0.986,0.9195,0.7401,0.9318,0.9054,0.8436,0.8088,0.8522,0.6906,0.8293,0.9402,0.7828,0.6144,0.9518,0.7214,0.6304,0.612,0.6212,0.8595,0.574,0.6215,0.7852,0.5032,0.5591,0.3983,0.5983,0.6733,0.5761,0.5209,0.3217,0.4883,0.2651,0.53,0.3158,0.2055,0.1688,0.3644,
1.0,0.9988,0.9634,0.9622,0.9679,0.9971,0.9948,0.9905,0.985,0.9252,0.7335,0.9255,0.9097,0.8377,0.7998,0.8519,0.6751,0.8247,0.9403,0.7758,0.6039,0.953,0.7195,0.6112,0.5965,0.6122,0.8506,0.5647,0.6149,0.7803,0.5002,0.5492,0.3783,0.5879,0.6719,0.578,0.5099,0.3114,0.4706,0.2504,0.5187,0.3059,0.2072,0.1513,0.3491,
1.0,0.999,0.9696,0.9686,0.9718,0.9979,0.9959,0.9894,0.9834,0.9254,0.7347,0.9342,0.9084,0.8374,0.7968,0.8607,0.6881,0.8245,0.9398,0.7892,0.6037,0.9551,0.7215,0.619,0.6063,0.6148,0.8577,0.5676,0.6141,0.7839,0.5122,0.5523,0.3904,0.5893,0.6711,0.5795,0.5248,0.3165,0.4744,0.252,0.5221,0.3158,0.2056,0.1654,0.3504,
1.0,0.9987,0.9688,0.9675,0.9702,0.9978,0.9957,0.9906,0.9854,0.9232,0.7341,0.9337,0.91,0.8366,0.7962,0.8586,0.6779,0.8246,0.9403,0.7794,0.6109,0.9508,0.7229,0.6253,0.5998,0.6065,0.8556,0.5615,0.6204,0.7787,0.4928,0.5429,0.3832,0.5784,0.6686,0.5764,0.5271,0.3004,0.4699,0.2568,0.5247,0.2999,0.2025,0.1609,0.3363,
1.0,0.9989,0.9695,0.9684,0.9703,0.997,0.9947,0.9898,0.9846,0.9222,0.7377,0.9327,0.9051,0.8393,0.7976,0.8549,0.6861,0.8253,0.9388,0.7791,0.6038,0.9508,0.7111,0.6167,0.5977,0.6105,0.8536,0.5704,0.6125,0.7803,0.5048,0.5584,0.3883,0.5897,0.6807,0.57,0.5167,0.3152,0.4713,0.2494,0.5266,0.31,0.2057,0.1559,0.3428,
1.0,0.999,0.9654,0.9644,0.9705,0.9969,0.9945,0.991,0.9858,0.9216,0.7423,0.9292,0.9052,0.8465,0.8111,0.8527,0.6951,0.8333,0.9442,0.7865,0.615,0.9569,0.7219,0.6286,0.6088,0.6238,0.859,0.5792,0.6145,0.7818,0.5079,0.5576,0.388,0.5909,0.6706,0.585,0.5301,0.3233,0.4805,0.2615,0.5173,0.3159,0.2066,0.1642,0.3605,
1.0,0.9992,0.9663,0.9655,0.9683,0.9972,0.9951,0.99,0.9855,0.9228,0.7411,0.9293,0.9071,0.8463,0.8103,0.8548,0.6956,0.8334,0.9404,0.7877,0.6112,0.9528,0.7214,0.6233,0.6021,0.6163,0.8612,0.5783,0.6168,0.7834,0.5047,0.554,0.3796,0.5858,0.6645,0.5756,0.515,0.3181,0.4868,0.2621,0.5149,0.3129,0.2005,0.1568,0.3602,
1.0,0.999,0.9699,0.9689,0.9691,0.9982,0.9966,0.9908,0.9849,0.9223,0.7396,0.9338,0.9085,0.8439,0.8062,0.8572,0.691,0.83,0.938,0.78,0.616,0.9555,0.7239,0.6307,0.6109,0.6108,0.8564,0.5654,0.6285,0.7792,0.4954,0.5496,0.3859,0.5956,0.6752,0.5889,0.5271,0.3138,0.482,0.2676,0.5279,0.3061,0.2071,0.1651,0.3585,
1.0,0.9986,0.9662,0.9648,0.9699,0.9968,0.9943,0.9893,0.9845,0.9279,0.7399,0.9297,0.9111,0.8408,0.8031,0.8598,0.6773,0.8277,0.9421,0.7814,0.6176,0.952,0.7269,0.6278,0.6038,0.6168,0.8463,0.5627,0.621,0.7815,0.51,0.5554,0.3879,0.587,0.6784,0.5901,0.5144,0.3121,0.4709,0.2577,0.5155,0.3137,0.2074,0.1636,0.3468,
1.0,0.9988,0.9675,0.9663,0.9731,0.9973,0.9953,0.9918,0.9858,0.9245,0.7426,0.9329,0.909,0.8439,0.8062,0.8579,0.6938,0.8301,0.9397,0.7895,0.6164,0.9531,0.723,0.6306,0.6041,0.618,0.8559,0.5704,0.621,0.7864,0.5055,0.5508,0.384,0.5848,0.6728,0.585,0.5218,0.3159,0.4749,0.2668,0.5214,0.3083,0.2096,0.1617,0.3539,
1.0,0.9987,0.968,0.9667,0.9666,0.9969,0.9952,0.9922,0.9851,0.9251,0.7364,0.9284,0.912,0.8409,0.8029,0.8541,0.6883,0.8251,0.9366,0.7829,0.6133,0.9532,0.7265,0.6215,0.6046,0.6106,0.8604,0.5668,0.6234,0.779,0.4984,0.5496,0.3829,0.5845,0.6811,0.5865,0.5233,0.3134,0.4791,0.2627,0.5293,0.3119,0.2073,0.1649,0.3517,
1.0,0.9993,0.9667,0.966,0.9721,0.9965,0.9946,0.9905,0.9847,0.9254,0.7355,0.9337,0.9096,0.836,0.7975,0.8604,0.6763,0.8221,0.9379,0.7862,0.6081,0.9494,0.724,0.6188,0.6098,0.6141,0.8556,0.5592,0.6197,0.7801,0.4997,0.5455,0.3969,0.589,0.6673,0.578,0.5119,0.309,0.4698,0.2594,0.5205,0.3023,0.205,0.1628,0.3489,
1.0,0.9995,0.9685,0.968,0.9686,0.9968,0.9953,0.9903,0.9851,0.9222,0.7351,0.9312,0.9048,0.8429,0.8054,0.8536,0.6882,0.8301,0.9402,0.7832,0.6083,0.9496,0.7164,0.6213,0.6046,0.6161,0.857,0.5729,0.6207,0.7797,0.5023,0.5602,0.3915,0.5949,0.6759,0.572,0.5177,0.3225,0.4805,0.2611,0.5296,0.3074,0.204,0.1601,0.3618,
1.0,0.9985,0.9673,0.9658,0.9694,0.9973,0.995,0.9903,0.9851,0.9174,0.7284,0.9295,0.9016,0.837,0.7994,0.8483,0.6848,0.8232,0.9446,0.7791,0.6013,0.9538,0.7103,0.6158,0.6047,0.6123,0.8578,0.5755,0.6079,0.7792,0.5078,0.5572,0.3877,0.5962,0.6796,0.5752,0.5304,0.3226,0.4842,0.2588,0.5258,0.3097,0.2052,0.1695,0.3619,
1.0,0.9986,0.9668,0.9654,0.9701,0.9979,0.9951,0.9894,0.9856,0.9178,0.7297,0.9302,0.9015,0.8364,0.7993,0.8494,0.6817,0.8229,0.9402,0.7794,0.5985,0.9519,0.7129,0.6176,0.6019,0.6053,0.8546,0.5608,0.608,0.776,0.4994,0.5496,0.3865,0.5873,0.6728,0.5706,0.5252,0.3122,0.4738,0.2541,0.5175,0.3056,0.2084,0.1605,0.3462,
1.0,0.9988,0.9677,0.9665,0.9689,0.9968,0.9948,0.9909,0.9836,0.9291,0.7386,0.9297,0.9127,0.838,0.7978,0.8588,0.6862,0.8233,0.9392,0.7882,0.6051,0.9576,0.7231,0.6132,0.6031,0.6167,0.8613,0.5655,0.6156,0.7856,0.513,0.5493,0.378,0.5911,0.6755,0.5843,0.5254,0.3159,0.4827,0.2557,0.5232,0.3189,0.2126,0.1595,0.3543,
1.0,0.9985,0.9666,0.9651,0.9663,0.998,0.9958,0.9898,0.983,0.9251,0.7354,0.9265,0.9106,0.842,0.8012,0.8534,0.6811,0.8285,0.9409,0.7777,0.6195,0.9535,0.7233,0.6249,0.6004,0.6152,0.8517,0.5647,0.6195,0.7749,0.5074,0.5514,0.3857,0.5802,0.6745,0.5839,0.5194,0.3132,0.4715,0.2591,0.5246,0.3101,0.2086,0.1617,0.344,
1.0,0.9995,0.9689,0.9684,0.9702,0.9966,0.995,0.9906,0.9865,0.9263,0.7379,0.9336,0.9095,0.8386,0.8029,0.8613,0.6854,0.8259,0.9385,0.7855,0.6085,0.9511,0.7257,0.622,0.6054,0.6089,0.8542,0.5616,0.624,0.7867,0.5175,0.5458,0.3892,0.5871,0.6685,0.5822,0.5228,0.3199,0.4765,0.2644,0.5236,0.3152,0.2151,0.1598,0.3564,
1.0,0.9986,0.9678,0.9664,0.9688,0.9973,0.9947,0.9895,0.9838,0.9212,0.7346,0.9296,0.9051,0.8414,0.8026,0.8522,0.6878,0.8278,0.9423,0.7819,0.6149,0.9542,0.7212,0.6287,0.6099,0.6157,0.8562,0.5714,0.6241,0.7793,0.4992,0.5571,0.3857,0.5951,0.6832,0.587,0.5235,0.3149,0.4824,0.2653,0.5236,0.3055,0.2094,0.1664,0.3604,
1.0,0.999,0.9676,0.9666,0.969,0.9982,0.9964,0.9923,0.9876,0.9253,0.7372,0.9313,0.9127,0.8372,0.8032,0.8582,0.6841,0.826,0.9394,0.7836,0.6134,0.9555,0.727,0.6218,0.607,0.612,0.8581,0.56,0.6208,0.7858,0.5027,0.5472,0.3874,0.58,0.6638,0.5872,0.5194,0.316,0.4683,0.2669,0.5145,0.3054,0.2041,0.1617,0.3469,
1.0,0.9988,0.966,0.9648,0.9704,0.9977,0.9949,0.9878,0.9831,0.9205,0.7333,0.9303,0.9026,0.838,0.7998,0.8523,0.6843,0.8242,0.9437,0.7836,0.6134,0.949,0.717,0.6252,0.5956,0.6109,0.8558,0.561,0.6143,0.7731,0.5054,0.5415,0.3826,0.58,0.6683,0.5781,0.5207,0.3138,0.4693,0.2594,0.5225,0.3062,0.2007,0.155,0.3523,
1.0,0.9989,0.9671,0.966,0.9694,0.9972,0.9957,0.9913,0.985,0.9261,0.7418,0.9302,0.9109,0.844,0.8058,0.8572,0.6875,0.8299,0.9392,0.7834,0.6173,0.9523,0.7249,0.6281,0.5989,0.6134,0.8556,0.5653,0.6175,0.784,0.508,0.5582,0.3853,0.585,0.6843,0.5825,0.5177,0.3173,0.4745,0.2609,0.5386,0.3073,0.2116,0.1641,0.3513,
1.0,0.9987,0.9706,0.9693,0.9729,0.9984,0.9951,0.9893,0.9848,0.9242,0.7366,0.9357,0.9073,0.834,0.7947,0.8607,0.6819,0.8209,0.941,0.7856,0.6113,0.9524,0.7242,0.6261,0.6145,0.6149,0.8562,0.5637,0.623,0.7862,0.5046,0.5452,0.3946,0.5875,0.6707,0.5821,0.5223,0.3137,0.4747,0.2555,0.5213,0.3119,0.2057,0.164,0.3438,
1.0,0.9989,0.9657,0.9646,0.9728,0.9968,0.9942,0.9898,0.9844,0.9184,0.7341,0.9325,0.9019,0.839,0.8017,0.852,0.6824,0.8257,0.9423,0.781,0.6085,0.954,0.7193,0.6245,0.6025,0.6142,0.8563,0.5694,0.6119,0.7816,0.509,0.5526,0.3872,0.5898,0.6716,0.5783,0.5243,0.3161,0.4831,0.2575,0.5261,0.314,0.2123,0.1693,0.357,
1.0,0.9992,0.9676,0.9668,0.9717,0.9969,0.9951,0.9909,0.9862,0.9215,0.7404,0.9337,0.9059,0.8407,0.8049,0.857,0.687,0.8286,0.9418,0.7854,0.6129,0.9516,0.7193,0.6242,0.6057,0.6157,0.8584,0.5746,0.6193,0.7844,0.5039,0.5568,0.3889,0.5889,0.6755,0.58,0.5202,0.3178,0.4814,0.265,0.5291,0.3112,0.2097,0.1631,0.3602,
1.0,0.9988,0.9684,0.9672,0.9744,0.9976,0.9956,0.9906,0.9843,0.9201,0.7389,0.9376,0.9059,0.8414,0.8019,0.8587,0.6819,0.8277,0.9434,0.7798,0.6113,0.9531,0.7212,0.6305,0.6055,0.6149,0.8523,0.567,0.6144,0.7815,0.5053,0.5529,0.3913,0.5878,0.6822,0.5809,0.5229,0.3197,0.4768,0.2575,0.5224,0.3137,0.2071,0.1675,0.3518,
1.0,0.999,0.9676,0.9666,0.9681,0.9965,0.9945,0.9903,0.9847,0.9242,0.7346,0.9295,0.9081,0.8395,0.7994,0.8554,0.6824,0.8267,0.9421,0.7801,0.6141,0.9516,0.7193,0.6251,0.6002,0.612,0.857,0.5665,0.6203,0.776,0.4894,0.5487,0.3744,0.5867,0.6707,0.5808,0.5195,0.3059,0.4747,0.2528,0.531,0.2995,0.1992,0.1574,0.3518,
1.0,0.9987,0.9668,0.9655,0.9689,0.9974,0.9957,0.9918,0.9861,0.9234,0.7336,0.9287,0.9084,0.8371,0.8022,0.854,0.6892,0.8252,0.94,0.7864,0.6074,0.9552,0.7214,0.6182,0.6028,0.613,0.861,0.5687,0.6184,0.7852,0.503,0.548,0.3865,0.5919,0.6756,0.5795,0.5222,0.315,0.4785,0.2657,0.5265,0.3105,0.2073,0.1628,0.3556,
1.0,0.9995,0.9685,0.968,0.9703,0.9969,0.9956,0.9924,0.987,0.921,0.7368,0.9331,0.906,0.8408,0.8039,0.855,0.6862,0.8271,0.9423,0.7784,0.6091,0.953,0.7187,0.6256,0.5994,0.6071,0.8559,0.5672,0.6185,0.7837,0.5115,0.5552,0.3887,0.5923,0.6841,0.5837,0.5155,0.3206,0.4792,0.2573,0.5315,0.315,0.2118,0.1639,0.3576,
1.0,0.9987,0.9662,0.9649,0.9695,0.9972,0.9953,0.9904,0.9854,0.9184,0.7356,0.9293,0.9027,0.8427,0.8061,0.8492,0.691,0.8307,0.9438,0.7807,0.6155,0.9508,0.7211,0.6285,0.6103,0.6176,0.8598,0.5786,0.6182,0.7774,0.4989,0.5569,0.3931,0.5864,0.6734,0.5797,0.5174,0.3192,0.4782,0.2619,0.5217,0.3044,0.2013,0.164,0.3596,
1.0,0.999,0.9705,0.9695,0.9689,0.9977,0.9958,0.9912,0.9865,0.9218,0.7341,0.933,0.907,0.8386,0.8021,0.8568,0.687,0.8253,0.9419,0.7788,0.6138,0.9526,0.7267,0.6292,0.6133,0.6073,0.8574,0.5647,0.632,0.7822,0.5041,0.5528,0.3924,0.597,0.6846,0.5889,0.527,0.3223,0.478,0.2701,0.5292,0.3116,0.2117,0.1711,0.3601,
1.0,0.9988,0.9688,0.9676,0.9718,0.9979,0.9957,0.9909,0.9848,0.9251,0.748,0.934,0.9103,0.8482,0.8109,0.861,0.6992,0.8338,0.9359,0.7895,0.6105,0.9525,0.7179,0.6253,0.608,0.621,0.8609,0.5739,0.6244,0.7841,0.5041,0.5564,0.3916,0.5955,0.6693,0.5817,0.5162,0.3157,0.4865,0.267,0.5271,0.3184,0.2137,0.1616,0.3679,
1.0,0.9986,0.9674,0.966,0.9694,0.9971,0.9943,0.9897,0.9851,0.9241,0.7348,0.9302,0.9075,0.8385,0.8002,0.8566,0.6835,0.8256,0.9379,0.7834,0.6048,0.9535,0.7212,0.6161,0.6068,0.6105,0.8564,0.5594,0.6185,0.7775,0.5001,0.5417,0.3848,0.5877,0.6725,0.5814,0.5166,0.3085,0.485,0.2595,0.5251,0.3062,0.209,0.1574,0.3541,
1.0,0.9994,0.967,0.9664,0.9692,0.9966,0.9949,0.9901,0.9851,0.9231,0.732,0.9312,0.9068,0.8352,0.7983,0.8556,0.6855,0.8211,0.9405,0.7873,0.6072,0.9509,0.7231,0.6203,0.6059,0.6071,0.8589,0.5643,0.6251,0.7814,0.4977,0.5443,0.3807,0.5874,0.6734,0.589,0.5216,0.3064,0.4813,0.264,0.5288,0.3003,0.1998,0.1653,0.3555,
1.0,0.9992,0.968,0.9672,0.9698,0.9973,0.9959,0.9904,0.985,0.9231,0.7318,0.9323,0.9076,0.8352,0.7959,0.8561,0.6806,0.8222,0.9387,0.7825,0.6051,0.9499,0.7221,0.6157,0.6039,0.6025,0.8614,0.5595,0.6169,0.7802,0.4969,0.5409,0.3874,0.585,0.6807,0.5784,0.5184,0.3182,0.4721,0.2565,0.5235,0.31,0.2126,0.1563,0.3477,
1.0,0.9988,0.9666,0.9654,0.9694,0.9964,0.9939,0.9904,0.9849,0.9258,0.7387,0.9285,0.9081,0.8395,0.8015,0.8551,0.6829,0.8248,0.941,0.7827,0.6119,0.9505,0.7192,0.6226,0.5979,0.6188,0.8495,0.5685,0.6121,0.7829,0.5091,0.5489,0.3846,0.5771,0.6733,0.5819,0.5166,0.3134,0.4718,0.2555,0.5211,0.3129,0.2102,0.1619,0.3459,
1.0,0.9994,0.9675,0.9669,0.9712,0.9973,0.9955,0.9902,0.9844,0.9211,0.7338,0.9334,0.9049,0.8379,0.8002,0.8561,0.6818,0.824,0.9417,0.7815,0.611,0.9526,0.7169,0.6255,0.6057,0.6145,0.8561,0.5661,0.6145,0.7787,0.509,0.5511,0.3871,0.589,0.6762,0.5821,0.5153,0.3169,0.4795,0.2495,0.5188,0.3139,0.2149,0.1651,0.3537,
1.0,0.9986,0.9703,0.9689,0.9712,0.9976,0.995,0.9898,0.9837,0.9234,0.7332,0.9344,0.9072,0.8371,0.7975,0.8595,0.6856,0.8217,0.938,0.7849,0.6076,0.9525,0.7258,0.6253,0.6109,0.6081,0.8588,0.56,0.623,0.7821,0.4938,0.5482,0.3926,0.594,0.6787,0.5829,0.5131,0.3115,0.4854,0.2553,0.5313,0.3074,0.2038,0.1641,0.3631,
1.0,0.9987,0.966,0.9647,0.9715,0.997,0.9946,0.9912,0.9863,0.9228,0.7338,0.9311,0.9075,0.8328,0.7959,0.8558,0.6768,0.8189,0.9385,0.7829,0.6055,0.9514,0.7209,0.6138,0.6007,0.6095,0.8603,0.5612,0.6146,0.7844,0.5016,0.5407,0.3894,0.5831,0.6676,0.579,0.5219,0.3095,0.4774,0.2583,0.5216,0.3095,0.1982,0.164,0.3456,
1.0,0.9989,0.9695,0.9684,0.9703,0.9973,0.9953,0.9911,0.9843,0.9223,0.735,0.9338,0.9075,0.8392,0.8022,0.8567,0.6839,0.8243,0.9397,0.7833,0.6129,0.9517,0.7228,0.627,0.6106,0.6147,0.858,0.5654,0.6258,0.7842,0.507,0.5547,0.3964,0.6008,0.6779,0.5819,0.5128,0.318,0.4822,0.2578,0.5245,0.3187,0.2126,0.1599,0.3553,
1.0,0.9988,0.9661,0.9649,0.9707,0.9969,0.9945,0.9903,0.9855,0.9238,0.7326,0.93,0.9073,0.8336,0.7968,0.8549,0.6743,0.8206,0.9419,0.7796,0.6125,0.9518,0.7278,0.6246,0.6098,0.6084,0.8523,0.5561,0.6214,0.7809,0.5055,0.5451,0.3939,0.5901,0.6749,0.59,0.5255,0.312,0.4793,0.2618,0.5239,0.3148,0.2046,0.1689,0.3561,
1.0,0.9985,0.9666,0.9651,0.973,0.9969,0.9946,0.9902,0.984,0.9233,0.7377,0.933,0.9069,0.8403,0.804,0.8578,0.6832,0.8271,0.943,0.7858,0.6164,0.9511,0.7203,0.6282,0.5979,0.6189,0.8527,0.5674,0.6198,0.7855,0.5135,0.5546,0.3833,0.584,0.6754,0.579,0.5218,0.3132,0.4664,0.2654,0.517,0.3127,0.2106,0.157,0.3477,
1.0,0.999,0.9676,0.9666,0.9695,0.997,0.9954,0.9918,0.986,0.9168,0.729,0.9309,0.902,0.8366,0.8005,0.8489,0.6764,0.8225,0.94,0.7696,0.601,0.9515,0.7145,0.6192,0.6011,0.6068,0.8497,0.5633,0.6123,0.7767,0.5035,0.5508,0.3909,0.5866,0.6731,0.5713,0.511,0.3172,0.4677,0.2467,0.5191,0.3049,0.2051,0.1603,0.3447,
1.0,0.9988,0.9684,0.9672,0.9692,0.9963,0.9938,0.9914,0.9869,0.9268,0.7344,0.9299,0.9103,0.8321,0.7959,0.8572,0.6754,0.8192,0.938,0.7804,0.6063,0.9543,0.7298,0.6168,0.6143,0.6073,0.8485,0.5539,0.6283,0.7875,0.5105,0.5462,0.3888,0.5946,0.677,0.5899,0.5157,0.3161,0.4789,0.2653,0.5197,0.3174,0.2116,0.1671,0.349,
1.0,0.9989,0.9642,0.9631,0.9682,0.9979,0.9956,0.9913,0.9856,0.9225,0.7314,0.9245,0.9069,0.8358,0.7956,0.8481,0.6785,0.8225,0.9421,0.778,0.6046,0.9501,0.7111,0.6132,0.5971,0.6095,0.8569,0.5694,0.6099,0.7806,0.5034,0.5485,0.3861,0.5889,0.673,0.5743,0.522,0.3167,0.4769,0.2545,0.5204,0.312,0.207,0.1523,0.3502,
1.0,0.9987,0.9669,0.9656,0.9687,0.9978,0.9954,0.9914,0.9865,0.9242,0.7346,0.9295,0.9099,0.8364,0.8005,0.856,0.6836,0.8227,0.943,0.7837,0.6083,0.9531,0.7186,0.619,0.6001,0.6126,0.8586,0.5655,0.6228,0.7808,0.4992,0.5532,0.3848,0.5958,0.6791,0.5812,0.5191,0.3156,0.4738,0.2611,0.5263,0.3049,0.2033,0.1637,0.3548,
1.0,0.9991,0.9688,0.9679,0.9664,0.9974,0.9957,0.9899,0.9837,0.9199,0.7336,0.9293,0.9036,0.8419,0.8018,0.8505,0.69,0.8263,0.9373,0.7804,0.6099,0.9531,0.7209,0.6197,0.6068,0.6115,0.8586,0.5753,0.6211,0.7759,0.5004,0.556,0.3881,0.5894,0.6809,0.5841,0.5167,0.3149,0.4793,0.2577,0.5315,0.3078,0.2096,0.1604,0.3605,
1.0,0.9989,0.967,0.9659,0.9707,0.9965,0.9951,0.9902,0.9849,0.9217,0.7349,0.9314,0.9051,0.8387,0.8037,0.8544,0.6868,0.8262,0.9433,0.7867,0.6103,0.9515,0.7188,0.6233,0.6117,0.6184,0.8597,0.5714,0.6125,0.7808,0.5051,0.5499,0.3869,0.5864,0.6762,0.5813,0.5283,0.3199,0.4809,0.2624,0.5293,0.3092,0.2072,0.1691,0.3536,
1.0,0.9989,0.9706,0.9695,0.9684,0.9971,0.9948,0.9893,0.9842,0.9263,0.7361,0.9327,0.9094,0.8387,0.8015,0.8603,0.6873,0.8253,0.9408,0.7866,0.6086,0.9529,0.7243,0.6195,0.6048,0.6153,0.8575,0.5697,0.622,0.7825,0.5031,0.5533,0.3863,0.5917,0.6768,0.5836,0.5183,0.3101,0.4793,0.2583,0.5286,0.3101,0.2151,0.1586,0.356,
1.0,0.9989,0.9691,0.968,0.9719,0.9971,0.9948,0.99,0.9864,0.9228,0.7364,0.935,0.9064,0.8385,0.8017,0.8586,0.6878,0.8271,0.9401,0.7851,0.6118,0.9525,0.7257,0.6287,0.6126,0.611,0.8569,0.5695,0.6262,0.7848,0.5062,0.5527,0.3867,0.5903,0.6724,0.5811,0.5205,0.3136,0.4817,0.2623,0.5281,0.3094,0.2136,0.1633,0.3507,
1.0,0.9982,0.9683,0.9665,0.9684,0.997,0.9946,0.9909,0.986,0.923,0.7377,0.9299,0.9078,0.8416,0.8053,0.8549,0.691,0.8297,0.9386,0.7858,0.6166,0.9565,0.7306,0.6263,0.6183,0.6152,0.8591,0.5739,0.6313,0.7813,0.5107,0.5529,0.3978,0.6001,0.6805,0.5923,0.53,0.3223,0.4865,0.2699,0.529,0.3245,0.2134,0.168,0.366,
1.0,0.9991,0.969,0.9681,0.971,0.9968,0.9953,0.9929,0.9873,0.9228,0.7388,0.9329,0.907,0.8383,0.8019,0.8563,0.6872,0.8257,0.9416,0.7842,0.6122,0.9521,0.7235,0.6274,0.6149,0.621,0.8579,0.5723,0.6234,0.7861,0.5066,0.56,0.3959,0.5927,0.6774,0.5873,0.5153,0.3204,0.4739,0.258,0.5217,0.3095,0.2088,0.1665,0.3488,
1.0,0.9992,0.9651,0.9643,0.9696,0.9974,0.9958,0.9919,0.9881,0.9246,0.7402,0.9285,0.9092,0.8399,0.805,0.8552,0.6841,0.8298,0.942,0.7808,0.6089,0.9573,0.7256,0.6183,0.6056,0.6126,0.8547,0.5607,0.6223,0.7805,0.5043,0.5473,0.384,0.5957,0.679,0.587,0.5214,0.3139,0.4788,0.2627,0.526,0.3139,0.2088,0.1613,0.3613,
1.0,0.9992,0.9682,0.9674,0.967,0.9966,0.9953,0.9908,0.9855,0.9251,0.7334,0.9297,0.9084,0.8368,0.7967,0.8561,0.6778,0.8255,0.9448,0.7779,0.6118,0.9536,0.7241,0.6203,0.6023,0.6074,0.8542,0.5641,0.6226,0.7777,0.5091,0.5544,0.3847,0.5883,0.6737,0.5834,0.5251,0.3205,0.4725,0.257,0.5203,0.3091,0.2066,0.1618,0.346,
1.0,0.9988,0.9661,0.9649,0.9698,0.9974,0.9952,0.9916,0.9872,0.9236,0.7325,0.9295,0.9088,0.8313,0.7962,0.8547,0.684,0.8181,0.9401,0.7868,0.6058,0.9551,0.7283,0.6147,0.6122,0.6103,0.8649,0.5637,0.6215,0.786,0.513,0.5447,0.3946,0.5941,0.6759,0.5866,0.5284,0.3164,0.4788,0.2654,0.5224,0.3219,0.204,0.1736,0.3568,
1.0,0.9986,0.97,0.9686,0.9683,0.9968,0.9945,0.9907,0.9853,0.9226,0.7301,0.9309,0.9066,0.8364,0.7995,0.8547,0.6779,0.824,0.9418,0.7779,0.6077,0.9542,0.72,0.6222,0.6071,0.608,0.8504,0.5667,0.6181,0.7868,0.5036,0.5523,0.3859,0.585,0.6743,0.5784,0.5138,0.3135,0.472,0.2567,0.5196,0.3132,0.2025,0.1579,0.3452,
1.0,0.9986,0.9671,0.9657,0.9675,0.9975,0.9947,0.9907,0.9856,0.9288,0.7438,0.9278,0.9133,0.8427,0.8054,0.8573,0.6828,0.8298,0.9409,0.7814,0.6182,0.954,0.725,0.6227,0.5946,0.6169,0.8523,0.5622,0.6214,0.7886,0.5125,0.5531,0.3799,0.5815,0.6751,0.5802,0.5142,0.3167,0.4743,0.2616,0.5245,0.3129,0.213,0.1589,0.3514,
1.0,0.999,0.9655,0.9645,0.9705,0.9974,0.9957,0.9922,0.9867,0.9267,0.7364,0.9305,0.9134,0.834,0.7986,0.8584,0.6731,0.8199,0.9383,0.7797,0.614,0.9523,0.7344,0.6235,0.6111,0.6073,0.8511,0.5504,0.6319,0.7849,0.5026,0.5403,0.3891,0.5879,0.6699,0.5906,0.5108,0.3103,0.4743,0.2648,0.5153,0.3057,0.1975,0.1694,0.3518,
1.0,0.9989,0.9698,0.9687,0.9718,0.9974,0.9954,0.9919,0.987,0.9274,0.7412,0.9363,0.9141,0.8373,0.8009,0.8636,0.688,0.8249,0.9432,0.7899,0.6117,0.9542,0.7283,0.6224,0.615,0.6235,0.8612,0.5741,0.6244,0.7912,0.5135,0.5608,0.3943,0.5893,0.6766,0.586,0.5307,0.3206,0.4796,0.2687,0.5251,0.3149,0.2156,0.1698,0.3547,
1.0,0.9996,0.9677,0.9673,0.9664,0.9971,0.996,0.9918,0.9874,0.9235,0.7418,0.9274,0.9069,0.8439,0.8071,0.8524,0.6868,0.8327,0.9397,0.7735,0.6153,0.9532,0.723,0.6251,0.6091,0.6153,0.8505,0.5646,0.6216,0.7778,0.4999,0.5546,0.3885,0.5878,0.6756,0.5813,0.5127,0.32,0.4732,0.2666,0.5144,0.3014,0.2059,0.1634,0.3543,
1.0,0.9994,0.9669,0.9663,0.9704,0.9968,0.9952,0.9894,0.9838,0.9281,0.7387,0.9303,0.9095,0.8389,0.7987,0.8587,0.6787,0.8257,0.9382,0.7819,0.6146,0.9515,0.7308,0.624,0.6142,0.6179,0.8533,0.5609,0.6309,0.7874,0.5051,0.5486,0.3898,0.5966,0.6769,0.5899,0.5155,0.3102,0.4798,0.264,0.5237,0.3195,0.2123,0.1627,0.361,
1.0,0.9988,0.9661,0.9649,0.9708,0.9971,0.9948,0.9903,0.9836,0.9262,0.7405,0.9292,0.9093,0.8415,0.8006,0.8573,0.6825,0.8277,0.9388,0.7821,0.6192,0.953,0.7336,0.6328,0.6162,0.6212,0.8532,0.566,0.628,0.7833,0.5015,0.5531,0.3987,0.5949,0.6754,0.5896,0.5172,0.3126,0.4833,0.2681,0.5236,0.3189,0.2113,0.1714,0.3599,
1.0,0.9989,0.9699,0.9688,0.9719,0.9981,0.9954,0.9913,0.987,0.9264,0.7504,0.9349,0.9117,0.8492,0.8137,0.8623,0.6947,0.8362,0.9397,0.7843,0.6205,0.9538,0.724,0.6337,0.607,0.6255,0.8567,0.5783,0.6275,0.7932,0.5065,0.5677,0.3869,0.5937,0.6803,0.5836,0.524,0.3227,0.4777,0.2713,0.5332,0.3122,0.2158,0.1683,0.361,
1.0,0.999,0.9671,0.9661,0.9713,0.9978,0.996,0.9919,0.9854,0.9237,0.7361,0.9318,0.9094,0.8374,0.8011,0.8571,0.689,0.8232,0.9437,0.7896,0.6102,0.9524,0.7197,0.6249,0.6058,0.6217,0.8601,0.5722,0.615,0.7867,0.5114,0.5579,0.3888,0.5862,0.677,0.5782,0.5156,0.3208,0.473,0.2533,0.5261,0.312,0.2103,0.1595,0.3541,
1.0,0.9981,0.968,0.9661,0.9735,0.9979,0.9953,0.9899,0.9855,0.9214,0.7401,0.9338,0.9056,0.8411,0.8041,0.8564,0.6902,0.8303,0.9438,0.7827,0.6071,0.9569,0.7153,0.6259,0.6043,0.6157,0.8564,0.5699,0.617,0.7832,0.5061,0.5532,0.3898,0.5973,0.684,0.5784,0.5229,0.3146,0.483,0.2575,0.5212,0.3169,0.2057,0.1621,0.3597,
1.0,0.9995,0.9667,0.9662,0.9706,0.9965,0.9949,0.9901,0.9852,0.9257,0.7403,0.9322,0.9095,0.8397,0.8043,0.8594,0.6872,0.8275,0.9416,0.7875,0.6134,0.9535,0.7268,0.6225,0.6043,0.6144,0.8553,0.5672,0.6247,0.7857,0.5132,0.5463,0.383,0.5907,0.6726,0.5852,0.5226,0.3128,0.4815,0.2651,0.5212,0.3136,0.2113,0.161,0.3585,
1.0,0.9988,0.9678,0.9666,0.9652,0.9972,0.9942,0.9892,0.9849,0.9248,0.7372,0.9266,0.9071,0.8431,0.803,0.8522,0.6815,0.8289,0.9374,0.7741,0.6111,0.9506,0.725,0.6201,0.6038,0.6122,0.8541,0.5654,0.6218,0.7775,0.4945,0.5541,0.3836,0.5907,0.6748,0.5794,0.5162,0.3176,0.4813,0.263,0.5256,0.3083,0.2087,0.1615,0.3523,
1.0,0.9988,0.9723,0.9711,0.9694,0.9963,0.9944,0.9918,0.9859,0.9239,0.735,0.9344,0.9078,0.8361,0.7956,0.8597,0.6782,0.8235,0.9361,0.7751,0.6061,0.9559,0.7245,0.6205,0.62,0.6063,0.8529,0.5589,0.6266,0.7793,0.4999,0.5463,0.3964,0.5946,0.6724,0.5833,0.5198,0.3197,0.4798,0.2595,0.5198,0.3104,0.2038,0.1622,0.3458,
1.0,0.9989,0.9662,0.9651,0.9698,0.9968,0.9947,0.9896,0.9838,0.923,0.7374,0.9295,0.9053,0.8414,0.8032,0.8545,0.6823,0.8277,0.941,0.7802,0.611,0.9516,0.7207,0.6233,0.6046,0.6202,0.8536,0.573,0.6128,0.7796,0.5022,0.556,0.3898,0.5887,0.6821,0.5809,0.523,0.3194,0.4714,0.2563,0.5238,0.3165,0.2136,0.1623,0.3573,
1.0,0.999,0.9688,0.9678,0.9724,0.9974,0.995,0.9909,0.9865,0.9193,0.7371,0.935,0.9044,0.8386,0.8039,0.8558,0.6932,0.826,0.9432,0.7881,0.6079,0.9558,0.7212,0.6233,0.6134,0.6163,0.8657,0.5702,0.6167,0.7823,0.5159,0.5512,0.3984,0.5982,0.6821,0.5849,0.5318,0.315,0.4849,0.2601,0.5301,0.318,0.2156,0.164,0.3552,
1.0,0.9991,0.9663,0.9654,0.9667,0.9973,0.9952,0.989,0.9844,0.9214,0.737,0.9273,0.9042,0.8458,0.8068,0.8497,0.688,0.8333,0.9422,0.7751,0.6112,0.9498,0.7163,0.6224,0.598,0.6195,0.8519,0.5677,0.614,0.7681,0.4959,0.5557,0.3806,0.5842,0.6767,0.5741,0.5196,0.3122,0.4686,0.2543,0.5232,0.3013,0.2061,0.1597,0.3563,
1.0,0.9988,0.9647,0.9635,0.9681,0.9976,0.9951,0.9905,0.9869,0.9203,0.7307,0.9265,0.905,0.8374,0.8014,0.8497,0.6834,0.8248,0.9406,0.7805,0.6096,0.9539,0.7244,0.6205,0.6018,0.6016,0.8604,0.5631,0.6222,0.779,0.4939,0.5489,0.3762,0.59,0.686,0.5878,0.5255,0.3113,0.4841,0.2626,0.5258,0.3068,0.203,0.1639,0.3547,
1.0,0.9987,0.9667,0.9654,0.9713,0.9977,0.9953,0.9905,0.9846,0.9205,0.7326,0.932,0.9052,0.838,0.8,0.8532,0.6751,0.8255,0.9398,0.7745,0.6073,0.9545,0.7212,0.6205,0.6075,0.6102,0.8508,0.5586,0.6134,0.7828,0.5029,0.5477,0.396,0.5986,0.6755,0.5799,0.5133,0.3143,0.4796,0.2494,0.5177,0.3196,0.2036,0.1612,0.357,
1.0,0.9988,0.9707,0.9695,0.9697,0.9969,0.9946,0.9897,0.984,0.9233,0.7335,0.9342,0.9065,0.8383,0.799,0.8585,0.6851,0.825,0.9419,0.7848,0.6102,0.95,0.7169,0.6243,0.606,0.6149,0.8547,0.5675,0.6255,0.7774,0.5033,0.5529,0.3877,0.5921,0.6755,0.5802,0.5239,0.3151,0.4805,0.2565,0.5368,0.3082,0.2087,0.1667,0.3571,
1.0,0.999,0.9719,0.9709,0.9717,0.9971,0.995,0.9927,0.988,0.9262,0.7472,0.9374,0.9122,0.8431,0.809,0.8648,0.6949,0.8291,0.9402,0.7865,0.6176,0.9531,0.7265,0.631,0.6148,0.6217,0.8603,0.5721,0.6264,0.7932,0.5156,0.559,0.4013,0.5918,0.6755,0.5861,0.5213,0.3295,0.4858,0.2667,0.5318,0.3231,0.2163,0.1683,0.3565,
1.0,0.999,0.9681,0.9671,0.9703,0.9975,0.9952,0.9896,0.9849,0.9229,0.7338,0.9331,0.9079,0.8384,0.7997,0.8576,0.6825,0.8261,0.9414,0.7813,0.6084,0.9565,0.7187,0.6225,0.5993,0.6078,0.8554,0.5597,0.6164,0.7768,0.5019,0.5486,0.3783,0.586,0.6785,0.5768,0.5213,0.3104,0.4745,0.2554,0.5253,0.3029,0.2144,0.1617,0.3488,
1.0,0.9987,0.9681,0.9668,0.9716,0.9977,0.9956,0.9894,0.9833,0.9234,0.7319,0.9327,0.9067,0.8345,0.7952,0.8576,0.6785,0.8207,0.942,0.7843,0.6088,0.9512,0.7188,0.6223,0.6127,0.6181,0.8542,0.5718,0.6261,0.7858,0.5034,0.5639,0.3896,0.5995,0.6826,0.5842,0.5177,0.3089,0.4844,0.2605,0.5366,0.3094,0.2139,0.1666,0.358,
1.0,0.9991,0.9683,0.9674,0.971,0.9972,0.9956,0.9906,0.9858,0.9229,0.7306,0.9329,0.9064,0.8348,0.7968,0.8567,0.6848,0.8234,0.9466,0.7862,0.6113,0.9519,0.7242,0.6274,0.603,0.6089,0.8575,0.5663,0.621,0.7759,0.5072,0.5516,0.3955,0.5903,0.6824,0.5892,0.5286,0.3164,0.4789,0.2579,0.5277,0.3071,0.2213,0.1699,0.3492,
1.0,0.9987,0.9707,0.9694,0.9685,0.9978,0.9956,0.99,0.9839,0.9203,0.7327,0.9312,0.9031,0.8402,0.7988,0.853,0.6751,0.826,0.9395,0.7661,0.6145,0.9526,0.7241,0.6308,0.6159,0.6095,0.8447,0.5569,0.6272,0.7775,0.503,0.5534,0.3925,0.5965,0.6772,0.5855,0.5207,0.3159,0.4736,0.2653,0.5244,0.3111,0.2107,0.169,0.3494,
1.0,0.9994,0.9682,0.9676,0.9718,0.9976,0.9963,0.9919,0.9854,0.9207,0.7352,0.9343,0.906,0.8378,0.8019,0.8563,0.687,0.8247,0.9396,0.7845,0.6051,0.955,0.7166,0.6196,0.6023,0.6106,0.8601,0.5631,0.6156,0.782,0.5097,0.5456,0.3963,0.5973,0.6831,0.5811,0.527,0.3205,0.4859,0.2595,0.5352,0.3234,0.2215,0.166,0.3617,
1.0,0.9986,0.9682,0.9668,0.9692,0.998,0.9959,0.99,0.9842,0.925,0.7324,0.9311,0.9099,0.8353,0.7971,0.8574,0.6861,0.8215,0.9385,0.7888,0.6077,0.953,0.7238,0.6164,0.6035,0.6118,0.8614,0.5638,0.6218,0.7846,0.5032,0.5521,0.3805,0.5882,0.6802,0.584,0.5295,0.3147,0.4662,0.2607,0.5327,0.3079,0.2131,0.1622,0.3503,
1.0,0.9989,0.9682,0.9671,0.9711,0.9964,0.9947,0.9893,0.9834,0.923,0.7353,0.9313,0.9036,0.839,0.799,0.8549,0.6775,0.8255,0.9407,0.7797,0.6072,0.9511,0.7184,0.6237,0.6064,0.6109,0.8444,0.5568,0.6195,0.7808,0.5064,0.5457,0.3828,0.5869,0.6692,0.5817,0.5183,0.3123,0.4703,0.2546,0.5137,0.3099,0.2027,0.1666,0.3503,
1.0,0.9992,0.9688,0.968,0.971,0.997,0.9954,0.9912,0.9856,0.9247,0.738,0.9335,0.909,0.8376,0.7993,0.8586,0.6808,0.8249,0.9417,0.7811,0.6077,0.9535,0.7196,0.6192,0.6022,0.6128,0.8562,0.5601,0.6182,0.7826,0.5121,0.5427,0.3952,0.5952,0.6795,0.5822,0.5177,0.3171,0.4837,0.2573,0.5302,0.3231,0.2149,0.1605,0.3585,
1.0,0.9988,0.9655,0.9643,0.9695,0.9979,0.996,0.9915,0.9842,0.9226,0.7306,0.9279,0.908,0.8337,0.7944,0.8518,0.6754,0.8195,0.9402,0.7773,0.6083,0.9504,0.718,0.6179,0.6066,0.6114,0.8547,0.5617,0.6163,0.7847,0.4949,0.5487,0.3819,0.5809,0.6712,0.578,0.5179,0.3169,0.4708,0.2552,0.5204,0.2985,0.2045,0.1569,0.3403,
1.0,0.9986,0.9657,0.9643,0.9715,0.9974,0.9943,0.9894,0.9836,0.9276,0.7423,0.9299,0.9103,0.8425,0.8029,0.8591,0.6882,0.8289,0.9425,0.7902,0.6185,0.9547,0.7274,0.6277,0.6047,0.621,0.8594,0.5696,0.6192,0.7902,0.5131,0.5513,0.3874,0.5947,0.6771,0.5891,0.5271,0.3219,0.4893,0.2647,0.5278,0.3213,0.208,0.1667,0.3652,
1.0,0.9987,0.9634,0.9621,0.9703,0.9973,0.9957,0.9911,0.9852,0.9221,0.733,0.9267,0.9061,0.8369,0.7993,0.8489,0.6822,0.8242,0.94,0.7825,0.6038,0.9522,0.7147,0.6152,0.5973,0.613,0.8558,0.5683,0.609,0.7824,0.5082,0.5488,0.3908,0.5933,0.675,0.5789,0.524,0.31,0.4806,0.2575,0.5222,0.3149,0.2088,0.1611,0.366,
1.0,0.999,0.9708,0.9698,0.9706,0.9976,0.9963,0.9911,0.9844,0.9313,0.7414,0.9355,0.9162,0.8373,0.7973,0.8676,0.675,0.8238,0.9449,0.7825,0.6223,0.9534,0.7301,0.6307,0.6056,0.6202,0.8476,0.5634,0.6298,0.7894,0.5125,0.5579,0.3933,0.5935,0.6868,0.5921,0.5233,0.3155,0.4704,0.2615,0.5208,0.3143,0.2113,0.1703,0.3434,
1.0,0.9993,0.9656,0.9649,0.9673,0.9974,0.9957,0.9916,0.9862,0.922,0.7315,0.9273,0.9067,0.8388,0.8018,0.8523,0.6835,0.8242,0.9363,0.7797,0.6042,0.9506,0.7208,0.6144,0.6043,0.6028,0.8588,0.5663,0.6182,0.7841,0.5009,0.5511,0.3914,0.59,0.672,0.5795,0.5085,0.3245,0.4733,0.2548,0.5181,0.3117,0.2071,0.1575,0.3477,
1.0,0.9989,0.9645,0.9634,0.9699,0.9973,0.9948,0.9895,0.9851,0.9227,0.7294,0.9279,0.9057,0.8337,0.7932,0.8511,0.6751,0.8204,0.9372,0.7791,0.5951,0.9505,0.7136,0.6071,0.5985,0.6049,0.853,0.5638,0.6077,0.7778,0.5075,0.5415,0.3862,0.5803,0.6666,0.5739,0.5258,0.3226,0.4687,0.2546,0.5189,0.3085,0.2077,0.1616,0.3436,
1.0,0.999,0.9689,0.9679,0.9644,0.9982,0.9963,0.9912,0.984,0.9242,0.7286,0.9265,0.9092,0.8343,0.7952,0.852,0.676,0.8196,0.9382,0.7751,0.6119,0.9562,0.7268,0.6205,0.6131,0.6077,0.8538,0.5587,0.6232,0.781,0.5026,0.5459,0.3924,0.5968,0.6686,0.5868,0.5195,0.3139,0.4739,0.2627,0.5142,0.3118,0.1987,0.1707,0.3491,
1.0,0.999,0.9692,0.9682,0.9697,0.9969,0.9954,0.9898,0.9835,0.9243,0.7343,0.9327,0.9075,0.8375,0.7973,0.8564,0.6806,0.824,0.9399,0.7828,0.61,0.9531,0.7289,0.6221,0.6123,0.6099,0.8578,0.5625,0.62,0.7847,0.5038,0.5419,0.3915,0.5991,0.6793,0.5907,0.5171,0.3125,0.4901,0.2616,0.5244,0.3229,0.2119,0.163,0.3628,
1.0,0.9988,0.9701,0.9689,0.9668,0.9976,0.9951,0.9906,0.9841,0.9257,0.7344,0.9301,0.9099,0.8393,0.8014,0.8571,0.6876,0.8257,0.9412,0.7835,0.6182,0.9538,0.7276,0.6277,0.6028,0.6109,0.859,0.5684,0.6219,0.7851,0.5014,0.5525,0.3845,0.5894,0.6769,0.58,0.5187,0.3159,0.478,0.2608,0.528,0.3058,0.21,0.165,0.3544,
1.0,0.9979,0.9653,0.9632,0.9708,0.9975,0.9944,0.9882,0.9826,0.9268,0.7416,0.9288,0.9095,0.8434,0.8031,0.8568,0.6837,0.8303,0.9412,0.7852,0.6205,0.9492,0.7234,0.6266,0.5986,0.6206,0.8529,0.5673,0.6221,0.7819,0.5015,0.5526,0.3768,0.5873,0.6762,0.585,0.5184,0.3106,0.4759,0.2633,0.5173,0.3101,0.2088,0.161,0.355,
1.0,0.9994,0.9665,0.9659,0.9709,0.9976,0.9957,0.9915,0.9862,0.916,0.7302,0.9314,0.9009,0.8363,0.7986,0.8497,0.6858,0.822,0.9407,0.7775,0.6057,0.9528,0.7178,0.6221,0.608,0.6024,0.8619,0.5667,0.6156,0.7733,0.4974,0.5451,0.3921,0.5903,0.6771,0.5781,0.526,0.3146,0.4827,0.2586,0.5318,0.3007,0.2023,0.1662,0.3569,
1.0,0.9988,0.9645,0.9633,0.9708,0.9981,0.9961,0.9899,0.9844,0.9248,0.7416,0.9292,0.9096,0.8445,0.8077,0.8553,0.6841,0.8318,0.9421,0.7819,0.6131,0.9517,0.7242,0.6235,0.6011,0.6205,0.8553,0.5685,0.6145,0.7914,0.5081,0.5516,0.3772,0.5788,0.6664,0.5816,0.5205,0.3171,0.4758,0.2572,0.5198,0.3132,0.209,0.1617,0.3521,
1.0,0.9984,0.9681,0.9665,0.9689,0.9967,0.9939,0.9912,0.9862,0.9243,0.7439,0.9295,0.9082,0.8466,0.8103,0.855,0.694,0.8345,0.9406,0.782,0.6164,0.9583,0.7274,0.6308,0.609,0.6211,0.8576,0.5744,0.621,0.7839,0.5033,0.5624,0.387,0.5913,0.6735,0.5849,0.5313,0.3188,0.4795,0.2661,0.5176,0.3102,0.2078,0.1698,0.36,
1.0,0.9993,0.9668,0.9661,0.9669,0.997,0.9948,0.9908,0.9859,0.9273,0.7359,0.9278,0.9112,0.8358,0.8014,0.8562,0.686,0.8216,0.9415,0.7884,0.6124,0.9495,0.7261,0.6196,0.5997,0.6098,0.8588,0.5631,0.622,0.7871,0.4995,0.5454,0.3811,0.585,0.6731,0.5853,0.5212,0.3059,0.4854,0.2651,0.5261,0.3081,0.2064,0.1627,0.3518,
1.0,0.9979,0.9703,0.9682,0.971,0.998,0.9953,0.9909,0.9859,0.9225,0.7384,0.9344,0.9092,0.8389,0.8035,0.8588,0.6879,0.8268,0.9447,0.782,0.6127,0.9534,0.7216,0.6243,0.611,0.6231,0.8584,0.5791,0.6228,0.7876,0.5091,0.5585,0.3958,0.5897,0.6775,0.585,0.5176,0.3212,0.4791,0.2557,0.5258,0.3133,0.2114,0.1647,0.3576,
1.0,0.9986,0.9677,0.9663,0.9713,0.9979,0.996,0.9916,0.986,0.9238,0.7398,0.9323,0.9098,0.8415,0.8059,0.8564,0.6905,0.8288,0.9434,0.7864,0.6122,0.9538,0.7177,0.6232,0.6086,0.619,0.8565,0.5735,0.6259,0.7869,0.5064,0.5546,0.3823,0.5941,0.6772,0.5862,0.5237,0.3146,0.479,0.2669,0.5261,0.3105,0.2077,0.1561,0.3574,
1.0,0.9988,0.9679,0.9667,0.9701,0.9982,0.9961,0.9905,0.9866,0.9261,0.7332,0.9329,0.913,0.8342,0.7995,0.8601,0.6803,0.8225,0.9428,0.7863,0.6091,0.9552,0.7306,0.6199,0.612,0.6091,0.8578,0.5649,0.6287,0.7912,0.5101,0.552,0.3884,0.5892,0.6756,0.5927,0.5253,0.3173,0.4754,0.2651,0.5196,0.3079,0.2086,0.164,0.3546,
1.0,0.999,0.9691,0.9681,0.9712,0.9983,0.9963,0.992,0.9861,0.9224,0.7387,0.9346,0.9094,0.8415,0.8042,0.8579,0.6868,0.8277,0.9389,0.7808,0.6128,0.9527,0.7232,0.6282,0.6071,0.6148,0.8577,0.5669,0.6247,0.7817,0.5073,0.5589,0.4066,0.5971,0.6763,0.5821,0.5159,0.3271,0.4733,0.2616,0.5227,0.3085,0.2099,0.1681,0.3545,
1.0,0.9985,0.9727,0.9712,0.9674,0.9971,0.9946,0.9911,0.9864,0.9268,0.7369,0.9336,0.9122,0.838,0.8047,0.8611,0.6853,0.8249,0.9434,0.7814,0.6084,0.9527,0.7142,0.621,0.5975,0.6154,0.8496,0.5624,0.6182,0.7847,0.5045,0.5539,0.3826,0.5905,0.6813,0.5816,0.5188,0.3201,0.4734,0.2535,0.5234,0.3085,0.2068,0.1669,0.3456,
1.0,0.9985,0.9684,0.9669,0.9708,0.9969,0.9947,0.9894,0.9844,0.9262,0.7383,0.9317,0.9086,0.8383,0.7975,0.8582,0.6819,0.8254,0.9382,0.7826,0.6125,0.9482,0.726,0.6218,0.6115,0.6171,0.8543,0.566,0.6226,0.7838,0.5075,0.5502,0.3941,0.5848,0.667,0.5839,0.5191,0.3163,0.47,0.2629,0.5168,0.3131,0.2104,0.1651,0.3466,
1.0,0.9985,0.9704,0.9689,0.9725,0.9965,0.9936,0.9903,0.9854,0.9236,0.7437,0.9358,0.9066,0.8445,0.8083,0.8595,0.6947,0.8307,0.9391,0.7867,0.6149,0.9514,0.7217,0.6308,0.607,0.6218,0.855,0.5704,0.6171,0.7863,0.5053,0.5556,0.3882,0.5852,0.6765,0.5759,0.5161,0.3122,0.4714,0.2596,0.5198,0.3055,0.2049,0.1634,0.35,
1.0,0.9986,0.9682,0.9668,0.9655,0.9973,0.9952,0.9911,0.9841,0.9247,0.7321,0.9268,0.9093,0.837,0.7986,0.8529,0.6812,0.8232,0.9381,0.7821,0.603,0.9535,0.7179,0.6089,0.5945,0.6087,0.8541,0.5609,0.6126,0.7763,0.4997,0.5418,0.3796,0.5873,0.6766,0.5724,0.5121,0.3121,0.4832,0.2521,0.5261,0.3093,0.2071,0.1549,0.3561,
1.0,0.9984,0.9725,0.9709,0.9696,0.9969,0.9945,0.9905,0.9855,0.9214,0.7351,0.9346,0.9054,0.8416,0.802,0.857,0.6864,0.8292,0.9426,0.7774,0.6132,0.9552,0.7211,0.629,0.6201,0.6124,0.8529,0.5698,0.625,0.7752,0.5002,0.5518,0.3935,0.5986,0.6797,0.5849,0.5242,0.3215,0.4781,0.2618,0.5198,0.3048,0.2052,0.1677,0.3579,
1.0,0.9993,0.9675,0.9668,0.9687,0.9978,0.9966,0.9923,0.9879,0.9248,0.7407,0.9306,0.9107,0.8415,0.8077,0.8571,0.6958,0.8297,0.9395,0.788,0.6068,0.9548,0.7259,0.6205,0.6019,0.6104,0.8636,0.5675,0.6263,0.7905,0.5108,0.5507,0.3892,0.5983,0.6746,0.5852,0.524,0.3146,0.4809,0.2673,0.5252,0.3127,0.2089,0.1581,0.3638,
1.0,0.9987,0.9672,0.9659,0.9697,0.9975,0.9955,0.9907,0.9853,0.9224,0.7352,0.9296,0.9065,0.8389,0.8018,0.8529,0.6868,0.8255,0.94,0.7805,0.6092,0.9523,0.7218,0.6211,0.6055,0.6112,0.8579,0.5639,0.6169,0.7798,0.5122,0.5455,0.3964,0.5901,0.6785,0.5786,0.5154,0.3202,0.4826,0.2556,0.5266,0.3188,0.213,0.1653,0.3551,
1.0,0.9983,0.9642,0.9625,0.9687,0.9968,0.9942,0.9886,0.9823,0.9235,0.7356,0.9247,0.9049,0.8409,0.7992,0.8486,0.6805,0.8271,0.938,0.7791,0.608,0.9542,0.7182,0.617,0.5992,0.6109,0.8506,0.5654,0.6114,0.7799,0.5002,0.5518,0.3811,0.5972,0.6789,0.572,0.5116,0.3132,0.4893,0.2547,0.5277,0.3116,0.2025,0.1605,0.3614,
1.0,0.9994,0.9671,0.9665,0.9719,0.9978,0.9963,0.9904,0.9839,0.9272,0.7395,0.9344,0.9127,0.8367,0.7996,0.8637,0.6876,0.8217,0.9365,0.7944,0.6158,0.9538,0.7321,0.6251,0.6134,0.6163,0.8603,0.5715,0.6328,0.7884,0.5147,0.5517,0.4006,0.5939,0.6718,0.5936,0.5286,0.3175,0.479,0.2738,0.5272,0.317,0.213,0.1716,0.3503,
1.0,0.9988,0.9674,0.9662,0.9698,0.9979,0.9964,0.9919,0.9845,0.9265,0.7406,0.9312,0.913,0.8424,0.8048,0.8594,0.6876,0.8294,0.937,0.786,0.6145,0.9551,0.7249,0.6255,0.6088,0.6158,0.8548,0.5645,0.6282,0.7827,0.5042,0.5501,0.3886,0.5917,0.6721,0.5886,0.5171,0.3189,0.4741,0.2694,0.5254,0.3104,0.2121,0.161,0.3588,
1.0,0.999,0.9676,0.9666,0.9721,0.9969,0.9951,0.9895,0.9837,0.9229,0.7333,0.9347,0.9069,0.8371,0.7974,0.8588,0.6837,0.823,0.9423,0.7891,0.6107,0.9508,0.7284,0.6262,0.6115,0.6088,0.8616,0.567,0.6286,0.781,0.5019,0.5469,0.391,0.5928,0.6748,0.589,0.5226,0.3062,0.4875,0.2608,0.5269,0.3147,0.208,0.1633,0.3596,
1.0,0.9989,0.9693,0.9682,0.9704,0.9973,0.9954,0.9903,0.9853,0.9252,0.7341,0.9329,0.9088,0.8363,0.7988,0.8604,0.6807,0.8222,0.9423,0.7825,0.6104,0.9507,0.7248,0.6249,0.6013,0.6071,0.8554,0.5648,0.6178,0.7895,0.5213,0.5456,0.3945,0.588,0.6709,0.5859,0.518,0.3195,0.4817,0.2558,0.522,0.3182,0.2161,0.1677,0.354,
1.0,0.999,0.9679,0.9669,0.9686,0.9962,0.994,0.9901,0.9851,0.9265,0.7391,0.9302,0.9097,0.8406,0.803,0.8574,0.6863,0.8276,0.9402,0.7877,0.6114,0.9515,0.7207,0.6207,0.5966,0.615,0.8526,0.5678,0.6199,0.7811,0.502,0.5493,0.3736,0.5825,0.6755,0.5836,0.5204,0.3109,0.4679,0.2625,0.5235,0.3002,0.2076,0.1578,0.3442,
1.0,0.9991,0.9676,0.9667,0.9696,0.9977,0.9959,0.9909,0.985,0.922,0.7363,0.9316,0.9075,0.8409,0.8035,0.8548,0.6868,0.8273,0.9367,0.7827,0.6073,0.9537,0.7243,0.6212,0.6065,0.611,0.8579,0.5612,0.6208,0.779,0.4891,0.5485,0.3833,0.5943,0.6767,0.5788,0.5122,0.3063,0.474,0.2588,0.5288,0.3052,0.2029,0.1612,0.3554,
1.0,0.9987,0.9668,0.9655,0.9693,0.998,0.9954,0.9892,0.9842,0.9198,0.7315,0.9298,0.904,0.84,0.8021,0.8506,0.6889,0.827,0.9403,0.7846,0.6058,0.9521,0.7163,0.6198,0.595,0.6039,0.8596,0.5648,0.6107,0.7729,0.4939,0.5393,0.3756,0.5888,0.6673,0.5756,0.5184,0.3075,0.4799,0.2516,0.5292,0.3053,0.1933,0.1569,0.3577,
1.0,0.9982,0.9664,0.9646,0.9676,0.9966,0.9937,0.9893,0.983,0.9224,0.7327,0.9269,0.9057,0.8416,0.8014,0.8504,0.6825,0.8274,0.9394,0.7772,0.6064,0.9512,0.7197,0.6183,0.6049,0.6144,0.8528,0.5681,0.617,0.7759,0.4932,0.5522,0.3854,0.5837,0.6696,0.5765,0.5135,0.316,0.4788,0.2518,0.5233,0.3049,0.1983,0.1596,0.3514,
1.0,0.9989,0.9687,0.9676,0.9664,0.9973,0.9953,0.9916,0.9863,0.9276,0.744,0.9292,0.9141,0.846,0.8097,0.8573,0.6937,0.8326,0.9409,0.7843,0.6181,0.9505,0.7199,0.6275,0.599,0.6191,0.8557,0.5763,0.6224,0.7852,0.5085,0.5575,0.385,0.588,0.6701,0.5804,0.5251,0.3209,0.4721,0.262,0.5219,0.3148,0.2082,0.1625,0.3553,
1.0,0.999,0.9692,0.9682,0.9701,0.9975,0.9957,0.9915,0.9862,0.9179,0.7276,0.9335,0.9035,0.8339,0.7948,0.8526,0.6784,0.8213,0.9444,0.7751,0.5993,0.9533,0.7093,0.616,0.6003,0.6078,0.8564,0.565,0.6079,0.7747,0.4957,0.5494,0.3824,0.584,0.6714,0.5727,0.524,0.3134,0.4777,0.2465,0.5193,0.2981,0.1966,0.163,0.3497,
1.0,0.999,0.9656,0.9646,0.9718,0.9969,0.9955,0.992,0.987,0.9224,0.7451,0.9314,0.9077,0.8465,0.8108,0.8552,0.6916,0.8344,0.9413,0.783,0.611,0.9542,0.7197,0.6245,0.6103,0.6222,0.8588,0.5746,0.6161,0.7813,0.5011,0.5571,0.3798,0.5836,0.6734,0.5818,0.5269,0.3163,0.4815,0.2653,0.5234,0.3089,0.2045,0.1627,0.3646,
1.0,0.9989,0.97,0.9689,0.9672,0.9969,0.9944,0.991,0.9857,0.9208,0.7369,0.9311,0.905,0.8449,0.8066,0.8525,0.6896,0.8299,0.939,0.7771,0.6114,0.9529,0.7155,0.6264,0.6034,0.6172,0.854,0.5715,0.6161,0.7735,0.4942,0.5612,0.3845,0.592,0.6793,0.5782,0.5251,0.3206,0.4698,0.2603,0.5287,0.2987,0.2024,0.1621,0.351,
1.0,0.9984,0.9625,0.9609,0.9677,0.997,0.9942,0.9894,0.9842,0.9228,0.7322,0.9224,0.9052,0.8401,0.8002,0.8468,0.6874,0.8261,0.939,0.7851,0.6088,0.95,0.7123,0.6189,0.5929,0.6105,0.8563,0.5763,0.6125,0.7751,0.5074,0.5505,0.3796,0.5751,0.667,0.579,0.519,0.3182,0.4769,0.2557,0.528,0.3101,0.2064,0.1586,0.3524,
1.0,0.9986,0.9675,0.9661,0.9716,0.998,0.9958,0.9904,0.9856,0.9228,0.7401,0.9326,0.9082,0.8388,0.8021,0.8563,0.6884,0.8254,0.9405,0.7882,0.6064,0.951,0.7143,0.6184,0.5985,0.614,0.8585,0.5689,0.6185,0.782,0.5032,0.5554,0.3818,0.5873,0.6801,0.5744,0.5167,0.3151,0.4739,0.2586,0.535,0.3039,0.2101,0.1629,0.3581,
1.0,0.9987,0.9672,0.9659,0.9693,0.9986,0.9966,0.9906,0.9856,0.9264,0.7347,0.9306,0.9127,0.8354,0.797,0.8576,0.6828,0.8233,0.9388,0.7873,0.6139,0.9564,0.7349,0.6208,0.6072,0.607,0.8614,0.5615,0.6329,0.7866,0.5088,0.5476,0.382,0.587,0.6822,0.5903,0.5252,0.3175,0.473,0.2633,0.5335,0.3104,0.2095,0.1682,0.353,
1.0,0.9987,0.9691,0.9678,0.9702,0.9973,0.9945,0.9903,0.9842,0.9201,0.7357,0.9312,0.9028,0.8407,0.8013,0.8524,0.6894,0.8248,0.9401,0.7844,0.6071,0.9501,0.7129,0.6228,0.6032,0.6153,0.8598,0.5762,0.6147,0.7803,0.4946,0.5582,0.3821,0.589,0.6822,0.5765,0.5253,0.3145,0.4755,0.2604,0.5325,0.3035,0.2065,0.1632,0.3574,
1.0,0.9989,0.9656,0.9645,0.9683,0.9969,0.9949,0.9927,0.987,0.9225,0.7311,0.9272,0.9075,0.8343,0.7987,0.8508,0.6828,0.8204,0.9386,0.7826,0.6058,0.9522,0.7197,0.6146,0.5949,0.6026,0.8571,0.5581,0.6129,0.7776,0.5017,0.5394,0.3872,0.5718,0.6715,0.5745,0.5132,0.3147,0.4682,0.2526,0.5159,0.3058,0.2071,0.1614,0.3434,
1.0,0.9985,0.9668,0.9653,0.9704,0.9969,0.9944,0.9902,0.9852,0.9211,0.7396,0.9303,0.9042,0.8434,0.8083,0.8521,0.6906,0.8295,0.9419,0.7839,0.6171,0.9539,0.726,0.6303,0.6093,0.6172,0.8588,0.5619,0.6232,0.7812,0.512,0.5481,0.3848,0.5927,0.6805,0.5885,0.5208,0.3202,0.4824,0.2645,0.5335,0.3183,0.2106,0.1603,0.3642,
1.0,0.9987,0.9661,0.9648,0.9683,0.997,0.9951,0.9894,0.9831,0.9216,0.7375,0.9272,0.9038,0.8452,0.8038,0.8507,0.6842,0.8321,0.9432,0.778,0.6154,0.9547,0.7236,0.626,0.6058,0.6187,0.8541,0.5729,0.6157,0.7796,0.508,0.5543,0.394,0.5924,0.6733,0.5799,0.5243,0.3219,0.4881,0.2573,0.5254,0.3166,0.1988,0.1724,0.3611,
1.0,0.9993,0.9706,0.9699,0.9709,0.9978,0.9956,0.9913,0.9855,0.923,0.7422,0.9354,0.9079,0.846,0.809,0.8588,0.6962,0.8319,0.9396,0.7843,0.6176,0.9569,0.7243,0.6334,0.6138,0.6223,0.8588,0.5739,0.6209,0.7816,0.5064,0.5571,0.3974,0.6012,0.6826,0.5797,0.5251,0.3102,0.4901,0.2687,0.5326,0.318,0.211,0.1693,0.37,
1.0,0.9985,0.9715,0.97,0.9709,0.9975,0.9953,0.9908,0.9856,0.924,0.7421,0.9362,0.9097,0.8437,0.8066,0.8617,0.6895,0.8307,0.941,0.7838,0.6161,0.953,0.7204,0.6296,0.6103,0.615,0.8527,0.5691,0.6321,0.7813,0.5091,0.5583,0.3949,0.5986,0.6864,0.5853,0.5252,0.3205,0.4819,0.269,0.532,0.3117,0.2122,0.1675,0.3599,
1.0,0.9988,0.966,0.9648,0.9706,0.9972,0.9948,0.9897,0.9857,0.9242,0.7358,0.9303,0.9077,0.8354,0.797,0.8562,0.6768,0.8232,0.9484,0.7808,0.6151,0.9504,0.7246,0.6277,0.6098,0.6158,0.8562,0.5658,0.6242,0.7835,0.5089,0.5539,0.3872,0.5906,0.683,0.5907,0.5252,0.3182,0.474,0.2622,0.5195,0.3107,0.2141,0.1628,0.3487,
1.0,0.9988,0.9655,0.9643,0.9735,0.9975,0.995,0.9903,0.9846,0.9166,0.7325,0.9323,0.9005,0.8393,0.8014,0.8507,0.6883,0.8263,0.9453,0.7846,0.6066,0.955,0.7133,0.6221,0.6052,0.6196,0.8604,0.5826,0.6088,0.7855,0.5108,0.565,0.3931,0.5918,0.6843,0.5738,0.5305,0.3241,0.486,0.2591,0.5337,0.319,0.216,0.1677,0.3626,
1.0,0.9991,0.9668,0.9659,0.9718,0.9973,0.9953,0.9896,0.9826,0.9228,0.7272,0.9318,0.9057,0.8304,0.7912,0.8559,0.68,0.816,0.9345,0.7891,0.5995,0.95,0.7218,0.6151,0.6105,0.6056,0.8615,0.5628,0.618,0.791,0.5083,0.5428,0.3943,0.5907,0.6682,0.5757,0.5195,0.3176,0.4778,0.2587,0.5216,0.3156,0.2069,0.1623,0.3489,
1.0,0.9995,0.966,0.9655,0.9676,0.9971,0.9956,0.9909,0.9861,0.9237,0.7315,0.9274,0.9069,0.8336,0.796,0.8518,0.6823,0.8215,0.9451,0.7817,0.6122,0.9532,0.7299,0.6237,0.603,0.6065,0.8607,0.5609,0.6185,0.7817,0.502,0.5437,0.3889,0.5886,0.6766,0.5875,0.5306,0.315,0.482,0.265,0.5224,0.309,0.204,0.1657,0.351,
1.0,0.9983,0.9694,0.9677,0.9692,0.9969,0.9942,0.9897,0.9848,0.9186,0.7282,0.931,0.9017,0.8346,0.7954,0.8499,0.6841,0.8204,0.9369,0.7788,0.594,0.9483,0.7112,0.6104,0.5949,0.6023,0.8574,0.5507,0.6114,0.7721,0.4948,0.5382,0.3776,0.5889,0.6798,0.5736,0.5185,0.309,0.4747,0.252,0.5296,0.2974,0.2084,0.1602,0.3488,
1.0,0.9991,0.9678,0.9669,0.9692,0.9966,0.9948,0.9912,0.9851,0.927,0.7397,0.9311,0.9116,0.84,0.802,0.8578,0.6836,0.8256,0.9431,0.7843,0.6198,0.9511,0.726,0.6273,0.6019,0.6168,0.8562,0.5736,0.6184,0.7873,0.5092,0.5569,0.3889,0.5846,0.6795,0.5821,0.525,0.3168,0.4717,0.2618,0.5162,0.3096,0.211,0.1651,0.3485,
1.0,0.9987,0.9661,0.9648,0.9715,0.9979,0.9955,0.9889,0.9837,0.9198,0.7321,0.9312,0.9034,0.8391,0.8032,0.853,0.6811,0.8261,0.944,0.7821,0.6156,0.9499,0.7208,0.6312,0.6106,0.6167,0.8501,0.5667,0.6257,0.7757,0.4953,0.5505,0.3852,0.5873,0.6738,0.5821,0.5204,0.3084,0.4758,0.2657,0.5226,0.299,0.2062,0.167,0.3551,
1.0,0.9988,0.9674,0.9662,0.9689,0.9974,0.9957,0.9907,0.9844,0.9193,0.7272,0.9302,0.9038,0.8359,0.7984,0.8506,0.6806,0.8222,0.9415,0.7793,0.6039,0.9534,0.72,0.6179,0.6113,0.6101,0.8587,0.5677,0.6185,0.7789,0.4971,0.5533,0.3936,0.5947,0.6831,0.5794,0.5231,0.3191,0.4812,0.2567,0.5251,0.3112,0.2103,0.1673,0.3548,
1.0,0.999,0.9694,0.9684,0.9687,0.997,0.9948,0.9903,0.9849,0.9266,0.7358,0.9305,0.9086,0.8378,0.7997,0.8572,0.687,0.8249,0.9422,0.7848,0.6126,0.9479,0.7184,0.6246,0.6067,0.6171,0.853,0.5654,0.6252,0.7836,0.5039,0.5549,0.3889,0.5982,0.677,0.5802,0.5109,0.3165,0.4822,0.2617,0.525,0.3082,0.2081,0.1631,0.3568,
1.0,0.9996,0.9681,0.9677,0.969,0.9973,0.9964,0.9924,0.9856,0.926,0.735,0.932,0.9119,0.8348,0.7978,0.8592,0.6801,0.8212,0.9377,0.7832,0.608,0.9515,0.7263,0.621,0.6088,0.6093,0.8569,0.5575,0.6288,0.7841,0.4994,0.5444,0.3916,0.5934,0.6723,0.5856,0.5126,0.3058,0.4824,0.2668,0.5199,0.3091,0.2073,0.1676,0.354,
1.0,0.9989,0.9646,0.9635,0.9704,0.9972,0.9951,0.9908,0.9859,0.9265,0.7408,0.929,0.9114,0.8403,0.8017,0.8568,0.6813,0.8278,0.9455,0.7827,0.6124,0.9538,0.7223,0.6204,0.6002,0.6184,0.8596,0.572,0.6109,0.7871,0.5084,0.5561,0.3857,0.5918,0.6761,0.5832,0.5302,0.3185,0.488,0.2608,0.5197,0.3186,0.209,0.1638,0.3563,
1.0,0.9991,0.9651,0.9642,0.9704,0.996,0.9942,0.9905,0.9842,0.9229,0.7384,0.9296,0.9058,0.8427,0.8031,0.854,0.6796,0.8292,0.9427,0.7773,0.6168,0.9507,0.7245,0.6271,0.6099,0.6201,0.8535,0.5746,0.6195,0.7837,0.5137,0.5591,0.3967,0.5935,0.6805,0.5841,0.5104,0.329,0.4834,0.2578,0.5229,0.3246,0.2149,0.1614,0.3572,
1.0,0.999,0.9722,0.9712,0.9717,0.9972,0.9946,0.9901,0.9846,0.926,0.7329,0.9378,0.9097,0.8329,0.7937,0.8647,0.6775,0.8185,0.9408,0.7827,0.6127,0.9506,0.7242,0.6285,0.611,0.6113,0.8521,0.5594,0.6286,0.7863,0.5159,0.5492,0.3932,0.5894,0.6758,0.5906,0.5126,0.3095,0.4795,0.2607,0.5374,0.3162,0.2201,0.1655,0.3442,
1.0,0.9983,0.9691,0.9674,0.967,0.9965,0.9936,0.9903,0.985,0.9214,0.7301,0.929,0.9048,0.8366,0.7981,0.8526,0.6803,0.8244,0.9408,0.7772,0.6038,0.9533,0.7128,0.6159,0.5961,0.6037,0.8524,0.5598,0.6169,0.7728,0.501,0.5423,0.386,0.6026,0.6794,0.5767,0.5265,0.3201,0.4867,0.2571,0.5283,0.3136,0.2123,0.1666,0.3535,
1.0,0.9985,0.9679,0.9664,0.9723,0.9973,0.9948,0.9889,0.982,0.9231,0.7428,0.9333,0.9063,0.8459,0.8038,0.8586,0.6852,0.8315,0.9398,0.7813,0.6145,0.9521,0.7189,0.6265,0.6044,0.6228,0.8498,0.5742,0.6156,0.7806,0.5152,0.5595,0.3897,0.5881,0.6783,0.58,0.5211,0.3258,0.4723,0.2597,0.5221,0.3202,0.2152,0.1674,0.3555,
1.0,0.9988,0.9695,0.9683,0.9705,0.9968,0.9947,0.9896,0.9839,0.9216,0.7336,0.9335,0.9039,0.8378,0.7998,0.8581,0.6811,0.8238,0.9437,0.781,0.6155,0.9476,0.723,0.6296,0.6096,0.6133,0.8519,0.5626,0.6249,0.7784,0.4988,0.553,0.3879,0.586,0.6744,0.5854,0.5212,0.3144,0.4794,0.2636,0.5226,0.3011,0.2046,0.1724,0.3485,
1.0,0.9985,0.9689,0.9674,0.9654,0.9977,0.9954,0.9903,0.9856,0.9265,0.7357,0.9283,0.9126,0.8383,0.8006,0.8563,0.6814,0.8262,0.9433,0.778,0.6216,0.9553,0.7321,0.6255,0.6098,0.6128,0.8538,0.5599,0.6304,0.7734,0.4978,0.5451,0.3949,0.5928,0.6752,0.589,0.5257,0.3068,0.4773,0.267,0.5233,0.3037,0.1974,0.1672,0.3536,
1.0,0.9986,0.9699,0.9685,0.9686,0.9973,0.9948,0.9896,0.9847,0.9218,0.7356,0.9329,0.9062,0.84,0.8024,0.8559,0.6854,0.8275,0.9397,0.7793,0.6059,0.9521,0.7209,0.6197,0.607,0.613,0.8555,0.5642,0.6181,0.7734,0.4926,0.5456,0.3938,0.5951,0.6723,0.579,0.5235,0.3116,0.4827,0.2587,0.5249,0.3078,0.207,0.1668,0.3604,
1.0,0.9985,0.9681,0.9666,0.9725,0.9975,0.9955,0.9902,0.9848,0.9271,0.7364,0.9345,0.9117,0.8342,0.795,0.8616,0.6858,0.8227,0.9422,0.7929,0.6142,0.9532,0.7299,0.6239,0.61,0.6116,0.8644,0.5649,0.6272,0.7867,0.5109,0.548,0.3997,0.5943,0.6818,0.5913,0.5274,0.3137,0.4846,0.2682,0.5333,0.3236,0.2156,0.1656,0.3671,
1.0,0.9989,0.9678,0.9667,0.968,0.998,0.9954,0.9894,0.9854,0.9251,0.7367,0.9304,0.9096,0.8383,0.8019,0.8574,0.6847,0.826,0.9394,0.7835,0.6066,0.9521,0.7235,0.6161,0.6089,0.6148,0.8549,0.5673,0.6215,0.7831,0.5036,0.5513,0.3883,0.5887,0.6723,0.5838,0.5241,0.3154,0.4828,0.2605,0.5257,0.3204,0.2112,0.1641,0.3505,
1.0,0.9988,0.9684,0.9672,0.9686,0.9974,0.9947,0.9904,0.9844,0.9228,0.7321,0.9301,0.9067,0.8373,0.7995,0.8542,0.6793,0.8239,0.9415,0.7777,0.6137,0.9543,0.7273,0.624,0.6154,0.6117,0.8523,0.5651,0.6312,0.7825,0.5042,0.5509,0.3906,0.5942,0.6745,0.5888,0.5191,0.3171,0.4841,0.2686,0.5285,0.3163,0.2052,0.1719,0.3573,
1.0,0.999,0.9691,0.9681,0.969,0.998,0.9959,0.989,0.9835,0.9239,0.734,0.9313,0.9064,0.8398,0.8003,0.8566,0.6877,0.8264,0.9406,0.784,0.6109,0.951,0.7175,0.624,0.6053,0.6122,0.8542,0.5651,0.6242,0.7754,0.4964,0.5494,0.3822,0.5918,0.6748,0.5819,0.5157,0.3027,0.4788,0.2581,0.5261,0.3065,0.209,0.1607,0.3549,
1.0,0.9992,0.9712,0.9704,0.9682,0.998,0.996,0.9904,0.9851,0.9218,0.7335,0.933,0.9058,0.8407,0.8034,0.8549,0.6893,0.8268,0.9348,0.7788,0.6071,0.9504,0.7209,0.623,0.6068,0.6064,0.8547,0.5613,0.627,0.7794,0.4994,0.5523,0.3944,0.5983,0.6801,0.5781,0.512,0.3115,0.4822,0.2632,0.5297,0.3147,0.2128,0.1609,0.3582,
1.0,0.9992,0.967,0.9662,0.9709,0.9974,0.9958,0.9901,0.9849,0.9191,0.7314,0.9323,0.903,0.8382,0.8,0.8527,0.6845,0.8253,0.9404,0.7817,0.6053,0.9486,0.7176,0.6223,0.6055,0.6105,0.8599,0.5709,0.6136,0.7802,0.5044,0.5497,0.3901,0.5852,0.6678,0.5793,0.5237,0.3164,0.4738,0.2543,0.5245,0.3099,0.2006,0.1617,0.3486,
1.0,0.9988,0.9674,0.9662,0.9698,0.9975,0.995,0.99,0.984,0.9265,0.7405,0.9311,0.9106,0.839,0.7983,0.8594,0.6774,0.8237,0.9397,0.7787,0.611,0.9533,0.7227,0.6198,0.6042,0.6153,0.8528,0.5637,0.6202,0.7875,0.5121,0.5602,0.399,0.6034,0.6842,0.5807,0.5236,0.3287,0.4794,0.2605,0.5162,0.3204,0.2167,0.1654,0.3457,
1.0,0.9989,0.9672,0.9661,0.9713,0.9982,0.9958,0.9904,0.9857,0.9213,0.7365,0.9322,0.9058,0.8401,0.8031,0.8556,0.6891,0.8281,0.9415,0.7882,0.6164,0.9567,0.7288,0.6308,0.6155,0.6143,0.8602,0.57,0.6253,0.7806,0.5057,0.5514,0.3914,0.5943,0.6741,0.5881,0.5162,0.3181,0.4842,0.2654,0.524,0.3104,0.2118,0.1676,0.3647,
1.0,0.999,0.9665,0.9655,0.9698,0.9971,0.995,0.9895,0.9837,0.9272,0.7406,0.9304,0.9104,0.8428,0.8025,0.8592,0.685,0.8288,0.9381,0.7857,0.6148,0.9497,0.7246,0.626,0.6045,0.6134,0.8576,0.5689,0.6212,0.786,0.5062,0.5452,0.3854,0.5856,0.664,0.5824,0.5147,0.3191,0.4787,0.2591,0.5154,0.3129,0.2022,0.1573,0.3495,
1.0,0.9988,0.9646,0.9634,0.968,0.9969,0.9944,0.9892,0.9829,0.9238,0.7369,0.9267,0.906,0.8428,0.8024,0.8522,0.6814,0.8278,0.939,0.7795,0.6156,0.9496,0.722,0.621,0.5996,0.6127,0.8531,0.5656,0.622,0.7805,0.5024,0.5488,0.3803,0.592,0.6731,0.5864,0.5177,0.3163,0.4772,0.2695,0.5197,0.3099,0.2062,0.157,0.3547,
1.0,0.9986,0.9656,0.9642,0.971,0.9975,0.9955,0.9925,0.9868,0.9266,0.745,0.9289,0.912,0.8414,0.8066,0.8567,0.6909,0.8275,0.9417,0.7891,0.6169,0.9562,0.7248,0.6271,0.6053,0.6232,0.8587,0.5717,0.617,0.7884,0.5062,0.5508,0.3882,0.5889,0.6768,0.5866,0.528,0.321,0.4825,0.2663,0.5243,0.3055,0.2075,0.1693,0.3562,
1.0,0.9992,0.9677,0.9669,0.9698,0.996,0.9945,0.9901,0.9845,0.9249,0.7346,0.9323,0.9077,0.8387,0.8006,0.857,0.6812,0.8256,0.9442,0.7844,0.6075,0.9505,0.7158,0.6165,0.593,0.6121,0.8525,0.5666,0.6113,0.7825,0.5078,0.5515,0.3824,0.5921,0.6814,0.5797,0.5245,0.3143,0.4771,0.2605,0.5286,0.3157,0.2141,0.1634,0.3569,
1.0,0.999,0.9677,0.9667,0.9684,0.9972,0.9947,0.992,0.9877,0.9287,0.74,0.9303,0.9146,0.8369,0.8026,0.8608,0.6874,0.8249,0.9366,0.7885,0.6121,0.9529,0.7281,0.6172,0.607,0.6101,0.8615,0.5629,0.6328,0.7887,0.5062,0.5468,0.3849,0.5898,0.6702,0.5864,0.5154,0.3119,0.4835,0.2678,0.5278,0.3146,0.2142,0.1618,0.3509,
1.0,0.9988,0.9662,0.965,0.9696,0.9963,0.9941,0.9907,0.9859,0.9235,0.7338,0.9294,0.9073,0.8355,0.8001,0.8542,0.6846,0.8212,0.9386,0.7867,0.6095,0.9511,0.7265,0.62,0.6127,0.6129,0.8596,0.5703,0.6216,0.7879,0.5094,0.5483,0.3932,0.5917,0.6705,0.5851,0.5209,0.3147,0.4865,0.2673,0.5234,0.3181,0.2043,0.1693,0.3546,
1.0,0.9991,0.9675,0.9666,0.9701,0.9972,0.9947,0.9896,0.9854,0.9288,0.7417,0.9319,0.9124,0.8393,0.8021,0.8616,0.6852,0.8258,0.9396,0.7877,0.6171,0.9538,0.7322,0.6241,0.6064,0.6135,0.8559,0.5679,0.6326,0.7876,0.5061,0.5534,0.3831,0.5981,0.6849,0.5944,0.5203,0.3089,0.4834,0.266,0.531,0.3208,0.2159,0.1582,0.3656,
1.0,0.9992,0.9675,0.9667,0.9713,0.9978,0.9959,0.991,0.9844,0.9232,0.7411,0.9326,0.9082,0.8447,0.8058,0.8574,0.6938,0.8308,0.9375,0.789,0.6163,0.9543,0.7236,0.6306,0.6112,0.6174,0.861,0.5749,0.6232,0.7821,0.4998,0.5559,0.3958,0.5949,0.6713,0.5825,0.5165,0.3135,0.487,0.264,0.5251,0.3057,0.2037,0.165,0.3635,
1.0,0.999,0.9692,0.9682,0.9718,0.9978,0.9958,0.9907,0.9856,0.9273,0.7425,0.9353,0.9124,0.8398,0.8041,0.864,0.6811,0.826,0.9417,0.7864,0.6131,0.9525,0.7176,0.6251,0.5953,0.6194,0.8478,0.5579,0.613,0.782,0.5007,0.5461,0.378,0.5799,0.678,0.5795,0.512,0.3045,0.4733,0.2535,0.5231,0.3007,0.2005,0.1637,0.3461,
1.0,0.9985,0.9727,0.9712,0.9687,0.9977,0.9944,0.9901,0.9856,0.9192,0.7316,0.9343,0.9035,0.8394,0.8023,0.8547,0.6871,0.826,0.9394,0.7753,0.6064,0.9527,0.7166,0.6237,0.6146,0.6148,0.8542,0.565,0.6202,0.7777,0.4979,0.5566,0.3946,0.6016,0.6736,0.5803,0.5145,0.3236,0.4827,0.2545,0.5273,0.3129,0.2044,0.1672,0.3577,
1.0,0.9989,0.9654,0.9643,0.9694,0.9968,0.9945,0.9903,0.9856,0.9186,0.7346,0.9288,0.902,0.8413,0.805,0.8492,0.6833,0.8282,0.9418,0.78,0.6141,0.9516,0.7203,0.6278,0.6026,0.6124,0.8579,0.5677,0.6156,0.7817,0.5017,0.5524,0.3929,0.5989,0.6772,0.5787,0.521,0.3162,0.4849,0.2616,0.5155,0.3141,0.2041,0.1642,0.3674,
1.0,0.9988,0.9686,0.9674,0.9703,0.9975,0.9948,0.9915,0.9862,0.9253,0.7417,0.9323,0.9109,0.8436,0.8025,0.8584,0.6876,0.8307,0.9404,0.7792,0.6202,0.9552,0.7307,0.6313,0.6127,0.6125,0.8581,0.5633,0.6254,0.7767,0.4893,0.5503,0.3894,0.5928,0.6739,0.5878,0.5128,0.3115,0.4762,0.2618,0.5213,0.3082,0.2003,0.1618,0.353,
1.0,0.9985,0.9679,0.9664,0.9695,0.9967,0.9942,0.9898,0.9846,0.9219,0.7294,0.9307,0.9053,0.8335,0.7944,0.8535,0.6792,0.8201,0.9393,0.7788,0.6002,0.9527,0.7233,0.6144,0.603,0.6029,0.8572,0.5574,0.616,0.7821,0.5115,0.5432,0.3962,0.5964,0.6785,0.5792,0.518,0.3229,0.4825,0.2539,0.5257,0.3143,0.2138,0.1649,0.3484,
1.0,0.999,0.9669,0.9659,0.9688,0.9978,0.9958,0.9905,0.9854,0.9235,0.7342,0.9293,0.9076,0.838,0.7979,0.854,0.6831,0.8245,0.9382,0.7832,0.6063,0.9504,0.715,0.6167,0.6093,0.613,0.8552,0.5675,0.6217,0.7772,0.4978,0.5506,0.3836,0.5882,0.6696,0.5872,0.5147,0.3128,0.4782,0.263,0.5195,0.3124,0.2014,0.1544,0.3523,
1.0,0.9994,0.9692,0.9686,0.9707,0.9972,0.9959,0.9916,0.9874,0.9231,0.7409,0.9344,0.9079,0.8399,0.804,0.8582,0.6902,0.8279,0.9444,0.7842,0.6202,0.9529,0.7271,0.6339,0.6133,0.6199,0.8613,0.5704,0.6269,0.7796,0.504,0.5568,0.3969,0.5934,0.6799,0.5883,0.5322,0.3184,0.4767,0.2707,0.5243,0.3106,0.2076,0.1709,0.3604,
1.0,0.9991,0.9668,0.9659,0.9712,0.9976,0.996,0.9897,0.9841,0.9192,0.7381,0.9308,0.9015,0.8433,0.8027,0.8511,0.6896,0.8298,0.9414,0.7827,0.6087,0.9527,0.7164,0.6253,0.6052,0.613,0.861,0.5726,0.607,0.7782,0.4993,0.5487,0.386,0.5848,0.6697,0.5686,0.5277,0.3184,0.4784,0.2534,0.5182,0.3055,0.1987,0.1612,0.3539,
1.0,0.9988,0.9694,0.9682,0.9717,0.9978,0.9962,0.991,0.9846,0.9239,0.737,0.9352,0.9096,0.8378,0.7973,0.8594,0.6812,0.8252,0.9389,0.7826,0.6089,0.9521,0.7238,0.6212,0.6043,0.6111,0.8586,0.5611,0.6187,0.7864,0.508,0.5476,0.388,0.5835,0.6691,0.5763,0.5068,0.3169,0.4736,0.2534,0.5253,0.3074,0.2051,0.1579,0.3442,
1.0,0.9991,0.9684,0.9675,0.9709,0.9973,0.9955,0.9907,0.9865,0.926,0.7389,0.9323,0.9101,0.8355,0.8004,0.8597,0.6813,0.8227,0.9429,0.784,0.6136,0.9538,0.7281,0.6263,0.6117,0.614,0.8513,0.566,0.625,0.7871,0.5079,0.5538,0.3887,0.5965,0.681,0.5978,0.5195,0.3087,0.473,0.2602,0.523,0.3124,0.2049,0.1674,0.3483,
1.0,0.999,0.9659,0.9649,0.973,0.9963,0.994,0.9905,0.9854,0.9235,0.741,0.9324,0.9062,0.839,0.8033,0.8572,0.6866,0.8261,0.9388,0.7864,0.6081,0.9547,0.7254,0.6221,0.6075,0.6148,0.857,0.5647,0.6169,0.7861,0.5084,0.5439,0.3911,0.5897,0.6653,0.5829,0.5242,0.3159,0.4883,0.2618,0.5221,0.3212,0.2107,0.1659,0.3577,
1.0,0.9987,0.9679,0.9666,0.9719,0.9977,0.9951,0.9911,0.9872,0.9245,0.7361,0.9328,0.9095,0.8342,0.7969,0.8585,0.6798,0.8219,0.9373,0.7825,0.6056,0.9541,0.7261,0.6177,0.6074,0.6054,0.8558,0.551,0.6236,0.7839,0.4989,0.5411,0.3918,0.5859,0.669,0.5833,0.5146,0.3086,0.4776,0.257,0.5171,0.3077,0.2021,0.1645,0.354,
1.0,0.9987,0.9677,0.9664,0.9683,0.9974,0.9949,0.9893,0.9834,0.924,0.7372,0.9297,0.9077,0.8414,0.803,0.8542,0.6831,0.828,0.9408,0.7796,0.6154,0.9536,0.7244,0.6262,0.6079,0.6182,0.8536,0.5688,0.6244,0.7795,0.5024,0.5555,0.3851,0.5935,0.6797,0.5865,0.5244,0.3198,0.4749,0.2627,0.515,0.312,0.2106,0.1623,0.3572,
1.0,0.9991,0.9685,0.9676,0.9684,0.998,0.9957,0.9901,0.9859,0.9257,0.7323,0.93,0.9093,0.8331,0.7955,0.8567,0.6761,0.8207,0.9416,0.7811,0.6051,0.9534,0.7225,0.6165,0.6082,0.6098,0.8537,0.5619,0.6192,0.7883,0.5113,0.5511,0.3936,0.5985,0.6788,0.5861,0.5178,0.318,0.4791,0.2552,0.5212,0.318,0.2151,0.1599,0.3499,
1.0,0.9988,0.9681,0.9669,0.9695,0.9979,0.9959,0.9899,0.9832,0.9246,0.7375,0.9306,0.9084,0.8419,0.8035,0.8565,0.6852,0.8288,0.9418,0.7826,0.6082,0.9527,0.7135,0.6171,0.5961,0.6218,0.8523,0.5637,0.6153,0.7803,0.5102,0.5572,0.3859,0.5882,0.6794,0.5749,0.5216,0.3248,0.4686,0.2631,0.5347,0.3175,0.2119,0.1592,0.3597,
1.0,0.9985,0.9667,0.9652,0.9732,0.9967,0.9939,0.989,0.9834,0.9285,0.7395,0.9339,0.912,0.8386,0.8014,0.8628,0.6811,0.8245,0.9393,0.7909,0.6156,0.9487,0.7247,0.6225,0.6087,0.6219,0.8516,0.5699,0.6211,0.7911,0.5183,0.5505,0.3923,0.5853,0.6677,0.5847,0.5159,0.32,0.4718,0.2601,0.5223,0.3164,0.2148,0.1616,0.3473,
1.0,0.9988,0.9678,0.9666,0.9715,0.9969,0.9944,0.9895,0.9845,0.921,0.7338,0.9334,0.9051,0.8387,0.7997,0.8566,0.6791,0.8259,0.9405,0.7782,0.6068,0.9516,0.7207,0.621,0.6108,0.6099,0.8534,0.5662,0.6213,0.783,0.4998,0.5534,0.3873,0.5937,0.6753,0.5821,0.5202,0.3158,0.4802,0.2634,0.519,0.311,0.2065,0.1618,0.3531,
1.0,0.9985,0.969,0.9675,0.9713,0.9969,0.9942,0.9893,0.9838,0.9231,0.7376,0.9334,0.9063,0.8406,0.8027,0.8581,0.6887,0.8276,0.9388,0.7875,0.6147,0.9526,0.725,0.6304,0.6136,0.6153,0.8581,0.5656,0.6212,0.7755,0.4987,0.5432,0.3876,0.5889,0.6668,0.5839,0.5214,0.3063,0.481,0.2643,0.5224,0.3061,0.1961,0.1674,0.3473,
1.0,0.9979,0.9679,0.9658,0.9713,0.9975,0.9941,0.9879,0.9824,0.9237,0.744,0.932,0.9069,0.846,0.8038,0.8575,0.6812,0.8326,0.9434,0.7805,0.623,0.9517,0.7183,0.6322,0.6044,0.6252,0.8518,0.5726,0.618,0.778,0.4953,0.56,0.3766,0.5864,0.6747,0.585,0.5214,0.313,0.4732,0.2588,0.5253,0.301,0.2026,0.1595,0.3449,
1.0,0.9991,0.9672,0.9663,0.971,0.9966,0.9947,0.9908,0.985,0.9296,0.7424,0.9326,0.9136,0.8396,0.8039,0.8629,0.6838,0.8264,0.9405,0.7901,0.6139,0.9506,0.7255,0.6206,0.5977,0.6227,0.853,0.5698,0.6191,0.7878,0.509,0.5462,0.3811,0.5791,0.6709,0.5839,0.5204,0.3125,0.4662,0.2594,0.5222,0.3079,0.2103,0.1559,0.3468,
1.0,0.9992,0.9671,0.9663,0.9709,0.9969,0.9947,0.9902,0.9869,0.9248,0.7434,0.9331,0.9094,0.8453,0.8102,0.8587,0.694,0.8347,0.941,0.7896,0.6148,0.95,0.7199,0.6258,0.5954,0.6087,0.859,0.5671,0.6183,0.7806,0.5053,0.5472,0.3793,0.5911,0.6748,0.5821,0.5175,0.3126,0.4855,0.2652,0.5341,0.3103,0.2108,0.1555,0.3565,
1.0,0.9996,0.9658,0.9654,0.9664,0.9974,0.9956,0.9908,0.9865,0.9263,0.7362,0.9266,0.9101,0.8374,0.8003,0.8536,0.6835,0.8253,0.9419,0.7818,0.6096,0.9546,0.7281,0.6154,0.6028,0.6064,0.8592,0.5654,0.6225,0.785,0.5112,0.5455,0.379,0.5855,0.6678,0.5876,0.532,0.3191,0.4803,0.2617,0.5201,0.3185,0.2113,0.1605,0.3627,
1.0,0.9992,0.9685,0.9677,0.9708,0.9974,0.9952,0.9909,0.9859,0.9233,0.739,0.9327,0.907,0.8427,0.8064,0.8577,0.6968,0.8303,0.9429,0.7906,0.6092,0.9528,0.7171,0.6238,0.6053,0.6179,0.8625,0.5814,0.6175,0.7854,0.5103,0.5559,0.3805,0.5841,0.6714,0.5763,0.5236,0.3195,0.4825,0.2672,0.5326,0.3109,0.2106,0.1551,0.3635,
1.0,0.9986,0.9673,0.9659,0.9718,0.9973,0.9947,0.9908,0.9859,0.9192,0.7346,0.9325,0.9044,0.8388,0.8013,0.8536,0.6857,0.8258,0.938,0.7824,0.6064,0.9552,0.7219,0.6215,0.6143,0.6133,0.8608,0.5702,0.6149,0.7817,0.4988,0.5481,0.3911,0.5884,0.668,0.5743,0.5229,0.3171,0.4802,0.265,0.5211,0.3051,0.1994,0.1659,0.3515,
1.0,0.9995,0.9665,0.966,0.9692,0.9977,0.9965,0.9927,0.9862,0.9246,0.7405,0.9294,0.9106,0.8396,0.8027,0.8554,0.6854,0.826,0.9435,0.781,0.6078,0.9553,0.7197,0.6175,0.6019,0.6207,0.8551,0.5651,0.6118,0.7774,0.5055,0.5485,0.3906,0.5873,0.671,0.5798,0.5215,0.3136,0.4725,0.2563,0.5184,0.3133,0.2106,0.1607,0.3534,
1.0,0.9991,0.9665,0.9656,0.969,0.998,0.9964,0.9928,0.9872,0.9221,0.7342,0.9282,0.9078,0.8369,0.8006,0.8513,0.6826,0.8244,0.9417,0.7803,0.606,0.9564,0.7173,0.6172,0.6022,0.6111,0.8554,0.5591,0.618,0.78,0.5026,0.5452,0.3892,0.5951,0.6822,0.5798,0.5226,0.3218,0.4808,0.2613,0.5231,0.3123,0.2109,0.1665,0.36,
1.0,0.9989,0.9695,0.9684,0.9692,0.9977,0.9958,0.9921,0.9862,0.9254,0.7415,0.9306,0.9095,0.8409,0.8012,0.8571,0.6898,0.828,0.9407,0.7839,0.613,0.9559,0.7238,0.624,0.6148,0.6202,0.8609,0.5681,0.6248,0.783,0.4989,0.5586,0.3904,0.5994,0.6867,0.5897,0.5282,0.3139,0.4822,0.2684,0.5232,0.3086,0.2095,0.1699,0.3612,
1.0,0.9992,0.9681,0.9673,0.9707,0.9977,0.9965,0.9911,0.9855,0.9259,0.7417,0.9318,0.9099,0.8422,0.8035,0.8597,0.689,0.8287,0.9393,0.7849,0.6115,0.9497,0.7185,0.6211,0.5971,0.6125,0.8593,0.5667,0.6142,0.7829,0.4993,0.5478,0.3811,0.5801,0.6779,0.5803,0.5241,0.3146,0.468,0.265,0.5226,0.2993,0.2109,0.1596,0.3522,
1.0,0.999,0.9685,0.9675,0.9717,0.998,0.9964,0.9896,0.983,0.9279,0.7407,0.9336,0.9119,0.8415,0.8016,0.8634,0.6845,0.8269,0.9406,0.7869,0.612,0.9497,0.7211,0.6228,0.6093,0.6181,0.8571,0.5657,0.6258,0.7866,0.5087,0.5526,0.3883,0.5943,0.6797,0.586,0.5229,0.3176,0.4803,0.2625,0.5264,0.3192,0.2114,0.1657,0.3583,
1.0,0.9987,0.9666,0.9653,0.9706,0.9976,0.9949,0.9893,0.9842,0.9239,0.7426,0.9307,0.9077,0.8458,0.8055,0.8552,0.6881,0.8318,0.9423,0.7831,0.6212,0.9528,0.7212,0.6304,0.6033,0.6247,0.8538,0.5757,0.6177,0.7791,0.5001,0.5586,0.3824,0.5851,0.6733,0.5818,0.525,0.3142,0.4728,0.2657,0.5123,0.309,0.2051,0.1656,0.3518,
1.0,0.9985,0.9671,0.9656,0.9706,0.9972,0.9947,0.9903,0.983,0.9231,0.7278,0.9302,0.9066,0.8338,0.7952,0.8553,0.6799,0.8194,0.9383,0.7863,0.6065,0.9534,0.7255,0.6226,0.6111,0.608,0.8567,0.5589,0.6229,0.7787,0.4982,0.5408,0.3905,0.5912,0.67,0.5895,0.5267,0.3068,0.4861,0.2646,0.5258,0.3182,0.2083,0.173,0.3535,
1.0,0.9991,0.9674,0.9665,0.9708,0.9972,0.9951,0.9893,0.9826,0.9254,0.7379,0.9313,0.9073,0.8421,0.7996,0.858,0.686,0.8274,0.9343,0.7853,0.6125,0.9496,0.7247,0.6236,0.6066,0.6109,0.8571,0.5656,0.6212,0.783,0.504,0.5482,0.3915,0.587,0.6652,0.58,0.5106,0.315,0.4808,0.2615,0.5329,0.3163,0.2132,0.1593,0.3507,
1.0,0.9988,0.968,0.9668,0.971,0.9966,0.9942,0.9901,0.9856,0.9238,0.7398,0.932,0.9063,0.8405,0.8021,0.8563,0.6887,0.8277,0.9445,0.7866,0.615,0.9521,0.7266,0.6281,0.6123,0.6202,0.8593,0.5729,0.621,0.7835,0.5031,0.5542,0.3841,0.5885,0.6756,0.5834,0.526,0.3136,0.4769,0.2671,0.5267,0.3068,0.2072,0.1653,0.3587,
1.0,0.9987,0.9684,0.9671,0.9725,0.9978,0.9952,0.9917,0.9868,0.9261,0.7418,0.934,0.9119,0.8409,0.8046,0.8612,0.6857,0.8263,0.9361,0.7848,0.6142,0.9509,0.7271,0.6263,0.6145,0.6112,0.8556,0.5591,0.634,0.7821,0.4993,0.5444,0.3939,0.5988,0.6718,0.5957,0.5156,0.3112,0.4873,0.2727,0.5289,0.3137,0.2094,0.169,0.3596,
1.0,0.998,0.9666,0.9646,0.9689,0.9977,0.9948,0.9899,0.9844,0.9228,0.7378,0.9286,0.908,0.8419,0.8036,0.8522,0.6874,0.8281,0.9387,0.7829,0.6148,0.9536,0.7227,0.6224,0.6047,0.6158,0.8599,0.566,0.6165,0.7786,0.4978,0.5431,0.3894,0.588,0.6699,0.5801,0.5182,0.3153,0.4783,0.2569,0.5247,0.3118,0.2078,0.1586,0.36,
1.0,0.9989,0.9688,0.9677,0.9707,0.9979,0.9955,0.9889,0.9841,0.9264,0.7394,0.9338,0.9102,0.8415,0.8029,0.8608,0.6938,0.8279,0.9384,0.7932,0.6164,0.9523,0.7256,0.6267,0.6052,0.6161,0.8591,0.5727,0.6244,0.7813,0.5048,0.5517,0.3877,0.5936,0.678,0.5876,0.5247,0.3102,0.4795,0.2652,0.5353,0.3107,0.2053,0.1689,0.3586,
1.0,0.9986,0.9679,0.9665,0.9725,0.9976,0.9949,0.9893,0.9837,0.9229,0.7439,0.9333,0.9063,0.8458,0.8065,0.8569,0.688,0.8306,0.9384,0.7835,0.617,0.9501,0.7206,0.6297,0.607,0.6239,0.8535,0.573,0.6188,0.7858,0.5055,0.5607,0.3894,0.5883,0.6806,0.5783,0.5183,0.3186,0.4742,0.2635,0.5208,0.3131,0.2088,0.1657,0.3507,
1.0,0.999,0.9687,0.9677,0.9705,0.997,0.9948,0.9909,0.9864,0.9184,0.734,0.9329,0.9028,0.8392,0.8039,0.8527,0.6846,0.8241,0.9394,0.7772,0.6079,0.9509,0.7195,0.625,0.6035,0.6072,0.853,0.5602,0.6184,0.7806,0.502,0.5472,0.3924,0.5875,0.6742,0.5819,0.522,0.3121,0.478,0.2535,0.5237,0.3134,0.2103,0.1673,0.3544,
1.0,0.9989,0.9681,0.967,0.9713,0.9982,0.9962,0.9909,0.9868,0.9221,0.738,0.9337,0.9082,0.8378,0.8017,0.8573,0.6888,0.8251,0.941,0.7876,0.6086,0.9543,0.7229,0.6228,0.6094,0.6145,0.8612,0.5676,0.6255,0.7846,0.5061,0.5578,0.3875,0.5987,0.6886,0.5851,0.5184,0.3139,0.4857,0.2614,0.5404,0.3128,0.2123,0.1672,0.3562,
1.0,0.999,0.9674,0.9664,0.9664,0.9979,0.9956,0.9915,0.9869,0.9208,0.7309,0.9293,0.9084,0.8362,0.8017,0.85,0.6874,0.8238,0.9388,0.7812,0.6027,0.9566,0.718,0.6143,0.5992,0.6066,0.8584,0.5676,0.614,0.7765,0.5042,0.5475,0.3811,0.5877,0.673,0.5759,0.5232,0.3175,0.4795,0.2598,0.5262,0.3069,0.2051,0.1609,0.3518,
1.0,0.9992,0.9685,0.9677,0.9707,0.9971,0.9949,0.9904,0.9844,0.9253,0.7374,0.9308,0.907,0.8402,0.7976,0.8569,0.687,0.8249,0.9379,0.7841,0.6115,0.9506,0.7181,0.6269,0.6047,0.6144,0.854,0.5681,0.623,0.7804,0.5024,0.554,0.3804,0.5852,0.6703,0.5793,0.514,0.3085,0.4717,0.2629,0.5248,0.3012,0.205,0.1562,0.3506,
1.0,0.9988,0.9663,0.9651,0.9706,0.9977,0.995,0.9901,0.9848,0.9241,0.7421,0.931,0.909,0.8439,0.8049,0.8572,0.6836,0.8291,0.9398,0.78,0.6166,0.9553,0.726,0.6272,0.6134,0.6211,0.8548,0.5708,0.624,0.7821,0.5079,0.555,0.3836,0.5889,0.6764,0.5911,0.517,0.3191,0.4806,0.2592,0.5221,0.3124,0.2099,0.16,0.3622,
1.0,0.9985,0.9661,0.9646,0.9706,0.9974,0.9943,0.9883,0.984,0.9206,0.7325,0.9313,0.9042,0.8401,0.8021,0.8535,0.6859,0.827,0.9375,0.7852,0.6049,0.954,0.7207,0.6173,0.6067,0.6098,0.8605,0.5667,0.6155,0.7785,0.5027,0.5469,0.3865,0.5929,0.6748,0.5828,0.5298,0.3128,0.4828,0.2579,0.5168,0.3093,0.2016,0.16,0.3555,
1.0,0.9989,0.9644,0.9633,0.969,0.9977,0.9953,0.9892,0.9841,0.9238,0.7387,0.9275,0.907,0.8436,0.8068,0.8537,0.6899,0.8294,0.94,0.7873,0.6154,0.9498,0.7224,0.6238,0.6076,0.6207,0.8607,0.5797,0.6222,0.7833,0.502,0.5559,0.3896,0.5956,0.6748,0.5864,0.5149,0.3203,0.4874,0.2636,0.5267,0.314,0.2053,0.1634,0.3636,
1.0,0.9995,0.9694,0.9689,0.9698,0.9976,0.9962,0.9908,0.9858,0.9204,0.7276,0.9338,0.9046,0.8338,0.7965,0.8548,0.682,0.8205,0.9438,0.7794,0.6046,0.9511,0.7186,0.621,0.6111,0.6083,0.8576,0.5657,0.6192,0.7766,0.5029,0.5535,0.388,0.5862,0.6754,0.5844,0.5255,0.3121,0.4707,0.2594,0.5245,0.3118,0.2097,0.1622,0.3444,
1.0,0.9989,0.9668,0.9657,0.972,0.9971,0.9948,0.9894,0.9855,0.9211,0.732,0.9325,0.9042,0.8351,0.7986,0.8532,0.6816,0.8233,0.9379,0.7834,0.6053,0.9523,0.7224,0.6217,0.6088,0.6094,0.855,0.558,0.6191,0.778,0.5019,0.5419,0.3956,0.589,0.6742,0.5769,0.5165,0.3136,0.4792,0.2649,0.5267,0.3096,0.2101,0.1654,0.3545,
1.0,0.9989,0.9669,0.9658,0.9703,0.9971,0.9952,0.9911,0.9865,0.9217,0.7365,0.9307,0.9057,0.8398,0.8037,0.8533,0.6871,0.8273,0.9425,0.7829,0.604,0.9554,0.7123,0.6183,0.5928,0.6114,0.8579,0.5647,0.6093,0.7803,0.5023,0.5468,0.3808,0.5866,0.6777,0.5713,0.519,0.3109,0.4828,0.2556,0.5345,0.3087,0.2093,0.1593,0.3587,
1.0,0.9991,0.9682,0.9673,0.9722,0.9964,0.9949,0.9912,0.9846,0.9305,0.7375,0.9342,0.9141,0.8348,0.797,0.8665,0.6827,0.8216,0.9405,0.7943,0.6114,0.9536,0.7295,0.6219,0.6102,0.6141,0.8607,0.5663,0.6278,0.7927,0.5119,0.5476,0.3851,0.5932,0.6778,0.59,0.5269,0.3126,0.483,0.2657,0.5246,0.3182,0.2067,0.1616,0.3585,
1.0,0.9986,0.9673,0.9659,0.9691,0.9972,0.995,0.9897,0.9851,0.9233,0.7332,0.9292,0.9064,0.838,0.799,0.8536,0.6869,0.8265,0.9417,0.7855,0.6099,0.9526,0.7267,0.6218,0.6073,0.6068,0.8618,0.563,0.6223,0.7794,0.5001,0.5501,0.3866,0.5967,0.6794,0.5871,0.5228,0.3121,0.4808,0.2644,0.531,0.3095,0.2069,0.1558,0.3585,
1.0,0.9987,0.968,0.9667,0.9713,0.9971,0.9948,0.9912,0.9859,0.9255,0.7465,0.9334,0.9115,0.8442,0.8082,0.8603,0.6934,0.8316,0.9415,0.7898,0.6196,0.9568,0.7257,0.6299,0.6096,0.6239,0.8605,0.5746,0.6159,0.7864,0.4989,0.5538,0.3808,0.5876,0.6759,0.5827,0.5203,0.3117,0.4779,0.2634,0.5195,0.3078,0.2002,0.1571,0.3563,
1.0,0.9991,0.9725,0.9716,0.9672,0.9975,0.9954,0.9904,0.9859,0.9223,0.7335,0.9338,0.9064,0.8373,0.8022,0.8575,0.6862,0.8239,0.9394,0.7778,0.6106,0.9495,0.7173,0.6247,0.6054,0.6076,0.8563,0.5612,0.6231,0.7828,0.5017,0.5476,0.386,0.5917,0.6795,0.5821,0.5218,0.317,0.476,0.2634,0.5272,0.3105,0.2132,0.1615,0.347,
1.0,0.9984,0.9692,0.9676,0.9701,0.9983,0.9962,0.9876,0.9818,0.9229,0.7362,0.9321,0.9057,0.8424,0.8038,0.8569,0.6936,0.8307,0.9434,0.7879,0.6124,0.9526,0.7204,0.6258,0.6086,0.6183,0.855,0.5749,0.6208,0.7793,0.5077,0.5528,0.3855,0.5907,0.6746,0.5837,0.5309,0.3152,0.4876,0.2658,0.5305,0.3112,0.2131,0.1679,0.359,
1.0,0.9985,0.9666,0.9651,0.972,0.9978,0.995,0.9909,0.9852,0.9223,0.7387,0.9322,0.9076,0.8419,0.8053,0.857,0.6862,0.8284,0.9362,0.7813,0.6068,0.9551,0.7241,0.622,0.606,0.61,0.8573,0.5595,0.6215,0.7879,0.5038,0.5487,0.3877,0.5959,0.6726,0.5772,0.5148,0.3148,0.4781,0.2563,0.5206,0.3172,0.2153,0.1587,0.3599,
1.0,0.9992,0.9687,0.9679,0.971,0.9975,0.9948,0.9888,0.9843,0.9245,0.7443,0.9339,0.9072,0.8455,0.8064,0.8604,0.6905,0.8328,0.9396,0.7858,0.6197,0.952,0.7291,0.6323,0.6136,0.6217,0.8572,0.5778,0.6211,0.785,0.5107,0.5572,0.3977,0.5886,0.6702,0.5845,0.5225,0.3228,0.4824,0.2648,0.5263,0.322,0.2075,0.1665,0.3573,
1.0,0.9989,0.9659,0.9648,0.9706,0.9969,0.9947,0.9901,0.9843,0.9208,0.7335,0.9292,0.9028,0.8388,0.7989,0.8508,0.683,0.8243,0.9433,0.7801,0.6086,0.9494,0.7171,0.6258,0.6052,0.6176,0.8559,0.5702,0.6054,0.7788,0.4938,0.5468,0.3861,0.5761,0.6711,0.5753,0.5212,0.3115,0.4686,0.2463,0.5174,0.3006,0.1989,0.1609,0.3372,
1.0,0.9985,0.9667,0.9652,0.9715,0.9973,0.9947,0.9903,0.9863,0.9218,0.7351,0.9312,0.9058,0.8351,0.7986,0.8548,0.6831,0.8227,0.9444,0.7844,0.6152,0.9554,0.7276,0.6273,0.6145,0.6124,0.8584,0.5637,0.6243,0.7837,0.5084,0.5453,0.3891,0.5895,0.6774,0.5949,0.5272,0.3122,0.4832,0.2632,0.5212,0.3136,0.2035,0.1705,0.3571,
1.0,0.9987,0.9656,0.9643,0.9665,0.9973,0.9943,0.9901,0.9861,0.9205,0.7308,0.9256,0.9052,0.8362,0.7978,0.8467,0.6781,0.8235,0.941,0.7733,0.611,0.9509,0.7212,0.6195,0.6026,0.6106,0.8531,0.5636,0.6173,0.7739,0.4997,0.542,0.3859,0.5821,0.6707,0.58,0.5175,0.3141,0.4785,0.2552,0.5239,0.3063,0.2043,0.1579,0.3527,
1.0,0.9987,0.9698,0.9685,0.9695,0.9978,0.9954,0.99,0.9849,0.9252,0.7389,0.9332,0.9101,0.8403,0.8027,0.8598,0.6869,0.8264,0.9371,0.7853,0.6126,0.952,0.7228,0.6235,0.6098,0.6163,0.8578,0.5687,0.6275,0.7853,0.5014,0.5545,0.3895,0.5899,0.6753,0.5848,0.5249,0.3144,0.4792,0.2649,0.528,0.3119,0.2099,0.1661,0.355,
1.0,0.999,0.9658,0.9648,0.9701,0.9976,0.9958,0.99,0.9843,0.9247,0.7388,0.9307,0.9095,0.8399,0.8019,0.8563,0.6817,0.8265,0.9422,0.7844,0.6177,0.9532,0.7324,0.6249,0.6153,0.6166,0.8576,0.5708,0.6245,0.7876,0.5121,0.5555,0.3957,0.5935,0.676,0.5897,0.5224,0.3228,0.4764,0.2649,0.5239,0.3135,0.2115,0.1633,0.3496,
1.0,0.9986,0.9658,0.9644,0.9719,0.9985,0.9959,0.9891,0.9841,0.9224,0.7367,0.9313,0.9067,0.8415,0.8023,0.8548,0.6878,0.8278,0.9418,0.786,0.6101,0.9547,0.7201,0.6211,0.6006,0.6091,0.8578,0.5657,0.619,0.7782,0.5019,0.5471,0.3839,0.5933,0.6837,0.5875,0.5304,0.3123,0.4737,0.2595,0.5239,0.3102,0.2084,0.1606,0.3559,
1.0,0.9987,0.9678,0.9665,0.9694,0.9973,0.9947,0.9898,0.9848,0.9234,0.7315,0.9309,0.9074,0.835,0.7972,0.8558,0.6816,0.8198,0.9377,0.7841,0.603,0.9542,0.7222,0.6138,0.613,0.6069,0.8578,0.5616,0.6219,0.7846,0.5114,0.5405,0.3927,0.5973,0.6721,0.5849,0.5221,0.3184,0.4898,0.2584,0.5163,0.32,0.2064,0.1644,0.3578,
1.0,0.9987,0.9668,0.9655,0.9714,0.9978,0.9958,0.9903,0.9847,0.9235,0.7327,0.9314,0.9081,0.8353,0.8004,0.8572,0.6853,0.8226,0.9444,0.7891,0.6111,0.9566,0.7262,0.6245,0.6135,0.6204,0.8615,0.5769,0.6203,0.793,0.5229,0.553,0.3979,0.5944,0.6758,0.5938,0.5304,0.3211,0.4913,0.2573,0.5264,0.3261,0.2169,0.1666,0.36,
1.0,0.9992,0.9695,0.9687,0.9701,0.9977,0.9958,0.9913,0.9861,0.9203,0.7339,0.9333,0.9054,0.8372,0.8022,0.8559,0.6896,0.8234,0.9431,0.7843,0.607,0.9535,0.7137,0.6229,0.6024,0.6148,0.8582,0.5722,0.6204,0.7751,0.4931,0.5507,0.3823,0.5951,0.6759,0.5773,0.5316,0.3022,0.4832,0.2647,0.525,0.2997,0.1973,0.1675,0.36,
1.0,0.9983,0.9682,0.9665,0.9727,0.9969,0.994,0.9891,0.9839,0.9244,0.7409,0.9348,0.9083,0.8405,0.8001,0.8598,0.682,0.8273,0.9386,0.7841,0.6092,0.9516,0.7273,0.6221,0.608,0.6174,0.8553,0.5675,0.6191,0.7833,0.5039,0.5502,0.3943,0.5884,0.677,0.5795,0.5211,0.3201,0.4782,0.2605,0.5229,0.3096,0.2084,0.1617,0.3544,
1.0,0.9994,0.9684,0.9678,0.9679,0.998,0.9969,0.9921,0.9863,0.9241,0.7383,0.9309,0.9104,0.8433,0.8063,0.8558,0.6929,0.8316,0.9402,0.7852,0.6133,0.9577,0.7307,0.6242,0.6097,0.6138,0.8645,0.5698,0.6248,0.7842,0.5021,0.5543,0.3888,0.5965,0.679,0.5892,0.5326,0.3197,0.4826,0.2706,0.5268,0.3116,0.2092,0.1719,0.3588,
1.0,0.9987,0.967,0.9657,0.9698,0.9964,0.9938,0.9903,0.9857,0.923,0.7384,0.9313,0.907,0.8395,0.8047,0.8565,0.6824,0.8264,0.9422,0.7829,0.6141,0.9565,0.7241,0.6239,0.6047,0.6189,0.8583,0.568,0.6135,0.7823,0.5073,0.5543,0.3896,0.5984,0.6846,0.5827,0.5356,0.3187,0.4885,0.2662,0.5274,0.3144,0.2124,0.1688,0.3621,
1.0,0.9989,0.9657,0.9646,0.9732,0.9969,0.9949,0.9906,0.984,0.919,0.7415,0.9327,0.9028,0.848,0.8112,0.8531,0.6933,0.8342,0.9391,0.7851,0.6149,0.9557,0.7214,0.6324,0.6136,0.6241,0.859,0.5801,0.6198,0.7807,0.5055,0.558,0.3873,0.592,0.674,0.5754,0.5236,0.3185,0.4775,0.268,0.519,0.3115,0.2013,0.1643,0.3637,
1.0,0.9987,0.967,0.9657,0.9687,0.9977,0.9955,0.9914,0.9869,0.9221,0.7417,0.9299,0.9085,0.8452,0.8079,0.8534,0.6891,0.8332,0.9432,0.7806,0.6129,0.9529,0.7199,0.6216,0.5958,0.6148,0.8602,0.5728,0.6119,0.7808,0.4953,0.5601,0.3822,0.5821,0.6739,0.5747,0.5221,0.3229,0.4705,0.2547,0.5239,0.2986,0.202,0.1646,0.3508,
1.0,0.9987,0.9676,0.9663,0.9687,0.997,0.9953,0.9916,0.9869,0.9261,0.7436,0.9298,0.9111,0.846,0.8115,0.8562,0.6958,0.8353,0.9465,0.7865,0.6165,0.9547,0.7222,0.6257,0.5961,0.621,0.8607,0.5759,0.6146,0.7878,0.5144,0.5606,0.3832,0.5811,0.6718,0.5826,0.5273,0.3217,0.4733,0.2636,0.5217,0.3123,0.2144,0.1538,0.3556,
1.0,0.9991,0.9698,0.9689,0.9687,0.9979,0.9958,0.9894,0.9837,0.9294,0.7367,0.9331,0.9138,0.8376,0.7985,0.8632,0.6826,0.8242,0.9368,0.7866,0.6117,0.9525,0.7271,0.6198,0.6041,0.6101,0.8559,0.5623,0.6183,0.7871,0.4975,0.5477,0.3807,0.586,0.6717,0.5821,0.5098,0.3128,0.4793,0.2549,0.5276,0.3097,0.2052,0.161,0.3497,
1.0,0.9982,0.9687,0.9669,0.9668,0.9975,0.9947,0.9885,0.9827,0.9212,0.7279,0.9285,0.9045,0.8382,0.7998,0.852,0.6848,0.8237,0.9376,0.7799,0.6057,0.9504,0.7189,0.617,0.601,0.6086,0.8585,0.5653,0.6143,0.7783,0.5015,0.5476,0.3842,0.5847,0.6723,0.5724,0.5192,0.3126,0.4771,0.253,0.5238,0.3055,0.2104,0.1572,0.3447,
1.0,0.999,0.9692,0.9682,0.9715,0.9962,0.994,0.9901,0.983,0.925,0.7334,0.9335,0.9064,0.8356,0.7974,0.8589,0.686,0.8204,0.9415,0.7911,0.614,0.9533,0.7273,0.6283,0.6157,0.6174,0.8564,0.5699,0.6259,0.7851,0.5133,0.5535,0.3916,0.5918,0.6796,0.5913,0.524,0.3196,0.476,0.2652,0.5369,0.3141,0.2133,0.1657,0.3574,
1.0,0.9994,0.9684,0.9678,0.967,0.9971,0.9955,0.9914,0.9871,0.9269,0.7402,0.9303,0.9122,0.8396,0.8055,0.8578,0.6878,0.8277,0.9404,0.7835,0.6129,0.9539,0.7267,0.6195,0.6075,0.6164,0.8565,0.5618,0.6195,0.783,0.5052,0.5443,0.3884,0.5921,0.6734,0.5871,0.524,0.3146,0.4858,0.2618,0.5234,0.3189,0.2096,0.1623,0.3623,
1.0,0.9989,0.966,0.9649,0.9721,0.9974,0.9955,0.9902,0.9851,0.9235,0.7421,0.9299,0.9056,0.8406,0.8035,0.8558,0.6875,0.8276,0.9428,0.7853,0.6123,0.9533,0.7231,0.6268,0.6094,0.6221,0.8578,0.5655,0.6148,0.787,0.5072,0.5484,0.3922,0.5959,0.6739,0.5836,0.5294,0.3131,0.4784,0.2635,0.5174,0.3168,0.203,0.1661,0.357,
1.0,0.9987,0.9702,0.9689,0.9698,0.9968,0.9946,0.9902,0.9856,0.9221,0.7338,0.9326,0.9048,0.8366,0.7985,0.8563,0.6841,0.8226,0.9406,0.7806,0.6042,0.9526,0.7186,0.6205,0.6024,0.6119,0.8547,0.5656,0.6143,0.781,0.5064,0.5519,0.3905,0.587,0.6814,0.5811,0.5218,0.3174,0.4775,0.2571,0.5259,0.3144,0.208,0.1661,0.3509,
1.0,0.9987,0.9692,0.9679,0.9721,0.9978,0.9956,0.9909,0.9851,0.9278,0.7404,0.9354,0.913,0.8393,0.8004,0.8639,0.6871,0.8254,0.9385,0.7896,0.6089,0.9499,0.7205,0.6201,0.6044,0.614,0.8583,0.5672,0.6212,0.7887,0.5079,0.5507,0.3879,0.5805,0.6668,0.5802,0.5152,0.324,0.4741,0.258,0.5225,0.3124,0.2072,0.1598,0.3463,
1.0,0.9986,0.9669,0.9655,0.9693,0.9972,0.9952,0.9912,0.9847,0.9212,0.7332,0.9296,0.9059,0.8381,0.7972,0.852,0.6794,0.823,0.9367,0.7772,0.6025,0.9522,0.7148,0.6137,0.6033,0.6078,0.854,0.5592,0.6153,0.7772,0.4974,0.5465,0.3835,0.5975,0.6812,0.5804,0.519,0.307,0.4798,0.257,0.53,0.3038,0.2116,0.1588,0.3499,
1.0,0.9993,0.9714,0.9707,0.9716,0.997,0.9956,0.9917,0.9867,0.9242,0.7461,0.9372,0.9088,0.8441,0.809,0.8625,0.6982,0.8319,0.9391,0.7908,0.6135,0.9524,0.7244,0.6297,0.6118,0.6161,0.8636,0.5727,0.6235,0.7883,0.5048,0.5578,0.3941,0.5994,0.6824,0.5846,0.5254,0.3259,0.4781,0.2641,0.5318,0.3138,0.2094,0.1645,0.3633,
1.0,0.9989,0.966,0.9649,0.9704,0.996,0.9933,0.9915,0.9872,0.9192,0.7283,0.9298,0.9028,0.8356,0.7959,0.8504,0.6793,0.822,0.9386,0.7779,0.6003,0.9506,0.7129,0.6178,0.6043,0.6036,0.8559,0.5691,0.613,0.7741,0.4946,0.5474,0.379,0.5797,0.6748,0.5776,0.525,0.3081,0.4716,0.2589,0.5248,0.3003,0.2027,0.1628,0.3433,
1.0,0.9989,0.9657,0.9646,0.9696,0.9973,0.9953,0.9913,0.9841,0.925,0.7381,0.9293,0.9099,0.842,0.8044,0.8549,0.6891,0.8268,0.938,0.7887,0.6117,0.9518,0.7249,0.6236,0.604,0.6158,0.8605,0.5696,0.6201,0.7848,0.5078,0.5555,0.3897,0.5897,0.6724,0.5846,0.512,0.3213,0.4794,0.2622,0.5223,0.3128,0.2068,0.1625,0.3516,
1.0,0.9989,0.9671,0.966,0.9689,0.9978,0.9956,0.9899,0.985,0.9257,0.732,0.9291,0.91,0.8346,0.7953,0.8567,0.6801,0.8219,0.9403,0.7836,0.6066,0.9512,0.719,0.616,0.6009,0.6094,0.8536,0.563,0.6249,0.7846,0.5082,0.5515,0.3887,0.594,0.6814,0.578,0.5161,0.318,0.4729,0.2656,0.5321,0.3095,0.2247,0.1628,0.3565,
1.0,0.9988,0.9698,0.9686,0.9703,0.9963,0.9941,0.9904,0.986,0.921,0.7407,0.9333,0.9044,0.845,0.8095,0.855,0.6941,0.8318,0.9429,0.7836,0.6171,0.9478,0.7237,0.6311,0.6105,0.6222,0.8564,0.5703,0.6175,0.7791,0.5018,0.5514,0.3928,0.585,0.6784,0.5836,0.5213,0.3205,0.4671,0.2586,0.5257,0.305,0.1975,0.1713,0.3509,
1.0,0.999,0.9693,0.9683,0.9715,0.9969,0.9949,0.99,0.9846,0.925,0.7325,0.9344,0.9079,0.8327,0.7912,0.8603,0.6731,0.8196,0.9359,0.7786,0.6049,0.9521,0.7291,0.6187,0.6079,0.6037,0.852,0.5514,0.6237,0.7816,0.5006,0.5458,0.3942,0.5903,0.6788,0.5801,0.5127,0.3086,0.4788,0.2527,0.5277,0.3127,0.2104,0.1605,0.352,
1.0,0.9997,0.9706,0.9703,0.9698,0.9975,0.9964,0.9909,0.9864,0.9248,0.7377,0.9346,0.9089,0.8396,0.8035,0.8604,0.6888,0.8283,0.9453,0.7865,0.6184,0.9567,0.7268,0.6275,0.6175,0.6181,0.858,0.5716,0.6241,0.7853,0.5099,0.5527,0.3829,0.5955,0.6846,0.5932,0.5228,0.3263,0.483,0.2615,0.5294,0.3125,0.2089,0.1662,0.3541,
1.0,0.9985,0.9707,0.9692,0.9702,0.9972,0.9949,0.9908,0.9838,0.9218,0.7284,0.9337,0.906,0.8362,0.7959,0.8549,0.6809,0.8197,0.9391,0.779,0.5984,0.9494,0.714,0.6161,0.6037,0.6095,0.8552,0.5691,0.616,0.7816,0.5017,0.5501,0.3855,0.588,0.6742,0.5775,0.5148,0.3157,0.4755,0.2551,0.5271,0.3031,0.1998,0.158,0.3467,
1.0,0.9993,0.9715,0.9708,0.9715,0.9977,0.9965,0.9903,0.9844,0.9264,0.7429,0.9364,0.9098,0.8416,0.8038,0.8632,0.6932,0.8288,0.9436,0.7898,0.6173,0.9524,0.7263,0.6321,0.6072,0.6179,0.8591,0.5692,0.6243,0.7879,0.5105,0.5509,0.3965,0.5979,0.6818,0.5884,0.5283,0.3076,0.4813,0.2652,0.531,0.3216,0.2148,0.1679,0.3616,
1.0,0.9989,0.9701,0.969,0.9719,0.9977,0.9959,0.9907,0.9848,0.9243,0.7378,0.9349,0.9083,0.8368,0.7975,0.8597,0.6841,0.8244,0.9412,0.7832,0.6135,0.9557,0.7265,0.6267,0.6152,0.6168,0.8552,0.5648,0.6241,0.7843,0.5053,0.5534,0.3958,0.5946,0.6822,0.588,0.5327,0.3172,0.4836,0.2714,0.5252,0.3147,0.2049,0.173,0.3572,
1.0,0.9987,0.9681,0.9668,0.9676,0.9974,0.9954,0.9898,0.9828,0.9241,0.7331,0.9296,0.9081,0.8408,0.8008,0.8553,0.6878,0.8274,0.94,0.7845,0.6069,0.9521,0.7178,0.6178,0.5972,0.6096,0.8602,0.5708,0.6163,0.7803,0.4998,0.5491,0.3787,0.5844,0.6715,0.5774,0.5278,0.3153,0.4729,0.258,0.5207,0.3113,0.2057,0.1594,0.3525,
1.0,0.9989,0.9648,0.9637,0.9683,0.9971,0.9947,0.9915,0.9855,0.9263,0.7306,0.9261,0.9106,0.8332,0.7932,0.8532,0.6714,0.8182,0.9387,0.7793,0.6057,0.9515,0.72,0.6132,0.5972,0.6039,0.8513,0.5531,0.6139,0.7774,0.5002,0.5351,0.3844,0.5794,0.6673,0.5858,0.5159,0.3084,0.4763,0.2528,0.5152,0.3038,0.2041,0.1595,0.3428,
1.0,0.9984,0.9656,0.964,0.968,0.9967,0.9938,0.9899,0.9835,0.9223,0.7315,0.9273,0.9072,0.8382,0.7991,0.8505,0.6722,0.8231,0.9411,0.7742,0.6084,0.9503,0.719,0.6158,0.606,0.6115,0.8491,0.5615,0.6214,0.7764,0.5019,0.5488,0.3842,0.5959,0.6762,0.5877,0.5156,0.3154,0.4765,0.2557,0.5229,0.3108,0.2146,0.1598,0.3552,
1.0,0.9987,0.9665,0.9652,0.9692,0.9964,0.9941,0.9902,0.9848,0.9235,0.7355,0.9275,0.9049,0.8391,0.7975,0.8524,0.6858,0.8269,0.9413,0.784,0.6089,0.9533,0.7218,0.6214,0.6091,0.6167,0.8591,0.574,0.6164,0.7816,0.5031,0.5591,0.3872,0.5901,0.676,0.5838,0.528,0.3183,0.4833,0.2623,0.53,0.3153,0.2077,0.1678,0.357,
1.0,0.9989,0.9694,0.9683,0.9696,0.998,0.9961,0.9911,0.9847,0.9235,0.7359,0.9335,0.9095,0.8364,0.7986,0.8575,0.6816,0.8226,0.9404,0.7809,0.6144,0.9565,0.7324,0.6245,0.6122,0.6102,0.8576,0.5637,0.6251,0.784,0.5067,0.5528,0.3903,0.594,0.6847,0.5925,0.529,0.3086,0.4844,0.2673,0.5293,0.3153,0.2122,0.17,0.3485,
1.0,0.9992,0.9665,0.9657,0.9712,0.9974,0.9958,0.9903,0.9837,0.9229,0.7384,0.9325,0.9074,0.842,0.8021,0.8576,0.6816,0.8288,0.9414,0.7784,0.6155,0.9532,0.7195,0.6256,0.602,0.6158,0.854,0.5643,0.6174,0.7794,0.5023,0.5502,0.3868,0.5909,0.679,0.5811,0.5243,0.3123,0.468,0.2593,0.5207,0.3074,0.2066,0.1572,0.3465,
1.0,0.9987,0.9686,0.9673,0.9688,0.9981,0.9964,0.9911,0.9865,0.9222,0.7352,0.9304,0.9074,0.8385,0.7996,0.8544,0.6836,0.827,0.9456,0.7783,0.6073,0.9557,0.7166,0.6225,0.6011,0.6136,0.8572,0.5656,0.6176,0.7753,0.5076,0.5534,0.3905,0.5915,0.6789,0.5831,0.5259,0.3199,0.4766,0.2547,0.5201,0.3053,0.207,0.165,0.3491,
1.0,0.9989,0.9676,0.9665,0.9717,0.997,0.9951,0.991,0.9874,0.9254,0.7434,0.931,0.908,0.8397,0.803,0.8572,0.6938,0.8286,0.9421,0.7902,0.6098,0.9562,0.7228,0.6232,0.61,0.6185,0.8602,0.5716,0.6166,0.7838,0.5113,0.5525,0.3933,0.5897,0.683,0.5831,0.5263,0.3183,0.4878,0.2663,0.5295,0.3192,0.2107,0.1659,0.3611,
1.0,0.9986,0.9682,0.9668,0.9683,0.9968,0.9948,0.9907,0.9851,0.9225,0.7363,0.9289,0.9053,0.841,0.802,0.8534,0.6865,0.8283,0.9443,0.7806,0.6152,0.9513,0.7187,0.6272,0.6037,0.6161,0.8574,0.5735,0.6218,0.7814,0.5075,0.562,0.3871,0.5967,0.6925,0.5872,0.5222,0.3233,0.4819,0.2656,0.5376,0.3184,0.2201,0.1655,0.3659,
1.0,0.9987,0.9681,0.9668,0.9694,0.9974,0.9956,0.9899,0.9829,0.9212,0.7372,0.9316,0.906,0.8451,0.803,0.8547,0.6814,0.8327,0.9397,0.7747,0.6118,0.9554,0.7216,0.6244,0.6023,0.6081,0.8527,0.5661,0.6182,0.7747,0.4985,0.5545,0.3795,0.5948,0.6807,0.5808,0.519,0.3128,0.4766,0.2558,0.5251,0.3074,0.2069,0.157,0.3513,
1.0,0.9989,0.9668,0.9657,0.9706,0.9966,0.9943,0.989,0.9847,0.923,0.736,0.9323,0.9066,0.838,0.8012,0.8562,0.6807,0.8275,0.9422,0.7818,0.615,0.9533,0.7256,0.6236,0.6082,0.6122,0.8546,0.561,0.6229,0.7805,0.5107,0.5459,0.3894,0.5924,0.6767,0.5871,0.5306,0.3205,0.4805,0.2649,0.5266,0.3237,0.2092,0.163,0.3599,
1.0,0.9984,0.9683,0.9667,0.9683,0.9967,0.9934,0.9901,0.9866,0.9295,0.7445,0.9287,0.9125,0.8397,0.8007,0.8595,0.689,0.8276,0.9409,0.7869,0.6116,0.9526,0.7245,0.6186,0.5955,0.6118,0.8584,0.5658,0.6166,0.7845,0.5063,0.5462,0.3817,0.5833,0.674,0.5781,0.5235,0.317,0.4706,0.2557,0.5254,0.3111,0.2155,0.1607,0.3523,
1.0,0.9986,0.9672,0.9658,0.9725,0.9976,0.9951,0.9898,0.984,0.9241,0.7426,0.934,0.9095,0.8444,0.8056,0.8597,0.6834,0.8309,0.9417,0.7814,0.6241,0.9515,0.7295,0.6301,0.6125,0.6208,0.8563,0.5712,0.6297,0.7884,0.5064,0.5601,0.3916,0.5909,0.6838,0.5835,0.5175,0.3257,0.4803,0.2629,0.5334,0.3151,0.2113,0.1636,0.3582,
1.0,0.9989,0.9673,0.9662,0.9687,0.9978,0.9956,0.9917,0.9857,0.9269,0.7348,0.9293,0.9121,0.8366,0.7977,0.8573,0.6797,0.8227,0.943,0.7828,0.6116,0.9534,0.7241,0.6192,0.6005,0.6079,0.8576,0.5625,0.6178,0.7858,0.5055,0.5465,0.3843,0.593,0.6794,0.586,0.5214,0.3259,0.4803,0.2581,0.5269,0.3153,0.2071,0.162,0.3548,
1.0,0.9991,0.9701,0.9692,0.9695,0.9978,0.9957,0.9896,0.9842,0.9202,0.7331,0.9326,0.903,0.8415,0.8014,0.854,0.6886,0.828,0.9434,0.7785,0.6102,0.9548,0.7213,0.6288,0.6121,0.6141,0.856,0.5706,0.6244,0.7737,0.5053,0.5619,0.3918,0.5939,0.6888,0.5879,0.5333,0.3189,0.4798,0.2657,0.5362,0.311,0.2134,0.1668,0.3594,
1.0,0.9988,0.971,0.9698,0.9692,0.9965,0.9942,0.9907,0.985,0.9226,0.7339,0.9339,0.9071,0.8396,0.8003,0.8565,0.6871,0.8259,0.942,0.7822,0.6133,0.9476,0.7144,0.6264,0.5961,0.6065,0.8552,0.5655,0.619,0.78,0.5058,0.5537,0.3799,0.589,0.6761,0.5817,0.5187,0.3112,0.4737,0.2637,0.5211,0.311,0.2106,0.1528,0.3522,
1.0,0.9989,0.9697,0.9686,0.9696,0.9963,0.9942,0.9896,0.9835,0.9261,0.737,0.9327,0.9079,0.8393,0.8003,0.86,0.6822,0.8262,0.9395,0.7844,0.6087,0.953,0.7244,0.6174,0.6059,0.6118,0.8541,0.5575,0.6174,0.7814,0.5069,0.5464,0.3838,0.5904,0.6799,0.5814,0.5278,0.3084,0.4848,0.2622,0.531,0.3157,0.2135,0.1635,0.3588,
1.0,0.9986,0.9635,0.9621,0.9704,0.997,0.9946,0.9916,0.9852,0.9256,0.7373,0.9267,0.9104,0.8388,0.8016,0.8542,0.6804,0.8252,0.9423,0.7866,0.6191,0.9539,0.7281,0.6273,0.6037,0.616,0.8538,0.5661,0.6229,0.7838,0.5017,0.5438,0.3865,0.5859,0.6699,0.5858,0.5166,0.3117,0.4742,0.2645,0.5138,0.3062,0.2004,0.1633,0.35,
1.0,0.9991,0.9684,0.9675,0.9704,0.9973,0.9957,0.9918,0.987,0.9245,0.7393,0.9329,0.9102,0.8397,0.8029,0.858,0.6845,0.8276,0.9421,0.7803,0.6093,0.9532,0.7194,0.6237,0.6022,0.6147,0.8551,0.5665,0.616,0.7831,0.5086,0.5541,0.3847,0.5888,0.681,0.5773,0.5189,0.3176,0.471,0.2522,0.5202,0.3101,0.2073,0.1579,0.3466,
1.0,0.9991,0.9697,0.9688,0.9677,0.998,0.9965,0.9912,0.9848,0.9267,0.7359,0.9311,0.9121,0.8375,0.8001,0.8585,0.6881,0.8234,0.9387,0.7866,0.6141,0.9518,0.7266,0.6238,0.607,0.6142,0.8604,0.5662,0.6287,0.7827,0.4983,0.5503,0.3949,0.5879,0.6732,0.5859,0.5216,0.3098,0.4747,0.2679,0.5261,0.3082,0.2132,0.1613,0.3532,
1.0,0.999,0.9699,0.9689,0.9667,0.9978,0.9956,0.991,0.9863,0.9235,0.7429,0.9315,0.9092,0.8494,0.8158,0.8559,0.7016,0.8366,0.9421,0.7834,0.6244,0.9539,0.7238,0.6365,0.6096,0.6231,0.8598,0.5866,0.6247,0.7824,0.5073,0.5684,0.3953,0.5949,0.6847,0.5856,0.5284,0.3227,0.4916,0.2691,0.5333,0.3197,0.2106,0.1671,0.3708,
1.0,0.9991,0.9676,0.9667,0.9723,0.997,0.9954,0.9908,0.9854,0.9223,0.7368,0.9321,0.905,0.8375,0.7986,0.8552,0.6814,0.8248,0.9399,0.7814,0.6057,0.953,0.7175,0.6207,0.6016,0.6096,0.8541,0.5581,0.6111,0.7831,0.5023,0.5419,0.3881,0.5915,0.6706,0.5767,0.5139,0.3162,0.476,0.2526,0.5194,0.3081,0.2034,0.1636,0.3574,
1.0,0.999,0.9677,0.9667,0.9707,0.9978,0.9962,0.9899,0.9831,0.9288,0.7457,0.9327,0.9128,0.8445,0.8035,0.8621,0.6862,0.8308,0.9387,0.7864,0.6223,0.9514,0.7309,0.6284,0.6069,0.6245,0.8588,0.5722,0.6239,0.7881,0.505,0.5576,0.3921,0.5953,0.677,0.5852,0.5194,0.3156,0.4795,0.2662,0.529,0.3163,0.2103,0.1637,0.3515,
1.0,0.9989,0.9686,0.9675,0.9683,0.9973,0.9956,0.9916,0.985,0.9227,0.7351,0.9307,0.9077,0.8396,0.8001,0.8555,0.6867,0.8257,0.9387,0.7806,0.6136,0.9524,0.7246,0.6266,0.6071,0.6086,0.8602,0.5688,0.6284,0.7816,0.5011,0.5528,0.3882,0.5906,0.6751,0.5889,0.5195,0.3163,0.4809,0.2668,0.5282,0.3154,0.2051,0.1667,0.3523,
1.0,0.9985,0.9702,0.9687,0.9698,0.9969,0.9952,0.9897,0.9835,0.9222,0.7344,0.9328,0.9052,0.8407,0.8009,0.8567,0.6835,0.8283,0.9405,0.7785,0.6129,0.9523,0.723,0.6273,0.6155,0.6145,0.8497,0.5649,0.6266,0.781,0.4995,0.5548,0.3955,0.5989,0.6804,0.5876,0.5182,0.3171,0.4881,0.2635,0.5192,0.3113,0.2015,0.1663,0.3591,
1.0,0.9991,0.966,0.9651,0.9678,0.9961,0.9946,0.9914,0.9848,0.9214,0.7302,0.9274,0.9049,0.8363,0.8,0.8499,0.6839,0.8221,0.9356,0.7825,0.6002,0.9508,0.717,0.6112,0.6034,0.6052,0.8589,0.5609,0.6159,0.7827,0.5007,0.5404,0.3882,0.5926,0.6743,0.5824,0.5214,0.3155,0.484,0.261,0.5259,0.3186,0.2031,0.1603,0.3577,
1.0,0.9987,0.9699,0.9686,0.9687,0.9973,0.9945,0.9919,0.9866,0.9258,0.7409,0.9319,0.9117,0.838,0.803,0.8594,0.6826,0.824,0.9389,0.7798,0.6106,0.9541,0.7252,0.6205,0.603,0.6146,0.8543,0.5559,0.6225,0.7854,0.5045,0.5492,0.3903,0.5965,0.6797,0.5804,0.5184,0.3159,0.4732,0.255,0.5223,0.3145,0.2105,0.1611,0.3559,
1.0,0.9994,0.9665,0.9659,0.9696,0.9973,0.9959,0.9911,0.9852,0.9276,0.741,0.9304,0.9118,0.8416,0.8048,0.8583,0.693,0.8273,0.9389,0.7919,0.6144,0.9494,0.7229,0.6222,0.598,0.6176,0.8618,0.5723,0.6201,0.784,0.5073,0.5486,0.3864,0.5789,0.6708,0.5835,0.5208,0.3147,0.4762,0.2643,0.527,0.307,0.2121,0.1659,0.3515,
1.0,0.999,0.9684,0.9674,0.9697,0.9974,0.9955,0.9912,0.9848,0.9211,0.7344,0.932,0.9067,0.839,0.7994,0.8535,0.6912,0.8251,0.9381,0.7863,0.6096,0.9541,0.7241,0.6226,0.6089,0.6098,0.8639,0.5649,0.627,0.7788,0.4994,0.5474,0.3899,0.5934,0.6773,0.5831,0.5177,0.3137,0.4833,0.2612,0.5348,0.3104,0.2035,0.1616,0.3622,
1.0,0.9992,0.9629,0.9621,0.9697,0.9967,0.9945,0.9909,0.9865,0.9225,0.7414,0.9279,0.9075,0.8425,0.8087,0.8509,0.6971,0.8303,0.9456,0.7915,0.6186,0.9511,0.7268,0.6246,0.6106,0.6233,0.869,0.5787,0.623,0.7861,0.5164,0.5546,0.3957,0.5966,0.6716,0.5935,0.5238,0.3322,0.495,0.2655,0.5252,0.3217,0.214,0.1631,0.3716,
1.0,0.9989,0.9655,0.9644,0.9697,0.9976,0.9957,0.9894,0.9847,0.919,0.7309,0.9283,0.9016,0.8379,0.7998,0.8489,0.6777,0.8249,0.9423,0.7771,0.6046,0.9542,0.7169,0.6191,0.6019,0.6062,0.8478,0.5656,0.6171,0.7786,0.5128,0.5529,0.3881,0.5865,0.6766,0.5844,0.5249,0.3122,0.4698,0.2621,0.5195,0.3162,0.2105,0.1594,0.3554,
1.0,0.9992,0.9664,0.9656,0.9708,0.9961,0.9942,0.9914,0.9866,0.9249,0.7435,0.9305,0.9083,0.8432,0.8067,0.8565,0.6892,0.8288,0.9393,0.7848,0.61,0.9514,0.7206,0.6227,0.5986,0.6162,0.8557,0.5697,0.6129,0.7853,0.4998,0.5532,0.3793,0.5859,0.6736,0.576,0.5209,0.3044,0.4786,0.2602,0.5184,0.3054,0.1995,0.1562,0.3588,
1.0,0.9991,0.9687,0.9678,0.9693,0.9962,0.9941,0.9901,0.9847,0.9232,0.7382,0.9315,0.9056,0.841,0.8023,0.857,0.688,0.8263,0.9395,0.7842,0.6088,0.9518,0.7201,0.6214,0.5948,0.6119,0.8569,0.5693,0.6116,0.7822,0.4997,0.5525,0.3814,0.5883,0.6826,0.5762,0.5281,0.3145,0.4751,0.261,0.5293,0.309,0.2099,0.1648,0.3578,
1.0,0.9984,0.9693,0.9677,0.9674,0.9981,0.9957,0.9892,0.9837,0.9204,0.7281,0.9298,0.9047,0.8372,0.7984,0.852,0.6831,0.8235,0.9421,0.779,0.6091,0.9482,0.7179,0.6211,0.5992,0.609,0.8551,0.5642,0.6166,0.7771,0.4989,0.5515,0.3909,0.5842,0.6752,0.571,0.514,0.3204,0.4716,0.2561,0.5202,0.3045,0.2049,0.1632,0.3449,
1.0,0.9991,0.9706,0.9697,0.9684,0.9973,0.9958,0.9922,0.9866,0.9253,0.7413,0.9329,0.9105,0.8421,0.8072,0.8593,0.6923,0.8295,0.9394,0.7862,0.6104,0.9537,0.7201,0.6195,0.5981,0.6192,0.8566,0.5647,0.6118,0.7824,0.503,0.5446,0.3863,0.589,0.6744,0.5761,0.5214,0.3191,0.4787,0.2564,0.5222,0.3124,0.2022,0.1617,0.3569,
1.0,0.9991,0.9663,0.9654,0.9714,0.9974,0.9953,0.9908,0.9856,0.921,0.7389,0.933,0.9071,0.8431,0.808,0.8554,0.6839,0.8289,0.9371,0.781,0.6112,0.9531,0.7201,0.6229,0.6076,0.6169,0.8524,0.5682,0.6218,0.7835,0.5082,0.5561,0.391,0.5884,0.6726,0.5826,0.5223,0.321,0.4729,0.2681,0.5213,0.3097,0.2051,0.1584,0.3549,
1.0,0.9989,0.9697,0.9686,0.971,0.9971,0.995,0.9914,0.9865,0.9193,0.7374,0.9342,0.9041,0.842,0.8052,0.8552,0.69,0.8297,0.9404,0.7803,0.6073,0.9522,0.7179,0.6273,0.611,0.615,0.8575,0.5712,0.6177,0.7796,0.5026,0.5541,0.3968,0.5889,0.6703,0.5759,0.5175,0.3187,0.4824,0.2572,0.5306,0.3136,0.2095,0.1636,0.3622,
1.0,0.9991,0.9678,0.9669,0.9675,0.9974,0.9955,0.9906,0.9859,0.9234,0.7323,0.929,0.9074,0.835,0.7954,0.8538,0.6775,0.8228,0.9387,0.778,0.6006,0.9537,0.7173,0.6099,0.593,0.6004,0.8552,0.5603,0.6139,0.7817,0.5056,0.5433,0.3792,0.5897,0.6774,0.5734,0.5153,0.3079,0.4729,0.2553,0.5176,0.312,0.2081,0.1505,0.3491,
1.0,0.9991,0.9664,0.9655,0.968,0.997,0.9955,0.9914,0.9853,0.9223,0.7317,0.9284,0.9069,0.8358,0.7986,0.8511,0.6787,0.8216,0.9408,0.778,0.6033,0.9516,0.7143,0.613,0.5995,0.6117,0.8538,0.5628,0.6148,0.7799,0.5083,0.5481,0.3811,0.5864,0.6737,0.5792,0.5185,0.3165,0.4747,0.2537,0.5202,0.3097,0.2084,0.1577,0.3438,
1.0,0.999,0.9665,0.9655,0.9658,0.9973,0.9955,0.9923,0.987,0.9253,0.7307,0.9261,0.9112,0.8332,0.7966,0.8531,0.6864,0.8204,0.9401,0.7866,0.6046,0.9568,0.7213,0.6094,0.5999,0.6072,0.8646,0.5663,0.6164,0.7803,0.5038,0.5469,0.3826,0.5936,0.678,0.5842,0.5316,0.3187,0.4886,0.2624,0.5293,0.3082,0.2065,0.1623,0.3564,
1.0,0.999,0.969,0.968,0.9692,0.9976,0.9951,0.9904,0.9863,0.9256,0.7383,0.9319,0.9098,0.8382,0.8023,0.8584,0.686,0.8252,0.9398,0.7819,0.6117,0.9534,0.7257,0.6223,0.6087,0.6116,0.8575,0.5667,0.6236,0.7869,0.5074,0.5513,0.3859,0.5843,0.6757,0.5892,0.5217,0.3125,0.4685,0.2607,0.5159,0.3077,0.2078,0.1589,0.3497,
1.0,0.9989,0.9675,0.9664,0.9703,0.9968,0.9945,0.9905,0.9848,0.9227,0.7387,0.9324,0.9068,0.8404,0.8036,0.8561,0.6887,0.8266,0.9401,0.789,0.6131,0.9513,0.72,0.6245,0.6079,0.6182,0.8606,0.5722,0.6183,0.7778,0.5018,0.5538,0.3987,0.5913,0.6818,0.5803,0.5305,0.3159,0.4852,0.2636,0.5328,0.3191,0.2079,0.1695,0.3578,
1.0,0.9995,0.9681,0.9676,0.9689,0.9966,0.995,0.9893,0.9863,0.9225,0.7324,0.9311,0.9036,0.8363,0.8001,0.8552,0.6837,0.8263,0.9437,0.782,0.6117,0.9495,0.7253,0.6246,0.6037,0.6045,0.8533,0.5569,0.6218,0.7787,0.4992,0.5378,0.3831,0.5821,0.668,0.5853,0.5267,0.3066,0.4757,0.2632,0.5206,0.3066,0.2024,0.1696,0.3474,
1.0,0.9986,0.9685,0.9671,0.9705,0.9975,0.9952,0.9894,0.9833,0.9218,0.7349,0.9335,0.9066,0.8402,0.8005,0.8569,0.6851,0.8264,0.9382,0.7832,0.6059,0.9535,0.7199,0.6169,0.6016,0.6091,0.858,0.5675,0.6143,0.7786,0.5039,0.5421,0.3852,0.5847,0.6652,0.5769,0.5259,0.3106,0.4755,0.2555,0.5196,0.3106,0.2064,0.1637,0.3486,
1.0,0.9992,0.9635,0.9627,0.9692,0.9972,0.9951,0.9914,0.9847,0.9271,0.7417,0.9266,0.9111,0.8411,0.8027,0.8549,0.6795,0.8237,0.9331,0.7826,0.6164,0.9498,0.7261,0.6202,0.6001,0.6194,0.8529,0.5629,0.6192,0.7839,0.5081,0.5512,0.3931,0.586,0.6698,0.585,0.5131,0.3186,0.4676,0.2609,0.5246,0.3084,0.2124,0.1625,0.3498,
1.0,0.9989,0.9637,0.9626,0.9693,0.9976,0.9955,0.9918,0.987,0.9236,0.7462,0.9262,0.9087,0.8486,0.8124,0.8525,0.6912,0.8369,0.9403,0.7826,0.6168,0.9562,0.7191,0.6254,0.6031,0.6199,0.8561,0.5746,0.611,0.781,0.5068,0.5521,0.3792,0.5809,0.6712,0.5779,0.5227,0.3177,0.4733,0.2644,0.5187,0.3123,0.2028,0.1625,0.3561,
1.0,0.9983,0.967,0.9653,0.9672,0.997,0.9941,0.99,0.9854,0.9233,0.7332,0.9271,0.9063,0.8383,0.7983,0.8517,0.681,0.825,0.9406,0.7754,0.6127,0.9523,0.7264,0.6233,0.607,0.6092,0.8562,0.5651,0.6224,0.7783,0.493,0.5519,0.3842,0.5916,0.682,0.5846,0.5237,0.3103,0.4746,0.2633,0.5256,0.3116,0.2079,0.1647,0.3495,
1.0,0.9988,0.9681,0.9669,0.9676,0.9982,0.9961,0.991,0.9866,0.9231,0.733,0.9302,0.9087,0.8363,0.8,0.8542,0.6836,0.8235,0.9367,0.7798,0.6027,0.9507,0.7158,0.6121,0.6,0.6067,0.8581,0.5623,0.6132,0.7782,0.4928,0.5477,0.3859,0.5903,0.6654,0.5753,0.5149,0.3125,0.4813,0.2556,0.5276,0.3032,0.2046,0.1592,0.3467,
1.0,0.9991,0.9703,0.9694,0.9734,0.997,0.9954,0.9922,0.9862,0.9255,0.7416,0.9378,0.911,0.839,0.8024,0.8645,0.687,0.8257,0.9431,0.7882,0.6156,0.955,0.7245,0.6312,0.6061,0.6229,0.8572,0.5678,0.6146,0.7856,0.5149,0.5536,0.3926,0.5791,0.6744,0.5793,0.5304,0.3191,0.4764,0.2591,0.5289,0.3087,0.2106,0.1738,0.3469,
1.0,0.999,0.9687,0.9677,0.969,0.9977,0.9956,0.9902,0.9856,0.9252,0.7398,0.9314,0.9094,0.84,0.8005,0.8581,0.6876,0.828,0.9423,0.7832,0.6129,0.9548,0.7254,0.6223,0.6059,0.6151,0.8589,0.5723,0.6202,0.7808,0.5056,0.5532,0.3864,0.5883,0.672,0.5813,0.5184,0.3154,0.4865,0.2608,0.5279,0.3098,0.2073,0.1568,0.3497,
1.0,0.9993,0.968,0.9673,0.9727,0.9975,0.9958,0.9915,0.9867,0.9209,0.7339,0.9362,0.9078,0.8333,0.7984,0.8579,0.6798,0.8214,0.9447,0.783,0.6104,0.9541,0.724,0.6237,0.6095,0.6108,0.859,0.5599,0.6166,0.7812,0.4995,0.5427,0.3916,0.5832,0.6722,0.5861,0.529,0.3083,0.4807,0.256,0.5256,0.3072,0.202,0.1674,0.3484,
1.0,0.9993,0.9651,0.9644,0.9669,0.9978,0.9957,0.9888,0.9844,0.9238,0.7335,0.9252,0.9056,0.8377,0.8002,0.8512,0.6808,0.8246,0.9425,0.779,0.6153,0.9519,0.724,0.6223,0.6034,0.6088,0.8535,0.5559,0.6218,0.7775,0.5067,0.544,0.3874,0.5964,0.6801,0.5853,0.5144,0.3121,0.4787,0.2604,0.5244,0.3111,0.2077,0.1633,0.3558,
1.0,0.9991,0.9683,0.9674,0.9674,0.9978,0.9962,0.9918,0.9868,0.9256,0.7318,0.9282,0.9101,0.8327,0.7948,0.8546,0.6802,0.8197,0.9429,0.7773,0.6112,0.9542,0.7312,0.6211,0.61,0.6063,0.8581,0.5581,0.6275,0.7837,0.5071,0.5486,0.3872,0.5909,0.6775,0.5892,0.5212,0.3153,0.4769,0.2597,0.5231,0.3087,0.208,0.1653,0.3519,
1.0,0.9988,0.9693,0.9681,0.9705,0.9979,0.9954,0.9902,0.9859,0.9277,0.7429,0.9339,0.9127,0.8427,0.8076,0.8624,0.6938,0.8302,0.9385,0.7911,0.6092,0.9535,0.7251,0.6215,0.6123,0.6222,0.8619,0.5718,0.628,0.7865,0.5022,0.5615,0.3906,0.6025,0.6807,0.5842,0.5222,0.3136,0.4898,0.2706,0.5408,0.311,0.2152,0.1676,0.367,
1.0,0.9985,0.9655,0.964,0.9656,0.9982,0.9948,0.9895,0.9857,0.9289,0.7377,0.9246,0.9136,0.8398,0.803,0.8553,0.6847,0.8278,0.9422,0.7871,0.6173,0.9545,0.7326,0.62,0.5991,0.6115,0.8595,0.5677,0.6285,0.7843,0.5021,0.5475,0.3873,0.5957,0.6803,0.5898,0.5215,0.3111,0.4835,0.2645,0.5278,0.3165,0.2076,0.1641,0.3596,
1.0,0.9991,0.9689,0.968,0.9697,0.9973,0.9954,0.9899,0.9841,0.9217,0.7345,0.9308,0.9034,0.841,0.8014,0.8546,0.6844,0.8272,0.9393,0.7753,0.6088,0.954,0.7209,0.6267,0.6104,0.6149,0.8504,0.5649,0.6222,0.7787,0.5019,0.554,0.3914,0.5943,0.6746,0.5821,0.523,0.3176,0.4745,0.2575,0.521,0.3103,0.2027,0.1653,0.3559,
1.0,0.9985,0.9662,0.9647,0.9692,0.9969,0.9945,0.9906,0.9877,0.9261,0.7338,0.9289,0.9106,0.8323,0.7986,0.8561,0.6807,0.8213,0.9386,0.7866,0.6104,0.9507,0.7316,0.6169,0.6071,0.6002,0.861,0.5528,0.6251,0.7883,0.5017,0.5355,0.3839,0.589,0.6725,0.5881,0.5219,0.3056,0.4811,0.2686,0.5255,0.3114,0.2124,0.1628,0.3525,
1.0,0.9984,0.9698,0.9682,0.9695,0.998,0.9949,0.9901,0.9852,0.9212,0.7361,0.9315,0.9052,0.84,0.8006,0.854,0.6862,0.8272,0.9347,0.7793,0.6059,0.954,0.7165,0.6193,0.6012,0.6045,0.8561,0.5612,0.6151,0.7843,0.4953,0.5486,0.3832,0.6008,0.6732,0.5729,0.5161,0.3123,0.4877,0.2631,0.5382,0.3096,0.2095,0.1645,0.3597,
1.0,0.9988,0.9687,0.9675,0.9685,0.9977,0.9952,0.9898,0.9856,0.9239,0.7373,0.9306,0.9067,0.8418,0.8029,0.8566,0.6888,0.829,0.9393,0.7822,0.6133,0.9536,0.7226,0.6246,0.6118,0.612,0.8571,0.5672,0.6244,0.7785,0.5015,0.5462,0.385,0.5909,0.6742,0.5861,0.5207,0.3171,0.4859,0.2643,0.5273,0.3127,0.2066,0.1596,0.3589,
1.0,0.9995,0.9668,0.9663,0.9705,0.9982,0.9966,0.9898,0.9836,0.9236,0.743,0.9306,0.9062,0.8452,0.8028,0.8554,0.686,0.8323,0.9397,0.7778,0.6092,0.9533,0.7132,0.6216,0.5985,0.6185,0.8525,0.5692,0.6169,0.7804,0.5077,0.5585,0.377,0.5824,0.6794,0.5754,0.5182,0.3213,0.4746,0.2513,0.5308,0.3158,0.2121,0.1612,0.3535,
1.0,0.9985,0.9671,0.9656,0.9697,0.9975,0.9951,0.9906,0.9843,0.9266,0.7408,0.9298,0.9105,0.8438,0.8051,0.8568,0.6881,0.8293,0.9389,0.786,0.6157,0.9523,0.7225,0.6246,0.6003,0.6174,0.8552,0.5652,0.6207,0.783,0.4984,0.551,0.3778,0.5864,0.6727,0.5788,0.517,0.3129,0.4737,0.2595,0.521,0.305,0.2041,0.1556,0.3483,
1.0,0.9986,0.9691,0.9677,0.9656,0.9976,0.995,0.9909,0.9864,0.9296,0.742,0.9285,0.9149,0.8429,0.8096,0.8595,0.6913,0.8301,0.9438,0.7869,0.6201,0.9542,0.7272,0.6257,0.5969,0.6175,0.8559,0.5725,0.6256,0.7871,0.5009,0.5562,0.3775,0.5895,0.6756,0.585,0.5226,0.311,0.4775,0.2675,0.5237,0.3026,0.2068,0.1677,0.3547,
1.0,0.9991,0.9699,0.969,0.9715,0.9975,0.9954,0.9916,0.9864,0.9235,0.7415,0.936,0.9091,0.8416,0.8085,0.8606,0.6899,0.8281,0.9403,0.7848,0.6108,0.9531,0.7185,0.6236,0.6056,0.6225,0.8553,0.571,0.6135,0.7883,0.5071,0.5533,0.3868,0.5913,0.6697,0.5751,0.516,0.316,0.4778,0.2603,0.5176,0.3107,0.2102,0.1632,0.3592,
1.0,0.9993,0.971,0.9703,0.971,0.9973,0.9951,0.9914,0.9865,0.9232,0.7362,0.9353,0.9065,0.8348,0.7958,0.8597,0.6776,0.821,0.9383,0.7778,0.6049,0.9511,0.7137,0.6211,0.6039,0.6093,0.8495,0.5572,0.6233,0.7767,0.5014,0.5468,0.3886,0.5807,0.6717,0.5769,0.5209,0.3074,0.4694,0.2589,0.518,0.3036,0.2039,0.1645,0.3422,
1.0,0.9989,0.9695,0.9684,0.9679,0.9969,0.995,0.9899,0.9866,0.9202,0.7355,0.9316,0.9043,0.8393,0.8045,0.8521,0.6914,0.8299,0.9456,0.782,0.6092,0.9534,0.7151,0.6196,0.5986,0.6134,0.8561,0.5722,0.6142,0.7787,0.5088,0.5565,0.3862,0.5911,0.6788,0.5782,0.5281,0.3149,0.4811,0.2599,0.5321,0.3146,0.2117,0.1632,0.3564,
1.0,0.9983,0.969,0.9673,0.9703,0.9971,0.9944,0.9907,0.9858,0.922,0.74,0.9339,0.9074,0.843,0.8065,0.8569,0.6896,0.8317,0.9419,0.7829,0.6064,0.9552,0.7122,0.6199,0.6011,0.6203,0.8582,0.5738,0.6124,0.7789,0.5019,0.5614,0.3879,0.5928,0.6804,0.575,0.5199,0.3256,0.4791,0.2566,0.5264,0.3098,0.2067,0.1664,0.3552,
1.0,0.9989,0.9633,0.9622,0.9659,0.9967,0.9954,0.9934,0.9888,0.9274,0.7426,0.9223,0.9132,0.8425,0.8061,0.8515,0.6889,0.8307,0.9419,0.7835,0.6079,0.9546,0.7185,0.6103,0.5863,0.6104,0.8583,0.5639,0.612,0.7826,0.514,0.5458,0.3797,0.5842,0.6712,0.5795,0.5194,0.314,0.4714,0.2616,0.5139,0.3105,0.2069,0.1451,0.3546,
1.0,0.9992,0.9697,0.9689,0.9689,0.9984,0.9963,0.99,0.985,0.9265,0.737,0.931,0.9098,0.8354,0.7975,0.8585,0.6842,0.8202,0.9409,0.7856,0.6082,0.9506,0.7178,0.6184,0.6015,0.6142,0.8554,0.5625,0.6226,0.7855,0.5099,0.5471,0.381,0.5909,0.6794,0.5845,0.5217,0.3091,0.477,0.2597,0.5288,0.3174,0.214,0.1636,0.3498,
1.0,0.9993,0.9633,0.9626,0.9676,0.9978,0.9966,0.992,0.9858,0.9237,0.7411,0.9258,0.9101,0.8451,0.8081,0.8512,0.6825,0.8318,0.9358,0.7742,0.611,0.9534,0.7229,0.6187,0.5936,0.608,0.8558,0.5628,0.6175,0.7823,0.4965,0.5456,0.379,0.5873,0.6644,0.5773,0.5097,0.3083,0.4762,0.2587,0.5118,0.3038,0.2071,0.1522,0.3575,
1.0,0.9985,0.9691,0.9676,0.9701,0.9975,0.9953,0.9899,0.9842,0.9232,0.7375,0.9319,0.9064,0.8423,0.8043,0.8568,0.6891,0.8299,0.9408,0.7854,0.6096,0.9538,0.7216,0.6229,0.6093,0.6154,0.8596,0.5677,0.6237,0.7847,0.5039,0.55,0.3866,0.5981,0.6758,0.5826,0.5194,0.3161,0.4838,0.262,0.5245,0.3137,0.2086,0.1614,0.3614,
1.0,0.9989,0.9696,0.9685,0.9684,0.9979,0.9959,0.9903,0.9862,0.927,0.7402,0.9311,0.9105,0.8433,0.8055,0.8591,0.6983,0.8306,0.9422,0.7893,0.6096,0.9484,0.7172,0.6193,0.599,0.6149,0.8621,0.5731,0.622,0.7803,0.4928,0.5584,0.3785,0.589,0.6803,0.5796,0.5315,0.3119,0.4813,0.2604,0.5367,0.3005,0.2068,0.1632,0.3608,
1.0,0.9991,0.9657,0.9648,0.9708,0.9965,0.9944,0.9914,0.9852,0.9229,0.7413,0.9309,0.9079,0.8408,0.8022,0.8545,0.6844,0.8258,0.9375,0.7807,0.6123,0.955,0.7195,0.6208,0.6008,0.6146,0.8579,0.5673,0.6119,0.7849,0.5088,0.5552,0.3935,0.5907,0.6793,0.5796,0.5193,0.3224,0.4839,0.2511,0.5252,0.3203,0.2107,0.1623,0.3586,
1.0,0.9984,0.9689,0.9673,0.9681,0.9972,0.9939,0.9892,0.9856,0.9259,0.7387,0.9292,0.9084,0.8403,0.8011,0.8554,0.6856,0.8269,0.9405,0.7832,0.6131,0.9528,0.7229,0.6241,0.6082,0.6183,0.8528,0.5655,0.6232,0.7759,0.5016,0.5537,0.3881,0.593,0.6823,0.5881,0.5261,0.3156,0.4768,0.2664,0.5242,0.3119,0.2096,0.1637,0.3543,
1.0,0.9987,0.9694,0.9681,0.9677,0.9974,0.9951,0.9909,0.9863,0.9166,0.7331,0.9305,0.9021,0.8412,0.8048,0.848,0.6915,0.8283,0.9438,0.7765,0.6076,0.9537,0.7187,0.6274,0.6155,0.6177,0.8606,0.5805,0.6173,0.7744,0.4996,0.5603,0.3971,0.5976,0.68,0.5826,0.5244,0.3307,0.4899,0.2577,0.5281,0.3122,0.2065,0.1718,0.3616,
1.0,0.9988,0.9682,0.967,0.9715,0.9972,0.9953,0.991,0.986,0.9229,0.7351,0.9338,0.908,0.8356,0.799,0.8567,0.6857,0.8223,0.9392,0.7864,0.6072,0.951,0.7251,0.6195,0.608,0.6101,0.864,0.5654,0.6209,0.7847,0.5035,0.5482,0.3904,0.5968,0.6764,0.5838,0.5163,0.3073,0.483,0.2532,0.5264,0.3126,0.2067,0.1581,0.353,
1.0,0.9992,0.9644,0.9636,0.9699,0.9971,0.9948,0.9914,0.9853,0.9246,0.7444,0.9284,0.9095,0.8462,0.8062,0.8545,0.6857,0.8313,0.9385,0.7805,0.6161,0.9554,0.7264,0.6223,0.6075,0.62,0.8575,0.5711,0.6217,0.7825,0.5036,0.5584,0.3833,0.5893,0.6726,0.5869,0.5247,0.3226,0.4782,0.2635,0.5229,0.3096,0.21,0.1623,0.3626,
1.0,0.999,0.971,0.97,0.9718,0.997,0.9952,0.9905,0.9849,0.9262,0.7362,0.9379,0.9111,0.8361,0.7987,0.8667,0.6816,0.8238,0.9433,0.7881,0.6132,0.953,0.7263,0.6253,0.6088,0.6131,0.8606,0.5652,0.6257,0.7849,0.5109,0.5515,0.3915,0.5922,0.6717,0.5831,0.5163,0.3124,0.4823,0.2579,0.5292,0.3121,0.2131,0.1647,0.3506,
1.0,0.999,0.9645,0.9635,0.9661,0.9974,0.9955,0.9907,0.9852,0.9249,0.7337,0.924,0.9089,0.8372,0.7985,0.8502,0.685,0.8229,0.9421,0.7851,0.6118,0.951,0.7241,0.6158,0.5984,0.6089,0.8612,0.57,0.6161,0.7824,0.5056,0.546,0.3805,0.5803,0.6702,0.5814,0.5201,0.3153,0.4809,0.2584,0.5251,0.31,0.2,0.1608,0.3484,
1.0,0.9989,0.9651,0.964,0.9725,0.9969,0.995,0.9902,0.9852,0.9226,0.7276,0.9304,0.9052,0.826,0.785,0.8549,0.6678,0.8138,0.945,0.7803,0.6025,0.9535,0.7234,0.6159,0.6069,0.6049,0.8538,0.557,0.619,0.7826,0.5102,0.5402,0.3875,0.5844,0.6787,0.5903,0.5321,0.3158,0.4766,0.2578,0.5204,0.3098,0.2089,0.166,0.3427,
1.0,0.9987,0.9671,0.9658,0.9705,0.9975,0.9953,0.9904,0.9842,0.9235,0.7332,0.9312,0.9085,0.834,0.7963,0.8559,0.682,0.8211,0.9413,0.7873,0.6102,0.9529,0.7257,0.6233,0.6132,0.6145,0.8617,0.5686,0.6214,0.7846,0.5084,0.5491,0.391,0.5902,0.6741,0.5887,0.5321,0.3215,0.4794,0.2636,0.5189,0.3188,0.2116,0.1638,0.3538,
1.0,0.999,0.9686,0.9676,0.9713,0.9975,0.9954,0.9898,0.9833,0.9263,0.7362,0.9336,0.9102,0.8379,0.7968,0.8619,0.6835,0.8245,0.9401,0.7871,0.6093,0.9531,0.7242,0.6248,0.6045,0.612,0.8575,0.5665,0.6143,0.7836,0.5051,0.5478,0.3911,0.5907,0.6672,0.5764,0.5206,0.3152,0.4849,0.2575,0.5223,0.3099,0.2073,0.1623,0.3466,
1.0,0.9984,0.9679,0.9663,0.9702,0.9968,0.9945,0.9903,0.9855,0.9205,0.7351,0.9308,0.9037,0.8411,0.8022,0.8534,0.6854,0.8283,0.9422,0.7792,0.6127,0.9539,0.7207,0.626,0.6107,0.6165,0.8563,0.5712,0.6184,0.7756,0.5006,0.5581,0.3854,0.5924,0.6778,0.5902,0.5292,0.3207,0.4814,0.2626,0.5279,0.3055,0.2051,0.1722,0.3556,
1.0,0.9986,0.9681,0.9667,0.9675,0.9978,0.9957,0.9905,0.9844,0.9273,0.7373,0.9287,0.9117,0.8411,0.8015,0.8578,0.6824,0.8272,0.9396,0.7798,0.6055,0.9513,0.7141,0.614,0.5926,0.613,0.8531,0.5653,0.6167,0.782,0.5068,0.5557,0.3825,0.597,0.6765,0.5805,0.5182,0.3248,0.4779,0.2554,0.5297,0.3167,0.2193,0.1635,0.3603,
1.0,0.9988,0.9659,0.9647,0.9712,0.9973,0.9953,0.9911,0.9852,0.9202,0.7361,0.9309,0.9052,0.8414,0.8038,0.8535,0.6825,0.8288,0.9439,0.7805,0.6128,0.9523,0.72,0.6267,0.6067,0.6125,0.8582,0.5696,0.6185,0.7844,0.5074,0.5529,0.391,0.5878,0.6736,0.5778,0.518,0.3193,0.4747,0.2552,0.5155,0.3124,0.2135,0.1591,0.3598,
1.0,0.9988,0.9687,0.9675,0.9694,0.9964,0.9944,0.9899,0.9854,0.9259,0.74,0.9321,0.9088,0.84,0.8021,0.8584,0.6821,0.8287,0.9424,0.7825,0.6152,0.9507,0.7278,0.6232,0.6122,0.6175,0.8542,0.5699,0.624,0.7848,0.5081,0.5539,0.3867,0.5872,0.6778,0.5858,0.5138,0.3174,0.479,0.257,0.5259,0.3143,0.21,0.1598,0.3569,
1.0,0.9984,0.9644,0.9628,0.9701,0.9963,0.9939,0.9905,0.9848,0.9232,0.7377,0.9263,0.9055,0.8415,0.7997,0.8515,0.6839,0.8284,0.9434,0.7813,0.6101,0.9544,0.7238,0.6236,0.6067,0.6126,0.8603,0.5703,0.6187,0.7795,0.501,0.5507,0.3887,0.5984,0.677,0.5827,0.5169,0.3164,0.4889,0.2559,0.5198,0.3144,0.2015,0.1605,0.3599,
1.0,0.9988,0.9652,0.964,0.9717,0.9977,0.9957,0.9897,0.9835,0.9245,0.732,0.9304,0.9082,0.8341,0.796,0.8554,0.6805,0.8213,0.9407,0.7894,0.6058,0.954,0.7257,0.6165,0.6076,0.615,0.8596,0.5617,0.623,0.787,0.5098,0.5456,0.3944,0.602,0.6763,0.5819,0.5187,0.3115,0.4907,0.2606,0.5289,0.3144,0.2109,0.1621,0.3604,
1.0,0.9992,0.9679,0.9671,0.9705,0.9973,0.9954,0.9906,0.9855,0.927,0.7391,0.9321,0.9106,0.8374,0.802,0.8611,0.6854,0.8241,0.942,0.7892,0.6167,0.9525,0.7271,0.6277,0.6132,0.62,0.8534,0.5682,0.6257,0.7876,0.5098,0.5493,0.3828,0.5847,0.6752,0.5926,0.5162,0.31,0.4727,0.2619,0.5239,0.3105,0.2087,0.1653,0.3471,
1.0,0.9987,0.972,0.9707,0.9707,0.9974,0.9957,0.9922,0.9854,0.9172,0.7301,0.9368,0.9037,0.8377,0.7997,0.8547,0.6872,0.8249,0.9406,0.7802,0.6046,0.9591,0.7201,0.6276,0.6127,0.6065,0.8616,0.5636,0.6164,0.7779,0.4961,0.5539,0.3823,0.597,0.6849,0.5787,0.5265,0.3126,0.4867,0.2539,0.5319,0.3016,0.2046,0.1623,0.3537,
1.0,0.9991,0.9685,0.9676,0.9678,0.9967,0.9943,0.9899,0.9842,0.9216,0.7299,0.9309,0.9047,0.8366,0.7982,0.8536,0.6815,0.8233,0.9383,0.7793,0.6087,0.955,0.725,0.6188,0.6109,0.6065,0.8558,0.5645,0.6231,0.7776,0.5073,0.5483,0.3841,0.597,0.6727,0.5829,0.5197,0.3201,0.481,0.2615,0.5255,0.3128,0.2048,0.1583,0.3522,
1.0,0.9989,0.9695,0.9684,0.9701,0.9974,0.9954,0.9916,0.9854,0.9212,0.7353,0.9336,0.9073,0.8371,0.7991,0.856,0.6789,0.8246,0.9421,0.7755,0.6137,0.9531,0.7225,0.6259,0.6105,0.6132,0.8551,0.5625,0.6235,0.7807,0.5019,0.5524,0.3995,0.5961,0.6749,0.5806,0.5127,0.3135,0.4731,0.25,0.5165,0.3126,0.2062,0.1629,0.353,
1.0,0.9988,0.9687,0.9675,0.9733,0.9977,0.9956,0.9906,0.9846,0.9241,0.7425,0.9356,0.9091,0.8421,0.805,0.8606,0.6944,0.828,0.9386,0.7931,0.6111,0.9543,0.72,0.6256,0.6075,0.6212,0.8624,0.5761,0.6179,0.787,0.5036,0.5554,0.3894,0.5921,0.6752,0.5797,0.5236,0.3109,0.4789,0.2587,0.5266,0.308,0.2065,0.1608,0.3564,
1.0,0.9991,0.9662,0.9653,0.9674,0.9974,0.9957,0.9917,0.9857,0.9225,0.7362,0.9267,0.9069,0.8407,0.8,0.851,0.6817,0.827,0.9378,0.7741,0.6062,0.9522,0.7176,0.6158,0.593,0.6003,0.8579,0.5567,0.6161,0.78,0.5033,0.5432,0.3821,0.5928,0.6715,0.5773,0.5069,0.3207,0.4778,0.2504,0.5206,0.3152,0.2038,0.1574,0.361,
1.0,0.999,0.967,0.966,0.9681,0.9975,0.9956,0.9912,0.9854,0.9217,0.7358,0.9293,0.9075,0.8399,0.803,0.8517,0.683,0.8252,0.9373,0.7813,0.6118,0.9533,0.7278,0.6226,0.61,0.6095,0.8579,0.5636,0.6251,0.7783,0.4922,0.548,0.3879,0.594,0.6696,0.5883,0.5194,0.3069,0.4825,0.272,0.5224,0.2992,0.199,0.1685,0.3578,
1.0,0.999,0.9682,0.9672,0.9676,0.9971,0.9954,0.9914,0.986,0.9221,0.737,0.9298,0.9072,0.8445,0.8076,0.8532,0.688,0.8317,0.9417,0.777,0.6131,0.9559,0.7256,0.625,0.6073,0.6117,0.8569,0.5719,0.626,0.7825,0.5074,0.5574,0.3878,0.5935,0.6782,0.5854,0.5333,0.3215,0.4769,0.271,0.5232,0.3136,0.2044,0.1636,0.3637,
1.0,0.9987,0.9671,0.9658,0.971,0.9977,0.9953,0.9899,0.9844,0.9228,0.736,0.9329,0.9081,0.8395,0.8025,0.8582,0.6832,0.8254,0.9402,0.7851,0.6094,0.9541,0.7223,0.6201,0.6107,0.6177,0.8576,0.5702,0.6221,0.785,0.51,0.5537,0.3968,0.5993,0.6826,0.5872,0.5282,0.3226,0.4864,0.2648,0.526,0.3215,0.2164,0.1725,0.359,
1.0,0.9991,0.9687,0.9678,0.9712,0.9964,0.9944,0.99,0.9831,0.9236,0.7339,0.9333,0.9056,0.8361,0.796,0.8576,0.6797,0.822,0.938,0.7834,0.6032,0.9518,0.7191,0.6191,0.6087,0.6128,0.8526,0.5646,0.6218,0.784,0.5094,0.5501,0.382,0.5933,0.6692,0.5785,0.5136,0.3126,0.4805,0.2555,0.5258,0.3129,0.2074,0.1623,0.353,
1.0,0.9987,0.9678,0.9665,0.9725,0.9981,0.9961,0.989,0.9843,0.9255,0.7396,0.9332,0.9089,0.8388,0.7996,0.8608,0.6906,0.8275,0.9454,0.7935,0.6137,0.9513,0.7249,0.627,0.61,0.6221,0.8636,0.576,0.6278,0.7886,0.5052,0.5558,0.3848,0.5927,0.6803,0.5869,0.528,0.3052,0.4875,0.2661,0.5386,0.3114,0.2124,0.1653,0.3646,
1.0,0.9987,0.9682,0.9669,0.9727,0.9976,0.9947,0.9898,0.9849,0.9194,0.7377,0.9331,0.9022,0.8418,0.8031,0.8526,0.6876,0.8283,0.9407,0.7792,0.6093,0.9533,0.7188,0.6295,0.6041,0.6115,0.8533,0.565,0.6164,0.7835,0.5078,0.5541,0.3912,0.5915,0.6792,0.5797,0.5235,0.3201,0.4702,0.2606,0.5186,0.316,0.2123,0.1598,0.3548,
1.0,0.9991,0.9662,0.9653,0.9698,0.9975,0.9957,0.9894,0.9847,0.9238,0.7307,0.9296,0.9071,0.8313,0.7926,0.8554,0.6759,0.8195,0.9401,0.7813,0.6078,0.9546,0.7278,0.6191,0.6116,0.6041,0.8507,0.554,0.6217,0.7774,0.5012,0.5395,0.3875,0.5905,0.6765,0.5856,0.5149,0.309,0.4778,0.2546,0.5227,0.3088,0.2043,0.1649,0.3485,
1.0,0.9991,0.966,0.9651,0.968,0.9977,0.9957,0.9914,0.9867,0.9287,0.742,0.9276,0.9135,0.8406,0.8027,0.857,0.6881,0.8278,0.9401,0.7869,0.6142,0.9535,0.7235,0.6155,0.5994,0.6143,0.8623,0.5667,0.6241,0.7852,0.4989,0.5467,0.3818,0.5942,0.6715,0.5817,0.5198,0.3109,0.4751,0.2693,0.5204,0.3077,0.2038,0.155,0.3591,
1.0,0.9988,0.9677,0.9665,0.971,0.9975,0.9955,0.9895,0.9833,0.922,0.7352,0.9308,0.9046,0.8408,0.7987,0.8544,0.688,0.8274,0.9399,0.7844,0.6074,0.9516,0.7166,0.6238,0.6049,0.6141,0.8592,0.5702,0.615,0.7784,0.5023,0.5503,0.3828,0.5852,0.6752,0.5743,0.5262,0.3178,0.4763,0.2622,0.5265,0.3052,0.2065,0.1587,0.3515,
1.0,0.9978,0.9682,0.966,0.9708,0.9976,0.9945,0.9898,0.9842,0.9232,0.7401,0.9307,0.9071,0.8412,0.8016,0.8553,0.6819,0.8276,0.9397,0.7787,0.6062,0.9549,0.7166,0.6192,0.6037,0.6152,0.8548,0.5679,0.6156,0.7854,0.5036,0.5537,0.3815,0.596,0.6758,0.575,0.5176,0.3134,0.4859,0.2579,0.5243,0.3166,0.2133,0.1593,0.3601,
1.0,0.9987,0.9676,0.9663,0.9732,0.998,0.996,0.9894,0.9835,0.9272,0.7405,0.9332,0.9098,0.8389,0.7983,0.8612,0.6798,0.8262,0.9413,0.7836,0.6163,0.953,0.731,0.6285,0.6137,0.618,0.8498,0.5592,0.6324,0.7895,0.5121,0.5544,0.3925,0.5872,0.6729,0.59,0.5117,0.3115,0.4726,0.267,0.5213,0.318,0.2133,0.1635,0.3538,
1.0,0.9995,0.9692,0.9687,0.9691,0.9976,0.9962,0.9912,0.9872,0.9155,0.732,0.9328,0.9001,0.8396,0.8066,0.8496,0.6842,0.8271,0.9417,0.7731,0.6041,0.9526,0.7123,0.6221,0.5995,0.6066,0.8492,0.5544,0.6115,0.7697,0.493,0.5426,0.3834,0.5825,0.6807,0.5752,0.5174,0.3145,0.472,0.2519,0.5245,0.3041,0.1979,0.1587,0.3566,
1.0,0.9995,0.969,0.9685,0.9699,0.9965,0.9949,0.9919,0.9872,0.9199,0.7338,0.9331,0.9046,0.8376,0.7988,0.8539,0.6896,0.8241,0.9401,0.7801,0.6101,0.9538,0.7237,0.6299,0.6101,0.6086,0.8587,0.5719,0.6229,0.7791,0.5103,0.5579,0.3943,0.59,0.6751,0.5821,0.5241,0.3223,0.4754,0.2641,0.5299,0.3087,0.2054,0.1664,0.3535,
1.0,0.9991,0.9659,0.965,0.9732,0.998,0.996,0.9923,0.987,0.9295,0.7414,0.9331,0.9163,0.8358,0.7988,0.8645,0.6821,0.8225,0.9388,0.7904,0.6002,0.9552,0.7239,0.6097,0.5986,0.61,0.8612,0.5582,0.6163,0.7943,0.5144,0.5395,0.3808,0.5854,0.6709,0.5793,0.5209,0.3227,0.479,0.2544,0.5254,0.323,0.2132,0.1567,0.3491,
1.0,0.9986,0.9695,0.9681,0.9719,0.9976,0.9952,0.9901,0.9837,0.9207,0.7294,0.9345,0.9048,0.8348,0.7914,0.8561,0.6805,0.821,0.9385,0.7811,0.6056,0.954,0.7204,0.6217,0.61,0.6014,0.8561,0.5595,0.6197,0.777,0.4966,0.5423,0.3844,0.5893,0.6753,0.582,0.5175,0.3101,0.4802,0.255,0.5218,0.3046,0.2018,0.1637,0.3447,
1.0,0.9983,0.9672,0.9655,0.9706,0.9974,0.995,0.9903,0.9844,0.9253,0.7362,0.9306,0.9104,0.8367,0.7963,0.8569,0.6778,0.8229,0.9391,0.7813,0.6151,0.9542,0.7266,0.6238,0.6087,0.6135,0.8497,0.5624,0.6235,0.7834,0.5107,0.5498,0.3917,0.5898,0.6744,0.593,0.5146,0.3182,0.4782,0.2623,0.524,0.3074,0.2077,0.1689,0.3489,
1.0,0.9995,0.9666,0.9661,0.9677,0.9968,0.9952,0.9919,0.987,0.9242,0.7401,0.9279,0.9081,0.8428,0.8057,0.8547,0.6887,0.8296,0.9427,0.7797,0.616,0.9514,0.7228,0.6248,0.6118,0.6181,0.8594,0.5789,0.6241,0.7844,0.5135,0.5608,0.3935,0.5892,0.672,0.5874,0.5191,0.324,0.4792,0.267,0.5216,0.3194,0.2074,0.1588,0.3538,
1.0,0.9988,0.9684,0.9672,0.9719,0.9971,0.9948,0.9913,0.986,0.9227,0.7404,0.9347,0.9086,0.8423,0.8046,0.8587,0.6859,0.8289,0.9448,0.7816,0.6177,0.956,0.7255,0.6321,0.608,0.6179,0.8519,0.5688,0.6211,0.7782,0.5083,0.5529,0.3926,0.5864,0.6763,0.5886,0.5293,0.319,0.4834,0.2618,0.5221,0.3177,0.207,0.1709,0.3478,
1.0,0.9989,0.9686,0.9675,0.9719,0.9973,0.9954,0.9909,0.9861,0.9213,0.741,0.9336,0.9055,0.8426,0.8057,0.8569,0.6882,0.8306,0.9404,0.7794,0.6097,0.9555,0.7147,0.6237,0.6064,0.621,0.8529,0.5706,0.6156,0.7811,0.508,0.5598,0.3962,0.5973,0.6814,0.5716,0.5202,0.322,0.4766,0.2615,0.5298,0.315,0.209,0.1652,0.3607,
1.0,0.9987,0.9702,0.9689,0.9688,0.9974,0.9947,0.9905,0.9846,0.9201,0.7317,0.9332,0.9056,0.8371,0.8,0.8549,0.6841,0.8226,0.9396,0.7811,0.6056,0.9527,0.7202,0.623,0.6144,0.6095,0.8604,0.5693,0.6206,0.7815,0.5067,0.5502,0.3929,0.5991,0.6714,0.5815,0.5221,0.3275,0.4784,0.2577,0.5218,0.3159,0.2074,0.1653,0.3537,
1.0,0.9989,0.968,0.9669,0.9716,0.9972,0.9956,0.9914,0.9856,0.9282,0.7478,0.9332,0.9126,0.8444,0.808,0.8619,0.693,0.8319,0.9383,0.7919,0.6162,0.9536,0.7263,0.625,0.6098,0.624,0.858,0.5738,0.6296,0.7943,0.5176,0.5604,0.3897,0.5926,0.6746,0.5888,0.516,0.3215,0.4817,0.2675,0.5285,0.3214,0.2196,0.1612,0.3597,
1.0,0.9987,0.9674,0.9661,0.9652,0.9982,0.9952,0.99,0.9851,0.9239,0.7299,0.9278,0.9102,0.8357,0.7986,0.854,0.6805,0.8222,0.9368,0.7801,0.6079,0.9562,0.7306,0.6155,0.6041,0.6037,0.8606,0.5629,0.6244,0.7803,0.5028,0.5494,0.3823,0.585,0.6808,0.5861,0.5203,0.3216,0.4773,0.2585,0.5348,0.3099,0.2178,0.1624,0.3565,
1.0,0.999,0.9652,0.9642,0.9685,0.9975,0.9956,0.9886,0.9841,0.9228,0.7296,0.9271,0.9051,0.8353,0.7972,0.8509,0.6801,0.8234,0.9418,0.7812,0.6055,0.9509,0.7203,0.6169,0.601,0.6101,0.8548,0.5644,0.6186,0.7765,0.5025,0.5482,0.389,0.5904,0.6738,0.5793,0.5225,0.3129,0.4763,0.2605,0.519,0.3105,0.2035,0.1606,0.3558,
1.0,0.9985,0.9678,0.9663,0.9687,0.9974,0.9951,0.9901,0.9847,0.9239,0.7359,0.9288,0.9068,0.8409,0.8009,0.8545,0.6852,0.8284,0.9418,0.7812,0.6072,0.9543,0.7182,0.6182,0.6026,0.6145,0.8576,0.5736,0.6167,0.7847,0.5042,0.5588,0.3856,0.5977,0.6749,0.5742,0.5199,0.3228,0.4837,0.2558,0.5211,0.3108,0.2021,0.1623,0.3591,
1.0,0.9991,0.9678,0.9669,0.9693,0.9965,0.9946,0.9907,0.986,0.9198,0.7321,0.9321,0.9042,0.8351,0.8011,0.853,0.6816,0.8228,0.9402,0.782,0.6026,0.9507,0.7146,0.6138,0.5968,0.6075,0.8556,0.5616,0.612,0.7767,0.5031,0.5431,0.385,0.5861,0.6778,0.5789,0.5244,0.3129,0.4788,0.255,0.5219,0.3081,0.2127,0.1633,0.3534,
1.0,0.9991,0.9677,0.9668,0.9692,0.9962,0.9947,0.991,0.9851,0.92,0.7311,0.9303,0.9032,0.8366,0.7985,0.8509,0.6864,0.8236,0.9394,0.7837,0.6109,0.9537,0.7227,0.6233,0.6126,0.6098,0.8593,0.5657,0.6179,0.774,0.499,0.5435,0.39,0.5863,0.6702,0.5864,0.5275,0.3089,0.4792,0.2678,0.5181,0.3012,0.1959,0.1684,0.353,
1.0,0.9982,0.9692,0.9674,0.9693,0.9972,0.9943,0.9897,0.9833,0.9208,0.7339,0.9317,0.9052,0.8405,0.8015,0.8544,0.6818,0.8253,0.9371,0.7796,0.6073,0.9528,0.7191,0.6202,0.6058,0.6108,0.8544,0.5652,0.6227,0.7774,0.5065,0.5532,0.3978,0.5983,0.6804,0.5823,0.5225,0.3155,0.4793,0.2599,0.5277,0.3193,0.215,0.1629,0.3551,
1.0,0.9987,0.9659,0.9646,0.9657,0.9976,0.995,0.9904,0.985,0.9206,0.7351,0.924,0.9048,0.8432,0.8043,0.8459,0.6879,0.8295,0.9351,0.7753,0.6125,0.9517,0.7191,0.6236,0.6016,0.6075,0.8541,0.5684,0.6202,0.7768,0.4959,0.5511,0.385,0.5904,0.6676,0.5785,0.5125,0.3178,0.4768,0.2673,0.5271,0.3087,0.2094,0.1596,0.3578,
1.0,0.9991,0.9695,0.9686,0.9678,0.9973,0.9956,0.9918,0.9867,0.9245,0.7369,0.9322,0.9112,0.8391,0.8029,0.8569,0.6892,0.8271,0.941,0.784,0.6122,0.9542,0.7228,0.6237,0.6039,0.6096,0.8622,0.5722,0.6283,0.7843,0.5102,0.5551,0.3888,0.5964,0.6795,0.5866,0.5189,0.3196,0.4869,0.2638,0.5314,0.319,0.2127,0.156,0.359,
1.0,0.9992,0.9646,0.9638,0.9718,0.9979,0.9964,0.9905,0.985,0.9194,0.738,0.9311,0.9044,0.8425,0.807,0.8517,0.6857,0.8299,0.9384,0.7802,0.6052,0.9494,0.7175,0.6176,0.6034,0.6166,0.8573,0.5699,0.6122,0.7857,0.5002,0.55,0.3908,0.5862,0.6688,0.575,0.5086,0.3177,0.4771,0.2546,0.5212,0.3116,0.2069,0.1578,0.3508,
1.0,0.9988,0.97,0.9688,0.9691,0.9974,0.9952,0.9898,0.9855,0.9329,0.7437,0.9329,0.917,0.8405,0.8021,0.8664,0.6892,0.8278,0.9387,0.7914,0.6159,0.9493,0.7308,0.6223,0.6098,0.616,0.8586,0.5664,0.6367,0.788,0.5054,0.5507,0.3902,0.5947,0.6761,0.5901,0.5227,0.3184,0.4834,0.2743,0.5265,0.3147,0.2096,0.1688,0.3524,
1.0,0.9993,0.9679,0.9672,0.9699,0.9971,0.9952,0.9905,0.9863,0.9216,0.7362,0.9316,0.9054,0.8394,0.8045,0.855,0.6871,0.8286,0.9405,0.7825,0.6082,0.9549,0.7207,0.6205,0.6096,0.6126,0.8568,0.5719,0.6179,0.7865,0.5069,0.551,0.3949,0.5954,0.6679,0.5784,0.5217,0.3184,0.4807,0.2584,0.5205,0.3215,0.2099,0.162,0.3656,
1.0,0.999,0.9672,0.9662,0.973,0.9976,0.9957,0.9899,0.9827,0.9215,0.7402,0.9341,0.9056,0.8444,0.8055,0.8579,0.6895,0.8285,0.9355,0.7849,0.6148,0.9543,0.7272,0.6326,0.6094,0.611,0.8592,0.5634,0.6229,0.7846,0.5156,0.5456,0.4006,0.5949,0.6749,0.5891,0.5151,0.3123,0.4857,0.2668,0.524,0.325,0.2094,0.1615,0.3593,
1.0,0.9988,0.9662,0.965,0.9689,0.9979,0.9963,0.9898,0.984,0.9205,0.7314,0.9286,0.9049,0.8378,0.7989,0.8496,0.6841,0.8244,0.937,0.7811,0.6039,0.9518,0.7161,0.6166,0.6042,0.6088,0.8552,0.5652,0.6181,0.7725,0.4881,0.5468,0.3806,0.5872,0.6687,0.5775,0.5216,0.3047,0.4712,0.2604,0.5197,0.2958,0.199,0.1554,0.3464,
1.0,0.9983,0.9674,0.9657,0.969,0.9979,0.9957,0.9897,0.9833,0.9233,0.7395,0.929,0.9077,0.845,0.8018,0.8538,0.6829,0.8319,0.937,0.7749,0.616,0.9544,0.728,0.6283,0.6077,0.6077,0.855,0.5611,0.6278,0.778,0.5032,0.5541,0.3897,0.5904,0.6752,0.5872,0.5176,0.3201,0.4756,0.262,0.5252,0.3107,0.21,0.1634,0.3516,
1.0,0.9985,0.9676,0.9661,0.9675,0.9975,0.9946,0.9871,0.9818,0.9206,0.7302,0.9276,0.9016,0.8394,0.7978,0.8504,0.6802,0.8249,0.9403,0.776,0.6117,0.9471,0.7198,0.6214,0.6066,0.6125,0.8508,0.5717,0.6234,0.7761,0.5034,0.556,0.3867,0.5782,0.6758,0.5773,0.5138,0.3203,0.4673,0.2556,0.527,0.3038,0.2048,0.1605,0.344,
1.0,0.9994,0.9665,0.9659,0.9689,0.9969,0.9954,0.9917,0.9861,0.926,0.7416,0.9299,0.9108,0.8438,0.8069,0.8575,0.6817,0.8322,0.9405,0.7797,0.6183,0.9562,0.7302,0.6255,0.6063,0.6142,0.8509,0.5634,0.6289,0.7795,0.5044,0.5476,0.3821,0.587,0.6745,0.5926,0.5189,0.3146,0.4785,0.2657,0.5239,0.3143,0.2066,0.1567,0.3565,
1.0,0.9988,0.9679,0.9667,0.9701,0.9972,0.9948,0.9892,0.9834,0.9238,0.7409,0.9319,0.9077,0.8435,0.8039,0.8564,0.6912,0.8288,0.9398,0.7874,0.6122,0.9537,0.7198,0.6229,0.6053,0.6233,0.8634,0.5754,0.6083,0.7813,0.5036,0.5536,0.3921,0.5935,0.6791,0.5782,0.5253,0.3171,0.4856,0.2593,0.5268,0.3088,0.202,0.1654,0.3517,
1.0,0.9989,0.9641,0.963,0.9701,0.9977,0.9957,0.9917,0.9861,0.9221,0.7333,0.9287,0.9087,0.8344,0.7982,0.8516,0.6757,0.8209,0.9413,0.7783,0.6126,0.9543,0.7301,0.6213,0.611,0.6132,0.8582,0.5697,0.619,0.7902,0.507,0.5495,0.3875,0.5837,0.6735,0.5874,0.5325,0.3126,0.4815,0.2626,0.5181,0.3093,0.2011,0.1698,0.3503,
1.0,0.9989,0.9657,0.9646,0.97,0.9965,0.9944,0.991,0.9868,0.9238,0.7392,0.9294,0.9078,0.8417,0.8054,0.8543,0.6858,0.8283,0.9403,0.7831,0.6119,0.9531,0.725,0.6234,0.6049,0.6121,0.8553,0.5623,0.621,0.781,0.5066,0.5462,0.3897,0.587,0.6708,0.5904,0.5227,0.3069,0.478,0.2649,0.5197,0.314,0.2039,0.163,0.3618,
1.0,0.9989,0.9664,0.9653,0.9699,0.9978,0.9958,0.99,0.9844,0.9254,0.7379,0.9292,0.9087,0.8398,0.7999,0.8561,0.687,0.8266,0.9368,0.7871,0.6048,0.953,0.7201,0.6176,0.6023,0.6076,0.8587,0.5626,0.6251,0.7814,0.4962,0.5479,0.3795,0.5966,0.6787,0.5852,0.5207,0.3107,0.4834,0.2656,0.5313,0.3023,0.2032,0.1599,0.3567,
1.0,0.9983,0.9682,0.9665,0.9705,0.9982,0.9954,0.9885,0.9841,0.922,0.7299,0.9316,0.9061,0.835,0.7965,0.8541,0.682,0.8238,0.9424,0.7809,0.6039,0.9545,0.722,0.6169,0.6082,0.6127,0.8565,0.5696,0.6183,0.7824,0.5027,0.5575,0.3852,0.5889,0.6814,0.5795,0.5269,0.3162,0.48,0.2519,0.5282,0.3125,0.2073,0.1676,0.3535,
1.0,0.9987,0.9688,0.9675,0.9675,0.9976,0.9955,0.9914,0.9858,0.9235,0.7338,0.9296,0.9092,0.8388,0.8041,0.854,0.6874,0.8264,0.9377,0.7811,0.6054,0.9577,0.7245,0.6173,0.6108,0.6115,0.8594,0.5669,0.6207,0.7849,0.5118,0.5482,0.3913,0.5918,0.6729,0.581,0.5199,0.318,0.487,0.2557,0.5251,0.3269,0.2105,0.1598,0.3637,
1.0,0.9989,0.9682,0.9671,0.9671,0.997,0.9953,0.9901,0.9835,0.9206,0.731,0.928,0.9027,0.8413,0.8009,0.8501,0.6843,0.8271,0.938,0.777,0.6017,0.9532,0.7117,0.6167,0.5985,0.607,0.8539,0.5658,0.6166,0.7734,0.4908,0.5545,0.3783,0.5925,0.6857,0.5797,0.5234,0.3122,0.4827,0.2561,0.5344,0.3055,0.2096,0.1677,0.3622,
1.0,0.9992,0.967,0.9662,0.9698,0.9983,0.9962,0.9915,0.9849,0.93,0.7351,0.9308,0.9155,0.8313,0.7929,0.8604,0.6731,0.8163,0.9374,0.7854,0.614,0.9537,0.7342,0.6175,0.6081,0.6136,0.8567,0.5565,0.6231,0.7918,0.5083,0.5415,0.3957,0.5882,0.6716,0.5856,0.5141,0.3144,0.4814,0.2576,0.5211,0.3136,0.2093,0.1665,0.3501,
1.0,0.999,0.9677,0.9667,0.971,0.9976,0.9956,0.9909,0.9855,0.9199,0.7423,0.9316,0.9036,0.8459,0.8114,0.8525,0.7007,0.8321,0.9408,0.7885,0.6091,0.953,0.713,0.6256,0.5997,0.6232,0.8597,0.5741,0.6095,0.7825,0.5021,0.5597,0.3848,0.5907,0.6758,0.5763,0.5271,0.31,0.4807,0.264,0.5205,0.3067,0.2029,0.1595,0.3624,
1.0,0.9982,0.9641,0.9623,0.9688,0.9972,0.9944,0.9894,0.984,0.9209,0.7307,0.9255,0.9039,0.8371,0.796,0.8476,0.6709,0.824,0.9437,0.7705,0.6129,0.9511,0.7238,0.6219,0.6086,0.6113,0.8495,0.5657,0.6164,0.7835,0.4983,0.5544,0.3874,0.5843,0.6754,0.5872,0.5107,0.3218,0.4737,0.2517,0.5147,0.3099,0.2032,0.1617,0.3475,
1.0,0.9984,0.969,0.9674,0.9696,0.9971,0.9942,0.9907,0.9855,0.9223,0.7334,0.9306,0.9062,0.8388,0.8001,0.8551,0.6876,0.8251,0.9419,0.7795,0.6076,0.9526,0.7199,0.6245,0.6066,0.6097,0.8569,0.5662,0.6175,0.7799,0.4955,0.5503,0.379,0.584,0.6815,0.5801,0.5251,0.3073,0.4737,0.2587,0.5238,0.3045,0.2062,0.1599,0.3484,
1.0,0.999,0.9707,0.9697,0.9708,0.9972,0.9958,0.9919,0.9857,0.9235,0.7352,0.9348,0.9083,0.8369,0.8001,0.8602,0.6891,0.824,0.9449,0.7891,0.6081,0.9543,0.7183,0.626,0.6087,0.6185,0.8582,0.5732,0.6188,0.7813,0.5123,0.5499,0.3913,0.5865,0.6751,0.5842,0.526,0.3173,0.4743,0.2606,0.517,0.3118,0.2066,0.159,0.3485,
1.0,0.999,0.9714,0.9704,0.9712,0.9976,0.9963,0.9907,0.9848,0.9228,0.7357,0.9357,0.9055,0.8395,0.7985,0.8586,0.6837,0.8274,0.9467,0.7775,0.6092,0.9549,0.7195,0.6291,0.6031,0.6157,0.8514,0.5671,0.6139,0.7791,0.5051,0.5517,0.3928,0.5968,0.6774,0.5786,0.5251,0.3125,0.4822,0.2554,0.5172,0.3086,0.2071,0.1677,0.3525,
1.0,0.9991,0.9703,0.9694,0.9708,0.9966,0.9947,0.9907,0.9847,0.9205,0.7354,0.9332,0.9021,0.8401,0.7981,0.8551,0.6849,0.8265,0.9392,0.7771,0.6175,0.9519,0.7255,0.6339,0.6134,0.6073,0.8567,0.563,0.6275,0.774,0.5011,0.5484,0.3959,0.5989,0.6793,0.5861,0.5195,0.3084,0.4719,0.268,0.5195,0.3078,0.2023,0.1648,0.3554,
1.0,0.9991,0.9683,0.9674,0.9683,0.9968,0.9953,0.9921,0.9863,0.9247,0.7392,0.9318,0.9105,0.8439,0.805,0.8564,0.6901,0.8308,0.9403,0.7821,0.6196,0.953,0.7257,0.6279,0.61,0.6144,0.8595,0.5727,0.6255,0.7795,0.5052,0.5521,0.3882,0.5904,0.673,0.5857,0.5224,0.3221,0.4816,0.2662,0.5272,0.3133,0.2028,0.1663,0.3581,
1.0,0.9994,0.9669,0.9663,0.9723,0.9971,0.9954,0.9917,0.9854,0.9229,0.7354,0.9344,0.9079,0.836,0.8003,0.8581,0.6865,0.8212,0.9396,0.7887,0.6102,0.9514,0.724,0.6243,0.6109,0.6105,0.8589,0.5675,0.6254,0.7895,0.5121,0.5504,0.399,0.6013,0.6792,0.5877,0.5212,0.3234,0.4879,0.2645,0.5374,0.3234,0.2159,0.1745,0.3629,
1.0,0.9987,0.971,0.9697,0.9687,0.9967,0.9943,0.9911,0.986,0.918,0.7283,0.9334,0.9024,0.8372,0.8012,0.851,0.6843,0.8245,0.9407,0.7737,0.604,0.9546,0.7177,0.6197,0.6133,0.6119,0.8537,0.5669,0.6175,0.7767,0.503,0.5581,0.3955,0.5981,0.6835,0.5789,0.5198,0.3194,0.4766,0.2567,0.5219,0.3122,0.2067,0.1635,0.3494,
1.0,0.9989,0.9643,0.9632,0.967,0.9981,0.996,0.9902,0.9856,0.921,0.7271,0.9242,0.9048,0.8338,0.7967,0.8467,0.6793,0.8215,0.9416,0.7787,0.604,0.9531,0.7196,0.6126,0.6033,0.604,0.8584,0.5649,0.6156,0.7829,0.4939,0.5537,0.3852,0.594,0.6809,0.577,0.5206,0.3142,0.4889,0.256,0.5302,0.3111,0.2039,0.1608,0.3582,
1.0,0.9992,0.9717,0.9709,0.9699,0.997,0.9952,0.9912,0.9851,0.9238,0.7345,0.9359,0.9085,0.839,0.801,0.8606,0.6866,0.8239,0.9374,0.7826,0.6088,0.9505,0.7174,0.6258,0.6051,0.6117,0.8573,0.5676,0.6194,0.7796,0.4959,0.5536,0.3845,0.5821,0.6676,0.5764,0.5148,0.3086,0.4667,0.2544,0.5306,0.3022,0.2008,0.1589,0.3452,
1.0,0.9981,0.9673,0.9654,0.9704,0.9975,0.994,0.9896,0.9852,0.9176,0.732,0.9298,0.9012,0.8403,0.8015,0.8483,0.6877,0.8269,0.939,0.7773,0.6056,0.9507,0.7176,0.6226,0.6076,0.6064,0.8589,0.5639,0.6149,0.7763,0.4948,0.549,0.3892,0.5916,0.6715,0.5747,0.5142,0.3142,0.4786,0.2547,0.5242,0.3093,0.2007,0.1567,0.3578,
1.0,0.999,0.9668,0.9658,0.9719,0.9974,0.9957,0.9906,0.985,0.9203,0.7319,0.9329,0.9051,0.8345,0.7969,0.8546,0.6765,0.8214,0.9421,0.7781,0.6018,0.9509,0.7127,0.6168,0.6053,0.6135,0.8561,0.5678,0.612,0.7853,0.5057,0.5502,0.3937,0.5961,0.6707,0.5744,0.519,0.3149,0.4832,0.2555,0.527,0.3161,0.2018,0.1642,0.3596,
1.0,0.9983,0.9691,0.9674,0.9723,0.9969,0.9942,0.9906,0.9861,0.926,0.7368,0.9347,0.9107,0.8356,0.7987,0.8621,0.6834,0.8234,0.9428,0.7865,0.6127,0.9533,0.7267,0.6241,0.6102,0.6125,0.8573,0.5646,0.6256,0.7849,0.505,0.5492,0.392,0.5925,0.6766,0.5884,0.5285,0.315,0.4769,0.2612,0.5255,0.3103,0.2075,0.1696,0.3581,
1.0,0.9991,0.9698,0.9689,0.9688,0.9976,0.9954,0.9906,0.9849,0.9278,0.7328,0.9316,0.9118,0.8316,0.7901,0.8611,0.6796,0.8171,0.9372,0.7858,0.6082,0.9527,0.7261,0.6185,0.6055,0.6076,0.86,0.5658,0.6247,0.787,0.5097,0.5512,0.3915,0.5918,0.682,0.5844,0.5203,0.3098,0.4816,0.2613,0.535,0.3189,0.211,0.1686,0.3445,
1.0,0.9988,0.9694,0.9682,0.9703,0.9978,0.9955,0.9903,0.9851,0.9201,0.7416,0.933,0.9045,0.845,0.8073,0.8537,0.6972,0.8306,0.9386,0.7842,0.6144,0.9522,0.723,0.6297,0.605,0.614,0.8602,0.5763,0.622,0.7826,0.5056,0.5617,0.3903,0.5915,0.6853,0.583,0.5233,0.3187,0.482,0.2687,0.5327,0.3088,0.2146,0.1639,0.3566,
1.0,0.9988,0.9692,0.968,0.969,0.9969,0.9947,0.9924,0.9875,0.9277,0.7361,0.9315,0.9131,0.8337,0.7993,0.8604,0.6775,0.8197,0.9387,0.7807,0.6066,0.9506,0.7298,0.6188,0.608,0.6086,0.857,0.5583,0.6297,0.7956,0.5037,0.5482,0.3979,0.5944,0.6755,0.5826,0.5109,0.3168,0.4806,0.2602,0.5185,0.3169,0.211,0.1722,0.3596,
1.0,0.999,0.9695,0.9685,0.9655,0.9975,0.9949,0.99,0.9854,0.9273,0.7381,0.9287,0.9113,0.8384,0.7993,0.8571,0.6851,0.8231,0.9389,0.7801,0.6129,0.9542,0.724,0.6204,0.6028,0.6136,0.8557,0.5686,0.6266,0.7833,0.508,0.5552,0.3813,0.5956,0.6851,0.586,0.526,0.3158,0.48,0.2608,0.5225,0.3138,0.211,0.163,0.3574,
1.0,0.9988,0.9647,0.9635,0.9679,0.9964,0.9946,0.9902,0.9848,0.9187,0.732,0.9264,0.902,0.8422,0.8028,0.847,0.6896,0.8291,0.9405,0.7822,0.6096,0.9522,0.7243,0.6222,0.6072,0.6045,0.8632,0.5706,0.6155,0.774,0.4925,0.5455,0.3823,0.5843,0.6744,0.5854,0.5317,0.3133,0.4879,0.2592,0.5294,0.306,0.2062,0.1619,0.3561,
1.0,0.999,0.9705,0.9695,0.9678,0.9978,0.9959,0.9898,0.9845,0.9219,0.7351,0.9315,0.9051,0.8391,0.7972,0.8548,0.6835,0.8262,0.9391,0.7751,0.6076,0.954,0.7241,0.62,0.6157,0.6123,0.8545,0.5701,0.6297,0.7794,0.4964,0.5606,0.3815,0.593,0.6772,0.587,0.5134,0.3173,0.4768,0.2572,0.527,0.3047,0.1987,0.1644,0.3528,
1.0,0.9987,0.9666,0.9653,0.9692,0.9976,0.995,0.9893,0.9843,0.9271,0.7414,0.9295,0.911,0.8411,0.8021,0.8578,0.6885,0.8266,0.9396,0.788,0.6137,0.9488,0.7244,0.6219,0.6086,0.6197,0.8603,0.573,0.6251,0.7838,0.5057,0.5545,0.3935,0.5956,0.6777,0.5873,0.524,0.3219,0.4836,0.2704,0.533,0.3185,0.2065,0.1583,0.3577,
1.0,0.999,0.9708,0.9698,0.9706,0.9976,0.9959,0.9907,0.9857,0.9208,0.7324,0.9362,0.907,0.8336,0.7948,0.8575,0.6808,0.8208,0.9405,0.78,0.6078,0.9521,0.7225,0.6214,0.6075,0.602,0.8607,0.5609,0.6227,0.7824,0.5066,0.5422,0.3916,0.5867,0.6685,0.5805,0.5242,0.3191,0.4772,0.2538,0.5215,0.3152,0.2082,0.1646,0.351,
1.0,0.9991,0.9649,0.964,0.9673,0.9972,0.9953,0.9899,0.9839,0.9256,0.7324,0.9258,0.9083,0.8366,0.7979,0.8537,0.6791,0.8229,0.9432,0.7805,0.607,0.9503,0.7187,0.6135,0.5936,0.6123,0.8592,0.5678,0.6062,0.7844,0.5086,0.5435,0.3842,0.5818,0.6681,0.5696,0.5164,0.3186,0.4792,0.2497,0.5119,0.3123,0.2015,0.1566,0.3503,
1.0,0.9984,0.9685,0.9669,0.9683,0.9985,0.9961,0.9906,0.9845,0.9248,0.7383,0.9291,0.9103,0.8427,0.8009,0.8547,0.6875,0.8294,0.9396,0.7811,0.6153,0.9507,0.7246,0.6258,0.6091,0.6146,0.8578,0.5729,0.6222,0.7786,0.4981,0.5511,0.3843,0.5808,0.6668,0.5845,0.514,0.323,0.4745,0.2651,0.5227,0.3052,0.1995,0.1624,0.3419,
1.0,0.9985,0.9677,0.9662,0.9683,0.9978,0.9957,0.9916,0.984,0.9248,0.7373,0.9286,0.9097,0.8409,0.8017,0.8542,0.6836,0.8266,0.9384,0.7797,0.6101,0.956,0.7227,0.617,0.6067,0.6184,0.8558,0.5675,0.6143,0.7841,0.4987,0.5552,0.3852,0.5928,0.6745,0.5811,0.5267,0.3156,0.4836,0.2616,0.524,0.311,0.1993,0.1696,0.348,
1.0,0.9993,0.9675,0.9668,0.973,0.9964,0.9946,0.9901,0.9852,0.9235,0.7404,0.9345,0.906,0.8408,0.7998,0.8585,0.6822,0.8272,0.9417,0.7801,0.6121,0.949,0.7224,0.6255,0.6071,0.6156,0.8525,0.5639,0.621,0.7816,0.5045,0.5502,0.3953,0.5897,0.6787,0.5821,0.5164,0.3162,0.4763,0.2569,0.5268,0.3145,0.2144,0.1663,0.3564,
1.0,0.9993,0.9694,0.9687,0.9689,0.9972,0.9957,0.9922,0.9859,0.9208,0.7359,0.9318,0.9057,0.8418,0.8044,0.8547,0.6831,0.8289,0.9397,0.7744,0.6109,0.9558,0.7208,0.6242,0.6032,0.6068,0.8527,0.5603,0.6228,0.7793,0.4991,0.5504,0.3869,0.5916,0.6755,0.581,0.5214,0.3179,0.4772,0.2658,0.5225,0.3097,0.209,0.1651,0.3571,
1.0,0.999,0.9656,0.9646,0.9717,0.9963,0.9937,0.9913,0.9863,0.921,0.7393,0.9328,0.9064,0.8407,0.8057,0.8561,0.6895,0.8271,0.9386,0.7868,0.612,0.9512,0.7167,0.6244,0.6008,0.6164,0.8597,0.575,0.6161,0.7787,0.5042,0.553,0.3899,0.5797,0.6678,0.5766,0.5267,0.3193,0.4768,0.2642,0.5287,0.3074,0.2091,0.1633,0.3584,
1.0,0.9991,0.9642,0.9633,0.9716,0.997,0.9953,0.99,0.9844,0.9247,0.7419,0.9302,0.9086,0.8417,0.8027,0.8567,0.6835,0.8286,0.94,0.7873,0.6111,0.9526,0.7167,0.6198,0.6001,0.6234,0.8553,0.5696,0.6118,0.7769,0.5055,0.5552,0.3773,0.5798,0.6758,0.5795,0.5248,0.3159,0.4712,0.2638,0.5256,0.306,0.2012,0.1633,0.3473,
1.0,0.9987,0.9646,0.9633,0.9705,0.9976,0.9955,0.9912,0.986,0.9207,0.7381,0.9288,0.9066,0.8422,0.8038,0.8497,0.6896,0.8302,0.9426,0.7825,0.6181,0.9548,0.7265,0.6287,0.6128,0.6182,0.8611,0.576,0.6229,0.7775,0.5016,0.5588,0.3963,0.5946,0.6824,0.5928,0.5312,0.3233,0.4869,0.2702,0.5335,0.3042,0.2112,0.1678,0.3608,
1.0,0.9995,0.9708,0.9703,0.9723,0.9973,0.9959,0.9915,0.9861,0.9234,0.7411,0.9367,0.9076,0.8429,0.8047,0.8605,0.6906,0.8281,0.9392,0.785,0.6102,0.9491,0.7183,0.6281,0.6061,0.6179,0.858,0.5705,0.6187,0.7841,0.5009,0.5569,0.3928,0.5932,0.6805,0.5753,0.5243,0.3151,0.4801,0.2654,0.5256,0.3106,0.2099,0.1651,0.357,
1.0,0.999,0.9622,0.9612,0.9692,0.9964,0.9939,0.9905,0.9858,0.9246,0.7377,0.9247,0.9078,0.8402,0.8028,0.8507,0.6784,0.8276,0.939,0.7783,0.6157,0.954,0.7268,0.619,0.5985,0.6108,0.8491,0.5637,0.6135,0.7784,0.502,0.5409,0.3849,0.5829,0.6659,0.5838,0.5168,0.3095,0.4714,0.2572,0.5119,0.3084,0.1995,0.1593,0.3475,
1.0,0.9986,0.9665,0.9651,0.9692,0.9975,0.9951,0.9899,0.9842,0.9264,0.7362,0.9292,0.9106,0.839,0.7996,0.8568,0.6868,0.8256,0.938,0.7862,0.6132,0.9522,0.727,0.6218,0.6118,0.615,0.8579,0.57,0.6256,0.7814,0.5064,0.5543,0.3925,0.5889,0.6743,0.587,0.5182,0.3216,0.4741,0.2622,0.5258,0.3173,0.214,0.1618,0.3519,
1.0,0.999,0.9663,0.9653,0.9705,0.998,0.9962,0.9907,0.9837,0.9188,0.7297,0.9311,0.9047,0.8354,0.7956,0.8508,0.6742,0.8219,0.9396,0.7752,0.6025,0.954,0.7186,0.6155,0.6089,0.611,0.8533,0.567,0.6157,0.7802,0.4989,0.5533,0.3934,0.5958,0.6738,0.577,0.5178,0.3189,0.4767,0.2571,0.5156,0.3109,0.2047,0.1625,0.3525,
1.0,0.9987,0.9657,0.9644,0.9716,0.9962,0.9935,0.9898,0.986,0.9262,0.7413,0.9315,0.9095,0.8413,0.8032,0.8594,0.6803,0.8275,0.9388,0.7849,0.6099,0.9478,0.7194,0.6202,0.5998,0.6131,0.8558,0.5642,0.6176,0.7843,0.5044,0.5451,0.379,0.5806,0.6683,0.5764,0.5156,0.3062,0.4708,0.2601,0.5177,0.3045,0.2065,0.1577,0.3483,
1.0,0.9992,0.9662,0.9654,0.9678,0.9979,0.9966,0.9911,0.9838,0.9249,0.7373,0.9277,0.9097,0.8412,0.8016,0.8536,0.6847,0.8277,0.9408,0.7848,0.6121,0.9544,0.7221,0.6212,0.605,0.6196,0.8559,0.5701,0.6222,0.7785,0.5008,0.5549,0.3866,0.5903,0.6767,0.5807,0.5243,0.3229,0.4747,0.2624,0.527,0.307,0.2106,0.1645,0.3536,
1.0,0.9993,0.9686,0.9679,0.9703,0.9973,0.9956,0.9914,0.9846,0.9198,0.7352,0.9333,0.9045,0.839,0.8025,0.8534,0.6872,0.8249,0.9387,0.7802,0.6055,0.9554,0.7234,0.6211,0.6062,0.6124,0.8571,0.56,0.6204,0.7765,0.4992,0.544,0.3847,0.5838,0.6757,0.5762,0.5169,0.3132,0.4743,0.2581,0.5243,0.3119,0.2052,0.1562,0.3536,
1.0,0.9987,0.967,0.9657,0.9681,0.9969,0.9945,0.9893,0.9847,0.9218,0.7352,0.9289,0.9056,0.8399,0.8018,0.8534,0.6818,0.827,0.9428,0.7783,0.6127,0.9499,0.7186,0.6224,0.5922,0.6138,0.8502,0.5669,0.6169,0.7748,0.5059,0.5519,0.3833,0.58,0.673,0.5739,0.5189,0.3125,0.4758,0.2517,0.5309,0.3036,0.2043,0.1622,0.349,
1.0,0.9992,0.9663,0.9655,0.9691,0.9973,0.9956,0.9913,0.9862,0.9226,0.7376,0.9286,0.9067,0.8397,0.8041,0.8535,0.6876,0.8276,0.9448,0.7827,0.6148,0.9503,0.7198,0.6243,0.6041,0.6171,0.8544,0.5684,0.6201,0.78,0.5028,0.5529,0.3893,0.5934,0.6766,0.5848,0.5121,0.3156,0.4776,0.2594,0.5198,0.3097,0.2058,0.162,0.3634,
1.0,0.9985,0.9704,0.9689,0.9694,0.9966,0.9946,0.9892,0.9828,0.9252,0.7355,0.9332,0.9085,0.8387,0.7972,0.8594,0.6867,0.8245,0.9413,0.7882,0.613,0.9523,0.7239,0.6249,0.6071,0.6106,0.8597,0.5685,0.625,0.7808,0.4999,0.5501,0.3828,0.5936,0.6781,0.5869,0.5368,0.3122,0.4812,0.269,0.5312,0.3094,0.1974,0.1676,0.3509,
1.0,0.9985,0.9677,0.9662,0.972,0.9965,0.9942,0.9904,0.984,0.917,0.7307,0.9328,0.9006,0.8384,0.7991,0.852,0.6861,0.8243,0.9402,0.7807,0.6032,0.9532,0.7154,0.6231,0.6081,0.6092,0.8583,0.5685,0.613,0.7724,0.4914,0.5468,0.3868,0.5842,0.678,0.5728,0.5242,0.3113,0.4751,0.2537,0.5273,0.2977,0.2032,0.1641,0.3479,
1.0,0.9989,0.9672,0.9661,0.972,0.9971,0.9948,0.9898,0.9844,0.9225,0.7401,0.9329,0.9061,0.8445,0.8075,0.8579,0.6886,0.8317,0.9433,0.784,0.6213,0.9505,0.7266,0.6333,0.6149,0.622,0.8536,0.5726,0.6272,0.7824,0.5085,0.5593,0.3963,0.5909,0.6735,0.5879,0.5214,0.3194,0.4726,0.2671,0.526,0.3133,0.2058,0.1685,0.3579,
1.0,0.9988,0.968,0.9668,0.9685,0.9969,0.9941,0.9905,0.9867,0.9198,0.7353,0.9288,0.9021,0.8399,0.8032,0.85,0.6928,0.8273,0.9403,0.7824,0.6059,0.9528,0.7163,0.6214,0.6007,0.6069,0.8609,0.5675,0.6109,0.7758,0.4975,0.5505,0.3885,0.5989,0.6778,0.5763,0.5212,0.3113,0.483,0.2576,0.5313,0.3086,0.206,0.1617,0.357,
1.0,0.9989,0.9669,0.9658,0.9683,0.9973,0.9953,0.9906,0.9846,0.9233,0.7376,0.9282,0.907,0.8411,0.7996,0.8525,0.6843,0.8266,0.941,0.7787,0.6077,0.9518,0.7129,0.6179,0.5974,0.6098,0.858,0.5703,0.6182,0.7822,0.5013,0.5545,0.3805,0.5941,0.6783,0.5767,0.5262,0.322,0.48,0.2601,0.5241,0.307,0.2098,0.161,0.355,
1.0,0.9995,0.9648,0.9643,0.9696,0.9973,0.9954,0.9896,0.9847,0.9253,0.7393,0.9272,0.9067,0.841,0.7999,0.8535,0.6792,0.8273,0.9405,0.7806,0.6126,0.9517,0.7279,0.6226,0.6111,0.6199,0.8519,0.5643,0.624,0.7828,0.505,0.5557,0.3923,0.5962,0.6712,0.5834,0.5208,0.3165,0.4773,0.266,0.5151,0.3111,0.2067,0.1654,0.3621,
1.0,0.9992,0.9668,0.966,0.9702,0.9967,0.9946,0.9905,0.9857,0.9246,0.7412,0.9302,0.9067,0.8432,0.8041,0.8561,0.6856,0.8306,0.944,0.7789,0.62,0.9551,0.7259,0.6327,0.6149,0.6239,0.8525,0.5747,0.6235,0.7855,0.5133,0.5645,0.3932,0.5985,0.6851,0.5914,0.5275,0.3233,0.4836,0.2617,0.5249,0.3214,0.2129,0.1708,0.3582,
1.0,0.9986,0.9688,0.9674,0.9684,0.9964,0.9942,0.9907,0.9849,0.921,0.7369,0.9305,0.905,0.8422,0.8063,0.8536,0.6909,0.8282,0.9399,0.7819,0.6122,0.9539,0.7246,0.627,0.6035,0.6142,0.8577,0.5658,0.6183,0.7774,0.5045,0.549,0.3912,0.5885,0.6787,0.5809,0.5288,0.3163,0.4842,0.2654,0.5228,0.3086,0.2079,0.1674,0.3551,
1.0,0.9994,0.9636,0.963,0.9695,0.9963,0.9948,0.9918,0.9872,0.9204,0.732,0.9272,0.9041,0.8383,0.8,0.8482,0.6795,0.8254,0.9407,0.7768,0.6056,0.9485,0.7152,0.6165,0.5983,0.604,0.8545,0.5658,0.6139,0.7767,0.5054,0.5448,0.3901,0.5846,0.6649,0.5747,0.5147,0.3152,0.474,0.2559,0.5164,0.3097,0.2072,0.1583,0.351,
1.0,0.999,0.9674,0.9664,0.968,0.9969,0.995,0.9917,0.9852,0.924,0.7291,0.9299,0.9099,0.8328,0.7957,0.856,0.6692,0.8192,0.942,0.7739,0.6088,0.9512,0.7206,0.6193,0.6026,0.6048,0.8509,0.5566,0.6253,0.7833,0.5101,0.5491,0.3911,0.5874,0.6763,0.5836,0.5098,0.3192,0.4744,0.2522,0.5185,0.3199,0.2127,0.1537,0.3465,
1.0,0.9992,0.968,0.9672,0.9715,0.9978,0.9961,0.992,0.9856,0.9242,0.7415,0.933,0.9092,0.8415,0.8047,0.8588,0.6889,0.8277,0.9426,0.7861,0.6095,0.9544,0.7134,0.6206,0.5971,0.621,0.8582,0.5693,0.6153,0.7895,0.5223,0.5572,0.3943,0.5966,0.6789,0.5754,0.5181,0.3256,0.4848,0.2578,0.5304,0.327,0.2162,0.1617,0.3653,
1.0,0.9992,0.9683,0.9675,0.9696,0.9965,0.9947,0.9906,0.9845,0.9242,0.732,0.9317,0.907,0.8351,0.7979,0.8566,0.6829,0.8218,0.9387,0.7849,0.6057,0.9504,0.7211,0.6171,0.607,0.6097,0.8565,0.5579,0.6209,0.786,0.5084,0.5423,0.3916,0.5929,0.6615,0.5748,0.5143,0.3154,0.4767,0.255,0.5244,0.3187,0.2072,0.1637,0.3538,
1.0,0.9989,0.9667,0.9656,0.9683,0.997,0.9953,0.9913,0.9854,0.924,0.7372,0.9288,0.9087,0.8403,0.8038,0.8541,0.6853,0.8272,0.9396,0.782,0.6078,0.9532,0.7197,0.6167,0.5953,0.6115,0.8567,0.5691,0.6186,0.7868,0.5113,0.552,0.3801,0.5905,0.6724,0.5773,0.5161,0.3279,0.4701,0.258,0.5214,0.3109,0.2101,0.1586,0.3536,
1.0,0.9991,0.9696,0.9687,0.9709,0.9972,0.9955,0.9912,0.9867,0.9242,0.7414,0.935,0.909,0.8435,0.8072,0.8608,0.6934,0.8308,0.9415,0.7863,0.6122,0.9525,0.7189,0.6238,0.6069,0.6192,0.8591,0.5742,0.6194,0.7819,0.5101,0.56,0.3951,0.5911,0.6787,0.5865,0.5291,0.3178,0.4867,0.2664,0.5292,0.3195,0.2088,0.1658,0.3564,
1.0,0.9982,0.9644,0.9626,0.9675,0.9969,0.9937,0.9887,0.9839,0.9204,0.7322,0.9263,0.904,0.8397,0.7983,0.8485,0.6799,0.8263,0.9378,0.7803,0.6063,0.9513,0.7205,0.6164,0.5971,0.6025,0.8596,0.5633,0.6162,0.7723,0.4899,0.5459,0.3748,0.5887,0.6706,0.5738,0.5221,0.31,0.4787,0.2638,0.5207,0.2974,0.202,0.1581,0.3553,
1.0,0.9993,0.9691,0.9684,0.9693,0.997,0.9951,0.9909,0.9851,0.9179,0.7337,0.9333,0.9027,0.8428,0.8051,0.8518,0.6925,0.8286,0.9398,0.781,0.6032,0.9515,0.7131,0.6231,0.6016,0.6138,0.8606,0.5767,0.6149,0.7749,0.4964,0.5584,0.3871,0.5861,0.6734,0.5762,0.5265,0.3166,0.4733,0.2573,0.5225,0.3049,0.2047,0.16,0.354,
1.0,0.9985,0.9666,0.9651,0.9712,0.9976,0.9945,0.9892,0.9846,0.9311,0.7486,0.9304,0.9145,0.844,0.8038,0.8623,0.6846,0.8298,0.9378,0.7859,0.6194,0.9492,0.7279,0.6288,0.6093,0.621,0.8519,0.5667,0.6331,0.7859,0.5078,0.5546,0.385,0.5938,0.6724,0.5955,0.5174,0.3147,0.4696,0.2725,0.5156,0.318,0.2109,0.1667,0.3483,
1.0,0.9989,0.9649,0.9638,0.9724,0.9968,0.9943,0.9925,0.9867,0.924,0.7386,0.9308,0.9095,0.8391,0.8014,0.8565,0.6913,0.8254,0.9407,0.7896,0.6071,0.9551,0.7204,0.6233,0.6079,0.6173,0.8619,0.5735,0.6198,0.7835,0.5011,0.5544,0.388,0.5915,0.6682,0.5829,0.5259,0.315,0.4795,0.2603,0.5232,0.3105,0.2024,0.167,0.3611,
1.0,0.9985,0.9662,0.9647,0.971,0.9964,0.9935,0.9904,0.9848,0.9303,0.7472,0.9287,0.9123,0.8424,0.8027,0.8607,0.6866,0.828,0.9368,0.7886,0.6154,0.9535,0.7299,0.6235,0.6016,0.6172,0.8563,0.5622,0.6204,0.7867,0.5064,0.5464,0.3841,0.5834,0.6634,0.5856,0.5129,0.3072,0.4629,0.262,0.5085,0.3087,0.2097,0.1559,0.3455,
1.0,0.9988,0.9666,0.9654,0.971,0.9977,0.9959,0.9914,0.9867,0.923,0.7441,0.93,0.9073,0.8456,0.8094,0.8529,0.6927,0.8354,0.9431,0.7834,0.6183,0.9558,0.7257,0.6314,0.6075,0.6176,0.8579,0.5672,0.621,0.7857,0.506,0.5566,0.3926,0.5951,0.6765,0.5841,0.5131,0.3158,0.4821,0.2592,0.5277,0.3169,0.2082,0.1597,0.3684,
1.0,0.9986,0.9678,0.9664,0.9691,0.997,0.995,0.9888,0.982,0.9201,0.7266,0.9316,0.904,0.8352,0.7964,0.8531,0.6774,0.8211,0.9395,0.7799,0.6024,0.9513,0.7145,0.6141,0.5954,0.6043,0.8555,0.5601,0.6151,0.7755,0.5077,0.5484,0.3851,0.5922,0.6783,0.5729,0.5199,0.3105,0.476,0.2574,0.5234,0.3115,0.2099,0.1577,0.3566,
1.0,0.9992,0.9669,0.9661,0.9716,0.997,0.9952,0.9901,0.9842,0.9253,0.7443,0.9308,0.9075,0.8454,0.8081,0.8577,0.6893,0.8313,0.9365,0.7862,0.6146,0.9507,0.7212,0.6295,0.6066,0.6254,0.8519,0.5675,0.6197,0.7849,0.5099,0.5547,0.3927,0.5854,0.673,0.5834,0.5192,0.3194,0.479,0.2642,0.5216,0.3173,0.2121,0.1671,0.3591,
1.0,0.9986,0.9661,0.9647,0.9717,0.9969,0.9945,0.9916,0.9871,0.9269,0.7393,0.9308,0.9115,0.8373,0.802,0.8578,0.6854,0.8255,0.9408,0.7909,0.6177,0.9524,0.7316,0.6261,0.6114,0.6133,0.8624,0.5683,0.6228,0.7887,0.5168,0.5473,0.4089,0.5925,0.673,0.5859,0.5162,0.3249,0.4837,0.2634,0.5255,0.3255,0.2164,0.1637,0.3593,
1.0,0.999,0.9678,0.9668,0.9665,0.9965,0.994,0.9896,0.9854,0.9226,0.7317,0.928,0.9051,0.8393,0.8004,0.8516,0.6853,0.8257,0.9393,0.78,0.6081,0.9517,0.7216,0.6181,0.6038,0.6096,0.8539,0.5682,0.614,0.7763,0.499,0.5529,0.3868,0.5903,0.674,0.5801,0.5149,0.3115,0.4798,0.2568,0.5276,0.3082,0.1982,0.1605,0.3509,
1.0,0.9992,0.9704,0.9696,0.9728,0.9967,0.995,0.9909,0.9862,0.9304,0.7503,0.9372,0.9138,0.8424,0.8042,0.8683,0.69,0.8286,0.9379,0.7888,0.6215,0.9502,0.7322,0.6319,0.6154,0.6249,0.8538,0.574,0.6263,0.7923,0.5148,0.5565,0.3989,0.5925,0.6753,0.5891,0.5079,0.3192,0.4788,0.2631,0.5288,0.3144,0.2123,0.1645,0.3589,
1.0,0.9989,0.972,0.9709,0.9704,0.9982,0.9958,0.99,0.984,0.9271,0.733,0.9354,0.9109,0.8331,0.792,0.8617,0.6745,0.8186,0.9405,0.7792,0.6129,0.951,0.727,0.6263,0.6122,0.6095,0.8497,0.5612,0.628,0.7875,0.5034,0.5547,0.3917,0.5921,0.6693,0.5853,0.5134,0.3082,0.4721,0.2599,0.5138,0.307,0.2124,0.1688,0.3409,
1.0,0.9989,0.9666,0.9655,0.9698,0.9971,0.9953,0.9905,0.9852,0.9249,0.7344,0.929,0.9077,0.8385,0.7996,0.8547,0.6824,0.8256,0.94,0.7818,0.6096,0.9537,0.7227,0.6208,0.6019,0.6072,0.8559,0.5603,0.6193,0.7823,0.5063,0.5429,0.3916,0.5962,0.6788,0.587,0.5216,0.3141,0.4816,0.258,0.5209,0.3166,0.2047,0.1654,0.3611,
1.0,0.9991,0.9694,0.9685,0.9684,0.9982,0.9959,0.9906,0.9842,0.9203,0.7331,0.9311,0.9047,0.841,0.8005,0.8526,0.6899,0.8253,0.9334,0.78,0.6109,0.953,0.727,0.6265,0.617,0.6087,0.8605,0.5717,0.6285,0.7786,0.4991,0.5574,0.3986,0.5958,0.6708,0.5801,0.5096,0.3168,0.4816,0.2596,0.5274,0.3066,0.2044,0.1662,0.3561,
1.0,0.9987,0.968,0.9667,0.9666,0.997,0.9939,0.9911,0.9875,0.922,0.7342,0.928,0.9066,0.8397,0.8057,0.8512,0.6888,0.8268,0.9389,0.7787,0.6026,0.9541,0.7178,0.6121,0.5997,0.6093,0.8546,0.5679,0.6095,0.7858,0.516,0.5561,0.3829,0.5882,0.6728,0.5729,0.52,0.325,0.4822,0.2529,0.5225,0.3216,0.2053,0.1622,0.353,
1.0,0.9992,0.9685,0.9677,0.9676,0.9977,0.996,0.9916,0.9855,0.9185,0.7346,0.9292,0.9027,0.8427,0.805,0.8494,0.6913,0.8298,0.9415,0.7787,0.6086,0.9568,0.719,0.6265,0.6038,0.6158,0.8595,0.5719,0.6097,0.7787,0.5033,0.5529,0.3901,0.592,0.6743,0.572,0.5174,0.3188,0.4761,0.2519,0.5188,0.3093,0.2103,0.1621,0.3566,
1.0,0.9987,0.9685,0.9672,0.9705,0.9975,0.9952,0.99,0.9847,0.9216,0.7311,0.932,0.9052,0.8335,0.794,0.8535,0.6791,0.8198,0.9426,0.7804,0.6048,0.9533,0.7216,0.6224,0.6057,0.6085,0.8565,0.5629,0.6169,0.7806,0.5056,0.5475,0.3848,0.5917,0.6723,0.5832,0.5253,0.3124,0.4802,0.258,0.5228,0.3113,0.2015,0.1671,0.3503,
1.0,0.9988,0.9666,0.9654,0.971,0.9979,0.9958,0.9909,0.9847,0.9186,0.7401,0.9312,0.9038,0.8476,0.8099,0.8515,0.6986,0.8348,0.94,0.7853,0.6122,0.9533,0.7175,0.6299,0.6057,0.6195,0.8655,0.5797,0.6112,0.7769,0.4961,0.5592,0.3922,0.5921,0.6727,0.5737,0.5289,0.3158,0.4809,0.2659,0.535,0.3057,0.2053,0.1644,0.3602,
1.0,0.9982,0.9653,0.9635,0.971,0.9977,0.9947,0.99,0.9853,0.9244,0.737,0.9296,0.9094,0.8375,0.8017,0.8552,0.6804,0.8258,0.9431,0.7844,0.6151,0.9538,0.7245,0.6234,0.6002,0.6141,0.8528,0.561,0.612,0.7827,0.5072,0.5425,0.3805,0.5708,0.6691,0.5781,0.5208,0.3102,0.4663,0.2597,0.5123,0.3053,0.2035,0.1614,0.3399,
1.0,0.9993,0.9648,0.9641,0.9689,0.9976,0.9959,0.9919,0.9852,0.9238,0.7309,0.9273,0.9087,0.8328,0.7949,0.852,0.6815,0.8178,0.9395,0.7856,0.6118,0.9529,0.7268,0.6214,0.6107,0.6098,0.8627,0.5656,0.626,0.7803,0.5045,0.5477,0.3968,0.5882,0.6776,0.583,0.5186,0.3237,0.4811,0.2655,0.5251,0.3133,0.2108,0.1678,0.3552,
1.0,0.9995,0.9643,0.9638,0.9718,0.9978,0.9961,0.9909,0.9865,0.9233,0.7452,0.9291,0.9059,0.8435,0.806,0.8534,0.6861,0.8309,0.9404,0.7798,0.6087,0.9527,0.7183,0.6209,0.6042,0.6207,0.8552,0.57,0.6136,0.7869,0.509,0.55,0.3873,0.5885,0.6745,0.5797,0.5238,0.3212,0.4777,0.2646,0.5158,0.3158,0.21,0.1628,0.3624,
1.0,0.999,0.9687,0.9677,0.9683,0.9972,0.9953,0.9921,0.9866,0.9192,0.7301,0.9306,0.9041,0.8349,0.7979,0.8511,0.6815,0.8222,0.9449,0.7754,0.6107,0.9512,0.7183,0.6234,0.606,0.6121,0.8538,0.5658,0.6199,0.7742,0.4974,0.5532,0.3887,0.5811,0.6752,0.5836,0.5211,0.3155,0.4652,0.262,0.5121,0.2981,0.1988,0.1668,0.3377,
1.0,0.9992,0.9701,0.9693,0.9721,0.9979,0.9968,0.9913,0.9843,0.9262,0.7377,0.9364,0.9114,0.8357,0.7978,0.8644,0.6835,0.8211,0.9383,0.7883,0.6112,0.9506,0.7221,0.6241,0.6058,0.6137,0.8588,0.5608,0.6244,0.7834,0.5085,0.5483,0.3958,0.5818,0.6729,0.5792,0.5123,0.309,0.4759,0.2614,0.5274,0.3091,0.2083,0.1589,0.3471,
1.0,0.9991,0.9683,0.9674,0.969,0.9967,0.9945,0.9915,0.9871,0.922,0.7424,0.931,0.906,0.8453,0.8099,0.8554,0.6921,0.8328,0.9418,0.7791,0.6194,0.9528,0.7252,0.6317,0.6126,0.6172,0.8578,0.5735,0.6234,0.7851,0.5025,0.5548,0.3918,0.5919,0.6764,0.5802,0.5273,0.3178,0.4792,0.269,0.5184,0.3153,0.2046,0.164,0.361,
1.0,0.9992,0.9677,0.9669,0.9687,0.9984,0.9969,0.9896,0.9841,0.9207,0.7364,0.9317,0.906,0.8434,0.8046,0.8543,0.6873,0.8303,0.9442,0.7808,0.6154,0.952,0.7231,0.6263,0.6035,0.6134,0.8583,0.5685,0.6216,0.7758,0.5042,0.5565,0.3851,0.5871,0.6761,0.5823,0.5185,0.3189,0.4735,0.2554,0.5284,0.3054,0.2067,0.1535,0.3537,
1.0,0.9997,0.9686,0.9683,0.9702,0.9972,0.9954,0.991,0.9859,0.9206,0.7292,0.9345,0.9053,0.8349,0.7986,0.8565,0.6819,0.8201,0.9406,0.7848,0.5985,0.952,0.7132,0.6153,0.5957,0.6067,0.8588,0.5624,0.6068,0.7779,0.4939,0.5481,0.378,0.5863,0.6772,0.5679,0.5273,0.3158,0.4782,0.2573,0.5289,0.3025,0.1993,0.1618,0.3503,
1.0,0.998,0.965,0.963,0.9711,0.9973,0.9939,0.9877,0.9831,0.9202,0.733,0.9286,0.9025,0.8389,0.7993,0.8507,0.6763,0.8252,0.9365,0.7784,0.6071,0.9501,0.7198,0.6201,0.6053,0.6073,0.852,0.5614,0.6169,0.7803,0.5048,0.5475,0.3916,0.5959,0.673,0.5812,0.5075,0.3129,0.481,0.2562,0.5206,0.3199,0.2077,0.1586,0.356,
1.0,0.999,0.9668,0.9658,0.9656,0.9967,0.9946,0.991,0.9846,0.9227,0.7271,0.9267,0.907,0.8366,0.7979,0.8506,0.6808,0.8217,0.9402,0.7798,0.6211,0.9533,0.7355,0.6286,0.6159,0.6062,0.8589,0.5706,0.6251,0.7821,0.5074,0.5525,0.3949,0.5832,0.6742,0.5918,0.518,0.3229,0.4822,0.2614,0.5278,0.3106,0.2063,0.1675,0.3509,
1.0,0.9994,0.9704,0.9698,0.9721,0.9972,0.9954,0.9907,0.985,0.9231,0.7389,0.9362,0.9068,0.8398,0.8039,0.8597,0.6901,0.8255,0.9398,0.786,0.6118,0.9513,0.7166,0.6288,0.6037,0.617,0.8565,0.5709,0.6158,0.7875,0.5141,0.5541,0.3863,0.5873,0.6747,0.5731,0.5223,0.326,0.4712,0.2622,0.5175,0.3107,0.2121,0.162,0.3482,
1.0,0.9978,0.9694,0.9672,0.9703,0.9973,0.9941,0.9886,0.9842,0.9248,0.7382,0.9318,0.9074,0.8401,0.8016,0.8576,0.6842,0.8267,0.9424,0.7826,0.6147,0.9492,0.7267,0.6257,0.609,0.61,0.8565,0.5599,0.6302,0.7805,0.5055,0.5439,0.3843,0.5977,0.6739,0.5958,0.5253,0.311,0.4791,0.2665,0.526,0.309,0.1989,0.1663,0.3502,
1.0,0.9994,0.9684,0.9678,0.9692,0.9969,0.9954,0.9911,0.986,0.9258,0.7387,0.931,0.909,0.8384,0.8001,0.8585,0.6817,0.8255,0.9433,0.7821,0.616,0.9502,0.7276,0.6251,0.6127,0.6145,0.8557,0.5664,0.6277,0.7858,0.5076,0.5501,0.3934,0.5926,0.6724,0.5878,0.5245,0.3143,0.4826,0.2689,0.522,0.3162,0.2089,0.1729,0.3512,
1.0,0.9991,0.9656,0.9647,0.9697,0.9966,0.9947,0.9894,0.9845,0.9215,0.7357,0.9281,0.9032,0.8389,0.7977,0.8506,0.6823,0.8279,0.945,0.7802,0.612,0.9488,0.713,0.6247,0.6001,0.6165,0.8538,0.5696,0.6104,0.7722,0.4967,0.5483,0.381,0.5777,0.6648,0.5702,0.5279,0.3139,0.4671,0.2642,0.5125,0.2949,0.1944,0.1604,0.3453,
1.0,0.9993,0.9668,0.9661,0.9689,0.9973,0.9954,0.9908,0.9844,0.922,0.736,0.9302,0.9066,0.8417,0.8032,0.8544,0.6866,0.8274,0.9399,0.7828,0.6133,0.9537,0.7236,0.625,0.6105,0.6141,0.8602,0.5723,0.6265,0.7826,0.4985,0.5565,0.3809,0.5932,0.6764,0.584,0.518,0.3129,0.4884,0.2611,0.5288,0.3114,0.2066,0.1572,0.3657,
1.0,0.9992,0.9644,0.9636,0.97,0.9975,0.9952,0.9882,0.9821,0.9252,0.7333,0.9281,0.9067,0.8374,0.796,0.8545,0.6734,0.8214,0.9362,0.7802,0.6088,0.9479,0.7218,0.6162,0.6057,0.6096,0.8476,0.5608,0.6248,0.7778,0.4981,0.545,0.382,0.5875,0.6691,0.5827,0.5158,0.3036,0.4749,0.2615,0.5218,0.3071,0.2048,0.1648,0.3482,
1.0,0.9991,0.9696,0.9687,0.9714,0.9971,0.9954,0.9913,0.9863,0.9201,0.7341,0.9354,0.9049,0.8402,0.8042,0.8576,0.6846,0.828,0.9423,0.7763,0.6076,0.9512,0.7155,0.6262,0.6018,0.6079,0.8545,0.5666,0.6151,0.782,0.5048,0.5515,0.3909,0.5909,0.6754,0.5753,0.5162,0.3188,0.4781,0.2504,0.5224,0.3128,0.2098,0.1641,0.3506,
1.0,0.9989,0.9675,0.9664,0.9691,0.9968,0.9949,0.9907,0.9866,0.9263,0.7383,0.93,0.9098,0.8377,0.8007,0.8579,0.6813,0.8261,0.943,0.7818,0.6097,0.9524,0.7218,0.6187,0.602,0.6115,0.8558,0.5597,0.6209,0.7829,0.5038,0.5457,0.3868,0.5955,0.6769,0.5823,0.5215,0.3157,0.4853,0.2593,0.5262,0.3126,0.2019,0.1625,0.3581,
1.0,0.9985,0.9696,0.9681,0.968,0.9976,0.9945,0.9885,0.9844,0.9193,0.7332,0.9309,0.9021,0.8441,0.8044,0.8518,0.6888,0.8307,0.9409,0.7771,0.6093,0.9517,0.7178,0.6263,0.6028,0.6089,0.855,0.567,0.6215,0.7707,0.4973,0.5542,0.3824,0.5983,0.6806,0.5842,0.5268,0.312,0.4799,0.264,0.5249,0.3073,0.2066,0.1606,0.3603,
1.0,0.9986,0.97,0.9686,0.971,0.997,0.9948,0.9904,0.9846,0.9232,0.7368,0.9341,0.9066,0.8366,0.7964,0.8586,0.6872,0.8238,0.9378,0.7864,0.6081,0.9543,0.7244,0.6227,0.6126,0.6101,0.8591,0.5624,0.6254,0.7776,0.4965,0.5429,0.3902,0.5975,0.6751,0.5815,0.5207,0.3151,0.4894,0.2606,0.5299,0.3105,0.2026,0.1677,0.3565,
1.0,0.9984,0.9676,0.966,0.9689,0.9971,0.9947,0.9899,0.9832,0.9209,0.7277,0.9291,0.9052,0.837,0.799,0.8513,0.6846,0.8234,0.9424,0.7815,0.6065,0.9566,0.7225,0.6176,0.606,0.6087,0.8564,0.5704,0.6195,0.7813,0.5086,0.5551,0.3888,0.6001,0.6832,0.5835,0.521,0.3209,0.4896,0.2572,0.5262,0.3174,0.2169,0.1585,0.3669,
1.0,0.9988,0.9664,0.9652,0.9697,0.9975,0.995,0.9917,0.9866,0.9235,0.7309,0.93,0.9091,0.8312,0.7942,0.8538,0.6767,0.8179,0.9399,0.7797,0.6027,0.9535,0.7228,0.6124,0.6091,0.6067,0.856,0.5614,0.621,0.7854,0.5071,0.546,0.393,0.589,0.6688,0.5821,0.5149,0.3083,0.4802,0.2572,0.5193,0.3144,0.2026,0.1557,0.3498,
1.0,0.9984,0.9677,0.9661,0.9694,0.9974,0.9943,0.9893,0.9844,0.9227,0.7393,0.9282,0.9043,0.8438,0.8038,0.8527,0.6877,0.8318,0.9431,0.7772,0.611,0.9533,0.7197,0.6272,0.6073,0.6215,0.8512,0.5713,0.6165,0.7742,0.4989,0.5553,0.3873,0.5922,0.6765,0.5797,0.5157,0.3117,0.4783,0.2554,0.5154,0.3054,0.2054,0.1593,0.3586,
1.0,0.9994,0.9683,0.9677,0.9714,0.9975,0.9962,0.9911,0.9849,0.9223,0.7357,0.9334,0.9063,0.8402,0.8009,0.8572,0.6854,0.8277,0.9412,0.7815,0.605,0.9544,0.7148,0.6215,0.6007,0.6113,0.8572,0.5687,0.6113,0.7827,0.5054,0.5544,0.3843,0.5887,0.683,0.5697,0.5233,0.3208,0.4771,0.2502,0.5202,0.3127,0.2077,0.1568,0.3465,
1.0,0.9989,0.9655,0.9644,0.9707,0.9979,0.996,0.9902,0.9841,0.922,0.7374,0.9307,0.9074,0.8403,0.8024,0.8533,0.6874,0.8255,0.9403,0.7865,0.6105,0.9504,0.7189,0.6204,0.6003,0.6147,0.8597,0.5662,0.6202,0.7782,0.4987,0.5537,0.3865,0.5916,0.6845,0.5832,0.5269,0.3102,0.4813,0.2654,0.5357,0.3067,0.2104,0.1648,0.3601,
1.0,0.9986,0.9659,0.9645,0.9709,0.997,0.9946,0.9885,0.9821,0.9233,0.7372,0.9294,0.9048,0.8407,0.7995,0.8548,0.6816,0.8276,0.943,0.7838,0.616,0.9496,0.7232,0.626,0.6022,0.6165,0.8577,0.565,0.6129,0.7799,0.5146,0.5442,0.3877,0.5828,0.6728,0.5817,0.5258,0.3237,0.4752,0.2654,0.5202,0.3192,0.2086,0.165,0.3479,
1.0,0.998,0.9702,0.9682,0.9716,0.9979,0.995,0.9897,0.9839,0.923,0.738,0.9342,0.9073,0.8393,0.7993,0.8577,0.6902,0.8261,0.9383,0.7861,0.6038,0.9534,0.7185,0.6196,0.6077,0.6165,0.8604,0.5709,0.6135,0.7806,0.4971,0.5538,0.3902,0.5854,0.6714,0.5731,0.5299,0.3124,0.4773,0.2642,0.5295,0.3037,0.2061,0.1689,0.3436,
1.0,0.9988,0.9684,0.9672,0.9722,0.9982,0.9961,0.9896,0.9845,0.9222,0.7351,0.9354,0.9075,0.8397,0.8032,0.8585,0.692,0.8278,0.9397,0.7885,0.6111,0.9519,0.7222,0.6273,0.6154,0.6149,0.8608,0.5687,0.6309,0.7839,0.5068,0.5532,0.3922,0.5943,0.6725,0.588,0.517,0.3159,0.4833,0.2664,0.5329,0.3107,0.2145,0.1703,0.3643,
1.0,0.9995,0.9694,0.9689,0.9716,0.9982,0.9969,0.9909,0.9858,0.9237,0.7384,0.9357,0.9087,0.8379,0.8003,0.8612,0.6835,0.8256,0.9428,0.7822,0.6116,0.9523,0.7218,0.6251,0.6038,0.6129,0.8561,0.5647,0.6187,0.782,0.508,0.5502,0.3917,0.5855,0.6821,0.5781,0.5198,0.3158,0.4735,0.25,0.5269,0.3074,0.2099,0.16,0.3469,
1.0,0.9987,0.9716,0.9703,0.9693,0.9972,0.9944,0.9901,0.9845,0.9218,0.7382,0.9348,0.906,0.8439,0.8057,0.8563,0.6906,0.8303,0.9406,0.7776,0.6144,0.952,0.7175,0.6282,0.6063,0.6174,0.8543,0.575,0.6141,0.7827,0.5036,0.5564,0.3852,0.5887,0.6674,0.5799,0.5212,0.3165,0.4755,0.2597,0.5159,0.3098,0.2063,0.1597,0.3528,
1.0,0.9984,0.9704,0.9688,0.9713,0.9966,0.9941,0.9895,0.9829,0.9246,0.7427,0.935,0.9079,0.8461,0.8058,0.86,0.6919,0.8321,0.9384,0.7849,0.617,0.9543,0.7245,0.6321,0.6136,0.6206,0.8566,0.575,0.6235,0.7859,0.5055,0.5607,0.3929,0.5955,0.6795,0.5856,0.5281,0.3151,0.4817,0.2619,0.5258,0.3183,0.2133,0.1644,0.3595,
1.0,0.9989,0.9689,0.9678,0.972,0.9966,0.9941,0.9903,0.985,0.925,0.74,0.9342,0.9084,0.84,0.8003,0.8604,0.6793,0.8263,0.942,0.7806,0.6132,0.9478,0.719,0.6276,0.6039,0.6132,0.8521,0.5577,0.6278,0.7784,0.496,0.5489,0.3814,0.5912,0.6772,0.5816,0.5102,0.3005,0.4782,0.26,0.5196,0.3037,0.2078,0.1566,0.3524,
1.0,0.9983,0.9675,0.9658,0.9708,0.9975,0.994,0.988,0.9844,0.9206,0.7352,0.931,0.9028,0.8413,0.8043,0.852,0.6863,0.829,0.9392,0.7797,0.6109,0.9498,0.7237,0.6249,0.6075,0.6113,0.8533,0.5656,0.6202,0.7834,0.5057,0.5526,0.3909,0.5893,0.6708,0.5779,0.5172,0.3187,0.4771,0.2617,0.52,0.314,0.2059,0.163,0.3506,
1.0,0.9994,0.9709,0.9703,0.9706,0.9965,0.9953,0.992,0.9854,0.9262,0.7377,0.9364,0.9108,0.84,0.8013,0.8635,0.6838,0.8264,0.9445,0.7832,0.6167,0.9561,0.7295,0.6272,0.6137,0.6221,0.8568,0.5724,0.6215,0.7832,0.5078,0.5575,0.3934,0.5873,0.6774,0.5857,0.5286,0.3258,0.4728,0.2541,0.5191,0.3092,0.2014,0.1699,0.3485,
1.0,0.9983,0.9671,0.9654,0.974,0.9979,0.995,0.9881,0.9842,0.9226,0.7428,0.9346,0.9069,0.8434,0.8058,0.859,0.6867,0.8316,0.9407,0.7855,0.614,0.9487,0.7227,0.6285,0.6081,0.6179,0.8583,0.5661,0.6228,0.7872,0.5062,0.5501,0.3934,0.5931,0.6686,0.5805,0.5162,0.3155,0.48,0.2595,0.5216,0.3081,0.2107,0.1682,0.3588,
1.0,0.9986,0.966,0.9646,0.9685,0.9976,0.9951,0.9903,0.9848,0.924,0.7349,0.9281,0.909,0.8381,0.7976,0.8524,0.6808,0.8247,0.9401,0.7795,0.6066,0.9509,0.7181,0.6161,0.6011,0.6075,0.8575,0.5666,0.6233,0.7809,0.4965,0.5493,0.3859,0.5994,0.6723,0.5823,0.5153,0.3117,0.4813,0.2603,0.5258,0.3109,0.2051,0.1552,0.3538,
1.0,0.999,0.9689,0.9679,0.968,0.998,0.996,0.9902,0.9844,0.9255,0.7378,0.9314,0.9104,0.8405,0.8022,0.8584,0.6858,0.8276,0.942,0.7822,0.6166,0.9549,0.7249,0.6247,0.6077,0.6186,0.8557,0.5687,0.6238,0.7841,0.5069,0.5552,0.3876,0.591,0.6733,0.5859,0.5275,0.3189,0.4709,0.2631,0.5192,0.3115,0.2144,0.1623,0.3501,
1.0,0.9987,0.9663,0.965,0.9667,0.9972,0.9945,0.9896,0.9852,0.9225,0.7325,0.9266,0.9066,0.8382,0.7999,0.8499,0.6845,0.8264,0.9422,0.781,0.6087,0.9553,0.7211,0.6137,0.6,0.6113,0.8614,0.5683,0.6124,0.7783,0.4996,0.5486,0.3832,0.5925,0.673,0.5821,0.5282,0.3121,0.4877,0.2561,0.5271,0.3115,0.1998,0.1605,0.3631,
1.0,0.9988,0.9669,0.9657,0.9689,0.9967,0.9946,0.9894,0.9829,0.927,0.7376,0.929,0.9099,0.8412,0.8028,0.8579,0.6895,0.827,0.9397,0.7895,0.6183,0.9523,0.7285,0.6254,0.6053,0.6187,0.8618,0.5711,0.619,0.784,0.505,0.5506,0.3895,0.5909,0.6747,0.5871,0.5284,0.3175,0.4817,0.2683,0.5269,0.3129,0.2125,0.1692,0.3588,
1.0,0.9992,0.966,0.9652,0.9733,0.9968,0.9948,0.9917,0.9863,0.9262,0.7479,0.9319,0.9097,0.845,0.8054,0.8587,0.6931,0.8317,0.9413,0.7891,0.6153,0.953,0.7245,0.6255,0.6097,0.6243,0.8602,0.5802,0.62,0.7903,0.5077,0.5596,0.3842,0.5868,0.6758,0.5871,0.5223,0.3191,0.4741,0.2597,0.5253,0.3102,0.2127,0.1606,0.3543,
1.0,0.9988,0.9665,0.9653,0.9692,0.9977,0.9951,0.9892,0.9845,0.9187,0.7334,0.9288,0.9018,0.8417,0.8045,0.8496,0.6851,0.8288,0.9377,0.7786,0.6092,0.9522,0.7184,0.6222,0.6077,0.6118,0.8564,0.5682,0.6168,0.7781,0.4963,0.5508,0.383,0.5866,0.667,0.576,0.5121,0.3139,0.4738,0.2564,0.5217,0.3037,0.2024,0.1603,0.3568,
1.0,0.9988,0.9641,0.9629,0.9715,0.997,0.9948,0.9889,0.983,0.9255,0.7327,0.9299,0.9087,0.8354,0.7945,0.8569,0.6768,0.8224,0.9458,0.7881,0.6131,0.9511,0.725,0.6229,0.6051,0.6172,0.8582,0.5735,0.6155,0.7819,0.5045,0.5456,0.3819,0.5763,0.6655,0.5828,0.5306,0.3127,0.4769,0.2586,0.5158,0.3098,0.1988,0.167,0.3451,
1.0,0.9987,0.9661,0.9648,0.9678,0.9976,0.9947,0.9914,0.9866,0.9281,0.7441,0.9273,0.9131,0.8438,0.8066,0.8568,0.691,0.8291,0.9402,0.786,0.6214,0.9528,0.7318,0.6248,0.6045,0.6181,0.863,0.5744,0.6251,0.7881,0.5098,0.5538,0.3898,0.5892,0.6722,0.5892,0.5317,0.3236,0.4807,0.2707,0.5222,0.3084,0.2048,0.1669,0.3559,
1.0,0.9995,0.9707,0.9702,0.9708,0.998,0.9971,0.9905,0.9836,0.9206,0.7307,0.9363,0.9053,0.8355,0.7983,0.8582,0.6851,0.8227,0.94,0.7854,0.6042,0.955,0.7247,0.6206,0.6143,0.6141,0.8611,0.5693,0.6217,0.785,0.5014,0.5529,0.3899,0.6011,0.6762,0.5791,0.5202,0.316,0.4836,0.2581,0.5277,0.3121,0.2024,0.1695,0.3623,
1.0,0.9988,0.968,0.9668,0.968,0.9975,0.9951,0.9898,0.9836,0.9255,0.7378,0.9298,0.9101,0.8409,0.8022,0.8564,0.6816,0.826,0.9373,0.7796,0.6106,0.9513,0.7185,0.6182,0.6004,0.616,0.8505,0.5647,0.618,0.7806,0.5026,0.5539,0.3818,0.5835,0.6756,0.5773,0.5109,0.3171,0.4715,0.2579,0.525,0.3075,0.2115,0.1584,0.3479,
1.0,0.9995,0.9642,0.9637,0.9709,0.9964,0.9949,0.9909,0.9862,0.928,0.744,0.9291,0.9114,0.8395,0.8007,0.8579,0.6821,0.8272,0.9425,0.7842,0.6174,0.9502,0.731,0.6263,0.6081,0.6121,0.8566,0.5702,0.624,0.7934,0.5142,0.5504,0.3871,0.5843,0.672,0.5895,0.524,0.314,0.4732,0.2716,0.5175,0.3183,0.2131,0.1561,0.3559,
1.0,0.999,0.9663,0.9653,0.9697,0.9974,0.9954,0.9902,0.9861,0.922,0.7356,0.93,0.9068,0.8396,0.803,0.853,0.6842,0.8272,0.9425,0.7807,0.6089,0.9525,0.7199,0.6213,0.6014,0.6121,0.854,0.5666,0.6104,0.7777,0.5053,0.5467,0.3884,0.5817,0.6716,0.581,0.5213,0.3185,0.476,0.2544,0.5148,0.3113,0.2032,0.1655,0.3524,
1.0,0.9991,0.967,0.9661,0.9716,0.9968,0.9949,0.9899,0.9846,0.923,0.7466,0.9328,0.9062,0.8473,0.8094,0.8573,0.6999,0.8348,0.944,0.7914,0.621,0.9525,0.7217,0.6352,0.6051,0.6243,0.8609,0.5801,0.6217,0.7822,0.5132,0.5625,0.3934,0.5896,0.6717,0.5867,0.5247,0.3269,0.478,0.2681,0.5226,0.3107,0.2084,0.1584,0.3612,
1.0,0.9987,0.9695,0.9682,0.9706,0.9972,0.9949,0.989,0.9828,0.9184,0.7304,0.9332,0.9011,0.8388,0.7989,0.8529,0.6796,0.8241,0.9435,0.7766,0.6097,0.9503,0.7196,0.6298,0.6118,0.6168,0.8558,0.5688,0.6158,0.7838,0.5081,0.5578,0.3896,0.5898,0.6767,0.5796,0.5181,0.319,0.4786,0.2579,0.5188,0.3108,0.207,0.1639,0.3478,
1.0,0.9993,0.9681,0.9674,0.9689,0.9972,0.996,0.9908,0.9846,0.9214,0.732,0.9311,0.9055,0.8385,0.8003,0.8534,0.6764,0.8261,0.9363,0.7715,0.6068,0.9539,0.7198,0.6184,0.6116,0.6069,0.8495,0.5583,0.6176,0.7807,0.4927,0.5443,0.3839,0.5939,0.6644,0.5775,0.51,0.3096,0.4805,0.256,0.5189,0.3047,0.2062,0.1597,0.3515,
1.0,0.9987,0.9672,0.9659,0.9676,0.998,0.9956,0.9895,0.9843,0.9261,0.7331,0.9293,0.9112,0.8346,0.7938,0.8576,0.6762,0.8213,0.9383,0.7811,0.6056,0.9559,0.7239,0.6119,0.6033,0.6116,0.8562,0.5621,0.6185,0.7785,0.5004,0.5505,0.3841,0.5884,0.6728,0.5787,0.5187,0.3101,0.4819,0.2538,0.5176,0.3097,0.2018,0.162,0.3508,
1.0,0.9983,0.9669,0.9652,0.9725,0.9977,0.9945,0.9887,0.9833,0.9201,0.7302,0.932,0.9028,0.8355,0.7967,0.854,0.6808,0.8216,0.943,0.7839,0.6069,0.9523,0.7213,0.6238,0.6116,0.6143,0.8589,0.5675,0.6203,0.7833,0.4998,0.5511,0.3901,0.5963,0.6763,0.5846,0.5229,0.322,0.4836,0.2553,0.5244,0.3071,0.2092,0.1679,0.3576,
1.0,0.9992,0.9685,0.9677,0.9655,0.9976,0.9957,0.9902,0.9863,0.9243,0.7351,0.9267,0.9069,0.8382,0.8012,0.852,0.6861,0.8274,0.9419,0.7777,0.6108,0.9539,0.7205,0.6202,0.5998,0.6095,0.8536,0.5632,0.6184,0.7787,0.5001,0.5506,0.3763,0.5901,0.6804,0.5828,0.5191,0.3104,0.4734,0.257,0.5227,0.303,0.2099,0.1543,0.3511,
1.0,0.9996,0.9671,0.9667,0.9698,0.9971,0.9959,0.991,0.986,0.9231,0.7393,0.9316,0.907,0.8402,0.8036,0.8566,0.6831,0.8285,0.94,0.7804,0.616,0.9531,0.7276,0.6247,0.6067,0.6109,0.8549,0.5623,0.62,0.7779,0.4925,0.5385,0.3807,0.5817,0.6694,0.5828,0.5289,0.3002,0.4748,0.2657,0.5156,0.2993,0.1956,0.1602,0.3483,
1.0,0.9991,0.9681,0.9672,0.97,0.9967,0.9945,0.9897,0.9843,0.9225,0.731,0.9321,0.9058,0.836,0.7998,0.8561,0.6843,0.8227,0.9391,0.7855,0.6059,0.9495,0.7203,0.6193,0.6035,0.6131,0.8571,0.5683,0.6152,0.7823,0.503,0.5504,0.3853,0.5822,0.6694,0.5756,0.5177,0.3103,0.4708,0.2554,0.5195,0.3092,0.2049,0.1608,0.3475,
1.0,0.9992,0.972,0.9712,0.9709,0.9972,0.995,0.9902,0.986,0.9223,0.738,0.9368,0.9056,0.8421,0.8037,0.8604,0.6899,0.8296,0.942,0.7817,0.6105,0.952,0.7219,0.6287,0.6159,0.6162,0.8582,0.568,0.6211,0.779,0.499,0.5549,0.3883,0.5944,0.6776,0.5805,0.5221,0.3227,0.4827,0.2567,0.5269,0.3077,0.2041,0.1663,0.354,
1.0,0.9983,0.968,0.9663,0.9692,0.9975,0.9949,0.9902,0.9868,0.9253,0.7363,0.9281,0.9075,0.8386,0.8011,0.8564,0.6868,0.8286,0.9469,0.783,0.6158,0.9543,0.7237,0.629,0.6029,0.6134,0.8536,0.5662,0.6284,0.782,0.5063,0.5551,0.3847,0.5927,0.6827,0.5877,0.5224,0.318,0.4712,0.2664,0.5178,0.3067,0.2103,0.1682,0.3505,
1.0,0.9984,0.9682,0.9666,0.9701,0.9976,0.995,0.991,0.985,0.9221,0.738,0.9313,0.9078,0.8425,0.8027,0.8539,0.6901,0.8289,0.9427,0.7828,0.6149,0.9499,0.7234,0.6295,0.6102,0.62,0.8618,0.5772,0.6251,0.7839,0.5016,0.5598,0.3957,0.5918,0.6761,0.5817,0.5228,0.3225,0.4772,0.2624,0.531,0.3119,0.2052,0.169,0.3607,
1.0,0.9989,0.9677,0.9666,0.9682,0.9972,0.9947,0.9906,0.9846,0.9217,0.7348,0.9297,0.9062,0.8407,0.8016,0.8519,0.6844,0.8262,0.9345,0.7794,0.607,0.9536,0.7172,0.6151,0.6071,0.6089,0.8549,0.5666,0.6216,0.7784,0.4938,0.5506,0.3849,0.5956,0.6674,0.5798,0.5112,0.315,0.4791,0.2625,0.5198,0.3029,0.2035,0.161,0.3581,
1.0,0.9985,0.9666,0.9651,0.9713,0.9976,0.9948,0.988,0.9826,0.9192,0.7318,0.9304,0.9014,0.8397,0.8,0.8503,0.6839,0.8257,0.9379,0.779,0.6059,0.9526,0.7153,0.6191,0.6042,0.6095,0.8523,0.5643,0.6162,0.7809,0.5027,0.5514,0.3794,0.5927,0.6779,0.5806,0.5193,0.3084,0.477,0.2581,0.5241,0.3136,0.2119,0.1585,0.3558,
1.0,0.999,0.9658,0.9648,0.9739,0.9972,0.9953,0.9916,0.9856,0.9167,0.74,0.9341,0.9023,0.8445,0.806,0.8515,0.6895,0.8318,0.9424,0.7842,0.6115,0.9563,0.7169,0.629,0.6057,0.6169,0.8634,0.5769,0.6102,0.7778,0.5004,0.5586,0.3898,0.5974,0.6858,0.5784,0.531,0.3161,0.4907,0.2624,0.5344,0.3157,0.209,0.1711,0.3694,
1.0,0.9996,0.9649,0.9645,0.9709,0.9975,0.9961,0.99,0.9862,0.9198,0.7359,0.9305,0.9032,0.8421,0.8049,0.8509,0.6831,0.8291,0.9462,0.7774,0.6123,0.9532,0.7207,0.6239,0.6008,0.6146,0.8548,0.5711,0.6139,0.7783,0.5077,0.5567,0.3912,0.5942,0.6828,0.5824,0.5282,0.3171,0.4787,0.257,0.5096,0.3091,0.204,0.1611,0.3584,
1.0,0.9997,0.9701,0.9698,0.9716,0.9966,0.9957,0.9902,0.9853,0.9227,0.7442,0.937,0.9064,0.8469,0.8085,0.8613,0.6957,0.8349,0.9419,0.7871,0.6158,0.9532,0.7225,0.6331,0.6123,0.6212,0.8588,0.5772,0.6247,0.7769,0.5086,0.5617,0.3959,0.5943,0.6766,0.5882,0.5251,0.318,0.4806,0.2634,0.5296,0.3135,0.2093,0.1614,0.3597,
1.0,0.9989,0.9679,0.9668,0.9685,0.9978,0.9958,0.9895,0.9837,0.924,0.7342,0.9291,0.9068,0.8388,0.7961,0.8538,0.6826,0.8262,0.9416,0.7806,0.6088,0.9543,0.7244,0.6236,0.6072,0.6092,0.8612,0.5706,0.623,0.7852,0.5099,0.5554,0.3862,0.596,0.6772,0.5814,0.5207,0.3197,0.4894,0.2613,0.5292,0.3121,0.2082,0.1632,0.3595,
1.0,0.9993,0.9695,0.9688,0.9681,0.997,0.9951,0.9902,0.9845,0.923,0.7323,0.9297,0.9049,0.8367,0.7944,0.8545,0.6812,0.8234,0.9418,0.7773,0.6029,0.952,0.7093,0.619,0.5921,0.6085,0.8494,0.5648,0.6126,0.7782,0.5027,0.5534,0.3792,0.5823,0.6706,0.5691,0.5198,0.3076,0.473,0.2524,0.5191,0.3017,0.2012,0.1636,0.3377,
1.0,0.999,0.9686,0.9676,0.9704,0.9976,0.9962,0.991,0.9836,0.9293,0.7441,0.9331,0.9142,0.8424,0.8018,0.8637,0.6849,0.8277,0.9402,0.786,0.6171,0.9524,0.7247,0.6254,0.6082,0.6215,0.858,0.5712,0.6276,0.7875,0.5078,0.561,0.3886,0.602,0.6859,0.5907,0.5186,0.3173,0.4863,0.2633,0.538,0.3165,0.2108,0.1597,0.3557,
1.0,0.9983,0.9677,0.966,0.9686,0.9962,0.9938,0.9906,0.9859,0.9228,0.7403,0.9295,0.9068,0.8427,0.8081,0.8532,0.687,0.8301,0.9411,0.7824,0.6161,0.9523,0.7202,0.6238,0.6099,0.6223,0.8521,0.572,0.6246,0.778,0.4998,0.5574,0.3852,0.5918,0.6852,0.5885,0.5243,0.3105,0.47,0.2727,0.5223,0.3044,0.21,0.1665,0.3472,
1.0,0.9989,0.9683,0.9672,0.9726,0.9972,0.995,0.9919,0.9867,0.9237,0.7433,0.9335,0.9083,0.8438,0.8048,0.8582,0.6935,0.8303,0.9417,0.7856,0.6068,0.9527,0.7156,0.624,0.604,0.6216,0.8573,0.5737,0.6131,0.7817,0.5066,0.5566,0.3886,0.5873,0.672,0.5761,0.5118,0.3225,0.4777,0.256,0.5242,0.309,0.2053,0.1601,0.3551,
1.0,0.9991,0.9682,0.9673,0.9709,0.9972,0.9955,0.9908,0.9857,0.9233,0.7346,0.9326,0.9065,0.8341,0.7951,0.857,0.6799,0.8219,0.942,0.7799,0.6044,0.9559,0.7198,0.6185,0.6051,0.6114,0.8516,0.5617,0.615,0.7796,0.5056,0.5522,0.3873,0.5881,0.6784,0.5853,0.5197,0.312,0.4709,0.2497,0.521,0.3051,0.2122,0.1585,0.3475,
1.0,0.9993,0.9652,0.9645,0.9699,0.9961,0.9947,0.9908,0.9864,0.9249,0.7407,0.9305,0.9083,0.8415,0.8064,0.8573,0.6862,0.8306,0.9442,0.787,0.6166,0.9518,0.7263,0.6246,0.6008,0.6145,0.8586,0.5721,0.6261,0.7882,0.5154,0.5531,0.393,0.5976,0.6796,0.5874,0.5233,0.3239,0.4835,0.2678,0.5243,0.3244,0.2169,0.1594,0.3659,
1.0,0.9989,0.967,0.9659,0.9663,0.9965,0.9942,0.9902,0.9859,0.9233,0.7413,0.926,0.9057,0.8455,0.8068,0.852,0.6914,0.8337,0.9406,0.7811,0.6142,0.9508,0.7146,0.6204,0.598,0.6147,0.8566,0.5684,0.6174,0.7735,0.4957,0.5513,0.3806,0.5904,0.6667,0.5786,0.507,0.3137,0.4821,0.2613,0.5285,0.305,0.1993,0.1572,0.3537,
1.0,0.9989,0.9703,0.9692,0.9673,0.9961,0.9948,0.991,0.9854,0.921,0.7321,0.9307,0.9042,0.8384,0.7997,0.8523,0.6845,0.8256,0.9412,0.7757,0.6065,0.9524,0.718,0.6178,0.6016,0.6057,0.8551,0.566,0.6113,0.7809,0.5045,0.5518,0.3817,0.5839,0.6791,0.5784,0.5236,0.3155,0.475,0.2568,0.5242,0.3086,0.206,0.1635,0.3451,
1.0,0.9994,0.9684,0.9678,0.968,0.9976,0.9962,0.9927,0.9869,0.9208,0.7346,0.9313,0.9078,0.8404,0.8033,0.8536,0.6849,0.8267,0.9428,0.7746,0.6111,0.9531,0.7211,0.6232,0.6128,0.6179,0.857,0.5739,0.6219,0.7754,0.4957,0.5535,0.3931,0.585,0.6739,0.5838,0.5202,0.3185,0.474,0.251,0.519,0.2986,0.2033,0.1663,0.3484,
1.0,0.9987,0.9674,0.9661,0.9695,0.9973,0.9948,0.991,0.9849,0.9238,0.7421,0.9287,0.907,0.8442,0.8054,0.8547,0.6893,0.8306,0.9385,0.7812,0.6158,0.9523,0.7193,0.6259,0.6001,0.6151,0.8542,0.5613,0.6228,0.777,0.4956,0.544,0.3811,0.5854,0.6656,0.5799,0.5175,0.3022,0.4796,0.2637,0.5227,0.3028,0.2043,0.1599,0.3526,
1.0,0.9986,0.9683,0.9669,0.9678,0.998,0.9957,0.9908,0.9857,0.9238,0.7389,0.9303,0.9095,0.8436,0.8076,0.8565,0.6924,0.8308,0.9411,0.7841,0.6145,0.9556,0.7231,0.624,0.6014,0.6143,0.8611,0.5734,0.6179,0.7887,0.5065,0.5577,0.3876,0.5956,0.6813,0.5822,0.5274,0.3223,0.4909,0.2634,0.533,0.3256,0.2133,0.1625,0.3631,
1.0,0.9992,0.9691,0.9683,0.9717,0.9968,0.9949,0.9908,0.9855,0.9273,0.737,0.9334,0.9094,0.833,0.7933,0.8611,0.6798,0.8193,0.9381,0.7854,0.604,0.9509,0.7271,0.617,0.611,0.611,0.8572,0.5585,0.6233,0.7896,0.5066,0.5429,0.392,0.5877,0.6671,0.5861,0.5198,0.311,0.4728,0.2594,0.5184,0.3161,0.2103,0.1626,0.3438,
1.0,0.9992,0.967,0.9662,0.9683,0.9973,0.9952,0.9909,0.9853,0.9196,0.7373,0.929,0.9038,0.8428,0.8051,0.8495,0.6908,0.8268,0.9378,0.7795,0.6156,0.9525,0.7185,0.6267,0.6039,0.6137,0.8567,0.5711,0.6167,0.7756,0.5031,0.5559,0.3852,0.5839,0.6733,0.5825,0.5231,0.3134,0.4742,0.2623,0.5239,0.3073,0.2056,0.1593,0.3511,
1.0,0.9992,0.9647,0.9639,0.9705,0.9976,0.9959,0.9909,0.9853,0.92,0.7342,0.9281,0.9031,0.8396,0.8019,0.8495,0.6818,0.8248,0.9391,0.778,0.6051,0.9526,0.7131,0.6193,0.5968,0.6066,0.8549,0.564,0.6079,0.7847,0.4999,0.549,0.379,0.5918,0.6772,0.5739,0.5236,0.3103,0.4789,0.253,0.5201,0.3097,0.2114,0.1621,0.3607,
1.0,0.9984,0.9695,0.9679,0.9724,0.9969,0.9946,0.989,0.9846,0.9241,0.7369,0.9342,0.9063,0.8362,0.7944,0.8596,0.6785,0.8246,0.9453,0.7815,0.613,0.9539,0.7296,0.6268,0.6183,0.6157,0.8565,0.5674,0.6201,0.7826,0.5055,0.5499,0.3925,0.5942,0.6794,0.5937,0.5241,0.3184,0.4878,0.254,0.5263,0.3154,0.2048,0.1712,0.3487,
1.0,0.9991,0.967,0.9661,0.9715,0.9979,0.9961,0.9914,0.9851,0.9163,0.7254,0.933,0.9017,0.8337,0.7973,0.8507,0.679,0.8212,0.9399,0.7799,0.5966,0.955,0.7136,0.6156,0.6061,0.6013,0.8559,0.5613,0.6128,0.775,0.5009,0.5382,0.3917,0.589,0.6653,0.5743,0.5157,0.312,0.4836,0.2502,0.5183,0.305,0.1959,0.1635,0.3463,
1.0,0.9991,0.9682,0.9673,0.9716,0.9971,0.995,0.9901,0.9852,0.9229,0.7401,0.9328,0.9061,0.8411,0.8031,0.857,0.6889,0.8284,0.9417,0.7847,0.6098,0.953,0.7182,0.6251,0.6059,0.6167,0.8559,0.5718,0.6125,0.7878,0.5117,0.556,0.3893,0.5922,0.677,0.5784,0.5202,0.3207,0.4745,0.259,0.521,0.3173,0.2077,0.1567,0.3528,
1.0,0.9985,0.9671,0.9656,0.9691,0.9969,0.9946,0.9909,0.9856,0.9256,0.7407,0.9292,0.9093,0.844,0.8067,0.8554,0.6864,0.832,0.9446,0.7813,0.6195,0.9574,0.7272,0.6254,0.6121,0.625,0.8552,0.5793,0.6258,0.7872,0.5113,0.5631,0.3897,0.5972,0.6832,0.5948,0.5295,0.3239,0.4832,0.2658,0.529,0.3174,0.214,0.1676,0.3682,
1.0,0.9985,0.9661,0.9646,0.9675,0.9972,0.995,0.9911,0.9844,0.926,0.7333,0.9281,0.9127,0.8381,0.8005,0.8548,0.6822,0.8234,0.9394,0.7838,0.611,0.9544,0.7283,0.6176,0.604,0.6109,0.861,0.5663,0.625,0.7827,0.5018,0.5529,0.3883,0.5906,0.6706,0.5848,0.5237,0.3134,0.485,0.2662,0.5229,0.3081,0.205,0.1637,0.3576,
1.0,0.9988,0.968,0.9668,0.9718,0.9975,0.9951,0.9908,0.9858,0.9248,0.7405,0.9331,0.9095,0.8391,0.8027,0.8594,0.6816,0.8252,0.9417,0.783,0.6084,0.9523,0.7188,0.6227,0.6027,0.6176,0.8516,0.5625,0.6241,0.7857,0.5082,0.5502,0.3882,0.5947,0.6827,0.5825,0.5088,0.3132,0.475,0.2535,0.5258,0.3124,0.2154,0.1624,0.3503,
1.0,0.9989,0.9677,0.9666,0.9682,0.9985,0.9964,0.9909,0.9847,0.9256,0.7366,0.9285,0.9096,0.84,0.7994,0.8553,0.685,0.827,0.9442,0.7812,0.6167,0.9536,0.7232,0.6265,0.6042,0.6184,0.8573,0.5707,0.6204,0.7832,0.5056,0.5561,0.3881,0.5924,0.6762,0.5776,0.5157,0.3225,0.4765,0.2572,0.5203,0.3127,0.2117,0.1682,0.3537,
1.0,0.9995,0.9685,0.968,0.9708,0.9976,0.9958,0.9909,0.9858,0.9218,0.7422,0.9344,0.9067,0.8437,0.8051,0.8566,0.6933,0.83,0.9411,0.7843,0.6129,0.9532,0.7144,0.6266,0.6018,0.62,0.8596,0.5773,0.6084,0.7765,0.5011,0.5615,0.3849,0.5828,0.6797,0.5748,0.5375,0.314,0.4792,0.2605,0.5298,0.3056,0.211,0.1662,0.3511,
1.0,0.9988,0.9718,0.9706,0.9669,0.9979,0.9952,0.9895,0.9841,0.9232,0.7319,0.932,0.907,0.8393,0.8012,0.8556,0.6891,0.8234,0.9381,0.7809,0.6113,0.9534,0.7248,0.6239,0.6086,0.612,0.8569,0.5667,0.6222,0.779,0.5032,0.5532,0.3933,0.5944,0.6855,0.5859,0.524,0.315,0.4814,0.2547,0.5269,0.3151,0.2103,0.1672,0.3602,
1.0,0.9987,0.9651,0.9638,0.9705,0.9968,0.9946,0.9904,0.9843,0.9225,0.7339,0.9292,0.9061,0.8381,0.7996,0.8539,0.6781,0.8247,0.9394,0.779,0.6155,0.9504,0.7308,0.6266,0.6212,0.6132,0.8534,0.5646,0.6351,0.7804,0.4971,0.5485,0.3949,0.6046,0.6717,0.5981,0.5078,0.3172,0.4856,0.2662,0.522,0.3118,0.2108,0.1646,0.3567,
1.0,0.9994,0.9689,0.9683,0.9679,0.9964,0.9956,0.9919,0.9858,0.9245,0.7403,0.9302,0.9076,0.8423,0.8029,0.8558,0.6807,0.8302,0.9384,0.7743,0.6097,0.9535,0.7222,0.6215,0.6072,0.6143,0.849,0.5612,0.617,0.7757,0.5054,0.5472,0.3917,0.5922,0.6714,0.5812,0.5227,0.3168,0.4836,0.2626,0.5172,0.3126,0.2102,0.1666,0.3546,
1.0,0.9996,0.9674,0.967,0.9684,0.9977,0.9963,0.9912,0.9862,0.9249,0.7405,0.9308,0.91,0.8423,0.8086,0.8578,0.6926,0.8288,0.9362,0.7865,0.6142,0.9563,0.7291,0.6235,0.6044,0.614,0.8584,0.5683,0.6191,0.7877,0.5083,0.551,0.3946,0.5922,0.6833,0.5835,0.5215,0.3178,0.4815,0.2646,0.5255,0.3231,0.2126,0.1606,0.3622,
1.0,0.999,0.9691,0.9681,0.9706,0.9972,0.9952,0.991,0.9855,0.9237,0.7329,0.9329,0.9074,0.8355,0.7967,0.8573,0.6841,0.8236,0.9454,0.7842,0.6101,0.9542,0.7193,0.625,0.6081,0.6137,0.8587,0.568,0.6185,0.7803,0.5007,0.553,0.3841,0.5957,0.6808,0.5846,0.5231,0.3156,0.4867,0.257,0.5331,0.3094,0.2113,0.1656,0.3573,
1.0,0.9982,0.9682,0.9664,0.9705,0.9972,0.9944,0.9899,0.9842,0.9232,0.7351,0.9307,0.9066,0.839,0.7984,0.8561,0.6848,0.8254,0.9408,0.7867,0.6115,0.9546,0.7226,0.625,0.61,0.615,0.8614,0.5765,0.62,0.7846,0.5009,0.5556,0.3897,0.5944,0.6808,0.5847,0.5328,0.316,0.4886,0.2612,0.5294,0.3167,0.2084,0.1749,0.357,
1.0,0.9991,0.9667,0.9658,0.9693,0.9974,0.9957,0.9915,0.9871,0.9226,0.7357,0.9296,0.9075,0.8383,0.8016,0.8538,0.6868,0.8265,0.941,0.7831,0.6124,0.9533,0.7289,0.6248,0.612,0.6106,0.8599,0.5651,0.6262,0.7805,0.5125,0.5511,0.3975,0.5907,0.678,0.5898,0.524,0.323,0.4805,0.269,0.5223,0.3211,0.2112,0.1665,0.3594,
1.0,0.9989,0.9654,0.9643,0.9707,0.9971,0.9955,0.9912,0.985,0.9247,0.7436,0.9306,0.9094,0.8458,0.8093,0.8571,0.6893,0.8328,0.9404,0.7863,0.6094,0.9551,0.7177,0.617,0.599,0.6223,0.8578,0.5728,0.6159,0.7878,0.5134,0.5573,0.38,0.5904,0.6697,0.5783,0.5249,0.3215,0.4781,0.2644,0.526,0.3116,0.2056,0.1601,0.3572,
1.0,0.9988,0.9698,0.9686,0.9682,0.9971,0.9947,0.9904,0.9844,0.9292,0.7398,0.9301,0.9118,0.8393,0.7997,0.86,0.6846,0.8263,0.9425,0.784,0.6154,0.9558,0.7303,0.6272,0.6102,0.6156,0.8546,0.5673,0.6292,0.7877,0.5084,0.5564,0.3833,0.5958,0.6813,0.5912,0.5234,0.3144,0.4825,0.2627,0.5275,0.3154,0.2109,0.1589,0.3569,
1.0,0.9985,0.971,0.9695,0.9682,0.9976,0.9953,0.9909,0.9851,0.9224,0.7386,0.9342,0.9091,0.8423,0.8059,0.858,0.6902,0.8289,0.9407,0.7833,0.6138,0.9538,0.7245,0.6256,0.6068,0.6127,0.8592,0.5647,0.6255,0.7733,0.4943,0.5492,0.3866,0.5904,0.6815,0.5849,0.5222,0.3098,0.4749,0.2646,0.5306,0.3,0.209,0.1606,0.3513,
1.0,0.9985,0.9672,0.9657,0.9685,0.9972,0.9945,0.9901,0.9856,0.9274,0.7381,0.9303,0.913,0.8379,0.8019,0.86,0.6802,0.8253,0.9382,0.7823,0.6128,0.9548,0.7276,0.6183,0.6059,0.614,0.856,0.5645,0.625,0.7837,0.5065,0.5489,0.3853,0.5977,0.6695,0.5889,0.5218,0.313,0.4788,0.261,0.5183,0.3151,0.2002,0.1646,0.3508,
1.0,0.999,0.9665,0.9655,0.9695,0.9968,0.995,0.988,0.983,0.9205,0.7347,0.9305,0.9028,0.843,0.804,0.8538,0.6837,0.83,0.94,0.779,0.6123,0.9487,0.7179,0.6254,0.6016,0.614,0.8538,0.5675,0.6179,0.7748,0.4995,0.5509,0.3839,0.5882,0.6735,0.5765,0.5244,0.3157,0.4741,0.2605,0.5237,0.3096,0.2023,0.1631,0.3518,
1.0,0.9991,0.9707,0.9698,0.9662,0.9968,0.995,0.9912,0.986,0.9232,0.7357,0.93,0.9069,0.842,0.8034,0.8543,0.6826,0.8295,0.9426,0.7713,0.6111,0.9529,0.7207,0.624,0.6052,0.6113,0.85,0.5625,0.6195,0.7762,0.4965,0.5565,0.383,0.5901,0.6774,0.5758,0.52,0.3143,0.4617,0.2599,0.5113,0.3018,0.1995,0.1632,0.3473,
1.0,0.9989,0.9703,0.9692,0.9709,0.9973,0.9951,0.9909,0.9859,0.9265,0.7343,0.9351,0.911,0.8334,0.7983,0.8638,0.6856,0.819,0.9412,0.7902,0.6053,0.951,0.7232,0.6197,0.6068,0.6093,0.8609,0.5558,0.6234,0.7861,0.5082,0.5403,0.3893,0.5926,0.6718,0.589,0.5289,0.3107,0.4847,0.2629,0.5203,0.3158,0.2096,0.1695,0.3494,
1.0,0.9989,0.9662,0.9651,0.9675,0.9972,0.9943,0.9893,0.9863,0.9212,0.7369,0.9277,0.9043,0.8434,0.8064,0.851,0.692,0.8315,0.9418,0.7786,0.6118,0.9523,0.7186,0.6218,0.5989,0.6071,0.8565,0.5674,0.6187,0.7791,0.4996,0.552,0.3776,0.5931,0.6693,0.5827,0.5265,0.3125,0.4858,0.2656,0.5195,0.3077,0.1996,0.1604,0.3628,
1.0,0.9993,0.9667,0.966,0.9702,0.9974,0.9959,0.9913,0.9861,0.9209,0.7343,0.93,0.9043,0.8373,0.7979,0.8515,0.6813,0.8256,0.9408,0.7784,0.6096,0.9565,0.721,0.6207,0.6044,0.6104,0.8556,0.5599,0.6165,0.7786,0.4991,0.547,0.3825,0.5856,0.673,0.5807,0.5134,0.3097,0.4764,0.2528,0.5196,0.3024,0.2057,0.1598,0.3511,
1.0,0.9989,0.9657,0.9646,0.9717,0.9961,0.9942,0.9908,0.9839,0.9218,0.7311,0.9331,0.9069,0.8347,0.7953,0.8568,0.6767,0.8201,0.9345,0.785,0.6086,0.9522,0.7337,0.6183,0.6245,0.6081,0.8633,0.5631,0.6294,0.7811,0.5071,0.5422,0.4045,0.5949,0.6711,0.5948,0.518,0.3191,0.4885,0.265,0.5258,0.3272,0.206,0.1679,0.3574,
1.0,0.9987,0.9691,0.9678,0.9696,0.9961,0.9941,0.9907,0.9849,0.9234,0.739,0.9319,0.9068,0.8421,0.804,0.8559,0.6902,0.83,0.944,0.7846,0.6207,0.9545,0.7306,0.6324,0.6106,0.6187,0.8568,0.571,0.6224,0.7802,0.5077,0.5475,0.3894,0.5846,0.6713,0.5924,0.5233,0.3173,0.4795,0.2606,0.5301,0.3149,0.2065,0.1684,0.3524,
1.0,0.9992,0.9676,0.9668,0.9689,0.9974,0.9955,0.9892,0.9839,0.9203,0.7286,0.9309,0.9034,0.8355,0.796,0.8531,0.6741,0.8226,0.9405,0.7752,0.6124,0.9502,0.725,0.6257,0.6138,0.6102,0.8516,0.5607,0.6254,0.7729,0.5077,0.5506,0.4001,0.5837,0.6788,0.5842,0.5182,0.3213,0.4689,0.2539,0.5184,0.3091,0.2106,0.1678,0.3402,
1.0,0.9994,0.9657,0.9651,0.9686,0.9974,0.9958,0.9914,0.9856,0.9261,0.7336,0.9283,0.9102,0.8357,0.7978,0.856,0.6812,0.8223,0.9399,0.7852,0.6128,0.9543,0.7263,0.62,0.5991,0.6047,0.8623,0.5596,0.6193,0.783,0.4953,0.5401,0.3812,0.5891,0.6767,0.5823,0.5201,0.3079,0.4773,0.2576,0.5228,0.3079,0.2031,0.1584,0.3573,
1.0,0.999,0.9664,0.9654,0.972,0.9972,0.9945,0.9902,0.9848,0.9241,0.732,0.9324,0.9075,0.834,0.795,0.8569,0.6765,0.8199,0.941,0.7832,0.6024,0.9514,0.7173,0.6156,0.6043,0.6117,0.8549,0.5616,0.6177,0.7847,0.5008,0.5446,0.3775,0.5887,0.6764,0.5816,0.5205,0.3104,0.4786,0.2496,0.5251,0.3111,0.2106,0.1577,0.3501,
1.0,0.9988,0.969,0.9678,0.9702,0.9969,0.9944,0.9896,0.9853,0.9244,0.7359,0.9312,0.9056,0.8371,0.798,0.8574,0.682,0.8255,0.94,0.7818,0.6099,0.9511,0.7204,0.6236,0.6058,0.6118,0.8523,0.5586,0.6207,0.779,0.5003,0.5428,0.3904,0.5894,0.6748,0.5803,0.519,0.3115,0.4817,0.2603,0.524,0.3101,0.2061,0.1681,0.3484,
1.0,0.9984,0.9659,0.9643,0.9664,0.9969,0.994,0.9897,0.9859,0.9208,0.7315,0.9265,0.9056,0.8402,0.8041,0.8482,0.6816,0.8284,0.9388,0.7749,0.6075,0.9485,0.7201,0.6156,0.6024,0.6048,0.857,0.5653,0.6152,0.7769,0.4931,0.5473,0.3851,0.5882,0.6694,0.5764,0.5154,0.3169,0.4766,0.2601,0.5226,0.3074,0.2077,0.1602,0.3563,
1.0,0.9988,0.9682,0.967,0.9709,0.9982,0.9958,0.9889,0.9818,0.9241,0.7331,0.9335,0.9076,0.8378,0.7961,0.8593,0.6817,0.8228,0.939,0.7873,0.6155,0.9509,0.726,0.6268,0.61,0.6138,0.8566,0.5661,0.6222,0.7815,0.5096,0.5555,0.3972,0.5916,0.6734,0.5833,0.5132,0.3161,0.4796,0.2555,0.5247,0.3134,0.2112,0.1659,0.3501,
1.0,0.999,0.9675,0.9665,0.9711,0.9971,0.9954,0.9901,0.9856,0.929,0.7398,0.9312,0.9108,0.8359,0.7981,0.8636,0.686,0.8233,0.9381,0.7933,0.6101,0.9526,0.7271,0.6209,0.6116,0.6145,0.859,0.5678,0.6252,0.7903,0.5048,0.5456,0.3851,0.5884,0.6708,0.5828,0.5197,0.3068,0.4761,0.2622,0.5245,0.3085,0.2121,0.1573,0.3553,
1.0,0.9992,0.9678,0.967,0.9713,0.9977,0.9959,0.9912,0.9856,0.9327,0.7438,0.9335,0.9182,0.8366,0.7983,0.8672,0.6852,0.8239,0.9407,0.7934,0.613,0.9545,0.7306,0.616,0.5996,0.6159,0.8632,0.5633,0.6223,0.7918,0.5052,0.5485,0.3774,0.5953,0.6777,0.5815,0.5133,0.3107,0.4825,0.2611,0.5255,0.3121,0.2093,0.1503,0.3584,
1.0,0.9991,0.9653,0.9644,0.9709,0.998,0.9965,0.9902,0.9845,0.9233,0.7411,0.9299,0.9085,0.8443,0.8078,0.8535,0.6886,0.8303,0.9378,0.7843,0.6148,0.9536,0.7276,0.6253,0.6143,0.6194,0.8571,0.5663,0.6261,0.7857,0.5064,0.5518,0.3944,0.6004,0.6762,0.593,0.5167,0.3142,0.4846,0.2643,0.5236,0.3235,0.2139,0.1592,0.3644,
1.0,0.9989,0.9667,0.9656,0.9675,0.9974,0.9952,0.9903,0.9846,0.9245,0.7308,0.9271,0.9084,0.8356,0.7983,0.8529,0.6811,0.8211,0.9409,0.7828,0.6132,0.954,0.7241,0.6217,0.6015,0.6084,0.8541,0.5597,0.625,0.779,0.5081,0.5443,0.3876,0.5953,0.6757,0.5881,0.5273,0.3136,0.4773,0.2666,0.5173,0.3136,0.2091,0.1671,0.3467,
1.0,0.9989,0.9659,0.9648,0.9692,0.9977,0.9954,0.9902,0.9855,0.9246,0.7422,0.9284,0.9087,0.845,0.8064,0.8528,0.6898,0.8326,0.9438,0.7809,0.6152,0.9545,0.7241,0.6281,0.6055,0.6235,0.8567,0.5749,0.6124,0.7831,0.5105,0.5639,0.3877,0.5862,0.6803,0.5806,0.5258,0.3254,0.4764,0.256,0.5175,0.3172,0.2095,0.1606,0.3564,
1.0,0.9988,0.9664,0.9652,0.9687,0.9971,0.9948,0.9899,0.9858,0.9259,0.7411,0.9279,0.9085,0.8424,0.8051,0.8565,0.6881,0.8296,0.9403,0.7845,0.6133,0.9513,0.7229,0.623,0.602,0.6187,0.855,0.5713,0.6196,0.782,0.5086,0.5463,0.3891,0.5817,0.6729,0.5839,0.5226,0.323,0.478,0.2623,0.5223,0.3194,0.2077,0.1613,0.349,
1.0,0.9989,0.971,0.9699,0.967,0.9961,0.9941,0.9907,0.984,0.9251,0.7346,0.9318,0.9084,0.842,0.8018,0.8579,0.6901,0.8291,0.9401,0.7819,0.613,0.9546,0.7263,0.6249,0.6115,0.6124,0.8594,0.5723,0.6278,0.778,0.497,0.5569,0.3775,0.5937,0.6818,0.5888,0.5232,0.3167,0.4769,0.2672,0.5212,0.3055,0.2053,0.1566,0.3512,
1.0,0.9985,0.9664,0.9649,0.9718,0.9967,0.9942,0.991,0.9858,0.9209,0.7294,0.9321,0.9058,0.8324,0.7949,0.8547,0.6766,0.8189,0.9425,0.7828,0.6052,0.9547,0.7192,0.6175,0.6086,0.6108,0.8593,0.5646,0.6179,0.7765,0.5092,0.5462,0.3963,0.5971,0.6796,0.5805,0.5201,0.3217,0.4868,0.2542,0.5322,0.3147,0.205,0.1606,0.3582,
1.0,0.9988,0.9659,0.9647,0.9728,0.9973,0.9953,0.9917,0.987,0.9263,0.7422,0.9318,0.9116,0.8388,0.8016,0.8593,0.6846,0.8264,0.939,0.7856,0.6062,0.9537,0.7167,0.6195,0.6056,0.617,0.8559,0.5624,0.6167,0.7821,0.5071,0.5442,0.3845,0.589,0.6712,0.5786,0.5192,0.3131,0.4736,0.2593,0.5193,0.3102,0.2073,0.163,0.3567,
1.0,0.9995,0.9653,0.9648,0.9711,0.9968,0.9949,0.9904,0.9858,0.9201,0.7348,0.9315,0.9034,0.8383,0.8029,0.8533,0.6793,0.8251,0.9411,0.7794,0.6064,0.9559,0.72,0.6198,0.6055,0.6102,0.8551,0.5648,0.6097,0.7833,0.5071,0.5482,0.3851,0.5926,0.6802,0.5828,0.5286,0.3131,0.4907,0.2551,0.5251,0.3193,0.2084,0.1673,0.3634,
1.0,0.998,0.9666,0.9646,0.9697,0.9967,0.9936,0.9895,0.9839,0.926,0.7398,0.9304,0.9109,0.8415,0.8032,0.857,0.6865,0.8284,0.9435,0.7866,0.6178,0.9504,0.7301,0.6267,0.6052,0.6162,0.8604,0.5657,0.6257,0.7812,0.4965,0.5493,0.3841,0.5897,0.6762,0.5882,0.526,0.3142,0.4871,0.268,0.5309,0.3082,0.2106,0.1604,0.3613,
1.0,0.9991,0.9699,0.969,0.9716,0.9965,0.9945,0.9914,0.9855,0.9234,0.7384,0.9359,0.9087,0.8378,0.8017,0.8613,0.6835,0.8237,0.9417,0.7843,0.6117,0.9535,0.7195,0.6253,0.604,0.6177,0.8547,0.5646,0.6153,0.7819,0.5031,0.5495,0.3849,0.5898,0.6811,0.5821,0.5236,0.3129,0.4772,0.2584,0.5282,0.314,0.2055,0.1677,0.3494,
1.0,0.9991,0.9667,0.9658,0.9679,0.9971,0.9953,0.9922,0.988,0.9218,0.7363,0.9284,0.9073,0.84,0.8055,0.8516,0.6929,0.8292,0.9414,0.7848,0.6056,0.955,0.717,0.6176,0.5966,0.6126,0.8615,0.5664,0.6125,0.7812,0.5033,0.5511,0.3888,0.5919,0.6771,0.5738,0.5257,0.3167,0.493,0.2615,0.5356,0.3153,0.2062,0.165,0.3617,
1.0,0.9992,0.9702,0.9694,0.9698,0.9972,0.9952,0.9907,0.9847,0.9206,0.7323,0.9343,0.9053,0.8394,0.8008,0.8554,0.6877,0.8263,0.9448,0.781,0.6119,0.957,0.7221,0.6307,0.6074,0.6113,0.8545,0.5681,0.6257,0.7771,0.5049,0.5628,0.3823,0.5929,0.6924,0.588,0.5319,0.3162,0.4745,0.2626,0.5356,0.3023,0.214,0.1641,0.3622,
1.0,0.9985,0.9695,0.968,0.9699,0.9963,0.9941,0.9913,0.9853,0.9203,0.7314,0.9306,0.9019,0.8374,0.7951,0.8521,0.6822,0.8235,0.9366,0.7775,0.6035,0.9553,0.7224,0.621,0.6133,0.6033,0.8537,0.5619,0.6196,0.7728,0.5014,0.5474,0.4027,0.5974,0.677,0.5784,0.5166,0.3105,0.4837,0.2597,0.5262,0.3151,0.2119,0.1635,0.3545,
1.0,0.9987,0.9659,0.9646,0.9688,0.9977,0.9956,0.9906,0.9842,0.9254,0.7396,0.9295,0.9117,0.845,0.8066,0.8575,0.6874,0.8307,0.9413,0.7866,0.6205,0.9499,0.7259,0.6286,0.6067,0.6185,0.8575,0.5792,0.6267,0.7828,0.499,0.5577,0.3865,0.5841,0.6685,0.5905,0.5268,0.3155,0.4791,0.2717,0.5215,0.3051,0.2055,0.1676,0.3526,
1.0,0.9984,0.9701,0.9685,0.9705,0.9978,0.9955,0.9882,0.982,0.9213,0.7268,0.935,0.9055,0.8317,0.7922,0.858,0.6789,0.8183,0.9427,0.7844,0.6051,0.955,0.7198,0.6202,0.604,0.6059,0.8541,0.563,0.6198,0.778,0.5074,0.5481,0.3884,0.592,0.6771,0.5794,0.5212,0.3115,0.4799,0.253,0.5288,0.3064,0.2065,0.1677,0.3518,
1.0,0.9987,0.9667,0.9654,0.9657,0.9968,0.9945,0.9905,0.986,0.9232,0.7293,0.926,0.9076,0.8364,0.7975,0.8507,0.6771,0.8247,0.9365,0.7772,0.5946,0.9533,0.7167,0.6042,0.5971,0.6043,0.857,0.5614,0.6112,0.777,0.4963,0.5488,0.3787,0.5906,0.6793,0.5718,0.5124,0.3115,0.4773,0.2532,0.5259,0.3115,0.2136,0.155,0.3561,
1.0,0.9986,0.9673,0.9659,0.9683,0.9968,0.9943,0.9895,0.9836,0.9234,0.7354,0.9298,0.9075,0.8405,0.8005,0.8544,0.6896,0.8261,0.9394,0.7868,0.6148,0.9517,0.7271,0.6233,0.6023,0.6139,0.8647,0.5723,0.6166,0.7817,0.5038,0.5493,0.3856,0.5828,0.6701,0.5809,0.527,0.3224,0.4757,0.2585,0.5204,0.3075,0.2126,0.1607,0.3529,
1.0,0.9994,0.9674,0.9668,0.9713,0.9973,0.9957,0.9914,0.9867,0.9211,0.7324,0.9318,0.9043,0.8338,0.7958,0.853,0.6783,0.821,0.9408,0.7782,0.6064,0.9537,0.7223,0.6222,0.6158,0.6133,0.8524,0.568,0.6221,0.7848,0.5091,0.556,0.3953,0.5993,0.6823,0.5863,0.5144,0.3199,0.4809,0.2578,0.52,0.3161,0.2101,0.1667,0.356,
1.0,0.9986,0.9666,0.9652,0.9712,0.997,0.9948,0.9905,0.9855,0.9233,0.7364,0.9312,0.9079,0.8394,0.8023,0.8558,0.6875,0.8266,0.94,0.7861,0.6095,0.9519,0.7211,0.6192,0.6112,0.6177,0.8601,0.569,0.6179,0.7853,0.5091,0.5537,0.3963,0.5893,0.6716,0.5821,0.528,0.317,0.4794,0.2608,0.5193,0.3147,0.2105,0.1681,0.3555,
1.0,0.9986,0.9687,0.9673,0.9679,0.9973,0.9951,0.9905,0.9855,0.926,0.7382,0.93,0.9108,0.8407,0.8038,0.8556,0.6844,0.829,0.9446,0.7784,0.6192,0.9528,0.7273,0.6283,0.601,0.6185,0.8533,0.5659,0.619,0.786,0.5018,0.5572,0.3849,0.5912,0.6849,0.5872,0.5317,0.3096,0.4764,0.2664,0.5258,0.3081,0.2091,0.166,0.3532,
1.0,0.999,0.9678,0.9668,0.9687,0.9964,0.9943,0.9918,0.9866,0.921,0.7292,0.9295,0.9052,0.8359,0.8004,0.8514,0.6868,0.8249,0.9434,0.7838,0.6051,0.9551,0.7179,0.618,0.605,0.6109,0.8547,0.566,0.6122,0.776,0.5026,0.5483,0.3887,0.5875,0.6757,0.5786,0.5198,0.3157,0.4744,0.2515,0.5261,0.305,0.2051,0.1591,0.3494,
1.0,0.9991,0.9678,0.9669,0.9686,0.9971,0.9954,0.9896,0.9849,0.9211,0.7404,0.93,0.9042,0.8475,0.8083,0.8526,0.6917,0.8346,0.9415,0.778,0.6119,0.9528,0.7179,0.6266,0.6022,0.6188,0.8522,0.5754,0.6162,0.7778,0.5033,0.5611,0.3763,0.585,0.6764,0.5807,0.5225,0.3158,0.4783,0.2579,0.5212,0.3038,0.2062,0.1642,0.3554,
1.0,0.9986,0.9672,0.9658,0.9704,0.9968,0.9941,0.9899,0.9847,0.928,0.7412,0.9314,0.9115,0.8421,0.8024,0.8617,0.6867,0.8276,0.9376,0.7888,0.6104,0.9533,0.7257,0.6211,0.6147,0.6209,0.8597,0.5752,0.6227,0.7862,0.5041,0.5527,0.3853,0.5913,0.6654,0.591,0.5202,0.3114,0.4874,0.2586,0.5241,0.3103,0.2015,0.1617,0.3565,
1.0,0.9989,0.9685,0.9674,0.9673,0.9971,0.9948,0.9899,0.985,0.9228,0.7346,0.9294,0.9056,0.8409,0.8019,0.8538,0.6899,0.8299,0.9443,0.784,0.6139,0.9559,0.727,0.6266,0.6057,0.6132,0.8612,0.5732,0.6203,0.7776,0.506,0.5524,0.3945,0.5919,0.68,0.5913,0.5262,0.326,0.4851,0.2601,0.5328,0.3188,0.2106,0.1627,0.3558,
1.0,0.9987,0.9677,0.9664,0.9685,0.997,0.9951,0.9902,0.9857,0.9306,0.7429,0.9295,0.9139,0.8413,0.8029,0.861,0.6883,0.83,0.9431,0.7871,0.614,0.9569,0.7277,0.6203,0.6,0.6118,0.8539,0.5706,0.6176,0.7909,0.5239,0.549,0.3872,0.5976,0.6774,0.5907,0.522,0.3184,0.4836,0.2601,0.5193,0.3309,0.2143,0.1583,0.3617,
1.0,0.9983,0.9693,0.9676,0.9722,0.9969,0.9943,0.9902,0.9847,0.9209,0.7375,0.9353,0.9062,0.8404,0.8009,0.8589,0.6871,0.8271,0.9392,0.7846,0.6052,0.953,0.7138,0.6184,0.6063,0.6089,0.8589,0.568,0.6213,0.7804,0.4985,0.5516,0.3755,0.5914,0.6742,0.5837,0.5325,0.3104,0.4827,0.2659,0.5293,0.312,0.2067,0.1631,0.3555,
1.0,0.9986,0.9676,0.9662,0.9691,0.9971,0.9953,0.9901,0.9839,0.9211,0.738,0.9301,0.9051,0.8435,0.8052,0.8519,0.6812,0.8295,0.9399,0.7764,0.6163,0.9531,0.7209,0.6245,0.6014,0.6145,0.8513,0.5709,0.6155,0.7859,0.5104,0.5585,0.3901,0.5955,0.6794,0.5806,0.5214,0.3188,0.4744,0.258,0.5221,0.3184,0.2121,0.165,0.3521,
1.0,0.9988,0.9686,0.9674,0.969,0.9978,0.9962,0.9918,0.9857,0.9286,0.7423,0.931,0.915,0.8416,0.8038,0.8604,0.6888,0.8277,0.9366,0.7868,0.6107,0.9532,0.7257,0.6195,0.5984,0.6128,0.8584,0.566,0.6193,0.7881,0.5057,0.5464,0.3878,0.5898,0.6708,0.5834,0.5261,0.312,0.4782,0.2672,0.5243,0.3185,0.2163,0.1653,0.3574,
1.0,0.999,0.9681,0.9671,0.9689,0.997,0.995,0.9904,0.9853,0.9254,0.7396,0.9302,0.9085,0.8408,0.8022,0.8564,0.6866,0.8284,0.9393,0.7833,0.6201,0.953,0.7308,0.6287,0.6158,0.6153,0.8587,0.5656,0.6242,0.7804,0.4983,0.5512,0.3914,0.584,0.6749,0.5919,0.5184,0.3194,0.4784,0.2622,0.5238,0.3095,0.2034,0.1666,0.3521,
1.0,0.999,0.9676,0.9666,0.9693,0.9963,0.9945,0.9902,0.9855,0.9253,0.7434,0.9296,0.9077,0.8437,0.8065,0.855,0.6891,0.8306,0.9406,0.7842,0.6137,0.9509,0.7203,0.6224,0.598,0.6175,0.855,0.5673,0.6197,0.785,0.5068,0.5559,0.3806,0.5943,0.6822,0.5811,0.5245,0.3095,0.4734,0.269,0.5273,0.3146,0.2044,0.1627,0.3605,
1.0,0.9988,0.9698,0.9686,0.9697,0.9972,0.9952,0.9908,0.9858,0.9267,0.7406,0.933,0.9108,0.8386,0.8006,0.8604,0.6842,0.8265,0.943,0.7829,0.6202,0.9529,0.7296,0.628,0.6084,0.6153,0.8561,0.5679,0.6251,0.7843,0.4997,0.5516,0.3863,0.5862,0.6769,0.5906,0.5217,0.3116,0.4671,0.261,0.5162,0.3023,0.2037,0.1617,0.3488,
1.0,0.9988,0.9689,0.9677,0.967,0.9972,0.9949,0.9891,0.9847,0.9234,0.7378,0.928,0.9054,0.8433,0.8004,0.8529,0.6869,0.83,0.9393,0.7745,0.6093,0.9507,0.7177,0.6221,0.6028,0.6127,0.8519,0.5663,0.6183,0.7735,0.5021,0.5527,0.3849,0.5818,0.6732,0.5791,0.5172,0.3217,0.4735,0.2588,0.5241,0.3124,0.2085,0.1623,0.3478,
1.0,0.9987,0.9662,0.9649,0.9673,0.9977,0.9953,0.9898,0.9845,0.9269,0.7361,0.9271,0.9115,0.8359,0.7964,0.8548,0.6796,0.8215,0.9413,0.7828,0.6124,0.9516,0.7266,0.6171,0.6078,0.6116,0.8569,0.5653,0.6244,0.7874,0.5104,0.5465,0.3865,0.5944,0.6735,0.5882,0.5242,0.3243,0.4795,0.2639,0.5198,0.3114,0.2097,0.1614,0.3471,
1.0,0.9984,0.966,0.9644,0.9696,0.9972,0.9948,0.9915,0.9841,0.9261,0.7356,0.9286,0.911,0.8375,0.8006,0.8564,0.681,0.8227,0.9371,0.7864,0.6075,0.9552,0.7243,0.6145,0.6044,0.613,0.8577,0.5595,0.6204,0.7854,0.5088,0.5479,0.3901,0.5943,0.6741,0.5815,0.5113,0.3143,0.4807,0.2626,0.5245,0.3156,0.2119,0.1609,0.3602,
1.0,0.9986,0.9646,0.9632,0.9707,0.9971,0.9942,0.9894,0.9842,0.9254,0.7338,0.9285,0.9083,0.8347,0.7966,0.8562,0.6772,0.8216,0.9443,0.7842,0.61,0.9525,0.7224,0.6183,0.5964,0.6112,0.853,0.5616,0.616,0.7861,0.5089,0.5446,0.3796,0.5798,0.6703,0.5801,0.5243,0.3209,0.4766,0.2572,0.5224,0.3085,0.2097,0.1605,0.3448,
1.0,0.9991,0.9685,0.9676,0.969,0.9978,0.9958,0.9919,0.9871,0.9247,0.7433,0.9326,0.9124,0.8427,0.8076,0.8585,0.6914,0.8304,0.9435,0.7836,0.6203,0.9532,0.7251,0.6262,0.6017,0.6189,0.8603,0.5731,0.6218,0.7871,0.5082,0.5578,0.3899,0.5962,0.6838,0.5846,0.5173,0.3215,0.4833,0.2605,0.5332,0.3153,0.2135,0.1638,0.3652,
1.0,0.9988,0.9673,0.9661,0.9732,0.9959,0.9933,0.9885,0.9834,0.931,0.7445,0.9336,0.9111,0.8389,0.7992,0.8646,0.6814,0.8245,0.9385,0.7915,0.6162,0.9472,0.7226,0.6231,0.6042,0.6227,0.85,0.566,0.6207,0.7896,0.5149,0.5507,0.3841,0.5845,0.6729,0.5839,0.5115,0.3103,0.472,0.2642,0.515,0.3173,0.2081,0.1566,0.3485,
1.0,0.9991,0.9693,0.9684,0.9696,0.9977,0.9958,0.9921,0.9853,0.9233,0.7412,0.932,0.9079,0.8446,0.8071,0.8553,0.6894,0.8297,0.9405,0.7789,0.6131,0.9567,0.7228,0.6277,0.6049,0.6166,0.8561,0.5694,0.6166,0.7864,0.5018,0.5562,0.3856,0.5992,0.676,0.5823,0.5248,0.3126,0.4864,0.2629,0.5283,0.3129,0.2038,0.1649,0.3656,
1.0,0.9991,0.9685,0.9676,0.9697,0.997,0.9953,0.9908,0.9858,0.9222,0.74,0.9319,0.9058,0.8427,0.8095,0.8556,0.6929,0.8309,0.9436,0.7883,0.6164,0.9554,0.7239,0.6282,0.6108,0.6205,0.8602,0.5762,0.6184,0.7862,0.511,0.5581,0.3941,0.5971,0.6775,0.5862,0.528,0.3196,0.4834,0.2634,0.5215,0.3213,0.2093,0.1651,0.3677,
1.0,0.9986,0.968,0.9666,0.9692,0.9976,0.9951,0.9896,0.985,0.9256,0.7352,0.9303,0.9095,0.8376,0.7999,0.8564,0.6852,0.8256,0.9411,0.783,0.6041,0.9527,0.72,0.6135,0.5954,0.6099,0.8583,0.568,0.6111,0.7848,0.509,0.5492,0.3887,0.5899,0.6701,0.5731,0.5238,0.3156,0.473,0.2572,0.5226,0.3141,0.2129,0.1637,0.3516,
1.0,0.9992,0.9665,0.9657,0.9716,0.998,0.9962,0.9903,0.9835,0.9259,0.734,0.9321,0.9099,0.8361,0.7949,0.8594,0.6793,0.821,0.9384,0.7863,0.6083,0.953,0.7227,0.6178,0.6064,0.611,0.8571,0.5631,0.6177,0.7853,0.5064,0.546,0.3836,0.5878,0.6722,0.5815,0.5195,0.3202,0.4734,0.2581,0.5235,0.3138,0.2111,0.1591,0.3542,
1.0,0.9987,0.9667,0.9654,0.9676,0.9985,0.9965,0.9891,0.9843,0.9258,0.7324,0.9275,0.9096,0.8369,0.7974,0.8534,0.6841,0.825,0.9442,0.7825,0.615,0.95,0.726,0.623,0.6019,0.614,0.8582,0.5658,0.6214,0.7819,0.4989,0.5545,0.392,0.5856,0.6719,0.5903,0.5233,0.3176,0.4736,0.263,0.5237,0.306,0.2023,0.1752,0.3516,
1.0,0.9988,0.9671,0.9659,0.9733,0.9978,0.9955,0.9896,0.9845,0.9246,0.743,0.9352,0.9102,0.8435,0.8067,0.8612,0.6891,0.8295,0.9396,0.7885,0.6183,0.95,0.725,0.6316,0.6046,0.6181,0.8562,0.5674,0.6284,0.7822,0.4997,0.5503,0.3887,0.5904,0.6834,0.5881,0.5216,0.2954,0.4843,0.2686,0.538,0.3109,0.2074,0.1628,0.3639,
1.0,0.999,0.9671,0.9661,0.971,0.9973,0.9953,0.9908,0.9842,0.9167,0.7371,0.932,0.9015,0.8454,0.8053,0.849,0.6871,0.8316,0.9417,0.7732,0.6072,0.9528,0.7121,0.6261,0.6082,0.6207,0.8563,0.5742,0.609,0.7776,0.4939,0.5592,0.3784,0.5847,0.6736,0.5732,0.5203,0.3189,0.4763,0.2503,0.5189,0.3041,0.2019,0.1558,0.3527,
1.0,0.999,0.9681,0.9671,0.9708,0.9975,0.9949,0.9891,0.9849,0.9222,0.7323,0.9317,0.9045,0.8333,0.7943,0.8548,0.6798,0.8212,0.9426,0.7814,0.6111,0.9506,0.7227,0.6277,0.6095,0.6103,0.8525,0.5637,0.6206,0.7823,0.4993,0.55,0.3864,0.5919,0.6763,0.5848,0.5197,0.3096,0.482,0.2618,0.5286,0.3083,0.2136,0.1687,0.3525,
1.0,0.9988,0.9685,0.9673,0.9683,0.9976,0.9956,0.9903,0.9856,0.9263,0.7368,0.9312,0.911,0.8397,0.8031,0.8602,0.6876,0.8276,0.9448,0.7868,0.6149,0.9553,0.7216,0.6229,0.6032,0.6146,0.86,0.5719,0.6234,0.781,0.515,0.5504,0.3838,0.5941,0.6753,0.5849,0.5307,0.322,0.4884,0.2647,0.5252,0.312,0.2106,0.1679,0.36,
1.0,0.999,0.9648,0.9638,0.9694,0.9978,0.9954,0.9911,0.9863,0.9162,0.729,0.9284,0.902,0.8354,0.7996,0.8464,0.6843,0.8235,0.9423,0.7808,0.6036,0.9566,0.7164,0.6183,0.6039,0.6077,0.862,0.5694,0.6082,0.7734,0.4871,0.5429,0.3909,0.5886,0.6712,0.5748,0.5288,0.3103,0.4862,0.2545,0.5214,0.3049,0.1916,0.168,0.3603,
1.0,0.9987,0.9669,0.9656,0.97,0.998,0.9957,0.9914,0.9853,0.9235,0.7412,0.9304,0.9089,0.8428,0.8059,0.8555,0.6918,0.8291,0.9382,0.7851,0.6124,0.9561,0.7179,0.6234,0.6013,0.619,0.8586,0.5687,0.618,0.7827,0.5076,0.5561,0.386,0.5905,0.6754,0.5791,0.5243,0.3199,0.4773,0.2658,0.5224,0.3132,0.2052,0.1607,0.3592,
1.0,0.9982,0.9654,0.9636,0.9715,0.9977,0.9953,0.9897,0.9839,0.9249,0.7401,0.9305,0.9092,0.8415,0.8013,0.8566,0.6838,0.8269,0.9407,0.7858,0.6194,0.9521,0.7298,0.6291,0.6088,0.6124,0.8569,0.566,0.6256,0.7825,0.5071,0.5464,0.3876,0.5878,0.6765,0.5916,0.5245,0.3118,0.4757,0.2596,0.5253,0.3193,0.2028,0.1594,0.3501,
1.0,0.9989,0.967,0.9659,0.9692,0.9969,0.9943,0.9904,0.9849,0.9198,0.739,0.9292,0.9023,0.8466,0.8085,0.8504,0.6949,0.8331,0.9355,0.7791,0.6113,0.9498,0.719,0.6275,0.6012,0.6146,0.8567,0.5675,0.619,0.7816,0.4963,0.5505,0.3807,0.5807,0.6634,0.5789,0.5219,0.3118,0.4767,0.2686,0.524,0.3038,0.2087,0.1614,0.3561,
1.0,0.999,0.967,0.966,0.9706,0.9979,0.9961,0.9903,0.9845,0.9275,0.7432,0.9309,0.9115,0.8435,0.8056,0.8595,0.6867,0.8309,0.9406,0.7866,0.6145,0.9524,0.7185,0.6225,0.6045,0.6237,0.8511,0.5731,0.625,0.786,0.516,0.5599,0.3912,0.5865,0.6715,0.5829,0.5223,0.325,0.4735,0.2677,0.5184,0.3183,0.2157,0.1633,0.354,
1.0,0.999,0.968,0.967,0.9712,0.9975,0.9951,0.9913,0.9857,0.9261,0.7436,0.9333,0.9116,0.8416,0.804,0.8608,0.6859,0.828,0.9428,0.7827,0.6137,0.9531,0.7247,0.6268,0.6085,0.6224,0.8544,0.5689,0.6232,0.7867,0.5051,0.5604,0.3835,0.5887,0.673,0.5803,0.513,0.3138,0.4741,0.2616,0.5246,0.3042,0.2049,0.1615,0.3515,
1.0,0.9989,0.969,0.9679,0.9705,0.9981,0.9963,0.9905,0.9845,0.9233,0.7323,0.9337,0.9085,0.8339,0.7932,0.8584,0.6773,0.8216,0.9389,0.7794,0.605,0.9523,0.7189,0.6167,0.6083,0.6055,0.8562,0.5556,0.628,0.7747,0.4964,0.5421,0.3865,0.6007,0.6773,0.5812,0.5174,0.3155,0.4785,0.2614,0.5289,0.3062,0.2054,0.1619,0.3553,
1.0,0.9988,0.9695,0.9683,0.9689,0.9972,0.9953,0.9913,0.9864,0.9214,0.7323,0.9315,0.9058,0.8367,0.7987,0.8528,0.6869,0.8242,0.9392,0.7807,0.6068,0.9517,0.7207,0.6193,0.6043,0.6049,0.8577,0.561,0.6204,0.7811,0.4957,0.5469,0.3787,0.5891,0.6708,0.5795,0.5184,0.3103,0.465,0.2598,0.5224,0.3008,0.2,0.1591,0.3447,
1.0,0.9993,0.9708,0.9701,0.9691,0.9978,0.9964,0.9911,0.9842,0.929,0.741,0.933,0.9127,0.8427,0.8006,0.8629,0.6896,0.8283,0.9424,0.7865,0.6186,0.9508,0.7243,0.6265,0.6026,0.6188,0.8591,0.5759,0.6255,0.7881,0.5108,0.5563,0.3895,0.5885,0.6659,0.5798,0.5221,0.3159,0.4784,0.2645,0.5268,0.3149,0.2061,0.1689,0.3529,
1.0,0.9988,0.9685,0.9673,0.971,0.9977,0.9958,0.9908,0.9844,0.9237,0.7362,0.9337,0.9101,0.8402,0.8032,0.8599,0.6861,0.8264,0.9414,0.7856,0.6116,0.9528,0.7199,0.6249,0.6059,0.615,0.8621,0.573,0.6241,0.7863,0.5032,0.5571,0.3851,0.5887,0.6791,0.5849,0.5253,0.3152,0.4741,0.2641,0.5252,0.3085,0.2031,0.1624,0.3461,
1.0,0.9993,0.9689,0.9682,0.9717,0.997,0.995,0.991,0.9854,0.9201,0.7324,0.9347,0.9043,0.8366,0.7967,0.8546,0.6796,0.8235,0.941,0.7788,0.6115,0.9512,0.7192,0.6276,0.6076,0.6054,0.8525,0.5599,0.6166,0.775,0.4953,0.5425,0.3859,0.586,0.6753,0.5845,0.5201,0.3098,0.4747,0.2598,0.5281,0.3058,0.2043,0.1695,0.3412,
1.0,0.9991,0.9641,0.9632,0.9669,0.9978,0.9961,0.9909,0.9866,0.9217,0.7454,0.9257,0.9081,0.8523,0.8158,0.8489,0.6907,0.8402,0.9379,0.7742,0.6153,0.95,0.7204,0.6218,0.6025,0.6189,0.8549,0.5766,0.6184,0.7797,0.5061,0.5623,0.3864,0.5802,0.6696,0.5757,0.5125,0.3262,0.4697,0.2692,0.5183,0.3076,0.2083,0.1538,0.3576,
1.0,0.999,0.9707,0.9697,0.9699,0.9966,0.9945,0.9909,0.9854,0.9239,0.7411,0.9353,0.9085,0.8418,0.8065,0.8604,0.6905,0.8285,0.9401,0.7852,0.6134,0.9526,0.7235,0.6281,0.6161,0.6209,0.8582,0.5743,0.625,0.7869,0.51,0.5618,0.3906,0.5961,0.6772,0.5864,0.5196,0.3211,0.4826,0.269,0.5275,0.3172,0.207,0.1677,0.3578,
1.0,0.999,0.9685,0.9675,0.9692,0.9968,0.9941,0.9889,0.984,0.9231,0.7334,0.9319,0.9062,0.837,0.7995,0.8562,0.6814,0.8229,0.9403,0.7829,0.6072,0.9521,0.7244,0.6182,0.6153,0.6141,0.8563,0.5688,0.6263,0.7822,0.508,0.549,0.3901,0.5962,0.678,0.5867,0.5261,0.3154,0.4876,0.2665,0.5199,0.3271,0.2052,0.1678,0.3595,
1.0,0.9988,0.9683,0.9671,0.9702,0.9966,0.994,0.9903,0.9856,0.9256,0.7447,0.9306,0.9075,0.8464,0.8079,0.8568,0.6908,0.8336,0.9437,0.7827,0.6236,0.9533,0.7312,0.6364,0.6161,0.6213,0.8554,0.5704,0.631,0.7812,0.5017,0.5536,0.3856,0.5905,0.6738,0.6,0.526,0.3083,0.4841,0.2737,0.5206,0.3103,0.2057,0.1703,0.3628,
1.0,0.999,0.968,0.967,0.97,0.9971,0.9949,0.9896,0.9841,0.9293,0.7436,0.9313,0.9114,0.8427,0.8048,0.8617,0.6874,0.8294,0.9365,0.7866,0.6167,0.9511,0.7269,0.6239,0.6058,0.6174,0.8523,0.5627,0.6304,0.7872,0.5056,0.548,0.3815,0.5911,0.6727,0.5865,0.5143,0.3124,0.4749,0.2649,0.5194,0.3181,0.2088,0.1607,0.3563,
1.0,0.9989,0.9682,0.9671,0.9719,0.9963,0.9944,0.9901,0.9841,0.9267,0.7468,0.9332,0.9092,0.8453,0.8042,0.8621,0.6838,0.8314,0.9398,0.7816,0.6167,0.9514,0.7233,0.6286,0.6086,0.624,0.85,0.5701,0.6206,0.783,0.5068,0.555,0.3857,0.5929,0.6755,0.5835,0.5209,0.3177,0.4729,0.263,0.5238,0.3117,0.2148,0.1711,0.3513,
1.0,0.9991,0.9681,0.9672,0.97,0.9972,0.9954,0.991,0.9842,0.9272,0.7299,0.9312,0.9112,0.8312,0.7928,0.8596,0.6736,0.8174,0.9444,0.7843,0.6095,0.9527,0.7241,0.6204,0.6029,0.6128,0.8526,0.5595,0.6138,0.783,0.5068,0.5406,0.3912,0.5812,0.6726,0.5867,0.5204,0.3135,0.4676,0.2504,0.5105,0.3083,0.2104,0.1666,0.3442,
1.0,0.999,0.9668,0.9658,0.9712,0.9972,0.9949,0.9913,0.9862,0.9214,0.7376,0.9314,0.9054,0.8398,0.8026,0.8546,0.6872,0.8267,0.941,0.7819,0.6091,0.954,0.7204,0.6228,0.6056,0.6153,0.8573,0.5628,0.6174,0.7804,0.4987,0.5503,0.3912,0.5908,0.6764,0.5763,0.5168,0.3186,0.4733,0.2571,0.517,0.3036,0.2061,0.1568,0.3575,
1.0,0.9994,0.9677,0.9671,0.9715,0.997,0.9952,0.99,0.9842,0.9226,0.7359,0.9342,0.9066,0.8393,0.7992,0.8586,0.6796,0.826,0.9384,0.7812,0.612,0.9525,0.728,0.6299,0.6215,0.6204,0.8551,0.5744,0.6268,0.7831,0.5071,0.5616,0.3947,0.5941,0.682,0.5895,0.5154,0.3309,0.4777,0.2601,0.5264,0.3113,0.2102,0.17,0.3494,
1.0,0.9989,0.9682,0.9671,0.9708,0.9981,0.9956,0.9896,0.9836,0.9222,0.7338,0.933,0.9066,0.841,0.8036,0.8573,0.6881,0.8277,0.9403,0.7853,0.606,0.9522,0.7156,0.6218,0.5949,0.6086,0.8582,0.5688,0.6149,0.7842,0.5029,0.5531,0.3785,0.5941,0.6753,0.575,0.5208,0.3139,0.4728,0.2556,0.5303,0.3084,0.2047,0.1552,0.3512,
1.0,0.9984,0.9682,0.9666,0.9704,0.9974,0.9947,0.9898,0.9857,0.9223,0.7352,0.9308,0.9051,0.8357,0.7996,0.8544,0.683,0.8235,0.9421,0.7855,0.604,0.9546,0.7202,0.617,0.6048,0.6125,0.8541,0.5629,0.6178,0.7834,0.5043,0.5469,0.3866,0.5989,0.6817,0.581,0.5184,0.3112,0.4832,0.2591,0.525,0.3091,0.2088,0.1648,0.3562,
1.0,0.9993,0.9668,0.9661,0.9706,0.9975,0.9962,0.9917,0.9852,0.9202,0.7334,0.9312,0.9047,0.8386,0.8009,0.853,0.6832,0.8248,0.94,0.7794,0.6073,0.9546,0.7182,0.6222,0.6077,0.6124,0.8569,0.5681,0.615,0.7824,0.4942,0.5514,0.3873,0.5925,0.6751,0.5796,0.5231,0.3151,0.4738,0.2583,0.5235,0.3085,0.1989,0.1616,0.3575,
1.0,0.9989,0.97,0.9689,0.972,0.9973,0.995,0.9908,0.9849,0.9225,0.7352,0.9354,0.9064,0.8383,0.7956,0.8583,0.6856,0.8228,0.937,0.7832,0.6058,0.9511,0.7212,0.6235,0.6069,0.6065,0.8633,0.5664,0.6224,0.7809,0.4998,0.5515,0.3958,0.5932,0.6735,0.5788,0.5173,0.3149,0.482,0.263,0.5291,0.307,0.1986,0.163,0.3524,
1.0,0.9991,0.9689,0.968,0.9711,0.9975,0.9961,0.9912,0.9856,0.9243,0.7384,0.9344,0.9102,0.8378,0.8006,0.8612,0.6832,0.8247,0.9441,0.784,0.6112,0.9534,0.7244,0.6259,0.612,0.6178,0.8577,0.5679,0.6257,0.7861,0.5118,0.5569,0.3911,0.5988,0.684,0.5848,0.5179,0.3169,0.482,0.2594,0.527,0.3187,0.216,0.1652,0.3582,
1.0,0.9987,0.9683,0.967,0.9711,0.9973,0.9951,0.9908,0.985,0.9247,0.7393,0.933,0.9091,0.8414,0.8059,0.8594,0.6887,0.8273,0.941,0.7887,0.6126,0.9519,0.7209,0.6238,0.6073,0.6209,0.8572,0.5694,0.6217,0.7816,0.5061,0.5488,0.3906,0.5885,0.682,0.5837,0.5252,0.3198,0.4853,0.261,0.532,0.3121,0.2104,0.1687,0.3557,
1.0,0.9989,0.9682,0.9671,0.969,0.9978,0.9953,0.9885,0.9826,0.9254,0.7366,0.9314,0.9091,0.8419,0.8043,0.8586,0.6884,0.8281,0.9416,0.7872,0.6165,0.9514,0.7274,0.6274,0.6048,0.618,0.8591,0.5738,0.6187,0.7894,0.5048,0.5601,0.3836,0.5869,0.6791,0.5845,0.5223,0.317,0.4797,0.2583,0.5282,0.3101,0.2078,0.1637,0.3509,
1.0,0.9989,0.969,0.9679,0.9662,0.9972,0.995,0.9897,0.9839,0.9223,0.7313,0.9285,0.9052,0.8387,0.7988,0.8515,0.68,0.8252,0.9381,0.7728,0.6112,0.9527,0.7266,0.6218,0.6084,0.6107,0.8547,0.5549,0.626,0.7736,0.4936,0.5509,0.3852,0.5941,0.6797,0.5845,0.5216,0.3062,0.4848,0.2568,0.5291,0.3074,0.2132,0.1716,0.3524,
1.0,0.9991,0.9652,0.9643,0.9699,0.998,0.9961,0.9919,0.9869,0.9212,0.7381,0.9298,0.908,0.8383,0.8031,0.8523,0.6843,0.8256,0.9392,0.7814,0.6127,0.9525,0.7228,0.6231,0.6065,0.6102,0.8584,0.5592,0.6226,0.7754,0.4964,0.5478,0.3934,0.5922,0.6745,0.5847,0.5145,0.3098,0.4856,0.2671,0.5273,0.3092,0.2019,0.1608,0.361,
1.0,0.9991,0.9661,0.9652,0.9681,0.9986,0.9965,0.9889,0.9836,0.925,0.7423,0.9286,0.9087,0.8463,0.8078,0.8548,0.6913,0.8315,0.9396,0.784,0.6222,0.9541,0.7286,0.6297,0.6082,0.6223,0.8569,0.5768,0.6249,0.7817,0.5024,0.5572,0.3894,0.5861,0.677,0.5849,0.5266,0.3163,0.4768,0.2667,0.5157,0.3123,0.2054,0.1667,0.3577,
1.0,0.9985,0.9694,0.9679,0.9695,0.9979,0.995,0.9898,0.9847,0.9211,0.736,0.9325,0.9056,0.841,0.803,0.8552,0.6845,0.8272,0.9406,0.7781,0.6119,0.9555,0.7217,0.6266,0.6092,0.6128,0.8537,0.5624,0.6243,0.7761,0.4976,0.5482,0.3899,0.6051,0.6794,0.5881,0.517,0.3038,0.4853,0.2569,0.5264,0.3088,0.2075,0.158,0.3626,
1.0,0.9995,0.9672,0.9667,0.9678,0.9962,0.9946,0.9929,0.9874,0.9272,0.7398,0.9291,0.912,0.8381,0.8039,0.8573,0.6866,0.825,0.9376,0.7851,0.6129,0.9514,0.727,0.6174,0.6081,0.6177,0.8545,0.5697,0.6245,0.7841,0.5012,0.5498,0.3928,0.581,0.6635,0.5819,0.5119,0.3083,0.4729,0.2663,0.5195,0.306,0.2043,0.1574,0.3546,
1.0,0.9988,0.9691,0.9679,0.9682,0.9977,0.9953,0.9886,0.9819,0.9266,0.7351,0.9299,0.9089,0.8394,0.7938,0.8573,0.6754,0.8248,0.9402,0.7765,0.6117,0.949,0.724,0.6217,0.6055,0.6112,0.854,0.5675,0.623,0.7842,0.5085,0.5518,0.3882,0.5953,0.6718,0.5831,0.5182,0.3212,0.4806,0.2597,0.5223,0.3141,0.2095,0.1658,0.3472,
1.0,0.9991,0.9689,0.968,0.9687,0.9978,0.9961,0.9914,0.9874,0.9228,0.7412,0.9315,0.9088,0.8418,0.8056,0.8559,0.6908,0.8311,0.9387,0.7813,0.603,0.9493,0.7107,0.6167,0.5983,0.6101,0.8581,0.5706,0.6196,0.779,0.4955,0.5592,0.3798,0.5883,0.6701,0.5697,0.5022,0.3031,0.467,0.2489,0.5256,0.3073,0.2078,0.1447,0.3609,
1.0,0.9992,0.9708,0.97,0.97,0.9962,0.9944,0.9917,0.9864,0.9186,0.7418,0.9339,0.9022,0.8471,0.8082,0.8538,0.6955,0.8329,0.9417,0.7797,0.613,0.9492,0.7116,0.6329,0.6019,0.6163,0.8592,0.5789,0.6124,0.7759,0.4987,0.5607,0.3882,0.5914,0.6747,0.5739,0.5157,0.316,0.475,0.2599,0.5278,0.3024,0.1957,0.1565,0.3597,
1.0,0.9984,0.9677,0.9661,0.9718,0.9969,0.9936,0.9891,0.9849,0.9229,0.738,0.933,0.9063,0.8408,0.8018,0.8567,0.6863,0.8283,0.9402,0.7832,0.6117,0.9536,0.7233,0.626,0.6068,0.6091,0.8553,0.5678,0.6217,0.7812,0.5019,0.5498,0.3832,0.5914,0.6739,0.5848,0.5274,0.3134,0.4798,0.2639,0.5191,0.3069,0.2073,0.162,0.3547,
1.0,0.9986,0.967,0.9656,0.9671,0.9975,0.9952,0.9901,0.9843,0.9239,0.7346,0.9275,0.9084,0.841,0.8001,0.8521,0.6853,0.8277,0.9411,0.7796,0.6162,0.9548,0.725,0.6244,0.6063,0.6091,0.8551,0.5689,0.6223,0.7717,0.5036,0.5449,0.3911,0.5933,0.673,0.5887,0.5284,0.3153,0.4858,0.265,0.53,0.3128,0.2023,0.1703,0.3583,
1.0,0.9983,0.9671,0.9654,0.9667,0.9978,0.995,0.989,0.9839,0.9241,0.7343,0.9259,0.9071,0.8395,0.7996,0.8504,0.6848,0.8266,0.9378,0.7809,0.6076,0.9506,0.7203,0.6138,0.6012,0.6113,0.8569,0.5669,0.6147,0.7797,0.4957,0.5445,0.3832,0.5881,0.6663,0.5718,0.5098,0.3129,0.4749,0.2546,0.5247,0.3043,0.2033,0.1536,0.3534,
1.0,0.9984,0.9706,0.969,0.9668,0.9968,0.9943,0.99,0.984,0.9286,0.7409,0.9291,0.9103,0.8424,0.8,0.8584,0.6838,0.8281,0.9419,0.7798,0.6128,0.9524,0.7193,0.6209,0.6017,0.6161,0.8526,0.5656,0.6215,0.7788,0.5027,0.5579,0.3807,0.5957,0.676,0.5795,0.5191,0.3173,0.4826,0.262,0.5198,0.3068,0.2035,0.1645,0.3574,
1.0,0.9989,0.9694,0.9683,0.9689,0.9969,0.995,0.9914,0.9852,0.9213,0.7352,0.9321,0.9062,0.8432,0.8052,0.8542,0.6912,0.8286,0.9409,0.7828,0.604,0.9529,0.7121,0.6182,0.5928,0.6135,0.858,0.5705,0.6053,0.7789,0.5018,0.5544,0.381,0.5913,0.6768,0.5741,0.5263,0.3159,0.482,0.2551,0.5267,0.3108,0.2002,0.1591,0.3572,
1.0,0.999,0.9655,0.9645,0.9713,0.9977,0.9959,0.9898,0.9845,0.9246,0.7407,0.9307,0.9086,0.8417,0.8043,0.8564,0.6825,0.8291,0.9436,0.7832,0.6152,0.9511,0.7236,0.6283,0.6027,0.6187,0.855,0.5653,0.6237,0.7888,0.4993,0.5547,0.3838,0.6036,0.68,0.5853,0.5205,0.3074,0.493,0.264,0.5293,0.3108,0.2077,0.1674,0.3681,
1.0,0.9987,0.9674,0.9661,0.9682,0.998,0.9959,0.9893,0.9832,0.9257,0.7345,0.9286,0.9095,0.8378,0.797,0.8552,0.6781,0.8255,0.9401,0.7795,0.6112,0.9543,0.726,0.6202,0.6049,0.6116,0.8506,0.5586,0.6197,0.7787,0.4984,0.5465,0.3797,0.5892,0.6776,0.5836,0.5239,0.3113,0.4724,0.2603,0.5212,0.3088,0.2105,0.1626,0.3482,
1.0,0.999,0.966,0.965,0.9703,0.9978,0.9955,0.9906,0.9866,0.9264,0.7386,0.9305,0.9113,0.8392,0.8039,0.8568,0.6849,0.8269,0.941,0.7851,0.6091,0.9488,0.7165,0.6192,0.5961,0.6129,0.8546,0.5631,0.6167,0.7843,0.5057,0.5473,0.3878,0.5836,0.6768,0.5791,0.5204,0.3199,0.47,0.2564,0.5171,0.3115,0.2059,0.1589,0.3528,
1.0,0.999,0.969,0.968,0.9672,0.9975,0.9956,0.99,0.9835,0.9224,0.7327,0.9293,0.9051,0.8403,0.8009,0.8527,0.6837,0.827,0.9404,0.7774,0.6061,0.9538,0.7175,0.62,0.6027,0.6146,0.8514,0.5643,0.6209,0.7743,0.4982,0.5581,0.3806,0.5894,0.6823,0.5812,0.5228,0.322,0.4715,0.2616,0.5222,0.309,0.212,0.1622,0.356,
1.0,0.999,0.9695,0.9685,0.9685,0.9969,0.995,0.9921,0.9856,0.9274,0.7412,0.9313,0.9122,0.8415,0.8025,0.8592,0.6851,0.8263,0.9397,0.7789,0.6168,0.9545,0.7267,0.6272,0.6092,0.6186,0.8537,0.5682,0.6222,0.7839,0.5001,0.5581,0.3867,0.5904,0.6815,0.5901,0.5195,0.312,0.4653,0.2578,0.5215,0.3052,0.2104,0.1625,0.3564,
1.0,0.9992,0.9694,0.9686,0.968,0.9974,0.9952,0.9922,0.9869,0.9227,0.7382,0.9314,0.9076,0.8402,0.8046,0.8555,0.6879,0.8253,0.9413,0.7807,0.618,0.9536,0.7262,0.6288,0.6099,0.6125,0.8578,0.5663,0.6215,0.7811,0.5038,0.5461,0.3795,0.5815,0.679,0.59,0.525,0.3148,0.4689,0.261,0.5296,0.307,0.2057,0.1591,0.3458,
1.0,0.9989,0.9681,0.967,0.9695,0.9974,0.9956,0.9907,0.9858,0.9248,0.7351,0.9299,0.9086,0.8357,0.7957,0.8557,0.6862,0.8252,0.9396,0.7859,0.6095,0.9569,0.7239,0.6207,0.6044,0.6055,0.8581,0.5612,0.6224,0.7756,0.4917,0.5453,0.3802,0.5893,0.6774,0.5817,0.5197,0.306,0.4811,0.2615,0.5311,0.2986,0.2022,0.1546,0.349,
1.0,0.9982,0.9685,0.9667,0.9699,0.9975,0.9946,0.9899,0.9838,0.9205,0.7318,0.9305,0.905,0.8393,0.8011,0.852,0.6804,0.8248,0.9386,0.7763,0.6055,0.9525,0.7213,0.6205,0.6065,0.6097,0.8531,0.5646,0.6162,0.7847,0.5,0.5468,0.3882,0.5898,0.6779,0.5812,0.5146,0.3227,0.4765,0.2515,0.5154,0.3142,0.2083,0.1614,0.352,
1.0,0.9983,0.9695,0.9678,0.9657,0.9975,0.9944,0.99,0.9859,0.9213,0.7366,0.9286,0.9058,0.8419,0.807,0.8523,0.6895,0.8301,0.941,0.777,0.6082,0.9556,0.7188,0.6194,0.605,0.6157,0.8541,0.568,0.6207,0.776,0.4971,0.5553,0.3877,0.5954,0.6786,0.5817,0.5209,0.318,0.4815,0.2593,0.5244,0.31,0.2048,0.1671,0.3553,
1.0,0.9986,0.9691,0.9677,0.9712,0.9977,0.9952,0.9898,0.9854,0.9202,0.7398,0.934,0.9053,0.8457,0.807,0.855,0.6899,0.8342,0.942,0.7796,0.6138,0.9546,0.7206,0.6336,0.6093,0.6188,0.8578,0.5725,0.6225,0.7774,0.4982,0.555,0.3895,0.5969,0.6737,0.583,0.5251,0.3169,0.4766,0.262,0.5235,0.3061,0.2077,0.1641,0.359,
1.0,0.9993,0.967,0.9663,0.9717,0.9973,0.9961,0.9917,0.9848,0.9208,0.7344,0.9334,0.9061,0.8393,0.8016,0.8561,0.6871,0.8256,0.9423,0.7852,0.6086,0.9539,0.723,0.6245,0.613,0.617,0.8649,0.5753,0.6189,0.7844,0.503,0.5513,0.3911,0.5838,0.6737,0.5829,0.5333,0.3167,0.481,0.2593,0.5302,0.313,0.2085,0.1648,0.355,
1.0,0.9985,0.9666,0.9651,0.9698,0.9976,0.9953,0.9899,0.9829,0.9257,0.7393,0.9306,0.9107,0.8427,0.8029,0.8585,0.687,0.8276,0.9395,0.7864,0.6134,0.9515,0.7195,0.6226,0.6,0.6169,0.8589,0.5739,0.6217,0.7824,0.5084,0.554,0.3841,0.5935,0.678,0.5806,0.5206,0.3254,0.4876,0.2656,0.5309,0.3177,0.2182,0.1628,0.3649,
1.0,0.9991,0.9697,0.9688,0.9697,0.9973,0.9957,0.9907,0.9849,0.922,0.7356,0.9331,0.9063,0.84,0.8023,0.8561,0.6789,0.8269,0.939,0.7724,0.6066,0.9545,0.719,0.6196,0.6028,0.6128,0.8499,0.5612,0.6076,0.7823,0.4982,0.5501,0.3824,0.5899,0.6722,0.5739,0.5075,0.3063,0.4762,0.248,0.5154,0.3097,0.203,0.1603,0.3481,
1.0,0.9989,0.9667,0.9656,0.9719,0.9977,0.996,0.9907,0.984,0.9217,0.7361,0.9321,0.9065,0.8402,0.7975,0.8546,0.6817,0.8272,0.9414,0.7799,0.6078,0.9535,0.716,0.6218,0.6039,0.6198,0.8572,0.5788,0.6071,0.777,0.5004,0.5595,0.3902,0.5815,0.6769,0.5707,0.525,0.3225,0.4738,0.249,0.525,0.3041,0.1985,0.1673,0.351,
1.0,0.9986,0.9689,0.9675,0.9709,0.996,0.9935,0.9908,0.9848,0.9233,0.7368,0.9329,0.9066,0.838,0.7981,0.8578,0.6815,0.825,0.9447,0.7802,0.6102,0.9515,0.7146,0.6214,0.6018,0.6186,0.8562,0.5719,0.6107,0.7793,0.4984,0.5506,0.3802,0.5838,0.6733,0.5772,0.5213,0.3139,0.4769,0.2511,0.519,0.3057,0.1975,0.1598,0.3533,
1.0,0.9988,0.9686,0.9674,0.9718,0.998,0.9956,0.9913,0.9858,0.9264,0.7401,0.9354,0.9132,0.8378,0.8007,0.8628,0.686,0.824,0.9372,0.7901,0.6124,0.9534,0.7239,0.6227,0.6072,0.6113,0.8616,0.5646,0.625,0.7897,0.5056,0.5492,0.3909,0.5975,0.6751,0.5827,0.5134,0.31,0.4809,0.2592,0.5297,0.3172,0.2136,0.1548,0.3619,
1.0,0.9991,0.968,0.9671,0.9685,0.9966,0.9941,0.9902,0.985,0.9258,0.7329,0.93,0.9088,0.8333,0.7968,0.8574,0.6767,0.8193,0.9387,0.7819,0.6022,0.9535,0.7229,0.6137,0.6026,0.6124,0.8529,0.5618,0.6143,0.7887,0.5051,0.5507,0.3795,0.5882,0.6769,0.5805,0.5212,0.3145,0.4711,0.2592,0.5234,0.3126,0.2073,0.1585,0.3435,
1.0,0.9989,0.9643,0.9632,0.9725,0.9975,0.9957,0.9928,0.9867,0.9234,0.7399,0.9294,0.9087,0.8381,0.8016,0.8545,0.6819,0.8245,0.9413,0.7838,0.609,0.9536,0.7168,0.6212,0.6019,0.6191,0.8542,0.5675,0.6157,0.7834,0.512,0.5533,0.3835,0.5822,0.6752,0.5788,0.5105,0.3266,0.4639,0.2568,0.5257,0.3086,0.2077,0.1586,0.3458,
1.0,0.9994,0.968,0.9674,0.9716,0.9976,0.9961,0.9916,0.9861,0.921,0.7359,0.9343,0.9064,0.8378,0.7999,0.8565,0.6844,0.8246,0.9442,0.7821,0.6108,0.9557,0.7236,0.6263,0.6087,0.613,0.8626,0.5706,0.6198,0.7874,0.5107,0.5516,0.3916,0.5994,0.6869,0.5885,0.5338,0.3191,0.4884,0.2637,0.5331,0.3233,0.2151,0.1714,0.3602,
1.0,0.9986,0.966,0.9646,0.9702,0.9961,0.9935,0.9899,0.9833,0.9236,0.7341,0.9274,0.9051,0.8367,0.7956,0.8516,0.6811,0.8217,0.9396,0.7829,0.6085,0.9496,0.7174,0.6189,0.6048,0.6147,0.854,0.5653,0.6182,0.7821,0.5035,0.5443,0.3815,0.5796,0.6672,0.5821,0.5183,0.306,0.4751,0.2584,0.5167,0.3114,0.2053,0.1587,0.3435,
1.0,0.9988,0.9683,0.9671,0.9681,0.9971,0.9949,0.9919,0.985,0.9233,0.7417,0.9306,0.9097,0.8458,0.8082,0.8558,0.6928,0.8311,0.9409,0.7832,0.6235,0.9541,0.7332,0.634,0.6187,0.6219,0.863,0.5773,0.631,0.7818,0.4995,0.5605,0.396,0.5978,0.682,0.5931,0.5228,0.3241,0.4854,0.2676,0.5266,0.3154,0.2086,0.1677,0.3608,
1.0,0.9995,0.9669,0.9664,0.9695,0.9982,0.9967,0.992,0.9855,0.9202,0.7312,0.9305,0.906,0.8359,0.7972,0.8534,0.68,0.8231,0.9401,0.7789,0.603,0.9544,0.7206,0.6195,0.6095,0.6108,0.8599,0.569,0.6127,0.7835,0.493,0.5502,0.3912,0.589,0.6709,0.5762,0.5121,0.3161,0.4742,0.2542,0.5159,0.3038,0.2097,0.1606,0.3495,
1.0,0.9989,0.9682,0.9671,0.9701,0.9971,0.9948,0.9905,0.9848,0.9255,0.7377,0.931,0.9085,0.8381,0.8019,0.8581,0.6844,0.8236,0.9368,0.7864,0.6036,0.9534,0.7189,0.6174,0.6033,0.6159,0.8549,0.5612,0.611,0.7846,0.4991,0.5442,0.3878,0.5896,0.6669,0.5768,0.5176,0.307,0.4788,0.2562,0.5171,0.3023,0.1993,0.1649,0.3501,
1.0,0.9983,0.9672,0.9655,0.9693,0.9965,0.9938,0.9906,0.9858,0.9238,0.7385,0.9294,0.9076,0.8406,0.803,0.8551,0.6853,0.8282,0.943,0.7837,0.6139,0.9527,0.7225,0.6217,0.6078,0.6205,0.8578,0.5795,0.6216,0.7808,0.5045,0.5539,0.3899,0.596,0.6708,0.5856,0.5281,0.3183,0.4808,0.2607,0.524,0.3114,0.2058,0.1626,0.3606,
1.0,0.9985,0.9678,0.9663,0.968,0.9975,0.9949,0.9902,0.9843,0.922,0.7361,0.9286,0.9056,0.8434,0.8041,0.8523,0.6881,0.8281,0.9365,0.7794,0.6099,0.9506,0.7162,0.6213,0.6012,0.6127,0.855,0.5663,0.6158,0.7777,0.5046,0.554,0.3887,0.5875,0.674,0.5755,0.5174,0.317,0.4714,0.2602,0.5212,0.3072,0.2016,0.1574,0.3503,
1.0,0.999,0.9678,0.9668,0.9691,0.9974,0.9953,0.9912,0.9864,0.9182,0.7333,0.9292,0.902,0.8413,0.8031,0.8481,0.6868,0.8301,0.9414,0.774,0.596,0.9518,0.7061,0.6141,0.5984,0.6121,0.8521,0.5661,0.6074,0.7762,0.498,0.5538,0.3868,0.59,0.6739,0.566,0.5212,0.3171,0.4741,0.2517,0.5195,0.3096,0.2047,0.1562,0.354,
1.0,0.9983,0.9668,0.9651,0.972,0.9966,0.9945,0.9907,0.9861,0.9241,0.7385,0.9327,0.9093,0.8358,0.7989,0.8589,0.6816,0.8249,0.9416,0.7852,0.6079,0.9513,0.7264,0.6202,0.606,0.6151,0.8599,0.5711,0.6206,0.7915,0.5146,0.5527,0.3959,0.5925,0.6742,0.581,0.5219,0.318,0.4812,0.2635,0.5277,0.3183,0.2128,0.1672,0.3519,
1.0,0.9991,0.9673,0.9664,0.969,0.9974,0.9957,0.9914,0.9855,0.9238,0.7358,0.9302,0.909,0.8402,0.8033,0.8548,0.6913,0.8278,0.9369,0.7873,0.6047,0.9528,0.7209,0.619,0.5993,0.6092,0.8646,0.5693,0.6127,0.7852,0.5068,0.5521,0.3888,0.5852,0.6655,0.5735,0.5225,0.3188,0.4829,0.2559,0.535,0.3114,0.2096,0.1621,0.3542,
1.0,0.9988,0.9644,0.9632,0.9702,0.9971,0.9952,0.9911,0.9854,0.9216,0.7356,0.928,0.9064,0.8414,0.8019,0.8501,0.6874,0.8276,0.9379,0.7824,0.6092,0.9512,0.7201,0.6209,0.5983,0.6061,0.8604,0.5676,0.6143,0.7788,0.5018,0.541,0.3826,0.5846,0.6685,0.5813,0.5275,0.3132,0.4765,0.2655,0.5177,0.3082,0.2044,0.1609,0.3535,
1.0,0.9989,0.9683,0.9672,0.9694,0.9969,0.9953,0.9922,0.9872,0.9235,0.7389,0.9309,0.9088,0.8398,0.806,0.8551,0.6902,0.8268,0.9405,0.7847,0.6117,0.9515,0.7234,0.625,0.6125,0.6188,0.8587,0.5713,0.6283,0.7882,0.5043,0.5604,0.3808,0.5822,0.6757,0.5861,0.52,0.3133,0.4687,0.2675,0.5258,0.3016,0.207,0.16,0.3527,
1.0,0.9984,0.9665,0.9649,0.9692,0.9967,0.9944,0.9903,0.985,0.9232,0.7325,0.9291,0.9079,0.8367,0.7962,0.8528,0.68,0.8234,0.9379,0.7799,0.6016,0.9492,0.7108,0.6089,0.5912,0.6005,0.8555,0.5607,0.6126,0.7792,0.4999,0.54,0.3847,0.5896,0.6653,0.5733,0.5215,0.311,0.4707,0.2529,0.5174,0.3052,0.2075,0.1542,0.3549,
1.0,0.9984,0.9719,0.9703,0.9716,0.998,0.9954,0.9882,0.9836,0.9225,0.7328,0.9356,0.9048,0.8368,0.7966,0.858,0.6855,0.8255,0.9448,0.7822,0.6126,0.9512,0.7243,0.6318,0.62,0.6146,0.854,0.5656,0.628,0.7801,0.5072,0.5566,0.3934,0.5942,0.6786,0.5874,0.5152,0.315,0.4771,0.2651,0.5232,0.3101,0.2119,0.1688,0.3507,
1.0,0.9988,0.9657,0.9645,0.9711,0.9969,0.9946,0.9901,0.9846,0.9221,0.7432,0.9297,0.9051,0.8467,0.8068,0.8535,0.6839,0.8324,0.938,0.7791,0.6095,0.9499,0.7119,0.6217,0.5971,0.6169,0.853,0.5671,0.6109,0.7814,0.5017,0.5528,0.3818,0.587,0.6689,0.5765,0.5163,0.3134,0.4683,0.2616,0.5173,0.3082,0.2065,0.1587,0.3574,
1.0,0.999,0.9685,0.9675,0.9677,0.9977,0.9957,0.989,0.985,0.9233,0.7303,0.9304,0.9063,0.8354,0.7992,0.8548,0.6848,0.8234,0.9435,0.7843,0.6113,0.9498,0.7226,0.6222,0.6033,0.6126,0.8576,0.571,0.6215,0.7847,0.5069,0.5563,0.3868,0.5847,0.6757,0.5843,0.5236,0.3098,0.4719,0.2644,0.5267,0.3119,0.2101,0.1677,0.351,
1.0,0.9991,0.9654,0.9645,0.9717,0.997,0.995,0.9896,0.9839,0.9244,0.7432,0.9316,0.908,0.8436,0.8042,0.8567,0.6878,0.8314,0.9439,0.7868,0.6232,0.949,0.7284,0.6319,0.6076,0.6232,0.8606,0.5804,0.6204,0.7857,0.5083,0.5558,0.392,0.5851,0.6666,0.5832,0.5228,0.3152,0.4767,0.2613,0.5141,0.3083,0.2016,0.1659,0.3527,
1.0,0.9989,0.9675,0.9664,0.973,0.9978,0.9958,0.9915,0.9864,0.9215,0.738,0.9349,0.9082,0.837,0.8006,0.8579,0.6818,0.8234,0.9402,0.7823,0.6076,0.9524,0.7206,0.6223,0.5986,0.6049,0.8574,0.5569,0.6154,0.783,0.4972,0.5387,0.3794,0.5797,0.6721,0.5791,0.515,0.3032,0.4727,0.2519,0.5178,0.3046,0.1969,0.1574,0.3492,
1.0,0.9989,0.9673,0.9662,0.9704,0.9977,0.9954,0.9901,0.9857,0.9234,0.7403,0.9304,0.9068,0.8406,0.802,0.855,0.6853,0.8282,0.9424,0.7792,0.6159,0.9516,0.7216,0.6264,0.6071,0.6197,0.8532,0.5673,0.624,0.783,0.5061,0.5551,0.3903,0.5906,0.6704,0.5871,0.5168,0.317,0.4749,0.258,0.5168,0.3147,0.2069,0.1646,0.358,
1.0,0.9994,0.9663,0.9657,0.9677,0.9978,0.9957,0.991,0.9851,0.9194,0.7367,0.9281,0.904,0.8447,0.8066,0.8497,0.6914,0.8295,0.9351,0.7782,0.6033,0.9536,0.7114,0.6165,0.5958,0.6144,0.8577,0.5691,0.61,0.7725,0.5011,0.5561,0.3865,0.5916,0.6713,0.5701,0.5168,0.3194,0.4765,0.2526,0.52,0.3037,0.2081,0.1587,0.3582,
1.0,0.9995,0.9653,0.9648,0.97,0.9982,0.9962,0.9897,0.9827,0.9263,0.7349,0.929,0.9096,0.8387,0.7988,0.855,0.6795,0.8232,0.9386,0.7845,0.609,0.9546,0.7253,0.6181,0.6022,0.6132,0.8556,0.567,0.6197,0.789,0.5147,0.5561,0.391,0.5949,0.6776,0.5813,0.5194,0.322,0.4777,0.2616,0.518,0.3174,0.2166,0.1591,0.3571,
1.0,0.9995,0.9667,0.9662,0.9715,0.9974,0.9959,0.9918,0.987,0.9208,0.7349,0.9323,0.9054,0.8367,0.7992,0.8539,0.6824,0.8244,0.9433,0.7814,0.6116,0.9512,0.7184,0.6249,0.6073,0.6094,0.8551,0.5582,0.6232,0.7768,0.4998,0.5409,0.3829,0.5865,0.6687,0.5847,0.5197,0.3077,0.4763,0.2625,0.5232,0.3034,0.1994,0.1656,0.3503,
1.0,0.9992,0.9692,0.9684,0.9687,0.9973,0.9956,0.9906,0.9859,0.9241,0.7381,0.932,0.9083,0.8393,0.8044,0.8573,0.6895,0.826,0.943,0.7834,0.6125,0.9551,0.7254,0.6255,0.608,0.6134,0.8585,0.5706,0.6235,0.7848,0.5113,0.5518,0.393,0.5965,0.6841,0.5881,0.5288,0.3192,0.4868,0.2526,0.527,0.3185,0.2084,0.1626,0.3555,
1.0,0.999,0.9657,0.9647,0.9712,0.9975,0.9955,0.9914,0.9855,0.9202,0.7331,0.9298,0.9042,0.8386,0.8013,0.8528,0.6855,0.8244,0.9415,0.7848,0.6072,0.9508,0.7168,0.6222,0.6054,0.6134,0.86,0.5682,0.6144,0.7814,0.5044,0.5535,0.3933,0.5913,0.6766,0.5805,0.5255,0.3197,0.4792,0.2641,0.5215,0.3216,0.2092,0.1632,0.3602,
1.0,0.9987,0.9692,0.9679,0.9705,0.998,0.9959,0.9895,0.9832,0.926,0.7309,0.9329,0.9094,0.8349,0.798,0.8608,0.686,0.8222,0.9385,0.7917,0.609,0.9528,0.7245,0.6218,0.6013,0.6071,0.8603,0.5634,0.6191,0.7867,0.506,0.5446,0.3898,0.5813,0.6716,0.5778,0.5228,0.3083,0.4725,0.2603,0.5298,0.3081,0.2077,0.1617,0.3455,
1.0,0.9986,0.9695,0.9681,0.9716,0.9975,0.9951,0.9899,0.9842,0.9167,0.7301,0.9351,0.9019,0.84,0.8023,0.8533,0.6841,0.8271,0.9418,0.7803,0.6038,0.9554,0.7166,0.6235,0.6065,0.609,0.8574,0.5666,0.6086,0.7773,0.4995,0.5526,0.3881,0.589,0.6779,0.5712,0.5243,0.3186,0.4745,0.2542,0.5242,0.3063,0.2037,0.1647,0.3552,
1.0,0.9989,0.967,0.9659,0.9698,0.9978,0.9958,0.9889,0.9838,0.927,0.7398,0.9301,0.9095,0.842,0.8003,0.8578,0.6792,0.8293,0.9437,0.7791,0.6222,0.9499,0.7278,0.6312,0.6119,0.6209,0.8498,0.5765,0.6303,0.7883,0.511,0.5664,0.3865,0.5878,0.6854,0.5932,0.524,0.3212,0.4718,0.2703,0.5243,0.3144,0.2158,0.1674,0.3487,
1.0,0.9987,0.9698,0.9685,0.9692,0.9966,0.9944,0.9899,0.9827,0.9234,0.7363,0.9323,0.9066,0.8412,0.8009,0.8566,0.6888,0.8258,0.934,0.7874,0.6086,0.9514,0.7255,0.6233,0.6106,0.6095,0.8603,0.5675,0.6205,0.7868,0.4994,0.5468,0.3824,0.5898,0.6671,0.5805,0.527,0.3114,0.4784,0.2648,0.5191,0.3055,0.2065,0.1686,0.3537,
1.0,0.999,0.9677,0.9667,0.9701,0.997,0.9954,0.9925,0.9859,0.9253,0.7411,0.9321,0.9114,0.8421,0.805,0.8592,0.6868,0.8297,0.9435,0.7835,0.617,0.9539,0.7257,0.6287,0.6095,0.6218,0.8596,0.5717,0.6256,0.7886,0.5072,0.558,0.3909,0.5921,0.6814,0.5819,0.5182,0.3249,0.4775,0.2601,0.5305,0.3173,0.2157,0.1569,0.3562,
1.0,0.9991,0.9694,0.9685,0.9708,0.9973,0.9953,0.9918,0.9863,0.9238,0.7431,0.934,0.9087,0.8433,0.8071,0.8589,0.691,0.8298,0.9403,0.7833,0.6146,0.9549,0.7234,0.6259,0.6077,0.6186,0.8574,0.5666,0.6187,0.7834,0.5019,0.5505,0.3814,0.5857,0.6757,0.5819,0.5262,0.3132,0.4791,0.2632,0.5303,0.3061,0.2035,0.1672,0.3558,
1.0,0.9991,0.9691,0.9682,0.9715,0.9973,0.996,0.9909,0.9847,0.9222,0.74,0.9338,0.906,0.8417,0.8022,0.857,0.6898,0.8291,0.9398,0.7824,0.6081,0.952,0.718,0.6279,0.6114,0.6171,0.8562,0.569,0.6207,0.7828,0.5002,0.5503,0.3856,0.5924,0.6653,0.5815,0.5159,0.3112,0.4759,0.2594,0.5216,0.3092,0.2028,0.1629,0.3509,
1.0,0.9984,0.9641,0.9625,0.9696,0.9975,0.995,0.9904,0.9848,0.9247,0.7349,0.9272,0.9105,0.8371,0.8009,0.8538,0.6832,0.8241,0.9427,0.7868,0.6149,0.9542,0.7295,0.6212,0.6129,0.6147,0.8603,0.5687,0.6303,0.7876,0.5158,0.5522,0.3871,0.59,0.6761,0.5973,0.5247,0.3213,0.478,0.27,0.5261,0.317,0.2113,0.1627,0.3551,
1.0,0.9984,0.9681,0.9665,0.9701,0.9971,0.9936,0.9884,0.9858,0.9266,0.7391,0.9317,0.9096,0.8415,0.8047,0.8593,0.6937,0.8274,0.9394,0.7902,0.6147,0.95,0.7263,0.6235,0.6058,0.6109,0.8577,0.5673,0.6247,0.7821,0.5056,0.5482,0.3821,0.5879,0.6796,0.5898,0.5316,0.3046,0.4801,0.2704,0.5319,0.3123,0.2048,0.1646,0.3573,
1.0,0.999,0.9702,0.9692,0.9703,0.9975,0.9956,0.9907,0.9859,0.927,0.7397,0.9335,0.9106,0.8392,0.8014,0.862,0.6784,0.8267,0.9415,0.7788,0.6077,0.9531,0.7188,0.6192,0.6057,0.6133,0.8496,0.5613,0.6245,0.7812,0.5046,0.5506,0.3839,0.5968,0.6808,0.5819,0.5186,0.3096,0.4861,0.2573,0.5272,0.3147,0.208,0.162,0.3604,
1.0,0.9992,0.9661,0.9653,0.97,0.9974,0.9957,0.9919,0.987,0.9184,0.7355,0.93,0.9036,0.8399,0.8022,0.8493,0.6839,0.8276,0.9417,0.7751,0.6076,0.9545,0.7151,0.6217,0.6046,0.6143,0.8555,0.5633,0.6116,0.7685,0.4919,0.5453,0.3875,0.5844,0.6687,0.5768,0.5239,0.3106,0.4733,0.2597,0.5173,0.2987,0.1966,0.1616,0.3531,
1.0,0.9988,0.9706,0.9694,0.9691,0.9973,0.995,0.9923,0.9866,0.9248,0.7355,0.9342,0.912,0.8362,0.7998,0.8603,0.6842,0.8228,0.9376,0.7833,0.6082,0.9548,0.7236,0.6181,0.6074,0.6072,0.8575,0.5604,0.6225,0.7826,0.496,0.5518,0.3855,0.5935,0.6716,0.5794,0.5189,0.3089,0.4782,0.2574,0.5294,0.3081,0.2132,0.1648,0.3496,
1.0,0.9992,0.9669,0.9661,0.9693,0.9972,0.9954,0.9914,0.9861,0.927,0.7408,0.9292,0.9109,0.8382,0.8013,0.8566,0.6851,0.8248,0.9394,0.7833,0.6159,0.9528,0.7328,0.626,0.6098,0.6173,0.8559,0.5655,0.6286,0.7864,0.5037,0.5499,0.3858,0.5858,0.6674,0.5892,0.5121,0.309,0.4772,0.2598,0.5185,0.3075,0.2106,0.1626,0.3469,
1.0,0.9989,0.9646,0.9635,0.9717,0.9963,0.9944,0.99,0.9842,0.9242,0.7374,0.9311,0.9087,0.8373,0.7982,0.8566,0.6767,0.8222,0.9388,0.7831,0.6113,0.9465,0.7231,0.6187,0.5953,0.6053,0.8544,0.5552,0.6179,0.7837,0.5014,0.5412,0.3881,0.5805,0.6733,0.5825,0.5159,0.312,0.4684,0.2588,0.5206,0.3072,0.2042,0.1579,0.3414,
1.0,0.9989,0.9673,0.9662,0.9695,0.9958,0.9941,0.9914,0.9838,0.9245,0.7359,0.9299,0.9076,0.8394,0.7986,0.8564,0.6832,0.8258,0.9369,0.7831,0.6138,0.9531,0.7289,0.6236,0.6134,0.6132,0.8586,0.5656,0.6274,0.7804,0.4989,0.5495,0.3892,0.5886,0.6679,0.5856,0.5075,0.3111,0.4796,0.2633,0.5205,0.3074,0.2017,0.1599,0.3578,
1.0,0.9983,0.9675,0.9658,0.9702,0.9975,0.9945,0.9905,0.9852,0.9251,0.741,0.9313,0.9104,0.8428,0.804,0.8583,0.6841,0.8291,0.9403,0.7803,0.6186,0.9552,0.7265,0.6265,0.6086,0.617,0.8532,0.5657,0.6237,0.7835,0.5003,0.5562,0.389,0.5951,0.6754,0.5821,0.5207,0.3168,0.4755,0.261,0.5142,0.3101,0.2019,0.1643,0.3507,
1.0,0.9989,0.9644,0.9633,0.9696,0.997,0.9949,0.9903,0.9845,0.9205,0.7312,0.927,0.9034,0.8377,0.8002,0.8486,0.6807,0.8241,0.9422,0.7799,0.6099,0.9527,0.7207,0.622,0.6028,0.6133,0.8536,0.5611,0.6084,0.7763,0.5019,0.5439,0.3866,0.5743,0.6646,0.5767,0.5225,0.3112,0.4744,0.2568,0.5154,0.3095,0.2023,0.1681,0.3435,
1.0,0.999,0.9685,0.9675,0.9709,0.9967,0.9949,0.9902,0.9845,0.9222,0.7397,0.9328,0.9047,0.8438,0.804,0.8562,0.6873,0.8309,0.9403,0.7812,0.6112,0.9526,0.7205,0.6273,0.6088,0.6161,0.8545,0.5684,0.6158,0.7804,0.5101,0.5569,0.3869,0.5848,0.6776,0.5814,0.5265,0.3235,0.4838,0.2629,0.5349,0.3129,0.2116,0.1664,0.3518,
1.0,0.9991,0.9694,0.9685,0.9686,0.9971,0.995,0.9917,0.9861,0.9183,0.7255,0.9315,0.9029,0.8323,0.7969,0.8514,0.6846,0.8192,0.9403,0.7818,0.5995,0.955,0.7198,0.6179,0.6045,0.5949,0.8616,0.5552,0.6184,0.7785,0.5013,0.541,0.3846,0.5931,0.6745,0.5791,0.5254,0.3122,0.4815,0.257,0.5279,0.3064,0.2039,0.1648,0.3509,
1.0,0.9995,0.9676,0.9671,0.9677,0.9979,0.9965,0.9917,0.9862,0.919,0.7362,0.9284,0.9031,0.8429,0.8037,0.8485,0.6886,0.8301,0.9426,0.7754,0.6149,0.9551,0.7218,0.6292,0.6063,0.6172,0.8585,0.5727,0.6166,0.7763,0.4934,0.5571,0.382,0.5868,0.6748,0.5782,0.5225,0.3175,0.4788,0.2636,0.5244,0.3032,0.2022,0.1686,0.3553,
1.0,0.9989,0.9689,0.9678,0.9731,0.9966,0.9947,0.9907,0.9848,0.9219,0.7443,0.9374,0.9071,0.8461,0.8089,0.8602,0.6887,0.8314,0.9409,0.7837,0.6187,0.951,0.7256,0.6361,0.6048,0.621,0.856,0.5756,0.6145,0.7839,0.5033,0.5574,0.3967,0.5877,0.6741,0.5807,0.5202,0.3155,0.4757,0.2591,0.5237,0.3054,0.204,0.1662,0.351,
1.0,0.9991,0.9654,0.9645,0.9689,0.9977,0.9958,0.9891,0.9854,0.9242,0.7352,0.9261,0.905,0.8364,0.796,0.8527,0.6821,0.8247,0.9454,0.7804,0.6124,0.9514,0.7219,0.6227,0.604,0.615,0.8523,0.5708,0.6156,0.7792,0.4969,0.553,0.3749,0.586,0.6772,0.5849,0.5263,0.3117,0.4771,0.2617,0.5255,0.2998,0.1966,0.1702,0.3493,
1.0,0.9991,0.97,0.9691,0.9711,0.9979,0.9965,0.9929,0.9879,0.9228,0.732,0.9347,0.9097,0.8334,0.7977,0.8596,0.6849,0.821,0.9441,0.7851,0.6047,0.9573,0.7255,0.6241,0.6122,0.6106,0.8613,0.5685,0.621,0.7859,0.5084,0.5472,0.3925,0.5861,0.6808,0.5843,0.5273,0.3215,0.481,0.2496,0.5293,0.3141,0.2111,0.1697,0.3517,
1.0,0.9983,0.9689,0.9672,0.9697,0.9967,0.994,0.9903,0.9856,0.9208,0.7373,0.9312,0.904,0.8433,0.8049,0.8523,0.6904,0.8294,0.9392,0.7821,0.6072,0.9519,0.721,0.6201,0.6036,0.6106,0.8595,0.5628,0.6145,0.7755,0.5008,0.5447,0.3862,0.5909,0.6809,0.5761,0.5252,0.3105,0.4829,0.2637,0.5292,0.3128,0.2091,0.1622,0.3605,
1.0,0.9989,0.9675,0.9664,0.9682,0.9973,0.9953,0.9894,0.9847,0.9246,0.7315,0.9295,0.908,0.8337,0.7954,0.8567,0.6805,0.8211,0.9388,0.7858,0.6057,0.9505,0.7211,0.6136,0.6012,0.6058,0.8577,0.5592,0.6234,0.7783,0.4931,0.5456,0.383,0.5948,0.6747,0.58,0.5176,0.3026,0.4818,0.2601,0.5271,0.3018,0.2031,0.1571,0.3564,
1.0,0.9995,0.9685,0.968,0.9696,0.9975,0.996,0.9907,0.985,0.9268,0.7396,0.9329,0.9113,0.839,0.8011,0.8607,0.6827,0.8253,0.9399,0.7859,0.6094,0.9507,0.7161,0.6187,0.5928,0.6093,0.8532,0.5591,0.6187,0.7815,0.5031,0.545,0.3749,0.5885,0.6788,0.5805,0.5135,0.3095,0.4723,0.2568,0.5229,0.3086,0.2122,0.1496,0.3546,
1.0,0.9987,0.9692,0.9679,0.9679,0.9978,0.9958,0.9908,0.9835,0.9247,0.7295,0.9308,0.9106,0.8355,0.7969,0.8569,0.6773,0.8201,0.9376,0.7812,0.6051,0.9524,0.7201,0.6186,0.6026,0.6058,0.8551,0.5541,0.6287,0.782,0.4958,0.546,0.3777,0.5953,0.6821,0.5843,0.5185,0.3034,0.4832,0.2623,0.529,0.308,0.2013,0.1681,0.3528,
1.0,0.9985,0.9675,0.966,0.9719,0.9979,0.9954,0.9901,0.9835,0.9223,0.7379,0.9323,0.9062,0.8415,0.8024,0.8564,0.6856,0.8273,0.9378,0.7832,0.6049,0.9538,0.7192,0.6207,0.6058,0.6152,0.8545,0.5634,0.6199,0.7833,0.4989,0.5519,0.3863,0.5944,0.6763,0.5787,0.5232,0.3169,0.4821,0.2609,0.5274,0.3112,0.2054,0.1661,0.3596,
1.0,0.9984,0.9686,0.967,0.9701,0.9972,0.9946,0.99,0.9846,0.9236,0.7425,0.9317,0.9077,0.8449,0.8068,0.8574,0.6917,0.8307,0.937,0.7853,0.6152,0.9522,0.7192,0.6234,0.6043,0.6185,0.8577,0.5706,0.6238,0.7802,0.5057,0.5542,0.3825,0.5912,0.6738,0.5829,0.5162,0.3153,0.4846,0.2665,0.5315,0.3125,0.2098,0.1624,0.3608,
1.0,0.9985,0.968,0.9665,0.9709,0.9974,0.9946,0.9907,0.9868,0.9242,0.7351,0.9313,0.9082,0.8336,0.797,0.8568,0.6766,0.8208,0.9419,0.7801,0.6063,0.9538,0.7198,0.6171,0.6038,0.6113,0.8514,0.5568,0.6204,0.7821,0.5062,0.5495,0.3884,0.5912,0.6867,0.586,0.5239,0.3157,0.4728,0.2529,0.5257,0.3145,0.2187,0.1609,0.3503,
1.0,0.9984,0.9686,0.967,0.9689,0.9974,0.9943,0.991,0.9858,0.9234,0.7412,0.9313,0.9089,0.8457,0.8069,0.8565,0.6947,0.8314,0.9391,0.7854,0.6165,0.9521,0.7241,0.6276,0.606,0.6159,0.8649,0.5776,0.6246,0.7818,0.4958,0.5639,0.3918,0.5947,0.6787,0.5803,0.5284,0.3152,0.479,0.2749,0.533,0.3065,0.2082,0.163,0.3576,
1.0,0.9985,0.9715,0.97,0.9682,0.9973,0.9948,0.9903,0.9851,0.9228,0.7346,0.9337,0.908,0.8396,0.8014,0.8578,0.6907,0.8269,0.9428,0.783,0.6151,0.9561,0.7298,0.628,0.6045,0.6085,0.8624,0.5671,0.6248,0.7799,0.4995,0.5538,0.387,0.6008,0.6851,0.5859,0.5266,0.3131,0.4876,0.2623,0.5285,0.3082,0.2163,0.166,0.3633,
1.0,0.9994,0.9676,0.967,0.9692,0.9964,0.9942,0.9914,0.9858,0.9254,0.7399,0.9316,0.9093,0.8419,0.8041,0.8579,0.6798,0.8277,0.9414,0.7773,0.6185,0.9527,0.7291,0.627,0.6106,0.616,0.8518,0.5659,0.6242,0.7847,0.5014,0.5604,0.3873,0.5963,0.6763,0.5929,0.5132,0.32,0.481,0.2634,0.5136,0.3108,0.205,0.1589,0.3581,
1.0,0.9985,0.968,0.9665,0.9678,0.9978,0.995,0.9889,0.9849,0.9219,0.7385,0.9292,0.9061,0.8451,0.8082,0.853,0.6969,0.8326,0.9406,0.7852,0.6103,0.9517,0.717,0.6226,0.5912,0.6155,0.8592,0.5746,0.6124,0.7754,0.4973,0.5554,0.3764,0.5826,0.6793,0.5741,0.5296,0.3148,0.4771,0.2687,0.5337,0.3,0.203,0.1578,0.3582,
1.0,0.9993,0.9689,0.9682,0.9682,0.9969,0.9948,0.9909,0.9866,0.9249,0.7353,0.9317,0.9092,0.835,0.8007,0.858,0.682,0.8232,0.9409,0.7811,0.6087,0.954,0.7241,0.6188,0.6054,0.609,0.8537,0.5611,0.6248,0.7829,0.5052,0.5475,0.3862,0.5971,0.676,0.5845,0.5265,0.312,0.4816,0.2651,0.5214,0.3161,0.2082,0.1673,0.3558,
1.0,0.9991,0.9648,0.9639,0.97,0.9976,0.9956,0.9898,0.984,0.9245,0.7417,0.9281,0.9077,0.8455,0.8063,0.8536,0.693,0.8325,0.9402,0.7879,0.6121,0.953,0.7164,0.6208,0.5951,0.6202,0.8574,0.5755,0.6131,0.7811,0.5073,0.5524,0.3778,0.5917,0.6747,0.5782,0.5201,0.3177,0.4804,0.2575,0.5264,0.3181,0.2077,0.1554,0.3653,
1.0,0.9993,0.9674,0.9667,0.9679,0.9968,0.995,0.9903,0.9852,0.9198,0.7316,0.9281,0.9017,0.839,0.7996,0.8489,0.6822,0.8268,0.9454,0.7744,0.6077,0.951,0.709,0.623,0.6039,0.6145,0.8476,0.5728,0.613,0.7727,0.5015,0.5513,0.3791,0.586,0.674,0.5771,0.5238,0.3163,0.4767,0.2533,0.5186,0.3016,0.2059,0.1581,0.3521,
1.0,0.9989,0.9647,0.9636,0.969,0.9981,0.9954,0.9892,0.9854,0.9191,0.7352,0.927,0.9022,0.8436,0.805,0.8473,0.6825,0.8307,0.9416,0.7722,0.6076,0.9532,0.7141,0.6196,0.5969,0.6104,0.8525,0.5646,0.6063,0.7781,0.4992,0.5462,0.3836,0.5839,0.6721,0.5767,0.5188,0.3164,0.4787,0.2518,0.5182,0.3114,0.1988,0.1566,0.3615,
1.0,0.9995,0.9674,0.9669,0.9725,0.9971,0.9951,0.991,0.9853,0.9194,0.7367,0.9347,0.9038,0.8412,0.8048,0.8557,0.6944,0.8261,0.9399,0.7906,0.6133,0.9543,0.7258,0.631,0.6105,0.6131,0.8652,0.5729,0.621,0.782,0.5076,0.5484,0.3964,0.5889,0.6761,0.5867,0.5273,0.3183,0.4866,0.2648,0.5343,0.3142,0.2109,0.1617,0.3619,
1.0,0.9993,0.9688,0.9681,0.9711,0.9974,0.996,0.9902,0.9827,0.9241,0.7381,0.9332,0.907,0.8403,0.7994,0.8575,0.6887,0.825,0.9363,0.7862,0.6112,0.9517,0.7242,0.6273,0.6145,0.6198,0.859,0.5729,0.6203,0.7816,0.5069,0.5572,0.394,0.5946,0.6802,0.583,0.5241,0.3211,0.4795,0.2642,0.5305,0.3158,0.2107,0.1703,0.3489,
1.0,0.9991,0.9686,0.9677,0.9691,0.9974,0.9954,0.99,0.984,0.9167,0.729,0.9314,0.9007,0.8392,0.8002,0.8495,0.6851,0.8245,0.9432,0.7767,0.6068,0.9547,0.7127,0.6235,0.603,0.6128,0.8547,0.5719,0.6183,0.7763,0.5,0.5658,0.3847,0.5981,0.6903,0.5777,0.5246,0.3153,0.4781,0.2566,0.5232,0.3058,0.2071,0.164,0.3532,
1.0,0.9987,0.9657,0.9644,0.9691,0.9971,0.9951,0.9899,0.9847,0.9213,0.7355,0.9279,0.9044,0.8428,0.8042,0.8505,0.6865,0.8304,0.9411,0.7812,0.6096,0.9517,0.7176,0.6216,0.6023,0.6146,0.8545,0.5697,0.6174,0.7798,0.4979,0.558,0.3842,0.5918,0.6778,0.5811,0.525,0.3132,0.4741,0.2637,0.5262,0.3025,0.2051,0.1598,0.3551,
1.0,0.9991,0.9672,0.9663,0.9679,0.996,0.9943,0.9921,0.9874,0.9224,0.7334,0.9292,0.9071,0.8367,0.8019,0.8529,0.6856,0.8245,0.9426,0.7836,0.6057,0.9513,0.7194,0.6178,0.6011,0.6118,0.8586,0.5703,0.6178,0.7831,0.5064,0.5533,0.3824,0.5838,0.6705,0.5853,0.5295,0.3147,0.4769,0.2668,0.5212,0.3113,0.2063,0.1671,0.348,
1.0,0.9985,0.9685,0.967,0.9722,0.9971,0.9948,0.9891,0.9828,0.918,0.7322,0.9354,0.9027,0.8391,0.799,0.8546,0.6845,0.8261,0.9396,0.7843,0.6091,0.9493,0.7171,0.6249,0.6105,0.6131,0.8591,0.571,0.6178,0.7772,0.498,0.5517,0.3893,0.5868,0.6723,0.5748,0.5202,0.315,0.4811,0.2622,0.5285,0.3061,0.2035,0.1659,0.3562,
1.0,0.9989,0.9666,0.9655,0.9682,0.9964,0.9936,0.9897,0.9842,0.9249,0.7367,0.9284,0.9075,0.8411,0.8009,0.8537,0.6804,0.8274,0.9385,0.78,0.6128,0.9527,0.7289,0.6231,0.6141,0.6151,0.8551,0.5673,0.6235,0.7819,0.4988,0.5559,0.39,0.5973,0.6746,0.5887,0.5126,0.3202,0.4869,0.2657,0.5283,0.3118,0.2053,0.1665,0.3636,
1.0,0.9992,0.9658,0.965,0.9692,0.9982,0.9966,0.9914,0.9853,0.9204,0.7359,0.9281,0.9049,0.843,0.804,0.8497,0.688,0.83,0.9411,0.7781,0.6152,0.9544,0.7265,0.6281,0.6069,0.6121,0.857,0.5617,0.6205,0.7771,0.4974,0.5524,0.3943,0.5902,0.6721,0.5808,0.5197,0.3199,0.4859,0.2633,0.524,0.3117,0.2006,0.1682,0.3596,
1.0,0.9989,0.9723,0.9712,0.9667,0.9976,0.996,0.9923,0.9872,0.9271,0.7411,0.9325,0.913,0.8421,0.8043,0.8615,0.6915,0.8307,0.9423,0.7831,0.6122,0.9546,0.7203,0.6225,0.6066,0.6143,0.8578,0.5688,0.6237,0.7788,0.5013,0.5585,0.3879,0.5949,0.6775,0.5806,0.5201,0.3105,0.4761,0.2657,0.5242,0.3086,0.2062,0.1621,0.3508,
1.0,0.999,0.9676,0.9666,0.9723,0.9972,0.9949,0.9909,0.9855,0.9252,0.7366,0.932,0.9078,0.833,0.7934,0.8591,0.6761,0.8189,0.9391,0.7816,0.6042,0.9537,0.7257,0.6229,0.6164,0.6156,0.8558,0.5648,0.6225,0.787,0.5079,0.5573,0.3966,0.5919,0.6683,0.5787,0.5158,0.3195,0.4795,0.2604,0.5172,0.3061,0.2063,0.1697,0.3495,
1.0,0.9992,0.9711,0.9703,0.9737,0.9982,0.9964,0.9909,0.9869,0.9231,0.7359,0.9383,0.9078,0.8353,0.799,0.8624,0.6855,0.8245,0.9427,0.7859,0.6103,0.9495,0.7215,0.6291,0.6057,0.6121,0.8567,0.5663,0.621,0.7875,0.514,0.5494,0.4054,0.5869,0.6763,0.5775,0.5162,0.3176,0.4703,0.2561,0.5214,0.3162,0.2209,0.165,0.3459,
1.0,0.9991,0.965,0.9641,0.971,0.9975,0.9961,0.9901,0.9844,0.9233,0.7382,0.9289,0.9058,0.8381,0.8023,0.8548,0.6779,0.8254,0.9382,0.7807,0.6081,0.9526,0.722,0.6193,0.6099,0.6151,0.8506,0.5578,0.6211,0.7827,0.5026,0.5416,0.3798,0.5855,0.6701,0.5791,0.5158,0.3099,0.4814,0.265,0.5168,0.3101,0.2031,0.1634,0.3481,
1.0,0.9988,0.9696,0.9684,0.9697,0.997,0.9941,0.9898,0.9852,0.9278,0.7433,0.9327,0.9106,0.8437,0.8041,0.8623,0.6898,0.8294,0.9357,0.7862,0.6122,0.9526,0.7242,0.624,0.5986,0.6138,0.8534,0.5624,0.6198,0.7803,0.5094,0.5479,0.3849,0.5877,0.6727,0.5795,0.5218,0.3156,0.4772,0.2685,0.5254,0.3076,0.212,0.1657,0.3569,
1.0,0.9989,0.9657,0.9646,0.9712,0.9976,0.9949,0.9901,0.9856,0.922,0.7349,0.9302,0.9056,0.837,0.7978,0.8532,0.6798,0.8227,0.9373,0.7812,0.6049,0.9518,0.7172,0.6163,0.5996,0.6077,0.855,0.5624,0.6128,0.7817,0.4971,0.5465,0.3854,0.5851,0.6738,0.5753,0.5173,0.3097,0.4745,0.2562,0.5277,0.3007,0.2119,0.1585,0.3473,
1.0,0.9994,0.9667,0.9661,0.9691,0.9976,0.9958,0.9925,0.9872,0.9224,0.7376,0.9295,0.9074,0.84,0.8038,0.8528,0.692,0.8259,0.937,0.7843,0.6096,0.9552,0.7216,0.621,0.6041,0.6111,0.8592,0.5616,0.6152,0.7761,0.4967,0.5432,0.3854,0.585,0.6706,0.5797,0.5232,0.3048,0.4779,0.2618,0.5242,0.3044,0.1975,0.1633,0.3503,
1.0,0.9985,0.9696,0.9681,0.9661,0.9979,0.9957,0.9918,0.9863,0.9248,0.74,0.9297,0.9113,0.8446,0.8068,0.8544,0.6878,0.8329,0.9414,0.7767,0.6171,0.9585,0.7244,0.6252,0.6078,0.622,0.8544,0.5723,0.619,0.781,0.5008,0.5624,0.3924,0.601,0.6798,0.5817,0.5218,0.3202,0.4904,0.2613,0.525,0.3142,0.204,0.1689,0.3659,
1.0,0.9988,0.9671,0.9659,0.9697,0.9975,0.9957,0.9901,0.9849,0.9245,0.7307,0.9296,0.9076,0.8329,0.7936,0.8559,0.6781,0.8205,0.9419,0.7823,0.6073,0.9499,0.7225,0.6185,0.6099,0.6112,0.8572,0.5565,0.624,0.7785,0.4957,0.5436,0.3929,0.5908,0.672,0.5815,0.5231,0.3079,0.4739,0.2587,0.5247,0.3069,0.204,0.166,0.3519,
1.0,0.9983,0.9701,0.9684,0.9701,0.9966,0.9939,0.9911,0.9849,0.9249,0.7395,0.9338,0.9106,0.8418,0.8038,0.8598,0.6902,0.8288,0.9432,0.7858,0.6147,0.9549,0.7268,0.6261,0.6018,0.6157,0.8605,0.5691,0.6201,0.7857,0.5043,0.5537,0.3814,0.584,0.6769,0.5821,0.526,0.3135,0.4748,0.2675,0.5259,0.3045,0.21,0.159,0.3551,
1.0,0.9993,0.9649,0.9642,0.9692,0.9972,0.9953,0.9905,0.9847,0.9271,0.7419,0.9283,0.9103,0.8425,0.803,0.8565,0.6848,0.8296,0.9399,0.7846,0.6163,0.9547,0.7259,0.625,0.6009,0.6192,0.8563,0.57,0.6162,0.7818,0.5062,0.5471,0.386,0.5876,0.6688,0.5857,0.5272,0.3136,0.4805,0.2626,0.5172,0.316,0.2099,0.1611,0.3605,
1.0,0.9987,0.9672,0.9659,0.9693,0.9974,0.9951,0.9904,0.9853,0.9224,0.7279,0.931,0.9083,0.8327,0.794,0.8535,0.6748,0.8198,0.9421,0.7804,0.6048,0.9523,0.7206,0.6175,0.6008,0.6002,0.8559,0.5583,0.6184,0.7789,0.5003,0.54,0.3824,0.5865,0.6694,0.5823,0.5307,0.3102,0.4772,0.2562,0.5172,0.3081,0.2018,0.1639,0.3544,
1.0,0.9995,0.9665,0.966,0.9697,0.9972,0.9958,0.9914,0.9857,0.9236,0.7326,0.9303,0.9074,0.8353,0.7999,0.8545,0.681,0.8223,0.9404,0.7808,0.6049,0.9531,0.7205,0.6171,0.606,0.6104,0.8502,0.563,0.6183,0.7831,0.5145,0.5483,0.3862,0.5857,0.6748,0.5859,0.5119,0.3156,0.471,0.2518,0.5147,0.3136,0.2146,0.1544,0.3468,
1.0,0.999,0.969,0.968,0.9715,0.9972,0.9954,0.9916,0.9858,0.9203,0.7375,0.9345,0.9059,0.8405,0.8045,0.8559,0.688,0.828,0.9438,0.7812,0.6092,0.953,0.7182,0.6271,0.6037,0.6181,0.8587,0.5747,0.6141,0.7866,0.5163,0.5558,0.3953,0.5891,0.6721,0.5682,0.5199,0.3276,0.4812,0.2565,0.522,0.3165,0.2118,0.166,0.3509,
1.0,0.9987,0.9684,0.9671,0.9729,0.9982,0.9958,0.9889,0.9823,0.9186,0.7315,0.9342,0.902,0.838,0.7975,0.8545,0.683,0.8243,0.9351,0.7834,0.6003,0.9524,0.7166,0.6182,0.6104,0.6127,0.8543,0.566,0.6139,0.7809,0.4936,0.5485,0.3929,0.5888,0.6705,0.5737,0.521,0.3122,0.474,0.2593,0.5283,0.311,0.2102,0.1654,0.3498,
1.0,0.9992,0.9664,0.9656,0.9691,0.9977,0.9959,0.9907,0.9874,0.9286,0.7429,0.9295,0.9131,0.8405,0.8066,0.86,0.6893,0.83,0.9419,0.7901,0.6192,0.9524,0.7304,0.6263,0.6066,0.6194,0.8569,0.5703,0.6276,0.7866,0.5086,0.554,0.3903,0.5872,0.673,0.5876,0.529,0.3147,0.4785,0.272,0.5227,0.3121,0.2084,0.1673,0.3562,
1.0,0.9985,0.9678,0.9663,0.9708,0.998,0.9955,0.9904,0.9852,0.9248,0.7372,0.9301,0.908,0.837,0.797,0.8546,0.6781,0.8234,0.937,0.7787,0.604,0.9528,0.7241,0.6159,0.6082,0.609,0.8547,0.5573,0.6238,0.7867,0.5049,0.5436,0.3885,0.5923,0.6709,0.58,0.5142,0.317,0.4759,0.2562,0.5188,0.317,0.2145,0.1582,0.3548,
1.0,0.9992,0.9671,0.9663,0.9675,0.9977,0.9957,0.9902,0.9856,0.9246,0.7322,0.9291,0.9089,0.8354,0.7961,0.8544,0.6838,0.822,0.9394,0.7842,0.6088,0.9545,0.7302,0.6178,0.6114,0.6094,0.8625,0.5687,0.6216,0.7849,0.5032,0.5517,0.3871,0.5908,0.6773,0.5891,0.5229,0.3199,0.486,0.2548,0.5266,0.3082,0.2066,0.1719,0.353,
1.0,0.999,0.9691,0.9681,0.9701,0.9978,0.9956,0.9907,0.9858,0.9266,0.74,0.9323,0.911,0.8379,0.8014,0.8601,0.6886,0.8244,0.9422,0.788,0.6087,0.9526,0.7192,0.6199,0.6049,0.6198,0.8552,0.5719,0.6211,0.7899,0.5142,0.5594,0.3958,0.6004,0.6782,0.5827,0.5258,0.3251,0.4806,0.2622,0.5242,0.3169,0.2179,0.1654,0.3619,
1.0,0.9993,0.9654,0.9647,0.9685,0.9974,0.9962,0.9901,0.985,0.9256,0.7346,0.9271,0.9083,0.836,0.7978,0.8546,0.685,0.8238,0.9454,0.7863,0.6097,0.9506,0.7216,0.6201,0.6003,0.6127,0.8569,0.5663,0.6198,0.7799,0.4961,0.544,0.3805,0.5802,0.6769,0.5811,0.5261,0.3066,0.4719,0.2638,0.5218,0.2983,0.204,0.1623,0.3495,
1.0,0.9992,0.9728,0.972,0.9698,0.997,0.9947,0.9904,0.9854,0.9215,0.7403,0.9353,0.9047,0.8445,0.8062,0.8572,0.6928,0.8293,0.9383,0.7809,0.6104,0.9507,0.7164,0.6272,0.6057,0.6158,0.8542,0.5678,0.6163,0.7806,0.5092,0.5546,0.3931,0.5935,0.6749,0.572,0.5103,0.3202,0.4817,0.2531,0.5329,0.3149,0.2056,0.1657,0.3589,
1.0,0.9988,0.971,0.9698,0.9722,0.9977,0.9954,0.9901,0.984,0.9261,0.74,0.9356,0.9089,0.8405,0.7984,0.8632,0.6851,0.8268,0.9423,0.7822,0.6121,0.9549,0.7233,0.6294,0.6116,0.6129,0.8546,0.5643,0.6198,0.7914,0.5106,0.554,0.3967,0.5988,0.6793,0.5881,0.5224,0.3181,0.4797,0.2577,0.5167,0.3252,0.2156,0.1643,0.3582,
1.0,0.999,0.9639,0.9629,0.9694,0.9971,0.995,0.9898,0.984,0.9255,0.7376,0.9275,0.9092,0.8412,0.8018,0.8555,0.6811,0.8278,0.9429,0.7819,0.6148,0.9537,0.727,0.6223,0.6046,0.6179,0.8547,0.5709,0.6167,0.7856,0.5091,0.5515,0.3853,0.587,0.6772,0.5897,0.5213,0.3207,0.4854,0.2539,0.519,0.3171,0.2099,0.163,0.3587,
1.0,0.9989,0.9682,0.9671,0.9692,0.9979,0.9959,0.9901,0.9852,0.9253,0.737,0.9319,0.9106,0.8387,0.8005,0.8584,0.6835,0.8249,0.9425,0.7833,0.611,0.9525,0.7229,0.6196,0.6006,0.6073,0.859,0.5579,0.6205,0.777,0.5022,0.5427,0.3907,0.5969,0.6794,0.5827,0.525,0.3087,0.477,0.2607,0.5306,0.3119,0.2089,0.161,0.359,
1.0,0.9989,0.9715,0.9704,0.9682,0.9966,0.9945,0.9904,0.9856,0.9246,0.737,0.9322,0.9077,0.838,0.7995,0.8581,0.6882,0.8255,0.9402,0.7828,0.6084,0.9515,0.7195,0.6237,0.6064,0.6109,0.856,0.5671,0.6248,0.7794,0.4986,0.5518,0.3815,0.5884,0.6744,0.5819,0.5249,0.3057,0.4777,0.2662,0.5316,0.3038,0.2078,0.167,0.3519,
1.0,0.9991,0.9665,0.9656,0.9699,0.9971,0.9953,0.9911,0.9865,0.9217,0.7328,0.931,0.9071,0.8369,0.8008,0.8533,0.6796,0.825,0.9427,0.7794,0.6106,0.951,0.7255,0.6243,0.6112,0.6134,0.8571,0.5653,0.6188,0.7799,0.4989,0.5513,0.3936,0.5822,0.6714,0.5883,0.5235,0.313,0.4777,0.2605,0.5227,0.3021,0.2118,0.1648,0.3499,
1.0,0.999,0.9678,0.9668,0.9696,0.9974,0.9958,0.9917,0.9868,0.9242,0.7292,0.9313,0.9102,0.8301,0.7939,0.8567,0.6761,0.8192,0.9433,0.7837,0.6017,0.9536,0.7181,0.6136,0.6045,0.6067,0.8571,0.5593,0.6141,0.7807,0.4958,0.5431,0.3817,0.5821,0.6769,0.5803,0.5135,0.3068,0.4783,0.249,0.5199,0.3083,0.2017,0.1592,0.3438,
1.0,0.9995,0.9689,0.9684,0.9728,0.9976,0.9958,0.9916,0.9862,0.9225,0.7428,0.9351,0.9064,0.8441,0.8071,0.8591,0.6869,0.8301,0.9426,0.7781,0.6124,0.9538,0.7176,0.6293,0.6101,0.6255,0.8504,0.5698,0.6222,0.7821,0.5083,0.5617,0.3962,0.5924,0.6774,0.5767,0.5177,0.3259,0.4698,0.2582,0.5193,0.3128,0.2102,0.1624,0.3594,
1.0,0.9984,0.9677,0.9661,0.9718,0.9975,0.9951,0.989,0.9829,0.9249,0.7389,0.9322,0.9077,0.841,0.8018,0.8588,0.6857,0.8267,0.9399,0.7869,0.615,0.9529,0.7285,0.6269,0.6056,0.6174,0.8551,0.5713,0.6223,0.7894,0.5025,0.5579,0.3804,0.5916,0.6827,0.5866,0.5303,0.3093,0.4761,0.2671,0.5279,0.3108,0.208,0.1647,0.3567,
1.0,0.9989,0.9672,0.9661,0.9709,0.9975,0.9953,0.9923,0.9883,0.9235,0.7383,0.9322,0.9104,0.8374,0.8031,0.8573,0.6883,0.8262,0.9432,0.7862,0.6112,0.9589,0.7314,0.6222,0.6126,0.6105,0.8614,0.5653,0.6277,0.787,0.5126,0.5496,0.3945,0.599,0.6817,0.5928,0.5283,0.3185,0.4884,0.2661,0.5304,0.3215,0.2084,0.1717,0.3616,
1.0,0.9983,0.9674,0.9657,0.968,0.9974,0.995,0.9888,0.9829,0.9204,0.7318,0.9284,0.9035,0.8423,0.7996,0.8507,0.6821,0.8299,0.9404,0.7753,0.6046,0.9542,0.7165,0.6181,0.6033,0.6063,0.8559,0.569,0.6159,0.7728,0.4962,0.5526,0.3837,0.592,0.6766,0.5754,0.5186,0.3225,0.4787,0.2547,0.5207,0.306,0.2079,0.1527,0.3564,
1.0,0.9986,0.9706,0.9692,0.9707,0.9974,0.995,0.9896,0.9845,0.9225,0.7304,0.9347,0.9064,0.8322,0.7917,0.8583,0.6769,0.8189,0.9374,0.7791,0.5982,0.9499,0.7129,0.6139,0.6029,0.6043,0.8562,0.5585,0.6165,0.7777,0.5017,0.5403,0.3897,0.5907,0.675,0.57,0.5199,0.3084,0.472,0.2486,0.5222,0.314,0.2115,0.1591,0.3487,
1.0,0.9985,0.9659,0.9644,0.9718,0.9976,0.9949,0.9894,0.9846,0.928,0.7422,0.9305,0.9111,0.8396,0.8,0.8604,0.6851,0.8257,0.9414,0.789,0.6158,0.9519,0.7258,0.624,0.6036,0.6189,0.8572,0.5648,0.6258,0.7836,0.5118,0.5478,0.3894,0.5874,0.6707,0.589,0.5221,0.3082,0.475,0.2671,0.5239,0.3141,0.2117,0.1568,0.3531,
1.0,0.9987,0.9674,0.9661,0.9695,0.9977,0.9954,0.9897,0.9844,0.9256,0.7363,0.93,0.9092,0.8374,0.7973,0.8561,0.6816,0.8245,0.9408,0.7836,0.6117,0.951,0.7209,0.6184,0.5978,0.6142,0.855,0.568,0.6139,0.7834,0.5083,0.5515,0.3953,0.5891,0.6759,0.5765,0.514,0.3182,0.4769,0.2533,0.5258,0.3132,0.2137,0.1596,0.3516,
1.0,0.9991,0.9682,0.9673,0.9709,0.9979,0.9956,0.99,0.9838,0.9247,0.7351,0.9335,0.9095,0.837,0.7978,0.8588,0.6828,0.821,0.9365,0.7848,0.6119,0.9523,0.7305,0.6252,0.6123,0.6107,0.8575,0.5605,0.6333,0.7897,0.5078,0.5561,0.3913,0.6012,0.6787,0.5909,0.5271,0.3123,0.4836,0.2677,0.5315,0.3142,0.2145,0.1692,0.3512,
1.0,0.9988,0.967,0.9658,0.97,0.9977,0.9957,0.9907,0.9845,0.9199,0.7286,0.9298,0.9034,0.8334,0.7952,0.8513,0.6751,0.8189,0.9377,0.7773,0.6078,0.9552,0.7235,0.6225,0.6107,0.6048,0.8508,0.5579,0.6197,0.7802,0.5034,0.5442,0.3922,0.5859,0.6685,0.576,0.5148,0.3044,0.4783,0.2533,0.5141,0.313,0.2023,0.1619,0.3451,
1.0,0.9994,0.968,0.9674,0.9728,0.9989,0.9975,0.991,0.9848,0.9233,0.7407,0.9351,0.9091,0.8427,0.805,0.8606,0.6938,0.8296,0.9375,0.7896,0.6195,0.9564,0.7303,0.6348,0.6159,0.6148,0.8601,0.5763,0.6322,0.7853,0.507,0.5579,0.3958,0.5907,0.677,0.5855,0.5301,0.3199,0.4794,0.2745,0.5369,0.3135,0.2132,0.1736,0.3566,
1.0,0.9993,0.9638,0.9631,0.9685,0.9971,0.9955,0.9907,0.9852,0.9262,0.7362,0.9269,0.9105,0.8381,0.8014,0.8545,0.6779,0.8245,0.9397,0.7821,0.6123,0.9504,0.724,0.618,0.6007,0.6145,0.8527,0.5647,0.6205,0.7853,0.5092,0.5466,0.3849,0.5794,0.6684,0.5836,0.5183,0.3152,0.4741,0.2627,0.516,0.3154,0.2053,0.161,0.3477,
1.0,0.9991,0.9695,0.9686,0.9686,0.9975,0.9961,0.9896,0.9844,0.9208,0.7322,0.9328,0.9048,0.8387,0.8006,0.8549,0.6842,0.8265,0.9421,0.7793,0.614,0.9504,0.7252,0.627,0.6063,0.608,0.8583,0.5672,0.6216,0.7759,0.5014,0.5499,0.3838,0.5847,0.6756,0.5837,0.5204,0.3097,0.4807,0.262,0.5268,0.3074,0.2017,0.1629,0.3466,
1.0,0.9986,0.9675,0.9661,0.9677,0.9968,0.9946,0.9918,0.9861,0.9235,0.7357,0.9277,0.9073,0.8399,0.8036,0.852,0.6872,0.8276,0.9423,0.7831,0.6115,0.9569,0.7224,0.6237,0.6032,0.6164,0.8558,0.5649,0.6186,0.7765,0.5045,0.5499,0.3927,0.5928,0.6839,0.5827,0.5257,0.318,0.4852,0.2597,0.5274,0.3154,0.2083,0.1658,0.3597,
1.0,0.9985,0.9697,0.9682,0.9693,0.9973,0.9947,0.9906,0.9852,0.9217,0.7305,0.9331,0.9073,0.836,0.7994,0.8567,0.6842,0.8225,0.9415,0.7827,0.6062,0.9526,0.7204,0.6211,0.6056,0.6087,0.8584,0.5605,0.6222,0.7741,0.5,0.548,0.3899,0.5868,0.6745,0.5827,0.5253,0.3143,0.4756,0.2576,0.5302,0.3053,0.2048,0.163,0.3487,
1.0,0.9989,0.965,0.9639,0.9674,0.9977,0.995,0.9893,0.9841,0.9262,0.7332,0.9245,0.9075,0.8363,0.7955,0.8523,0.6776,0.8232,0.9393,0.7802,0.609,0.9497,0.7191,0.6163,0.5986,0.6093,0.8513,0.558,0.6196,0.7769,0.4945,0.5431,0.3741,0.578,0.6649,0.5794,0.5155,0.309,0.4685,0.2575,0.5159,0.2999,0.2,0.1628,0.3411,
1.0,0.9985,0.9656,0.9641,0.9733,0.9972,0.9949,0.9903,0.9843,0.926,0.744,0.9316,0.9095,0.8421,0.8021,0.8598,0.6835,0.829,0.9424,0.7881,0.6161,0.9524,0.7209,0.6276,0.6063,0.6256,0.8555,0.5712,0.623,0.7819,0.5087,0.5543,0.3926,0.5886,0.6807,0.5846,0.5167,0.3191,0.4765,0.2633,0.5237,0.3159,0.2144,0.1677,0.3592,
1.0,0.9983,0.9681,0.9664,0.9693,0.9972,0.9944,0.9891,0.9838,0.9218,0.7307,0.9292,0.9044,0.8358,0.7961,0.8531,0.6795,0.822,0.9425,0.7788,0.6027,0.9521,0.7203,0.6203,0.6088,0.6116,0.8549,0.5658,0.6174,0.7831,0.5057,0.5538,0.3886,0.5938,0.6805,0.5823,0.5268,0.3216,0.4761,0.2581,0.5203,0.3123,0.2067,0.1685,0.3473,
1.0,0.9989,0.9673,0.9662,0.9724,0.9981,0.9965,0.9917,0.9849,0.9195,0.7324,0.9332,0.9055,0.8376,0.7971,0.8544,0.6828,0.825,0.9407,0.7817,0.6074,0.955,0.7188,0.6243,0.613,0.6109,0.862,0.571,0.6216,0.784,0.5044,0.5566,0.3929,0.5957,0.6749,0.5795,0.5216,0.3188,0.4855,0.2626,0.5281,0.31,0.2097,0.161,0.3578,
1.0,0.9988,0.9671,0.9659,0.967,0.9981,0.9959,0.9909,0.9844,0.9276,0.7336,0.9278,0.9127,0.8359,0.7999,0.8566,0.6787,0.8211,0.9405,0.7825,0.617,0.9536,0.735,0.6206,0.6124,0.6132,0.8544,0.5594,0.6344,0.786,0.5135,0.5472,0.3943,0.5982,0.6781,0.5977,0.5196,0.3208,0.4749,0.2687,0.5252,0.3148,0.2147,0.1652,0.3513,
1.0,0.9988,0.9683,0.9671,0.9716,0.9973,0.9956,0.9907,0.9845,0.926,0.7388,0.9342,0.9116,0.8394,0.7999,0.8606,0.6811,0.8258,0.9406,0.7839,0.6114,0.9503,0.7215,0.621,0.5951,0.6112,0.8533,0.5623,0.6136,0.7837,0.5051,0.5432,0.3912,0.5871,0.6704,0.5813,0.523,0.3156,0.4762,0.2595,0.5219,0.3051,0.2103,0.1671,0.3449,
1.0,0.9988,0.9711,0.9699,0.9684,0.9976,0.9957,0.9907,0.9842,0.9212,0.7361,0.9324,0.9054,0.8412,0.8006,0.8544,0.6828,0.8282,0.9392,0.7755,0.6123,0.9538,0.7204,0.6253,0.606,0.6118,0.8523,0.562,0.6179,0.7743,0.489,0.5497,0.3858,0.5937,0.6784,0.5745,0.5162,0.307,0.4779,0.2635,0.526,0.3029,0.2033,0.1582,0.352,
1.0,0.9986,0.9667,0.9653,0.9718,0.9978,0.9952,0.9896,0.9848,0.9202,0.7343,0.9311,0.9039,0.8373,0.8,0.8534,0.6812,0.8247,0.9408,0.7818,0.606,0.9551,0.7187,0.6228,0.6013,0.6064,0.8529,0.5599,0.6162,0.7833,0.5096,0.543,0.38,0.5934,0.6749,0.5828,0.5265,0.3101,0.4789,0.2595,0.5237,0.3165,0.2131,0.1679,0.3504,
1.0,0.9981,0.9692,0.9673,0.9717,0.9976,0.9951,0.9906,0.9859,0.9226,0.7423,0.9346,0.9089,0.8452,0.8081,0.8589,0.6889,0.8332,0.9417,0.7816,0.6111,0.9548,0.7187,0.6263,0.6099,0.6238,0.8543,0.5723,0.6213,0.7823,0.5089,0.5605,0.3952,0.5971,0.6774,0.5837,0.5243,0.3208,0.4851,0.2607,0.5287,0.3149,0.2082,0.1674,0.3627,
1.0,0.9991,0.9691,0.9682,0.9689,0.997,0.9952,0.9904,0.9853,0.9233,0.7296,0.9312,0.9053,0.8332,0.7965,0.855,0.6849,0.8206,0.9404,0.786,0.6073,0.9502,0.72,0.6197,0.6034,0.6119,0.854,0.5669,0.6199,0.7832,0.505,0.5494,0.3925,0.586,0.6667,0.5804,0.5201,0.3116,0.4774,0.2587,0.5203,0.3128,0.2048,0.17,0.3511,
1.0,0.9993,0.9709,0.9702,0.9678,0.9977,0.9962,0.9918,0.9871,0.9249,0.7389,0.932,0.9095,0.8407,0.8035,0.858,0.6857,0.8286,0.9392,0.7772,0.606,0.9554,0.7218,0.6224,0.6109,0.6147,0.8521,0.5653,0.6194,0.7795,0.4996,0.5534,0.3937,0.5971,0.6766,0.5864,0.5281,0.3126,0.4805,0.2643,0.5231,0.3105,0.204,0.1668,0.3533,
1.0,0.9987,0.967,0.9657,0.9716,0.997,0.9948,0.9912,0.9838,0.9276,0.7438,0.9326,0.9125,0.8394,0.7995,0.8605,0.6838,0.824,0.9382,0.7884,0.6184,0.9549,0.7296,0.6272,0.617,0.6205,0.8587,0.5678,0.6261,0.7879,0.5101,0.5477,0.3927,0.5933,0.6707,0.5916,0.5205,0.3144,0.4858,0.2702,0.517,0.3213,0.2083,0.1639,0.3606,
1.0,0.9984,0.9675,0.9659,0.9677,0.997,0.9941,0.9898,0.9839,0.9214,0.7349,0.9284,0.9057,0.8438,0.8047,0.851,0.6915,0.8289,0.9355,0.7832,0.6086,0.9508,0.7239,0.6203,0.6024,0.611,0.8599,0.567,0.6153,0.7763,0.4895,0.5514,0.3856,0.5892,0.6697,0.5751,0.5244,0.3155,0.4766,0.2614,0.5323,0.3025,0.2022,0.1656,0.3522,
1.0,0.9993,0.9654,0.9647,0.9711,0.9967,0.995,0.9906,0.9857,0.9225,0.7389,0.9304,0.9055,0.8427,0.8037,0.8535,0.6847,0.8305,0.9407,0.7797,0.6099,0.9495,0.7151,0.6232,0.5952,0.6173,0.8515,0.5711,0.6097,0.78,0.5078,0.5594,0.384,0.5781,0.6669,0.5697,0.5199,0.3224,0.4592,0.2571,0.5157,0.3068,0.2033,0.1588,0.3496,
1.0,0.9988,0.9683,0.9671,0.9688,0.9979,0.9956,0.9904,0.9853,0.9241,0.7322,0.9304,0.9085,0.8358,0.7986,0.8562,0.6785,0.8231,0.9448,0.7769,0.6128,0.9541,0.72,0.6259,0.6057,0.6161,0.8504,0.5615,0.6216,0.7809,0.4976,0.5562,0.3889,0.6,0.6817,0.5856,0.5166,0.3154,0.4787,0.258,0.5238,0.3053,0.2047,0.1674,0.3555,
1.0,0.999,0.9702,0.9692,0.9713,0.9977,0.9956,0.9904,0.9853,0.9227,0.7364,0.9352,0.9065,0.8414,0.8011,0.8594,0.686,0.8289,0.9415,0.7814,0.6114,0.9532,0.7254,0.6293,0.6104,0.6114,0.8539,0.5673,0.6266,0.7786,0.5021,0.5549,0.3831,0.5861,0.6744,0.5817,0.5211,0.3198,0.4698,0.2635,0.5271,0.2996,0.2074,0.1706,0.3524,
1.0,0.9993,0.9661,0.9654,0.9689,0.9968,0.9947,0.9898,0.9851,0.9238,0.7329,0.9272,0.9048,0.8356,0.7968,0.853,0.6725,0.8221,0.9391,0.7741,0.6068,0.949,0.7154,0.6159,0.5957,0.6063,0.8453,0.5539,0.6185,0.7814,0.5,0.5429,0.3752,0.5855,0.6676,0.5772,0.5132,0.3111,0.4696,0.2587,0.5193,0.303,0.2056,0.1604,0.3455,
1.0,0.9992,0.9703,0.9695,0.9692,0.9974,0.9956,0.9926,0.9872,0.9241,0.7413,0.9332,0.9092,0.843,0.8061,0.8578,0.6908,0.8304,0.943,0.7824,0.6189,0.9551,0.7271,0.6336,0.6163,0.6208,0.8561,0.5757,0.6256,0.7811,0.5149,0.5579,0.4019,0.59,0.6741,0.5873,0.5209,0.327,0.4765,0.2622,0.5204,0.3143,0.213,0.168,0.3585,
1.0,0.9989,0.9682,0.9671,0.9705,0.9979,0.996,0.9909,0.9858,0.9259,0.7424,0.9314,0.9096,0.8415,0.8039,0.8588,0.6923,0.8283,0.94,0.7871,0.6118,0.956,0.7278,0.624,0.6153,0.6193,0.8608,0.5735,0.6211,0.7899,0.5106,0.5612,0.3999,0.5941,0.6752,0.5781,0.518,0.3289,0.4883,0.2655,0.5299,0.3199,0.2146,0.171,0.3582,
1.0,0.9993,0.9667,0.966,0.9713,0.9976,0.9955,0.9903,0.9852,0.9305,0.7489,0.9319,0.915,0.8434,0.8058,0.8644,0.6858,0.8303,0.9393,0.7869,0.6175,0.9491,0.7197,0.6242,0.5971,0.6256,0.8535,0.5664,0.6213,0.7878,0.5097,0.5509,0.3857,0.5848,0.6713,0.5807,0.5167,0.3157,0.4755,0.2632,0.5187,0.3147,0.2082,0.161,0.3538,
1.0,0.9988,0.9658,0.9646,0.9657,0.9976,0.9954,0.9899,0.9845,0.9234,0.7311,0.9256,0.9077,0.8381,0.801,0.8501,0.6882,0.8226,0.9392,0.7844,0.6042,0.949,0.7145,0.6113,0.5959,0.6128,0.8609,0.5697,0.6134,0.777,0.504,0.5485,0.3801,0.5889,0.6764,0.5751,0.5214,0.32,0.4802,0.2574,0.5231,0.3085,0.2117,0.1519,0.3569,
1.0,0.9991,0.9701,0.9692,0.9721,0.9975,0.9958,0.9912,0.9841,0.921,0.7317,0.9369,0.9061,0.8361,0.7973,0.859,0.6798,0.8218,0.9385,0.7815,0.606,0.9533,0.7231,0.6253,0.614,0.6059,0.8547,0.5572,0.6235,0.7804,0.4905,0.5469,0.3851,0.5988,0.6695,0.5821,0.5097,0.3011,0.4779,0.2544,0.5281,0.2998,0.2026,0.1656,0.3469,
1.0,0.9992,0.966,0.9652,0.9699,0.9969,0.9951,0.9903,0.9849,0.9218,0.7371,0.9292,0.9046,0.8415,0.8041,0.853,0.6848,0.828,0.9407,0.7811,0.604,0.9526,0.7105,0.6158,0.5986,0.6165,0.8561,0.5685,0.6112,0.7808,0.4993,0.5585,0.379,0.5972,0.6848,0.5752,0.516,0.311,0.4842,0.2535,0.5272,0.3123,0.2092,0.1585,0.3667,
1.0,0.9989,0.9685,0.9674,0.9669,0.9973,0.9955,0.9891,0.9848,0.9252,0.7277,0.9302,0.9094,0.8326,0.7955,0.8563,0.6809,0.8214,0.9422,0.7848,0.6093,0.955,0.7281,0.6161,0.6032,0.6047,0.8588,0.5635,0.6219,0.7812,0.4997,0.5445,0.3848,0.5991,0.6789,0.5871,0.5249,0.3099,0.4857,0.2584,0.5282,0.3115,0.2061,0.1644,0.3537,
1.0,0.9993,0.9687,0.968,0.9687,0.9974,0.9957,0.9892,0.9832,0.9238,0.7413,0.9317,0.9068,0.8456,0.8044,0.8572,0.686,0.8307,0.938,0.7776,0.6184,0.9504,0.7255,0.6299,0.6046,0.6164,0.851,0.5697,0.6263,0.7783,0.5035,0.5562,0.3849,0.5911,0.6751,0.5844,0.5165,0.3171,0.4723,0.2594,0.5196,0.3048,0.2079,0.1659,0.3552,
1.0,0.9989,0.9674,0.9663,0.9712,0.9975,0.9955,0.9907,0.984,0.9249,0.7346,0.9319,0.9096,0.8344,0.7925,0.8573,0.682,0.8199,0.9394,0.7888,0.6087,0.9518,0.7199,0.6192,0.6034,0.6095,0.8585,0.5664,0.6201,0.7815,0.5049,0.5465,0.3938,0.5908,0.6749,0.5813,0.5185,0.3138,0.4799,0.2621,0.5277,0.3171,0.2095,0.164,0.3498,
1.0,0.9984,0.965,0.9634,0.9701,0.9972,0.9947,0.9901,0.984,0.9214,0.7406,0.9262,0.9038,0.8459,0.806,0.8491,0.6932,0.8329,0.9376,0.7847,0.6165,0.9528,0.7257,0.6315,0.613,0.6152,0.8604,0.575,0.6213,0.7826,0.4984,0.5522,0.3933,0.5931,0.6689,0.5826,0.5174,0.318,0.484,0.2577,0.5241,0.3094,0.2047,0.1655,0.3667,
1.0,0.999,0.9704,0.9694,0.9703,0.9974,0.9956,0.9909,0.9851,0.9227,0.7357,0.9348,0.9081,0.8377,0.8007,0.8595,0.6866,0.824,0.9405,0.7843,0.6101,0.9547,0.7187,0.6231,0.6062,0.614,0.8545,0.5647,0.6228,0.7775,0.5033,0.555,0.3823,0.5901,0.6835,0.5875,0.523,0.3069,0.4727,0.2627,0.5248,0.3032,0.2073,0.1607,0.3487,
1.0,0.9989,0.9686,0.9675,0.9731,0.9973,0.9955,0.9908,0.9837,0.9225,0.739,0.9353,0.9074,0.842,0.8018,0.8593,0.6853,0.828,0.9396,0.7836,0.6096,0.9524,0.7197,0.6262,0.6067,0.6139,0.8569,0.5665,0.6192,0.7866,0.5007,0.5567,0.387,0.6026,0.6778,0.5806,0.5131,0.316,0.4828,0.2563,0.5261,0.3155,0.207,0.1647,0.3563,
1.0,0.9984,0.9692,0.9676,0.9678,0.997,0.9941,0.9894,0.9843,0.9273,0.734,0.9295,0.9095,0.8362,0.796,0.8578,0.6787,0.8231,0.9411,0.7788,0.6077,0.9529,0.7233,0.6152,0.602,0.6122,0.8526,0.5628,0.6181,0.7811,0.5041,0.5537,0.3834,0.5926,0.6769,0.5787,0.5194,0.3181,0.4734,0.2535,0.5234,0.3102,0.2114,0.1623,0.3453,
1.0,0.9994,0.9704,0.9698,0.9693,0.9977,0.9961,0.9924,0.9879,0.9227,0.7397,0.9327,0.907,0.8418,0.8071,0.8564,0.6937,0.8292,0.9402,0.7815,0.611,0.9524,0.7159,0.6277,0.6101,0.6152,0.856,0.5752,0.6221,0.7854,0.5107,0.5614,0.3911,0.591,0.6817,0.5797,0.5201,0.3269,0.479,0.263,0.5314,0.3169,0.2144,0.1677,0.3609,
1.0,0.999,0.9685,0.9675,0.971,0.9975,0.995,0.9893,0.9846,0.9228,0.7278,0.9327,0.9058,0.8301,0.7895,0.8566,0.6793,0.8155,0.9368,0.7844,0.6006,0.9509,0.7184,0.6183,0.6045,0.599,0.8601,0.5564,0.6195,0.775,0.4978,0.5353,0.3864,0.5846,0.6678,0.5769,0.5234,0.2983,0.4767,0.258,0.5197,0.3058,0.2018,0.1651,0.3487,
1.0,0.9986,0.9697,0.9683,0.9711,0.9963,0.9938,0.9906,0.9849,0.9211,0.7339,0.9344,0.9046,0.8398,0.7997,0.8558,0.6833,0.8269,0.9408,0.7793,0.6086,0.9543,0.7245,0.6246,0.6169,0.6127,0.8546,0.5666,0.6285,0.776,0.5024,0.5572,0.3937,0.6035,0.6885,0.5906,0.5257,0.315,0.4841,0.2615,0.5343,0.3165,0.2093,0.1666,0.3624,
1.0,0.9991,0.9676,0.9667,0.9706,0.9978,0.9956,0.9897,0.9857,0.9217,0.7401,0.9327,0.9061,0.8418,0.8061,0.8565,0.6836,0.8287,0.9412,0.7803,0.6117,0.9527,0.7226,0.6263,0.6077,0.6157,0.8529,0.5688,0.6198,0.7813,0.5025,0.5512,0.3849,0.5942,0.6758,0.5856,0.5221,0.3162,0.4723,0.2633,0.5242,0.3051,0.2038,0.1653,0.3509,
1.0,0.9986,0.9697,0.9683,0.9668,0.9971,0.9948,0.991,0.9858,0.924,0.7406,0.9297,0.9084,0.8436,0.8079,0.8543,0.6939,0.8299,0.9405,0.7834,0.6158,0.9569,0.7261,0.624,0.6013,0.6169,0.8598,0.5697,0.6212,0.7865,0.5083,0.5563,0.3842,0.595,0.6864,0.5839,0.5297,0.3195,0.4789,0.2647,0.5304,0.3194,0.2159,0.1628,0.3689,
1.0,0.9988,0.9662,0.965,0.9689,0.9976,0.9955,0.9902,0.9849,0.9213,0.7355,0.928,0.9054,0.8417,0.8045,0.8512,0.6929,0.8293,0.9397,0.7872,0.6034,0.9545,0.7166,0.6178,0.6031,0.6167,0.8627,0.5786,0.6106,0.7812,0.4981,0.5537,0.3859,0.5952,0.6746,0.5796,0.523,0.315,0.4871,0.257,0.5338,0.3074,0.2049,0.1635,0.3594,
1.0,0.9995,0.9705,0.97,0.9707,0.998,0.9966,0.9932,0.988,0.9241,0.7389,0.9338,0.9092,0.8373,0.8018,0.8593,0.6914,0.8233,0.9412,0.7863,0.6105,0.9565,0.7281,0.6273,0.6151,0.6083,0.8616,0.561,0.6318,0.7848,0.5067,0.5473,0.3958,0.608,0.6856,0.5925,0.5182,0.316,0.4916,0.2715,0.5253,0.3199,0.2156,0.1619,0.3694,
1.0,0.9985,0.9683,0.9668,0.9708,0.9979,0.9955,0.9896,0.9843,0.9256,0.7418,0.9326,0.91,0.8425,0.8061,0.8594,0.6885,0.8293,0.9418,0.7851,0.6208,0.9515,0.73,0.6318,0.6127,0.6225,0.8545,0.5678,0.6334,0.7868,0.5085,0.5608,0.3941,0.5932,0.6818,0.5863,0.5119,0.3193,0.4783,0.2634,0.5279,0.3044,0.2066,0.1665,0.3552,
1.0,0.9991,0.9673,0.9664,0.9712,0.9975,0.9959,0.9902,0.9846,0.9245,0.7309,0.9328,0.9089,0.832,0.7957,0.859,0.6801,0.8203,0.9427,0.7888,0.6068,0.9535,0.7232,0.6212,0.6078,0.6133,0.8567,0.5674,0.6234,0.7876,0.5097,0.5516,0.3894,0.5927,0.6711,0.5859,0.5191,0.3169,0.4762,0.2619,0.5267,0.3166,0.2115,0.1621,0.3525,
1.0,0.9987,0.967,0.9657,0.9729,0.9973,0.9952,0.9899,0.9829,0.926,0.7348,0.9344,0.9109,0.8341,0.7936,0.861,0.6774,0.8195,0.9361,0.7889,0.6103,0.955,0.7318,0.6212,0.6165,0.6137,0.8573,0.5611,0.6279,0.7838,0.511,0.5475,0.3951,0.5873,0.6774,0.5893,0.5214,0.316,0.478,0.2653,0.5326,0.3094,0.2117,0.164,0.3436,
1.0,0.9985,0.966,0.9645,0.9717,0.9967,0.9941,0.99,0.9844,0.9255,0.7401,0.9306,0.9084,0.8402,0.7994,0.8572,0.6846,0.8261,0.9405,0.7912,0.6223,0.9541,0.7348,0.6281,0.616,0.6127,0.8619,0.5721,0.6285,0.7847,0.5067,0.5486,0.3918,0.5916,0.6766,0.5942,0.517,0.3153,0.4881,0.2654,0.5245,0.3187,0.2044,0.1669,0.3648,
1.0,0.999,0.9702,0.9692,0.9679,0.9971,0.9953,0.99,0.9833,0.9234,0.7348,0.9314,0.9064,0.8382,0.7995,0.8558,0.6844,0.8242,0.9396,0.7814,0.6088,0.9496,0.7193,0.6229,0.6077,0.6153,0.8561,0.5672,0.6208,0.7817,0.4997,0.5496,0.3897,0.5874,0.6716,0.5777,0.5153,0.3115,0.4734,0.2537,0.5216,0.3116,0.2038,0.1569,0.3533,
1.0,0.9984,0.9655,0.9639,0.9692,0.9973,0.9948,0.9898,0.9842,0.9267,0.7355,0.9287,0.9111,0.8354,0.7951,0.8562,0.6726,0.8227,0.9421,0.7804,0.6101,0.9505,0.721,0.615,0.5977,0.6094,0.8534,0.5582,0.6193,0.7805,0.503,0.5456,0.3825,0.5866,0.6773,0.5853,0.526,0.3086,0.4819,0.2644,0.5278,0.3101,0.2088,0.1609,0.3539,
1.0,0.9993,0.9651,0.9644,0.9689,0.9958,0.994,0.9913,0.9866,0.925,0.742,0.9265,0.9067,0.8443,0.8054,0.8529,0.687,0.8307,0.9397,0.7805,0.6168,0.9517,0.723,0.627,0.6005,0.6151,0.8549,0.5705,0.6167,0.7808,0.5075,0.5548,0.3841,0.5853,0.6795,0.5757,0.5248,0.3176,0.478,0.2626,0.5293,0.3138,0.2143,0.1602,0.3595,
1.0,0.9979,0.9679,0.9658,0.9691,0.9974,0.9942,0.9895,0.9831,0.9253,0.7274,0.9303,0.9099,0.8306,0.7905,0.8575,0.6715,0.8161,0.9374,0.7798,0.6101,0.9539,0.7311,0.62,0.6069,0.6033,0.8542,0.5557,0.6281,0.7847,0.5108,0.5425,0.3887,0.5929,0.6742,0.5881,0.5274,0.3098,0.4812,0.2652,0.5272,0.3137,0.2122,0.1702,0.3532,
1.0,0.9989,0.9658,0.9647,0.9708,0.9974,0.9957,0.9905,0.9848,0.9245,0.7424,0.9283,0.9072,0.8445,0.8044,0.8552,0.6893,0.8319,0.9447,0.7831,0.611,0.9524,0.7201,0.6227,0.6053,0.6175,0.8568,0.5703,0.6218,0.7841,0.5064,0.5557,0.379,0.5931,0.6791,0.5863,0.5241,0.3186,0.4741,0.2612,0.5234,0.3089,0.2089,0.163,0.3523,
1.0,0.9993,0.9654,0.9647,0.9706,0.9974,0.9964,0.9929,0.986,0.9246,0.7357,0.9295,0.91,0.8359,0.7977,0.857,0.6823,0.8218,0.9405,0.7861,0.6095,0.9538,0.7251,0.6213,0.605,0.6094,0.8611,0.561,0.6223,0.7785,0.5067,0.5456,0.3884,0.5851,0.6691,0.5808,0.5218,0.3121,0.4717,0.2681,0.5186,0.3077,0.2015,0.1613,0.3444,
1.0,0.9983,0.9703,0.9686,0.9708,0.9966,0.9939,0.9888,0.9845,0.9229,0.7327,0.9335,0.9047,0.8349,0.7949,0.8574,0.6799,0.8232,0.943,0.7824,0.6113,0.9489,0.7237,0.6284,0.6125,0.6116,0.855,0.567,0.626,0.7829,0.5041,0.5574,0.3894,0.5934,0.6808,0.5829,0.5246,0.3108,0.4819,0.2641,0.5342,0.3119,0.2103,0.1751,0.357,
1.0,0.9992,0.9669,0.9661,0.9693,0.9975,0.9957,0.9903,0.9841,0.9263,0.743,0.9317,0.9116,0.8434,0.8076,0.8586,0.6941,0.8285,0.9357,0.7919,0.6116,0.9509,0.7268,0.6186,0.6062,0.6179,0.8661,0.571,0.6199,0.7864,0.505,0.5466,0.39,0.5935,0.672,0.5889,0.5189,0.3162,0.4818,0.2603,0.5354,0.3148,0.2086,0.1573,0.3583,
1.0,0.9987,0.9683,0.967,0.9683,0.9972,0.9945,0.9881,0.9814,0.9242,0.7382,0.9307,0.9072,0.8449,0.8031,0.8558,0.6878,0.8295,0.9373,0.7813,0.6131,0.9504,0.719,0.623,0.5968,0.6154,0.856,0.572,0.6198,0.7816,0.503,0.559,0.3847,0.5913,0.6696,0.5742,0.5159,0.3091,0.4782,0.2556,0.5217,0.3122,0.2022,0.1555,0.3586,
1.0,0.9984,0.9671,0.9655,0.9723,0.997,0.995,0.9897,0.9844,0.9291,0.7396,0.9322,0.9119,0.8379,0.7998,0.8633,0.6828,0.8255,0.9437,0.7905,0.6119,0.9545,0.7281,0.6229,0.6082,0.6199,0.8554,0.563,0.623,0.7857,0.5117,0.5458,0.3836,0.588,0.6807,0.5962,0.5236,0.3131,0.4821,0.2618,0.5245,0.3149,0.2076,0.1686,0.3483,
1.0,0.9992,0.9661,0.9653,0.9693,0.9978,0.9964,0.9907,0.9856,0.9216,0.7332,0.9281,0.9051,0.8371,0.7988,0.8506,0.685,0.8246,0.9398,0.7832,0.6056,0.9529,0.7222,0.6166,0.6046,0.6055,0.8595,0.5678,0.6182,0.7879,0.5079,0.554,0.3919,0.5983,0.6816,0.5774,0.5185,0.3201,0.4867,0.2602,0.5268,0.3159,0.2141,0.1637,0.3625,
1.0,0.9988,0.9669,0.9657,0.9689,0.9978,0.9955,0.9912,0.9861,0.9273,0.7375,0.9307,0.9144,0.8351,0.799,0.8603,0.6794,0.821,0.9375,0.7855,0.6127,0.955,0.7285,0.6173,0.607,0.6124,0.8575,0.5666,0.6255,0.7873,0.5003,0.5463,0.3855,0.5865,0.6704,0.5928,0.5249,0.3079,0.4814,0.2648,0.5238,0.3069,0.2052,0.1659,0.3516,
1.0,0.9988,0.9669,0.9657,0.9687,0.9982,0.9961,0.9913,0.9852,0.9258,0.7373,0.9296,0.9125,0.8409,0.803,0.8567,0.6809,0.8284,0.9422,0.7789,0.6155,0.9548,0.7277,0.6257,0.606,0.6135,0.8517,0.5612,0.6225,0.7828,0.5048,0.5529,0.3828,0.583,0.6672,0.5842,0.5266,0.3166,0.4709,0.2668,0.5176,0.3047,0.2062,0.1657,0.3467,
1.0,0.9988,0.9687,0.9675,0.9687,0.9969,0.9947,0.9908,0.985,0.9277,0.7413,0.9304,0.911,0.8437,0.8033,0.8594,0.6803,0.83,0.9369,0.7768,0.6119,0.9496,0.7226,0.6225,0.5997,0.6133,0.8503,0.5635,0.6203,0.7829,0.4993,0.5491,0.3818,0.578,0.6686,0.5776,0.5128,0.3191,0.4628,0.2598,0.5149,0.3029,0.2069,0.1537,0.3424,
1.0,0.9991,0.9684,0.9675,0.971,0.9969,0.9947,0.9898,0.9849,0.9249,0.7416,0.932,0.9065,0.8421,0.8017,0.8573,0.6871,0.8284,0.9366,0.7826,0.609,0.951,0.7225,0.6229,0.6102,0.6179,0.8517,0.571,0.6237,0.7827,0.5113,0.5554,0.386,0.5903,0.6726,0.5838,0.5192,0.3171,0.4862,0.2633,0.5294,0.3156,0.2086,0.1714,0.3565,
1.0,0.9985,0.9701,0.9686,0.9685,0.9973,0.9945,0.9902,0.9858,0.9253,0.7382,0.9322,0.91,0.8405,0.8033,0.8593,0.6892,0.8284,0.9383,0.7837,0.6104,0.9542,0.7248,0.6212,0.6093,0.6123,0.8582,0.5659,0.63,0.7838,0.5063,0.5586,0.3821,0.5938,0.6805,0.5819,0.5195,0.3155,0.4776,0.2689,0.5252,0.3092,0.2145,0.1618,0.3577,
1.0,0.9987,0.9668,0.9655,0.9689,0.9975,0.9954,0.991,0.9854,0.9242,0.7431,0.9298,0.9104,0.8472,0.8121,0.8559,0.6892,0.8334,0.9356,0.7821,0.6156,0.953,0.7243,0.6251,0.6025,0.6166,0.8543,0.5667,0.6173,0.7857,0.5005,0.5496,0.3852,0.5855,0.6707,0.5853,0.5214,0.3147,0.4783,0.2672,0.5227,0.3154,0.2124,0.1642,0.353,
1.0,0.9986,0.967,0.9656,0.9714,0.9976,0.9954,0.9915,0.986,0.9251,0.7401,0.9316,0.9105,0.8406,0.8045,0.8582,0.6867,0.8281,0.9409,0.7859,0.612,0.9535,0.7225,0.6242,0.6015,0.6175,0.857,0.5681,0.621,0.7831,0.4968,0.5525,0.3864,0.5838,0.6707,0.5829,0.521,0.3109,0.4744,0.2628,0.5203,0.2986,0.2064,0.1656,0.3544,
1.0,0.9994,0.9662,0.9656,0.9669,0.9972,0.9956,0.9912,0.9857,0.9247,0.7402,0.9266,0.9081,0.8438,0.8039,0.8518,0.6846,0.83,0.9406,0.7786,0.608,0.9528,0.7174,0.6148,0.6026,0.6158,0.8519,0.5729,0.617,0.7816,0.5091,0.5564,0.3854,0.5877,0.6714,0.5764,0.5054,0.3246,0.4843,0.2501,0.522,0.316,0.2055,0.1557,0.3608,
1.0,0.999,0.9702,0.9692,0.9717,0.9972,0.9951,0.99,0.9845,0.9265,0.7361,0.9356,0.9096,0.8363,0.798,0.863,0.683,0.8202,0.9383,0.7879,0.6071,0.9502,0.7232,0.6192,0.6043,0.6106,0.8549,0.5598,0.6259,0.7836,0.5146,0.5447,0.3832,0.5873,0.6771,0.5927,0.5212,0.318,0.4719,0.2562,0.5215,0.3134,0.2114,0.163,0.3503,
1.0,0.999,0.9673,0.9663,0.9677,0.9968,0.9939,0.9904,0.9857,0.9237,0.7433,0.9282,0.9065,0.8488,0.8096,0.8534,0.6926,0.8348,0.9388,0.7806,0.6241,0.9509,0.7243,0.6336,0.6092,0.6214,0.852,0.5745,0.6247,0.7754,0.502,0.5561,0.3866,0.5805,0.6649,0.5849,0.5203,0.3164,0.4677,0.2677,0.516,0.3062,0.2034,0.1604,0.3526,
1.0,0.999,0.9674,0.9664,0.9669,0.9976,0.9957,0.9915,0.9863,0.9231,0.7374,0.9285,0.909,0.8398,0.802,0.8525,0.6889,0.8276,0.9436,0.7815,0.6107,0.9527,0.7144,0.6176,0.5944,0.6152,0.86,0.5708,0.6116,0.7725,0.4934,0.5488,0.3747,0.5833,0.6745,0.5751,0.5292,0.3108,0.4722,0.2608,0.5192,0.3024,0.1994,0.1599,0.3544,
1.0,0.9985,0.969,0.9675,0.9706,0.9973,0.9944,0.9892,0.9836,0.922,0.7291,0.9324,0.9048,0.8354,0.7951,0.856,0.6773,0.8218,0.9405,0.7795,0.6043,0.9531,0.7203,0.6183,0.6076,0.6122,0.8549,0.5718,0.6152,0.784,0.5007,0.5549,0.3879,0.5887,0.671,0.5749,0.5177,0.3156,0.4767,0.253,0.5222,0.3094,0.2001,0.1602,0.3439,
1.0,0.9992,0.9652,0.9644,0.9696,0.9967,0.995,0.9906,0.9844,0.9249,0.7361,0.929,0.9085,0.8363,0.7956,0.855,0.6792,0.8236,0.941,0.784,0.6123,0.9539,0.7248,0.6196,0.5993,0.6129,0.8587,0.5697,0.6148,0.7834,0.504,0.5451,0.3798,0.5866,0.6708,0.577,0.5118,0.3111,0.4815,0.254,0.5227,0.3163,0.2036,0.1636,0.3561,
1.0,0.9989,0.9676,0.9665,0.967,0.9969,0.9944,0.99,0.9855,0.9257,0.7397,0.9269,0.9072,0.8423,0.8016,0.8529,0.6836,0.8302,0.9386,0.777,0.6084,0.9476,0.716,0.6161,0.6013,0.6134,0.8507,0.5618,0.6177,0.7788,0.495,0.5492,0.3807,0.5857,0.664,0.5752,0.5112,0.3136,0.4707,0.2615,0.5138,0.3015,0.206,0.1559,0.3534,
1.0,0.9987,0.9661,0.9648,0.9717,0.9969,0.9946,0.9906,0.9865,0.9257,0.7435,0.9317,0.9103,0.8423,0.8084,0.8587,0.6887,0.8313,0.938,0.7878,0.6086,0.951,0.7222,0.6205,0.6055,0.6168,0.8568,0.5687,0.6235,0.7888,0.505,0.5553,0.3811,0.5842,0.6714,0.5831,0.5214,0.32,0.4795,0.2707,0.5293,0.3122,0.219,0.1607,0.3548,
1.0,0.9988,0.9717,0.9705,0.9705,0.9972,0.9948,0.9899,0.9848,0.9222,0.7362,0.935,0.9052,0.8396,0.7983,0.8582,0.6882,0.8252,0.941,0.7811,0.6101,0.9527,0.7184,0.6257,0.6137,0.6169,0.8555,0.5676,0.6236,0.7738,0.5002,0.5573,0.3921,0.5907,0.6783,0.5838,0.5304,0.3147,0.4757,0.2627,0.5291,0.3047,0.2067,0.1718,0.3512,
1.0,0.9988,0.9667,0.9655,0.9711,0.9978,0.9954,0.9894,0.9829,0.9251,0.7414,0.9299,0.9075,0.8438,0.8005,0.8565,0.6836,0.829,0.9395,0.7822,0.6148,0.9526,0.7213,0.6247,0.6048,0.6165,0.8545,0.5706,0.6171,0.7835,0.5127,0.5538,0.3918,0.5892,0.6739,0.5858,0.5161,0.3244,0.4781,0.2511,0.5221,0.3235,0.2101,0.1577,0.3501,
1.0,0.9991,0.9687,0.9678,0.9696,0.9969,0.9946,0.9909,0.9864,0.9216,0.7347,0.9306,0.9048,0.8364,0.7994,0.8536,0.6812,0.825,0.9404,0.7777,0.61,0.9544,0.7235,0.6226,0.6122,0.6074,0.854,0.5584,0.6237,0.7801,0.5022,0.5479,0.3907,0.5985,0.6777,0.5832,0.5162,0.312,0.4817,0.262,0.5269,0.3105,0.2101,0.1607,0.3566,
1.0,0.9989,0.9663,0.9652,0.9721,0.9979,0.9957,0.9905,0.9846,0.9271,0.7495,0.9309,0.9111,0.8492,0.8092,0.8589,0.6952,0.8347,0.9419,0.7896,0.6217,0.9544,0.7253,0.6325,0.6087,0.6299,0.8595,0.5806,0.622,0.7892,0.5098,0.5604,0.3896,0.5886,0.6769,0.5902,0.5273,0.3271,0.4873,0.2687,0.5287,0.317,0.2094,0.1655,0.3625,
1.0,0.9989,0.969,0.9679,0.969,0.9976,0.9953,0.9908,0.9859,0.9228,0.7379,0.9308,0.9065,0.8408,0.8071,0.855,0.6898,0.8282,0.9429,0.7812,0.6144,0.9517,0.7185,0.6273,0.6025,0.6195,0.8556,0.57,0.6151,0.785,0.5069,0.5594,0.3878,0.5863,0.6751,0.5778,0.5241,0.3151,0.4813,0.2644,0.5286,0.3113,0.2115,0.1695,0.3528,
1.0,0.9995,0.9672,0.9667,0.9723,0.9976,0.9958,0.991,0.9859,0.9212,0.7371,0.9336,0.9051,0.8396,0.8022,0.8566,0.689,0.8262,0.9397,0.7848,0.6063,0.9532,0.7175,0.6226,0.6117,0.6164,0.8582,0.5702,0.6153,0.7834,0.5079,0.5541,0.388,0.5867,0.6734,0.5796,0.524,0.3143,0.4716,0.2556,0.5161,0.3098,0.206,0.1657,0.3549,
1.0,0.9985,0.9689,0.9674,0.9673,0.9972,0.9944,0.9892,0.9829,0.9255,0.7336,0.9301,0.9089,0.8366,0.7988,0.8565,0.6836,0.8211,0.9379,0.7835,0.6088,0.9529,0.7255,0.6149,0.6081,0.6112,0.8606,0.565,0.6284,0.7814,0.4981,0.5502,0.3865,0.5956,0.68,0.5848,0.527,0.3088,0.4835,0.2619,0.529,0.3093,0.2095,0.1634,0.3631,
1.0,0.9988,0.9674,0.9662,0.972,0.998,0.9959,0.9908,0.9848,0.9215,0.7392,0.9333,0.9069,0.8414,0.802,0.8564,0.6831,0.8268,0.9396,0.7784,0.6161,0.9551,0.7296,0.6285,0.61,0.6078,0.8597,0.5645,0.6264,0.7855,0.5126,0.5427,0.3988,0.5913,0.6814,0.5891,0.5219,0.3214,0.4903,0.2584,0.5315,0.3262,0.2172,0.1631,0.3617,
1.0,0.9987,0.9666,0.9653,0.9737,0.9968,0.9952,0.9927,0.9871,0.9241,0.7337,0.9332,0.9095,0.8303,0.7946,0.8581,0.6738,0.8177,0.9403,0.7844,0.6027,0.9564,0.7225,0.6145,0.6082,0.6103,0.853,0.5549,0.62,0.7927,0.5123,0.5526,0.3894,0.6,0.6839,0.5848,0.5318,0.3181,0.4699,0.2607,0.5217,0.3194,0.2152,0.168,0.3472,
1.0,0.9993,0.9721,0.9714,0.9717,0.9965,0.9945,0.9905,0.9855,0.928,0.7425,0.9376,0.9105,0.8385,0.7992,0.8662,0.6852,0.8256,0.9426,0.7873,0.6171,0.9528,0.729,0.6287,0.6186,0.6191,0.8549,0.5695,0.6298,0.7875,0.5098,0.559,0.3926,0.5937,0.6826,0.5895,0.5183,0.3164,0.4703,0.2673,0.5183,0.3166,0.2155,0.1649,0.3508,
1.0,0.9993,0.9683,0.9676,0.9697,0.997,0.9954,0.9898,0.9832,0.9262,0.7437,0.9332,0.9103,0.8458,0.8082,0.8601,0.6872,0.8311,0.9371,0.7852,0.617,0.9508,0.7247,0.6247,0.6042,0.6226,0.8527,0.5655,0.6225,0.7828,0.5068,0.5567,0.3908,0.5963,0.6777,0.5845,0.5114,0.318,0.4776,0.2619,0.5243,0.3188,0.2177,0.1634,0.363,
1.0,0.9997,0.9698,0.9695,0.9688,0.9962,0.9948,0.9922,0.9859,0.9219,0.7343,0.933,0.9058,0.839,0.8021,0.856,0.6849,0.8252,0.9412,0.7793,0.6121,0.9498,0.7222,0.6266,0.6043,0.611,0.8543,0.5629,0.6173,0.7776,0.4978,0.5466,0.3881,0.584,0.6713,0.5777,0.5116,0.3073,0.4737,0.2552,0.5221,0.3075,0.2014,0.1622,0.3556,
1.0,0.9988,0.9649,0.9637,0.9677,0.9978,0.9954,0.9895,0.9836,0.9263,0.7358,0.9251,0.9092,0.841,0.7997,0.8531,0.6827,0.8272,0.9414,0.781,0.6145,0.9544,0.7241,0.6218,0.6013,0.6146,0.8547,0.572,0.6167,0.7794,0.5067,0.5544,0.3852,0.5894,0.6765,0.5825,0.5281,0.3231,0.4825,0.2594,0.5258,0.3128,0.2103,0.167,0.3575,
1.0,0.9987,0.9659,0.9646,0.9698,0.9962,0.9938,0.9912,0.9868,0.9226,0.7427,0.9288,0.906,0.8423,0.8032,0.8536,0.6846,0.8306,0.9405,0.7798,0.6164,0.9537,0.7264,0.626,0.6091,0.6132,0.8591,0.5642,0.6184,0.7738,0.4997,0.5442,0.3955,0.5931,0.673,0.5788,0.5137,0.3185,0.4879,0.2564,0.5301,0.3102,0.2022,0.1604,0.361,
1.0,0.9989,0.9692,0.9681,0.9675,0.9966,0.994,0.9902,0.9844,0.9173,0.7279,0.9308,0.9019,0.8351,0.7989,0.849,0.679,0.8202,0.9397,0.7747,0.6065,0.952,0.7219,0.6233,0.6103,0.607,0.8509,0.558,0.6198,0.7714,0.4986,0.5485,0.3938,0.591,0.6729,0.5832,0.5208,0.3122,0.4763,0.255,0.5199,0.3053,0.2029,0.167,0.3479,
1.0,0.9991,0.9673,0.9664,0.9713,0.997,0.9955,0.9904,0.9847,0.9239,0.7345,0.9329,0.908,0.8381,0.8011,0.8593,0.6786,0.8236,0.937,0.7828,0.6052,0.9529,0.7218,0.6162,0.6086,0.6082,0.8529,0.5572,0.6219,0.7837,0.5089,0.5465,0.3969,0.5929,0.6729,0.5845,0.5165,0.3148,0.483,0.2572,0.522,0.3183,0.2126,0.1618,0.3599,
1.0,0.9988,0.9682,0.967,0.9684,0.996,0.9939,0.9905,0.9858,0.9229,0.7373,0.9302,0.9064,0.8417,0.8035,0.8543,0.6849,0.8301,0.9412,0.7796,0.6185,0.9503,0.7253,0.6306,0.6119,0.6146,0.8543,0.5692,0.6301,0.7794,0.5057,0.556,0.3967,0.5966,0.6745,0.5873,0.5106,0.3175,0.4838,0.2649,0.5264,0.3141,0.2053,0.1678,0.353,
1.0,0.9993,0.9671,0.9664,0.9706,0.9965,0.995,0.9921,0.9851,0.9225,0.7296,0.9321,0.907,0.8335,0.795,0.8556,0.6735,0.819,0.9384,0.7797,0.6071,0.9531,0.7245,0.6203,0.608,0.6053,0.8545,0.5557,0.6198,0.778,0.5038,0.5398,0.3866,0.583,0.672,0.5795,0.5128,0.3112,0.4747,0.2554,0.5239,0.304,0.2052,0.1572,0.3403,
1.0,0.9982,0.9689,0.9671,0.9692,0.9971,0.9943,0.9907,0.9862,0.9227,0.734,0.9305,0.9072,0.8376,0.7996,0.8536,0.6826,0.8236,0.9391,0.777,0.605,0.9506,0.7224,0.6188,0.6052,0.605,0.8545,0.5516,0.6254,0.7822,0.5105,0.5461,0.3981,0.6017,0.6775,0.5836,0.5102,0.3221,0.4792,0.255,0.525,0.3199,0.2114,0.1601,0.3575,
1.0,0.9992,0.9635,0.9627,0.9657,0.9973,0.9957,0.9922,0.9871,0.9264,0.7286,0.922,0.9104,0.8288,0.7902,0.8509,0.6705,0.8168,0.9383,0.7752,0.603,0.9563,0.7262,0.6091,0.6026,0.5989,0.8528,0.5474,0.6201,0.777,0.5,0.535,0.382,0.5823,0.669,0.5793,0.5179,0.3071,0.479,0.2566,0.5141,0.3002,0.197,0.1648,0.3463,
1.0,0.9991,0.9686,0.9677,0.9705,0.9975,0.9958,0.9904,0.9846,0.922,0.7322,0.9331,0.9066,0.8379,0.7989,0.8568,0.677,0.8247,0.9392,0.7755,0.6105,0.954,0.7258,0.6244,0.6156,0.6099,0.8507,0.5623,0.62,0.7777,0.5024,0.5478,0.394,0.5909,0.6783,0.5844,0.5164,0.3126,0.4678,0.251,0.5166,0.3081,0.2058,0.163,0.3454,
1.0,0.9987,0.9662,0.9649,0.9684,0.9981,0.9956,0.9907,0.9852,0.9308,0.7416,0.9285,0.9164,0.8401,0.802,0.8605,0.6798,0.8267,0.9383,0.7853,0.6152,0.9537,0.7272,0.6187,0.6012,0.6156,0.8525,0.5609,0.6219,0.7825,0.5017,0.548,0.3832,0.5874,0.6698,0.5838,0.5138,0.3094,0.474,0.2614,0.5175,0.3087,0.2006,0.1549,0.3506,
1.0,0.9988,0.9682,0.967,0.9693,0.9963,0.9938,0.99,0.9857,0.924,0.738,0.9302,0.9061,0.8391,0.8032,0.8555,0.6905,0.8271,0.9432,0.787,0.6094,0.9505,0.7204,0.6247,0.6041,0.6199,0.8584,0.5749,0.6171,0.7845,0.5075,0.5557,0.3889,0.5887,0.6774,0.5748,0.5219,0.3179,0.48,0.2628,0.5252,0.3113,0.2111,0.1591,0.3528,
1.0,0.999,0.967,0.966,0.9677,0.9962,0.994,0.9903,0.9857,0.9228,0.7376,0.9292,0.9059,0.8418,0.8042,0.8536,0.6838,0.8303,0.9397,0.7778,0.6109,0.9511,0.7168,0.6211,0.5962,0.6132,0.8541,0.5645,0.6154,0.774,0.4958,0.5472,0.3793,0.5898,0.6709,0.5778,0.5205,0.3107,0.4844,0.2624,0.5242,0.3029,0.2039,0.1591,0.3563,
1.0,0.9994,0.968,0.9674,0.9693,0.9974,0.9961,0.9916,0.9853,0.9253,0.7406,0.9316,0.9098,0.842,0.8031,0.8586,0.6832,0.8287,0.941,0.78,0.6192,0.9545,0.7282,0.6299,0.6133,0.6142,0.8534,0.5671,0.6289,0.7774,0.4964,0.5513,0.385,0.594,0.6804,0.5934,0.5164,0.3177,0.4801,0.2628,0.5268,0.3013,0.206,0.1691,0.3481,
1.0,0.9986,0.9695,0.9681,0.9664,0.9978,0.9956,0.9899,0.9846,0.9259,0.7363,0.9287,0.9097,0.8413,0.8022,0.8557,0.687,0.8295,0.9427,0.7799,0.6202,0.9526,0.7296,0.6302,0.6041,0.6144,0.854,0.5671,0.6252,0.7786,0.5071,0.5584,0.3908,0.5883,0.6784,0.5794,0.509,0.3162,0.4696,0.2619,0.526,0.3011,0.2078,0.1634,0.3544,
1.0,0.999,0.9664,0.9654,0.9711,0.9967,0.9951,0.9925,0.9862,0.9231,0.7361,0.9319,0.9091,0.8388,0.8022,0.8561,0.6848,0.8271,0.9415,0.7867,0.6123,0.9555,0.7241,0.6251,0.6128,0.6166,0.8606,0.5686,0.6228,0.7821,0.5133,0.5479,0.3919,0.5824,0.6718,0.5835,0.5197,0.3215,0.4826,0.261,0.5155,0.3175,0.2095,0.1604,0.3519,
1.0,0.9981,0.9681,0.9662,0.9688,0.997,0.994,0.9886,0.9833,0.9274,0.7395,0.9309,0.9113,0.8422,0.804,0.8588,0.691,0.8294,0.942,0.7926,0.6157,0.9488,0.723,0.6245,0.6024,0.6201,0.8621,0.5779,0.623,0.7859,0.5043,0.5605,0.3849,0.5875,0.6742,0.5798,0.5235,0.3158,0.4895,0.2641,0.5349,0.3109,0.2055,0.1695,0.3635,
1.0,0.999,0.9695,0.9685,0.9706,0.9976,0.9961,0.9903,0.985,0.9234,0.7333,0.9335,0.9065,0.835,0.7968,0.8578,0.6838,0.8226,0.9441,0.7849,0.6097,0.9515,0.7274,0.624,0.6198,0.6157,0.862,0.5699,0.6303,0.7869,0.5053,0.5517,0.3936,0.5989,0.6775,0.5889,0.5137,0.3196,0.4851,0.2583,0.5295,0.321,0.2057,0.164,0.3657,
1.0,0.9993,0.9681,0.9674,0.9691,0.9969,0.9953,0.9894,0.984,0.9203,0.7335,0.9316,0.9036,0.8409,0.8008,0.8522,0.6896,0.8279,0.9425,0.7833,0.609,0.9495,0.7161,0.6232,0.6086,0.6158,0.8603,0.5779,0.6115,0.7786,0.5056,0.5522,0.3936,0.5902,0.6698,0.5764,0.5304,0.3216,0.4869,0.2624,0.5303,0.321,0.2055,0.1731,0.3609,
1.0,0.9987,0.9653,0.964,0.9675,0.9976,0.9951,0.9899,0.9868,0.9202,0.7345,0.9265,0.9051,0.8392,0.8029,0.8484,0.6902,0.8293,0.9411,0.7823,0.6042,0.9511,0.7166,0.6167,0.5977,0.6059,0.8637,0.564,0.6078,0.7764,0.4911,0.5403,0.3743,0.585,0.6739,0.5767,0.5198,0.3106,0.4793,0.2558,0.5292,0.3032,0.2078,0.154,0.354,
1.0,0.9994,0.9665,0.9659,0.9733,0.9974,0.9961,0.9905,0.9842,0.923,0.734,0.9343,0.9073,0.8341,0.7951,0.8583,0.6732,0.8203,0.9414,0.7815,0.6081,0.9516,0.7235,0.6216,0.6096,0.6136,0.8528,0.5603,0.6209,0.7808,0.5047,0.5506,0.3958,0.5967,0.6782,0.587,0.5151,0.3171,0.4783,0.256,0.5255,0.3106,0.2085,0.1627,0.3511,
1.0,0.9991,0.9673,0.9664,0.9667,0.9972,0.995,0.9907,0.985,0.9213,0.7292,0.9275,0.9049,0.8366,0.7985,0.8509,0.6785,0.8231,0.9419,0.7736,0.6095,0.9557,0.7232,0.6202,0.6061,0.6072,0.8525,0.567,0.6202,0.7793,0.5095,0.5479,0.3875,0.5937,0.6727,0.5858,0.5235,0.3206,0.4862,0.2567,0.5187,0.3149,0.2078,0.169,0.3556,
1.0,0.9989,0.9682,0.9671,0.9724,0.9974,0.9954,0.9914,0.9871,0.9224,0.7433,0.9347,0.9078,0.8423,0.8042,0.8573,0.6842,0.8294,0.9408,0.7791,0.6101,0.9528,0.7189,0.6255,0.6057,0.6167,0.8495,0.5669,0.6227,0.7774,0.4991,0.553,0.3871,0.592,0.6779,0.5814,0.5209,0.3118,0.4811,0.2615,0.5236,0.305,0.2017,0.1684,0.3632,
1.0,0.9987,0.9675,0.9662,0.9715,0.9976,0.9949,0.9906,0.9857,0.9265,0.743,0.9319,0.9108,0.8408,0.8035,0.8597,0.6826,0.8266,0.9404,0.7828,0.6177,0.9532,0.7269,0.627,0.6137,0.6198,0.85,0.5657,0.6301,0.785,0.5113,0.5523,0.394,0.5953,0.6751,0.5892,0.518,0.324,0.4812,0.2651,0.5219,0.319,0.2081,0.1692,0.3539,
1.0,0.9984,0.9692,0.9676,0.9691,0.9974,0.9946,0.9915,0.9869,0.9227,0.7407,0.9312,0.9081,0.8436,0.8081,0.856,0.6898,0.8311,0.9443,0.7787,0.6152,0.9559,0.7192,0.6257,0.6051,0.622,0.8551,0.5706,0.6158,0.7783,0.5055,0.5569,0.3878,0.5895,0.6813,0.5805,0.5302,0.3185,0.4729,0.2658,0.522,0.311,0.2099,0.1675,0.3521,
1.0,0.9987,0.9663,0.965,0.9711,0.9973,0.9954,0.9899,0.9839,0.9217,0.7326,0.9317,0.9057,0.8383,0.7979,0.8548,0.6779,0.8256,0.9386,0.7803,0.6108,0.9556,0.7285,0.6236,0.6118,0.6046,0.8555,0.5623,0.6246,0.7814,0.5007,0.5518,0.3838,0.5969,0.6794,0.5872,0.5185,0.3111,0.4775,0.2665,0.516,0.3055,0.2046,0.1675,0.3537,
1.0,0.9984,0.9701,0.9685,0.971,0.9977,0.9952,0.9906,0.9852,0.9225,0.7315,0.9337,0.9071,0.8342,0.7954,0.8581,0.6817,0.8224,0.9403,0.7825,0.6031,0.9545,0.7215,0.6197,0.6089,0.6116,0.8582,0.5638,0.6184,0.7858,0.5051,0.553,0.3988,0.5973,0.6834,0.5779,0.5237,0.3243,0.4866,0.2571,0.5381,0.3164,0.216,0.1697,0.3583,
1.0,0.9991,0.9661,0.9652,0.9708,0.9979,0.9964,0.9913,0.9844,0.9202,0.7387,0.9311,0.9062,0.8447,0.8056,0.8528,0.6845,0.8312,0.9399,0.7767,0.6167,0.9547,0.7199,0.629,0.6048,0.6164,0.8521,0.5707,0.6197,0.7804,0.4992,0.5521,0.3822,0.5913,0.6756,0.5803,0.5083,0.32,0.4724,0.2532,0.5149,0.3055,0.209,0.1579,0.3536,
1.0,0.9986,0.9707,0.9693,0.9685,0.9978,0.9952,0.9911,0.9841,0.9261,0.7376,0.932,0.911,0.8385,0.7979,0.8589,0.6834,0.8246,0.9418,0.7808,0.6139,0.9576,0.7256,0.6279,0.6068,0.618,0.8547,0.5706,0.6214,0.7859,0.503,0.5609,0.3842,0.5861,0.6826,0.5813,0.5262,0.3206,0.4721,0.2642,0.5273,0.3054,0.2107,0.1605,0.3519,
1.0,0.999,0.9678,0.9668,0.9716,0.9981,0.9958,0.9889,0.9834,0.9233,0.7394,0.9323,0.9062,0.842,0.8023,0.8563,0.6878,0.8286,0.9402,0.7844,0.6142,0.9504,0.7215,0.626,0.6073,0.6175,0.8548,0.5711,0.6218,0.7872,0.5045,0.554,0.3819,0.5875,0.678,0.5774,0.5122,0.3213,0.4688,0.2548,0.5245,0.3069,0.208,0.1622,0.3529,
1.0,0.9985,0.9652,0.9637,0.9679,0.9977,0.9955,0.9907,0.9838,0.9206,0.7325,0.9264,0.9055,0.8426,0.8049,0.8489,0.6875,0.8281,0.9363,0.7806,0.6089,0.953,0.7199,0.6206,0.5955,0.6069,0.859,0.5686,0.6127,0.7815,0.5051,0.5486,0.3828,0.5893,0.6674,0.5717,0.5207,0.3203,0.4758,0.2649,0.5226,0.3086,0.2073,0.1554,0.3502,
1.0,0.9987,0.9689,0.9676,0.9684,0.9975,0.9956,0.991,0.9842,0.9254,0.7362,0.9307,0.9096,0.8391,0.8018,0.8574,0.6905,0.8257,0.942,0.7883,0.6154,0.9553,0.7324,0.6255,0.6073,0.61,0.8646,0.563,0.6256,0.7789,0.5,0.5455,0.3836,0.5953,0.6814,0.5867,0.5193,0.3114,0.489,0.2597,0.5319,0.3069,0.2032,0.1587,0.3615,
1.0,0.9986,0.9668,0.9654,0.9709,0.9968,0.9945,0.9911,0.986,0.927,0.7405,0.9312,0.9117,0.8398,0.8035,0.8595,0.6883,0.8275,0.9382,0.7904,0.6112,0.954,0.727,0.6202,0.607,0.6152,0.8616,0.5698,0.6225,0.784,0.5081,0.5535,0.3896,0.59,0.6777,0.5847,0.5178,0.3174,0.4812,0.2616,0.5312,0.3182,0.2119,0.1546,0.3562,
1.0,0.9988,0.9715,0.9703,0.9699,0.9967,0.9944,0.9895,0.985,0.9226,0.74,0.936,0.906,0.8446,0.8072,0.8594,0.6963,0.8317,0.9403,0.7862,0.6131,0.9503,0.7217,0.6296,0.6033,0.6191,0.8608,0.573,0.6218,0.7764,0.5023,0.5574,0.3922,0.586,0.6725,0.573,0.5208,0.3118,0.4702,0.2663,0.526,0.3031,0.2042,0.1619,0.3527,
1.0,0.9996,0.9657,0.9653,0.9695,0.9978,0.9964,0.9919,0.9868,0.9264,0.7391,0.9293,0.9115,0.8357,0.7986,0.8569,0.6821,0.8236,0.9433,0.7854,0.6151,0.9561,0.7282,0.6226,0.6125,0.6175,0.8623,0.572,0.6295,0.7872,0.5043,0.5538,0.3856,0.6004,0.6829,0.5883,0.5249,0.3136,0.4897,0.2698,0.5315,0.3149,0.2107,0.1632,0.3654,
1.0,0.9994,0.9684,0.9678,0.9677,0.997,0.9953,0.9911,0.9864,0.924,0.7408,0.9302,0.9082,0.8442,0.8097,0.8551,0.6955,0.8317,0.9387,0.7832,0.6163,0.9532,0.7253,0.6258,0.6048,0.6174,0.8596,0.5665,0.6221,0.7819,0.5065,0.5552,0.3876,0.5941,0.6829,0.5797,0.5211,0.3205,0.4734,0.2698,0.5261,0.3122,0.2129,0.165,0.3576,
1.0,0.9986,0.9671,0.9657,0.9695,0.9973,0.995,0.9906,0.9841,0.9256,0.738,0.9309,0.9112,0.8404,0.802,0.8575,0.6831,0.8268,0.9404,0.7848,0.6138,0.9533,0.729,0.623,0.6054,0.6162,0.8576,0.5693,0.6219,0.7851,0.5064,0.5487,0.3851,0.5877,0.6743,0.5871,0.5237,0.3186,0.4763,0.2615,0.5198,0.3116,0.2062,0.1664,0.3442,
1.0,0.9992,0.9684,0.9676,0.9725,0.9973,0.9961,0.9908,0.9852,0.9245,0.7309,0.9347,0.9088,0.8314,0.7919,0.8598,0.6737,0.8198,0.9465,0.7824,0.6071,0.9552,0.72,0.6212,0.6056,0.612,0.8497,0.5586,0.6158,0.7818,0.5083,0.547,0.3879,0.5919,0.6793,0.5877,0.5269,0.3102,0.4757,0.255,0.5208,0.3126,0.2054,0.1622,0.3479,
1.0,0.9982,0.9649,0.9631,0.9704,0.998,0.9954,0.9913,0.986,0.9181,0.7319,0.9278,0.9035,0.8391,0.8018,0.847,0.6831,0.8269,0.9405,0.7782,0.6043,0.9555,0.7154,0.6192,0.603,0.6089,0.8581,0.5662,0.6123,0.7793,0.4961,0.5498,0.3801,0.5839,0.675,0.5814,0.5314,0.3091,0.479,0.2631,0.5213,0.3107,0.2073,0.1662,0.3577,
1.0,0.9985,0.9665,0.965,0.971,0.9972,0.9943,0.9892,0.9842,0.9266,0.7378,0.9309,0.9097,0.8389,0.8013,0.8597,0.6878,0.8253,0.9388,0.7927,0.611,0.9512,0.7244,0.622,0.6048,0.6158,0.8603,0.5669,0.6199,0.781,0.4952,0.5499,0.3871,0.5851,0.6775,0.586,0.5164,0.3083,0.4716,0.2594,0.5287,0.3068,0.204,0.1558,0.3533,
1.0,0.9995,0.965,0.9645,0.9698,0.9982,0.9968,0.9894,0.9828,0.9246,0.731,0.9294,0.909,0.835,0.7968,0.8547,0.6752,0.8208,0.94,0.783,0.6064,0.955,0.7234,0.6147,0.6081,0.6158,0.8538,0.5684,0.6145,0.7866,0.5159,0.5502,0.3873,0.5825,0.6708,0.5741,0.5157,0.3145,0.4802,0.2489,0.5206,0.3169,0.2067,0.1605,0.3478,
1.0,0.9984,0.968,0.9664,0.9697,0.9974,0.9944,0.9903,0.9844,0.9258,0.7366,0.93,0.9097,0.8379,0.8005,0.8575,0.6846,0.8243,0.9417,0.7864,0.6162,0.9522,0.7219,0.6226,0.6005,0.6141,0.8587,0.5604,0.6215,0.7862,0.5042,0.5509,0.383,0.5861,0.6751,0.5809,0.5203,0.3151,0.4761,0.2645,0.5316,0.3128,0.2085,0.1545,0.3552,
1.0,0.9992,0.967,0.9662,0.9682,0.9973,0.9954,0.9911,0.9855,0.9192,0.736,0.9275,0.9023,0.8437,0.8037,0.8482,0.6806,0.8307,0.9421,0.7713,0.6112,0.9542,0.7196,0.6274,0.6092,0.6143,0.8481,0.5679,0.6162,0.7711,0.4919,0.5534,0.3835,0.5818,0.6641,0.5781,0.5163,0.3143,0.4695,0.2567,0.5115,0.2948,0.1926,0.1602,0.3474,
1.0,0.9987,0.97,0.9687,0.9695,0.998,0.9952,0.991,0.9851,0.9228,0.7316,0.9338,0.9092,0.8353,0.7973,0.8576,0.6825,0.8207,0.9397,0.7802,0.6075,0.9545,0.7206,0.6188,0.6011,0.606,0.8589,0.5607,0.6156,0.7831,0.5011,0.5455,0.3812,0.5864,0.6721,0.5777,0.5216,0.3135,0.4766,0.2546,0.5217,0.3069,0.2078,0.1644,0.3482,
1.0,0.9984,0.9685,0.9669,0.9706,0.9981,0.9953,0.9894,0.9832,0.9226,0.7355,0.9313,0.9061,0.8408,0.7999,0.8548,0.6835,0.8269,0.9419,0.7807,0.6158,0.9512,0.7252,0.629,0.6098,0.6129,0.8558,0.5609,0.625,0.7814,0.5037,0.5541,0.3947,0.5969,0.6807,0.5842,0.5134,0.3204,0.4807,0.2642,0.5242,0.3137,0.207,0.1552,0.3597,
1.0,0.9987,0.9666,0.9653,0.9705,0.9977,0.9957,0.9913,0.9849,0.9216,0.7339,0.9308,0.9071,0.8373,0.8003,0.8545,0.6866,0.8227,0.9367,0.7864,0.6062,0.9512,0.7196,0.6223,0.6081,0.6119,0.8603,0.5673,0.6277,0.7846,0.5028,0.5539,0.3849,0.5918,0.6764,0.5851,0.5147,0.3115,0.4842,0.2686,0.5366,0.3085,0.2108,0.1597,0.359,
1.0,0.9989,0.9696,0.9685,0.9683,0.997,0.9945,0.9891,0.9845,0.9239,0.7399,0.9312,0.9062,0.8451,0.8065,0.856,0.6906,0.8308,0.9409,0.7814,0.6131,0.946,0.711,0.6242,0.5964,0.6179,0.8557,0.5718,0.6171,0.7799,0.5017,0.5561,0.377,0.5884,0.6697,0.57,0.5153,0.3108,0.4769,0.2586,0.5219,0.3062,0.207,0.154,0.3576,
1.0,0.999,0.9653,0.9643,0.9693,0.9964,0.9944,0.9889,0.9822,0.92,0.7292,0.9288,0.9029,0.8356,0.7938,0.8517,0.6755,0.8205,0.9405,0.7772,0.6108,0.9496,0.725,0.6232,0.6168,0.6094,0.8566,0.5671,0.6226,0.777,0.4991,0.5475,0.3939,0.5929,0.668,0.5898,0.5226,0.319,0.4869,0.262,0.52,0.3165,0.2005,0.1688,0.3561,
1.0,0.9989,0.9672,0.9661,0.9695,0.9978,0.9956,0.9896,0.9837,0.9221,0.738,0.9297,0.9053,0.842,0.8035,0.8531,0.6902,0.8283,0.9404,0.788,0.6163,0.9535,0.7242,0.6266,0.5976,0.6163,0.8605,0.5724,0.6173,0.7811,0.5067,0.5534,0.3845,0.5886,0.676,0.5767,0.529,0.3072,0.4737,0.2645,0.5226,0.3108,0.2055,0.161,0.3539,
1.0,0.9981,0.9683,0.9664,0.9704,0.9966,0.9935,0.9891,0.985,0.9228,0.7336,0.9313,0.9049,0.8375,0.797,0.8564,0.6793,0.8254,0.9446,0.7772,0.6085,0.9484,0.7217,0.623,0.6062,0.6131,0.8538,0.569,0.6226,0.782,0.5043,0.5546,0.3878,0.591,0.6761,0.5797,0.5164,0.3217,0.4749,0.2559,0.5254,0.3064,0.2057,0.1606,0.3532,
1.0,0.9985,0.9692,0.9677,0.9688,0.9969,0.9948,0.9894,0.9837,0.9231,0.7363,0.9307,0.9059,0.8404,0.8014,0.8545,0.6852,0.8283,0.9381,0.782,0.6094,0.9535,0.7242,0.6212,0.6091,0.6134,0.8548,0.5669,0.6182,0.7816,0.504,0.5484,0.3857,0.5971,0.6706,0.5809,0.5107,0.3153,0.4758,0.2606,0.5236,0.3065,0.2027,0.1586,0.3513,
1.0,0.9992,0.9677,0.9669,0.9689,0.9977,0.9962,0.9913,0.9855,0.9215,0.7329,0.9303,0.906,0.8392,0.8015,0.8537,0.6842,0.8264,0.9411,0.7796,0.6091,0.9547,0.7243,0.623,0.5982,0.6047,0.8586,0.5581,0.6118,0.7831,0.5095,0.5425,0.3886,0.5833,0.6751,0.5762,0.5219,0.3236,0.4828,0.253,0.5214,0.3162,0.2073,0.1676,0.3562,
1.0,0.9993,0.971,0.9703,0.9699,0.9969,0.995,0.99,0.9845,0.9233,0.7372,0.937,0.9082,0.8421,0.8062,0.862,0.6911,0.8286,0.9366,0.7876,0.6104,0.9535,0.7238,0.6234,0.6142,0.6125,0.8586,0.5697,0.6267,0.7829,0.5186,0.5573,0.4024,0.6025,0.6762,0.5833,0.5215,0.331,0.4898,0.2692,0.5318,0.3262,0.2162,0.1678,0.3598,
1.0,0.9996,0.9687,0.9683,0.9676,0.9982,0.997,0.9908,0.9837,0.9241,0.7367,0.9305,0.9084,0.8414,0.802,0.8556,0.693,0.8276,0.9396,0.7869,0.6113,0.9551,0.7183,0.6226,0.6016,0.6181,0.8628,0.5752,0.6132,0.7781,0.5008,0.5567,0.3863,0.5945,0.6753,0.5717,0.5285,0.3233,0.4845,0.2639,0.5278,0.3083,0.2092,0.1654,0.3505,
1.0,0.9986,0.9662,0.9648,0.9708,0.9979,0.9958,0.9916,0.984,0.9189,0.7314,0.9309,0.9056,0.8406,0.8029,0.8517,0.6861,0.8264,0.941,0.7818,0.6128,0.9571,0.7232,0.6287,0.6034,0.6069,0.8606,0.5692,0.6195,0.7807,0.5027,0.5532,0.3842,0.5961,0.6714,0.5828,0.5138,0.3123,0.4852,0.2545,0.5218,0.3105,0.2018,0.1589,0.3609,
1.0,0.9991,0.9658,0.9649,0.9711,0.9967,0.9947,0.9911,0.9856,0.9243,0.7389,0.9301,0.908,0.8387,0.7972,0.8546,0.6792,0.8252,0.9396,0.7797,0.6084,0.9487,0.7184,0.6222,0.6046,0.6151,0.8522,0.5631,0.6176,0.7751,0.5017,0.5543,0.3926,0.587,0.6763,0.5738,0.5195,0.3182,0.4679,0.2591,0.5225,0.3056,0.2104,0.1608,0.3468,
1.0,0.9986,0.9669,0.9655,0.9695,0.997,0.9945,0.989,0.9831,0.9208,0.7328,0.9292,0.9029,0.8368,0.7952,0.852,0.6744,0.8236,0.9378,0.7745,0.6092,0.9508,0.7219,0.6216,0.6071,0.6128,0.8503,0.5616,0.6163,0.7791,0.5015,0.5471,0.3878,0.5936,0.6714,0.579,0.5222,0.316,0.4832,0.2588,0.5188,0.3121,0.2075,0.1733,0.3514,
1.0,0.9988,0.9682,0.967,0.9698,0.997,0.9944,0.9898,0.9837,0.9222,0.7336,0.9308,0.9053,0.8385,0.8002,0.8548,0.6901,0.8237,0.9371,0.7888,0.6039,0.9509,0.7195,0.6192,0.6035,0.6103,0.8633,0.5677,0.6192,0.7832,0.5002,0.5452,0.387,0.5979,0.6765,0.5801,0.5179,0.3132,0.4876,0.257,0.5333,0.3157,0.21,0.1587,0.3662,
1.0,0.9988,0.9682,0.967,0.971,0.9971,0.995,0.9891,0.9827,0.9262,0.7354,0.9327,0.9087,0.8379,0.7966,0.8604,0.6802,0.8226,0.9345,0.7865,0.6036,0.9489,0.7144,0.613,0.6067,0.6149,0.8557,0.5654,0.622,0.7825,0.4998,0.551,0.3854,0.5864,0.6725,0.5761,0.516,0.3095,0.4784,0.257,0.532,0.3084,0.2084,0.1604,0.3543,
1.0,0.9989,0.9647,0.9636,0.9679,0.9971,0.9947,0.9912,0.9862,0.9222,0.737,0.9271,0.9079,0.84,0.8043,0.8515,0.6884,0.8267,0.9405,0.7852,0.6132,0.9509,0.7201,0.6195,0.596,0.6128,0.8594,0.5684,0.6171,0.7766,0.4908,0.545,0.382,0.585,0.6749,0.5825,0.5248,0.3146,0.4806,0.2624,0.5236,0.3016,0.2,0.1632,0.357,
1.0,0.9988,0.9685,0.9673,0.9688,0.997,0.9943,0.9922,0.9877,0.9247,0.7311,0.9311,0.9097,0.8314,0.7953,0.8573,0.6783,0.8187,0.9408,0.7838,0.6015,0.9517,0.7152,0.6119,0.6028,0.608,0.8559,0.5562,0.6197,0.779,0.4911,0.5412,0.3799,0.5905,0.6743,0.5768,0.5194,0.3069,0.48,0.2583,0.5233,0.3095,0.2053,0.1629,0.3526,
1.0,0.999,0.9681,0.9671,0.9687,0.9967,0.995,0.9911,0.9863,0.9242,0.7283,0.9314,0.9087,0.8308,0.7924,0.8567,0.6791,0.8179,0.9411,0.7867,0.6039,0.954,0.7245,0.6118,0.6091,0.6058,0.8643,0.5728,0.6171,0.7854,0.5026,0.5463,0.3922,0.5888,0.6726,0.5841,0.5252,0.3102,0.485,0.2586,0.5186,0.3094,0.206,0.1617,0.3582,
1.0,0.999,0.9669,0.9659,0.9692,0.9959,0.9944,0.9921,0.9871,0.9235,0.7404,0.9307,0.9092,0.8415,0.8075,0.8541,0.6918,0.8296,0.9429,0.7882,0.6191,0.9552,0.7271,0.6255,0.605,0.6113,0.8611,0.571,0.6212,0.7821,0.5009,0.5467,0.3881,0.5916,0.6782,0.5907,0.528,0.3067,0.4877,0.2664,0.5286,0.3107,0.208,0.162,0.3658,
1.0,0.9989,0.965,0.9639,0.9701,0.9977,0.9952,0.9888,0.9845,0.9265,0.7381,0.9294,0.9102,0.8382,0.7984,0.8571,0.6839,0.8255,0.9415,0.7869,0.6128,0.9507,0.724,0.6205,0.603,0.6166,0.858,0.5742,0.6185,0.7841,0.5142,0.5578,0.39,0.58,0.6732,0.5833,0.5257,0.3247,0.4815,0.2625,0.5384,0.3148,0.2103,0.1653,0.3501,
1.0,0.9985,0.9664,0.9649,0.9724,0.9972,0.9942,0.9903,0.9858,0.9266,0.7349,0.9318,0.9104,0.8327,0.7949,0.8608,0.6805,0.8182,0.9419,0.7901,0.6048,0.9546,0.7277,0.6166,0.6103,0.6099,0.8602,0.5605,0.6237,0.7849,0.5097,0.5416,0.3907,0.5906,0.6732,0.5947,0.5298,0.3101,0.4823,0.2601,0.5204,0.3165,0.2052,0.1595,0.3514,
1.0,0.999,0.9685,0.9675,0.9695,0.9974,0.995,0.9922,0.9882,0.9256,0.7443,0.931,0.9105,0.8418,0.8069,0.8579,0.6908,0.8277,0.9399,0.7853,0.6179,0.9509,0.7261,0.6289,0.6073,0.6185,0.8586,0.5676,0.6252,0.7863,0.5055,0.5545,0.3966,0.588,0.672,0.5811,0.5132,0.319,0.4718,0.2685,0.5236,0.3077,0.2028,0.1733,0.351,
1.0,0.9991,0.9698,0.9689,0.9691,0.9972,0.9947,0.9909,0.9856,0.9247,0.7385,0.9328,0.9091,0.8403,0.8028,0.8588,0.6864,0.8266,0.9414,0.782,0.611,0.9531,0.7193,0.621,0.5999,0.6175,0.8524,0.565,0.6182,0.7787,0.4958,0.5524,0.3764,0.5861,0.6851,0.5795,0.5189,0.3133,0.4766,0.2556,0.5321,0.3016,0.207,0.1612,0.3521,
1.0,0.9986,0.9702,0.9688,0.9703,0.9974,0.9953,0.9897,0.9847,0.9258,0.7418,0.9336,0.9101,0.8429,0.8041,0.8596,0.6871,0.832,0.9464,0.7829,0.6214,0.9528,0.7269,0.633,0.6127,0.6248,0.8551,0.5748,0.6244,0.7847,0.5165,0.5605,0.397,0.589,0.6734,0.5859,0.5207,0.3197,0.4782,0.261,0.527,0.3158,0.2131,0.1679,0.3555,
1.0,0.9989,0.965,0.9639,0.973,0.9974,0.9958,0.9906,0.9848,0.9226,0.7401,0.9316,0.9066,0.84,0.8032,0.8559,0.6836,0.8274,0.9432,0.7847,0.6149,0.9509,0.7196,0.6272,0.6067,0.6169,0.8528,0.5602,0.6245,0.7817,0.5029,0.5486,0.3871,0.5933,0.6752,0.5842,0.5171,0.3152,0.4795,0.2646,0.5232,0.3108,0.2124,0.1731,0.3595,
1.0,0.9991,0.9676,0.9667,0.9669,0.9971,0.9954,0.9911,0.9857,0.9248,0.7376,0.9264,0.9073,0.8409,0.8023,0.8524,0.6872,0.827,0.9401,0.7796,0.616,0.9523,0.7213,0.624,0.607,0.6162,0.8526,0.5711,0.6235,0.7829,0.5054,0.5567,0.3835,0.5877,0.6759,0.5875,0.5236,0.3157,0.4713,0.2629,0.524,0.3119,0.2113,0.1623,0.3595,
1.0,0.9986,0.9651,0.9637,0.9704,0.9976,0.9953,0.9885,0.9833,0.9227,0.7384,0.9282,0.905,0.8431,0.8019,0.8516,0.6817,0.8303,0.9396,0.7773,0.6085,0.9505,0.7181,0.6167,0.5981,0.6163,0.8514,0.5631,0.6104,0.7816,0.5022,0.5479,0.3769,0.5747,0.6664,0.5734,0.5092,0.3163,0.4703,0.2457,0.5226,0.3131,0.2004,0.1504,0.3464,
1.0,0.9985,0.9681,0.9666,0.9703,0.9977,0.995,0.9903,0.986,0.9226,0.7354,0.9311,0.9071,0.836,0.8009,0.8552,0.683,0.824,0.9438,0.7792,0.6084,0.9548,0.7222,0.6215,0.6072,0.6178,0.8563,0.5659,0.6206,0.7863,0.5148,0.5556,0.3917,0.5924,0.6786,0.5772,0.519,0.3166,0.471,0.2606,0.5216,0.3212,0.2139,0.1594,0.3566,
1.0,0.9983,0.9662,0.9645,0.9688,0.9974,0.9946,0.9885,0.9823,0.9225,0.7293,0.928,0.9052,0.8369,0.7954,0.8514,0.6806,0.823,0.9392,0.7823,0.6086,0.9545,0.7236,0.6216,0.6072,0.6098,0.8567,0.564,0.6185,0.7732,0.4965,0.5478,0.3904,0.5907,0.6753,0.5832,0.5256,0.3087,0.4812,0.2596,0.5252,0.3029,0.207,0.1693,0.3497,
1.0,0.9991,0.9644,0.9635,0.969,0.9973,0.9958,0.9902,0.9832,0.9238,0.7284,0.9268,0.9065,0.8331,0.7912,0.8507,0.6692,0.8193,0.9391,0.7749,0.6048,0.9535,0.7236,0.6144,0.6069,0.6095,0.8511,0.5543,0.6128,0.7809,0.505,0.5405,0.391,0.5873,0.6707,0.5837,0.5103,0.3136,0.4763,0.2476,0.5124,0.3164,0.2053,0.1548,0.3465,
1.0,0.9994,0.9707,0.9701,0.9709,0.998,0.9962,0.9916,0.9872,0.9249,0.7371,0.9345,0.9094,0.8355,0.8011,0.8609,0.6909,0.8226,0.9401,0.7869,0.6081,0.9565,0.7274,0.6279,0.6137,0.6116,0.8583,0.5562,0.6267,0.7805,0.5007,0.5442,0.3918,0.5906,0.6794,0.5831,0.5226,0.3073,0.4732,0.2659,0.5208,0.3034,0.2089,0.1646,0.3518,
1.0,0.998,0.9722,0.9702,0.968,0.9983,0.9955,0.9898,0.9844,0.9179,0.7374,0.9327,0.9036,0.846,0.8056,0.8518,0.6869,0.8323,0.9391,0.7697,0.6111,0.954,0.7162,0.6274,0.6094,0.6158,0.8517,0.5702,0.6186,0.772,0.4956,0.5634,0.3931,0.5975,0.684,0.5783,0.5135,0.3255,0.4749,0.2573,0.5255,0.3028,0.2055,0.1638,0.3572,
1.0,0.9989,0.9666,0.9655,0.9686,0.9972,0.995,0.9925,0.9878,0.9235,0.7362,0.928,0.9087,0.8377,0.8012,0.8524,0.6911,0.8266,0.9391,0.7853,0.6044,0.9586,0.7246,0.6139,0.6111,0.6073,0.8661,0.5662,0.624,0.7838,0.502,0.548,0.3882,0.6073,0.6737,0.5837,0.5204,0.3135,0.4922,0.2618,0.5268,0.3173,0.2026,0.1614,0.3719,
1.0,0.9988,0.9674,0.9662,0.9698,0.9975,0.9949,0.9895,0.9849,0.9235,0.735,0.9305,0.9069,0.8373,0.7986,0.8563,0.6846,0.8249,0.9433,0.7859,0.6131,0.9522,0.7249,0.628,0.6114,0.6153,0.8576,0.5721,0.6184,0.779,0.5033,0.548,0.3945,0.5845,0.6703,0.5877,0.5277,0.3233,0.479,0.2647,0.5228,0.3138,0.2062,0.1701,0.3509,
1.0,0.9991,0.9667,0.9658,0.9706,0.9966,0.9951,0.9922,0.9861,0.9297,0.7482,0.9301,0.9138,0.842,0.8032,0.8601,0.6865,0.8289,0.941,0.7852,0.6187,0.9533,0.7283,0.6246,0.6061,0.6232,0.8579,0.5707,0.6238,0.7932,0.5116,0.5548,0.3937,0.593,0.6722,0.5882,0.5161,0.3125,0.4782,0.267,0.5248,0.3177,0.2094,0.1609,0.3529,
1.0,0.9986,0.9647,0.9633,0.9715,0.9973,0.9949,0.9893,0.9844,0.9292,0.7383,0.9305,0.9137,0.8364,0.7976,0.86,0.6823,0.8239,0.9398,0.7914,0.6104,0.9525,0.7291,0.6165,0.5986,0.6135,0.8603,0.5626,0.6184,0.7862,0.507,0.5448,0.3802,0.5866,0.6694,0.5857,0.5263,0.3112,0.4747,0.2646,0.5242,0.3059,0.2074,0.1623,0.3533,
1.0,0.9993,0.9704,0.9697,0.9694,0.9976,0.9963,0.9926,0.9865,0.9281,0.7392,0.9335,0.9141,0.8369,0.8002,0.8617,0.684,0.8241,0.9399,0.7839,0.6133,0.9537,0.7276,0.624,0.6085,0.6133,0.855,0.5587,0.6279,0.7837,0.5022,0.5472,0.3941,0.5992,0.6707,0.585,0.5108,0.3108,0.474,0.2588,0.5234,0.3117,0.2089,0.1662,0.3572,
1.0,0.9986,0.965,0.9636,0.9698,0.9969,0.9946,0.9917,0.986,0.9228,0.7329,0.929,0.9088,0.8353,0.8003,0.8536,0.6827,0.822,0.9396,0.7855,0.5996,0.9521,0.718,0.6118,0.6021,0.6087,0.863,0.5651,0.6183,0.79,0.5119,0.5449,0.3874,0.5879,0.6677,0.5785,0.5201,0.32,0.4797,0.2602,0.5209,0.319,0.2101,0.1573,0.3547,
1.0,0.999,0.9683,0.9673,0.9673,0.998,0.9957,0.9905,0.9859,0.921,0.7261,0.9308,0.9072,0.8339,0.7971,0.8528,0.6797,0.819,0.9401,0.7806,0.6067,0.9519,0.7213,0.6193,0.6033,0.6002,0.8568,0.5593,0.626,0.7769,0.504,0.5464,0.3934,0.5918,0.6792,0.5864,0.5261,0.3078,0.4825,0.2642,0.5258,0.314,0.2124,0.1686,0.3524,
1.0,0.9988,0.9718,0.9706,0.9688,0.9975,0.995,0.9897,0.985,0.9177,0.7338,0.934,0.9006,0.8427,0.8053,0.853,0.6894,0.8296,0.9422,0.7747,0.6156,0.9545,0.722,0.6331,0.611,0.6153,0.852,0.5717,0.6224,0.7766,0.5127,0.5643,0.4013,0.5987,0.6811,0.5775,0.515,0.3284,0.4783,0.2586,0.524,0.3172,0.2085,0.1666,0.3605,
1.0,0.9993,0.966,0.9653,0.9674,0.998,0.996,0.9882,0.9832,0.9225,0.7322,0.9265,0.9044,0.8393,0.7983,0.8512,0.6763,0.8259,0.9413,0.773,0.6094,0.951,0.7194,0.6204,0.6013,0.6079,0.847,0.5591,0.6159,0.7756,0.5047,0.5493,0.3902,0.5906,0.6778,0.5791,0.516,0.3185,0.4756,0.2575,0.5175,0.3111,0.2069,0.168,0.3523,
1.0,0.9987,0.9673,0.966,0.9718,0.9979,0.9957,0.9917,0.9859,0.9226,0.7362,0.933,0.9091,0.8388,0.8023,0.8568,0.6847,0.8247,0.9416,0.7858,0.6103,0.9512,0.7154,0.625,0.6023,0.6112,0.858,0.5615,0.6178,0.7813,0.4937,0.5471,0.3836,0.591,0.672,0.5787,0.5225,0.3042,0.4859,0.2661,0.5312,0.3044,0.2,0.1633,0.355,
1.0,0.999,0.9657,0.9647,0.9721,0.9974,0.9955,0.9904,0.9843,0.9234,0.738,0.9303,0.9065,0.8393,0.7991,0.8555,0.6829,0.8264,0.942,0.7837,0.6137,0.9546,0.7248,0.6274,0.6116,0.617,0.8574,0.565,0.6196,0.7864,0.5095,0.5529,0.3883,0.5931,0.6735,0.5894,0.5293,0.3235,0.4861,0.2631,0.5192,0.3166,0.2085,0.1695,0.3524,
1.0,0.9992,0.9692,0.9684,0.9693,0.9973,0.9952,0.9916,0.986,0.9248,0.7362,0.9317,0.9086,0.8371,0.7989,0.8586,0.6775,0.822,0.9384,0.7757,0.61,0.9516,0.7205,0.623,0.6047,0.6067,0.8504,0.5565,0.62,0.781,0.507,0.5422,0.3844,0.5792,0.6693,0.5828,0.5153,0.3205,0.4724,0.2538,0.517,0.3104,0.2061,0.1658,0.3439,
1.0,0.9989,0.9666,0.9655,0.9726,0.9971,0.9954,0.992,0.9867,0.9241,0.736,0.9334,0.9097,0.8336,0.7964,0.8587,0.6808,0.8199,0.9436,0.7868,0.6084,0.9551,0.7222,0.6206,0.6048,0.6099,0.8591,0.564,0.6164,0.7891,0.5123,0.5478,0.3869,0.5887,0.6831,0.5929,0.5298,0.3166,0.4847,0.2591,0.5308,0.3212,0.2113,0.1649,0.3545,
1.0,0.9986,0.9713,0.9699,0.9702,0.9965,0.9948,0.9894,0.9827,0.9258,0.7335,0.9344,0.9081,0.8355,0.7954,0.8611,0.6848,0.8225,0.9436,0.7882,0.6075,0.9517,0.7186,0.6181,0.6034,0.6161,0.8569,0.5648,0.6188,0.7825,0.5021,0.5518,0.3807,0.5909,0.68,0.5819,0.5236,0.3076,0.4762,0.2563,0.5279,0.309,0.2013,0.1644,0.35,
1.0,0.9988,0.9664,0.9652,0.9717,0.9981,0.996,0.9902,0.9833,0.9252,0.737,0.9311,0.9091,0.8384,0.7978,0.8573,0.6833,0.8241,0.9373,0.7877,0.6105,0.9558,0.7265,0.6199,0.611,0.6137,0.859,0.5677,0.6217,0.7845,0.5062,0.5501,0.3904,0.5964,0.6794,0.5862,0.5306,0.3161,0.4825,0.2647,0.5296,0.3091,0.2119,0.1682,0.3548,
1.0,0.9989,0.9657,0.9646,0.9718,0.9974,0.9951,0.991,0.9866,0.9227,0.7337,0.932,0.9087,0.836,0.8017,0.8554,0.6822,0.8238,0.9396,0.7867,0.6016,0.9544,0.7213,0.614,0.6073,0.6085,0.8566,0.5603,0.6148,0.7854,0.505,0.5398,0.3832,0.5895,0.6763,0.5814,0.5224,0.318,0.4839,0.2574,0.5202,0.3143,0.2076,0.1599,0.3542,
1.0,0.9989,0.9658,0.9647,0.9666,0.9963,0.9944,0.9887,0.9838,0.9197,0.7303,0.927,0.9026,0.8393,0.8017,0.8473,0.6798,0.8264,0.9382,0.7755,0.6058,0.9501,0.7127,0.614,0.598,0.6064,0.8474,0.5628,0.6135,0.7709,0.5084,0.5494,0.386,0.591,0.6745,0.5813,0.5186,0.3157,0.4793,0.2554,0.5238,0.3135,0.2114,0.1555,0.3563,
1.0,0.9989,0.971,0.9699,0.9712,0.9968,0.9937,0.9894,0.9845,0.925,0.7392,0.9362,0.9077,0.8406,0.8036,0.863,0.6875,0.8261,0.9406,0.7849,0.6138,0.9517,0.7246,0.6275,0.6033,0.6175,0.8553,0.569,0.6227,0.7862,0.509,0.5551,0.389,0.5935,0.6782,0.5845,0.5316,0.3131,0.4785,0.262,0.528,0.3154,0.2108,0.1702,0.3553,
1.0,0.9987,0.9668,0.9655,0.969,0.9979,0.9963,0.9913,0.9836,0.9237,0.7345,0.929,0.9086,0.8401,0.8013,0.8534,0.6861,0.8256,0.9382,0.7833,0.6087,0.9515,0.7167,0.618,0.6035,0.6173,0.8579,0.5685,0.6128,0.7823,0.5049,0.5495,0.392,0.5855,0.6641,0.576,0.5145,0.3184,0.4736,0.2603,0.5191,0.3142,0.2107,0.1542,0.3503,
1.0,0.999,0.9709,0.9699,0.9692,0.9978,0.9956,0.99,0.9853,0.9149,0.7276,0.9328,0.8977,0.8376,0.7988,0.8499,0.6838,0.8249,0.9428,0.7705,0.6051,0.9535,0.7141,0.6261,0.611,0.6047,0.8549,0.5598,0.6183,0.7713,0.4964,0.5473,0.393,0.6022,0.6827,0.5783,0.5309,0.3188,0.4845,0.2647,0.5297,0.312,0.2016,0.1707,0.3554,
1.0,0.9989,0.964,0.9629,0.9714,0.9973,0.9954,0.9924,0.9867,0.9184,0.7328,0.9291,0.9044,0.8375,0.8001,0.8498,0.6838,0.8237,0.9411,0.7807,0.6067,0.957,0.7183,0.6198,0.6075,0.6094,0.8632,0.5674,0.6173,0.7759,0.4939,0.5477,0.3796,0.5892,0.6786,0.5803,0.5363,0.3144,0.4807,0.2625,0.532,0.3082,0.2112,0.17,0.3643,
1.0,0.9994,0.9665,0.9659,0.9681,0.998,0.9964,0.9889,0.982,0.9261,0.7348,0.9282,0.9084,0.8395,0.7973,0.8546,0.6824,0.8258,0.937,0.7835,0.6133,0.9533,0.7255,0.6198,0.6012,0.6136,0.8548,0.5635,0.623,0.7751,0.4981,0.5491,0.3839,0.5913,0.6833,0.5792,0.5265,0.3029,0.4771,0.2639,0.5289,0.3079,0.2084,0.1655,0.3525,
1.0,0.9989,0.9639,0.9628,0.9685,0.9974,0.9953,0.9897,0.9848,0.9253,0.7358,0.9272,0.9094,0.8389,0.8032,0.8547,0.6811,0.8266,0.942,0.7826,0.6128,0.9536,0.7218,0.6209,0.6026,0.6181,0.852,0.5674,0.6208,0.7811,0.5041,0.5501,0.3888,0.5939,0.6792,0.5858,0.5211,0.3172,0.4876,0.2624,0.5226,0.3161,0.206,0.1661,0.3581,
1.0,0.9985,0.9656,0.9641,0.9739,0.9985,0.9961,0.9892,0.9835,0.9205,0.7356,0.9327,0.9048,0.8396,0.8024,0.8543,0.689,0.8271,0.9402,0.7891,0.6102,0.9507,0.7192,0.6287,0.6098,0.6162,0.8567,0.576,0.6228,0.7862,0.5083,0.5563,0.3973,0.594,0.6698,0.581,0.5267,0.3174,0.4823,0.2702,0.5211,0.3189,0.2072,0.1736,0.3569,
1.0,0.9992,0.9668,0.966,0.9713,0.9981,0.9962,0.9909,0.9871,0.9254,0.7456,0.9319,0.9101,0.8435,0.8054,0.8582,0.6865,0.8322,0.9399,0.7826,0.6157,0.9514,0.7268,0.6256,0.6119,0.6145,0.858,0.5677,0.6251,0.784,0.5022,0.5515,0.3949,0.5901,0.6712,0.5857,0.5096,0.3204,0.4689,0.259,0.5154,0.3124,0.2074,0.154,0.3518,
1.0,0.9988,0.9656,0.9644,0.9715,0.9966,0.9944,0.9909,0.9857,0.9258,0.7419,0.9314,0.9099,0.8392,0.8009,0.8582,0.6819,0.8272,0.9428,0.7859,0.6127,0.9537,0.7225,0.6199,0.5985,0.6169,0.8569,0.5648,0.6158,0.7843,0.5027,0.5486,0.3814,0.591,0.6821,0.583,0.5283,0.3142,0.4726,0.2643,0.5181,0.3115,0.2137,0.1594,0.3546,
1.0,0.9984,0.9676,0.966,0.9698,0.9972,0.9945,0.9908,0.9843,0.9266,0.7323,0.9293,0.9101,0.8335,0.7905,0.8569,0.6669,0.8196,0.9389,0.7745,0.6058,0.9541,0.7215,0.6173,0.5993,0.6064,0.8483,0.5569,0.6133,0.7834,0.5032,0.5454,0.3863,0.5867,0.6699,0.5727,0.5175,0.3164,0.4703,0.2521,0.5119,0.3053,0.2046,0.1598,0.3332,
1.0,0.999,0.9674,0.9664,0.9682,0.997,0.9939,0.9886,0.9842,0.9231,0.74,0.93,0.9056,0.8442,0.8064,0.8541,0.69,0.8295,0.9389,0.7839,0.6169,0.9487,0.7213,0.6258,0.6004,0.6162,0.8559,0.5736,0.623,0.7808,0.4972,0.5614,0.377,0.5904,0.6766,0.581,0.5222,0.3205,0.4704,0.2698,0.5295,0.3024,0.2098,0.1671,0.3545,
1.0,0.9989,0.966,0.9649,0.971,0.9976,0.9956,0.9891,0.9829,0.9173,0.7322,0.9305,0.9009,0.8396,0.7982,0.8497,0.6768,0.8264,0.9378,0.7754,0.6095,0.9542,0.7258,0.6245,0.6133,0.6053,0.8539,0.5598,0.6168,0.7739,0.4964,0.5439,0.3921,0.5864,0.6742,0.5878,0.5221,0.3124,0.4791,0.2546,0.5192,0.3108,0.2042,0.1615,0.3487,
1.0,0.9988,0.9651,0.9639,0.9702,0.998,0.9959,0.9912,0.9847,0.9214,0.7333,0.9291,0.9073,0.8366,0.7976,0.8516,0.6732,0.8217,0.94,0.775,0.6124,0.9531,0.7245,0.6208,0.614,0.6118,0.8552,0.5607,0.6248,0.7829,0.5001,0.5462,0.3854,0.5916,0.6712,0.5878,0.517,0.3127,0.4775,0.2598,0.5215,0.3094,0.2023,0.1561,0.3508,
1.0,0.9989,0.9671,0.966,0.9667,0.9974,0.9952,0.9907,0.9842,0.9205,0.7294,0.9276,0.9048,0.8364,0.7988,0.8495,0.6811,0.8216,0.9423,0.7787,0.6152,0.9507,0.7216,0.6257,0.6126,0.6181,0.8561,0.5689,0.6257,0.7763,0.4894,0.5533,0.39,0.5934,0.6755,0.587,0.521,0.3151,0.4748,0.2653,0.517,0.3043,0.2007,0.1655,0.3534,
1.0,0.999,0.9695,0.9685,0.9704,0.997,0.9952,0.9895,0.9846,0.9242,0.7435,0.9322,0.9057,0.8467,0.8068,0.8563,0.6897,0.8346,0.9412,0.777,0.6138,0.9497,0.7156,0.6301,0.6011,0.6183,0.8496,0.5681,0.6202,0.7842,0.5129,0.5594,0.3852,0.5976,0.6806,0.5784,0.5193,0.3195,0.4703,0.2619,0.5231,0.3142,0.2201,0.1618,0.3596,
1.0,0.9983,0.9641,0.9624,0.9707,0.9963,0.9941,0.9908,0.9847,0.9209,0.7341,0.9282,0.9053,0.839,0.7997,0.8503,0.6838,0.8261,0.9401,0.7864,0.611,0.9542,0.7266,0.6195,0.6031,0.6126,0.86,0.5676,0.6139,0.7768,0.4923,0.5491,0.3851,0.5883,0.6799,0.5809,0.5309,0.3155,0.4752,0.2636,0.5261,0.301,0.2054,0.1658,0.3522,
1.0,0.9985,0.9637,0.9622,0.9678,0.9969,0.9943,0.9906,0.9864,0.9252,0.7357,0.9263,0.9117,0.8354,0.8016,0.8534,0.6888,0.8233,0.9384,0.793,0.6087,0.9556,0.7266,0.6113,0.5941,0.6046,0.868,0.5667,0.6158,0.7867,0.5093,0.5374,0.3802,0.5848,0.6683,0.5807,0.5279,0.3116,0.4958,0.2587,0.5332,0.3196,0.2117,0.1599,0.3653,
1.0,0.999,0.9656,0.9646,0.9691,0.9975,0.9956,0.9917,0.9858,0.922,0.7298,0.928,0.907,0.8341,0.7959,0.8514,0.6762,0.8209,0.9382,0.778,0.6053,0.9551,0.7234,0.616,0.6067,0.6086,0.853,0.56,0.6179,0.7819,0.5054,0.5501,0.3875,0.5772,0.6725,0.5826,0.51,0.3191,0.4738,0.2492,0.5194,0.3102,0.2066,0.1611,0.3439,
1.0,0.9992,0.9648,0.964,0.9698,0.9977,0.9955,0.9896,0.9857,0.9255,0.7352,0.928,0.9083,0.8347,0.7959,0.8545,0.6807,0.8212,0.9385,0.789,0.605,0.95,0.7224,0.6148,0.6041,0.6057,0.8608,0.5613,0.6168,0.7811,0.5019,0.543,0.3894,0.5869,0.6734,0.5816,0.5094,0.3165,0.4744,0.2523,0.5281,0.312,0.2096,0.1579,0.3518,
1.0,0.9988,0.9691,0.9679,0.9691,0.9971,0.9953,0.99,0.9838,0.9236,0.7337,0.9319,0.9074,0.8376,0.8006,0.8564,0.6884,0.824,0.9398,0.7887,0.6057,0.9513,0.7167,0.6176,0.6041,0.6123,0.8608,0.5668,0.621,0.7825,0.5003,0.5494,0.3819,0.5916,0.6738,0.5789,0.5303,0.3135,0.4767,0.2649,0.5261,0.3047,0.2108,0.1623,0.3569,
1.0,0.9988,0.9714,0.9702,0.9697,0.9978,0.9958,0.9924,0.9863,0.924,0.7395,0.9345,0.91,0.8422,0.8045,0.8593,0.6898,0.8291,0.9401,0.7804,0.6126,0.953,0.7188,0.6293,0.6,0.6105,0.8508,0.5634,0.6254,0.7823,0.497,0.556,0.3822,0.5894,0.6789,0.5842,0.518,0.313,0.4666,0.2627,0.5266,0.299,0.2062,0.162,0.3432,
1.0,0.9991,0.9678,0.9669,0.9682,0.9978,0.9956,0.9919,0.9862,0.9224,0.7299,0.9304,0.9086,0.8343,0.7976,0.8527,0.6806,0.8205,0.9402,0.7805,0.6028,0.9539,0.7164,0.6146,0.5969,0.6061,0.8571,0.5569,0.611,0.7792,0.4976,0.5473,0.3827,0.5916,0.6758,0.5707,0.5189,0.3144,0.4771,0.249,0.5278,0.3057,0.2066,0.1629,0.3492,
1.0,0.9992,0.9684,0.9676,0.9705,0.9969,0.9954,0.9909,0.9852,0.9267,0.7333,0.9323,0.9102,0.8335,0.7961,0.86,0.6823,0.8211,0.9444,0.7886,0.61,0.9511,0.7248,0.6216,0.6012,0.6091,0.8598,0.5636,0.6175,0.7885,0.5158,0.5401,0.3928,0.5858,0.6738,0.5843,0.522,0.3139,0.476,0.2575,0.5233,0.3229,0.2113,0.162,0.346,
1.0,0.9988,0.9682,0.967,0.9706,0.9965,0.9948,0.9902,0.9845,0.9228,0.7308,0.9333,0.9072,0.8336,0.7947,0.857,0.681,0.8206,0.9383,0.7865,0.6048,0.9481,0.7169,0.6156,0.6004,0.6016,0.8589,0.561,0.6233,0.7816,0.5115,0.543,0.3884,0.5912,0.6632,0.5798,0.5186,0.3168,0.4791,0.2663,0.5205,0.3097,0.2037,0.1619,0.3464,
1.0,0.9991,0.9683,0.9674,0.9676,0.9972,0.9953,0.9912,0.9857,0.9261,0.7379,0.9298,0.9106,0.8405,0.8003,0.8564,0.6852,0.8276,0.94,0.7825,0.6112,0.9561,0.72,0.6202,0.6049,0.6115,0.8543,0.5701,0.6221,0.7758,0.5061,0.5496,0.3871,0.592,0.6789,0.583,0.5239,0.3233,0.4852,0.2662,0.5268,0.3116,0.2106,0.1639,0.3522,
1.0,0.9982,0.9717,0.9699,0.97,0.998,0.9945,0.9896,0.9843,0.9213,0.7346,0.9346,0.9054,0.8398,0.8035,0.8578,0.6851,0.8262,0.9397,0.7813,0.607,0.9532,0.7202,0.6256,0.6051,0.6118,0.8528,0.5606,0.6187,0.7812,0.5036,0.548,0.3898,0.5955,0.6702,0.5742,0.5217,0.3111,0.4754,0.2588,0.5184,0.3062,0.2031,0.1654,0.3448,
1.0,0.9988,0.9669,0.9657,0.9699,0.9966,0.9942,0.9895,0.9853,0.9212,0.7339,0.9314,0.9045,0.8383,0.8022,0.8537,0.6836,0.8261,0.9378,0.7819,0.6061,0.95,0.7212,0.619,0.6041,0.6099,0.8528,0.5625,0.6227,0.7771,0.504,0.5508,0.3889,0.5866,0.6743,0.5764,0.5215,0.3127,0.4746,0.2604,0.5277,0.3065,0.2063,0.1628,0.3512,
1.0,0.999,0.9675,0.9665,0.9726,0.997,0.9953,0.99,0.9849,0.9215,0.7345,0.9327,0.9043,0.8363,0.7949,0.8551,0.6767,0.8247,0.9407,0.7777,0.6056,0.9525,0.7193,0.6224,0.6072,0.606,0.8503,0.5561,0.6223,0.7767,0.5009,0.5512,0.3829,0.5905,0.6775,0.5821,0.5175,0.3071,0.4662,0.2552,0.5219,0.3076,0.2188,0.1597,0.3494,
1.0,0.9993,0.9697,0.969,0.9669,0.9975,0.9959,0.9905,0.9851,0.9269,0.7363,0.9304,0.9103,0.8388,0.7996,0.8578,0.6823,0.825,0.9415,0.778,0.6157,0.9528,0.7268,0.6228,0.6064,0.6137,0.8526,0.5617,0.6238,0.778,0.5024,0.5521,0.3859,0.5868,0.6757,0.5857,0.5223,0.3057,0.4772,0.2624,0.5228,0.3047,0.2132,0.1631,0.3515,
1.0,0.9993,0.9677,0.967,0.9682,0.9966,0.9956,0.9929,0.9869,0.9231,0.7403,0.9297,0.9079,0.844,0.8076,0.8539,0.6883,0.8309,0.9394,0.7761,0.606,0.9526,0.7172,0.6184,0.5991,0.6124,0.854,0.5624,0.6159,0.7843,0.5003,0.5562,0.3896,0.5976,0.6775,0.5749,0.5115,0.3083,0.4772,0.2588,0.5186,0.316,0.2069,0.1526,0.3625,
1.0,0.9984,0.9693,0.9677,0.9677,0.9964,0.9934,0.9891,0.9832,0.9228,0.7282,0.9307,0.9061,0.8333,0.792,0.8543,0.6772,0.8185,0.9365,0.7797,0.6058,0.9495,0.7221,0.6152,0.6095,0.6029,0.8547,0.5621,0.6237,0.7727,0.4982,0.543,0.3868,0.5864,0.676,0.5894,0.5198,0.3024,0.4846,0.26,0.5253,0.3088,0.2114,0.1598,0.3452,
1.0,0.9992,0.9662,0.9654,0.9667,0.9971,0.9953,0.9909,0.9851,0.9215,0.735,0.9266,0.9055,0.8422,0.8029,0.8499,0.6836,0.8288,0.9412,0.775,0.6121,0.9526,0.717,0.6241,0.6011,0.6146,0.8522,0.5706,0.6148,0.7759,0.4987,0.5588,0.3864,0.5923,0.6738,0.5809,0.5122,0.3192,0.4737,0.2607,0.5164,0.3079,0.2038,0.1599,0.3546,
1.0,0.9993,0.9666,0.9659,0.9715,0.9968,0.9946,0.9904,0.9844,0.9227,0.7427,0.9316,0.9053,0.8469,0.8071,0.8556,0.6902,0.8314,0.9351,0.7811,0.6086,0.9479,0.7128,0.6222,0.6021,0.6167,0.852,0.5694,0.6167,0.7768,0.4892,0.5517,0.3851,0.59,0.669,0.5766,0.5213,0.3083,0.4773,0.2631,0.519,0.3077,0.2085,0.1663,0.3581,
1.0,0.9989,0.9665,0.9654,0.9731,0.997,0.9941,0.9898,0.9858,0.9216,0.7317,0.9336,0.9051,0.8336,0.7941,0.8565,0.6758,0.8207,0.9373,0.7807,0.6031,0.9548,0.7244,0.6212,0.608,0.6039,0.8575,0.5618,0.618,0.7844,0.5014,0.5472,0.3853,0.5907,0.6792,0.5815,0.5184,0.31,0.4879,0.2537,0.5257,0.3132,0.2078,0.161,0.3577,
1.0,0.9991,0.9674,0.9665,0.972,0.9983,0.9966,0.9912,0.9851,0.9239,0.7357,0.9327,0.9091,0.8348,0.796,0.857,0.6789,0.8198,0.9388,0.7832,0.6041,0.9537,0.7215,0.6176,0.6026,0.6125,0.8567,0.5611,0.6111,0.7885,0.5112,0.5461,0.3964,0.5899,0.6785,0.577,0.5193,0.3173,0.4801,0.2522,0.529,0.3138,0.2126,0.1642,0.3502,
1.0,0.999,0.9692,0.9682,0.9706,0.9972,0.995,0.9891,0.9838,0.9237,0.7361,0.9323,0.905,0.8379,0.7955,0.8565,0.681,0.8249,0.9389,0.7804,0.6051,0.948,0.7153,0.6209,0.5979,0.6117,0.8543,0.564,0.611,0.7789,0.4986,0.5493,0.3821,0.5835,0.6728,0.574,0.5168,0.3085,0.4787,0.253,0.5292,0.3067,0.2097,0.1591,0.346,
1.0,0.9992,0.9676,0.9668,0.9674,0.9976,0.9955,0.9907,0.9851,0.9208,0.7301,0.9282,0.9046,0.8355,0.7959,0.8505,0.6788,0.8207,0.9397,0.776,0.6112,0.9498,0.718,0.6221,0.606,0.6102,0.8549,0.5626,0.6182,0.776,0.4925,0.551,0.3906,0.5872,0.6736,0.5776,0.5158,0.3171,0.4676,0.2577,0.5244,0.3014,0.1999,0.1642,0.3419,
1.0,0.9989,0.9671,0.966,0.9715,0.9973,0.995,0.9908,0.9845,0.9223,0.7448,0.9324,0.9063,0.8488,0.8102,0.8563,0.6945,0.8342,0.9433,0.7861,0.6236,0.9494,0.7224,0.6365,0.606,0.6265,0.8598,0.577,0.6182,0.7823,0.5002,0.5568,0.3994,0.5957,0.6748,0.5822,0.517,0.3215,0.4863,0.2689,0.5274,0.3125,0.2086,0.1651,0.3607,
1.0,0.9988,0.9709,0.9697,0.9685,0.9969,0.9949,0.9915,0.9838,0.9251,0.7358,0.9329,0.9102,0.8402,0.8011,0.8581,0.6851,0.8246,0.9396,0.7835,0.6179,0.9533,0.7255,0.6294,0.6053,0.613,0.8563,0.5696,0.6284,0.7835,0.5027,0.5569,0.387,0.5924,0.6779,0.5841,0.5204,0.3135,0.4764,0.2699,0.5257,0.303,0.2023,0.1584,0.3572,
1.0,0.9993,0.9663,0.9656,0.9701,0.9962,0.9948,0.9913,0.9846,0.9232,0.7353,0.9309,0.907,0.8372,0.7992,0.8556,0.6813,0.823,0.9436,0.7851,0.6111,0.954,0.7243,0.6238,0.612,0.6191,0.8607,0.5711,0.6199,0.7839,0.5122,0.5558,0.4016,0.602,0.6744,0.5852,0.5151,0.3226,0.4873,0.2524,0.517,0.319,0.207,0.1655,0.357,
1.0,0.9984,0.9685,0.9669,0.9726,0.997,0.9947,0.991,0.9861,0.9173,0.7329,0.9346,0.9026,0.8369,0.8018,0.8532,0.6881,0.8248,0.9431,0.7825,0.608,0.9527,0.7202,0.6261,0.6068,0.6158,0.8601,0.5725,0.61,0.786,0.5023,0.5568,0.3941,0.5821,0.6789,0.5729,0.5247,0.3172,0.4804,0.2519,0.5288,0.3112,0.2131,0.171,0.3559,
1.0,0.9985,0.9691,0.9676,0.9709,0.9966,0.9945,0.9909,0.9837,0.9252,0.7311,0.9324,0.9088,0.8319,0.7927,0.8589,0.6762,0.8176,0.9436,0.7826,0.6186,0.9561,0.735,0.6323,0.6173,0.6112,0.8558,0.5603,0.6331,0.7844,0.5101,0.5471,0.3918,0.5912,0.6825,0.5984,0.5302,0.3087,0.4767,0.2599,0.5269,0.308,0.2114,0.168,0.3527,
1.0,0.9989,0.9686,0.9675,0.9687,0.9975,0.9953,0.9896,0.983,0.9249,0.734,0.9312,0.909,0.8388,0.8025,0.8573,0.6849,0.8238,0.9358,0.7842,0.6161,0.9529,0.7302,0.6273,0.6083,0.6152,0.8554,0.5646,0.6283,0.7863,0.5116,0.5529,0.3972,0.5919,0.6785,0.586,0.5219,0.3136,0.4873,0.2664,0.5276,0.321,0.2152,0.1673,0.3554,
1.0,0.9991,0.9693,0.9684,0.9705,0.9967,0.9949,0.9889,0.9828,0.9233,0.7361,0.9349,0.9066,0.8431,0.8014,0.8589,0.6833,0.8306,0.9407,0.7825,0.6157,0.9495,0.7262,0.6299,0.6121,0.6157,0.8539,0.5735,0.6249,0.7776,0.4985,0.5509,0.3908,0.5903,0.6695,0.5848,0.5234,0.319,0.4837,0.2583,0.5255,0.3132,0.2061,0.1669,0.3546,
1.0,0.999,0.9666,0.9656,0.9704,0.9976,0.9959,0.9902,0.9847,0.9243,0.7337,0.9316,0.9091,0.834,0.797,0.8569,0.6778,0.8202,0.9393,0.7831,0.6121,0.953,0.7267,0.6197,0.6068,0.6103,0.8532,0.5566,0.6248,0.7842,0.5039,0.544,0.3914,0.5903,0.6816,0.5867,0.5253,0.3154,0.4742,0.2609,0.5263,0.3067,0.2083,0.1711,0.3509,
1.0,0.9991,0.9683,0.9674,0.9698,0.9978,0.9963,0.9926,0.9869,0.9249,0.7439,0.9309,0.9105,0.8423,0.8026,0.8564,0.69,0.8285,0.9381,0.7833,0.6123,0.9566,0.7253,0.6255,0.601,0.6142,0.8589,0.5647,0.6126,0.7867,0.5113,0.5504,0.3941,0.5796,0.671,0.5779,0.521,0.3221,0.4792,0.2599,0.5266,0.3137,0.2091,0.1628,0.3489,
1.0,0.9993,0.9671,0.9664,0.9708,0.9966,0.9949,0.9899,0.9845,0.9249,0.7358,0.9318,0.907,0.8386,0.7999,0.8578,0.6845,0.8254,0.9372,0.7874,0.6108,0.9545,0.7269,0.6239,0.6079,0.6061,0.8577,0.5616,0.6204,0.7829,0.5052,0.5422,0.3869,0.5878,0.6719,0.5846,0.5221,0.3098,0.4779,0.2631,0.5195,0.3172,0.2065,0.1623,0.3519,
1.0,0.9986,0.9703,0.9689,0.971,0.9968,0.9944,0.9896,0.9838,0.9214,0.7306,0.9335,0.9033,0.8347,0.7961,0.8568,0.683,0.821,0.9406,0.7826,0.608,0.9524,0.7253,0.6265,0.6185,0.6117,0.8559,0.5689,0.6214,0.7848,0.503,0.5504,0.388,0.5898,0.6702,0.5855,0.5283,0.3117,0.4761,0.2649,0.5243,0.3083,0.2069,0.1666,0.3479,
1.0,0.9987,0.9683,0.967,0.9696,0.9971,0.9948,0.9905,0.985,0.9225,0.7331,0.9304,0.9059,0.8375,0.7996,0.8543,0.6853,0.824,0.9425,0.7832,0.6076,0.9535,0.7215,0.6209,0.6059,0.6091,0.8588,0.5668,0.6185,0.7833,0.5025,0.5556,0.3849,0.5901,0.6785,0.5832,0.5201,0.3173,0.4716,0.2574,0.5264,0.3054,0.2046,0.1619,0.3504,
1.0,0.9995,0.968,0.9675,0.9713,0.9968,0.995,0.9925,0.9871,0.9253,0.7433,0.933,0.9097,0.8425,0.8082,0.8602,0.6895,0.8283,0.9424,0.7851,0.6187,0.9536,0.7271,0.6308,0.6082,0.6184,0.8571,0.572,0.6184,0.7908,0.5115,0.5521,0.3952,0.5888,0.6692,0.5876,0.5216,0.3201,0.4804,0.2629,0.5214,0.3174,0.2074,0.1719,0.357,
1.0,0.9987,0.9676,0.9663,0.9676,0.9974,0.9955,0.99,0.9841,0.9255,0.7372,0.9284,0.9092,0.8402,0.8009,0.8547,0.6769,0.8263,0.9428,0.7752,0.6153,0.9521,0.7247,0.6247,0.6025,0.616,0.8483,0.5695,0.6216,0.7872,0.5186,0.5602,0.3934,0.5963,0.6786,0.5852,0.5222,0.3241,0.4699,0.2597,0.5157,0.3179,0.2151,0.1663,0.351,
1.0,0.9989,0.9666,0.9655,0.971,0.997,0.995,0.9897,0.9847,0.9238,0.7422,0.9307,0.9063,0.8438,0.8077,0.8548,0.6934,0.8315,0.9419,0.7878,0.6135,0.95,0.718,0.6271,0.603,0.6235,0.853,0.5748,0.615,0.7833,0.5068,0.554,0.386,0.5831,0.6754,0.5824,0.5237,0.3184,0.4737,0.2654,0.5187,0.3158,0.2138,0.162,0.3564,
1.0,0.9985,0.9685,0.967,0.9697,0.9956,0.9932,0.9893,0.9839,0.9204,0.7299,0.932,0.9028,0.8364,0.7973,0.853,0.6821,0.8232,0.9416,0.7837,0.6126,0.9524,0.7295,0.6266,0.6139,0.6092,0.861,0.5678,0.6205,0.7795,0.51,0.549,0.3907,0.5913,0.676,0.5865,0.5154,0.321,0.4807,0.256,0.5286,0.3172,0.2032,0.1684,0.3504,
1.0,0.9992,0.9688,0.968,0.9701,0.9974,0.9957,0.9929,0.9859,0.927,0.7404,0.9331,0.9139,0.8398,0.8042,0.8619,0.6862,0.8241,0.9358,0.7856,0.6094,0.9526,0.7203,0.6179,0.6036,0.6124,0.8567,0.5657,0.6217,0.7882,0.5056,0.5508,0.3885,0.5806,0.6691,0.5827,0.5185,0.319,0.4715,0.2664,0.5233,0.3083,0.2076,0.1608,0.3454,
1.0,0.9993,0.9703,0.9696,0.9701,0.9974,0.9951,0.99,0.9858,0.9229,0.7373,0.9342,0.9062,0.8406,0.8004,0.8591,0.686,0.8257,0.9406,0.777,0.6088,0.9489,0.7174,0.6237,0.6004,0.6121,0.8557,0.5697,0.6145,0.7791,0.5029,0.5554,0.3879,0.5923,0.6795,0.5762,0.5186,0.3113,0.4799,0.2516,0.5254,0.3118,0.2043,0.1608,0.3512,
1.0,0.9993,0.9664,0.9657,0.9675,0.9973,0.9955,0.9886,0.9819,0.9225,0.7292,0.9281,0.9046,0.8386,0.7974,0.8519,0.6794,0.8232,0.9385,0.7802,0.6146,0.9528,0.727,0.6232,0.6056,0.6053,0.853,0.5628,0.6174,0.7742,0.5021,0.5434,0.3833,0.587,0.6749,0.5849,0.5322,0.3064,0.4748,0.2615,0.5185,0.3071,0.2034,0.1681,0.3479,
1.0,0.9987,0.9686,0.9673,0.9724,0.9974,0.9954,0.99,0.9852,0.9274,0.7494,0.9351,0.9124,0.8466,0.8069,0.863,0.6913,0.8335,0.941,0.7859,0.6248,0.9494,0.7312,0.6339,0.6201,0.6254,0.8588,0.5771,0.6322,0.7909,0.5085,0.5632,0.3964,0.5943,0.6735,0.5892,0.5258,0.3286,0.4744,0.2725,0.5316,0.3145,0.2086,0.1687,0.3566,
1.0,0.9986,0.9676,0.9662,0.9723,0.9983,0.9958,0.9914,0.9843,0.9276,0.7415,0.9334,0.9136,0.8409,0.8026,0.8619,0.6895,0.825,0.9365,0.7913,0.6139,0.9546,0.7255,0.6234,0.6045,0.615,0.8606,0.5712,0.6253,0.7954,0.5127,0.5535,0.3903,0.5894,0.6768,0.5782,0.52,0.3181,0.4752,0.2639,0.5276,0.3141,0.211,0.1631,0.35,
1.0,0.9991,0.969,0.9681,0.9691,0.9974,0.9954,0.9898,0.9849,0.9276,0.7391,0.9325,0.9123,0.8396,0.8003,0.862,0.6895,0.8273,0.9401,0.7888,0.6166,0.9531,0.7306,0.6271,0.6098,0.6169,0.862,0.576,0.6283,0.7903,0.5056,0.5534,0.3887,0.5894,0.6773,0.5873,0.528,0.3147,0.4821,0.2644,0.5315,0.3197,0.2095,0.1631,0.3596,
1.0,0.999,0.9668,0.9658,0.9678,0.9971,0.9959,0.9917,0.9867,0.9261,0.7367,0.9263,0.9092,0.8384,0.8006,0.8535,0.6886,0.8265,0.939,0.7833,0.6037,0.9549,0.7187,0.6119,0.5984,0.6081,0.857,0.5647,0.6183,0.7855,0.5078,0.5472,0.3823,0.5887,0.6739,0.5824,0.5184,0.3118,0.4813,0.2608,0.5213,0.3131,0.2115,0.1544,0.3591,
1.0,0.9994,0.9685,0.9679,0.9697,0.9969,0.9954,0.9924,0.9874,0.9224,0.7405,0.9328,0.9082,0.8432,0.8075,0.8561,0.688,0.8311,0.9423,0.7796,0.6149,0.954,0.7252,0.6303,0.6136,0.6159,0.8572,0.5696,0.6195,0.783,0.5051,0.555,0.3914,0.5956,0.6711,0.5901,0.5239,0.3197,0.4842,0.2586,0.5221,0.3137,0.203,0.1693,0.3611,
1.0,0.999,0.9654,0.9644,0.9673,0.9978,0.9954,0.9908,0.9862,0.9238,0.7378,0.9256,0.9078,0.8423,0.8051,0.8499,0.6903,0.8298,0.9435,0.7817,0.6137,0.9522,0.7182,0.6229,0.6028,0.6175,0.856,0.5754,0.6184,0.7828,0.5026,0.554,0.3811,0.5927,0.6697,0.5811,0.5165,0.3202,0.4774,0.2592,0.5157,0.307,0.2043,0.1627,0.356,
1.0,0.9986,0.9673,0.9659,0.9724,0.9974,0.9948,0.9908,0.9862,0.9223,0.7386,0.9337,0.9075,0.8374,0.7985,0.8584,0.6824,0.8244,0.9431,0.7813,0.6169,0.9563,0.7273,0.6294,0.6102,0.6163,0.8594,0.5706,0.617,0.7795,0.5059,0.5515,0.391,0.5845,0.6801,0.5806,0.5221,0.3152,0.4793,0.2596,0.5254,0.3029,0.2063,0.1703,0.3476,
1.0,0.9984,0.968,0.9664,0.9714,0.998,0.9954,0.99,0.9839,0.9258,0.743,0.9323,0.9102,0.8452,0.8044,0.8596,0.6904,0.8316,0.9381,0.7844,0.6232,0.9539,0.7337,0.6338,0.6137,0.6189,0.8625,0.5716,0.6274,0.7833,0.4994,0.554,0.3916,0.5877,0.6711,0.5819,0.5135,0.318,0.4804,0.2645,0.5242,0.3051,0.2091,0.1688,0.3585,
1.0,0.9993,0.968,0.9673,0.9694,0.9968,0.9954,0.9905,0.9855,0.9266,0.7394,0.9303,0.9086,0.8388,0.7991,0.8587,0.6876,0.8273,0.9442,0.785,0.6139,0.954,0.7278,0.6246,0.6125,0.6231,0.8597,0.5744,0.6205,0.7865,0.5039,0.5558,0.3903,0.5943,0.6811,0.5854,0.5251,0.319,0.4875,0.2613,0.5278,0.314,0.2106,0.1666,0.362,
1.0,0.9991,0.9694,0.9685,0.9696,0.9977,0.9959,0.9909,0.9851,0.9232,0.7367,0.9326,0.9078,0.8403,0.8001,0.8574,0.682,0.8268,0.9402,0.7774,0.614,0.954,0.7232,0.6296,0.6038,0.6109,0.8539,0.5634,0.6194,0.7796,0.5012,0.5549,0.3892,0.5973,0.6784,0.5837,0.5214,0.3089,0.4776,0.2603,0.5242,0.3059,0.2069,0.1554,0.3521,
1.0,0.9994,0.9677,0.9671,0.9727,0.9965,0.9939,0.9895,0.9841,0.9244,0.7378,0.9349,0.9073,0.8366,0.7968,0.8598,0.6734,0.8212,0.9374,0.7776,0.6143,0.9499,0.7274,0.6262,0.6167,0.6173,0.8455,0.5682,0.6306,0.7879,0.5043,0.5598,0.3897,0.5925,0.672,0.5887,0.5099,0.309,0.4698,0.2631,0.5193,0.3087,0.2093,0.1619,0.3413,
1.0,0.9985,0.9699,0.9684,0.9689,0.9971,0.995,0.9898,0.9835,0.9242,0.7301,0.9311,0.9073,0.8362,0.7962,0.8562,0.6828,0.8241,0.9375,0.7832,0.6012,0.9504,0.7146,0.6126,0.6009,0.604,0.8559,0.5622,0.6176,0.7804,0.49,0.5443,0.3766,0.5899,0.668,0.574,0.5164,0.3079,0.4716,0.2603,0.5273,0.3046,0.2026,0.1597,0.3428,
1.0,0.9991,0.9658,0.9649,0.9693,0.9975,0.9957,0.9902,0.9852,0.9158,0.7297,0.9285,0.8992,0.8381,0.8002,0.8465,0.6798,0.8238,0.94,0.7726,0.6058,0.9516,0.7151,0.622,0.6029,0.6054,0.8527,0.5571,0.6155,0.7725,0.4948,0.5455,0.3863,0.5944,0.6754,0.5812,0.5264,0.3121,0.4733,0.263,0.5201,0.306,0.2006,0.1674,0.355,
1.0,0.999,0.97,0.969,0.9675,0.9965,0.9948,0.9915,0.9861,0.9235,0.7364,0.932,0.9084,0.8389,0.8044,0.8562,0.6901,0.8266,0.9392,0.7855,0.6093,0.954,0.7178,0.621,0.6001,0.614,0.8568,0.564,0.6173,0.7778,0.5001,0.5482,0.3827,0.5882,0.6779,0.5755,0.5165,0.3089,0.482,0.2555,0.5318,0.3098,0.2058,0.1576,0.3562,
1.0,0.9988,0.9651,0.9639,0.9684,0.997,0.9948,0.9888,0.984,0.927,0.7355,0.9262,0.9087,0.8374,0.7987,0.8545,0.6832,0.8249,0.9433,0.7873,0.6189,0.951,0.7314,0.6243,0.6102,0.6174,0.8535,0.5683,0.6269,0.7841,0.5092,0.5498,0.3804,0.5801,0.6746,0.5988,0.5324,0.32,0.469,0.271,0.5246,0.3048,0.2054,0.1656,0.3475,
1.0,0.9989,0.9674,0.9663,0.9696,0.9973,0.9956,0.9925,0.9876,0.9259,0.7437,0.9308,0.9115,0.8442,0.8077,0.8567,0.692,0.8323,0.9452,0.7842,0.6143,0.954,0.7246,0.6224,0.6022,0.6177,0.8602,0.5732,0.6196,0.7875,0.5093,0.5567,0.3807,0.5893,0.6752,0.5871,0.5208,0.3246,0.4776,0.2594,0.5222,0.3102,0.2061,0.1596,0.3517,
1.0,0.9994,0.9665,0.9659,0.97,0.9967,0.9952,0.9916,0.9855,0.9197,0.7403,0.9309,0.9045,0.8442,0.8052,0.8525,0.6851,0.8306,0.9397,0.7761,0.6073,0.9527,0.7105,0.6162,0.6017,0.615,0.8539,0.5757,0.6111,0.7779,0.5022,0.5534,0.3862,0.5936,0.6763,0.5725,0.5177,0.323,0.4746,0.2545,0.5217,0.3214,0.2142,0.1559,0.3607,
1.0,0.9989,0.9691,0.968,0.97,0.9974,0.9952,0.9901,0.9846,0.9234,0.7383,0.9335,0.9074,0.8408,0.8038,0.8581,0.6849,0.8275,0.9384,0.7812,0.6082,0.9511,0.7186,0.6199,0.6025,0.6135,0.8567,0.5672,0.6169,0.7864,0.4996,0.5536,0.3859,0.5917,0.6744,0.5734,0.5202,0.3138,0.4824,0.254,0.5316,0.3101,0.2075,0.1599,0.3558,
1.0,0.999,0.9691,0.9681,0.9712,0.9968,0.9949,0.9903,0.9858,0.9223,0.7416,0.9332,0.9054,0.8433,0.805,0.8562,0.6858,0.8308,0.9439,0.7781,0.6111,0.9511,0.7209,0.6273,0.6075,0.6209,0.8535,0.5683,0.6139,0.7827,0.5046,0.5605,0.3894,0.5886,0.6799,0.5797,0.5127,0.3184,0.4805,0.2511,0.5241,0.311,0.2025,0.1621,0.3591,
1.0,0.9986,0.9681,0.9667,0.9703,0.9973,0.9948,0.9895,0.9824,0.9227,0.7341,0.932,0.9064,0.8377,0.8005,0.8558,0.6819,0.8219,0.9395,0.7832,0.6159,0.9535,0.7304,0.6289,0.6117,0.6198,0.8559,0.5637,0.6182,0.7847,0.512,0.552,0.4021,0.5896,0.6817,0.5798,0.5095,0.3264,0.4758,0.2518,0.5241,0.3194,0.2154,0.1618,0.3517,
1.0,0.999,0.9684,0.9674,0.9709,0.9975,0.9948,0.9896,0.9851,0.9243,0.737,0.9319,0.9069,0.8391,0.8009,0.8584,0.6816,0.8254,0.938,0.7805,0.6031,0.9502,0.7127,0.6177,0.5992,0.6111,0.8503,0.562,0.616,0.7795,0.4947,0.5462,0.3774,0.5877,0.6665,0.576,0.5149,0.3066,0.473,0.255,0.5218,0.3008,0.2022,0.1566,0.3475,
1.0,0.999,0.9691,0.9681,0.9693,0.9975,0.9956,0.9894,0.9837,0.9235,0.7396,0.9324,0.9069,0.8452,0.8071,0.8575,0.6872,0.8314,0.9402,0.7812,0.6187,0.9484,0.7229,0.6296,0.6057,0.6196,0.8542,0.5732,0.6209,0.7847,0.5003,0.5568,0.3825,0.5831,0.6779,0.5815,0.511,0.316,0.4774,0.2571,0.5288,0.2999,0.2106,0.1619,0.353,
1.0,0.9985,0.972,0.9705,0.9693,0.9981,0.9959,0.9905,0.9852,0.9247,0.735,0.9349,0.9109,0.8377,0.7989,0.8593,0.6909,0.8243,0.9409,0.7863,0.6078,0.9507,0.7183,0.6208,0.6002,0.6119,0.8602,0.5661,0.6201,0.7783,0.5003,0.5479,0.3872,0.592,0.6768,0.5808,0.5236,0.3084,0.4764,0.2604,0.5291,0.3108,0.2094,0.1639,0.3604,
1.0,0.9987,0.9678,0.9665,0.9733,0.9971,0.9955,0.9913,0.985,0.9269,0.7406,0.9326,0.9098,0.8379,0.7995,0.8611,0.6891,0.8238,0.9362,0.79,0.6027,0.9546,0.721,0.6168,0.608,0.6131,0.86,0.5615,0.6188,0.789,0.5057,0.5469,0.3863,0.5901,0.6744,0.5788,0.5179,0.3169,0.4796,0.2635,0.5246,0.3082,0.2081,0.1631,0.3503,
1.0,0.9984,0.9705,0.9689,0.9685,0.9982,0.9955,0.989,0.9835,0.9206,0.7338,0.9304,0.9034,0.8429,0.8029,0.8529,0.6892,0.8307,0.9421,0.7782,0.6108,0.9513,0.7156,0.6283,0.6093,0.6168,0.8543,0.5748,0.6196,0.7784,0.5018,0.5627,0.3921,0.5918,0.6733,0.5768,0.5088,0.3185,0.4778,0.2521,0.5225,0.3072,0.2036,0.1605,0.3579,
1.0,0.9989,0.967,0.9659,0.9693,0.9979,0.9959,0.9916,0.9869,0.9214,0.734,0.9296,0.9069,0.8362,0.8005,0.852,0.683,0.8237,0.9424,0.7809,0.6052,0.9541,0.7205,0.6182,0.6067,0.6141,0.8585,0.5666,0.613,0.7824,0.5084,0.5512,0.3909,0.582,0.6776,0.5778,0.5233,0.3258,0.482,0.2577,0.5348,0.3126,0.2129,0.1642,0.3471,
1.0,0.9988,0.9673,0.9661,0.9681,0.9977,0.995,0.9914,0.9858,0.9236,0.7394,0.9287,0.9085,0.8417,0.8076,0.8537,0.6882,0.826,0.9406,0.7808,0.6134,0.953,0.7225,0.6237,0.6012,0.6183,0.8589,0.5674,0.6135,0.7843,0.5026,0.551,0.3934,0.5891,0.6761,0.5809,0.53,0.3133,0.4776,0.2645,0.5193,0.3129,0.2104,0.1604,0.3543,
1.0,0.9991,0.9661,0.9652,0.9717,0.9975,0.9955,0.9927,0.987,0.9228,0.7354,0.9306,0.9078,0.8346,0.7959,0.8546,0.6764,0.8198,0.9422,0.7778,0.6025,0.9526,0.7105,0.6166,0.5981,0.6113,0.8514,0.5611,0.615,0.7872,0.5032,0.5527,0.386,0.5886,0.677,0.5758,0.5167,0.3187,0.4689,0.2507,0.5241,0.3051,0.2071,0.1607,0.3486,
1.0,0.9994,0.9691,0.9685,0.9687,0.9976,0.9961,0.9912,0.986,0.927,0.7331,0.9308,0.9104,0.8341,0.7939,0.859,0.6842,0.8206,0.9386,0.7838,0.6028,0.9537,0.7246,0.6142,0.6116,0.6107,0.8626,0.5649,0.6239,0.7836,0.4969,0.5514,0.3933,0.599,0.6767,0.5823,0.518,0.3084,0.4926,0.2539,0.5324,0.3111,0.2137,0.1637,0.3575,
1.0,0.9984,0.9655,0.9639,0.9707,0.9966,0.9942,0.9895,0.9848,0.9242,0.7416,0.9301,0.9082,0.8432,0.8062,0.856,0.6843,0.8325,0.9415,0.7837,0.612,0.9513,0.7203,0.6228,0.6029,0.6224,0.8543,0.5727,0.6161,0.7826,0.505,0.5549,0.3913,0.593,0.6686,0.5777,0.518,0.3186,0.4762,0.262,0.5189,0.3059,0.2069,0.159,0.353,
1.0,0.9993,0.9682,0.9675,0.9665,0.9976,0.996,0.9897,0.9847,0.9215,0.7291,0.9295,0.9061,0.8363,0.7986,0.8529,0.6792,0.8234,0.9417,0.7784,0.6086,0.95,0.7206,0.62,0.6024,0.6057,0.8538,0.559,0.6177,0.7749,0.4926,0.5414,0.3776,0.5875,0.6756,0.5793,0.5205,0.3051,0.4761,0.2554,0.5219,0.3034,0.2008,0.16,0.3476,
1.0,0.9987,0.9713,0.97,0.9685,0.9968,0.9944,0.9913,0.9844,0.9251,0.7346,0.9325,0.9082,0.8352,0.7961,0.8585,0.6875,0.8202,0.9378,0.7857,0.6069,0.9544,0.7242,0.6215,0.6082,0.6113,0.8605,0.5586,0.6222,0.78,0.5014,0.5438,0.3859,0.5856,0.6714,0.5795,0.526,0.3037,0.4828,0.2571,0.5219,0.311,0.2062,0.1591,0.3495,
1.0,0.9991,0.9656,0.9647,0.9679,0.9971,0.9952,0.9915,0.9839,0.9245,0.7293,0.9272,0.9092,0.8337,0.7941,0.8535,0.676,0.8166,0.9364,0.7809,0.5985,0.9513,0.7123,0.6052,0.5924,0.6058,0.8568,0.559,0.615,0.7769,0.5003,0.5427,0.3809,0.583,0.6724,0.5734,0.5136,0.3131,0.4751,0.2534,0.5282,0.3003,0.2046,0.1539,0.3448,
1.0,0.9987,0.9687,0.9674,0.9672,0.9971,0.995,0.9905,0.9847,0.9241,0.7359,0.9301,0.9091,0.8419,0.8049,0.8558,0.686,0.8288,0.9404,0.7804,0.6138,0.9536,0.723,0.6226,0.6047,0.6149,0.8565,0.5702,0.6187,0.7807,0.5012,0.5571,0.379,0.5882,0.683,0.5819,0.5167,0.3188,0.4742,0.2575,0.5296,0.3057,0.2086,0.1569,0.3544,
1.0,0.9985,0.9684,0.9669,0.9716,0.9977,0.9953,0.9901,0.9841,0.922,0.7341,0.9325,0.9059,0.837,0.7963,0.8554,0.6839,0.8227,0.9413,0.7817,0.6115,0.952,0.72,0.6246,0.6152,0.6169,0.8581,0.5678,0.6215,0.7802,0.5046,0.5494,0.3935,0.5931,0.6756,0.5895,0.52,0.3162,0.4861,0.2534,0.5263,0.3154,0.204,0.1668,0.3552,
1.0,0.9989,0.9681,0.967,0.9703,0.9969,0.9944,0.9908,0.9861,0.9256,0.7416,0.9319,0.9097,0.8413,0.8061,0.8593,0.6889,0.8276,0.941,0.7869,0.6209,0.9537,0.7299,0.6301,0.6061,0.6135,0.8578,0.5675,0.6242,0.7891,0.5147,0.5526,0.3865,0.5936,0.6784,0.5874,0.5203,0.3151,0.477,0.2642,0.5191,0.3185,0.2115,0.1635,0.3538,
1.0,0.9985,0.9683,0.9668,0.9708,0.9966,0.9944,0.9912,0.986,0.9219,0.7312,0.9318,0.9051,0.834,0.7967,0.8552,0.6847,0.8219,0.9395,0.785,0.6016,0.9515,0.7177,0.6186,0.6026,0.6052,0.8585,0.5647,0.6148,0.7832,0.4979,0.5477,0.3823,0.5855,0.6719,0.5734,0.5129,0.3073,0.4697,0.2533,0.5193,0.3036,0.2024,0.1551,0.3536,
1.0,0.9986,0.9659,0.9645,0.9688,0.9975,0.9951,0.9913,0.9865,0.9189,0.7309,0.9284,0.904,0.8338,0.7978,0.8486,0.6825,0.8197,0.941,0.7798,0.6079,0.9524,0.7202,0.6203,0.6059,0.6041,0.8587,0.5625,0.6195,0.7765,0.4965,0.5438,0.3863,0.5851,0.6781,0.5887,0.5281,0.3142,0.479,0.263,0.5265,0.3047,0.2045,0.1663,0.3523,
1.0,0.999,0.9663,0.9653,0.9693,0.9974,0.9954,0.9903,0.9842,0.9246,0.7358,0.9302,0.9092,0.8406,0.8024,0.8563,0.6881,0.8271,0.9399,0.7855,0.6134,0.9529,0.7221,0.6252,0.6045,0.6123,0.8572,0.565,0.6255,0.7817,0.5079,0.5525,0.3871,0.5901,0.6724,0.583,0.517,0.3142,0.4772,0.2651,0.5244,0.3133,0.2115,0.1562,0.3567,
1.0,0.9991,0.9695,0.9686,0.9695,0.9976,0.9956,0.9921,0.9854,0.9164,0.7309,0.934,0.9031,0.8411,0.8025,0.8516,0.6823,0.8267,0.9395,0.77,0.6071,0.9527,0.7169,0.6222,0.6092,0.6132,0.8535,0.5656,0.6193,0.7724,0.4946,0.5557,0.3971,0.5858,0.6711,0.573,0.5128,0.3192,0.4741,0.2542,0.5185,0.3051,0.2021,0.1708,0.3487,
1.0,0.9989,0.9686,0.9675,0.9705,0.9974,0.9956,0.99,0.9847,0.9225,0.7333,0.9318,0.9052,0.8375,0.7973,0.8545,0.6852,0.8254,0.9429,0.7832,0.6118,0.9549,0.7245,0.6262,0.6103,0.6141,0.8545,0.5686,0.6222,0.7761,0.5095,0.5511,0.3972,0.5905,0.6772,0.5844,0.5262,0.3181,0.4766,0.2604,0.5251,0.3143,0.2103,0.1673,0.3609,
1.0,0.9996,0.9682,0.9678,0.9699,0.9969,0.9959,0.9914,0.9854,0.9218,0.7421,0.9325,0.9054,0.8462,0.8093,0.8556,0.698,0.834,0.9416,0.7877,0.6169,0.9524,0.7224,0.6325,0.6032,0.6165,0.8617,0.5749,0.6145,0.7821,0.5021,0.5537,0.3782,0.5779,0.6749,0.5795,0.5228,0.313,0.4733,0.2653,0.5342,0.3069,0.207,0.1633,0.3526,
1.0,0.9988,0.9677,0.9665,0.9728,0.9976,0.9949,0.9911,0.9865,0.9217,0.7377,0.9334,0.9066,0.8404,0.8036,0.8575,0.6852,0.8267,0.9383,0.7816,0.6017,0.9593,0.7222,0.619,0.615,0.6154,0.8563,0.5725,0.6156,0.7868,0.5036,0.5622,0.3862,0.5971,0.6784,0.5779,0.5267,0.3213,0.4846,0.2605,0.5299,0.3076,0.201,0.1685,0.3568,
1.0,0.9993,0.9679,0.9672,0.9681,0.9965,0.9948,0.99,0.984,0.9284,0.742,0.9294,0.91,0.8418,0.8033,0.8587,0.685,0.8298,0.9452,0.7844,0.6212,0.9503,0.7262,0.6279,0.5996,0.6265,0.8525,0.5749,0.625,0.7877,0.511,0.5646,0.3817,0.5903,0.6823,0.5854,0.5143,0.3146,0.4768,0.2621,0.5309,0.311,0.209,0.1611,0.3521,
1.0,0.9991,0.9671,0.9662,0.9715,0.9978,0.996,0.9905,0.9857,0.9157,0.7373,0.933,0.9011,0.847,0.8089,0.8504,0.6922,0.8336,0.9427,0.778,0.6132,0.9518,0.7175,0.6327,0.6084,0.6118,0.8598,0.5744,0.6205,0.7766,0.5018,0.561,0.3914,0.5971,0.6847,0.5823,0.5248,0.33,0.4875,0.2622,0.5318,0.3147,0.2042,0.1714,0.3608,
1.0,0.999,0.9661,0.9651,0.9662,0.9971,0.9952,0.9916,0.9861,0.9208,0.7301,0.9261,0.9057,0.8365,0.7999,0.8478,0.6821,0.8239,0.9402,0.775,0.6057,0.9513,0.7175,0.6173,0.5995,0.6099,0.8574,0.568,0.6136,0.7789,0.5032,0.5483,0.3863,0.5789,0.671,0.5749,0.5183,0.3218,0.4722,0.2578,0.526,0.3036,0.2096,0.1632,0.3451,
1.0,0.9985,0.9679,0.9664,0.9719,0.9968,0.9936,0.9893,0.985,0.9209,0.7372,0.932,0.9029,0.8389,0.7993,0.8548,0.6841,0.8252,0.9396,0.7814,0.6075,0.9514,0.7262,0.6275,0.6118,0.6125,0.8563,0.5673,0.6191,0.7821,0.5094,0.5529,0.3946,0.5977,0.6808,0.5838,0.5137,0.3152,0.4846,0.2551,0.5342,0.3182,0.2139,0.1646,0.3593,
1.0,0.999,0.9692,0.9682,0.9707,0.9973,0.9957,0.9901,0.9836,0.9235,0.7355,0.9341,0.908,0.8406,0.805,0.8578,0.6913,0.8261,0.9395,0.7879,0.6145,0.9516,0.7303,0.6291,0.6129,0.6148,0.8617,0.573,0.6206,0.788,0.5119,0.5509,0.3998,0.5905,0.6742,0.5857,0.5256,0.3205,0.4838,0.2646,0.5211,0.3234,0.2087,0.1659,0.3589,
1.0,0.9991,0.9679,0.967,0.9726,0.9976,0.9958,0.9918,0.9864,0.9229,0.7392,0.9337,0.9078,0.8389,0.8021,0.8575,0.693,0.8264,0.9392,0.7916,0.6035,0.9527,0.7148,0.6162,0.6004,0.6163,0.8633,0.5708,0.6122,0.7879,0.5121,0.5497,0.3933,0.5877,0.67,0.5736,0.5123,0.3215,0.4812,0.2528,0.5296,0.3189,0.2112,0.158,0.3573,
1.0,0.9989,0.967,0.9659,0.9706,0.9979,0.9958,0.9893,0.9837,0.9207,0.7344,0.931,0.9035,0.8384,0.7973,0.8533,0.6839,0.8245,0.9381,0.78,0.609,0.9512,0.719,0.6248,0.6091,0.6101,0.8548,0.5628,0.6168,0.7769,0.5016,0.5483,0.3957,0.5871,0.6737,0.5783,0.5155,0.3195,0.4809,0.2572,0.5233,0.3119,0.2061,0.1683,0.3489,
1.0,0.9984,0.9689,0.9673,0.9727,0.9979,0.9952,0.9899,0.9847,0.9269,0.7339,0.934,0.9111,0.8304,0.7924,0.8624,0.6783,0.8166,0.9407,0.7887,0.604,0.9534,0.7231,0.6164,0.6044,0.6086,0.8567,0.5578,0.6251,0.7899,0.5107,0.5399,0.3849,0.5905,0.6801,0.5851,0.532,0.3,0.484,0.2634,0.5284,0.3196,0.2153,0.1663,0.3583,
1.0,0.9985,0.9671,0.9656,0.9707,0.9978,0.9958,0.9897,0.9841,0.9235,0.7342,0.9297,0.9069,0.8355,0.7965,0.8545,0.6822,0.8238,0.9408,0.7856,0.6061,0.9511,0.7157,0.6174,0.5953,0.6081,0.8564,0.5612,0.6166,0.7842,0.502,0.5478,0.38,0.5908,0.6783,0.5816,0.5213,0.2998,0.4707,0.2587,0.5168,0.3164,0.2091,0.1561,0.3493,
1.0,0.9991,0.9712,0.9703,0.9712,0.9973,0.9961,0.9919,0.9862,0.9227,0.7354,0.937,0.9085,0.8373,0.7987,0.8611,0.6829,0.825,0.9438,0.7806,0.6111,0.9546,0.7227,0.6267,0.6121,0.615,0.8579,0.5754,0.6196,0.7862,0.5135,0.5607,0.4003,0.5903,0.6713,0.5794,0.5185,0.3234,0.4788,0.2583,0.5281,0.3106,0.2049,0.1725,0.3491,
1.0,0.9996,0.9634,0.963,0.97,0.9975,0.9957,0.9901,0.9855,0.9204,0.7333,0.9264,0.902,0.8382,0.7992,0.8489,0.6788,0.8238,0.9423,0.7773,0.6032,0.9515,0.7147,0.615,0.5968,0.61,0.853,0.5619,0.6027,0.7784,0.5027,0.5432,0.3802,0.5813,0.6702,0.5755,0.5241,0.3137,0.471,0.2506,0.5093,0.3109,0.2007,0.1589,0.3499,
1.0,0.9986,0.9684,0.967,0.9664,0.9977,0.9956,0.9914,0.9841,0.9225,0.7314,0.9287,0.9085,0.8398,0.8031,0.8542,0.6859,0.8249,0.9384,0.7808,0.6051,0.9553,0.7196,0.6167,0.6018,0.6079,0.8607,0.5711,0.6116,0.785,0.5029,0.5522,0.3902,0.5869,0.6748,0.5726,0.5169,0.3217,0.4854,0.2503,0.5257,0.3161,0.2046,0.1622,0.3528,
1.0,0.9988,0.9675,0.9663,0.9712,0.9969,0.9948,0.9906,0.9858,0.9253,0.7391,0.9313,0.9082,0.8387,0.801,0.8566,0.6811,0.8261,0.9385,0.7812,0.6097,0.9516,0.7261,0.6207,0.6154,0.616,0.853,0.5597,0.6278,0.7854,0.5047,0.5501,0.3922,0.5889,0.676,0.5908,0.514,0.3109,0.4757,0.262,0.5245,0.3158,0.2122,0.1665,0.3546,
1.0,0.9984,0.9682,0.9666,0.9713,0.9962,0.9926,0.9879,0.9835,0.9293,0.7359,0.9322,0.9096,0.834,0.7909,0.8618,0.6756,0.8203,0.9416,0.7851,0.6124,0.953,0.7335,0.6189,0.6111,0.6162,0.8539,0.5611,0.6225,0.7832,0.5068,0.5478,0.3903,0.5964,0.6851,0.5915,0.5279,0.3133,0.4803,0.2621,0.525,0.3125,0.2092,0.1698,0.3545,
1.0,0.9992,0.9674,0.9666,0.9683,0.9965,0.9951,0.9901,0.9843,0.9224,0.7372,0.9292,0.9048,0.8429,0.8035,0.8527,0.6879,0.8309,0.9437,0.7802,0.6153,0.9534,0.7242,0.6279,0.607,0.6188,0.8551,0.5717,0.6226,0.7777,0.5043,0.5597,0.389,0.593,0.6797,0.5819,0.5209,0.3136,0.4764,0.2607,0.53,0.3154,0.2104,0.1578,0.3567,
1.0,0.9987,0.9686,0.9673,0.9674,0.9975,0.9953,0.9896,0.9845,0.9267,0.7419,0.9276,0.9084,0.8446,0.8044,0.8553,0.6921,0.8322,0.9389,0.7833,0.6179,0.9516,0.7247,0.6265,0.6062,0.6193,0.8525,0.5695,0.6258,0.781,0.4952,0.5554,0.3795,0.5873,0.6696,0.5859,0.5128,0.3076,0.4706,0.2625,0.5204,0.3087,0.2014,0.1632,0.3519,
1.0,0.9993,0.9648,0.9641,0.9679,0.997,0.9946,0.9902,0.9843,0.9218,0.7338,0.9266,0.9055,0.8405,0.8016,0.8505,0.6824,0.8264,0.9387,0.7787,0.6102,0.9537,0.7234,0.6194,0.6108,0.6181,0.8564,0.5715,0.6175,0.7784,0.5007,0.5532,0.3869,0.591,0.6673,0.5758,0.5206,0.3226,0.4806,0.2592,0.5242,0.3072,0.2076,0.1622,0.3548,
1.0,0.9986,0.9674,0.966,0.9692,0.9973,0.9954,0.9906,0.9841,0.9255,0.7384,0.9307,0.911,0.8412,0.8037,0.8576,0.6836,0.828,0.9387,0.783,0.6102,0.9536,0.7224,0.6182,0.6006,0.6139,0.8563,0.5689,0.6168,0.7881,0.5089,0.5571,0.3821,0.5915,0.6755,0.5838,0.5181,0.3195,0.486,0.2589,0.5312,0.3147,0.2149,0.1597,0.3594,
1.0,0.9985,0.966,0.9645,0.9666,0.9975,0.9952,0.9914,0.986,0.9245,0.7426,0.926,0.9107,0.8466,0.8098,0.8529,0.6926,0.8333,0.9391,0.7824,0.6181,0.9563,0.731,0.6272,0.6061,0.6154,0.8616,0.5687,0.6279,0.7807,0.5042,0.557,0.3874,0.5921,0.6727,0.5871,0.5227,0.3162,0.4822,0.2697,0.5256,0.3051,0.2043,0.1645,0.3606,
1.0,0.999,0.9676,0.9666,0.9712,0.9972,0.9951,0.991,0.986,0.9256,0.7409,0.9326,0.9104,0.8405,0.8003,0.8602,0.6816,0.827,0.9399,0.7806,0.6123,0.9524,0.7215,0.6254,0.606,0.613,0.8551,0.5627,0.6162,0.7787,0.5013,0.544,0.3928,0.588,0.6667,0.581,0.5131,0.3116,0.4799,0.254,0.5144,0.3129,0.2006,0.1616,0.356,
1.0,0.9987,0.9704,0.9691,0.9688,0.997,0.995,0.9914,0.9854,0.9234,0.7327,0.9329,0.9083,0.8376,0.7997,0.8576,0.6891,0.8245,0.9423,0.7839,0.6072,0.9519,0.7176,0.6253,0.6023,0.6134,0.8614,0.5713,0.6133,0.7817,0.5023,0.5512,0.3885,0.5854,0.6753,0.5791,0.53,0.3103,0.4772,0.2569,0.5265,0.3095,0.2051,0.1547,0.3487,
1.0,0.9991,0.9662,0.9653,0.9718,0.998,0.996,0.991,0.9864,0.922,0.7322,0.9317,0.9067,0.8341,0.7987,0.8559,0.6802,0.8226,0.9435,0.7843,0.6009,0.9559,0.7166,0.6162,0.606,0.6122,0.8571,0.5641,0.6133,0.787,0.5124,0.5533,0.3887,0.5962,0.6796,0.5805,0.5211,0.3163,0.4862,0.254,0.5244,0.3162,0.2111,0.1599,0.3546,
1.0,0.9994,0.9681,0.9675,0.9711,0.9966,0.9953,0.9915,0.9863,0.9273,0.7425,0.9336,0.9122,0.8407,0.8052,0.8617,0.6874,0.8288,0.9408,0.791,0.6114,0.9519,0.7235,0.6198,0.6095,0.6183,0.8582,0.5713,0.6261,0.7871,0.5041,0.5492,0.3847,0.5977,0.6761,0.5836,0.5244,0.3127,0.4885,0.2691,0.5272,0.3212,0.2034,0.1683,0.365,
1.0,0.999,0.9666,0.9656,0.9687,0.9966,0.9945,0.9911,0.9841,0.9246,0.7357,0.9302,0.9097,0.8401,0.8022,0.8557,0.6837,0.8252,0.9378,0.7847,0.6127,0.9543,0.7275,0.6212,0.6104,0.6132,0.8593,0.5671,0.6245,0.7803,0.5028,0.5497,0.3834,0.5888,0.6691,0.5859,0.5185,0.3207,0.4707,0.2656,0.519,0.3109,0.2032,0.1602,0.3556,
1.0,0.9984,0.9677,0.9661,0.9674,0.9972,0.9945,0.9897,0.9828,0.925,0.7293,0.9282,0.9093,0.8343,0.7955,0.855,0.6808,0.8191,0.9376,0.7855,0.6078,0.9549,0.7272,0.6131,0.6048,0.6074,0.86,0.5625,0.6216,0.784,0.501,0.5461,0.3765,0.5942,0.6781,0.5839,0.5231,0.3102,0.4824,0.257,0.5354,0.3022,0.2106,0.1588,0.3529,
1.0,0.999,0.9677,0.9667,0.9735,0.998,0.9963,0.9909,0.9854,0.9172,0.7363,0.9354,0.9036,0.839,0.8008,0.8545,0.6837,0.8272,0.9394,0.7796,0.603,0.9574,0.7176,0.6229,0.6088,0.6117,0.8581,0.5683,0.6124,0.7826,0.5043,0.5531,0.3931,0.5944,0.6778,0.5758,0.5226,0.3177,0.4793,0.2533,0.5234,0.3126,0.2062,0.1624,0.3528,
1.0,0.9987,0.968,0.9667,0.9698,0.9971,0.9949,0.9904,0.985,0.9246,0.74,0.9315,0.9093,0.8427,0.8049,0.8567,0.6868,0.8302,0.9432,0.7839,0.6188,0.9555,0.7261,0.6293,0.6059,0.6176,0.8562,0.5708,0.6203,0.784,0.5059,0.5572,0.3821,0.5908,0.6818,0.5894,0.5237,0.3238,0.4808,0.2623,0.5308,0.3123,0.2059,0.1693,0.3554,
1.0,0.999,0.9658,0.9648,0.9676,0.998,0.9955,0.9893,0.9843,0.9264,0.7332,0.9262,0.9083,0.8365,0.796,0.8539,0.6844,0.8234,0.9397,0.7862,0.61,0.9566,0.7271,0.6175,0.6052,0.6099,0.8556,0.5658,0.6266,0.7788,0.5096,0.5529,0.3899,0.5992,0.6829,0.5892,0.5216,0.3198,0.4846,0.2607,0.53,0.3082,0.212,0.1673,0.3578,
1.0,0.9989,0.9705,0.9694,0.9713,0.9978,0.9961,0.9926,0.987,0.9231,0.7374,0.935,0.9097,0.8367,0.8006,0.8587,0.693,0.8249,0.9434,0.7884,0.6111,0.9554,0.7223,0.627,0.6069,0.6162,0.8638,0.5679,0.62,0.7846,0.505,0.5496,0.3875,0.5882,0.6748,0.5766,0.517,0.3133,0.4781,0.256,0.5267,0.3098,0.2074,0.1586,0.3543,
1.0,0.9984,0.9658,0.9642,0.9721,0.998,0.9951,0.9881,0.9835,0.9222,0.7307,0.9305,0.905,0.8334,0.792,0.8544,0.6713,0.8207,0.9399,0.7786,0.6072,0.9515,0.7209,0.6215,0.6082,0.6093,0.8517,0.5611,0.6185,0.7789,0.5083,0.5443,0.3958,0.5884,0.6729,0.5803,0.5187,0.3137,0.4727,0.2574,0.5158,0.3101,0.2004,0.1618,0.3445,
1.0,0.9987,0.9655,0.9642,0.9703,0.997,0.9946,0.9911,0.9864,0.9226,0.7368,0.9295,0.9071,0.8386,0.8037,0.8542,0.6803,0.8261,0.9416,0.7818,0.6101,0.955,0.7229,0.6203,0.6094,0.614,0.8545,0.5649,0.6221,0.7807,0.4983,0.5471,0.3886,0.5934,0.6782,0.593,0.5254,0.311,0.4781,0.2658,0.5127,0.3089,0.2067,0.1651,0.3579,
1.0,0.9987,0.9664,0.9651,0.9671,0.9986,0.9954,0.9899,0.9844,0.9259,0.7373,0.9249,0.909,0.8399,0.7996,0.8529,0.6895,0.825,0.9393,0.7846,0.6096,0.9583,0.7228,0.618,0.6046,0.6185,0.8606,0.5785,0.6189,0.7843,0.5099,0.5619,0.3835,0.5907,0.6757,0.5831,0.5299,0.3228,0.4778,0.2584,0.527,0.3158,0.2109,0.1603,0.3551,
1.0,0.9992,0.9683,0.9675,0.9692,0.9965,0.9945,0.9918,0.9868,0.9211,0.7384,0.9312,0.9049,0.8421,0.8038,0.8531,0.6882,0.8284,0.9392,0.7784,0.6079,0.955,0.7207,0.6247,0.606,0.6153,0.8581,0.5718,0.6079,0.7777,0.5029,0.553,0.3906,0.5865,0.6654,0.5786,0.5226,0.3146,0.4722,0.256,0.5219,0.3049,0.1999,0.1592,0.3455,
1.0,0.9987,0.9671,0.9658,0.97,0.9968,0.9942,0.99,0.9849,0.9238,0.7323,0.9296,0.9056,0.8344,0.7952,0.855,0.6772,0.8212,0.937,0.7807,0.6017,0.9543,0.7193,0.6146,0.6013,0.6065,0.8521,0.5609,0.6167,0.7818,0.5052,0.547,0.379,0.592,0.6799,0.579,0.5148,0.3131,0.4759,0.2552,0.5228,0.3115,0.2142,0.158,0.355,
1.0,0.9995,0.9686,0.9681,0.9696,0.9979,0.9961,0.9908,0.9863,0.926,0.7396,0.9332,0.9114,0.8387,0.8032,0.8598,0.6811,0.8264,0.9408,0.7784,0.6109,0.9549,0.7244,0.6194,0.6105,0.6197,0.8491,0.5687,0.6254,0.7877,0.504,0.557,0.3802,0.589,0.6787,0.5871,0.523,0.3101,0.4803,0.2648,0.5271,0.3129,0.2091,0.1617,0.3504,
1.0,0.999,0.9711,0.9701,0.97,0.9965,0.9949,0.9906,0.9841,0.9265,0.742,0.9354,0.9106,0.8442,0.8056,0.8631,0.694,0.8311,0.9384,0.7906,0.6177,0.9523,0.7299,0.6299,0.6163,0.615,0.8623,0.5711,0.6302,0.7822,0.5078,0.5488,0.396,0.5944,0.6772,0.5926,0.5195,0.3165,0.4845,0.2628,0.5294,0.3198,0.2095,0.1618,0.3606,
1.0,0.9985,0.9662,0.9647,0.9724,0.9963,0.9942,0.9897,0.9828,0.9298,0.7409,0.9308,0.9113,0.8383,0.7951,0.8633,0.6831,0.8231,0.9385,0.7939,0.6178,0.9484,0.7293,0.625,0.6062,0.6163,0.8613,0.5692,0.6294,0.7881,0.5139,0.5466,0.3885,0.5848,0.6709,0.5883,0.5248,0.3183,0.487,0.2684,0.5292,0.3158,0.215,0.1635,0.3578,
1.0,0.9993,0.9683,0.9676,0.9691,0.998,0.9963,0.9909,0.9858,0.921,0.7385,0.932,0.9062,0.8452,0.8048,0.8546,0.6936,0.8327,0.942,0.7811,0.6115,0.9502,0.7148,0.6252,0.5993,0.6126,0.8622,0.5763,0.6129,0.7782,0.5052,0.5571,0.3942,0.5906,0.677,0.573,0.5207,0.3306,0.481,0.2605,0.5251,0.3133,0.2098,0.1554,0.3596,
1.0,0.9991,0.9676,0.9667,0.9692,0.9978,0.9958,0.9917,0.9874,0.9248,0.7417,0.9297,0.9099,0.8428,0.8059,0.8567,0.6929,0.8308,0.9418,0.784,0.6125,0.9517,0.7129,0.6225,0.5998,0.6171,0.8576,0.5741,0.6207,0.7791,0.5082,0.5533,0.3882,0.5847,0.6722,0.5798,0.5275,0.3237,0.4756,0.2685,0.5197,0.3118,0.2113,0.1659,0.3533,
1.0,0.9992,0.9686,0.9678,0.9643,0.9969,0.995,0.9898,0.9832,0.9217,0.7281,0.9266,0.9034,0.8375,0.7967,0.8502,0.6797,0.8223,0.9384,0.7746,0.6095,0.9516,0.7226,0.6189,0.6074,0.6082,0.8552,0.5659,0.6236,0.7757,0.495,0.5512,0.3847,0.5963,0.6743,0.5828,0.5193,0.3159,0.4774,0.2623,0.5225,0.3046,0.2055,0.1631,0.3545,
1.0,0.9994,0.9717,0.9711,0.9678,0.9982,0.9967,0.9914,0.9864,0.9263,0.7396,0.932,0.9106,0.8401,0.804,0.8602,0.6925,0.8279,0.9442,0.7809,0.6152,0.9555,0.7238,0.6286,0.6136,0.6217,0.8583,0.5778,0.6207,0.7862,0.5166,0.562,0.3908,0.5919,0.6778,0.58,0.5188,0.3284,0.4769,0.2574,0.521,0.3105,0.2072,0.1661,0.3493,
1.0,0.9994,0.9671,0.9665,0.9735,0.9966,0.9943,0.9903,0.986,0.9211,0.7417,0.9343,0.9031,0.843,0.8031,0.8571,0.6862,0.8294,0.9413,0.7819,0.6109,0.9494,0.7175,0.6292,0.6092,0.6169,0.855,0.5691,0.6161,0.781,0.5064,0.5518,0.3913,0.5895,0.6643,0.5823,0.5183,0.3185,0.4757,0.2592,0.5146,0.3108,0.2066,0.1585,0.3499,
1.0,0.9993,0.9673,0.9666,0.9688,0.9982,0.9967,0.9933,0.9886,0.9236,0.7439,0.9301,0.9108,0.8436,0.8085,0.8543,0.6915,0.8299,0.9384,0.7794,0.6144,0.9547,0.7214,0.6251,0.5988,0.6141,0.8548,0.5666,0.6251,0.7841,0.5018,0.5562,0.3761,0.5844,0.6797,0.5841,0.5187,0.3116,0.4689,0.2719,0.5255,0.2985,0.2064,0.1589,0.3546,
1.0,0.9991,0.9678,0.9669,0.9711,0.9984,0.9967,0.9912,0.9846,0.9214,0.7378,0.9322,0.9068,0.8398,0.8001,0.8533,0.6835,0.8261,0.9423,0.7808,0.6065,0.9532,0.7135,0.6187,0.6006,0.6193,0.8552,0.5679,0.6142,0.7811,0.5069,0.5561,0.3899,0.588,0.679,0.5762,0.5154,0.3197,0.4733,0.2569,0.5252,0.3127,0.2066,0.1585,0.3513,
1.0,0.9986,0.968,0.9666,0.9682,0.9975,0.9949,0.9894,0.9848,0.9243,0.7416,0.9288,0.9071,0.8458,0.8074,0.8546,0.6893,0.835,0.9395,0.7802,0.612,0.9554,0.7221,0.6248,0.605,0.6208,0.8541,0.5696,0.6169,0.7797,0.5038,0.557,0.3822,0.592,0.6754,0.581,0.5173,0.3163,0.4769,0.2615,0.523,0.3117,0.2132,0.1559,0.3565,
1.0,0.9987,0.9636,0.9623,0.9732,0.9972,0.9952,0.9901,0.9836,0.9242,0.7387,0.9298,0.9075,0.8402,0.7987,0.8554,0.6828,0.8273,0.9381,0.7867,0.61,0.9534,0.725,0.6228,0.6089,0.6128,0.8583,0.5665,0.6181,0.7866,0.5092,0.5549,0.3889,0.5929,0.677,0.5764,0.5156,0.317,0.4768,0.2613,0.5291,0.3153,0.2128,0.1623,0.3597,
1.0,0.9986,0.9685,0.9671,0.9699,0.9976,0.9953,0.9893,0.9834,0.9258,0.7349,0.9322,0.9101,0.8377,0.7978,0.8597,0.6851,0.8251,0.9393,0.7882,0.6118,0.9492,0.7185,0.6237,0.5989,0.6117,0.8558,0.5665,0.6249,0.7817,0.5048,0.5549,0.3836,0.5898,0.6756,0.5754,0.5153,0.311,0.4821,0.2647,0.5263,0.3106,0.2085,0.1605,0.3531,
1.0,0.9986,0.9646,0.9632,0.9697,0.9971,0.9951,0.991,0.9852,0.9295,0.744,0.9284,0.9148,0.8415,0.8046,0.8584,0.6835,0.8284,0.9408,0.7873,0.6102,0.9544,0.7229,0.6135,0.5985,0.6213,0.8551,0.5699,0.6143,0.7895,0.5114,0.5504,0.383,0.5903,0.6756,0.5804,0.5253,0.3179,0.4833,0.2602,0.5246,0.3147,0.2072,0.16,0.3492,
1.0,0.9989,0.9677,0.9666,0.9693,0.9968,0.9947,0.9903,0.9855,0.9276,0.74,0.9303,0.9113,0.8391,0.7989,0.8583,0.6794,0.8263,0.9393,0.7819,0.6115,0.9533,0.7243,0.6169,0.6028,0.6091,0.853,0.5572,0.6189,0.7791,0.5079,0.542,0.3886,0.5899,0.6687,0.5796,0.5208,0.3101,0.4791,0.2543,0.5164,0.3147,0.2071,0.1636,0.3515,
1.0,0.9992,0.9643,0.9635,0.966,0.9972,0.9952,0.9919,0.9863,0.9269,0.7344,0.9235,0.9106,0.8354,0.7978,0.8509,0.6816,0.8219,0.9424,0.7814,0.6071,0.9549,0.7218,0.6128,0.5989,0.6144,0.8552,0.5665,0.618,0.7792,0.5014,0.5503,0.375,0.5918,0.6776,0.5843,0.5182,0.3149,0.475,0.2542,0.5257,0.3033,0.2026,0.16,0.3567,
1.0,0.9989,0.9686,0.9675,0.9698,0.9977,0.9959,0.9919,0.9851,0.9256,0.7391,0.9309,0.9106,0.8393,0.8008,0.8578,0.6871,0.8272,0.9416,0.7854,0.6141,0.9541,0.7273,0.6263,0.6134,0.617,0.8643,0.5688,0.6268,0.7888,0.4958,0.556,0.3861,0.5918,0.6788,0.5858,0.5215,0.3103,0.4867,0.2602,0.532,0.3151,0.2092,0.1603,0.3631,
1.0,0.9988,0.9694,0.9682,0.9663,0.9963,0.9943,0.9902,0.9855,0.9207,0.7317,0.9281,0.9027,0.8372,0.7969,0.8487,0.6806,0.8265,0.9421,0.7709,0.608,0.9521,0.7144,0.6195,0.6019,0.6073,0.8498,0.557,0.6139,0.7685,0.4961,0.5431,0.3836,0.5941,0.6732,0.5794,0.5157,0.3086,0.4815,0.2519,0.5241,0.3099,0.2033,0.1578,0.3557,
1.0,0.9989,0.9659,0.9648,0.9718,0.9977,0.996,0.991,0.9853,0.9194,0.7357,0.9317,0.9052,0.8398,0.8028,0.8532,0.6877,0.8268,0.9417,0.7831,0.6053,0.9526,0.7087,0.6195,0.6001,0.6195,0.8574,0.5709,0.6119,0.7754,0.5046,0.5532,0.3862,0.5858,0.6721,0.5757,0.5293,0.3116,0.4826,0.2633,0.5285,0.3123,0.2083,0.1606,0.3606,
1.0,0.999,0.9684,0.9674,0.9684,0.998,0.9964,0.9936,0.9882,0.9255,0.7385,0.9302,0.9125,0.8391,0.8057,0.8571,0.6897,0.8265,0.9431,0.7862,0.6122,0.9556,0.7174,0.622,0.596,0.6145,0.8616,0.5665,0.6182,0.782,0.5016,0.5525,0.379,0.5846,0.683,0.5801,0.5199,0.3168,0.4768,0.2615,0.5338,0.3025,0.2059,0.1655,0.348,
1.0,0.9994,0.9666,0.966,0.9742,0.9973,0.9961,0.9913,0.9858,0.9205,0.7418,0.9345,0.905,0.8433,0.8055,0.8571,0.6877,0.8294,0.9387,0.7852,0.6103,0.9524,0.714,0.628,0.6028,0.6136,0.8559,0.5687,0.6145,0.7855,0.5075,0.5534,0.3817,0.5811,0.6725,0.5772,0.5264,0.3154,0.4668,0.2682,0.5179,0.3077,0.2065,0.1658,0.3534,
1.0,0.9993,0.9702,0.9695,0.9706,0.9978,0.9963,0.9926,0.9866,0.9212,0.7344,0.9353,0.9075,0.8374,0.7992,0.858,0.685,0.8244,0.9407,0.7804,0.6086,0.9552,0.7227,0.6235,0.608,0.61,0.8619,0.567,0.6183,0.7825,0.5065,0.5522,0.3926,0.5868,0.6755,0.5726,0.5159,0.3138,0.471,0.253,0.5228,0.3095,0.2105,0.1549,0.3493,
1.0,0.999,0.9696,0.9686,0.9699,0.9974,0.9955,0.9909,0.9855,0.921,0.7366,0.9339,0.9061,0.8407,0.8038,0.8561,0.691,0.8281,0.9434,0.7822,0.613,0.951,0.7226,0.6297,0.6073,0.617,0.8621,0.5733,0.6217,0.7804,0.5015,0.5541,0.3916,0.5939,0.6808,0.5828,0.5165,0.325,0.4854,0.2588,0.5263,0.3154,0.2087,0.1599,0.3615,
1.0,0.9992,0.9674,0.9666,0.9714,0.9969,0.9954,0.99,0.9849,0.9228,0.7383,0.9336,0.9066,0.8416,0.8037,0.8582,0.6875,0.8288,0.9393,0.786,0.6122,0.9495,0.7215,0.6261,0.6065,0.6141,0.8592,0.5734,0.6197,0.7841,0.5116,0.5544,0.3933,0.5835,0.6716,0.5784,0.5196,0.3199,0.4726,0.2642,0.5135,0.3097,0.2071,0.1574,0.3527,
1.0,0.9987,0.9674,0.9661,0.9694,0.9968,0.9941,0.9899,0.9847,0.9233,0.7301,0.9304,0.9069,0.8352,0.7975,0.854,0.6796,0.8211,0.9387,0.7826,0.6021,0.949,0.716,0.6148,0.5968,0.6075,0.8579,0.5641,0.6092,0.7859,0.4989,0.5481,0.3806,0.583,0.6735,0.5742,0.517,0.3157,0.4723,0.2524,0.5143,0.3081,0.2046,0.1553,0.3464,
1.0,0.999,0.9676,0.9666,0.9687,0.9967,0.995,0.9911,0.9847,0.9211,0.7339,0.9308,0.9058,0.8401,0.8026,0.8521,0.6829,0.8273,0.9391,0.7806,0.6077,0.9513,0.7179,0.6179,0.6043,0.6118,0.8581,0.5618,0.6132,0.7765,0.4883,0.5465,0.3888,0.5895,0.6753,0.576,0.5218,0.3125,0.4849,0.2609,0.5286,0.3101,0.2042,0.1661,0.3579,
1.0,0.9991,0.9674,0.9665,0.9678,0.9971,0.995,0.9906,0.9845,0.9277,0.7428,0.9306,0.9129,0.843,0.8054,0.859,0.6827,0.8283,0.9385,0.7813,0.6158,0.9513,0.725,0.6201,0.603,0.6174,0.8552,0.5655,0.6224,0.7839,0.5004,0.5512,0.391,0.5979,0.6794,0.5826,0.5196,0.3124,0.4842,0.2618,0.5283,0.3215,0.2143,0.1603,0.3649,
1.0,0.9984,0.9658,0.9642,0.9712,0.9979,0.9957,0.9911,0.9839,0.9237,0.737,0.9295,0.9091,0.8389,0.8008,0.8558,0.6828,0.8251,0.9389,0.7844,0.6087,0.9551,0.7227,0.619,0.605,0.6167,0.8594,0.5635,0.6171,0.7862,0.503,0.5474,0.3969,0.5904,0.6733,0.5811,0.5242,0.3148,0.4816,0.261,0.5227,0.3139,0.2078,0.164,0.3568,
1.0,0.9982,0.9733,0.9715,0.971,0.9971,0.9943,0.9899,0.9829,0.9199,0.7361,0.9371,0.9042,0.8439,0.8041,0.8585,0.6913,0.8282,0.9357,0.7804,0.6057,0.9537,0.7138,0.624,0.6067,0.6118,0.8553,0.5643,0.6181,0.7756,0.4894,0.5538,0.3788,0.5967,0.6761,0.5778,0.5146,0.314,0.4797,0.2524,0.5303,0.2984,0.2022,0.1627,0.3544,
1.0,0.9992,0.9673,0.9665,0.9697,0.998,0.9961,0.9909,0.9869,0.9251,0.7456,0.9313,0.9103,0.8432,0.8093,0.8574,0.6935,0.8317,0.9432,0.7873,0.6157,0.956,0.7245,0.6271,0.6079,0.6228,0.8582,0.5718,0.6269,0.7848,0.5106,0.5584,0.3854,0.5989,0.6772,0.5912,0.5214,0.3153,0.483,0.2721,0.5263,0.3151,0.2123,0.1648,0.3626,
1.0,0.9992,0.9681,0.9673,0.9689,0.9969,0.9947,0.9912,0.9863,0.923,0.7383,0.9315,0.9079,0.8416,0.8073,0.8553,0.6923,0.8292,0.9394,0.7855,0.608,0.954,0.7179,0.6196,0.6024,0.6157,0.8571,0.5737,0.613,0.7797,0.5064,0.555,0.386,0.5861,0.6727,0.5785,0.5196,0.3177,0.4776,0.257,0.529,0.3105,0.2093,0.1594,0.3618,
1.0,0.9986,0.9644,0.963,0.9693,0.998,0.9958,0.9899,0.9837,0.9238,0.729,0.9262,0.9078,0.833,0.7922,0.8517,0.6799,0.8199,0.9422,0.786,0.6043,0.952,0.7207,0.6151,0.6024,0.612,0.8594,0.5643,0.6132,0.7782,0.4992,0.5428,0.3839,0.5831,0.6716,0.5801,0.5189,0.315,0.4752,0.2556,0.5178,0.3041,0.2057,0.1606,0.344,
1.0,0.9992,0.9732,0.9724,0.9669,0.9977,0.9959,0.9901,0.9848,0.9223,0.7319,0.9339,0.9065,0.8368,0.799,0.8571,0.6868,0.8234,0.9446,0.7777,0.6031,0.9553,0.7158,0.6195,0.6023,0.6081,0.8547,0.5622,0.6136,0.7755,0.5045,0.5481,0.3829,0.5984,0.6824,0.5787,0.5274,0.3223,0.4833,0.2521,0.529,0.308,0.2074,0.1709,0.3505,
1.0,0.9991,0.9678,0.9669,0.9683,0.9966,0.9944,0.9915,0.986,0.926,0.736,0.9299,0.91,0.8384,0.8018,0.8567,0.6875,0.8245,0.9413,0.7865,0.6096,0.9523,0.7193,0.6182,0.6046,0.617,0.8593,0.5711,0.6185,0.7822,0.5049,0.5546,0.383,0.579,0.6667,0.5771,0.5197,0.3149,0.476,0.2647,0.5254,0.3066,0.2087,0.1612,0.3484,
1.0,0.9994,0.9688,0.9682,0.9681,0.998,0.996,0.9912,0.9847,0.9199,0.7366,0.9314,0.9058,0.8437,0.8068,0.8535,0.6884,0.8288,0.9365,0.7797,0.6086,0.9545,0.7156,0.6235,0.6042,0.6128,0.8572,0.5697,0.6137,0.7761,0.4946,0.5547,0.3877,0.59,0.676,0.5682,0.5179,0.312,0.4704,0.2509,0.5226,0.3054,0.2056,0.1592,0.3547,
1.0,0.9988,0.9654,0.9642,0.9722,0.9971,0.9948,0.9905,0.9843,0.9222,0.7435,0.9309,0.9056,0.8484,0.8099,0.8538,0.6976,0.8342,0.9383,0.7893,0.6225,0.955,0.7283,0.6348,0.6156,0.6212,0.8618,0.5769,0.6271,0.7854,0.5018,0.5543,0.3927,0.5959,0.6727,0.5863,0.5211,0.3178,0.4891,0.2699,0.5253,0.3175,0.2046,0.1629,0.3697,
1.0,0.9984,0.9677,0.9661,0.9683,0.9977,0.995,0.9898,0.9857,0.9233,0.7365,0.9287,0.9072,0.8398,0.8002,0.8529,0.683,0.8273,0.9393,0.7768,0.6038,0.9555,0.7189,0.6137,0.6038,0.6138,0.8543,0.5689,0.6198,0.7806,0.5011,0.5569,0.3793,0.5944,0.6819,0.5781,0.5196,0.3154,0.4712,0.2554,0.5272,0.3108,0.2064,0.1624,0.3569,
1.0,0.999,0.9679,0.9669,0.9687,0.9977,0.996,0.9913,0.9865,0.9218,0.7313,0.9294,0.9059,0.8362,0.7969,0.8524,0.6799,0.8252,0.9436,0.7754,0.6086,0.9563,0.7264,0.6254,0.6079,0.6075,0.8532,0.5629,0.6231,0.777,0.5027,0.5472,0.379,0.586,0.6787,0.5885,0.5229,0.3143,0.4792,0.261,0.5229,0.3086,0.2088,0.1574,0.3513,
1.0,0.9984,0.9682,0.9666,0.9731,0.9971,0.9946,0.9909,0.9853,0.9245,0.7373,0.935,0.9102,0.8342,0.7964,0.8613,0.6819,0.8211,0.9406,0.7871,0.607,0.9534,0.7195,0.6197,0.6044,0.6129,0.8597,0.5638,0.6127,0.7904,0.5037,0.5459,0.3831,0.5847,0.6767,0.5789,0.5174,0.3106,0.4773,0.2571,0.5221,0.3121,0.2054,0.1588,0.3484,
1.0,0.999,0.9646,0.9636,0.9694,0.9978,0.9954,0.9898,0.9853,0.9243,0.7326,0.9272,0.9075,0.8354,0.7961,0.8522,0.6856,0.8221,0.942,0.7855,0.6086,0.9518,0.7265,0.6177,0.6018,0.607,0.8616,0.5675,0.618,0.7838,0.5004,0.5507,0.3917,0.5917,0.6765,0.5811,0.531,0.3089,0.4822,0.2613,0.5285,0.3068,0.2098,0.1645,0.3585,
1.0,0.9985,0.9646,0.9631,0.9714,0.9981,0.9962,0.99,0.9834,0.92,0.7361,0.9296,0.9056,0.8424,0.8025,0.8507,0.6817,0.8288,0.9403,0.7789,0.6052,0.955,0.7189,0.6191,0.6102,0.6167,0.8581,0.5734,0.6154,0.7814,0.4987,0.5592,0.3866,0.5945,0.677,0.5817,0.5225,0.3198,0.4881,0.2563,0.5256,0.3118,0.2049,0.1607,0.3598,
1.0,0.9992,0.9679,0.9671,0.9694,0.9979,0.996,0.9897,0.9854,0.9246,0.733,0.9315,0.9085,0.8352,0.7978,0.858,0.6772,0.8244,0.9417,0.7808,0.6076,0.9527,0.7205,0.6215,0.6018,0.6083,0.8468,0.5642,0.6231,0.7786,0.4985,0.5489,0.3799,0.5897,0.6745,0.5842,0.513,0.3081,0.4754,0.2572,0.5281,0.3057,0.2019,0.1664,0.3467,
1.0,0.9987,0.9704,0.9691,0.9693,0.998,0.9954,0.9889,0.9837,0.9221,0.736,0.933,0.9054,0.8433,0.8035,0.8566,0.6911,0.8301,0.94,0.7825,0.6162,0.9533,0.7272,0.6296,0.616,0.6138,0.8615,0.5692,0.6316,0.7787,0.5014,0.555,0.3864,0.5941,0.6857,0.592,0.5316,0.3203,0.48,0.2727,0.5301,0.3162,0.2076,0.1665,0.3626,
1.0,0.9989,0.9693,0.9682,0.9716,0.9972,0.9952,0.9909,0.9857,0.9205,0.7412,0.9331,0.9036,0.8448,0.8056,0.8547,0.6877,0.831,0.9429,0.7774,0.6127,0.9561,0.7176,0.6292,0.6094,0.6196,0.8511,0.5713,0.6203,0.7766,0.4987,0.5578,0.383,0.5918,0.6817,0.5857,0.527,0.3119,0.4723,0.2624,0.5187,0.3032,0.2039,0.1614,0.3543,
1.0,0.9987,0.9663,0.965,0.9707,0.9969,0.9949,0.9901,0.9838,0.9256,0.7399,0.9301,0.9088,0.8406,0.8007,0.8569,0.6852,0.8276,0.9408,0.7848,0.6139,0.9504,0.7219,0.6265,0.6028,0.6162,0.8546,0.5696,0.6201,0.7842,0.509,0.5529,0.3896,0.5854,0.6731,0.5814,0.5182,0.3185,0.479,0.2587,0.5284,0.3113,0.209,0.1608,0.3469,
1.0,0.9987,0.9683,0.967,0.9686,0.9976,0.9954,0.9896,0.9832,0.9239,0.743,0.9289,0.9062,0.8463,0.8047,0.8529,0.6944,0.8321,0.9383,0.7821,0.6094,0.9545,0.7147,0.621,0.6015,0.6215,0.8577,0.5722,0.616,0.7791,0.5094,0.5569,0.3812,0.5927,0.6766,0.5763,0.5227,0.3265,0.4773,0.2656,0.5237,0.3124,0.2096,0.1549,0.3577,
1.0,0.9988,0.9673,0.9661,0.9663,0.9978,0.9959,0.9913,0.986,0.9205,0.727,0.9268,0.9059,0.8335,0.7955,0.848,0.6782,0.8204,0.9397,0.777,0.6028,0.9537,0.7207,0.6152,0.5914,0.5972,0.8561,0.5528,0.6057,0.7756,0.5025,0.5309,0.3819,0.5809,0.6676,0.5716,0.521,0.3068,0.4701,0.2548,0.5223,0.3039,0.2013,0.1603,0.3348,
1.0,0.9987,0.9651,0.9638,0.9709,0.9974,0.9948,0.9901,0.9858,0.9222,0.7406,0.9298,0.9064,0.8419,0.8063,0.8528,0.6905,0.8292,0.9404,0.7883,0.6109,0.95,0.7185,0.6206,0.6051,0.6207,0.8604,0.5763,0.6138,0.7842,0.5015,0.5527,0.3856,0.58,0.6711,0.5792,0.5193,0.3183,0.4716,0.2621,0.5258,0.3089,0.2067,0.1622,0.3478,
1.0,0.9981,0.9722,0.9703,0.9709,0.9974,0.9947,0.988,0.9819,0.9228,0.7373,0.9348,0.9049,0.8433,0.8011,0.8585,0.6923,0.8303,0.9348,0.7864,0.6058,0.9503,0.7212,0.6233,0.6059,0.613,0.8573,0.5774,0.6235,0.7854,0.5039,0.5627,0.3871,0.5899,0.6748,0.574,0.5097,0.3162,0.4742,0.2538,0.5337,0.3118,0.2101,0.1612,0.3518,
1.0,0.9988,0.9671,0.9659,0.9683,0.9973,0.9948,0.9894,0.9849,0.926,0.7352,0.9281,0.908,0.8364,0.7995,0.8548,0.6881,0.8235,0.942,0.7879,0.6071,0.9519,0.7233,0.6153,0.6044,0.6144,0.8588,0.5732,0.616,0.7877,0.5112,0.5535,0.3791,0.5865,0.6751,0.58,0.5255,0.3212,0.4723,0.2634,0.5261,0.3088,0.2094,0.1628,0.3529,
1.0,0.9991,0.9662,0.9653,0.9711,0.9972,0.9958,0.9918,0.9853,0.9229,0.7369,0.9305,0.9075,0.8396,0.8024,0.8537,0.6837,0.8273,0.943,0.7834,0.6056,0.9541,0.7135,0.6176,0.5909,0.6144,0.8521,0.5616,0.6064,0.7797,0.5006,0.5448,0.3803,0.5825,0.6685,0.5703,0.5206,0.3071,0.4638,0.2548,0.5143,0.3001,0.2016,0.1603,0.3516,
1.0,0.9992,0.9667,0.9659,0.9708,0.997,0.9953,0.9921,0.9855,0.924,0.7337,0.9317,0.9091,0.8342,0.7969,0.8572,0.6787,0.8191,0.9374,0.7832,0.5999,0.9521,0.7178,0.6117,0.6027,0.611,0.8584,0.5654,0.6172,0.7862,0.5091,0.5474,0.394,0.5958,0.6793,0.5794,0.5166,0.3148,0.4774,0.2549,0.5299,0.321,0.2125,0.1611,0.3574,
1.0,0.999,0.9682,0.9672,0.9727,0.9975,0.9955,0.9898,0.9836,0.9227,0.733,0.9348,0.906,0.838,0.799,0.8597,0.6842,0.8245,0.9433,0.7875,0.6081,0.9525,0.7154,0.6248,0.608,0.6141,0.8534,0.5724,0.6231,0.7827,0.4998,0.5537,0.3758,0.5915,0.6851,0.582,0.526,0.3058,0.4779,0.2634,0.5282,0.312,0.2022,0.1607,0.3549,
1.0,0.9988,0.9703,0.9691,0.9676,0.9967,0.994,0.991,0.9855,0.9229,0.7351,0.9323,0.9081,0.8396,0.8021,0.8562,0.6902,0.8252,0.9419,0.7831,0.6196,0.9538,0.73,0.6302,0.6102,0.6121,0.8588,0.5678,0.6244,0.7779,0.499,0.5523,0.3949,0.5944,0.6835,0.5901,0.5328,0.3138,0.4782,0.2645,0.5272,0.3079,0.2039,0.1722,0.354,
1.0,0.9992,0.968,0.9672,0.9711,0.9976,0.9952,0.9911,0.9858,0.9235,0.7365,0.9342,0.9094,0.8388,0.8044,0.8581,0.6928,0.8249,0.9412,0.7922,0.6049,0.9534,0.7169,0.6191,0.6043,0.615,0.8638,0.5701,0.6217,0.7821,0.5009,0.5506,0.3785,0.5951,0.6772,0.5736,0.5249,0.3103,0.4868,0.2619,0.5303,0.3052,0.2059,0.1573,0.3617,
1.0,0.9985,0.9649,0.9634,0.9671,0.9972,0.9949,0.991,0.9857,0.9226,0.733,0.9256,0.9075,0.8368,0.7997,0.85,0.6782,0.8232,0.942,0.7807,0.6087,0.9555,0.7187,0.6136,0.6007,0.6109,0.8565,0.5631,0.6135,0.7758,0.5067,0.5391,0.385,0.5849,0.6705,0.5827,0.5273,0.3145,0.4838,0.253,0.5208,0.3131,0.2042,0.1619,0.3576,
1.0,0.9992,0.9668,0.966,0.9684,0.9964,0.995,0.9902,0.984,0.9241,0.7393,0.9283,0.9064,0.8463,0.8074,0.8542,0.6969,0.8327,0.9417,0.7883,0.6147,0.9484,0.7186,0.6261,0.6085,0.626,0.859,0.59,0.6227,0.7798,0.5016,0.5719,0.3866,0.589,0.678,0.582,0.5273,0.3197,0.4828,0.2691,0.5323,0.3122,0.2083,0.168,0.3596,
1.0,0.9991,0.9631,0.9622,0.9698,0.9976,0.9954,0.99,0.9846,0.9237,0.7354,0.927,0.908,0.8407,0.8064,0.8521,0.6887,0.8282,0.9413,0.7906,0.6125,0.9528,0.721,0.6224,0.5987,0.6146,0.8587,0.5737,0.6185,0.7802,0.4993,0.5494,0.3786,0.5859,0.6694,0.5834,0.5253,0.3044,0.4816,0.2684,0.525,0.3065,0.2031,0.1611,0.3674,
1.0,0.9986,0.9676,0.9662,0.9656,0.9968,0.9946,0.9887,0.9833,0.9227,0.7272,0.9258,0.9043,0.8356,0.7961,0.8502,0.6767,0.8221,0.9415,0.7752,0.6081,0.9532,0.7233,0.6169,0.6021,0.6055,0.8503,0.5597,0.617,0.7746,0.4957,0.5453,0.3855,0.5944,0.6813,0.5871,0.5265,0.3103,0.4783,0.2528,0.5223,0.3066,0.2041,0.168,0.3552,
1.0,0.9989,0.9685,0.9674,0.9678,0.9966,0.9943,0.989,0.9849,0.9203,0.7309,0.9297,0.9018,0.8402,0.8031,0.8515,0.6821,0.8288,0.9437,0.7728,0.6111,0.95,0.7189,0.6268,0.6032,0.6149,0.8482,0.5668,0.6191,0.7755,0.4986,0.5605,0.3824,0.5865,0.6784,0.5783,0.5173,0.3169,0.4694,0.2566,0.521,0.305,0.2125,0.1614,0.3462,
1.0,0.9993,0.9711,0.9704,0.9682,0.9971,0.9956,0.9908,0.9859,0.9252,0.7393,0.9329,0.9086,0.8418,0.8058,0.8589,0.6908,0.8295,0.9392,0.7837,0.6183,0.9545,0.7304,0.6282,0.6167,0.6158,0.8576,0.5682,0.6229,0.7854,0.4982,0.5578,0.3878,0.5937,0.6783,0.5851,0.5175,0.3086,0.484,0.2684,0.5301,0.3047,0.2074,0.1636,0.3643,
1.0,0.9987,0.9673,0.966,0.9695,0.9972,0.9949,0.9911,0.9869,0.9234,0.7382,0.9294,0.9069,0.8401,0.8033,0.854,0.6851,0.8266,0.9359,0.7805,0.6029,0.9571,0.7239,0.6182,0.608,0.6052,0.8525,0.5584,0.6206,0.7767,0.4924,0.5426,0.3782,0.5924,0.6722,0.5844,0.5235,0.3026,0.4852,0.2646,0.5238,0.3051,0.1956,0.1682,0.3562,
1.0,0.9995,0.965,0.9645,0.9711,0.9977,0.9963,0.9909,0.9855,0.9208,0.7312,0.9301,0.905,0.834,0.796,0.8522,0.6814,0.8207,0.9431,0.7839,0.6074,0.9481,0.7183,0.6213,0.5985,0.6051,0.8591,0.558,0.6201,0.781,0.4979,0.5396,0.3878,0.5857,0.6668,0.5806,0.5225,0.3023,0.473,0.2586,0.5187,0.3059,0.2037,0.1585,0.3509,
1.0,0.9987,0.9646,0.9633,0.9686,0.9972,0.9947,0.9911,0.9856,0.9251,0.7327,0.9269,0.9101,0.8347,0.7986,0.8538,0.6742,0.8215,0.9423,0.7804,0.6168,0.9533,0.7293,0.6224,0.6144,0.6138,0.8519,0.5624,0.627,0.7834,0.5097,0.5492,0.3892,0.5908,0.6712,0.598,0.5208,0.3207,0.4687,0.2652,0.5127,0.3137,0.2054,0.1628,0.3472,
1.0,0.999,0.9682,0.9672,0.9724,0.9975,0.9959,0.9911,0.9846,0.9187,0.7303,0.9347,0.9042,0.8351,0.7982,0.8543,0.6788,0.8221,0.9439,0.7798,0.6067,0.953,0.7209,0.6229,0.6116,0.6097,0.8583,0.5673,0.6144,0.7899,0.5127,0.5502,0.3953,0.5838,0.6713,0.5811,0.5225,0.3225,0.4697,0.251,0.5155,0.3169,0.2078,0.1621,0.3433,
1.0,0.9988,0.9675,0.9663,0.9711,0.9977,0.995,0.9896,0.9844,0.9226,0.7413,0.9332,0.9076,0.844,0.805,0.8573,0.6848,0.8289,0.9394,0.7816,0.6114,0.9529,0.7167,0.6237,0.595,0.6185,0.852,0.5734,0.6113,0.7805,0.5121,0.5617,0.3902,0.591,0.683,0.5769,0.5199,0.3243,0.4781,0.2561,0.5251,0.3171,0.2099,0.1639,0.3565,
1.0,0.9988,0.9675,0.9663,0.9672,0.9972,0.9949,0.9889,0.9818,0.9246,0.7348,0.9277,0.9071,0.8435,0.8028,0.8553,0.6895,0.8294,0.94,0.7837,0.6155,0.9531,0.7229,0.6275,0.6053,0.6187,0.8569,0.5756,0.6234,0.7766,0.4986,0.561,0.3896,0.5935,0.6783,0.5788,0.5271,0.3188,0.4827,0.2655,0.5338,0.3104,0.2077,0.1657,0.3609,
1.0,0.9987,0.9685,0.9672,0.9678,0.9972,0.995,0.9897,0.984,0.9234,0.7349,0.9295,0.9066,0.8406,0.8022,0.8554,0.6876,0.8267,0.9373,0.7826,0.6133,0.9522,0.7271,0.6255,0.606,0.6108,0.8587,0.5668,0.6223,0.7799,0.4989,0.5505,0.3939,0.5935,0.6706,0.5808,0.5216,0.317,0.4876,0.2644,0.5294,0.3072,0.2028,0.164,0.3516,
1.0,0.9993,0.971,0.9703,0.9677,0.9981,0.9963,0.9911,0.9849,0.9218,0.7313,0.9334,0.9072,0.8372,0.8016,0.8559,0.6841,0.8235,0.9409,0.7785,0.6048,0.9565,0.7219,0.6182,0.6111,0.6144,0.856,0.5673,0.6188,0.7821,0.4971,0.5581,0.3881,0.6063,0.6801,0.5785,0.5268,0.3211,0.4784,0.2611,0.5253,0.3062,0.2006,0.1684,0.3504,
1.0,0.9993,0.9691,0.9684,0.9696,0.9966,0.9951,0.9922,0.9864,0.921,0.7329,0.9325,0.9056,0.8362,0.7973,0.8552,0.6797,0.8233,0.9383,0.7787,0.6001,0.9532,0.7172,0.6164,0.6053,0.6026,0.8577,0.5586,0.6187,0.7781,0.4975,0.5409,0.3889,0.594,0.6748,0.5816,0.5268,0.3114,0.4805,0.2585,0.525,0.3114,0.2061,0.1682,0.3569,
1.0,0.9992,0.9662,0.9654,0.9735,0.9968,0.9954,0.9926,0.9868,0.9251,0.7416,0.9331,0.9097,0.8408,0.8017,0.8588,0.6834,0.8281,0.9456,0.7834,0.6149,0.9531,0.7255,0.6293,0.6122,0.6216,0.8608,0.5766,0.6195,0.787,0.5161,0.5546,0.3926,0.588,0.6701,0.5851,0.5222,0.3199,0.4828,0.2624,0.523,0.3124,0.2016,0.1635,0.3524,
1.0,0.9988,0.9679,0.9667,0.9715,0.9975,0.9953,0.9898,0.9844,0.9186,0.7362,0.9342,0.904,0.8407,0.8045,0.8537,0.6877,0.8275,0.9418,0.7842,0.609,0.9521,0.711,0.6224,0.6001,0.6134,0.8558,0.5704,0.6184,0.7786,0.495,0.5572,0.3802,0.5951,0.6805,0.575,0.5251,0.3102,0.4801,0.2592,0.5257,0.3004,0.2102,0.1588,0.3585,
1.0,0.9994,0.968,0.9674,0.9718,0.9975,0.996,0.9904,0.9846,0.9226,0.7399,0.9346,0.9069,0.8416,0.8076,0.859,0.6956,0.8274,0.9369,0.7949,0.6032,0.9504,0.7123,0.617,0.6045,0.6202,0.8649,0.5734,0.6146,0.7877,0.5052,0.5546,0.3884,0.598,0.6745,0.5747,0.5214,0.317,0.4866,0.2615,0.5255,0.3128,0.2127,0.1651,0.3652,
1.0,0.9986,0.9683,0.9669,0.9697,0.9981,0.9959,0.9902,0.9848,0.9203,0.737,0.9304,0.9043,0.8435,0.8046,0.852,0.6855,0.8314,0.9428,0.776,0.6129,0.9527,0.7193,0.6296,0.6012,0.6162,0.8551,0.5677,0.6151,0.7834,0.5034,0.5588,0.3813,0.5841,0.6764,0.5835,0.5235,0.3195,0.4715,0.2613,0.5187,0.3125,0.2131,0.1637,0.3509,
1.0,0.9987,0.969,0.9677,0.9678,0.9967,0.9942,0.9908,0.9841,0.9189,0.7259,0.9303,0.9034,0.8362,0.7982,0.8506,0.6798,0.8207,0.9406,0.7763,0.6029,0.9515,0.7164,0.6192,0.5971,0.6044,0.8562,0.5592,0.6117,0.774,0.4901,0.546,0.3747,0.5849,0.6754,0.5736,0.5256,0.3046,0.4732,0.2551,0.529,0.2953,0.1959,0.1609,0.348,
1.0,0.9988,0.9661,0.9649,0.9695,0.9967,0.9951,0.9907,0.9864,0.9259,0.7348,0.9304,0.9114,0.8366,0.7979,0.8572,0.6797,0.8249,0.9411,0.782,0.6075,0.9507,0.7235,0.6181,0.5976,0.6043,0.8572,0.558,0.6145,0.7777,0.4999,0.5411,0.3807,0.5778,0.6644,0.5828,0.522,0.312,0.4682,0.2541,0.5192,0.302,0.2033,0.1635,0.3423,
1.0,0.9993,0.9691,0.9684,0.9703,0.998,0.9964,0.9917,0.9854,0.9165,0.7277,0.9321,0.9007,0.8363,0.7973,0.8498,0.6855,0.8215,0.9407,0.776,0.6014,0.9526,0.7148,0.6221,0.6032,0.6006,0.8617,0.5576,0.6167,0.7776,0.502,0.5462,0.397,0.5972,0.6834,0.5785,0.5193,0.3175,0.4828,0.2544,0.527,0.3167,0.2084,0.1597,0.3612,
1.0,0.9987,0.9653,0.964,0.9658,0.9974,0.9953,0.9916,0.9857,0.9211,0.7315,0.9248,0.9075,0.8392,0.8022,0.8478,0.6833,0.8258,0.9425,0.7775,0.6122,0.9565,0.7242,0.6199,0.6029,0.6147,0.8559,0.5742,0.6115,0.778,0.5042,0.5513,0.3795,0.5776,0.6659,0.5813,0.5264,0.3202,0.4671,0.2559,0.5169,0.302,0.2019,0.1612,0.3448,
1.0,0.9991,0.9709,0.97,0.9728,0.9978,0.9956,0.9898,0.9857,0.9205,0.7369,0.9358,0.9029,0.8384,0.8005,0.8581,0.6858,0.8264,0.941,0.7788,0.6032,0.9543,0.7219,0.6242,0.6138,0.6119,0.8555,0.5618,0.6216,0.7832,0.5036,0.5519,0.3964,0.599,0.68,0.5793,0.5176,0.3171,0.4796,0.2554,0.5287,0.3091,0.2086,0.1612,0.3569,
1.0,0.999,0.9664,0.9654,0.9719,0.9982,0.996,0.9914,0.9867,0.9219,0.7436,0.9323,0.908,0.8447,0.8088,0.8566,0.6919,0.8317,0.9443,0.7836,0.6144,0.9511,0.7149,0.6283,0.5919,0.623,0.8577,0.5784,0.6146,0.7859,0.5019,0.5612,0.3788,0.5801,0.6808,0.5774,0.5248,0.319,0.4732,0.2565,0.5302,0.2995,0.2083,0.1629,0.3483,
1.0,0.9992,0.9671,0.9663,0.9709,0.9982,0.9968,0.9923,0.9868,0.9229,0.7366,0.9325,0.9102,0.8372,0.803,0.8569,0.6827,0.8237,0.9426,0.7799,0.6092,0.9525,0.7152,0.6226,0.5996,0.6183,0.8532,0.5676,0.615,0.7869,0.5057,0.5586,0.3806,0.5771,0.6798,0.5803,0.5215,0.3177,0.4707,0.253,0.5269,0.3077,0.2126,0.1677,0.3454,
1.0,0.9985,0.967,0.9655,0.9695,0.9959,0.994,0.9902,0.9847,0.9225,0.7342,0.9292,0.9052,0.8388,0.801,0.8528,0.6864,0.8259,0.9407,0.7875,0.6054,0.954,0.72,0.6191,0.5976,0.6089,0.8597,0.5638,0.613,0.7759,0.4965,0.5463,0.3826,0.5926,0.6869,0.5822,0.5326,0.3082,0.482,0.2624,0.5311,0.3033,0.2035,0.1619,0.3534,
1.0,0.9984,0.9652,0.9636,0.9681,0.9969,0.9943,0.9903,0.9849,0.927,0.7389,0.9261,0.9102,0.8408,0.8047,0.855,0.6834,0.8275,0.9418,0.7834,0.6174,0.9521,0.7284,0.6259,0.6113,0.6249,0.8532,0.5707,0.6234,0.7861,0.5027,0.5532,0.3875,0.5918,0.6631,0.5905,0.5218,0.318,0.4772,0.2624,0.5105,0.3123,0.2012,0.169,0.3529,
1.0,0.9989,0.9684,0.9673,0.9683,0.9965,0.9944,0.9924,0.9877,0.9292,0.7482,0.9296,0.9138,0.8462,0.8087,0.8589,0.6918,0.8334,0.9389,0.7829,0.6126,0.9523,0.7205,0.6214,0.6012,0.619,0.855,0.5671,0.6267,0.7802,0.5012,0.5517,0.3801,0.5878,0.6713,0.5803,0.5181,0.3175,0.4757,0.2675,0.5245,0.3077,0.2086,0.1578,0.3542,
1.0,0.9987,0.9683,0.967,0.9691,0.9978,0.9959,0.9913,0.9863,0.9234,0.7336,0.9312,0.9089,0.8358,0.8005,0.8554,0.6858,0.824,0.9445,0.7844,0.6078,0.9556,0.7278,0.6213,0.6093,0.6141,0.8609,0.5707,0.6198,0.7851,0.5066,0.5556,0.3888,0.588,0.6784,0.5875,0.5292,0.3172,0.4833,0.2642,0.5282,0.3135,0.2081,0.1662,0.3533,
1.0,0.9992,0.9699,0.9691,0.9726,0.9971,0.9953,0.9904,0.9851,0.9197,0.7295,0.9356,0.9027,0.833,0.7944,0.8559,0.681,0.8212,0.9397,0.7811,0.6048,0.9514,0.7211,0.626,0.6212,0.6093,0.8589,0.5588,0.6246,0.7769,0.4956,0.5439,0.3951,0.598,0.6744,0.5829,0.5151,0.3092,0.4815,0.2564,0.5305,0.3092,0.2069,0.166,0.3597,
1.0,0.999,0.9698,0.9688,0.9697,0.998,0.9962,0.9912,0.9856,0.9287,0.7384,0.9318,0.9124,0.8371,0.7995,0.8614,0.6829,0.8245,0.9384,0.7847,0.611,0.9556,0.7259,0.6236,0.6061,0.6133,0.8539,0.5563,0.6219,0.7888,0.5062,0.545,0.3865,0.5918,0.6705,0.5783,0.5125,0.3127,0.4761,0.2576,0.525,0.3087,0.1995,0.1658,0.3502,
1.0,0.9986,0.967,0.9656,0.9697,0.9963,0.9943,0.9902,0.9841,0.9233,0.7333,0.9302,0.9079,0.8368,0.7976,0.8553,0.6846,0.8242,0.9399,0.7882,0.6092,0.9542,0.7218,0.6204,0.6028,0.6072,0.8594,0.5683,0.6212,0.7821,0.5091,0.5482,0.3814,0.5881,0.6743,0.5835,0.5223,0.3112,0.4885,0.2655,0.5351,0.3061,0.2077,0.1576,0.3601,
1.0,0.9987,0.966,0.9647,0.9687,0.9977,0.9955,0.9891,0.9826,0.9222,0.7415,0.9271,0.9044,0.8494,0.8088,0.8507,0.6959,0.8356,0.9403,0.7831,0.6186,0.9536,0.7207,0.6302,0.6067,0.6211,0.86,0.5794,0.6156,0.7824,0.4966,0.5624,0.3834,0.5969,0.6736,0.585,0.5284,0.3124,0.4885,0.2672,0.5235,0.3139,0.2049,0.1591,0.3699,
1.0,0.999,0.9677,0.9667,0.9698,0.9969,0.9955,0.9905,0.9853,0.9263,0.7419,0.9312,0.9098,0.8422,0.8034,0.8578,0.6902,0.8311,0.9415,0.7867,0.6143,0.9516,0.7237,0.6234,0.6096,0.6194,0.8608,0.5716,0.6191,0.7789,0.498,0.5481,0.3907,0.5889,0.6732,0.5844,0.5283,0.3097,0.4772,0.2672,0.5275,0.3047,0.2057,0.169,0.3579,
1.0,0.9987,0.9704,0.9691,0.9699,0.9984,0.9958,0.9895,0.9852,0.9231,0.7399,0.9347,0.9086,0.8443,0.8065,0.8595,0.693,0.832,0.9414,0.7831,0.619,0.9494,0.7256,0.6344,0.6078,0.6137,0.8575,0.5704,0.6339,0.7801,0.5023,0.5604,0.3956,0.5934,0.6756,0.5907,0.5206,0.3148,0.4709,0.2693,0.5277,0.3074,0.2069,0.1638,0.3475,
1.0,0.9993,0.9679,0.9672,0.9706,0.998,0.9961,0.9908,0.9857,0.9245,0.746,0.9319,0.9085,0.8478,0.8099,0.8578,0.6975,0.834,0.9411,0.7857,0.6181,0.9542,0.722,0.6307,0.6111,0.6287,0.8593,0.582,0.6242,0.7837,0.5058,0.5717,0.3912,0.5955,0.6802,0.5819,0.5336,0.3211,0.4887,0.2765,0.5299,0.312,0.2112,0.1735,0.364,
1.0,0.9994,0.9669,0.9663,0.9693,0.9976,0.9956,0.9922,0.9863,0.9284,0.7387,0.9308,0.914,0.8368,0.7996,0.8605,0.6834,0.8223,0.9364,0.7867,0.6079,0.9553,0.7243,0.6129,0.6042,0.6107,0.8605,0.5665,0.617,0.7892,0.5088,0.5478,0.3871,0.5886,0.6715,0.5863,0.5224,0.3143,0.4796,0.2592,0.5231,0.3205,0.2133,0.1526,0.3541,
1.0,0.9994,0.967,0.9664,0.9679,0.9979,0.996,0.9915,0.9853,0.9258,0.736,0.9289,0.9103,0.84,0.8029,0.8559,0.6797,0.8251,0.938,0.7779,0.615,0.9553,0.7257,0.6213,0.6071,0.6118,0.8494,0.5583,0.6262,0.7825,0.5015,0.5509,0.3855,0.5943,0.6777,0.5865,0.5189,0.312,0.475,0.2678,0.5215,0.3144,0.2028,0.1721,0.3552,
1.0,0.999,0.964,0.963,0.973,0.9972,0.9947,0.989,0.9848,0.9215,0.7342,0.9306,0.9037,0.8369,0.7994,0.8525,0.6867,0.8239,0.9431,0.788,0.6043,0.9523,0.7194,0.6184,0.6021,0.6153,0.86,0.571,0.6091,0.7824,0.5067,0.5484,0.3866,0.5891,0.678,0.5785,0.5277,0.317,0.4853,0.2581,0.5262,0.3114,0.2075,0.1642,0.3578,
1.0,0.9989,0.9661,0.965,0.9679,0.9979,0.9956,0.9887,0.9834,0.9247,0.7368,0.9281,0.9082,0.8419,0.799,0.8538,0.6816,0.8288,0.9416,0.7791,0.6139,0.9517,0.7237,0.6221,0.6059,0.6142,0.8557,0.5705,0.6195,0.781,0.5045,0.5511,0.384,0.5915,0.6754,0.59,0.5276,0.3182,0.4803,0.267,0.5223,0.3143,0.214,0.1651,0.3526,
1.0,0.9989,0.966,0.9649,0.97,0.9973,0.995,0.9906,0.9858,0.9243,0.7365,0.9304,0.9097,0.8372,0.8019,0.8562,0.6789,0.8229,0.9381,0.7831,0.615,0.952,0.7268,0.6232,0.609,0.6122,0.8536,0.5594,0.6288,0.7818,0.5017,0.5466,0.3886,0.5879,0.6763,0.5931,0.52,0.3127,0.4708,0.2628,0.5164,0.3042,0.2059,0.164,0.3491,
1.0,0.9989,0.967,0.9659,0.9745,0.998,0.9963,0.99,0.9838,0.9293,0.7497,0.9344,0.913,0.8445,0.8058,0.8645,0.6908,0.8327,0.9454,0.7907,0.6234,0.9545,0.7291,0.6331,0.6119,0.6356,0.8582,0.5785,0.6199,0.7946,0.5191,0.5628,0.3981,0.5928,0.678,0.5884,0.5191,0.3232,0.4801,0.2571,0.5261,0.326,0.2095,0.1644,0.3585,
1.0,0.9987,0.9685,0.9672,0.9691,0.9979,0.9955,0.9888,0.9831,0.9271,0.7395,0.9301,0.9093,0.8413,0.8009,0.8583,0.6878,0.8258,0.9397,0.7856,0.6193,0.9515,0.7266,0.627,0.611,0.619,0.8538,0.5735,0.6294,0.7847,0.5048,0.5556,0.3841,0.5875,0.6759,0.5942,0.5183,0.3133,0.4774,0.2637,0.524,0.313,0.2153,0.1582,0.356,
1.0,0.9986,0.9686,0.9672,0.9696,0.9976,0.9956,0.9905,0.9845,0.9219,0.7296,0.9322,0.907,0.8359,0.7989,0.856,0.6828,0.823,0.938,0.7834,0.6004,0.9542,0.7199,0.6165,0.6046,0.6052,0.8577,0.562,0.6151,0.7816,0.4971,0.5472,0.3756,0.5839,0.6722,0.5819,0.525,0.3124,0.4728,0.2559,0.5231,0.3005,0.209,0.1645,0.3471,
1.0,0.9988,0.9686,0.9674,0.9694,0.9981,0.9961,0.9903,0.9862,0.9235,0.7366,0.932,0.9092,0.8397,0.803,0.8563,0.6867,0.8287,0.9405,0.7828,0.608,0.9542,0.7219,0.6206,0.603,0.6094,0.8585,0.5682,0.6199,0.7871,0.5004,0.555,0.384,0.5923,0.6759,0.5796,0.5124,0.3136,0.4784,0.255,0.5307,0.312,0.2078,0.1604,0.3567,
1.0,0.999,0.9687,0.9677,0.9671,0.9972,0.995,0.9908,0.986,0.9172,0.7264,0.9296,0.9018,0.8364,0.7975,0.847,0.6786,0.8226,0.9398,0.7722,0.6025,0.9522,0.7147,0.6181,0.6028,0.6034,0.8537,0.5605,0.6118,0.7685,0.4944,0.5453,0.3824,0.5891,0.677,0.5722,0.5226,0.318,0.4754,0.2519,0.5248,0.2995,0.2051,0.1618,0.3478,
1.0,0.9984,0.9688,0.9672,0.969,0.9973,0.9945,0.9908,0.9854,0.9191,0.7346,0.9298,0.9029,0.8417,0.806,0.85,0.6922,0.8288,0.9444,0.7802,0.6137,0.9526,0.7189,0.6286,0.6094,0.619,0.8598,0.575,0.6188,0.779,0.5041,0.5577,0.393,0.5962,0.6761,0.5763,0.5208,0.3182,0.4844,0.2587,0.5286,0.3087,0.2058,0.1625,0.36,
1.0,0.999,0.9705,0.9695,0.9711,0.9981,0.9961,0.9903,0.9837,0.9287,0.7449,0.9355,0.9134,0.8418,0.8025,0.8652,0.6866,0.827,0.9434,0.7854,0.6168,0.9544,0.725,0.6287,0.6112,0.6245,0.8563,0.5726,0.6218,0.7907,0.512,0.5584,0.3871,0.5963,0.6781,0.5931,0.5245,0.3252,0.4794,0.262,0.5261,0.3135,0.2121,0.1646,0.3495,
1.0,0.999,0.9661,0.9651,0.973,0.9975,0.9954,0.991,0.9861,0.9258,0.7377,0.9326,0.9101,0.8336,0.7959,0.8595,0.6766,0.8204,0.9391,0.7853,0.6024,0.9523,0.7189,0.6137,0.6015,0.6114,0.8552,0.5561,0.6177,0.7865,0.5071,0.5403,0.3836,0.5862,0.6676,0.5787,0.5217,0.3104,0.4701,0.2608,0.5213,0.3138,0.2054,0.1658,0.3462,
1.0,0.9992,0.9649,0.9641,0.9718,0.9973,0.9955,0.9893,0.9834,0.9192,0.7323,0.9296,0.9013,0.8359,0.7952,0.851,0.6756,0.8235,0.9437,0.7762,0.6043,0.9505,0.7139,0.6196,0.594,0.6135,0.8503,0.564,0.6088,0.7759,0.4936,0.5436,0.3784,0.5834,0.6677,0.5712,0.5184,0.3053,0.4792,0.2509,0.5201,0.3067,0.2051,0.1648,0.352,
1.0,0.9991,0.9669,0.966,0.9711,0.9963,0.9939,0.989,0.9831,0.9253,0.7428,0.9324,0.9071,0.8469,0.8083,0.8591,0.688,0.8322,0.9418,0.7866,0.621,0.9505,0.7268,0.6305,0.6109,0.6241,0.855,0.5727,0.6224,0.7808,0.5103,0.5561,0.3877,0.5874,0.6713,0.5915,0.5161,0.3219,0.4727,0.262,0.5181,0.3083,0.2035,0.156,0.3533,
1.0,0.9993,0.9672,0.9665,0.9703,0.9977,0.9961,0.9896,0.9822,0.9252,0.7385,0.932,0.909,0.8422,0.8013,0.8574,0.6896,0.8262,0.9373,0.7875,0.6073,0.9512,0.7175,0.6202,0.6014,0.6137,0.8594,0.5726,0.6168,0.7868,0.5074,0.5558,0.3813,0.5882,0.6746,0.5824,0.5215,0.3208,0.4718,0.258,0.5205,0.3178,0.2128,0.1549,0.3528,
1.0,0.9993,0.9688,0.9681,0.9708,0.9973,0.996,0.9914,0.9851,0.9208,0.7347,0.9343,0.9062,0.8407,0.8015,0.8572,0.682,0.8262,0.936,0.7769,0.6045,0.9534,0.7178,0.6208,0.6033,0.6042,0.8538,0.5627,0.618,0.7755,0.4969,0.5519,0.3927,0.5986,0.6842,0.5739,0.5205,0.3139,0.4739,0.2592,0.5217,0.3082,0.2048,0.1572,0.3571,
1.0,0.999,0.9691,0.9681,0.9733,0.9974,0.9955,0.991,0.9845,0.925,0.7438,0.9363,0.9094,0.8429,0.8027,0.8629,0.6864,0.8294,0.9416,0.7844,0.6144,0.9551,0.7228,0.6309,0.606,0.6187,0.8556,0.5673,0.6237,0.7863,0.5104,0.5575,0.388,0.5929,0.6778,0.5835,0.5254,0.3158,0.4724,0.2627,0.521,0.319,0.208,0.1658,0.356,
1.0,0.9989,0.9653,0.9642,0.9697,0.9973,0.9952,0.9907,0.9848,0.925,0.7347,0.9277,0.9084,0.8362,0.7966,0.8549,0.6857,0.8224,0.9381,0.7873,0.6048,0.9548,0.7232,0.6128,0.6093,0.6122,0.8639,0.5693,0.6173,0.7851,0.5106,0.5482,0.3917,0.5941,0.6774,0.5885,0.5306,0.3245,0.4847,0.2618,0.5293,0.3156,0.2146,0.1631,0.3587,
1.0,0.9987,0.9691,0.9678,0.9679,0.9975,0.9952,0.9898,0.984,0.9236,0.7375,0.93,0.9071,0.8415,0.8022,0.8546,0.6845,0.8283,0.9368,0.7775,0.6049,0.9531,0.7157,0.6163,0.5982,0.6102,0.8498,0.5643,0.6177,0.7795,0.5028,0.5539,0.3846,0.5985,0.6718,0.5772,0.5201,0.3131,0.4758,0.26,0.5226,0.3131,0.2086,0.1658,0.3556,
1.0,0.9985,0.9669,0.9654,0.9688,0.9976,0.9952,0.9898,0.9842,0.9259,0.7365,0.9298,0.9113,0.8394,0.7984,0.8575,0.6808,0.8279,0.9375,0.7839,0.6075,0.9546,0.723,0.6127,0.5984,0.603,0.8559,0.5576,0.6215,0.7731,0.4984,0.5424,0.3752,0.5885,0.674,0.5788,0.5177,0.314,0.4804,0.2617,0.535,0.3055,0.2053,0.1589,0.3515,
1.0,0.9987,0.9686,0.9673,0.97,0.9967,0.9948,0.9901,0.9847,0.9235,0.7371,0.9313,0.9062,0.8381,0.7961,0.8561,0.6791,0.8255,0.9394,0.7771,0.6088,0.9511,0.722,0.6213,0.6143,0.6117,0.8538,0.5669,0.6213,0.7793,0.5008,0.5547,0.3916,0.589,0.6734,0.5819,0.5164,0.3186,0.4783,0.2544,0.5272,0.3061,0.2045,0.1667,0.3453,
1.0,0.999,0.9695,0.9685,0.9715,0.9976,0.996,0.9919,0.9862,0.9257,0.7327,0.9319,0.9085,0.8295,0.788,0.8592,0.6757,0.8159,0.9428,0.7833,0.606,0.9528,0.7278,0.6216,0.6141,0.6067,0.8592,0.5604,0.6288,0.7916,0.5124,0.5452,0.3995,0.5975,0.6807,0.592,0.5329,0.3169,0.4803,0.2668,0.5282,0.3208,0.2158,0.1771,0.3492,
1.0,0.9986,0.9682,0.9668,0.9709,0.997,0.9947,0.9902,0.9859,0.9221,0.7394,0.9324,0.9065,0.8405,0.8023,0.8568,0.6892,0.8285,0.9408,0.7823,0.6113,0.953,0.7212,0.6243,0.603,0.615,0.8563,0.5715,0.6168,0.7822,0.5082,0.5493,0.391,0.5862,0.6778,0.5807,0.5193,0.3194,0.4715,0.2534,0.5147,0.3155,0.2043,0.1577,0.3566,
1.0,0.9988,0.9665,0.9653,0.9688,0.9976,0.9949,0.9906,0.9848,0.9287,0.7392,0.9294,0.9137,0.8397,0.8036,0.8606,0.6853,0.8241,0.9379,0.7906,0.6154,0.9521,0.7289,0.6225,0.6087,0.6178,0.8599,0.5688,0.6313,0.7884,0.505,0.554,0.3865,0.5875,0.6725,0.5905,0.5216,0.3132,0.4817,0.2675,0.5293,0.3079,0.2112,0.1609,0.351,
1.0,0.9984,0.9649,0.9633,0.9702,0.9978,0.9954,0.9905,0.9844,0.9234,0.734,0.9302,0.9099,0.8372,0.8008,0.8554,0.683,0.8238,0.9352,0.7875,0.6097,0.9542,0.7258,0.6168,0.605,0.6061,0.86,0.5594,0.6278,0.7835,0.502,0.5384,0.3796,0.5894,0.6654,0.5839,0.5161,0.3075,0.479,0.2689,0.5196,0.309,0.2018,0.1629,0.3498,
1.0,0.9995,0.9682,0.9677,0.9699,0.9975,0.996,0.9921,0.9868,0.9233,0.7337,0.9322,0.9091,0.8361,0.8002,0.8581,0.683,0.823,0.9409,0.7824,0.6023,0.9551,0.7192,0.6174,0.6056,0.6102,0.8588,0.5627,0.6253,0.781,0.5112,0.5492,0.3862,0.5963,0.6768,0.5817,0.523,0.3139,0.4832,0.2614,0.5372,0.3169,0.2154,0.1644,0.3565,
1.0,0.9987,0.9695,0.9682,0.9716,0.9969,0.9948,0.9912,0.9855,0.9197,0.7382,0.9329,0.9025,0.8428,0.8013,0.8535,0.6894,0.8292,0.9408,0.7772,0.6111,0.9524,0.7226,0.6283,0.6172,0.6171,0.8577,0.5732,0.6261,0.778,0.4984,0.5535,0.3928,0.5911,0.6737,0.58,0.5245,0.3177,0.4789,0.2693,0.5248,0.3106,0.2011,0.1716,0.358,
1.0,0.9985,0.9677,0.9662,0.9684,0.9973,0.9946,0.9904,0.9856,0.9247,0.7372,0.9278,0.9072,0.842,0.8031,0.8536,0.6849,0.8297,0.9377,0.7781,0.6031,0.9551,0.719,0.6147,0.6039,0.6132,0.8526,0.5647,0.617,0.7835,0.5084,0.552,0.3826,0.5937,0.6767,0.5766,0.5206,0.3202,0.4727,0.2607,0.5157,0.3207,0.2106,0.1596,0.3593,
1.0,0.9989,0.9689,0.9678,0.9696,0.9979,0.9956,0.9902,0.9839,0.9216,0.7333,0.9321,0.9057,0.8412,0.8017,0.8557,0.6865,0.8266,0.9402,0.7826,0.6116,0.9508,0.7198,0.6264,0.6116,0.6121,0.8643,0.5715,0.6256,0.7815,0.5048,0.5544,0.3999,0.5985,0.679,0.5827,0.5181,0.3239,0.4923,0.2612,0.5389,0.3192,0.2123,0.1606,0.3615,
1.0,0.9994,0.9627,0.9621,0.9664,0.9966,0.9951,0.9902,0.9845,0.927,0.7375,0.9225,0.9095,0.8398,0.8009,0.8507,0.6786,0.8261,0.9408,0.7825,0.6096,0.9518,0.7201,0.6118,0.5867,0.6095,0.853,0.561,0.6124,0.7796,0.5016,0.5474,0.3717,0.5862,0.679,0.5783,0.5201,0.3126,0.4827,0.2547,0.526,0.3124,0.208,0.1578,0.3554,
1.0,0.9988,0.9691,0.9679,0.9696,0.997,0.9948,0.9911,0.9848,0.929,0.7383,0.932,0.9138,0.8387,0.7995,0.8619,0.6858,0.8243,0.9399,0.7914,0.6175,0.955,0.73,0.627,0.6099,0.6179,0.8588,0.5667,0.629,0.7853,0.5102,0.5515,0.3924,0.5949,0.6802,0.5944,0.5205,0.3172,0.4788,0.2732,0.5237,0.3184,0.2107,0.1589,0.3548,
1.0,0.9992,0.967,0.9662,0.9719,0.998,0.9965,0.9907,0.9858,0.9217,0.739,0.9331,0.9066,0.8397,0.8066,0.857,0.6938,0.8271,0.9385,0.7902,0.6072,0.9508,0.7118,0.6194,0.5969,0.6161,0.857,0.572,0.608,0.7866,0.5089,0.5511,0.3828,0.5741,0.6694,0.5703,0.519,0.3181,0.4693,0.2601,0.5225,0.3072,0.2074,0.1547,0.3497,
1.0,0.9988,0.9653,0.9641,0.9692,0.9975,0.9955,0.9917,0.9852,0.926,0.7414,0.9268,0.9105,0.8411,0.8012,0.8543,0.6863,0.8271,0.9427,0.7848,0.6139,0.9543,0.7196,0.623,0.6018,0.6181,0.8576,0.5678,0.6156,0.7798,0.5034,0.5505,0.3836,0.5909,0.6755,0.5815,0.5189,0.3184,0.4771,0.2566,0.5192,0.3055,0.2103,0.1626,0.3482,
1.0,0.9984,0.9704,0.9688,0.9678,0.997,0.9943,0.9914,0.9862,0.9288,0.7397,0.9315,0.9138,0.84,0.8038,0.8615,0.6891,0.8255,0.9383,0.7876,0.6165,0.951,0.7244,0.6218,0.6036,0.6147,0.8582,0.569,0.6274,0.789,0.5133,0.5548,0.3912,0.5866,0.6736,0.5871,0.5238,0.3232,0.482,0.2712,0.5283,0.3196,0.2128,0.168,0.3551,
1.0,0.9987,0.9661,0.9648,0.9702,0.997,0.9951,0.9907,0.9858,0.9273,0.7415,0.9292,0.911,0.838,0.8019,0.8579,0.681,0.8256,0.9411,0.7855,0.6137,0.9521,0.7271,0.6183,0.6081,0.6186,0.8562,0.5684,0.6262,0.7919,0.5134,0.5563,0.3894,0.593,0.6829,0.5903,0.5247,0.3211,0.4869,0.2708,0.535,0.3255,0.212,0.1659,0.3533,
1.0,0.9989,0.968,0.9669,0.9689,0.9983,0.9963,0.9916,0.9865,0.9222,0.7313,0.93,0.9075,0.8359,0.8004,0.8541,0.6826,0.8233,0.9405,0.782,0.6036,0.9534,0.7158,0.6183,0.6023,0.6105,0.8599,0.5609,0.6137,0.7796,0.5047,0.5448,0.3933,0.5919,0.6747,0.5786,0.5206,0.3125,0.4897,0.2542,0.5257,0.3154,0.2048,0.1672,0.3583,
1.0,0.999,0.9684,0.9674,0.9706,0.9975,0.9948,0.989,0.9846,0.9274,0.7396,0.9329,0.9103,0.8391,0.8011,0.8611,0.6896,0.8263,0.9401,0.7889,0.6061,0.9541,0.7213,0.6141,0.5976,0.6168,0.861,0.5694,0.6158,0.7873,0.5086,0.5531,0.3829,0.5996,0.6855,0.5759,0.5221,0.3157,0.4882,0.2543,0.5367,0.3152,0.2175,0.1617,0.368,
1.0,0.9992,0.969,0.9682,0.9698,0.9975,0.9959,0.9899,0.9849,0.9233,0.7354,0.9316,0.9055,0.8401,0.7998,0.8561,0.683,0.8282,0.9432,0.7794,0.6124,0.9532,0.7247,0.6261,0.6121,0.6148,0.8506,0.5649,0.6231,0.7799,0.5101,0.5553,0.3923,0.5904,0.6785,0.5891,0.5197,0.3143,0.4808,0.2581,0.5159,0.3161,0.212,0.1668,0.3517,
1.0,0.999,0.9667,0.9657,0.9703,0.9968,0.9951,0.9918,0.9859,0.9267,0.7387,0.9317,0.9126,0.8385,0.8048,0.8603,0.6909,0.8259,0.9423,0.7937,0.617,0.9541,0.7317,0.6232,0.6098,0.614,0.863,0.5686,0.634,0.787,0.507,0.5511,0.3863,0.5929,0.6804,0.5956,0.5264,0.3143,0.4816,0.2761,0.5318,0.3108,0.2127,0.1621,0.361,
1.0,0.9995,0.9719,0.9714,0.9698,0.9977,0.9965,0.9908,0.9853,0.9215,0.7343,0.9361,0.9057,0.8385,0.8011,0.8594,0.6837,0.8269,0.9412,0.7813,0.6108,0.9538,0.7255,0.6308,0.61,0.6081,0.8563,0.5659,0.6272,0.7835,0.506,0.5538,0.3976,0.5992,0.6785,0.5868,0.5238,0.3146,0.4758,0.2627,0.522,0.3105,0.2118,0.1675,0.3529,
1.0,0.9987,0.97,0.9687,0.972,0.9979,0.9955,0.9886,0.9829,0.9265,0.7348,0.9361,0.9104,0.8347,0.7979,0.8633,0.6809,0.8212,0.9412,0.788,0.6101,0.9532,0.7289,0.6207,0.6159,0.6163,0.8557,0.5677,0.6293,0.792,0.5132,0.553,0.3887,0.5965,0.6774,0.5923,0.5257,0.3192,0.4824,0.263,0.5283,0.3191,0.215,0.1729,0.3528,
1.0,0.9993,0.9661,0.9654,0.9709,0.9976,0.9956,0.9898,0.9837,0.9279,0.7404,0.9313,0.9118,0.8401,0.8,0.8598,0.6847,0.8257,0.9391,0.7879,0.6205,0.9514,0.731,0.6268,0.6118,0.6184,0.8609,0.5675,0.6246,0.7863,0.5089,0.5464,0.3929,0.5892,0.6693,0.5884,0.5205,0.316,0.485,0.2611,0.521,0.3211,0.2043,0.1582,0.3555,
1.0,0.9987,0.9683,0.967,0.9722,0.9977,0.9952,0.9885,0.9836,0.921,0.7315,0.9341,0.9034,0.8367,0.7973,0.8562,0.6828,0.8232,0.942,0.7827,0.6081,0.9519,0.7237,0.6253,0.6089,0.6076,0.8572,0.5652,0.6247,0.7828,0.5071,0.5502,0.3867,0.5954,0.6812,0.5838,0.5237,0.3137,0.4829,0.2603,0.5269,0.3155,0.2113,0.16,0.3565,
1.0,0.9994,0.9666,0.966,0.9741,0.9982,0.9966,0.9914,0.9868,0.9249,0.7432,0.934,0.9092,0.8397,0.8015,0.8604,0.6856,0.8278,0.9396,0.7864,0.6047,0.9552,0.716,0.6193,0.5913,0.6102,0.8589,0.5607,0.6064,0.7871,0.5016,0.5403,0.3799,0.5888,0.6708,0.5678,0.5211,0.3105,0.4793,0.2531,0.5301,0.3123,0.2082,0.1619,0.3578,
1.0,0.9992,0.9684,0.9676,0.9716,0.9974,0.9947,0.9904,0.9852,0.9206,0.7369,0.934,0.9051,0.8406,0.804,0.8557,0.6863,0.8265,0.9422,0.7796,0.6067,0.9554,0.7171,0.623,0.6104,0.6163,0.856,0.5673,0.62,0.7826,0.5005,0.555,0.3853,0.599,0.6741,0.5789,0.5236,0.3157,0.4774,0.2611,0.5215,0.3116,0.2055,0.1644,0.3635,
1.0,0.9989,0.9657,0.9646,0.9672,0.9965,0.9944,0.9913,0.9853,0.9251,0.7356,0.9275,0.9103,0.8393,0.8031,0.8538,0.6806,0.8249,0.9419,0.7801,0.6129,0.9522,0.7222,0.6193,0.5991,0.6107,0.8538,0.5604,0.6197,0.7818,0.5009,0.5477,0.3765,0.5843,0.6739,0.5828,0.5213,0.3127,0.4729,0.26,0.5163,0.3088,0.2031,0.1562,0.3481,
1.0,0.9986,0.9708,0.9694,0.9692,0.9971,0.9949,0.9901,0.985,0.9236,0.736,0.9337,0.9081,0.8396,0.802,0.8578,0.6874,0.8269,0.9395,0.7814,0.6108,0.9548,0.7201,0.623,0.6058,0.6103,0.8574,0.5647,0.6174,0.785,0.5106,0.5512,0.383,0.5968,0.6757,0.5794,0.5148,0.3147,0.4884,0.258,0.5241,0.315,0.2161,0.1587,0.36,
1.0,0.9989,0.9689,0.9678,0.9672,0.9977,0.9956,0.991,0.986,0.9222,0.7304,0.9309,0.9089,0.8374,0.8012,0.8542,0.6864,0.8244,0.9396,0.782,0.6095,0.95,0.724,0.6214,0.6086,0.6088,0.8619,0.5716,0.6207,0.7794,0.4941,0.5493,0.3896,0.584,0.6729,0.5823,0.5158,0.3143,0.48,0.2611,0.5299,0.3098,0.2112,0.156,0.349,
1.0,0.9985,0.9683,0.9668,0.9677,0.997,0.9943,0.9893,0.9847,0.9174,0.7262,0.9303,0.9014,0.8364,0.7986,0.8494,0.6786,0.8234,0.9436,0.7735,0.6093,0.9496,0.7166,0.6226,0.5991,0.6009,0.8526,0.5576,0.6187,0.7717,0.491,0.5445,0.3798,0.5858,0.6776,0.5797,0.524,0.3116,0.4738,0.2557,0.5247,0.3009,0.2059,0.1643,0.345,
1.0,0.9989,0.9629,0.9618,0.9707,0.9972,0.995,0.9911,0.9861,0.9246,0.7345,0.927,0.9094,0.8367,0.8006,0.8537,0.6764,0.8238,0.9446,0.7828,0.6118,0.9547,0.7251,0.6196,0.6015,0.6169,0.8535,0.5615,0.6182,0.7862,0.5126,0.5508,0.3836,0.5843,0.6769,0.5864,0.5227,0.3232,0.4773,0.2564,0.5203,0.3163,0.2142,0.1689,0.3516,
1.0,0.9988,0.9634,0.9622,0.9664,0.9979,0.9952,0.9921,0.9877,0.9286,0.7443,0.9224,0.9139,0.8429,0.8044,0.853,0.6798,0.8298,0.9378,0.7753,0.6103,0.9529,0.7245,0.6146,0.6026,0.613,0.8553,0.567,0.6236,0.7878,0.4999,0.5504,0.3784,0.5882,0.6723,0.5855,0.5121,0.3231,0.4757,0.2634,0.5094,0.3093,0.2033,0.1551,0.3554,
1.0,0.999,0.9661,0.9651,0.9684,0.9968,0.9948,0.9909,0.9853,0.9219,0.7414,0.9278,0.905,0.846,0.8074,0.8511,0.6889,0.8322,0.9436,0.7801,0.6197,0.9549,0.7244,0.6303,0.6065,0.6231,0.8564,0.5786,0.6201,0.7794,0.5072,0.5612,0.3972,0.5959,0.6792,0.583,0.526,0.3181,0.484,0.2617,0.5254,0.31,0.2129,0.1664,0.3657,
1.0,0.9989,0.9683,0.9672,0.97,0.9971,0.9953,0.99,0.9844,0.9204,0.7302,0.9318,0.904,0.8376,0.7996,0.8539,0.6858,0.8254,0.94,0.7827,0.6037,0.952,0.7139,0.6186,0.5975,0.6037,0.8576,0.5653,0.6167,0.781,0.5056,0.5482,0.3891,0.5948,0.6714,0.5698,0.5191,0.3209,0.4777,0.2577,0.5222,0.3142,0.2103,0.1568,0.3556,
1.0,0.9992,0.9693,0.9685,0.9694,0.9968,0.9949,0.9897,0.9857,0.9278,0.7431,0.9333,0.9112,0.8405,0.8033,0.8629,0.6897,0.827,0.9407,0.7882,0.612,0.9524,0.7263,0.6212,0.6132,0.6195,0.8571,0.5727,0.6236,0.782,0.5068,0.5528,0.3852,0.5901,0.6694,0.5894,0.5195,0.3224,0.4843,0.2628,0.5229,0.3076,0.2016,0.1698,0.3524,
1.0,0.9981,0.969,0.9671,0.9724,0.998,0.995,0.9872,0.9814,0.9218,0.7303,0.9332,0.9034,0.8352,0.7918,0.8557,0.6822,0.8207,0.9391,0.7855,0.6044,0.9512,0.7174,0.6197,0.6021,0.6092,0.8586,0.5631,0.6118,0.7806,0.5013,0.5458,0.3873,0.5898,0.6743,0.5749,0.5242,0.3073,0.4823,0.2511,0.5293,0.3124,0.2069,0.1696,0.3551,
1.0,0.9993,0.9683,0.9676,0.9707,0.997,0.9957,0.992,0.9853,0.9289,0.7408,0.9341,0.9143,0.8384,0.8005,0.8639,0.6856,0.8237,0.9378,0.7884,0.609,0.9542,0.7287,0.6216,0.6083,0.616,0.8645,0.5652,0.6168,0.7867,0.5043,0.5461,0.3929,0.5938,0.677,0.5804,0.5219,0.3091,0.4894,0.2591,0.5339,0.311,0.2091,0.164,0.3572,
1.0,0.9994,0.9662,0.9656,0.9693,0.9961,0.9936,0.991,0.9872,0.926,0.7432,0.9311,0.9106,0.8411,0.8078,0.858,0.6837,0.8276,0.9435,0.7819,0.6192,0.9528,0.7254,0.626,0.6028,0.619,0.8517,0.564,0.6262,0.7781,0.5066,0.5499,0.3841,0.5902,0.6774,0.5918,0.5232,0.3164,0.4777,0.2649,0.5212,0.3146,0.2089,0.1655,0.3528,
1.0,0.9992,0.9672,0.9664,0.9722,0.9983,0.9966,0.9914,0.9869,0.9242,0.7381,0.9342,0.9107,0.8358,0.7987,0.858,0.6849,0.8239,0.9417,0.7859,0.6077,0.9538,0.7229,0.6201,0.6067,0.6156,0.8593,0.5652,0.6148,0.7826,0.5037,0.5487,0.3939,0.5914,0.6743,0.5878,0.5259,0.316,0.4804,0.2563,0.5313,0.3092,0.2069,0.1737,0.3471,
1.0,0.9992,0.9696,0.9688,0.9677,0.997,0.9952,0.9913,0.9867,0.9303,0.7455,0.9309,0.9143,0.8423,0.8075,0.8619,0.6944,0.83,0.9483,0.7893,0.6245,0.9551,0.7286,0.6316,0.6034,0.6255,0.861,0.5767,0.6217,0.7904,0.5116,0.5588,0.3851,0.5947,0.6809,0.5887,0.5202,0.317,0.4806,0.264,0.5246,0.3124,0.207,0.1652,0.3571,
1.0,0.9985,0.9693,0.9678,0.9683,0.9971,0.9943,0.9892,0.9836,0.9221,0.7324,0.9317,0.906,0.8405,0.7997,0.8553,0.6806,0.8264,0.9421,0.7795,0.6143,0.9539,0.7257,0.626,0.6111,0.6087,0.8525,0.5682,0.6249,0.7763,0.5047,0.5552,0.3909,0.5947,0.6807,0.5908,0.5249,0.3125,0.4884,0.2639,0.5285,0.3102,0.2134,0.17,0.3555,
1.0,0.999,0.968,0.967,0.9731,0.9969,0.9951,0.9911,0.9848,0.9235,0.7383,0.9345,0.9076,0.8382,0.7996,0.8603,0.6863,0.8218,0.9378,0.7876,0.6089,0.9521,0.7212,0.6241,0.6095,0.6134,0.8575,0.5648,0.619,0.7823,0.5086,0.5475,0.3916,0.5868,0.6761,0.5879,0.5313,0.3152,0.4735,0.2683,0.5287,0.3095,0.2099,0.1686,0.3509,
1.0,0.9986,0.9708,0.9694,0.9692,0.9968,0.9941,0.9903,0.9853,0.9224,0.7349,0.9334,0.9065,0.8391,0.8014,0.8576,0.6905,0.8263,0.94,0.785,0.612,0.9516,0.7257,0.6284,0.6154,0.6111,0.8613,0.57,0.6269,0.7797,0.5031,0.5502,0.4011,0.5973,0.6735,0.5852,0.5228,0.3157,0.4865,0.2663,0.5332,0.3202,0.2071,0.1712,0.3546,
1.0,0.9991,0.9654,0.9645,0.9684,0.9975,0.9956,0.992,0.9867,0.923,0.7342,0.9274,0.9086,0.8338,0.7965,0.8514,0.6735,0.8196,0.9407,0.7749,0.6076,0.9517,0.7151,0.6172,0.5986,0.6124,0.8503,0.5594,0.6167,0.776,0.5003,0.5453,0.3909,0.5892,0.6758,0.5792,0.5205,0.3155,0.4704,0.2593,0.5293,0.3028,0.2031,0.1684,0.3412,
1.0,0.9988,0.9683,0.9671,0.971,0.9969,0.9953,0.991,0.985,0.9211,0.738,0.9326,0.9057,0.8424,0.806,0.8553,0.6875,0.8289,0.9382,0.7807,0.6121,0.9498,0.7203,0.6254,0.6058,0.6143,0.8553,0.5677,0.6217,0.7847,0.5068,0.5581,0.3961,0.5948,0.6769,0.5787,0.5172,0.3203,0.4772,0.2631,0.5293,0.3095,0.2133,0.1644,0.3581,
1.0,0.9985,0.9684,0.9669,0.9713,0.9966,0.9943,0.989,0.9841,0.9184,0.7378,0.9326,0.9008,0.844,0.8044,0.8524,0.6888,0.8314,0.9396,0.7781,0.6141,0.9517,0.7178,0.628,0.6087,0.6112,0.8519,0.5688,0.6161,0.7763,0.4988,0.548,0.3852,0.5877,0.6744,0.5751,0.5231,0.3145,0.482,0.2566,0.5209,0.3048,0.2026,0.1674,0.3552,
1.0,0.9985,0.9702,0.9687,0.9708,0.9973,0.995,0.9907,0.9857,0.9285,0.7431,0.9326,0.9112,0.8407,0.8025,0.8615,0.6841,0.8287,0.9425,0.7824,0.6106,0.9535,0.7193,0.6213,0.6065,0.6222,0.8501,0.5674,0.6217,0.789,0.5184,0.5595,0.3909,0.5933,0.6819,0.5864,0.5232,0.3263,0.4765,0.2624,0.5261,0.3199,0.2179,0.1656,0.3598,
1.0,0.9991,0.9674,0.9665,0.9674,0.9976,0.9957,0.9901,0.9843,0.9253,0.7365,0.9288,0.909,0.8409,0.8028,0.8544,0.6879,0.829,0.9387,0.7832,0.6112,0.9533,0.7222,0.6183,0.6054,0.6171,0.8551,0.571,0.6176,0.7811,0.5038,0.5527,0.3847,0.5815,0.6624,0.5766,0.5135,0.3223,0.4693,0.2536,0.5164,0.3056,0.2022,0.1652,0.3432,
1.0,0.9984,0.9655,0.9639,0.9713,0.9971,0.9945,0.9906,0.9829,0.9243,0.7359,0.9302,0.9089,0.837,0.7967,0.857,0.6753,0.8219,0.9364,0.7828,0.6093,0.9552,0.7249,0.6178,0.6125,0.6185,0.8578,0.5641,0.6188,0.7858,0.4972,0.5442,0.3863,0.5887,0.6667,0.5837,0.515,0.3175,0.4862,0.2577,0.5158,0.3149,0.2036,0.1656,0.3556,
1.0,0.9991,0.9704,0.9695,0.9708,0.997,0.9946,0.9911,0.987,0.9201,0.7379,0.9348,0.9043,0.8441,0.8086,0.8568,0.6952,0.8318,0.9425,0.784,0.6081,0.9532,0.7201,0.6277,0.6066,0.6151,0.8584,0.5724,0.6188,0.7789,0.4994,0.5587,0.3924,0.5988,0.6837,0.5765,0.5233,0.3228,0.4844,0.257,0.5401,0.3098,0.2111,0.1709,0.3689,
1.0,0.9989,0.9646,0.9635,0.9712,0.9977,0.9962,0.9914,0.9859,0.9223,0.7365,0.9286,0.907,0.8362,0.7983,0.8511,0.6783,0.8248,0.9387,0.7781,0.6017,0.9532,0.7154,0.6141,0.5996,0.6063,0.8552,0.5536,0.608,0.7797,0.5031,0.5373,0.3818,0.582,0.6629,0.5664,0.5149,0.3112,0.4757,0.2538,0.514,0.3106,0.2046,0.1533,0.3469,
1.0,0.9984,0.9681,0.9665,0.9672,0.9969,0.9944,0.9905,0.9833,0.9252,0.7349,0.9281,0.9092,0.8393,0.8006,0.8542,0.6833,0.8244,0.9399,0.7833,0.6138,0.9519,0.7262,0.6226,0.6003,0.6148,0.8578,0.5668,0.6198,0.7855,0.5041,0.5544,0.3857,0.5885,0.6794,0.5815,0.5199,0.3237,0.477,0.2599,0.5274,0.3074,0.211,0.161,0.3547,
1.0,0.9986,0.9683,0.9669,0.9669,0.9963,0.9941,0.991,0.984,0.9256,0.7286,0.9285,0.9088,0.8329,0.7912,0.8538,0.6801,0.8181,0.9405,0.784,0.6067,0.9514,0.72,0.6162,0.599,0.6076,0.857,0.564,0.6196,0.7726,0.5015,0.5466,0.3908,0.5871,0.6745,0.5796,0.5181,0.3147,0.4769,0.2563,0.5259,0.3069,0.2061,0.1613,0.3507,
1.0,0.9988,0.9661,0.9649,0.9677,0.9974,0.9956,0.9911,0.9864,0.9203,0.7303,0.9276,0.9055,0.8351,0.7992,0.8496,0.6819,0.8229,0.9413,0.7801,0.6068,0.9539,0.7199,0.6175,0.5975,0.6027,0.8575,0.5647,0.6125,0.7803,0.5049,0.5497,0.3815,0.5871,0.6706,0.5791,0.529,0.3098,0.4784,0.2555,0.5187,0.3061,0.2049,0.1672,0.3469,
1.0,0.9991,0.9656,0.9647,0.967,0.9973,0.9954,0.9901,0.9856,0.9259,0.7416,0.9254,0.9087,0.8454,0.808,0.8526,0.6919,0.8332,0.9437,0.7842,0.6166,0.9484,0.7206,0.6251,0.6001,0.6221,0.8564,0.578,0.6197,0.7826,0.5037,0.5574,0.3857,0.5862,0.6715,0.5834,0.517,0.3235,0.4734,0.263,0.5182,0.3057,0.2047,0.1588,0.3489,
1.0,0.9988,0.9676,0.9664,0.9723,0.9976,0.9952,0.9906,0.9845,0.9259,0.737,0.9324,0.9092,0.8362,0.7993,0.86,0.6854,0.822,0.9399,0.7904,0.6097,0.9545,0.7268,0.6216,0.6066,0.6125,0.862,0.5601,0.6231,0.7913,0.5104,0.5466,0.3931,0.5939,0.6734,0.5841,0.5295,0.3145,0.4815,0.2643,0.5282,0.3173,0.2124,0.1617,0.3596,
1.0,0.9992,0.9682,0.9674,0.9707,0.9981,0.9965,0.9909,0.9846,0.9255,0.736,0.9321,0.9094,0.8368,0.799,0.8596,0.6821,0.8226,0.9394,0.7858,0.6067,0.9522,0.7208,0.6186,0.6037,0.608,0.8578,0.5575,0.6204,0.7855,0.5077,0.5452,0.3916,0.5943,0.6728,0.5828,0.5125,0.309,0.4768,0.2569,0.5226,0.3164,0.2084,0.1625,0.3597,
1.0,0.9992,0.9641,0.9633,0.9707,0.9975,0.996,0.9916,0.986,0.9249,0.744,0.9281,0.9093,0.8446,0.8063,0.8546,0.6865,0.8313,0.9398,0.7847,0.6174,0.9562,0.7305,0.6248,0.6107,0.6189,0.859,0.5709,0.6176,0.7825,0.5027,0.5488,0.391,0.5841,0.6723,0.5906,0.5255,0.3222,0.4826,0.2632,0.5171,0.3087,0.2033,0.1711,0.352,
1.0,0.9981,0.9668,0.9649,0.9696,0.9976,0.9952,0.9903,0.986,0.9238,0.7403,0.929,0.9085,0.8442,0.8039,0.8531,0.6912,0.8319,0.9398,0.7839,0.611,0.9527,0.7212,0.6215,0.6073,0.6158,0.8615,0.577,0.6112,0.7843,0.4995,0.5546,0.3938,0.5876,0.6739,0.5794,0.525,0.3235,0.4813,0.2581,0.5262,0.3157,0.2049,0.1661,0.3655,
1.0,0.9991,0.9661,0.9652,0.9683,0.9975,0.9953,0.9906,0.9868,0.931,0.7428,0.9283,0.9148,0.8378,0.7993,0.8606,0.6819,0.8255,0.943,0.7848,0.6234,0.9552,0.7369,0.6272,0.6113,0.618,0.8564,0.5726,0.6268,0.7905,0.5112,0.5583,0.3885,0.5903,0.6797,0.5972,0.5294,0.3164,0.4748,0.2708,0.5228,0.3127,0.2175,0.1725,0.3517,
1.0,0.9992,0.9689,0.9681,0.9697,0.9973,0.9953,0.9912,0.9859,0.9219,0.734,0.9329,0.9069,0.8361,0.7993,0.8561,0.6831,0.8233,0.9452,0.7799,0.6108,0.9544,0.7185,0.6244,0.6076,0.618,0.8549,0.5738,0.6146,0.7794,0.5066,0.5597,0.392,0.5933,0.6796,0.5788,0.5281,0.3168,0.4815,0.2631,0.5264,0.3139,0.2101,0.1715,0.3552,
1.0,0.999,0.97,0.969,0.9685,0.9971,0.995,0.9913,0.9856,0.9193,0.7373,0.9323,0.9035,0.8442,0.8083,0.8522,0.6962,0.8311,0.9406,0.7811,0.6119,0.9527,0.7176,0.6291,0.6095,0.6219,0.8574,0.583,0.6153,0.782,0.5088,0.5696,0.3954,0.5924,0.6771,0.5827,0.5172,0.3241,0.4818,0.2576,0.5334,0.3152,0.206,0.1676,0.3626,
1.0,0.9988,0.9659,0.9647,0.9712,0.9974,0.9951,0.99,0.9851,0.9215,0.738,0.9298,0.9043,0.8429,0.8036,0.8525,0.6899,0.829,0.941,0.7834,0.616,0.9507,0.7234,0.6291,0.6079,0.615,0.8557,0.5698,0.6162,0.7816,0.5146,0.5504,0.3978,0.5833,0.6688,0.5863,0.5182,0.3215,0.4797,0.2619,0.5224,0.3177,0.2092,0.1665,0.3534,
1.0,0.9981,0.9676,0.9657,0.9682,0.9974,0.9944,0.9899,0.9858,0.923,0.7356,0.9278,0.9072,0.8378,0.7994,0.8526,0.6857,0.8248,0.9411,0.7831,0.6078,0.9522,0.7212,0.6176,0.6067,0.6135,0.8614,0.5696,0.6185,0.7798,0.5037,0.5523,0.4025,0.5966,0.6778,0.5823,0.5261,0.3229,0.4827,0.2607,0.5276,0.3107,0.2112,0.1613,0.3632,
1.0,0.9989,0.9674,0.9663,0.9719,0.9979,0.9959,0.9892,0.9828,0.9252,0.7418,0.9326,0.9083,0.8445,0.8033,0.8587,0.6848,0.8326,0.9416,0.7824,0.6172,0.9548,0.7244,0.628,0.6058,0.6191,0.8551,0.5704,0.6227,0.7836,0.5092,0.56,0.3806,0.5909,0.6711,0.5832,0.5198,0.3155,0.4753,0.2634,0.5165,0.3147,0.2054,0.1573,0.3501,
1.0,0.9988,0.9678,0.9666,0.9701,0.9978,0.9957,0.9888,0.9828,0.9217,0.7343,0.931,0.9044,0.8389,0.7988,0.8541,0.6846,0.8244,0.94,0.7819,0.6143,0.9519,0.7211,0.6251,0.6078,0.6148,0.8535,0.5698,0.6219,0.7788,0.5061,0.5543,0.3922,0.5847,0.6714,0.5826,0.525,0.3156,0.4689,0.2657,0.5243,0.3068,0.2105,0.1691,0.3516,
1.0,0.9985,0.9678,0.9663,0.9691,0.9969,0.9948,0.9913,0.9851,0.9227,0.734,0.9303,0.9074,0.84,0.8027,0.8549,0.6863,0.8251,0.9343,0.7826,0.6105,0.9534,0.7265,0.6236,0.6134,0.6108,0.8572,0.5694,0.6232,0.7811,0.5049,0.5585,0.3972,0.5906,0.6796,0.5854,0.5155,0.3201,0.4764,0.2599,0.5285,0.3169,0.2116,0.1633,0.3544,
1.0,0.9987,0.9686,0.9673,0.968,0.9977,0.9954,0.9896,0.9841,0.9245,0.7342,0.9305,0.9094,0.8384,0.7994,0.856,0.6836,0.8254,0.9379,0.782,0.6099,0.953,0.7263,0.6208,0.6069,0.6137,0.8598,0.5674,0.6187,0.7841,0.4999,0.5499,0.3932,0.5922,0.6697,0.5822,0.5148,0.3123,0.4837,0.2594,0.5196,0.3174,0.2057,0.1575,0.3519,
1.0,0.999,0.9685,0.9675,0.9678,0.997,0.9947,0.9898,0.9849,0.9229,0.7313,0.9291,0.9053,0.8387,0.8019,0.8544,0.6839,0.8256,0.9359,0.7789,0.6071,0.9546,0.7232,0.6226,0.612,0.6077,0.8529,0.5576,0.6231,0.7761,0.493,0.543,0.3821,0.589,0.6697,0.5814,0.5155,0.3137,0.477,0.2652,0.5246,0.3046,0.2058,0.1628,0.3523,
1.0,0.9988,0.9685,0.9673,0.9731,0.9983,0.9955,0.9902,0.9856,0.9246,0.7467,0.9342,0.9087,0.8458,0.8086,0.8598,0.6964,0.8327,0.9409,0.786,0.6172,0.9514,0.719,0.6328,0.6073,0.6256,0.8572,0.5747,0.6193,0.7829,0.5075,0.5565,0.3942,0.5884,0.6709,0.5762,0.5242,0.3174,0.4836,0.2655,0.526,0.3141,0.2101,0.1669,0.358,
1.0,0.9987,0.9696,0.9683,0.9676,0.9971,0.9941,0.9909,0.9862,0.9223,0.7323,0.9311,0.9075,0.8368,0.8007,0.8551,0.687,0.8236,0.9395,0.7856,0.6093,0.9547,0.7201,0.6167,0.6011,0.6078,0.8571,0.5655,0.6154,0.7792,0.5009,0.5474,0.383,0.5936,0.6799,0.5789,0.5206,0.3129,0.4814,0.2614,0.5295,0.3097,0.2073,0.1628,0.3564,
1.0,0.9983,0.9669,0.9652,0.9678,0.9978,0.9949,0.9903,0.986,0.9198,0.7385,0.9275,0.9043,0.8445,0.8056,0.8485,0.6885,0.8321,0.9435,0.7744,0.6209,0.9522,0.7215,0.6324,0.6053,0.6177,0.8573,0.5731,0.6127,0.7728,0.4983,0.5541,0.3889,0.5825,0.6707,0.5765,0.5207,0.3174,0.4797,0.2559,0.5214,0.2993,0.1964,0.1691,0.346,
1.0,0.9989,0.9683,0.9672,0.9683,0.9969,0.9951,0.9908,0.9854,0.9245,0.7333,0.9301,0.9085,0.8339,0.7961,0.8545,0.6769,0.8216,0.9402,0.7786,0.6093,0.9542,0.7234,0.6169,0.6071,0.6066,0.8498,0.559,0.6227,0.7812,0.5098,0.5471,0.3809,0.5927,0.6804,0.5915,0.519,0.3176,0.4759,0.261,0.5182,0.3148,0.2106,0.1606,0.345,
1.0,0.9993,0.9687,0.968,0.9686,0.9981,0.9966,0.9917,0.9847,0.9251,0.7392,0.9323,0.9116,0.844,0.8066,0.8593,0.6925,0.8297,0.94,0.7862,0.6156,0.9547,0.7246,0.6272,0.609,0.6173,0.8629,0.5759,0.6299,0.7874,0.5024,0.5603,0.3854,0.5948,0.6791,0.5831,0.5267,0.3225,0.4833,0.2705,0.5343,0.3142,0.2047,0.1589,0.3641,
1.0,0.9987,0.9675,0.9662,0.9684,0.9981,0.9958,0.9905,0.9863,0.9229,0.7366,0.9296,0.9081,0.8422,0.807,0.8542,0.6887,0.8305,0.9395,0.7805,0.6067,0.9571,0.7235,0.6178,0.6055,0.6105,0.8532,0.5622,0.626,0.7784,0.5031,0.5524,0.3841,0.5988,0.6805,0.5876,0.5295,0.314,0.4814,0.2667,0.5223,0.3135,0.2123,0.1639,0.3626,
1.0,0.9984,0.9668,0.9652,0.9699,0.9973,0.9948,0.99,0.9845,0.9231,0.7377,0.9296,0.9077,0.8417,0.805,0.8553,0.6886,0.8291,0.9386,0.7837,0.6073,0.9513,0.7204,0.6221,0.6056,0.6143,0.8593,0.5705,0.6221,0.7853,0.5057,0.5549,0.394,0.5924,0.6748,0.5797,0.5285,0.3187,0.489,0.2685,0.5299,0.32,0.2124,0.1741,0.3613,
1.0,0.9986,0.9675,0.9661,0.9698,0.9977,0.9951,0.9913,0.9869,0.9274,0.7365,0.9315,0.9137,0.8355,0.8011,0.8606,0.6846,0.8228,0.942,0.7887,0.6114,0.9559,0.7274,0.6203,0.5993,0.606,0.859,0.5549,0.628,0.789,0.5102,0.5399,0.3808,0.5944,0.6856,0.5854,0.5241,0.3138,0.4853,0.257,0.5314,0.3198,0.2092,0.1636,0.3567,
1.0,0.9984,0.9723,0.9707,0.9694,0.9979,0.9962,0.9926,0.9841,0.9192,0.7331,0.9346,0.9059,0.8404,0.7993,0.8546,0.6812,0.8258,0.9371,0.7713,0.6075,0.9567,0.7174,0.6255,0.6151,0.6103,0.8535,0.5615,0.6257,0.7771,0.4952,0.5604,0.3983,0.6071,0.6812,0.5781,0.5063,0.3188,0.4761,0.2573,0.5175,0.3049,0.2113,0.1635,0.3569,
1.0,0.9986,0.9665,0.9651,0.9668,0.9953,0.9929,0.9904,0.9858,0.9241,0.7338,0.9272,0.9073,0.8413,0.8055,0.8533,0.6873,0.8269,0.9395,0.7843,0.6103,0.9496,0.7215,0.6203,0.6071,0.6125,0.8577,0.5673,0.6225,0.7781,0.5043,0.5518,0.3895,0.5938,0.6836,0.5885,0.5156,0.3205,0.4886,0.2598,0.5297,0.3168,0.2037,0.1602,0.364,
1.0,0.9993,0.9683,0.9676,0.9732,0.9973,0.9958,0.991,0.9855,0.9216,0.7385,0.9362,0.9064,0.8389,0.8029,0.8595,0.6906,0.8252,0.9437,0.7908,0.6117,0.9515,0.7193,0.6273,0.6119,0.6216,0.8624,0.5765,0.6207,0.7827,0.5034,0.5607,0.3907,0.5922,0.6781,0.5831,0.521,0.3115,0.4811,0.2583,0.5302,0.3028,0.2067,0.1688,0.352,
1.0,0.9987,0.9669,0.9656,0.9691,0.9973,0.9944,0.9888,0.9832,0.9244,0.736,0.93,0.9077,0.8417,0.8022,0.8565,0.679,0.8281,0.9424,0.7772,0.6208,0.9513,0.7248,0.6295,0.6064,0.6186,0.8515,0.5712,0.6223,0.7847,0.505,0.5554,0.3879,0.5898,0.6755,0.5876,0.5266,0.3129,0.4736,0.2634,0.5144,0.3165,0.21,0.1665,0.351,
1.0,0.9988,0.967,0.9658,0.9711,0.9976,0.996,0.9914,0.9862,0.9229,0.7399,0.9308,0.9073,0.8419,0.8053,0.8549,0.691,0.8299,0.9424,0.7851,0.6164,0.9551,0.7253,0.6276,0.6078,0.6171,0.8576,0.5723,0.6211,0.7856,0.5085,0.5547,0.3934,0.5947,0.6767,0.5853,0.5295,0.3196,0.4811,0.2729,0.5247,0.3121,0.2132,0.1707,0.3601,
1.0,0.9991,0.9671,0.9662,0.9684,0.997,0.9951,0.9902,0.9838,0.9271,0.7298,0.9295,0.911,0.8342,0.7968,0.8584,0.6802,0.8205,0.9403,0.7879,0.6087,0.9539,0.7263,0.6176,0.6025,0.6064,0.8564,0.5588,0.6251,0.7803,0.5101,0.5397,0.3805,0.5893,0.6749,0.5944,0.5246,0.3139,0.4794,0.2626,0.5222,0.3146,0.2072,0.157,0.3529,
1.0,0.9984,0.9662,0.9646,0.973,0.9971,0.9935,0.9884,0.984,0.9203,0.737,0.9317,0.9024,0.8385,0.7997,0.8547,0.6838,0.825,0.9434,0.7826,0.606,0.9498,0.7169,0.6235,0.5999,0.6145,0.8555,0.57,0.609,0.7807,0.508,0.5491,0.3853,0.5852,0.6728,0.5781,0.5233,0.3217,0.4727,0.251,0.52,0.3114,0.2027,0.1645,0.3417,
1.0,0.9994,0.9654,0.9648,0.9688,0.9964,0.9952,0.9921,0.9852,0.9205,0.7348,0.9282,0.9046,0.8399,0.8004,0.8501,0.6846,0.8264,0.9407,0.7799,0.6079,0.9544,0.7199,0.6205,0.6067,0.6139,0.8587,0.5758,0.6175,0.781,0.499,0.5591,0.3901,0.5906,0.6731,0.5776,0.5277,0.3249,0.4866,0.2572,0.5231,0.3113,0.2023,0.1665,0.3607,
1.0,0.9986,0.9649,0.9635,0.9726,0.9974,0.9952,0.9913,0.9854,0.9233,0.7397,0.9317,0.9089,0.8386,0.7999,0.856,0.6761,0.8252,0.9395,0.7789,0.6109,0.9503,0.7197,0.6196,0.6106,0.6189,0.8528,0.5651,0.6251,0.7846,0.5039,0.5533,0.3857,0.5901,0.6739,0.5814,0.5155,0.3163,0.4791,0.2595,0.5204,0.3133,0.2105,0.1639,0.3504,
1.0,0.9986,0.9676,0.9662,0.9725,0.9975,0.9945,0.9892,0.9838,0.9261,0.7453,0.9326,0.9083,0.8461,0.8052,0.8593,0.6872,0.8322,0.9366,0.7823,0.6149,0.9501,0.7225,0.6261,0.6076,0.6219,0.8521,0.5724,0.62,0.7868,0.5063,0.5579,0.3897,0.5811,0.6631,0.5772,0.5156,0.3219,0.4706,0.2609,0.5169,0.3117,0.2042,0.1649,0.3457,
1.0,0.9991,0.9674,0.9665,0.9677,0.9968,0.9948,0.9898,0.9843,0.9236,0.7331,0.9272,0.9047,0.8365,0.7991,0.852,0.6841,0.8228,0.939,0.7822,0.6059,0.9514,0.7224,0.6147,0.6026,0.6103,0.8555,0.5625,0.6139,0.7815,0.506,0.5396,0.3935,0.5979,0.6679,0.5843,0.5314,0.3086,0.4906,0.2653,0.5152,0.3196,0.2081,0.1657,0.3603,
1.0,0.9987,0.9692,0.9679,0.9672,0.997,0.9951,0.9906,0.9863,0.9252,0.7336,0.9306,0.9101,0.8351,0.7984,0.856,0.6854,0.8229,0.9398,0.7845,0.613,0.9522,0.7317,0.6212,0.6125,0.6066,0.8604,0.5607,0.6282,0.7783,0.4976,0.5433,0.3904,0.5905,0.6844,0.5889,0.5169,0.3124,0.4813,0.265,0.5211,0.3072,0.2088,0.1626,0.356,
1.0,0.9984,0.9661,0.9645,0.9696,0.997,0.9944,0.9897,0.9836,0.9233,0.7303,0.9291,0.9072,0.8349,0.7953,0.8542,0.6788,0.8197,0.9411,0.7854,0.6077,0.9518,0.7205,0.6175,0.6056,0.6179,0.8574,0.5702,0.6162,0.7829,0.5049,0.5564,0.3855,0.5879,0.6757,0.5762,0.5189,0.3198,0.4776,0.2559,0.524,0.3056,0.2047,0.1616,0.3459,
1.0,0.9992,0.968,0.9672,0.97,0.9981,0.9967,0.991,0.9862,0.9197,0.7278,0.9327,0.9058,0.8324,0.7998,0.8537,0.6803,0.8204,0.9428,0.781,0.6019,0.955,0.7206,0.619,0.6057,0.6118,0.8575,0.5561,0.6196,0.7795,0.5112,0.5485,0.3899,0.5948,0.684,0.5841,0.5211,0.3165,0.4765,0.256,0.5259,0.3118,0.2135,0.1632,0.3541,
1.0,0.9984,0.968,0.9664,0.9718,0.9978,0.9956,0.9897,0.9828,0.9195,0.7325,0.9327,0.9042,0.8372,0.7952,0.8542,0.6769,0.8226,0.9395,0.7768,0.6055,0.953,0.7149,0.6197,0.6027,0.6091,0.8526,0.5618,0.6165,0.776,0.4976,0.5485,0.3817,0.5894,0.6787,0.5782,0.52,0.3079,0.4744,0.2517,0.5271,0.3005,0.2066,0.1592,0.3482,
1.0,0.9986,0.9676,0.9662,0.9678,0.9971,0.9948,0.9902,0.9836,0.9267,0.7293,0.9285,0.9108,0.8339,0.7938,0.8558,0.6745,0.8198,0.9414,0.7815,0.6104,0.9516,0.7224,0.6164,0.6031,0.6105,0.8528,0.5619,0.618,0.7819,0.5041,0.5454,0.3885,0.5856,0.6727,0.5787,0.5135,0.312,0.4777,0.2489,0.517,0.309,0.2011,0.1591,0.3475,
1.0,0.9986,0.9677,0.9663,0.9685,0.998,0.9958,0.9912,0.9865,0.9289,0.7393,0.9288,0.9139,0.839,0.8022,0.8582,0.6851,0.8266,0.9416,0.7837,0.6131,0.9522,0.726,0.6208,0.6017,0.6137,0.8567,0.5604,0.6314,0.7865,0.509,0.5524,0.3883,0.5979,0.6882,0.5866,0.5285,0.3188,0.4746,0.2735,0.5316,0.3161,0.2185,0.1652,0.3578,
1.0,0.9987,0.969,0.9677,0.9723,0.9971,0.9948,0.9913,0.9853,0.9234,0.7418,0.9358,0.9095,0.843,0.8045,0.8597,0.6908,0.8286,0.9388,0.788,0.617,0.948,0.7177,0.6298,0.602,0.6139,0.8591,0.5693,0.6168,0.7836,0.4986,0.5526,0.3894,0.5781,0.667,0.5783,0.5198,0.317,0.4739,0.2619,0.5222,0.3044,0.2088,0.1616,0.3473,
1.0,0.9993,0.9639,0.9632,0.965,0.9983,0.9968,0.9917,0.9877,0.9257,0.7331,0.9237,0.9122,0.8343,0.8019,0.8515,0.6804,0.8233,0.9415,0.7817,0.6111,0.9562,0.7293,0.6133,0.5976,0.6059,0.8603,0.56,0.6174,0.7825,0.4985,0.5442,0.3856,0.5892,0.6794,0.5837,0.5221,0.3083,0.4809,0.2591,0.5298,0.3086,0.2041,0.1682,0.3559,
1.0,0.9989,0.9658,0.9647,0.9705,0.9971,0.9947,0.9887,0.9848,0.9168,0.7292,0.9293,0.8987,0.8361,0.7988,0.8481,0.6756,0.8246,0.942,0.7717,0.6028,0.9493,0.7107,0.6212,0.6012,0.6073,0.8482,0.5558,0.6155,0.7727,0.4995,0.5438,0.3856,0.5905,0.6804,0.5784,0.5203,0.3105,0.4795,0.2531,0.5264,0.3111,0.2134,0.161,0.3546,
1.0,0.9995,0.9669,0.9664,0.9731,0.9982,0.9964,0.9907,0.9843,0.923,0.738,0.9334,0.9069,0.84,0.8001,0.8569,0.6835,0.8254,0.9398,0.7822,0.6077,0.9556,0.7214,0.6243,0.6104,0.6166,0.8535,0.5668,0.6165,0.7849,0.5094,0.5555,0.3891,0.5957,0.6808,0.5816,0.5224,0.3193,0.4793,0.2571,0.5266,0.3153,0.2108,0.1644,0.3539,
1.0,0.9993,0.9644,0.9637,0.9691,0.997,0.9952,0.9908,0.9849,0.9188,0.7308,0.928,0.9027,0.8409,0.8025,0.848,0.6862,0.8263,0.9414,0.7794,0.6092,0.9527,0.7196,0.6238,0.6028,0.6139,0.859,0.5682,0.6103,0.7741,0.5017,0.5507,0.3875,0.585,0.6749,0.5787,0.5195,0.3159,0.4743,0.255,0.5164,0.3077,0.2027,0.1629,0.3487,
1.0,0.999,0.9666,0.9656,0.9713,0.9973,0.9957,0.9913,0.9846,0.9234,0.734,0.9319,0.9081,0.8365,0.7989,0.8572,0.683,0.8239,0.9425,0.7862,0.6061,0.954,0.7207,0.6214,0.6099,0.6147,0.8584,0.5665,0.6198,0.782,0.4969,0.5474,0.3794,0.5889,0.6689,0.586,0.5273,0.3066,0.483,0.2586,0.5239,0.307,0.2086,0.1643,0.3572,
1.0,0.9989,0.9627,0.9616,0.9668,0.9978,0.9957,0.9918,0.9861,0.9242,0.7389,0.9238,0.9107,0.8422,0.8026,0.8515,0.6848,0.8285,0.941,0.7796,0.6194,0.9541,0.7292,0.625,0.6013,0.6126,0.8621,0.5699,0.629,0.7788,0.5004,0.5518,0.3929,0.5932,0.6769,0.5935,0.5262,0.3159,0.4848,0.2679,0.5331,0.3104,0.2075,0.17,0.3625,
1.0,0.9991,0.9654,0.9645,0.969,0.9975,0.9957,0.9916,0.9852,0.9174,0.7315,0.9282,0.9031,0.8413,0.8043,0.8473,0.6862,0.827,0.9392,0.7782,0.6101,0.9551,0.7199,0.6253,0.6089,0.6105,0.8564,0.5658,0.6204,0.7761,0.5021,0.5522,0.392,0.5985,0.6768,0.5856,0.5212,0.3181,0.4832,0.2649,0.5236,0.3115,0.209,0.1662,0.3588,
1.0,0.9984,0.9684,0.9668,0.9692,0.9974,0.9944,0.9899,0.9852,0.9222,0.7339,0.9294,0.9053,0.8388,0.7994,0.853,0.6863,0.8254,0.9418,0.7799,0.6089,0.9502,0.7202,0.6237,0.6056,0.614,0.8567,0.5667,0.619,0.781,0.5022,0.5552,0.39,0.5898,0.6709,0.5808,0.5138,0.3183,0.4788,0.253,0.5231,0.3125,0.2031,0.1664,0.3572,
1.0,0.9993,0.9688,0.9681,0.9682,0.9979,0.9959,0.9896,0.9843,0.9184,0.7337,0.9317,0.9027,0.8425,0.8052,0.8516,0.689,0.8297,0.9393,0.7783,0.6049,0.9531,0.7162,0.6226,0.6029,0.6123,0.8608,0.5719,0.6127,0.7774,0.4987,0.5533,0.3894,0.592,0.6704,0.5706,0.5199,0.3209,0.4863,0.2544,0.5264,0.3127,0.2055,0.1594,0.3496,
1.0,0.9988,0.9655,0.9643,0.9696,0.9974,0.9951,0.9918,0.9864,0.9262,0.7413,0.9282,0.9115,0.8397,0.8023,0.8561,0.683,0.826,0.9435,0.7829,0.6179,0.9541,0.7247,0.6241,0.6063,0.6206,0.8572,0.5685,0.6164,0.787,0.51,0.5503,0.3916,0.5905,0.6718,0.5839,0.5193,0.3217,0.4775,0.2626,0.5207,0.3102,0.2087,0.162,0.3565,
1.0,0.9989,0.967,0.9659,0.9729,0.9977,0.9953,0.9907,0.9848,0.9225,0.7398,0.9318,0.9053,0.8424,0.8034,0.8561,0.6878,0.8294,0.942,0.7834,0.6116,0.9553,0.7204,0.628,0.6057,0.6197,0.8571,0.5744,0.6122,0.7851,0.5109,0.557,0.3926,0.5887,0.6733,0.5716,0.514,0.3228,0.476,0.2502,0.5227,0.314,0.2123,0.1612,0.3526,
1.0,0.999,0.9668,0.9658,0.9703,0.9981,0.9963,0.9892,0.9829,0.9219,0.7306,0.9302,0.9055,0.8363,0.7958,0.853,0.6786,0.8226,0.9445,0.781,0.6028,0.9505,0.7118,0.6163,0.5969,0.614,0.849,0.5599,0.6108,0.7733,0.4978,0.5431,0.3804,0.5781,0.6748,0.5761,0.5132,0.3115,0.4718,0.2474,0.5231,0.3022,0.1989,0.1578,0.3453,
1.0,0.999,0.9669,0.9659,0.9675,0.9971,0.9949,0.9914,0.9869,0.9212,0.7348,0.9281,0.9063,0.8393,0.8029,0.8501,0.6891,0.8266,0.9421,0.7797,0.6111,0.9531,0.7241,0.6224,0.6061,0.6122,0.8625,0.5661,0.6215,0.778,0.4984,0.5497,0.3879,0.5902,0.6828,0.5834,0.5354,0.3154,0.4772,0.2668,0.5293,0.3085,0.2127,0.1635,0.357,
1.0,0.9996,0.9696,0.9692,0.9721,0.9975,0.9961,0.9913,0.9848,0.9259,0.7444,0.9354,0.91,0.8457,0.8074,0.8627,0.6895,0.8318,0.9373,0.784,0.613,0.9541,0.7219,0.6299,0.6135,0.6256,0.8557,0.576,0.6223,0.7929,0.509,0.5663,0.3952,0.6038,0.6841,0.5793,0.5183,0.3236,0.4838,0.2661,0.5233,0.3249,0.2163,0.1597,0.3703,
1.0,0.9988,0.9706,0.9694,0.9718,0.9966,0.994,0.9891,0.9843,0.9213,0.7402,0.9356,0.9032,0.8429,0.8033,0.8573,0.6892,0.8312,0.9436,0.7819,0.6158,0.9537,0.7197,0.6321,0.6029,0.6186,0.8551,0.5713,0.615,0.7781,0.5088,0.5532,0.3853,0.593,0.6818,0.5774,0.5293,0.3111,0.4722,0.2629,0.5251,0.3137,0.2154,0.1589,0.3504,
1.0,0.999,0.9679,0.9669,0.9723,0.9978,0.9956,0.9921,0.9887,0.9187,0.7398,0.9343,0.9054,0.8417,0.8079,0.8558,0.6909,0.8309,0.9438,0.7796,0.6113,0.9568,0.7201,0.6279,0.6095,0.6149,0.8578,0.5686,0.6211,0.7787,0.5134,0.5493,0.3953,0.586,0.6724,0.5823,0.5212,0.32,0.4785,0.2585,0.5247,0.3091,0.2087,0.158,0.3593,
1.0,0.998,0.9651,0.9631,0.9705,0.9974,0.994,0.989,0.9846,0.9227,0.7338,0.9295,0.9075,0.8377,0.7997,0.8545,0.6772,0.8255,0.9407,0.7808,0.6078,0.9515,0.7183,0.6152,0.603,0.6135,0.8557,0.5655,0.6149,0.7796,0.4983,0.5479,0.3865,0.5905,0.6667,0.5803,0.5173,0.316,0.4795,0.2528,0.5175,0.313,0.2025,0.16,0.3568,
1.0,0.9991,0.9672,0.9663,0.9699,0.9971,0.9952,0.9908,0.9852,0.9233,0.7385,0.9306,0.907,0.8407,0.8029,0.8548,0.6873,0.8278,0.9426,0.7834,0.6181,0.9547,0.7286,0.6302,0.6099,0.6171,0.8557,0.566,0.6223,0.7775,0.5043,0.5516,0.3916,0.594,0.6787,0.5923,0.5322,0.313,0.4839,0.2646,0.5321,0.3103,0.2077,0.1706,0.3566,
1.0,0.9988,0.9704,0.9692,0.9699,0.9963,0.994,0.9897,0.9854,0.9266,0.7431,0.933,0.9081,0.8401,0.8004,0.8602,0.6839,0.8272,0.9407,0.782,0.6091,0.9528,0.7166,0.6212,0.5981,0.6196,0.8476,0.5674,0.6112,0.7821,0.5045,0.5589,0.3874,0.5939,0.6808,0.5794,0.5211,0.3127,0.4779,0.2536,0.5234,0.3089,0.2104,0.1671,0.3546,
1.0,0.9983,0.9707,0.969,0.9724,0.9976,0.9953,0.99,0.9839,0.9189,0.726,0.9358,0.9036,0.8318,0.7919,0.8562,0.6715,0.8187,0.9405,0.7735,0.5977,0.9561,0.7181,0.6177,0.6066,0.5973,0.8482,0.5486,0.6205,0.7799,0.51,0.5462,0.3864,0.5963,0.68,0.5798,0.5171,0.3158,0.4712,0.2502,0.53,0.3133,0.2111,0.1616,0.3468,
1.0,0.9991,0.97,0.9691,0.9724,0.9981,0.9964,0.9899,0.9851,0.922,0.7365,0.937,0.9066,0.8393,0.7996,0.8603,0.6841,0.8273,0.9433,0.7836,0.6143,0.9548,0.7208,0.6324,0.6071,0.6151,0.8536,0.5668,0.6215,0.7757,0.505,0.5495,0.3873,0.5877,0.6789,0.5847,0.5222,0.3106,0.4758,0.2581,0.5239,0.3064,0.2038,0.1646,0.3525,
1.0,0.9989,0.969,0.9679,0.9696,0.9976,0.9953,0.9889,0.9836,0.9235,0.735,0.9304,0.9046,0.8407,0.7979,0.8566,0.6841,0.8268,0.9397,0.779,0.6101,0.9488,0.722,0.6264,0.6065,0.6118,0.8519,0.5653,0.6239,0.7803,0.5071,0.5524,0.3891,0.5824,0.6696,0.5771,0.5189,0.3155,0.4676,0.262,0.5184,0.3048,0.2111,0.1644,0.3478,
1.0,0.9995,0.9658,0.9653,0.9708,0.9975,0.9963,0.9916,0.9849,0.9254,0.7349,0.9307,0.9101,0.8368,0.7982,0.8573,0.6803,0.8218,0.9409,0.7862,0.6075,0.9522,0.7174,0.6182,0.5956,0.6118,0.8582,0.5654,0.6175,0.7837,0.5076,0.5479,0.3812,0.5917,0.6781,0.5782,0.5201,0.3158,0.4774,0.2575,0.5273,0.3107,0.2118,0.1579,0.3595,
1.0,0.9989,0.9698,0.9687,0.9699,0.9969,0.9947,0.99,0.9852,0.9193,0.7345,0.9332,0.9032,0.8412,0.8033,0.8538,0.6886,0.8271,0.9387,0.7804,0.607,0.9504,0.7187,0.6258,0.6028,0.6116,0.8558,0.5666,0.6195,0.7745,0.4953,0.5527,0.3777,0.5832,0.6707,0.5744,0.5201,0.3091,0.4689,0.2654,0.53,0.2958,0.2019,0.1656,0.3467,
1.0,0.9988,0.9701,0.9689,0.9716,0.9964,0.9944,0.9913,0.9847,0.9251,0.7338,0.9355,0.9093,0.8365,0.7969,0.8614,0.679,0.8232,0.9396,0.7833,0.6099,0.9515,0.7237,0.6238,0.6075,0.6115,0.854,0.5571,0.6232,0.7807,0.5035,0.5489,0.3913,0.5927,0.6757,0.5868,0.5066,0.3142,0.4735,0.2553,0.5271,0.3088,0.2091,0.1594,0.3438,
1.0,0.9991,0.9691,0.9682,0.9717,0.9976,0.9963,0.9897,0.9835,0.9234,0.7428,0.9333,0.906,0.8437,0.8062,0.8571,0.6916,0.8306,0.9374,0.786,0.6133,0.9529,0.725,0.6296,0.6159,0.6213,0.8551,0.5702,0.6224,0.7876,0.5082,0.559,0.3944,0.5969,0.6737,0.5763,0.5218,0.3172,0.4786,0.2693,0.5263,0.312,0.2167,0.1678,0.3572,
1.0,0.9986,0.9694,0.968,0.9689,0.9982,0.996,0.9898,0.9832,0.9183,0.729,0.9315,0.9024,0.8412,0.8015,0.8511,0.6909,0.8278,0.9393,0.7804,0.6067,0.9533,0.7128,0.6221,0.5989,0.607,0.857,0.5664,0.6148,0.7724,0.4992,0.549,0.3877,0.5902,0.6795,0.5783,0.5256,0.3169,0.4773,0.2595,0.5249,0.3127,0.2098,0.1574,0.3524,
1.0,0.9983,0.9664,0.9647,0.9684,0.9968,0.994,0.9898,0.9841,0.9229,0.7395,0.9266,0.9054,0.8457,0.8039,0.8508,0.6822,0.8324,0.9412,0.7752,0.6093,0.9513,0.7165,0.6206,0.5984,0.6177,0.8498,0.5714,0.6133,0.7765,0.498,0.5542,0.3813,0.5902,0.6712,0.5764,0.515,0.317,0.4733,0.2574,0.5137,0.3063,0.2027,0.1579,0.349,
1.0,0.999,0.9682,0.9672,0.9707,0.9977,0.9964,0.9913,0.9843,0.9227,0.7343,0.9319,0.9071,0.8357,0.7933,0.856,0.6728,0.8218,0.9384,0.7755,0.6078,0.9522,0.7238,0.622,0.6172,0.6116,0.8504,0.5629,0.631,0.7801,0.5045,0.5549,0.3895,0.5915,0.6742,0.5946,0.521,0.3148,0.4706,0.2609,0.518,0.3086,0.2133,0.1708,0.3409,
1.0,0.9986,0.9676,0.9662,0.9699,0.9972,0.9941,0.9877,0.9825,0.9206,0.7286,0.9312,0.9027,0.8348,0.796,0.8525,0.6796,0.8199,0.9416,0.7828,0.6081,0.9479,0.7195,0.6225,0.6109,0.6106,0.8543,0.564,0.6228,0.7791,0.5025,0.5526,0.3898,0.5907,0.6774,0.5832,0.5213,0.3152,0.476,0.2609,0.5183,0.3047,0.2111,0.1631,0.3505,
1.0,0.9988,0.968,0.9668,0.9738,0.9978,0.9953,0.9909,0.9863,0.9221,0.7362,0.9351,0.9073,0.8343,0.7974,0.8596,0.679,0.8198,0.9391,0.7824,0.6079,0.9523,0.7217,0.6212,0.6083,0.609,0.8564,0.5572,0.6247,0.7824,0.5045,0.5366,0.3933,0.5848,0.6698,0.576,0.5194,0.3119,0.4795,0.2634,0.5162,0.3047,0.2061,0.1614,0.3534,
1.0,0.9992,0.9685,0.9677,0.9701,0.9966,0.9949,0.9922,0.9862,0.9266,0.737,0.9321,0.91,0.8382,0.8008,0.8596,0.6829,0.8243,0.939,0.7822,0.613,0.9528,0.7282,0.6243,0.6086,0.6129,0.8537,0.5631,0.6224,0.7854,0.5101,0.5515,0.4004,0.5954,0.6732,0.5858,0.519,0.3167,0.4841,0.2665,0.5242,0.3133,0.2125,0.1684,0.3567,
1.0,0.9983,0.9643,0.9626,0.9704,0.9973,0.9946,0.9892,0.9838,0.9255,0.7415,0.9286,0.9099,0.843,0.802,0.8557,0.6817,0.8303,0.9414,0.7815,0.6184,0.9522,0.7259,0.6273,0.6011,0.6179,0.8545,0.5712,0.6192,0.782,0.5067,0.5552,0.389,0.5861,0.6713,0.588,0.5205,0.3185,0.4759,0.2656,0.518,0.3115,0.2121,0.1637,0.3488,
1.0,0.9985,0.9654,0.9639,0.9675,0.9975,0.9948,0.9885,0.9837,0.9246,0.7361,0.9262,0.9075,0.8395,0.7992,0.851,0.6824,0.828,0.9412,0.7809,0.6102,0.9519,0.719,0.6193,0.6023,0.6153,0.8532,0.569,0.6192,0.7777,0.4984,0.5506,0.3846,0.5922,0.6744,0.5817,0.521,0.3101,0.477,0.2597,0.5215,0.3084,0.2093,0.1554,0.3537,
1.0,0.9986,0.9668,0.9654,0.9695,0.9971,0.9941,0.9893,0.9854,0.9223,0.7372,0.9295,0.9057,0.842,0.8042,0.8533,0.6929,0.8305,0.9406,0.7866,0.6157,0.9503,0.722,0.6269,0.6075,0.612,0.859,0.5715,0.6219,0.7795,0.499,0.5517,0.3849,0.5865,0.6731,0.5826,0.5217,0.3184,0.4788,0.2673,0.528,0.3014,0.2109,0.1657,0.3526,
1.0,0.9994,0.9685,0.9679,0.9683,0.9966,0.9945,0.9894,0.9855,0.9213,0.7334,0.9295,0.9027,0.8408,0.801,0.8526,0.687,0.8274,0.939,0.7796,0.6034,0.9502,0.7167,0.6177,0.6097,0.6113,0.8555,0.5733,0.6142,0.7787,0.5071,0.5555,0.3993,0.5983,0.6694,0.5777,0.5216,0.3256,0.4822,0.2624,0.5206,0.3137,0.2134,0.1682,0.3601,
1.0,0.9989,0.9686,0.9675,0.9678,0.9964,0.9938,0.9913,0.9862,0.9241,0.7394,0.9303,0.9082,0.8428,0.8059,0.8556,0.6832,0.8293,0.9407,0.778,0.6178,0.9536,0.7301,0.6264,0.6078,0.614,0.8553,0.5667,0.627,0.7807,0.5112,0.5555,0.4001,0.5984,0.6735,0.5814,0.5198,0.3313,0.4833,0.2643,0.5215,0.319,0.2103,0.1665,0.3626,
1.0,0.9988,0.968,0.9668,0.9685,0.9971,0.9946,0.9905,0.9853,0.924,0.7361,0.9299,0.9081,0.8396,0.8026,0.8547,0.6819,0.8261,0.9402,0.7791,0.6132,0.9525,0.7243,0.6241,0.6063,0.6114,0.8524,0.5649,0.6204,0.7834,0.5061,0.5517,0.389,0.5922,0.6688,0.5863,0.5238,0.3133,0.4798,0.2606,0.5216,0.3155,0.2069,0.1708,0.3467,
1.0,0.9995,0.9633,0.9628,0.9709,0.9973,0.9955,0.9916,0.9864,0.9231,0.7386,0.9285,0.9076,0.8392,0.8013,0.8529,0.6817,0.8248,0.9405,0.782,0.608,0.9517,0.7169,0.6212,0.5991,0.6112,0.8527,0.5596,0.6175,0.7744,0.499,0.5452,0.3809,0.5898,0.6723,0.5904,0.5224,0.3086,0.4695,0.2615,0.5129,0.3007,0.2017,0.1613,0.3528,
1.0,0.9988,0.9664,0.9652,0.9735,0.9971,0.9952,0.9907,0.9857,0.9237,0.735,0.9319,0.9059,0.8339,0.7969,0.8567,0.6803,0.8219,0.9425,0.7846,0.6065,0.954,0.7189,0.6219,0.6107,0.615,0.8497,0.5623,0.6221,0.7862,0.5119,0.5539,0.3911,0.5959,0.6785,0.5832,0.521,0.3135,0.4827,0.2581,0.5276,0.3167,0.2096,0.1665,0.3545,
1.0,0.9987,0.9665,0.9652,0.9691,0.9975,0.9951,0.9924,0.9859,0.9268,0.7453,0.9286,0.9125,0.8469,0.8109,0.8562,0.6912,0.8317,0.9404,0.7833,0.6198,0.9568,0.725,0.6276,0.6086,0.6245,0.8553,0.5737,0.621,0.788,0.5105,0.5571,0.3897,0.5959,0.674,0.5853,0.5245,0.3231,0.4796,0.2723,0.5203,0.3203,0.2083,0.1644,0.3615,
1.0,0.9993,0.9708,0.9701,0.9716,0.997,0.9957,0.9912,0.9853,0.9279,0.7359,0.9361,0.9118,0.8349,0.7972,0.8652,0.6802,0.8214,0.9423,0.7873,0.6076,0.952,0.721,0.6214,0.601,0.6119,0.8524,0.5578,0.6253,0.7851,0.5067,0.5441,0.3835,0.5869,0.6758,0.5857,0.5286,0.3102,0.4727,0.2622,0.527,0.3122,0.2123,0.1699,0.3543,
1.0,0.9991,0.9671,0.9662,0.9668,0.9982,0.9961,0.9913,0.9868,0.9276,0.7418,0.928,0.9132,0.8456,0.8098,0.8565,0.693,0.8327,0.9366,0.7836,0.6114,0.9517,0.7217,0.6189,0.5977,0.6136,0.8574,0.5693,0.6215,0.7806,0.488,0.5521,0.3837,0.5921,0.6709,0.5766,0.5179,0.3076,0.4774,0.2649,0.5284,0.3017,0.2031,0.1623,0.3625,
1.0,0.999,0.9655,0.9645,0.9698,0.9967,0.995,0.9901,0.9834,0.9232,0.7363,0.9298,0.907,0.8399,0.8016,0.8539,0.6784,0.826,0.939,0.7807,0.609,0.951,0.7182,0.6139,0.6009,0.6154,0.8552,0.564,0.6141,0.7855,0.5005,0.5497,0.3764,0.5888,0.6752,0.5777,0.516,0.312,0.4789,0.2538,0.5216,0.3154,0.2022,0.1541,0.3571,
1.0,0.9988,0.9678,0.9666,0.9719,0.9974,0.9951,0.9917,0.9871,0.9253,0.7392,0.9342,0.9119,0.8359,0.7995,0.8623,0.6886,0.8234,0.9417,0.7918,0.6159,0.9518,0.7238,0.625,0.6112,0.6144,0.8642,0.5739,0.6261,0.7875,0.5043,0.55,0.3929,0.5898,0.6742,0.5898,0.5284,0.3184,0.4808,0.2709,0.5308,0.3115,0.2078,0.1636,0.3513,
1.0,0.9989,0.9669,0.9658,0.9665,0.9978,0.9955,0.9906,0.9853,0.9242,0.7349,0.9277,0.9096,0.84,0.8027,0.8521,0.6883,0.8253,0.939,0.7821,0.6145,0.9526,0.7251,0.6217,0.6055,0.6137,0.8583,0.565,0.6228,0.779,0.5018,0.5534,0.3854,0.5942,0.6765,0.5909,0.5253,0.3184,0.4847,0.2698,0.5219,0.3122,0.207,0.1641,0.3578,
1.0,0.9994,0.9675,0.9669,0.9714,0.9975,0.9962,0.9916,0.9865,0.9275,0.7417,0.9327,0.912,0.8387,0.8009,0.86,0.6852,0.8274,0.9442,0.787,0.6129,0.9534,0.7224,0.6216,0.6056,0.6237,0.858,0.5719,0.6242,0.7917,0.5102,0.5598,0.3944,0.5948,0.677,0.5836,0.5275,0.323,0.4793,0.2731,0.5262,0.3117,0.2117,0.1689,0.3466,
1.0,0.9989,0.9681,0.967,0.9668,0.9972,0.9948,0.9884,0.9842,0.9228,0.7373,0.9278,0.905,0.8425,0.8041,0.8512,0.6886,0.8286,0.9372,0.7786,0.6112,0.9468,0.7222,0.6211,0.6064,0.6137,0.8536,0.5704,0.6188,0.7774,0.4969,0.5534,0.39,0.5862,0.6747,0.5841,0.518,0.3159,0.4895,0.2662,0.5373,0.311,0.2092,0.1672,0.3601,
1.0,0.9991,0.9633,0.9624,0.9695,0.9972,0.9954,0.9914,0.9865,0.9243,0.7348,0.9269,0.9094,0.8369,0.8009,0.8524,0.6858,0.8236,0.9417,0.7886,0.6118,0.9504,0.7236,0.6224,0.5999,0.6145,0.8616,0.568,0.6137,0.7796,0.5092,0.5468,0.3929,0.5807,0.6716,0.5877,0.523,0.3132,0.4766,0.262,0.5212,0.313,0.214,0.1642,0.3531,
1.0,0.9994,0.9655,0.9649,0.9691,0.998,0.9967,0.9913,0.9867,0.9229,0.7336,0.9288,0.9088,0.8344,0.7989,0.8525,0.678,0.8211,0.9422,0.7802,0.6054,0.9514,0.7195,0.6181,0.5999,0.6077,0.855,0.5601,0.6165,0.7785,0.5005,0.541,0.3894,0.5838,0.6745,0.5803,0.521,0.3145,0.4731,0.2598,0.5134,0.3052,0.1999,0.1536,0.3475,
1.0,0.9986,0.9677,0.9663,0.9686,0.9978,0.9952,0.9903,0.9842,0.9226,0.7298,0.9295,0.9072,0.8336,0.7942,0.8535,0.6774,0.819,0.9358,0.7812,0.6111,0.9547,0.7275,0.6213,0.6085,0.6029,0.8581,0.5596,0.624,0.7847,0.4976,0.5419,0.3803,0.5876,0.6737,0.5853,0.5216,0.3064,0.4814,0.2654,0.5214,0.3102,0.2027,0.1642,0.3504,
1.0,0.9986,0.9688,0.9674,0.9708,0.9973,0.9951,0.9891,0.9821,0.9258,0.7386,0.934,0.9094,0.8408,0.8022,0.8615,0.6805,0.8261,0.9412,0.7826,0.6157,0.9504,0.7239,0.6242,0.6058,0.6182,0.8523,0.5666,0.6324,0.79,0.5132,0.5564,0.3899,0.5918,0.6783,0.5889,0.5204,0.3211,0.4723,0.2615,0.527,0.3225,0.2179,0.1591,0.3546,
1.0,0.999,0.9685,0.9675,0.9683,0.9971,0.9949,0.9887,0.9836,0.9282,0.7402,0.9309,0.9101,0.8407,0.8007,0.8593,0.6822,0.8279,0.9359,0.7821,0.6217,0.9531,0.7378,0.6273,0.62,0.6127,0.8512,0.5585,0.6362,0.7812,0.5073,0.5481,0.3944,0.5972,0.6817,0.5946,0.5125,0.3178,0.4842,0.2674,0.5332,0.3231,0.2132,0.1676,0.3551,
1.0,0.9995,0.9663,0.9658,0.9694,0.9969,0.9955,0.9916,0.9862,0.9251,0.7477,0.9306,0.9104,0.8499,0.8135,0.8565,0.7029,0.8373,0.9404,0.7909,0.6227,0.954,0.7277,0.6312,0.6092,0.6233,0.8663,0.5848,0.6217,0.7876,0.5012,0.5591,0.3844,0.5921,0.6683,0.583,0.527,0.3146,0.4874,0.2697,0.5258,0.3055,0.2059,0.1611,0.3719,
1.0,0.9987,0.9685,0.9672,0.9715,0.9978,0.9956,0.9922,0.9856,0.9212,0.7346,0.9344,0.9087,0.8398,0.8028,0.857,0.6829,0.8253,0.9393,0.7785,0.6034,0.9557,0.7155,0.6171,0.5988,0.6073,0.8574,0.5581,0.6135,0.7832,0.4993,0.5476,0.3832,0.5967,0.6796,0.5727,0.5187,0.3142,0.482,0.252,0.5252,0.3161,0.2078,0.1614,0.3616,
1.0,0.9996,0.9672,0.9668,0.9699,0.9969,0.9957,0.9909,0.9853,0.9213,0.7354,0.931,0.9046,0.8402,0.8014,0.8529,0.6874,0.827,0.9441,0.7821,0.6088,0.9504,0.7141,0.6254,0.609,0.6208,0.8552,0.5805,0.6154,0.7796,0.5017,0.5621,0.3929,0.5898,0.6754,0.5829,0.5227,0.3172,0.4837,0.2639,0.5264,0.3033,0.2022,0.1648,0.3555,
1.0,0.9984,0.9692,0.9676,0.9718,0.9977,0.9952,0.9893,0.9838,0.9263,0.7391,0.9344,0.9105,0.8384,0.7995,0.8614,0.6823,0.8261,0.944,0.7863,0.6165,0.9582,0.7349,0.6274,0.616,0.6147,0.8565,0.5627,0.6316,0.7859,0.5136,0.5527,0.3919,0.6005,0.6863,0.5927,0.5284,0.3221,0.4868,0.2599,0.5381,0.3216,0.2167,0.1675,0.3554,
1.0,0.9991,0.9679,0.967,0.9676,0.9975,0.995,0.9891,0.9831,0.9204,0.7268,0.9281,0.9023,0.8357,0.7938,0.8501,0.6774,0.8197,0.9392,0.7758,0.6076,0.9505,0.717,0.6214,0.5963,0.6088,0.8549,0.5691,0.612,0.7757,0.4957,0.5566,0.3821,0.5861,0.6824,0.5739,0.5208,0.3122,0.4705,0.255,0.5261,0.2939,0.2045,0.157,0.3485,
1.0,0.999,0.9701,0.9691,0.9693,0.9964,0.9943,0.9908,0.9857,0.9238,0.7373,0.9325,0.9063,0.8383,0.7998,0.8577,0.6804,0.826,0.9424,0.7762,0.6069,0.9538,0.7181,0.6209,0.6015,0.6152,0.8501,0.5641,0.6148,0.7809,0.5124,0.5506,0.39,0.5897,0.671,0.583,0.5269,0.3136,0.471,0.2562,0.5155,0.3175,0.214,0.1634,0.3452,
1.0,0.9987,0.9701,0.9688,0.9674,0.9968,0.9941,0.9898,0.9835,0.922,0.7349,0.93,0.9038,0.8412,0.8007,0.8528,0.6841,0.8253,0.9407,0.775,0.6165,0.95,0.7229,0.6289,0.6074,0.6146,0.8508,0.5689,0.6282,0.7801,0.5042,0.5639,0.3837,0.5929,0.6879,0.5891,0.5243,0.314,0.4698,0.2683,0.5254,0.313,0.2116,0.1581,0.3526,
1.0,0.9989,0.9664,0.9653,0.9707,0.9972,0.9956,0.9905,0.9853,0.9226,0.7419,0.9312,0.9069,0.8433,0.8039,0.8547,0.6875,0.8307,0.9405,0.7808,0.6079,0.9523,0.712,0.6208,0.5948,0.6157,0.8525,0.5714,0.6074,0.7731,0.5017,0.5532,0.3824,0.5804,0.6791,0.5719,0.5233,0.3154,0.47,0.2562,0.5272,0.3004,0.2039,0.1585,0.3491,
1.0,0.9987,0.9651,0.9638,0.9692,0.997,0.9947,0.9904,0.9845,0.9256,0.7435,0.9276,0.9096,0.8469,0.8066,0.8541,0.6917,0.834,0.9427,0.7866,0.6174,0.9565,0.7275,0.6263,0.6094,0.6237,0.8606,0.5828,0.6214,0.7858,0.5111,0.5594,0.3927,0.6054,0.6788,0.595,0.5289,0.3266,0.4888,0.2648,0.5259,0.3222,0.2121,0.1691,0.3707,
1.0,0.9988,0.9646,0.9634,0.9719,0.9978,0.9952,0.9909,0.9854,0.9291,0.7395,0.929,0.9129,0.8372,0.7968,0.8584,0.6779,0.8215,0.9373,0.7854,0.6132,0.9507,0.7286,0.6211,0.6065,0.6136,0.8555,0.5614,0.6217,0.7884,0.5116,0.5449,0.4025,0.5875,0.6776,0.5856,0.5128,0.3168,0.4843,0.256,0.5256,0.3178,0.2172,0.1653,0.353,
1.0,0.9985,0.9702,0.9687,0.9707,0.9971,0.995,0.9913,0.9859,0.92,0.7415,0.9339,0.9048,0.8438,0.8081,0.856,0.6947,0.8318,0.947,0.7826,0.6202,0.955,0.7271,0.6382,0.6179,0.6238,0.8597,0.5818,0.6257,0.7812,0.502,0.5622,0.392,0.5894,0.6822,0.5918,0.5284,0.3223,0.4831,0.2672,0.5302,0.3106,0.2055,0.1727,0.363,
1.0,0.999,0.9674,0.9664,0.9677,0.9975,0.9957,0.9909,0.9855,0.924,0.7359,0.928,0.9078,0.8394,0.803,0.8534,0.6892,0.8273,0.9438,0.7846,0.6149,0.9549,0.7248,0.6226,0.6083,0.6172,0.857,0.5702,0.6198,0.7808,0.5037,0.5524,0.3858,0.5932,0.6783,0.5869,0.5207,0.3234,0.4842,0.2601,0.53,0.3118,0.2038,0.1651,0.3597,
1.0,0.9984,0.9652,0.9636,0.9716,0.998,0.9952,0.9905,0.9841,0.9276,0.7463,0.9299,0.9128,0.8436,0.8062,0.8584,0.6897,0.8293,0.939,0.7908,0.619,0.9539,0.7255,0.6264,0.6023,0.6245,0.8582,0.5698,0.6217,0.7863,0.5032,0.5512,0.3863,0.5892,0.6729,0.5809,0.5149,0.3156,0.4785,0.2599,0.5258,0.3183,0.2068,0.1586,0.3613,
1.0,0.9987,0.9667,0.9654,0.9677,0.997,0.9945,0.9895,0.9843,0.9278,0.7329,0.9274,0.9109,0.8347,0.7929,0.8563,0.6825,0.8211,0.939,0.7873,0.609,0.9504,0.7254,0.6163,0.6021,0.6084,0.8598,0.5616,0.6215,0.7806,0.502,0.5415,0.3849,0.5902,0.6738,0.5834,0.5229,0.3136,0.4837,0.2613,0.5283,0.3181,0.211,0.1601,0.3498,
1.0,0.9989,0.9653,0.9642,0.9705,0.9968,0.9949,0.9911,0.9856,0.9212,0.739,0.9298,0.9051,0.8428,0.8043,0.8516,0.6899,0.8295,0.941,0.7849,0.616,0.9514,0.7211,0.627,0.6048,0.6136,0.8633,0.578,0.6131,0.7826,0.5048,0.5499,0.3883,0.5859,0.6697,0.5848,0.5272,0.3196,0.472,0.2653,0.5193,0.3131,0.2121,0.1631,0.356,
1.0,0.9984,0.9637,0.9621,0.9703,0.9981,0.9957,0.99,0.9858,0.9264,0.7395,0.927,0.9105,0.8399,0.8028,0.8551,0.6842,0.8286,0.942,0.7847,0.6055,0.9547,0.7227,0.6109,0.601,0.6168,0.8593,0.5692,0.6148,0.7879,0.5128,0.5505,0.3846,0.5812,0.6659,0.5742,0.5195,0.3246,0.4767,0.2535,0.52,0.3149,0.2096,0.1555,0.3503,
1.0,0.9987,0.9664,0.9651,0.9706,0.9965,0.9941,0.9911,0.987,0.9238,0.7448,0.9306,0.9078,0.8463,0.8119,0.8563,0.6971,0.8351,0.9434,0.7883,0.6221,0.9546,0.7306,0.635,0.6106,0.6265,0.8602,0.5803,0.6228,0.7853,0.5105,0.5636,0.3908,0.5907,0.679,0.5878,0.5285,0.3222,0.4783,0.2725,0.5225,0.3153,0.2072,0.1709,0.3656,
1.0,0.9987,0.9669,0.9656,0.9713,0.9971,0.9948,0.9904,0.9857,0.9204,0.7366,0.932,0.9043,0.8398,0.8038,0.8543,0.6834,0.8275,0.9453,0.779,0.611,0.9502,0.7156,0.6269,0.5976,0.6192,0.8532,0.5685,0.6125,0.7797,0.4961,0.5547,0.3849,0.5854,0.6695,0.5747,0.5236,0.3113,0.4674,0.2572,0.5173,0.3017,0.195,0.1639,0.349,
1.0,0.999,0.9646,0.9636,0.9665,0.9979,0.9964,0.9902,0.9844,0.9215,0.7261,0.9243,0.9053,0.8368,0.7959,0.8471,0.6758,0.8239,0.9402,0.7761,0.6075,0.952,0.7237,0.6172,0.6065,0.6062,0.858,0.5641,0.6157,0.7764,0.495,0.5521,0.3866,0.597,0.6764,0.583,0.5225,0.3177,0.481,0.2608,0.5219,0.3064,0.205,0.1661,0.3517,
1.0,0.998,0.9697,0.9677,0.9695,0.9974,0.9941,0.9892,0.9832,0.9258,0.7416,0.9316,0.9097,0.8452,0.8049,0.8584,0.6867,0.8305,0.937,0.7829,0.6127,0.9537,0.7186,0.623,0.5985,0.6183,0.8531,0.5716,0.6181,0.7794,0.5112,0.5538,0.3853,0.5815,0.6732,0.5778,0.5191,0.3177,0.4799,0.2586,0.5259,0.3156,0.2137,0.1536,0.3506,
1.0,0.9989,0.9676,0.9665,0.9706,0.9961,0.9942,0.9911,0.9863,0.9183,0.737,0.9321,0.9014,0.8431,0.8099,0.8525,0.697,0.8316,0.9387,0.7872,0.6078,0.9539,0.7202,0.6248,0.6061,0.6151,0.8645,0.575,0.6122,0.7838,0.5079,0.5533,0.391,0.5914,0.674,0.5771,0.5223,0.313,0.4835,0.2565,0.5301,0.3141,0.2066,0.1551,0.3606,
1.0,0.9984,0.9683,0.9667,0.9687,0.9976,0.9951,0.9888,0.9834,0.9251,0.7316,0.9288,0.907,0.8345,0.7938,0.8554,0.678,0.8214,0.9401,0.7812,0.6039,0.9504,0.7185,0.6164,0.6022,0.6099,0.8516,0.5625,0.6186,0.7835,0.5025,0.5553,0.3836,0.5843,0.6749,0.5807,0.5197,0.3079,0.4714,0.2572,0.5191,0.3087,0.2086,0.1608,0.346,
1.0,0.9992,0.9703,0.9695,0.9694,0.9973,0.9952,0.9906,0.9863,0.9267,0.7444,0.9346,0.9115,0.8444,0.8079,0.8629,0.6941,0.8306,0.9431,0.7868,0.6181,0.9539,0.7231,0.629,0.5991,0.6182,0.8575,0.5725,0.6226,0.7805,0.5062,0.5617,0.3841,0.5923,0.6911,0.585,0.5269,0.3184,0.4791,0.2604,0.5413,0.3092,0.2187,0.1666,0.3548,
1.0,0.9995,0.9652,0.9647,0.9695,0.997,0.9955,0.9906,0.9854,0.9244,0.7444,0.9289,0.9078,0.8467,0.8085,0.855,0.6918,0.834,0.943,0.7853,0.6183,0.953,0.7275,0.6297,0.608,0.6213,0.8598,0.5705,0.6262,0.7804,0.5083,0.5494,0.3928,0.6001,0.6777,0.5883,0.5177,0.3223,0.4891,0.2689,0.527,0.3165,0.2113,0.1567,0.3658,
1.0,0.999,0.9671,0.9661,0.9691,0.997,0.9952,0.9907,0.9838,0.924,0.738,0.9299,0.9079,0.8413,0.8018,0.8543,0.6865,0.8272,0.9386,0.7828,0.613,0.9525,0.7216,0.6205,0.6049,0.6156,0.857,0.572,0.6155,0.7832,0.5052,0.5504,0.3852,0.5862,0.6738,0.5733,0.5208,0.3173,0.4787,0.2597,0.53,0.3101,0.213,0.1661,0.3509,
1.0,0.9991,0.9651,0.9642,0.9676,0.9981,0.9964,0.9909,0.984,0.9244,0.7326,0.9257,0.9088,0.8379,0.797,0.8506,0.6786,0.8244,0.9398,0.779,0.6145,0.9547,0.7223,0.6198,0.6034,0.6088,0.8532,0.5639,0.6204,0.7776,0.5003,0.5468,0.3821,0.5855,0.6746,0.5864,0.5293,0.3084,0.4776,0.269,0.5228,0.3129,0.2038,0.1647,0.3517,
1.0,0.9986,0.9667,0.9653,0.9705,0.9978,0.9954,0.9895,0.9839,0.9244,0.7335,0.9295,0.9069,0.8375,0.7941,0.8562,0.6752,0.825,0.9418,0.7766,0.6052,0.9545,0.7196,0.6195,0.6003,0.606,0.8512,0.5569,0.6147,0.7791,0.5031,0.5466,0.388,0.5898,0.6753,0.576,0.5098,0.3162,0.4804,0.2451,0.5237,0.3092,0.2128,0.1591,0.3536,
1.0,0.9985,0.9663,0.9648,0.9697,0.9975,0.9949,0.9899,0.9842,0.9253,0.7382,0.9289,0.909,0.8387,0.7992,0.8558,0.6812,0.8255,0.9397,0.783,0.6131,0.9515,0.7222,0.6207,0.608,0.6179,0.8523,0.5643,0.6254,0.7788,0.4933,0.5464,0.3822,0.5897,0.6768,0.5847,0.5237,0.3101,0.4741,0.2636,0.5256,0.2995,0.206,0.1689,0.3515,
1.0,0.9987,0.9677,0.9664,0.9686,0.9968,0.9946,0.9905,0.9847,0.9211,0.7328,0.9301,0.905,0.8398,0.8018,0.8531,0.6876,0.8255,0.9399,0.7828,0.6119,0.9517,0.7178,0.6247,0.6046,0.6085,0.8557,0.5715,0.6217,0.7753,0.4995,0.5512,0.3872,0.5851,0.6717,0.5848,0.5271,0.3172,0.4744,0.2635,0.5196,0.3009,0.2026,0.1634,0.3515,
1.0,0.9992,0.9704,0.9696,0.9723,0.9966,0.9949,0.9913,0.9857,0.9262,0.7433,0.9352,0.9088,0.841,0.8029,0.8624,0.6903,0.8266,0.9394,0.7874,0.6093,0.9513,0.7219,0.6254,0.606,0.6158,0.8577,0.566,0.6238,0.7908,0.5111,0.5508,0.3852,0.5903,0.6755,0.5813,0.5115,0.3156,0.4771,0.2642,0.5335,0.3165,0.2065,0.1574,0.3549,
1.0,0.9991,0.9686,0.9677,0.9693,0.9979,0.9961,0.992,0.9863,0.9245,0.738,0.9306,0.9093,0.84,0.804,0.8564,0.6891,0.8264,0.9416,0.787,0.6106,0.9572,0.723,0.6249,0.6055,0.6137,0.8611,0.5729,0.6188,0.7848,0.5045,0.5527,0.3873,0.5921,0.6839,0.5809,0.5356,0.3214,0.4817,0.2674,0.5259,0.3154,0.2096,0.1705,0.3529,
1.0,0.9985,0.9664,0.9649,0.9679,0.9966,0.994,0.9907,0.9856,0.9239,0.7357,0.9281,0.9087,0.8397,0.8019,0.8539,0.6791,0.8267,0.9384,0.7777,0.6116,0.9543,0.7237,0.6204,0.5993,0.6049,0.8541,0.5582,0.6198,0.7784,0.4992,0.5416,0.3852,0.5943,0.6709,0.5813,0.5137,0.3084,0.4816,0.2569,0.5256,0.3124,0.2066,0.1556,0.3593,
1.0,0.9989,0.9711,0.97,0.97,0.9976,0.9958,0.9914,0.986,0.924,0.735,0.9346,0.909,0.8381,0.8006,0.8596,0.6857,0.8258,0.9379,0.7819,0.6061,0.955,0.7247,0.6202,0.6139,0.6083,0.8583,0.5605,0.6286,0.7833,0.5018,0.551,0.3991,0.6087,0.6798,0.5858,0.5125,0.3122,0.4932,0.2649,0.5308,0.3194,0.2069,0.1611,0.3611,
1.0,0.9994,0.9644,0.9638,0.9717,0.9974,0.9959,0.9916,0.9868,0.9184,0.7374,0.9296,0.9028,0.838,0.8007,0.8501,0.6848,0.8263,0.9415,0.7798,0.6109,0.9564,0.7282,0.627,0.6202,0.6176,0.8598,0.5704,0.6209,0.7798,0.5026,0.5533,0.3997,0.5967,0.6729,0.5899,0.524,0.3203,0.4851,0.2657,0.5178,0.3156,0.2015,0.1674,0.362,
1.0,0.9989,0.9685,0.9674,0.9733,0.9977,0.9956,0.9913,0.9856,0.9234,0.7357,0.9363,0.9103,0.8357,0.7992,0.8602,0.6855,0.8227,0.9416,0.7897,0.6086,0.9547,0.722,0.6225,0.6124,0.613,0.8627,0.5666,0.6267,0.7888,0.5051,0.5466,0.3938,0.5973,0.6813,0.5913,0.528,0.3108,0.4822,0.2665,0.5278,0.3152,0.2117,0.1584,0.356,
1.0,0.9988,0.9658,0.9646,0.9691,0.9969,0.9945,0.9897,0.9838,0.9194,0.7337,0.9285,0.9025,0.8406,0.8024,0.8502,0.6812,0.826,0.9404,0.7792,0.6081,0.9493,0.714,0.6191,0.6035,0.6147,0.8557,0.5698,0.6118,0.7781,0.5015,0.5507,0.3928,0.5899,0.6706,0.5727,0.521,0.321,0.4846,0.257,0.5236,0.3119,0.2075,0.1643,0.354,
1.0,0.999,0.9688,0.9678,0.971,0.9966,0.9949,0.9901,0.985,0.9252,0.7367,0.9329,0.9075,0.8374,0.7999,0.8579,0.6814,0.8247,0.9385,0.7824,0.6044,0.9533,0.7214,0.6154,0.6069,0.6069,0.853,0.5526,0.6217,0.7826,0.4947,0.5412,0.3797,0.5982,0.6805,0.5773,0.5215,0.303,0.4841,0.2576,0.5248,0.3123,0.2037,0.1566,0.3538,
1.0,0.9993,0.9682,0.9675,0.9696,0.9974,0.9962,0.9903,0.984,0.9189,0.7281,0.9315,0.9025,0.8363,0.7974,0.8527,0.6874,0.8227,0.9364,0.7825,0.607,0.9507,0.7229,0.6208,0.6048,0.5991,0.8628,0.5608,0.6225,0.7772,0.5021,0.5421,0.3932,0.5882,0.6668,0.5769,0.5201,0.3148,0.4828,0.263,0.5299,0.3036,0.2021,0.1645,0.3446,
1.0,0.9994,0.971,0.9704,0.9703,0.9973,0.996,0.9895,0.9827,0.9201,0.7344,0.9362,0.9041,0.8406,0.7981,0.8579,0.684,0.8263,0.9385,0.7789,0.6123,0.9495,0.7223,0.63,0.6065,0.6044,0.8543,0.5624,0.6253,0.7728,0.4972,0.5493,0.3896,0.5864,0.6714,0.5794,0.5182,0.3114,0.4794,0.2656,0.5327,0.3037,0.2105,0.1694,0.3524,
1.0,0.9989,0.9685,0.9674,0.9706,0.9972,0.9947,0.9892,0.9854,0.9229,0.7412,0.9335,0.907,0.8426,0.8072,0.8587,0.6923,0.8301,0.9411,0.7871,0.6171,0.9492,0.7265,0.6324,0.6154,0.6196,0.8593,0.5729,0.6285,0.7801,0.5031,0.556,0.3917,0.5867,0.68,0.5846,0.5228,0.3163,0.4802,0.2739,0.5347,0.3046,0.2135,0.167,0.3555,
1.0,0.9985,0.9665,0.965,0.9732,0.9976,0.9947,0.9912,0.9873,0.9266,0.7499,0.9321,0.9112,0.8435,0.8079,0.8604,0.69,0.8306,0.9417,0.7877,0.6158,0.9535,0.7268,0.6259,0.6163,0.6286,0.8574,0.5737,0.6251,0.7925,0.5125,0.5575,0.3985,0.5928,0.6753,0.5887,0.5143,0.3235,0.4797,0.2686,0.5106,0.3146,0.2101,0.1596,0.3585,
1.0,0.9987,0.9653,0.964,0.9724,0.9965,0.994,0.9899,0.9844,0.921,0.7308,0.9316,0.9046,0.8354,0.7961,0.8534,0.6785,0.8208,0.939,0.7838,0.6076,0.9525,0.7226,0.6189,0.6091,0.607,0.8569,0.5666,0.6185,0.7843,0.5095,0.5495,0.3921,0.5899,0.6771,0.5845,0.527,0.321,0.4854,0.2547,0.5253,0.322,0.2088,0.173,0.3585,
1.0,0.9992,0.9685,0.9677,0.9698,0.9974,0.9953,0.9906,0.9856,0.9258,0.7387,0.9331,0.9104,0.8413,0.8051,0.8597,0.6924,0.8278,0.9408,0.7898,0.6092,0.9526,0.7214,0.6205,0.6074,0.6185,0.8608,0.5709,0.6242,0.7807,0.5098,0.5569,0.3897,0.5958,0.6785,0.5846,0.5161,0.3189,0.4868,0.2611,0.5324,0.3188,0.2161,0.1557,0.3593,
1.0,0.9987,0.9683,0.967,0.9691,0.9969,0.9946,0.9893,0.984,0.9283,0.7353,0.9312,0.9115,0.8356,0.7957,0.8612,0.6763,0.8229,0.9423,0.7837,0.6142,0.9516,0.7292,0.6247,0.6092,0.6128,0.8553,0.563,0.626,0.7841,0.5057,0.5469,0.3906,0.5902,0.6764,0.587,0.5263,0.3106,0.48,0.2588,0.5223,0.3119,0.2018,0.1699,0.3453,
1.0,0.9988,0.9661,0.9649,0.9711,0.9964,0.9942,0.9922,0.9882,0.9237,0.7393,0.9314,0.9094,0.8364,0.8021,0.8563,0.6853,0.8234,0.9393,0.786,0.6151,0.9522,0.7275,0.6231,0.6117,0.6094,0.8605,0.5654,0.6261,0.7864,0.5023,0.5485,0.3968,0.5908,0.6763,0.5833,0.5187,0.3163,0.4797,0.2632,0.5317,0.313,0.2134,0.1656,0.3572,
1.0,0.9991,0.9683,0.9674,0.9673,0.9969,0.9951,0.9907,0.9851,0.924,0.7345,0.9292,0.9077,0.8382,0.8004,0.8541,0.6805,0.8244,0.9402,0.7762,0.6082,0.9524,0.7215,0.6166,0.6059,0.6135,0.8511,0.5661,0.6161,0.781,0.5052,0.5488,0.3909,0.5918,0.6796,0.582,0.5226,0.3182,0.4787,0.2577,0.5175,0.3126,0.21,0.1631,0.3558,
1.0,0.999,0.9677,0.9667,0.9678,0.998,0.9956,0.9907,0.9856,0.9215,0.7348,0.9302,0.9074,0.8407,0.8051,0.8539,0.6873,0.8274,0.9405,0.781,0.6126,0.9556,0.7228,0.6221,0.6073,0.6146,0.8601,0.57,0.613,0.7821,0.4984,0.5544,0.383,0.5938,0.6701,0.5764,0.5246,0.3152,0.4829,0.2567,0.5269,0.3086,0.2014,0.1632,0.3577,
1.0,0.9983,0.9709,0.9692,0.9692,0.9976,0.9947,0.9899,0.9843,0.9232,0.7357,0.9333,0.9079,0.8426,0.8065,0.8578,0.6869,0.8293,0.9392,0.7826,0.6165,0.9554,0.7287,0.629,0.612,0.6146,0.8538,0.5634,0.6257,0.7818,0.5039,0.5544,0.3841,0.5873,0.6773,0.5851,0.5203,0.3139,0.472,0.2629,0.5232,0.3101,0.2109,0.1692,0.3517,
1.0,0.998,0.9663,0.9643,0.9668,0.997,0.9942,0.9908,0.9861,0.9242,0.7308,0.9264,0.9094,0.835,0.7959,0.8532,0.6802,0.8242,0.943,0.7796,0.605,0.9536,0.7195,0.6123,0.6039,0.6075,0.8608,0.5661,0.6195,0.7788,0.4949,0.5514,0.3802,0.5932,0.6695,0.5768,0.524,0.3188,0.4814,0.2619,0.5202,0.304,0.2043,0.1575,0.3535,
1.0,0.9989,0.9694,0.9683,0.9711,0.9972,0.9954,0.99,0.986,0.924,0.739,0.935,0.9084,0.8394,0.8011,0.8601,0.6822,0.8273,0.9428,0.7792,0.6087,0.9506,0.7176,0.6216,0.6004,0.6129,0.856,0.565,0.6173,0.7847,0.5016,0.5552,0.3808,0.5885,0.6839,0.5813,0.5276,0.3123,0.473,0.2614,0.5239,0.3117,0.2204,0.1632,0.3514,
1.0,0.9995,0.9662,0.9657,0.9715,0.9973,0.9961,0.9914,0.985,0.9205,0.7371,0.9328,0.906,0.8382,0.8019,0.8546,0.6835,0.8241,0.9365,0.7844,0.6043,0.9505,0.7197,0.6185,0.6075,0.6086,0.8597,0.5615,0.6163,0.7819,0.4991,0.5429,0.3826,0.5849,0.6686,0.573,0.509,0.3093,0.4787,0.2577,0.5253,0.3115,0.2014,0.1536,0.3501,
1.0,0.9991,0.968,0.9671,0.972,0.9975,0.9957,0.9894,0.9839,0.9245,0.7371,0.933,0.9065,0.8395,0.8011,0.8588,0.6854,0.8271,0.9395,0.7868,0.6084,0.9537,0.7208,0.6212,0.6062,0.6142,0.8547,0.569,0.6168,0.7857,0.5107,0.5504,0.3887,0.594,0.6787,0.5799,0.512,0.3245,0.4838,0.2531,0.5239,0.3174,0.2072,0.1568,0.3575,
1.0,0.9987,0.9661,0.9648,0.9693,0.9967,0.9949,0.9914,0.9864,0.9234,0.733,0.9289,0.9081,0.8352,0.8007,0.8547,0.6771,0.8237,0.9421,0.778,0.6086,0.9531,0.7218,0.6178,0.6057,0.6102,0.853,0.5578,0.623,0.7828,0.5016,0.5452,0.3854,0.5903,0.6747,0.5847,0.5168,0.3167,0.4773,0.2584,0.5278,0.3125,0.2062,0.1539,0.3532,
1.0,0.9992,0.9712,0.9704,0.9678,0.9966,0.9949,0.9904,0.9853,0.9199,0.7323,0.9316,0.9024,0.8397,0.8009,0.8529,0.6863,0.8274,0.9421,0.7757,0.6101,0.9515,0.719,0.6294,0.6095,0.6092,0.8568,0.5672,0.6183,0.7773,0.487,0.559,0.3817,0.5895,0.6814,0.5782,0.5222,0.3101,0.478,0.2545,0.525,0.2991,0.2039,0.1612,0.3511,
1.0,0.999,0.9699,0.9689,0.973,0.9977,0.9954,0.9917,0.9871,0.9248,0.744,0.9351,0.9089,0.8425,0.8028,0.8605,0.6892,0.8288,0.939,0.783,0.6088,0.9534,0.7181,0.6259,0.6043,0.6131,0.8557,0.5654,0.6165,0.7886,0.5064,0.5544,0.3958,0.5926,0.6759,0.5807,0.5219,0.3191,0.4802,0.2613,0.5252,0.3174,0.2114,0.1692,0.3571,
1.0,0.9986,0.9693,0.9679,0.9679,0.9963,0.9938,0.9891,0.9849,0.925,0.7394,0.9307,0.9077,0.8435,0.8066,0.857,0.6921,0.8302,0.9441,0.7848,0.6122,0.95,0.7177,0.6223,0.5947,0.6154,0.8566,0.5679,0.621,0.7773,0.5082,0.5556,0.3762,0.5885,0.6835,0.5862,0.5249,0.3102,0.4795,0.2642,0.5359,0.3036,0.2128,0.1573,0.3549,
1.0,0.9991,0.9699,0.969,0.9686,0.9983,0.9968,0.9901,0.9846,0.921,0.7298,0.9328,0.9058,0.8369,0.799,0.8549,0.6872,0.8242,0.9401,0.7816,0.6058,0.9526,0.7247,0.6221,0.6108,0.6112,0.8642,0.5755,0.6174,0.7875,0.506,0.5624,0.3936,0.5941,0.6798,0.5802,0.5237,0.3222,0.4815,0.2597,0.5304,0.3181,0.2094,0.1668,0.3532,
1.0,0.9988,0.9685,0.9673,0.9703,0.9968,0.9948,0.9906,0.9857,0.924,0.7341,0.9323,0.9077,0.8335,0.7953,0.8574,0.6819,0.8198,0.9415,0.7842,0.61,0.9507,0.7248,0.6212,0.6024,0.6073,0.8579,0.5572,0.6219,0.7818,0.5037,0.5406,0.3891,0.5889,0.6681,0.5764,0.5213,0.3118,0.4772,0.2607,0.5226,0.3097,0.2043,0.1641,0.3543,
1.0,0.9993,0.9698,0.9691,0.9689,0.9962,0.9941,0.9925,0.9868,0.9257,0.74,0.9334,0.9111,0.8401,0.8048,0.8607,0.6875,0.8263,0.9402,0.784,0.6138,0.9518,0.7241,0.6251,0.6116,0.6162,0.8598,0.5724,0.6257,0.785,0.504,0.5568,0.3904,0.5912,0.6715,0.5902,0.5285,0.3132,0.4817,0.2705,0.5254,0.3143,0.2128,0.1653,0.3562,
1.0,0.9993,0.9672,0.9665,0.9677,0.9973,0.9955,0.99,0.9849,0.9223,0.7257,0.9287,0.9055,0.8317,0.7951,0.8516,0.6746,0.8187,0.9411,0.7771,0.5992,0.9536,0.7211,0.6111,0.6036,0.6032,0.8531,0.5553,0.6156,0.7777,0.5024,0.5424,0.3821,0.5952,0.6787,0.58,0.5247,0.3092,0.4788,0.2582,0.5149,0.3141,0.2067,0.1595,0.3536,
1.0,0.9989,0.9667,0.9656,0.9717,0.9973,0.9953,0.991,0.9857,0.9222,0.7424,0.9314,0.9057,0.8454,0.8085,0.856,0.6931,0.8329,0.9421,0.7844,0.6167,0.951,0.7164,0.6297,0.6024,0.6187,0.8548,0.5676,0.6208,0.7797,0.5078,0.552,0.3874,0.5858,0.6693,0.5837,0.5255,0.3175,0.4773,0.2682,0.526,0.3131,0.208,0.166,0.3566,
1.0,0.9985,0.9683,0.9668,0.9677,0.9972,0.9949,0.9907,0.9832,0.9203,0.7315,0.9296,0.9054,0.8422,0.8027,0.851,0.6834,0.8288,0.9399,0.7757,0.6108,0.9575,0.7201,0.6253,0.6083,0.6147,0.8527,0.573,0.6218,0.7811,0.5081,0.5641,0.388,0.5953,0.6769,0.5835,0.5127,0.3227,0.4811,0.2525,0.5208,0.3145,0.2081,0.1635,0.3536,
1.0,0.9989,0.9682,0.9671,0.9695,0.997,0.9951,0.9911,0.9856,0.9255,0.7436,0.931,0.9096,0.8463,0.8076,0.858,0.6945,0.8345,0.9451,0.7852,0.6166,0.9523,0.7201,0.6279,0.6055,0.6261,0.859,0.5828,0.6207,0.7865,0.5068,0.5671,0.3846,0.5937,0.6804,0.5815,0.5241,0.321,0.473,0.2635,0.5228,0.312,0.2127,0.1621,0.3556,
1.0,0.9991,0.9664,0.9655,0.9689,0.9983,0.9966,0.9924,0.9863,0.9211,0.7321,0.9286,0.9072,0.8378,0.8019,0.8506,0.6845,0.8238,0.9409,0.7808,0.6008,0.9558,0.7166,0.6142,0.6036,0.6124,0.861,0.5723,0.6087,0.7878,0.5123,0.5522,0.3913,0.5935,0.677,0.5771,0.5191,0.3258,0.4805,0.2484,0.5171,0.3193,0.2054,0.1592,0.352,
1.0,0.9985,0.9691,0.9676,0.9695,0.9974,0.9949,0.9896,0.9842,0.9248,0.7394,0.9315,0.9081,0.8436,0.8033,0.8582,0.6933,0.8305,0.9387,0.7871,0.6058,0.9501,0.7198,0.622,0.6048,0.6159,0.862,0.5733,0.6209,0.7823,0.5037,0.5575,0.3804,0.5856,0.6742,0.5761,0.5228,0.3194,0.4805,0.2628,0.5329,0.3051,0.2146,0.1626,0.354,
1.0,0.9986,0.9668,0.9654,0.9709,0.9973,0.9948,0.9892,0.9841,0.9216,0.7305,0.9307,0.9048,0.8343,0.7957,0.8543,0.6774,0.8207,0.9375,0.7832,0.6008,0.9518,0.7209,0.6158,0.6086,0.6082,0.8544,0.5622,0.6149,0.7806,0.5046,0.5443,0.3938,0.5875,0.6803,0.5802,0.519,0.3143,0.4827,0.2571,0.5321,0.315,0.2148,0.1621,0.3527,
1.0,0.9988,0.9653,0.9641,0.9722,0.9974,0.9951,0.9901,0.986,0.924,0.7341,0.9311,0.9082,0.8346,0.7974,0.8559,0.677,0.8218,0.9393,0.7806,0.6058,0.952,0.7228,0.6189,0.6088,0.6055,0.8503,0.5559,0.6234,0.784,0.5111,0.5444,0.3946,0.5972,0.6705,0.5891,0.5206,0.3139,0.4796,0.2672,0.5236,0.3179,0.2081,0.1707,0.3574,
1.0,0.9986,0.9681,0.9667,0.9709,0.9967,0.9941,0.991,0.9856,0.9272,0.7434,0.9323,0.9114,0.8425,0.805,0.8603,0.6808,0.8293,0.9409,0.7799,0.6191,0.9544,0.7256,0.6281,0.6105,0.6242,0.8501,0.5744,0.6271,0.7893,0.5189,0.5652,0.3927,0.5952,0.6765,0.59,0.5151,0.3277,0.4809,0.2652,0.528,0.3192,0.2197,0.1671,0.3568,
1.0,0.9985,0.9703,0.9688,0.9696,0.9976,0.9952,0.9892,0.9834,0.924,0.7329,0.9342,0.9093,0.8353,0.798,0.8593,0.6854,0.8212,0.9388,0.7866,0.6064,0.9518,0.7212,0.617,0.6025,0.6082,0.8575,0.5611,0.6214,0.7829,0.5064,0.5424,0.3845,0.5897,0.6738,0.5787,0.5201,0.3155,0.4697,0.2559,0.5241,0.3031,0.2043,0.1584,0.3409,
1.0,0.9989,0.9682,0.9671,0.9692,0.997,0.9945,0.9897,0.9853,0.9265,0.7439,0.9312,0.9101,0.8441,0.8073,0.8586,0.6849,0.8323,0.9407,0.7797,0.6132,0.954,0.7221,0.6247,0.6053,0.6258,0.8519,0.5742,0.6179,0.7837,0.5148,0.5585,0.3904,0.5883,0.6732,0.5801,0.5198,0.3233,0.4719,0.2592,0.5173,0.3196,0.212,0.1576,0.3528,
1.0,0.9995,0.9683,0.9678,0.9668,0.9971,0.9951,0.9898,0.9838,0.9249,0.734,0.9295,0.9082,0.8399,0.8027,0.8549,0.6903,0.8246,0.9382,0.787,0.6073,0.9502,0.7195,0.6191,0.6011,0.6117,0.8602,0.5704,0.6259,0.7798,0.4989,0.5516,0.3824,0.5968,0.6753,0.5827,0.5223,0.3144,0.4822,0.2605,0.5324,0.3077,0.2094,0.1598,0.3592,
1.0,0.9994,0.9667,0.9661,0.9693,0.998,0.9966,0.9906,0.985,0.9269,0.7353,0.9303,0.9114,0.8356,0.7961,0.859,0.681,0.8233,0.945,0.7861,0.6154,0.9524,0.7264,0.6245,0.6095,0.6172,0.8596,0.5648,0.6266,0.7835,0.5073,0.5495,0.3939,0.5936,0.6716,0.5889,0.5152,0.3226,0.4846,0.2644,0.5233,0.3116,0.2044,0.1651,0.3562,
1.0,0.9991,0.9686,0.9677,0.9723,0.9965,0.9949,0.9918,0.985,0.9254,0.7408,0.934,0.9092,0.8395,0.7997,0.8608,0.6842,0.825,0.9372,0.7845,0.6107,0.95,0.7207,0.624,0.6042,0.6122,0.8555,0.5591,0.6224,0.7841,0.5047,0.5493,0.3912,0.5825,0.6713,0.5776,0.5109,0.315,0.4717,0.2568,0.5225,0.3095,0.2147,0.1616,0.3571,
1.0,0.9995,0.9693,0.9688,0.9686,0.9971,0.9958,0.9901,0.9845,0.9255,0.739,0.9315,0.908,0.8414,0.8016,0.8584,0.6885,0.828,0.94,0.7819,0.6112,0.9505,0.7183,0.6254,0.5979,0.6115,0.8532,0.5617,0.6207,0.7795,0.5039,0.5471,0.383,0.5889,0.6704,0.5779,0.521,0.3039,0.4829,0.2653,0.5281,0.3087,0.2077,0.161,0.3597,
1.0,0.9992,0.9677,0.9669,0.9716,0.9972,0.9955,0.9922,0.9858,0.9223,0.7387,0.9333,0.9074,0.8417,0.8046,0.856,0.6859,0.8278,0.9402,0.7827,0.6101,0.954,0.7195,0.6259,0.6084,0.6208,0.8549,0.5695,0.6153,0.7806,0.5054,0.554,0.3912,0.5926,0.6738,0.5793,0.518,0.3137,0.4717,0.2624,0.5188,0.3047,0.2055,0.1592,0.3509,
1.0,0.9989,0.9687,0.9676,0.9661,0.9975,0.9958,0.9891,0.9831,0.9248,0.728,0.9274,0.9073,0.8353,0.7933,0.8541,0.6773,0.8228,0.9436,0.7775,0.61,0.9501,0.7203,0.6206,0.6009,0.6101,0.8536,0.5579,0.6218,0.7752,0.5053,0.5439,0.3867,0.5832,0.6706,0.582,0.5225,0.3166,0.4732,0.2529,0.5124,0.314,0.2028,0.165,0.3435,
1.0,0.9989,0.9713,0.9702,0.9686,0.997,0.995,0.9896,0.9847,0.9261,0.7407,0.9337,0.9096,0.8434,0.8049,0.8608,0.6888,0.8302,0.9403,0.7816,0.6111,0.9519,0.7188,0.6192,0.5998,0.6164,0.8543,0.567,0.6191,0.7765,0.5028,0.5487,0.3876,0.5953,0.6816,0.5822,0.5224,0.3134,0.485,0.253,0.5298,0.3114,0.2126,0.1624,0.3549,
1.0,0.9984,0.9731,0.9715,0.9687,0.9975,0.9948,0.9909,0.9863,0.9203,0.7372,0.9344,0.9051,0.8432,0.8076,0.8549,0.6922,0.8321,0.9422,0.776,0.6086,0.9494,0.7112,0.6271,0.6031,0.6116,0.8548,0.5649,0.6152,0.7808,0.5016,0.5569,0.3886,0.5885,0.6722,0.5687,0.5171,0.3134,0.4688,0.2523,0.5225,0.3096,0.2106,0.1571,0.3514,
1.0,0.9992,0.9717,0.9709,0.9674,0.997,0.9952,0.991,0.9865,0.9229,0.7363,0.9338,0.9084,0.8403,0.8053,0.8576,0.6909,0.8283,0.9418,0.7815,0.6133,0.9553,0.7271,0.6261,0.6096,0.6149,0.858,0.5657,0.6258,0.7768,0.5032,0.5539,0.3897,0.5951,0.6799,0.5815,0.5261,0.3144,0.476,0.265,0.53,0.3079,0.2109,0.1655,0.3603,
1.0,0.9993,0.97,0.9693,0.9709,0.9966,0.9949,0.9921,0.9864,0.9223,0.7379,0.9348,0.9071,0.8378,0.8013,0.8582,0.6882,0.825,0.9405,0.7842,0.6171,0.954,0.728,0.6314,0.6127,0.6112,0.8599,0.5635,0.6274,0.7815,0.503,0.5476,0.397,0.5905,0.6764,0.5805,0.5136,0.308,0.4897,0.2578,0.5319,0.3118,0.2092,0.1636,0.3576,
1.0,0.9989,0.9694,0.9683,0.9712,0.998,0.9952,0.9904,0.9868,0.9195,0.7249,0.9339,0.9039,0.828,0.7912,0.8547,0.6751,0.8139,0.9406,0.7787,0.5951,0.9526,0.7158,0.6105,0.605,0.6005,0.858,0.5552,0.6112,0.7802,0.5058,0.5409,0.39,0.5885,0.6803,0.5769,0.5289,0.3149,0.4805,0.2496,0.5297,0.3123,0.2059,0.1686,0.3463,
1.0,0.9989,0.9685,0.9674,0.968,0.9978,0.9953,0.9898,0.9846,0.9223,0.7303,0.9298,0.9064,0.8379,0.7977,0.8526,0.6818,0.8237,0.9404,0.7773,0.6108,0.9502,0.7226,0.6257,0.6105,0.608,0.8545,0.5651,0.6239,0.7761,0.4932,0.5501,0.3853,0.5844,0.6693,0.5795,0.5156,0.3121,0.4723,0.256,0.5263,0.3015,0.2039,0.1609,0.3469,
1.0,0.9987,0.9671,0.9658,0.9701,0.9978,0.9959,0.99,0.9843,0.9289,0.7438,0.9303,0.9133,0.8421,0.8028,0.8604,0.6869,0.8295,0.9448,0.7879,0.6232,0.9521,0.726,0.6277,0.6068,0.6254,0.8566,0.5705,0.6287,0.788,0.5055,0.5571,0.3871,0.5983,0.6745,0.5897,0.5259,0.3132,0.477,0.2706,0.5235,0.3131,0.2036,0.1666,0.3641,
1.0,0.9991,0.9708,0.9699,0.9702,0.997,0.9945,0.9904,0.9847,0.9217,0.7375,0.9355,0.9065,0.8405,0.8021,0.8583,0.6848,0.8269,0.9363,0.7785,0.6084,0.954,0.7198,0.6231,0.6077,0.6118,0.8527,0.5668,0.6174,0.7823,0.5121,0.5548,0.4012,0.5974,0.6764,0.5811,0.5199,0.3284,0.4827,0.2557,0.5296,0.3258,0.2197,0.1628,0.3523,
1.0,0.9995,0.9682,0.9677,0.9675,0.9974,0.9957,0.99,0.9835,0.924,0.7383,0.9307,0.908,0.8452,0.8072,0.8562,0.693,0.8301,0.9374,0.7856,0.6099,0.9515,0.7196,0.6214,0.5971,0.6144,0.86,0.5758,0.6145,0.7819,0.5006,0.5509,0.3816,0.5892,0.6725,0.5727,0.517,0.3176,0.4731,0.2567,0.5172,0.3058,0.1985,0.1549,0.363,
1.0,0.9996,0.9677,0.9673,0.9684,0.9962,0.9948,0.9912,0.9866,0.924,0.7343,0.9306,0.9078,0.8379,0.8033,0.8555,0.6844,0.8248,0.94,0.7826,0.6088,0.9514,0.7222,0.6199,0.611,0.6137,0.8544,0.5636,0.6186,0.7784,0.4999,0.5547,0.3932,0.59,0.6817,0.5842,0.5243,0.3194,0.4782,0.2652,0.5258,0.3127,0.2087,0.171,0.3612,
1.0,0.9988,0.9673,0.9661,0.9704,0.997,0.9948,0.9891,0.9843,0.92,0.7391,0.9307,0.9018,0.8449,0.8048,0.8503,0.6922,0.8309,0.9382,0.7825,0.6116,0.9482,0.7175,0.6265,0.6035,0.6128,0.8569,0.5671,0.6106,0.778,0.4971,0.549,0.3863,0.58,0.6609,0.576,0.5151,0.3075,0.4739,0.257,0.513,0.3016,0.1847,0.1607,0.3509,
1.0,0.9988,0.964,0.9628,0.971,0.9973,0.9949,0.9903,0.9846,0.9251,0.7337,0.9272,0.9075,0.8336,0.7943,0.8546,0.6737,0.8204,0.94,0.7858,0.6029,0.9515,0.7166,0.6087,0.6019,0.6094,0.8548,0.5596,0.6174,0.7822,0.5078,0.5428,0.3825,0.5931,0.6762,0.5791,0.5173,0.3198,0.4741,0.2553,0.5248,0.3166,0.2093,0.1569,0.3557,
1.0,0.9992,0.9685,0.9677,0.9731,0.9966,0.9944,0.9901,0.9843,0.9228,0.7353,0.9354,0.9055,0.8377,0.7974,0.8594,0.6807,0.824,0.9382,0.7825,0.6089,0.9531,0.7256,0.6274,0.6146,0.611,0.8543,0.5628,0.6206,0.7798,0.5054,0.5467,0.399,0.5939,0.6737,0.5878,0.5234,0.3121,0.4816,0.2607,0.5169,0.3156,0.207,0.1691,0.3546,
1.0,0.9988,0.9678,0.9666,0.9678,0.9979,0.9955,0.9895,0.9852,0.9287,0.738,0.9293,0.913,0.8375,0.8003,0.8583,0.6877,0.825,0.94,0.7922,0.6076,0.9531,0.7226,0.6161,0.6009,0.6064,0.8588,0.561,0.6225,0.7819,0.5059,0.5401,0.3804,0.5877,0.6684,0.5863,0.512,0.307,0.4801,0.2593,0.5298,0.3118,0.2001,0.1493,0.354,
1.0,0.9987,0.9681,0.9668,0.9711,0.9975,0.9957,0.9898,0.9834,0.9192,0.7295,0.932,0.9022,0.8358,0.7969,0.853,0.6762,0.8214,0.9417,0.7738,0.6041,0.9511,0.7135,0.6209,0.6081,0.6121,0.8494,0.5608,0.6177,0.7786,0.504,0.554,0.3886,0.5903,0.6771,0.5797,0.5164,0.3193,0.4667,0.2494,0.521,0.3058,0.2037,0.1596,0.3449,
1.0,0.9986,0.9672,0.9658,0.9679,0.9967,0.9944,0.99,0.9855,0.9241,0.735,0.9288,0.9081,0.8379,0.8015,0.8543,0.6849,0.8263,0.9411,0.7838,0.6127,0.9515,0.7273,0.6209,0.6125,0.6149,0.8584,0.5717,0.6261,0.7869,0.5015,0.5551,0.39,0.5982,0.6748,0.5898,0.5156,0.3097,0.4818,0.2657,0.5227,0.3067,0.2051,0.1654,0.3587,
1.0,0.9994,0.9685,0.9679,0.9702,0.9964,0.9952,0.9929,0.9869,0.923,0.7321,0.9323,0.9078,0.8321,0.7952,0.8567,0.676,0.8189,0.9395,0.7813,0.602,0.9543,0.7195,0.6152,0.6078,0.6106,0.8555,0.5585,0.6175,0.7798,0.5014,0.5436,0.3901,0.5851,0.6748,0.5771,0.5196,0.311,0.4766,0.2509,0.5235,0.3094,0.208,0.1625,0.352,
1.0,0.9989,0.9671,0.966,0.9703,0.9973,0.9952,0.9904,0.9856,0.9232,0.7453,0.9319,0.9077,0.8475,0.8096,0.8555,0.693,0.8356,0.9453,0.7812,0.6216,0.9542,0.7266,0.6346,0.6084,0.6247,0.8568,0.5796,0.6214,0.7829,0.5137,0.5707,0.3908,0.5947,0.684,0.5841,0.5312,0.3287,0.4766,0.2675,0.5229,0.3129,0.2106,0.1677,0.36,
1.0,0.9994,0.967,0.9664,0.961,0.9974,0.9958,0.992,0.9869,0.9193,0.7304,0.9229,0.9052,0.8408,0.807,0.8437,0.6914,0.8283,0.9414,0.7754,0.6155,0.9539,0.7202,0.6209,0.6,0.6086,0.8591,0.5715,0.6194,0.7728,0.4995,0.5582,0.3886,0.5916,0.682,0.584,0.5305,0.323,0.4749,0.269,0.5193,0.3077,0.2086,0.1619,0.3613,
1.0,0.9985,0.9656,0.9641,0.9707,0.9966,0.9942,0.9896,0.985,0.927,0.7416,0.9293,0.9096,0.8417,0.8004,0.8564,0.6794,0.8286,0.9406,0.7814,0.6157,0.9522,0.7285,0.6244,0.6041,0.6174,0.8539,0.5677,0.6182,0.7822,0.5056,0.5558,0.3914,0.5923,0.6778,0.5892,0.5197,0.314,0.4811,0.2626,0.5277,0.3112,0.2081,0.1648,0.3554,
1.0,0.9987,0.9696,0.9683,0.9694,0.9973,0.9949,0.9905,0.9858,0.9149,0.7332,0.933,0.8997,0.8407,0.8028,0.8498,0.6875,0.8277,0.9411,0.7735,0.6046,0.951,0.7071,0.6237,0.6026,0.6132,0.853,0.5658,0.6096,0.7662,0.4877,0.5485,0.3861,0.5899,0.6715,0.5722,0.5197,0.3108,0.4752,0.2508,0.5244,0.3003,0.1909,0.1619,0.3504,
1.0,0.9987,0.97,0.9687,0.9698,0.9973,0.995,0.9905,0.9834,0.9206,0.7343,0.9337,0.905,0.8418,0.8052,0.8559,0.6889,0.8271,0.9443,0.784,0.6083,0.9529,0.7132,0.6229,0.6104,0.6241,0.8563,0.5772,0.6192,0.7838,0.5055,0.559,0.3947,0.6045,0.6815,0.5805,0.5199,0.3281,0.4882,0.26,0.5292,0.3193,0.2089,0.1677,0.3678,
1.0,0.9986,0.9672,0.9658,0.9728,0.997,0.9952,0.9915,0.986,0.9263,0.7394,0.9323,0.9106,0.8361,0.798,0.8599,0.6793,0.8228,0.937,0.7865,0.6043,0.9539,0.7233,0.6147,0.6119,0.6146,0.8566,0.5668,0.6158,0.795,0.5053,0.5435,0.3959,0.5934,0.6671,0.5792,0.5198,0.3154,0.4778,0.2582,0.5172,0.3213,0.2071,0.1658,0.3544,
1.0,0.9992,0.9693,0.9685,0.9722,0.9982,0.9966,0.9901,0.9845,0.9228,0.7341,0.9362,0.9086,0.8349,0.7958,0.86,0.6806,0.8221,0.942,0.7859,0.6067,0.9495,0.7189,0.6227,0.6048,0.6099,0.8576,0.5638,0.6221,0.7801,0.5042,0.5489,0.3903,0.5855,0.6762,0.5818,0.5194,0.3151,0.4736,0.2526,0.5291,0.3069,0.2126,0.1621,0.3459,
1.0,0.9991,0.9656,0.9647,0.9676,0.998,0.9956,0.9916,0.987,0.9242,0.737,0.9261,0.9089,0.8388,0.8024,0.8522,0.6854,0.8257,0.9449,0.7808,0.6182,0.9517,0.7199,0.6216,0.6003,0.6135,0.8598,0.5688,0.6166,0.7813,0.5016,0.5486,0.388,0.5885,0.6753,0.5767,0.5229,0.3224,0.4823,0.2616,0.5324,0.3121,0.2002,0.1645,0.359,
1.0,0.9987,0.97,0.9687,0.9743,0.998,0.9953,0.9908,0.9877,0.9229,0.7412,0.937,0.9077,0.836,0.8003,0.8611,0.6875,0.8243,0.9388,0.7864,0.6089,0.9545,0.7259,0.627,0.6197,0.6127,0.86,0.5655,0.6246,0.7854,0.5084,0.5475,0.3994,0.5928,0.6747,0.586,0.5226,0.3141,0.4821,0.26,0.5234,0.3146,0.2132,0.1681,0.3504,
1.0,0.9989,0.969,0.9679,0.9695,0.998,0.9957,0.9913,0.9869,0.9229,0.7405,0.9314,0.908,0.8439,0.8091,0.8557,0.6985,0.8316,0.9385,0.789,0.611,0.9563,0.7228,0.624,0.6078,0.6165,0.8653,0.5737,0.6149,0.7863,0.5064,0.5526,0.3899,0.5864,0.6736,0.5798,0.5249,0.3225,0.4766,0.263,0.5273,0.3098,0.2104,0.1668,0.357,
1.0,0.9988,0.9678,0.9666,0.9687,0.9973,0.9951,0.9899,0.9827,0.9202,0.731,0.9304,0.905,0.8378,0.7975,0.8517,0.6782,0.8226,0.9388,0.7778,0.6097,0.9528,0.7203,0.6194,0.6024,0.6076,0.8572,0.5682,0.6137,0.7813,0.501,0.5531,0.3882,0.5896,0.6721,0.578,0.5254,0.3162,0.4782,0.2535,0.5241,0.3096,0.2049,0.1612,0.3473,
1.0,0.9992,0.9657,0.9649,0.9692,0.9982,0.9962,0.9897,0.9841,0.9206,0.7377,0.9296,0.9055,0.8447,0.8062,0.8517,0.69,0.8323,0.941,0.7796,0.6132,0.9546,0.7179,0.6253,0.5974,0.6141,0.8542,0.5696,0.6156,0.775,0.499,0.5576,0.3813,0.5938,0.6842,0.5878,0.529,0.3176,0.4778,0.263,0.5397,0.3085,0.2083,0.166,0.3574,
1.0,0.9985,0.9678,0.9663,0.9698,0.9965,0.9941,0.9904,0.9838,0.9234,0.7362,0.9308,0.9067,0.8403,0.7989,0.8551,0.6826,0.8259,0.9385,0.7813,0.6092,0.9542,0.7252,0.6213,0.6148,0.6183,0.8554,0.5722,0.6221,0.7787,0.5019,0.5553,0.3977,0.5981,0.6771,0.5849,0.5205,0.3184,0.486,0.2607,0.5268,0.3121,0.1997,0.1715,0.3608,
1.0,0.9986,0.9684,0.967,0.9681,0.9982,0.9958,0.991,0.9864,0.9249,0.7407,0.9291,0.9101,0.8417,0.8046,0.8562,0.6879,0.8306,0.9442,0.7806,0.6142,0.9552,0.7239,0.6229,0.6054,0.6193,0.8584,0.5742,0.6245,0.7846,0.5004,0.5555,0.3847,0.596,0.6808,0.5816,0.521,0.317,0.4871,0.2593,0.5245,0.3106,0.2081,0.1618,0.3597,
1.0,0.9987,0.9657,0.9644,0.9708,0.9978,0.9963,0.9912,0.9845,0.9258,0.7474,0.9308,0.9126,0.848,0.81,0.8575,0.6917,0.8349,0.9418,0.7873,0.6233,0.9529,0.7285,0.6282,0.608,0.6255,0.8599,0.5799,0.6234,0.7874,0.5041,0.5568,0.393,0.593,0.6738,0.5875,0.5185,0.3201,0.489,0.2638,0.5282,0.3146,0.2051,0.1684,0.3614,
1.0,0.9987,0.9677,0.9664,0.9691,0.9967,0.9947,0.9881,0.9828,0.9266,0.7324,0.9302,0.9082,0.8343,0.7935,0.8587,0.6724,0.8208,0.9381,0.7811,0.607,0.9487,0.726,0.6143,0.6093,0.6099,0.8511,0.5634,0.6199,0.7858,0.5031,0.5478,0.3829,0.5813,0.6741,0.586,0.5114,0.3119,0.4754,0.255,0.525,0.31,0.2102,0.166,0.343,
1.0,0.9991,0.9691,0.9682,0.9678,0.9972,0.9952,0.9916,0.9876,0.9241,0.7415,0.9297,0.9088,0.8432,0.8092,0.8542,0.693,0.8312,0.9424,0.7784,0.6055,0.9501,0.7123,0.6205,0.5939,0.617,0.8533,0.5628,0.6146,0.7826,0.4969,0.5519,0.3755,0.5826,0.6702,0.5729,0.5146,0.315,0.4664,0.2589,0.5189,0.3061,0.2071,0.1528,0.3486,
1.0,0.9989,0.9639,0.9628,0.9685,0.997,0.9945,0.9897,0.985,0.9243,0.7345,0.9275,0.9089,0.8397,0.8033,0.8537,0.6841,0.8266,0.9392,0.7866,0.611,0.9504,0.7241,0.6179,0.6058,0.6075,0.8592,0.5688,0.6215,0.7818,0.5065,0.5465,0.3868,0.5903,0.672,0.5863,0.5208,0.3149,0.4827,0.2589,0.5189,0.3219,0.2051,0.1601,0.3571,
1.0,0.9991,0.9702,0.9693,0.9666,0.9967,0.9945,0.9906,0.9854,0.9247,0.7342,0.9291,0.9064,0.8391,0.7993,0.8539,0.6871,0.8252,0.9422,0.7793,0.6155,0.95,0.7232,0.6262,0.6098,0.612,0.8566,0.5684,0.6233,0.7766,0.4993,0.549,0.3898,0.5872,0.6739,0.5843,0.5167,0.3193,0.4834,0.2601,0.5267,0.3118,0.2051,0.166,0.3548,
1.0,0.999,0.971,0.97,0.9716,0.9973,0.9955,0.991,0.9851,0.9248,0.7327,0.9357,0.9084,0.8335,0.7955,0.8619,0.6816,0.8199,0.937,0.7834,0.61,0.9509,0.7277,0.6232,0.6147,0.6071,0.8536,0.5586,0.6316,0.7872,0.5088,0.5464,0.394,0.5848,0.6765,0.5871,0.5104,0.3141,0.467,0.2603,0.5306,0.3161,0.2135,0.1592,0.3408,
1.0,0.9989,0.9664,0.9653,0.9707,0.9976,0.9958,0.9896,0.9847,0.924,0.7343,0.9313,0.9085,0.8349,0.7966,0.8553,0.6756,0.8231,0.9427,0.7794,0.6125,0.9528,0.7272,0.6238,0.6054,0.6119,0.8518,0.5588,0.6181,0.7826,0.4992,0.5441,0.3834,0.5841,0.6769,0.5832,0.5164,0.3065,0.4746,0.2614,0.5165,0.3041,0.2005,0.1637,0.3464,
1.0,0.9984,0.9664,0.9648,0.97,0.9978,0.9951,0.9891,0.9837,0.923,0.7379,0.9295,0.9066,0.841,0.8004,0.8536,0.6818,0.8267,0.9397,0.7787,0.6093,0.9525,0.7251,0.6223,0.6058,0.6144,0.856,0.5682,0.6198,0.7832,0.5078,0.5542,0.3876,0.5917,0.6789,0.5855,0.5161,0.3208,0.4841,0.2564,0.5328,0.3146,0.2168,0.1637,0.3575,
1.0,0.9982,0.9689,0.9671,0.9702,0.9971,0.9946,0.9907,0.9862,0.9219,0.7372,0.9333,0.908,0.8404,0.8048,0.8561,0.6816,0.8299,0.9434,0.7801,0.6176,0.9531,0.7299,0.6305,0.6179,0.6157,0.8542,0.5682,0.6326,0.7798,0.4977,0.5551,0.3922,0.5907,0.6781,0.5915,0.5068,0.3137,0.4753,0.2584,0.5241,0.3078,0.2064,0.1585,0.3527,
1.0,0.9989,0.9673,0.9662,0.9712,0.9977,0.9956,0.9906,0.9865,0.9197,0.7369,0.9327,0.9048,0.8402,0.8064,0.8552,0.6923,0.8295,0.9399,0.786,0.6068,0.9547,0.7223,0.6214,0.6082,0.6122,0.8615,0.5691,0.6162,0.7843,0.5062,0.5553,0.3937,0.5923,0.6751,0.5756,0.519,0.3203,0.4825,0.258,0.531,0.3113,0.2101,0.1667,0.3554,
1.0,0.9987,0.966,0.9647,0.9691,0.9973,0.9949,0.9897,0.985,0.9259,0.739,0.9288,0.91,0.8408,0.8043,0.857,0.6901,0.8275,0.9392,0.7926,0.6119,0.9524,0.7207,0.6192,0.5915,0.6147,0.8602,0.5709,0.6177,0.7824,0.5063,0.5494,0.3776,0.5798,0.67,0.578,0.5266,0.3156,0.4739,0.259,0.5201,0.2977,0.2043,0.1589,0.3467,
1.0,0.9988,0.9678,0.9666,0.9679,0.9974,0.9953,0.9897,0.9837,0.9231,0.7436,0.9307,0.9078,0.8491,0.8136,0.8558,0.69,0.8356,0.9412,0.7816,0.6249,0.9498,0.7267,0.6337,0.6072,0.6252,0.8547,0.5776,0.6211,0.7827,0.4993,0.5597,0.3872,0.5788,0.6717,0.5854,0.5172,0.3196,0.4677,0.2621,0.5157,0.3068,0.2012,0.1596,0.3541,
1.0,0.9985,0.9627,0.9612,0.9691,0.9978,0.9952,0.9893,0.9832,0.9198,0.7316,0.9256,0.9045,0.8408,0.8007,0.8478,0.6783,0.8272,0.9392,0.7767,0.6079,0.9498,0.7179,0.6198,0.6063,0.6194,0.8547,0.5742,0.6187,0.7773,0.5002,0.5614,0.3932,0.587,0.6707,0.5748,0.5092,0.3249,0.4746,0.2606,0.5193,0.3072,0.2079,0.1641,0.35,
1.0,0.9991,0.9654,0.9645,0.9699,0.9975,0.996,0.99,0.9832,0.9277,0.739,0.9295,0.911,0.8402,0.7988,0.8579,0.6809,0.8266,0.9406,0.7863,0.6112,0.955,0.7214,0.6174,0.5974,0.6167,0.8535,0.5723,0.6143,0.7864,0.5182,0.5578,0.3776,0.5847,0.6753,0.5821,0.5209,0.3272,0.4746,0.257,0.5231,0.3178,0.2191,0.1641,0.3565,
1.0,0.9983,0.9663,0.9646,0.9712,0.9975,0.9947,0.9889,0.984,0.925,0.7387,0.9319,0.9104,0.8394,0.8004,0.8585,0.6844,0.8256,0.9382,0.7881,0.6087,0.9543,0.7238,0.6182,0.6017,0.6086,0.8607,0.5662,0.6223,0.782,0.5019,0.5443,0.3797,0.5978,0.6822,0.5863,0.5294,0.3137,0.4815,0.2587,0.5299,0.3117,0.2122,0.1622,0.3598,
1.0,0.9978,0.9705,0.9683,0.9683,0.9975,0.9941,0.9898,0.9852,0.9238,0.7355,0.9308,0.9082,0.8362,0.7988,0.8553,0.6885,0.8227,0.9397,0.7838,0.6077,0.9542,0.7257,0.6199,0.6112,0.6134,0.8583,0.5643,0.6228,0.7829,0.5032,0.5471,0.3882,0.5869,0.6678,0.586,0.5241,0.3126,0.4752,0.2595,0.5205,0.3109,0.2064,0.1606,0.3475,
1.0,0.9991,0.9661,0.9652,0.9698,0.9974,0.9955,0.9912,0.9858,0.9229,0.7435,0.9293,0.9073,0.846,0.8085,0.8546,0.6911,0.8336,0.9374,0.7816,0.6102,0.9545,0.7205,0.6229,0.605,0.616,0.8562,0.5708,0.6163,0.7849,0.5067,0.5508,0.3861,0.5892,0.6692,0.5772,0.5095,0.3259,0.4819,0.2546,0.5226,0.3152,0.2098,0.1574,0.3621,
1.0,0.9986,0.9671,0.9657,0.9708,0.9973,0.9947,0.9892,0.9836,0.9236,0.73,0.9306,0.9063,0.8345,0.7965,0.856,0.679,0.8205,0.9411,0.7855,0.608,0.9516,0.7222,0.6219,0.6147,0.6155,0.8531,0.5667,0.625,0.7845,0.5079,0.5506,0.3931,0.6015,0.6854,0.5903,0.5253,0.3194,0.4831,0.26,0.5314,0.3167,0.2099,0.1699,0.3628,
1.0,0.999,0.9672,0.9662,0.9721,0.9983,0.9961,0.9904,0.9844,0.9239,0.7422,0.932,0.9082,0.8412,0.7994,0.8567,0.6865,0.8278,0.9402,0.7832,0.6074,0.953,0.7159,0.6207,0.6006,0.6172,0.8554,0.5681,0.6191,0.7834,0.5057,0.5527,0.3888,0.5949,0.6728,0.5751,0.519,0.3156,0.4811,0.2571,0.5207,0.314,0.2111,0.1625,0.355,
1.0,0.9992,0.9676,0.9668,0.9691,0.9976,0.9956,0.9907,0.9852,0.9232,0.7361,0.9295,0.9065,0.8401,0.7994,0.8538,0.6843,0.8263,0.94,0.7792,0.6122,0.9528,0.7205,0.6243,0.6067,0.6077,0.854,0.5626,0.6249,0.7739,0.5052,0.5462,0.3869,0.5911,0.675,0.5858,0.5245,0.314,0.4732,0.269,0.5209,0.3132,0.2099,0.161,0.3544,
1.0,0.9987,0.9679,0.9666,0.9695,0.9965,0.9944,0.9908,0.9843,0.9235,0.7353,0.9313,0.908,0.8385,0.7973,0.856,0.686,0.8228,0.9368,0.7835,0.6102,0.9517,0.7253,0.6204,0.6068,0.6065,0.8595,0.5658,0.622,0.7755,0.4989,0.5467,0.3892,0.5889,0.6788,0.5854,0.5279,0.3155,0.4802,0.2689,0.5296,0.3131,0.2106,0.1713,0.357,
1.0,0.9986,0.9689,0.9675,0.9688,0.9974,0.9952,0.9892,0.9826,0.925,0.7436,0.9306,0.9076,0.8468,0.806,0.8567,0.6933,0.832,0.937,0.785,0.6209,0.9519,0.7286,0.6322,0.6093,0.6206,0.8541,0.573,0.6284,0.779,0.5089,0.5606,0.3912,0.5869,0.6806,0.5859,0.5206,0.3187,0.4753,0.2687,0.5294,0.309,0.2133,0.1648,0.3523,
1.0,0.9983,0.9688,0.9671,0.9707,0.9975,0.9943,0.9891,0.9846,0.9242,0.7354,0.9318,0.9076,0.8366,0.7992,0.8576,0.686,0.824,0.9409,0.7868,0.6047,0.9528,0.7201,0.6191,0.6047,0.6185,0.8593,0.569,0.6179,0.7824,0.5013,0.5483,0.394,0.5985,0.6766,0.5744,0.5137,0.3141,0.4869,0.2567,0.5317,0.3111,0.2065,0.1663,0.3583,
1.0,0.9989,0.9664,0.9653,0.9712,0.9967,0.9951,0.991,0.9844,0.9223,0.7348,0.9311,0.9052,0.8405,0.8001,0.854,0.6806,0.8259,0.9382,0.7813,0.6084,0.9524,0.7209,0.6216,0.6082,0.613,0.8566,0.5641,0.6147,0.7781,0.4999,0.5449,0.3836,0.585,0.6683,0.5778,0.5153,0.3146,0.4801,0.2586,0.5242,0.3036,0.199,0.1575,0.3451,
1.0,0.9981,0.9664,0.9645,0.9718,0.9969,0.9941,0.9899,0.9847,0.9231,0.7365,0.9298,0.9061,0.8376,0.7988,0.8549,0.681,0.8255,0.9413,0.7826,0.6111,0.9524,0.7243,0.6257,0.6089,0.6158,0.8533,0.5651,0.6198,0.7813,0.5029,0.5476,0.3797,0.5852,0.673,0.5785,0.5209,0.3099,0.4679,0.2632,0.5214,0.3031,0.2027,0.1586,0.3468,
1.0,0.9993,0.9649,0.9642,0.9671,0.9971,0.9953,0.9917,0.9871,0.9224,0.7377,0.9272,0.9085,0.8405,0.8052,0.8523,0.6875,0.8274,0.9394,0.7829,0.6066,0.9521,0.7153,0.613,0.5955,0.6111,0.8628,0.5725,0.6124,0.7781,0.4959,0.5497,0.3842,0.5873,0.6713,0.5715,0.5238,0.323,0.4838,0.263,0.5216,0.3102,0.2038,0.1609,0.3591,
1.0,0.9986,0.9702,0.9688,0.9716,0.9978,0.9951,0.9906,0.985,0.9277,0.741,0.9345,0.9123,0.837,0.7989,0.8629,0.6868,0.8226,0.9389,0.7881,0.6131,0.9502,0.722,0.6244,0.6047,0.6216,0.8565,0.5646,0.6229,0.7896,0.5113,0.5516,0.3951,0.5924,0.6773,0.5835,0.5213,0.3172,0.4777,0.2631,0.5344,0.3234,0.2105,0.1665,0.3558,
1.0,0.9984,0.9668,0.9652,0.9687,0.9976,0.9952,0.9906,0.9844,0.9246,0.7348,0.9287,0.9092,0.8391,0.8,0.8547,0.6845,0.8267,0.94,0.7844,0.6102,0.9551,0.7291,0.6245,0.6095,0.6122,0.8601,0.568,0.6273,0.7834,0.5019,0.5509,0.3867,0.5928,0.6723,0.5869,0.5232,0.3152,0.4847,0.2669,0.5256,0.3092,0.2036,0.1672,0.3579,
1.0,0.9987,0.966,0.9647,0.9665,0.9962,0.994,0.9892,0.9842,0.9187,0.7369,0.9249,0.9,0.8471,0.8071,0.8454,0.6852,0.8336,0.9366,0.77,0.6121,0.9479,0.7187,0.6238,0.5997,0.6068,0.8499,0.5655,0.6171,0.774,0.5012,0.5497,0.3888,0.5866,0.6699,0.5742,0.5112,0.3193,0.4694,0.2626,0.517,0.3154,0.2131,0.1597,0.354,
1.0,0.9985,0.9638,0.9623,0.9697,0.9978,0.9953,0.9899,0.9848,0.9243,0.731,0.928,0.9096,0.8326,0.7933,0.8538,0.6691,0.8189,0.9415,0.7782,0.6085,0.9526,0.7247,0.6126,0.605,0.6087,0.8541,0.5593,0.6211,0.7843,0.5077,0.5457,0.3828,0.5916,0.6794,0.59,0.5206,0.3105,0.4805,0.2627,0.5216,0.3134,0.2085,0.1596,0.3527,
1.0,0.999,0.9676,0.9666,0.9672,0.9973,0.9957,0.9912,0.9848,0.9195,0.7354,0.9276,0.9033,0.8457,0.8055,0.847,0.688,0.8324,0.9428,0.7713,0.6103,0.9534,0.718,0.6282,0.6031,0.6117,0.853,0.5678,0.6211,0.7756,0.5053,0.5565,0.3844,0.5899,0.6785,0.5826,0.5214,0.3213,0.4798,0.2595,0.5287,0.3098,0.206,0.1652,0.3531,
1.0,0.999,0.9664,0.9654,0.9703,0.9976,0.9952,0.9892,0.982,0.9261,0.7387,0.9305,0.9101,0.8383,0.7987,0.8573,0.6822,0.8232,0.9364,0.7862,0.6077,0.9513,0.7215,0.6156,0.598,0.6124,0.8589,0.5604,0.6131,0.787,0.4954,0.5445,0.3806,0.5882,0.6671,0.5758,0.5159,0.3091,0.4826,0.2596,0.5297,0.3087,0.2036,0.1595,0.3534,
1.0,0.999,0.9678,0.9668,0.9709,0.9977,0.9953,0.9893,0.9839,0.9232,0.7308,0.9329,0.9069,0.8334,0.7951,0.857,0.6752,0.8192,0.9376,0.7807,0.6076,0.9508,0.7251,0.62,0.6073,0.6072,0.8527,0.556,0.6225,0.7802,0.4992,0.5438,0.3871,0.5863,0.6721,0.5792,0.5136,0.3132,0.4697,0.2568,0.5199,0.3037,0.2094,0.1644,0.3437,
1.0,0.9983,0.969,0.9673,0.9686,0.997,0.9945,0.9907,0.9838,0.9216,0.7311,0.9308,0.9059,0.8375,0.7984,0.8539,0.6891,0.8236,0.9417,0.7861,0.6134,0.9526,0.7242,0.6269,0.6095,0.6108,0.8636,0.5692,0.6174,0.7798,0.4972,0.5477,0.3862,0.5937,0.6734,0.5836,0.5141,0.3076,0.4924,0.2585,0.5319,0.3127,0.2032,0.1628,0.3598,
1.0,0.9989,0.9709,0.9698,0.9678,0.9969,0.9947,0.9909,0.9838,0.927,0.7329,0.9319,0.9109,0.8346,0.7956,0.859,0.6822,0.8189,0.938,0.7838,0.6087,0.9547,0.727,0.6173,0.6053,0.6137,0.8593,0.5652,0.6177,0.7838,0.5093,0.5482,0.3962,0.5966,0.6774,0.5765,0.5158,0.3203,0.4827,0.2526,0.5261,0.3158,0.2161,0.1659,0.356,
1.0,0.9986,0.9666,0.9652,0.9695,0.9973,0.995,0.99,0.985,0.9254,0.7384,0.9279,0.9079,0.8411,0.8014,0.8534,0.6848,0.8287,0.9387,0.7818,0.6081,0.9517,0.7245,0.6187,0.6065,0.612,0.8501,0.5601,0.6204,0.7831,0.506,0.5503,0.3885,0.5904,0.6681,0.5819,0.5069,0.3145,0.4746,0.2574,0.5199,0.315,0.2049,0.1571,0.3578,
1.0,0.9988,0.9684,0.9672,0.97,0.9977,0.9949,0.9882,0.983,0.9245,0.7399,0.9316,0.9066,0.8431,0.8004,0.857,0.6879,0.8286,0.9406,0.7851,0.6189,0.9521,0.731,0.6322,0.6128,0.6198,0.8592,0.5724,0.623,0.7816,0.4998,0.5541,0.3935,0.5896,0.6753,0.5864,0.5226,0.3155,0.4827,0.2668,0.5262,0.3123,0.2024,0.1648,0.3527,
1.0,0.9981,0.9675,0.9656,0.9695,0.9977,0.9945,0.9894,0.9844,0.9212,0.7347,0.93,0.9057,0.8415,0.8021,0.8538,0.6873,0.8286,0.9391,0.7791,0.6071,0.9559,0.7232,0.6197,0.6147,0.6146,0.8606,0.5725,0.6215,0.7828,0.5075,0.5568,0.3951,0.6031,0.6788,0.5853,0.527,0.3265,0.48,0.2611,0.529,0.3184,0.211,0.162,0.3616,
1.0,0.9992,0.9693,0.9685,0.9716,0.9963,0.9942,0.9903,0.9854,0.924,0.74,0.9357,0.9074,0.842,0.8065,0.861,0.6891,0.8274,0.9377,0.784,0.6109,0.9512,0.7242,0.6247,0.6086,0.6157,0.8565,0.5677,0.6203,0.7838,0.504,0.5484,0.3882,0.5876,0.6684,0.5828,0.5223,0.3149,0.4727,0.26,0.5214,0.3086,0.2027,0.168,0.3558,
1.0,0.9991,0.9676,0.9667,0.9674,0.9984,0.9965,0.9911,0.9854,0.9211,0.7312,0.9279,0.9058,0.8375,0.7975,0.8502,0.6821,0.8232,0.94,0.7753,0.6098,0.9537,0.7207,0.623,0.6083,0.6055,0.8579,0.562,0.6212,0.7783,0.4986,0.548,0.3878,0.5974,0.681,0.582,0.5221,0.3155,0.4857,0.2611,0.5295,0.3171,0.2082,0.1636,0.3586,
1.0,0.9984,0.9699,0.9683,0.9704,0.9969,0.9946,0.99,0.9843,0.9212,0.7406,0.9333,0.9052,0.8466,0.8085,0.8558,0.693,0.8339,0.9375,0.7813,0.6094,0.9541,0.7219,0.627,0.6055,0.6192,0.8589,0.5711,0.6124,0.7823,0.5015,0.5511,0.3927,0.5928,0.6704,0.577,0.5207,0.3184,0.4805,0.2539,0.5176,0.3136,0.2089,0.1613,0.3558,
1.0,0.9986,0.9696,0.9682,0.9704,0.998,0.9952,0.9892,0.9848,0.9233,0.733,0.9323,0.906,0.8359,0.7963,0.8573,0.6792,0.8242,0.9409,0.7791,0.6072,0.9509,0.7212,0.6225,0.6098,0.6073,0.851,0.5602,0.6227,0.7814,0.5137,0.5451,0.3956,0.5911,0.6691,0.5807,0.5142,0.3229,0.4746,0.2592,0.5231,0.3186,0.2096,0.1621,0.3482,
1.0,0.9987,0.9656,0.9643,0.9681,0.9967,0.9944,0.9901,0.9843,0.9238,0.7375,0.9277,0.9078,0.8419,0.8033,0.8527,0.6855,0.8288,0.9376,0.7821,0.6144,0.9516,0.7292,0.6242,0.6055,0.613,0.8602,0.5672,0.6179,0.78,0.4975,0.5439,0.3905,0.5833,0.659,0.5796,0.5096,0.3087,0.4762,0.2565,0.5112,0.3064,0.195,0.155,0.3546,
1.0,0.9992,0.9674,0.9666,0.9676,0.9976,0.9958,0.9898,0.9838,0.924,0.732,0.9284,0.9069,0.8366,0.7963,0.8534,0.6792,0.8233,0.9373,0.7783,0.6048,0.9562,0.7219,0.6164,0.6042,0.6113,0.8502,0.5609,0.6151,0.7778,0.5081,0.54,0.3902,0.589,0.6746,0.5812,0.5193,0.3179,0.4745,0.2562,0.5191,0.3145,0.2069,0.1634,0.3436,
1.0,0.9983,0.9703,0.9686,0.9666,0.9966,0.994,0.9892,0.9845,0.9238,0.7387,0.9308,0.9073,0.8447,0.8061,0.855,0.6939,0.8318,0.943,0.7839,0.6185,0.9533,0.727,0.6304,0.6085,0.6199,0.8594,0.58,0.6249,0.7781,0.5084,0.5607,0.3897,0.5921,0.6816,0.5897,0.527,0.3138,0.4851,0.2644,0.5238,0.3156,0.2115,0.1615,0.363,
1.0,0.9989,0.9663,0.9652,0.9692,0.9977,0.9954,0.99,0.9842,0.9247,0.7328,0.9289,0.9091,0.8367,0.7953,0.8545,0.6794,0.8229,0.9378,0.782,0.6032,0.9525,0.7214,0.6148,0.5993,0.608,0.8591,0.5648,0.615,0.7826,0.5012,0.5486,0.3819,0.5851,0.673,0.5729,0.5159,0.3113,0.4824,0.2506,0.5294,0.3061,0.2069,0.1581,0.3465,
1.0,0.999,0.9645,0.9635,0.9696,0.9979,0.9959,0.9908,0.9852,0.9274,0.7411,0.9275,0.9124,0.8392,0.8012,0.8563,0.6822,0.8257,0.9395,0.7829,0.6141,0.9546,0.7293,0.6215,0.6072,0.6176,0.8567,0.5644,0.6213,0.7854,0.5116,0.5509,0.3953,0.595,0.6781,0.5865,0.5174,0.3231,0.4854,0.2648,0.5267,0.318,0.2079,0.1654,0.3579,
1.0,0.9996,0.9698,0.9694,0.972,0.9975,0.9963,0.9916,0.9857,0.9263,0.7405,0.9357,0.9104,0.8377,0.7989,0.8627,0.6885,0.8241,0.9392,0.7904,0.6121,0.9507,0.7244,0.6246,0.6109,0.6147,0.8611,0.5663,0.6249,0.789,0.5082,0.5553,0.4007,0.597,0.681,0.5837,0.5131,0.3172,0.4848,0.2577,0.5267,0.3205,0.2128,0.1686,0.3581,
1.0,0.9988,0.9678,0.9666,0.9693,0.9977,0.9959,0.9912,0.9863,0.9247,0.7432,0.9308,0.9095,0.8422,0.805,0.8569,0.6911,0.8306,0.945,0.7852,0.6158,0.9515,0.7214,0.6239,0.6074,0.6218,0.8609,0.578,0.6199,0.7864,0.4978,0.5599,0.3878,0.5941,0.6785,0.5836,0.5211,0.3138,0.4834,0.2602,0.5211,0.3061,0.2034,0.1615,0.3576,
1.0,0.999,0.9668,0.9658,0.9704,0.9974,0.9957,0.9915,0.9858,0.9276,0.7407,0.9306,0.9121,0.8384,0.8025,0.8598,0.6785,0.8259,0.942,0.7827,0.6172,0.9536,0.7262,0.6262,0.6042,0.6151,0.8483,0.5546,0.6243,0.7863,0.5029,0.5429,0.3883,0.5889,0.6744,0.5855,0.519,0.3065,0.4821,0.2626,0.5195,0.3093,0.2045,0.1641,0.3491,
1.0,0.9991,0.9663,0.9654,0.9662,0.9982,0.9962,0.9905,0.9853,0.9258,0.7406,0.9254,0.91,0.8443,0.8067,0.8527,0.6924,0.832,0.9436,0.7826,0.6208,0.9542,0.7194,0.6258,0.5971,0.6197,0.8571,0.5765,0.6158,0.7795,0.508,0.5559,0.3802,0.5847,0.6777,0.5826,0.5249,0.32,0.4809,0.2649,0.53,0.307,0.2063,0.1634,0.3571,
1.0,0.9988,0.9668,0.9656,0.9687,0.9975,0.995,0.9904,0.9852,0.9214,0.7289,0.9299,0.9067,0.8348,0.7971,0.852,0.6808,0.821,0.9412,0.784,0.603,0.9532,0.7177,0.6148,0.6036,0.6084,0.8583,0.5711,0.6114,0.7799,0.503,0.5502,0.385,0.5835,0.6718,0.5796,0.5219,0.3257,0.4787,0.2551,0.52,0.3104,0.1967,0.1612,0.3461,
1.0,0.9988,0.9701,0.9689,0.9695,0.9973,0.9951,0.9898,0.9849,0.9258,0.7445,0.9308,0.9066,0.8458,0.8055,0.8586,0.6895,0.833,0.9407,0.7801,0.6188,0.9503,0.7254,0.6349,0.6159,0.6219,0.8514,0.5687,0.6304,0.7856,0.5102,0.5589,0.397,0.5952,0.6799,0.585,0.5139,0.3232,0.4817,0.2666,0.5233,0.3225,0.2106,0.1639,0.3644,
1.0,0.9985,0.9677,0.9662,0.9655,0.9978,0.9951,0.9905,0.9844,0.9226,0.7295,0.9279,0.9091,0.8356,0.8008,0.8511,0.6841,0.822,0.9412,0.7828,0.61,0.953,0.721,0.616,0.5951,0.6086,0.8606,0.5594,0.6145,0.7777,0.5005,0.5422,0.3809,0.5857,0.6753,0.5739,0.5265,0.3098,0.4731,0.2616,0.5235,0.3055,0.206,0.1587,0.3508,
1.0,0.9985,0.9701,0.9686,0.9701,0.9973,0.9951,0.9893,0.9835,0.9228,0.7387,0.9349,0.9069,0.846,0.8066,0.8591,0.6842,0.8323,0.9361,0.778,0.6112,0.9534,0.7213,0.6259,0.6079,0.6128,0.8495,0.5648,0.622,0.7798,0.5036,0.5571,0.3931,0.5967,0.6783,0.5809,0.5155,0.315,0.4769,0.2583,0.5235,0.3126,0.2085,0.1571,0.3602,
1.0,0.9988,0.968,0.9668,0.9706,0.9976,0.9954,0.991,0.9862,0.9254,0.732,0.9316,0.9094,0.8329,0.7942,0.8574,0.6729,0.821,0.9433,0.7786,0.6064,0.9546,0.7247,0.6211,0.6017,0.6114,0.8505,0.5571,0.6207,0.783,0.5016,0.5522,0.3801,0.5924,0.6801,0.5847,0.5115,0.3128,0.4717,0.2523,0.5252,0.2996,0.2095,0.1636,0.3447,
1.0,0.9994,0.9668,0.9662,0.9703,0.9975,0.9947,0.9906,0.9867,0.9203,0.7318,0.9315,0.9046,0.8359,0.799,0.8527,0.6837,0.8215,0.9378,0.7836,0.6067,0.9525,0.723,0.6218,0.6091,0.6083,0.8592,0.5646,0.6175,0.7774,0.5007,0.5479,0.3901,0.5876,0.6766,0.5836,0.5195,0.3128,0.4771,0.2634,0.5223,0.3082,0.2017,0.1632,0.3541,
1.0,0.9984,0.9669,0.9653,0.9727,0.9975,0.9951,0.9906,0.9838,0.927,0.7412,0.9324,0.9119,0.8408,0.8,0.8605,0.6839,0.8269,0.9404,0.7874,0.6235,0.9556,0.7347,0.6323,0.6168,0.6169,0.8577,0.5663,0.6363,0.7872,0.5133,0.555,0.3954,0.5984,0.679,0.5933,0.5209,0.3228,0.4829,0.2688,0.5298,0.3193,0.2129,0.1702,0.3605,
1.0,0.9991,0.9671,0.9662,0.9691,0.9971,0.9948,0.9913,0.9868,0.9206,0.7344,0.9303,0.9057,0.8392,0.8037,0.8512,0.6846,0.8263,0.9397,0.7756,0.6093,0.9559,0.7234,0.6204,0.6049,0.6098,0.8578,0.5588,0.6186,0.7783,0.5009,0.5454,0.3894,0.5941,0.6728,0.5763,0.5206,0.316,0.484,0.2569,0.5284,0.3056,0.2053,0.1589,0.3558,
1.0,0.9989,0.9694,0.9683,0.9701,0.996,0.9938,0.9901,0.9845,0.9243,0.7352,0.9349,0.9093,0.8372,0.8011,0.8603,0.6821,0.8241,0.9382,0.7852,0.612,0.952,0.729,0.623,0.6106,0.6127,0.8565,0.5607,0.6249,0.7806,0.499,0.5498,0.3895,0.5944,0.6783,0.5852,0.5135,0.3094,0.4831,0.2565,0.531,0.3078,0.2123,0.1696,0.3539,
1.0,0.9988,0.9691,0.9679,0.9688,0.9971,0.9948,0.9893,0.9838,0.9225,0.7405,0.9312,0.9052,0.8459,0.8046,0.8544,0.6949,0.8337,0.9447,0.7806,0.6161,0.949,0.7143,0.6284,0.5994,0.622,0.8573,0.5779,0.6129,0.7755,0.5025,0.5598,0.3832,0.5805,0.6752,0.5759,0.5235,0.3178,0.4706,0.2625,0.5255,0.3049,0.2065,0.1561,0.3496,
1.0,0.999,0.9662,0.9652,0.969,0.9966,0.9943,0.9888,0.9825,0.92,0.7286,0.9288,0.9019,0.8393,0.7988,0.8501,0.6796,0.8242,0.9394,0.7806,0.6044,0.9476,0.7184,0.6187,0.6062,0.6085,0.8515,0.5666,0.6151,0.777,0.505,0.5501,0.3855,0.5823,0.6724,0.5821,0.5209,0.3207,0.4734,0.2584,0.5261,0.3138,0.204,0.1646,0.3431,
1.0,0.9994,0.9696,0.969,0.9677,0.9975,0.9962,0.9925,0.9855,0.9284,0.7319,0.931,0.914,0.8338,0.7961,0.8607,0.6804,0.8198,0.9404,0.7842,0.61,0.9549,0.7269,0.6163,0.6029,0.6076,0.8578,0.5593,0.6209,0.7884,0.5108,0.5427,0.384,0.5839,0.6728,0.5843,0.5222,0.3122,0.4726,0.2559,0.5255,0.3143,0.2088,0.1585,0.3454,
1.0,0.9991,0.9685,0.9676,0.9646,0.9977,0.9957,0.9889,0.9828,0.9202,0.7276,0.9272,0.9034,0.84,0.8022,0.8486,0.6894,0.8249,0.9378,0.7812,0.6057,0.9539,0.7212,0.6169,0.6013,0.6077,0.8607,0.5723,0.6111,0.7783,0.5059,0.5496,0.3898,0.5938,0.6712,0.5761,0.525,0.3205,0.4898,0.2517,0.5284,0.3165,0.2015,0.168,0.3576,
1.0,0.9991,0.9657,0.9648,0.9688,0.998,0.9967,0.9891,0.9837,0.923,0.7316,0.9291,0.9072,0.8378,0.7998,0.8525,0.6794,0.8255,0.9416,0.779,0.6045,0.9531,0.7164,0.6129,0.5978,0.6104,0.8532,0.5616,0.6141,0.7755,0.5063,0.5465,0.3864,0.5893,0.6761,0.5756,0.5277,0.3099,0.4846,0.2603,0.524,0.3165,0.2071,0.1618,0.3577,
1.0,0.9995,0.9708,0.9703,0.9708,0.9977,0.9958,0.9894,0.984,0.9212,0.7381,0.9364,0.9047,0.8434,0.8039,0.8584,0.6869,0.8301,0.9395,0.7797,0.615,0.9554,0.7221,0.6322,0.607,0.6157,0.8492,0.5666,0.6232,0.7756,0.5027,0.5565,0.3891,0.5994,0.6802,0.5801,0.511,0.3138,0.4778,0.2489,0.5285,0.3083,0.2118,0.1639,0.3512,
1.0,0.9988,0.9657,0.9645,0.9694,0.9981,0.9962,0.9888,0.9822,0.9237,0.7335,0.9289,0.9078,0.8394,0.7963,0.8542,0.6772,0.8263,0.937,0.7792,0.6059,0.9501,0.7199,0.6158,0.6034,0.6118,0.8566,0.5668,0.618,0.7828,0.4945,0.5526,0.3809,0.5907,0.667,0.5753,0.5113,0.3141,0.4741,0.2574,0.5206,0.2993,0.2008,0.156,0.3462,
1.0,0.999,0.968,0.967,0.9675,0.9971,0.9949,0.9907,0.9855,0.9175,0.7351,0.929,0.9014,0.8441,0.8083,0.8481,0.6888,0.8309,0.9382,0.7754,0.6074,0.953,0.7186,0.6241,0.61,0.6187,0.8539,0.5739,0.6162,0.7775,0.4943,0.5584,0.3901,0.591,0.674,0.5787,0.5152,0.3206,0.482,0.2613,0.5268,0.3116,0.2006,0.166,0.363,
1.0,0.999,0.9689,0.9679,0.9698,0.9973,0.9952,0.9909,0.9856,0.925,0.7388,0.9335,0.9102,0.8393,0.8029,0.8605,0.6848,0.8262,0.9405,0.7833,0.6157,0.9542,0.7265,0.6268,0.6101,0.6134,0.8553,0.564,0.6278,0.7788,0.5012,0.5494,0.3955,0.6002,0.6775,0.5916,0.526,0.3179,0.4869,0.2691,0.5239,0.3127,0.213,0.1696,0.3586,
1.0,0.999,0.9671,0.9661,0.9692,0.9978,0.9962,0.9924,0.986,0.9223,0.7378,0.9293,0.9079,0.8397,0.8008,0.8533,0.6881,0.8272,0.9425,0.7821,0.6168,0.9554,0.7261,0.6286,0.6086,0.6151,0.861,0.5702,0.621,0.7801,0.5024,0.5538,0.3931,0.5835,0.6751,0.5795,0.5233,0.3227,0.476,0.2638,0.5298,0.2998,0.2125,0.166,0.3531,
1.0,0.9982,0.964,0.9622,0.9687,0.9975,0.9949,0.9901,0.985,0.9195,0.7289,0.9264,0.9046,0.8353,0.7967,0.8468,0.6741,0.8228,0.9365,0.776,0.6071,0.9535,0.7214,0.6172,0.5991,0.6005,0.8517,0.5547,0.6153,0.7721,0.4887,0.5392,0.3839,0.5868,0.6677,0.5779,0.5198,0.3058,0.4705,0.2567,0.522,0.2989,0.1994,0.1637,0.3502,
1.0,0.9988,0.9699,0.9687,0.9707,0.9977,0.9955,0.9912,0.9859,0.9205,0.7334,0.9336,0.9057,0.8359,0.8002,0.8554,0.6812,0.8227,0.944,0.7781,0.6123,0.9541,0.7233,0.6279,0.6103,0.6168,0.8535,0.5647,0.6197,0.7841,0.5108,0.5539,0.3967,0.5923,0.6804,0.5909,0.5243,0.32,0.4741,0.257,0.5217,0.3131,0.2073,0.175,0.349,
1.0,0.9993,0.965,0.9643,0.967,0.9979,0.9962,0.9904,0.9846,0.9219,0.7354,0.9263,0.9068,0.8408,0.8024,0.8495,0.6846,0.8278,0.9415,0.7799,0.6088,0.9557,0.7189,0.6192,0.602,0.614,0.8566,0.5707,0.6154,0.7768,0.5016,0.553,0.3854,0.5971,0.6809,0.5863,0.52,0.3176,0.484,0.2538,0.5311,0.3088,0.2089,0.1652,0.3613,
1.0,0.9992,0.9682,0.9674,0.9708,0.9972,0.9956,0.9905,0.983,0.9218,0.7378,0.9328,0.9061,0.8427,0.8025,0.8558,0.6788,0.8283,0.944,0.7751,0.6183,0.9546,0.7246,0.6315,0.6117,0.6225,0.8501,0.5718,0.614,0.7835,0.5084,0.5575,0.3958,0.5869,0.6782,0.5792,0.5171,0.3215,0.4718,0.2541,0.5151,0.3146,0.2069,0.1649,0.3471,
1.0,0.9995,0.9689,0.9684,0.9714,0.9978,0.9962,0.9892,0.984,0.924,0.7375,0.9349,0.9071,0.8384,0.7987,0.8599,0.6816,0.8252,0.9428,0.7841,0.6136,0.9536,0.723,0.6269,0.6114,0.6203,0.8547,0.5708,0.6243,0.7802,0.5121,0.5567,0.3927,0.5917,0.6858,0.5823,0.5239,0.3201,0.4734,0.2605,0.519,0.3168,0.2109,0.1624,0.3543,
1.0,0.9988,0.966,0.9648,0.969,0.9981,0.9953,0.9891,0.9842,0.9242,0.7417,0.9286,0.9078,0.8465,0.8066,0.8539,0.6854,0.8324,0.9388,0.7799,0.6174,0.9551,0.723,0.6256,0.608,0.6168,0.8529,0.5719,0.6188,0.7778,0.4985,0.5577,0.3895,0.5995,0.6778,0.5814,0.5193,0.3176,0.4831,0.2613,0.5227,0.3078,0.2042,0.161,0.3554,
1.0,0.9985,0.9681,0.9666,0.9706,0.9968,0.9946,0.9908,0.9848,0.9247,0.7386,0.9321,0.9091,0.8409,0.8058,0.8573,0.6821,0.8277,0.944,0.7843,0.6168,0.9554,0.7263,0.6284,0.6095,0.6222,0.8523,0.5676,0.6207,0.7828,0.5068,0.5535,0.3879,0.5923,0.6849,0.5859,0.5318,0.3141,0.4818,0.2663,0.5299,0.3188,0.2088,0.1781,0.3595,
1.0,0.9986,0.9699,0.9685,0.9696,0.9974,0.9955,0.991,0.9842,0.9241,0.7404,0.9328,0.909,0.844,0.8037,0.8583,0.6907,0.8298,0.9427,0.7825,0.6146,0.9555,0.7232,0.6243,0.614,0.6216,0.8586,0.5756,0.6253,0.7839,0.5072,0.564,0.389,0.5953,0.6818,0.5892,0.5207,0.3287,0.4856,0.2558,0.5333,0.3153,0.2096,0.1598,0.3675,
1.0,0.9992,0.9697,0.9689,0.9686,0.9978,0.9957,0.9901,0.9858,0.9267,0.7362,0.9326,0.9111,0.8371,0.802,0.8604,0.6848,0.8235,0.9392,0.785,0.6127,0.9521,0.7282,0.6239,0.6095,0.6169,0.852,0.5598,0.6291,0.782,0.5123,0.5514,0.3943,0.5856,0.6765,0.5905,0.5235,0.3073,0.4702,0.2672,0.5166,0.3149,0.218,0.1659,0.3468,
1.0,0.9991,0.9725,0.9716,0.9689,0.9975,0.9957,0.9912,0.9845,0.9272,0.7423,0.9345,0.9106,0.8424,0.8031,0.8621,0.6851,0.8269,0.9398,0.7799,0.6194,0.9501,0.7205,0.6332,0.6066,0.6196,0.8491,0.5644,0.63,0.7795,0.5008,0.5584,0.3888,0.5925,0.6791,0.583,0.5129,0.3082,0.477,0.2629,0.5271,0.3086,0.2075,0.1645,0.359,
1.0,0.9984,0.9681,0.9665,0.9701,0.9972,0.9944,0.9904,0.9853,0.9257,0.7345,0.9305,0.9093,0.835,0.7977,0.8586,0.6835,0.8212,0.9368,0.7865,0.6078,0.9538,0.7271,0.6197,0.6143,0.6112,0.8567,0.5592,0.6272,0.7828,0.5043,0.5422,0.3898,0.599,0.6776,0.5935,0.5199,0.3064,0.4845,0.2623,0.5253,0.3144,0.2133,0.1697,0.3522,
1.0,0.9987,0.9687,0.9674,0.9696,0.998,0.9959,0.9898,0.984,0.9237,0.7389,0.9316,0.9082,0.8444,0.8061,0.8557,0.6876,0.8311,0.9397,0.7806,0.6117,0.9531,0.7183,0.6221,0.6047,0.6198,0.8538,0.5703,0.6171,0.7813,0.5014,0.5519,0.3788,0.5818,0.6658,0.5788,0.5147,0.3129,0.4706,0.2546,0.5144,0.3072,0.2007,0.1582,0.3451,
1.0,0.9987,0.9694,0.9681,0.9727,0.9978,0.9952,0.9901,0.9846,0.9182,0.735,0.9371,0.9046,0.8403,0.8046,0.8577,0.685,0.8261,0.9387,0.7813,0.6054,0.9563,0.7174,0.6239,0.6085,0.6131,0.861,0.5703,0.6106,0.7847,0.5131,0.5505,0.3892,0.5906,0.6769,0.5743,0.5222,0.3266,0.4816,0.2526,0.5234,0.3168,0.2099,0.1626,0.3568,
1.0,0.9983,0.9665,0.9648,0.9695,0.9975,0.9947,0.9908,0.9855,0.9225,0.7297,0.9291,0.9084,0.8322,0.794,0.853,0.6773,0.8181,0.9384,0.7801,0.597,0.9508,0.7117,0.6068,0.5949,0.6006,0.8573,0.5598,0.6118,0.7814,0.4966,0.5469,0.3827,0.5854,0.6718,0.5728,0.5194,0.3084,0.4801,0.2561,0.5278,0.3043,0.2067,0.1613,0.3523,
1.0,0.9992,0.967,0.9662,0.9696,0.9973,0.9958,0.992,0.9862,0.9184,0.7311,0.9306,0.9042,0.8367,0.8013,0.8507,0.6837,0.8239,0.941,0.7796,0.6064,0.9546,0.7177,0.6222,0.6126,0.6121,0.8551,0.5717,0.6163,0.7794,0.5062,0.5507,0.3912,0.585,0.6729,0.581,0.5282,0.3209,0.4817,0.2631,0.5237,0.3121,0.2072,0.1675,0.3511,
1.0,0.9991,0.9677,0.9668,0.9721,0.9978,0.996,0.9892,0.9819,0.9193,0.7364,0.9311,0.9007,0.845,0.8023,0.8511,0.686,0.8299,0.9361,0.7774,0.6015,0.9504,0.7097,0.6221,0.6031,0.6154,0.8533,0.5687,0.6081,0.7817,0.4993,0.5552,0.3884,0.5901,0.6688,0.5694,0.5152,0.3115,0.476,0.2522,0.5172,0.3112,0.2055,0.1586,0.3566,
1.0,0.9989,0.9673,0.9662,0.968,0.9982,0.9956,0.9901,0.9852,0.9266,0.7346,0.9293,0.9118,0.8362,0.7985,0.8569,0.6809,0.8242,0.9407,0.7845,0.6148,0.9534,0.7272,0.6216,0.6109,0.6112,0.8581,0.5605,0.6298,0.7807,0.5002,0.5463,0.3868,0.5951,0.6764,0.5929,0.5191,0.3114,0.4835,0.2642,0.5295,0.309,0.207,0.1651,0.3581,
1.0,0.9988,0.9646,0.9634,0.969,0.9971,0.9949,0.99,0.9851,0.9222,0.7374,0.9267,0.9049,0.8441,0.8079,0.8503,0.6879,0.8323,0.9448,0.7828,0.6127,0.9539,0.7193,0.6236,0.594,0.6174,0.8567,0.576,0.6091,0.7844,0.5034,0.5529,0.3779,0.5847,0.6686,0.5779,0.5216,0.3212,0.4702,0.2517,0.5191,0.3043,0.2036,0.162,0.3523,
1.0,0.9987,0.9689,0.9676,0.9702,0.9975,0.995,0.9905,0.9855,0.9227,0.7393,0.9324,0.9069,0.8412,0.8038,0.8573,0.6907,0.8284,0.9387,0.7845,0.6119,0.9524,0.7233,0.6269,0.6097,0.617,0.8589,0.5714,0.6247,0.7813,0.5005,0.5548,0.3858,0.5842,0.6733,0.5795,0.5124,0.3123,0.4785,0.2604,0.5307,0.3046,0.2038,0.1608,0.3586,
1.0,0.999,0.9678,0.9668,0.9715,0.9973,0.9955,0.991,0.9853,0.9255,0.7395,0.9326,0.9096,0.8407,0.8017,0.8588,0.6895,0.828,0.945,0.7878,0.6149,0.9537,0.7218,0.6259,0.6063,0.6205,0.8587,0.5746,0.621,0.7864,0.5139,0.555,0.3869,0.5908,0.6744,0.5826,0.5145,0.3184,0.4752,0.2525,0.519,0.3156,0.2099,0.1561,0.3579,
1.0,0.9989,0.9689,0.9678,0.9704,0.9969,0.995,0.9898,0.9849,0.9219,0.7381,0.9327,0.9048,0.8423,0.802,0.8562,0.6851,0.8306,0.9417,0.7787,0.6118,0.9518,0.7188,0.6247,0.6113,0.6155,0.8559,0.5716,0.6218,0.7771,0.5041,0.5554,0.3897,0.5889,0.6748,0.5799,0.5159,0.3194,0.4767,0.2629,0.521,0.3126,0.2039,0.1617,0.3515,
1.0,0.9991,0.9669,0.966,0.9693,0.9977,0.996,0.9906,0.9844,0.921,0.7309,0.9292,0.9049,0.8364,0.7968,0.8524,0.6809,0.8221,0.9395,0.7796,0.6019,0.9513,0.7128,0.6178,0.5964,0.6056,0.8555,0.5639,0.6179,0.7757,0.5051,0.5494,0.3836,0.5858,0.6784,0.5817,0.5252,0.3184,0.4732,0.2582,0.5213,0.3084,0.2081,0.1638,0.3458,
1.0,0.9991,0.9705,0.9696,0.9691,0.9975,0.9952,0.991,0.9849,0.9212,0.7335,0.9329,0.9053,0.8394,0.8018,0.8553,0.6917,0.8251,0.9414,0.7849,0.611,0.9518,0.7144,0.6267,0.6007,0.6111,0.8591,0.5681,0.6168,0.7746,0.5024,0.5495,0.3873,0.5862,0.6832,0.5736,0.5214,0.313,0.4785,0.2595,0.5322,0.3094,0.2085,0.1571,0.3597,
1.0,0.9991,0.9664,0.9655,0.9691,0.9973,0.9946,0.9902,0.986,0.9213,0.7387,0.9283,0.9038,0.8438,0.8077,0.8508,0.6912,0.8311,0.9385,0.7807,0.6089,0.9554,0.7248,0.6213,0.6127,0.6148,0.8572,0.5699,0.6242,0.7836,0.5066,0.556,0.3877,0.5994,0.6773,0.5865,0.5191,0.3165,0.4893,0.2742,0.5291,0.3228,0.211,0.159,0.3653,
1.0,0.9989,0.9659,0.9648,0.9706,0.9971,0.9947,0.9909,0.9857,0.9265,0.7416,0.9301,0.9107,0.8411,0.801,0.858,0.6847,0.8271,0.9403,0.7841,0.6092,0.9546,0.7215,0.6179,0.606,0.6145,0.8599,0.5709,0.6233,0.7795,0.5094,0.5489,0.3847,0.5911,0.6755,0.5868,0.5269,0.3244,0.4815,0.2635,0.5308,0.318,0.2118,0.1579,0.3586,
1.0,0.999,0.9679,0.9669,0.9693,0.9974,0.9949,0.9913,0.987,0.927,0.7408,0.931,0.9121,0.8388,0.8017,0.859,0.6897,0.8263,0.9411,0.7877,0.6134,0.9569,0.7267,0.6194,0.608,0.6163,0.861,0.5696,0.6208,0.7824,0.5009,0.5508,0.3876,0.5952,0.6783,0.586,0.5198,0.3133,0.4867,0.2642,0.5295,0.3111,0.2059,0.1627,0.3599,
1.0,0.999,0.9664,0.9654,0.9709,0.9979,0.9954,0.9901,0.9853,0.9274,0.7463,0.9303,0.9108,0.8451,0.8074,0.86,0.6919,0.8322,0.9409,0.7896,0.6198,0.9558,0.7282,0.6289,0.608,0.6287,0.8583,0.579,0.6214,0.7853,0.5048,0.5571,0.3909,0.5883,0.6698,0.5798,0.5128,0.3146,0.4875,0.2649,0.5282,0.3111,0.2085,0.1647,0.3605,
1.0,0.9986,0.9665,0.9651,0.9719,0.997,0.9943,0.9901,0.9859,0.9228,0.7352,0.9326,0.9072,0.8381,0.8013,0.8573,0.6868,0.8254,0.9411,0.7868,0.606,0.9546,0.7193,0.6169,0.608,0.6137,0.857,0.5683,0.6179,0.7774,0.508,0.5478,0.3936,0.5903,0.6787,0.582,0.5326,0.318,0.4837,0.2651,0.5279,0.3137,0.2114,0.1632,0.355,
1.0,0.9992,0.9687,0.9679,0.9711,0.9967,0.9953,0.9912,0.9844,0.9242,0.7412,0.933,0.9081,0.8424,0.8052,0.8576,0.6923,0.8285,0.9408,0.7888,0.6143,0.9547,0.7252,0.6271,0.6138,0.6232,0.8611,0.5774,0.6206,0.7903,0.5165,0.5624,0.3929,0.5944,0.682,0.5846,0.5198,0.3208,0.4797,0.2617,0.5333,0.3263,0.2187,0.1631,0.3578,
1.0,0.9988,0.9686,0.9674,0.9677,0.9967,0.9945,0.9901,0.9849,0.9253,0.7427,0.9294,0.9081,0.8453,0.8041,0.8565,0.6877,0.8318,0.9434,0.7803,0.6193,0.9512,0.7218,0.6287,0.6037,0.6234,0.8565,0.5779,0.6157,0.7793,0.5065,0.5567,0.3885,0.585,0.6778,0.579,0.5154,0.323,0.4741,0.2548,0.5178,0.3064,0.202,0.1602,0.3578,
1.0,0.9989,0.968,0.9669,0.9677,0.9976,0.9955,0.9901,0.9846,0.9204,0.7305,0.9304,0.9056,0.8381,0.8012,0.8515,0.6855,0.8246,0.9408,0.7816,0.6136,0.9498,0.7223,0.6232,0.6161,0.6138,0.8616,0.5748,0.6219,0.7799,0.5022,0.5534,0.3953,0.5987,0.6699,0.5844,0.5235,0.326,0.4794,0.2602,0.523,0.3138,0.2012,0.1658,0.3537,
1.0,0.9984,0.9704,0.9688,0.97,0.9973,0.9948,0.9893,0.9851,0.9204,0.7327,0.933,0.9029,0.8394,0.8021,0.8539,0.6886,0.8265,0.94,0.7804,0.6083,0.9515,0.7207,0.6235,0.6064,0.6127,0.8534,0.5632,0.623,0.7777,0.4991,0.5508,0.3895,0.592,0.6823,0.5871,0.5208,0.3113,0.4719,0.262,0.5275,0.3097,0.2056,0.1681,0.3525,
1.0,0.9986,0.9674,0.966,0.97,0.9973,0.995,0.9916,0.9865,0.9207,0.738,0.9302,0.9059,0.8426,0.8071,0.8523,0.6863,0.8304,0.9447,0.7768,0.6189,0.951,0.7211,0.6325,0.6134,0.6194,0.8507,0.5747,0.6287,0.7805,0.5035,0.5664,0.3942,0.5923,0.6771,0.588,0.5147,0.3215,0.4716,0.269,0.5221,0.3123,0.2113,0.1694,0.348,
1.0,0.9985,0.9651,0.9636,0.9705,0.9974,0.9951,0.9906,0.986,0.9235,0.7341,0.9286,0.9078,0.8358,0.7964,0.8543,0.6796,0.825,0.9429,0.7809,0.6061,0.9555,0.72,0.6155,0.601,0.6136,0.86,0.5685,0.6062,0.7824,0.5004,0.5464,0.3825,0.5812,0.6746,0.5701,0.5243,0.3153,0.4819,0.2504,0.5247,0.3015,0.2083,0.1646,0.3456,
1.0,0.9993,0.9691,0.9684,0.9652,0.9975,0.9958,0.9922,0.988,0.9242,0.7381,0.9276,0.9093,0.8433,0.8068,0.8539,0.6934,0.8303,0.9416,0.7798,0.6191,0.9512,0.7253,0.6275,0.6048,0.6103,0.8598,0.5721,0.6299,0.7802,0.5008,0.5536,0.392,0.5954,0.6774,0.5892,0.523,0.3184,0.4789,0.2689,0.5331,0.3069,0.2169,0.1657,0.3618,
1.0,0.9984,0.9654,0.9638,0.9651,0.9978,0.9955,0.991,0.9836,0.9202,0.7289,0.9232,0.9056,0.8402,0.7968,0.8445,0.6863,0.8249,0.9362,0.778,0.6103,0.954,0.7244,0.6181,0.6038,0.6031,0.8651,0.5715,0.6168,0.7755,0.4944,0.5499,0.3871,0.5862,0.667,0.5836,0.522,0.3231,0.4834,0.2579,0.5271,0.3052,0.1968,0.1655,0.3535,
1.0,0.9989,0.9678,0.9667,0.9696,0.9968,0.9948,0.9904,0.9853,0.9277,0.7386,0.9298,0.9099,0.8381,0.7976,0.8584,0.6812,0.825,0.9422,0.7832,0.6133,0.9528,0.724,0.6243,0.6022,0.6146,0.8528,0.561,0.626,0.7772,0.5042,0.5481,0.3831,0.5842,0.6789,0.5912,0.5295,0.3093,0.4752,0.2633,0.5331,0.307,0.2077,0.1688,0.3496,
1.0,0.9988,0.9688,0.9676,0.9693,0.9978,0.996,0.9902,0.9849,0.9238,0.7345,0.9321,0.9086,0.8378,0.7992,0.8565,0.6827,0.8242,0.9399,0.7796,0.6068,0.9489,0.719,0.6185,0.603,0.612,0.8541,0.5636,0.6247,0.784,0.4993,0.5559,0.3871,0.5899,0.6769,0.5775,0.5091,0.3144,0.479,0.2559,0.5291,0.3075,0.204,0.1606,0.3508,
1.0,0.999,0.9686,0.9676,0.9733,0.9974,0.9955,0.9918,0.9864,0.9241,0.7408,0.934,0.9078,0.8389,0.8008,0.8592,0.6816,0.8249,0.9401,0.7786,0.611,0.9559,0.7261,0.627,0.6118,0.6115,0.8532,0.5588,0.6261,0.7895,0.5075,0.5508,0.3876,0.6008,0.686,0.589,0.5221,0.3126,0.4731,0.2668,0.5224,0.3174,0.2064,0.1616,0.3542,
1.0,0.9989,0.9691,0.968,0.9728,0.9964,0.9944,0.9906,0.9861,0.9228,0.7349,0.9351,0.9058,0.8342,0.798,0.8593,0.6813,0.8209,0.9421,0.7845,0.6117,0.9531,0.7265,0.6295,0.6154,0.6135,0.8541,0.5638,0.6246,0.7844,0.5033,0.5494,0.3966,0.5969,0.6802,0.5869,0.5188,0.3141,0.4769,0.2588,0.52,0.3106,0.206,0.166,0.355,
1.0,0.9991,0.9679,0.967,0.9709,0.9972,0.9953,0.9931,0.9876,0.9259,0.7374,0.9325,0.9119,0.8345,0.7963,0.8603,0.6804,0.8201,0.944,0.7829,0.6084,0.95,0.7162,0.6182,0.598,0.6082,0.8571,0.5618,0.62,0.7851,0.5065,0.5467,0.3842,0.5842,0.6831,0.5791,0.5243,0.3222,0.4744,0.2581,0.5255,0.311,0.2121,0.1657,0.3498,
1.0,0.999,0.9661,0.9651,0.9708,0.9981,0.996,0.9914,0.9851,0.927,0.7419,0.9312,0.9127,0.8384,0.8013,0.8605,0.6838,0.8229,0.935,0.7869,0.6088,0.952,0.7213,0.6167,0.6064,0.6124,0.8577,0.5632,0.6284,0.7859,0.5082,0.5447,0.3836,0.597,0.6662,0.5856,0.5149,0.312,0.4797,0.268,0.5153,0.3155,0.2091,0.1547,0.3485,
1.0,0.999,0.9648,0.9638,0.9678,0.9968,0.995,0.9903,0.9844,0.9273,0.7392,0.9274,0.9122,0.8415,0.8035,0.8554,0.6837,0.8281,0.939,0.7854,0.6141,0.9538,0.7261,0.6179,0.6056,0.6182,0.8576,0.569,0.6209,0.7822,0.5045,0.5518,0.3871,0.5905,0.673,0.5864,0.5251,0.3211,0.4808,0.2661,0.5265,0.3129,0.1998,0.1648,0.3549,
1.0,0.9986,0.968,0.9666,0.9708,0.9965,0.9942,0.9895,0.9831,0.9195,0.7351,0.9323,0.9026,0.8424,0.803,0.8524,0.6822,0.8279,0.9368,0.7757,0.6104,0.9507,0.7176,0.6223,0.6037,0.6146,0.8472,0.5624,0.6202,0.7745,0.5094,0.5546,0.3885,0.5817,0.6711,0.5766,0.5139,0.3134,0.4659,0.2605,0.5206,0.3096,0.217,0.1536,0.3477,
1.0,0.9994,0.9672,0.9666,0.9708,0.9975,0.9962,0.9904,0.9858,0.9265,0.7418,0.9332,0.9115,0.8395,0.8034,0.8608,0.6841,0.8277,0.9396,0.7861,0.6059,0.9533,0.7219,0.6155,0.6047,0.6144,0.8551,0.5581,0.6242,0.7879,0.5012,0.5462,0.3837,0.5974,0.6785,0.5886,0.521,0.308,0.4829,0.2619,0.5239,0.3186,0.2107,0.1602,0.3563,
1.0,0.9989,0.9669,0.9658,0.9699,0.9979,0.9958,0.9905,0.9844,0.9238,0.7309,0.9302,0.9086,0.8352,0.796,0.8559,0.6823,0.8229,0.9431,0.7843,0.6042,0.9549,0.7195,0.617,0.5946,0.6087,0.8587,0.565,0.6162,0.7837,0.5031,0.548,0.3852,0.5944,0.6772,0.5781,0.5288,0.3171,0.4778,0.2554,0.5239,0.3079,0.2066,0.1632,0.3524,
1.0,0.999,0.9657,0.9647,0.9683,0.9971,0.9945,0.9895,0.9847,0.919,0.7334,0.927,0.9012,0.842,0.8021,0.8484,0.6894,0.8279,0.937,0.7788,0.6077,0.9522,0.7154,0.6223,0.603,0.6034,0.8566,0.5649,0.6144,0.7743,0.4973,0.5469,0.3824,0.5914,0.675,0.581,0.5275,0.3128,0.4811,0.2617,0.5238,0.312,0.2132,0.1597,0.3646,
1.0,0.9986,0.9684,0.967,0.9687,0.9971,0.9948,0.9909,0.9859,0.9246,0.7323,0.9298,0.9091,0.8331,0.7953,0.8557,0.6821,0.8204,0.9427,0.7838,0.6098,0.9558,0.7246,0.6205,0.6075,0.6116,0.8605,0.5615,0.6213,0.7796,0.5058,0.5467,0.3907,0.5966,0.6843,0.5928,0.5288,0.3101,0.4857,0.2568,0.5345,0.3171,0.2122,0.1647,0.3607,
1.0,0.9984,0.9657,0.9641,0.9713,0.9976,0.9951,0.9896,0.9835,0.9257,0.738,0.929,0.9092,0.8385,0.7982,0.8562,0.6805,0.8255,0.9407,0.7835,0.6085,0.9591,0.7244,0.6194,0.6073,0.6181,0.8511,0.5681,0.6163,0.7871,0.5082,0.5507,0.3877,0.5975,0.6722,0.5817,0.5261,0.3172,0.4787,0.2621,0.5222,0.3145,0.2079,0.169,0.3512,
1.0,0.9998,0.9697,0.9695,0.9714,0.997,0.9957,0.993,0.9875,0.924,0.7385,0.9368,0.9102,0.8377,0.8039,0.8619,0.6836,0.8232,0.9432,0.7829,0.6077,0.9515,0.7188,0.6238,0.6026,0.6173,0.8559,0.5688,0.622,0.787,0.5184,0.5556,0.3944,0.591,0.6807,0.5847,0.5224,0.3259,0.4771,0.2605,0.5302,0.3199,0.2163,0.161,0.3579,
1.0,0.9994,0.9727,0.9721,0.97,0.9975,0.9963,0.9916,0.9871,0.9212,0.7379,0.9367,0.9059,0.8396,0.8023,0.8593,0.6887,0.8273,0.9379,0.7788,0.5965,0.9514,0.7093,0.615,0.5957,0.6047,0.8543,0.559,0.6143,0.7788,0.4978,0.5463,0.3825,0.5905,0.6749,0.5685,0.5135,0.3092,0.4723,0.2501,0.526,0.303,0.2029,0.1562,0.3508,
1.0,0.9984,0.9688,0.9672,0.9703,0.9977,0.9948,0.9912,0.9857,0.9261,0.7382,0.9314,0.9108,0.8383,0.8003,0.8588,0.6854,0.823,0.9412,0.7835,0.6098,0.9528,0.7228,0.6219,0.6058,0.6212,0.8585,0.5693,0.6199,0.7842,0.4979,0.5495,0.3883,0.5895,0.68,0.5822,0.5312,0.3149,0.4769,0.2608,0.5247,0.3083,0.2101,0.1709,0.3506,
1.0,0.9996,0.9668,0.9664,0.9683,0.9978,0.9966,0.9913,0.9861,0.9261,0.7395,0.9312,0.9124,0.8419,0.8076,0.8574,0.6866,0.8302,0.9427,0.7844,0.618,0.9533,0.7236,0.6232,0.6028,0.6163,0.8528,0.5684,0.6256,0.7832,0.5024,0.5555,0.3826,0.5966,0.6748,0.591,0.5204,0.3123,0.4809,0.2671,0.5233,0.3102,0.2067,0.1607,0.3612,
1.0,0.9987,0.9719,0.9706,0.9707,0.9974,0.9951,0.9895,0.9825,0.9223,0.7359,0.9344,0.9039,0.8397,0.8007,0.8574,0.6893,0.8259,0.9375,0.7853,0.609,0.9516,0.722,0.6236,0.6139,0.6153,0.8588,0.5705,0.623,0.7852,0.5098,0.5525,0.3926,0.5936,0.6752,0.5804,0.5179,0.3194,0.4787,0.2612,0.5294,0.3151,0.2126,0.1584,0.3551,
1.0,0.9989,0.9696,0.9685,0.9704,0.9976,0.9953,0.9902,0.9845,0.9262,0.7398,0.9337,0.9105,0.8415,0.8033,0.8616,0.6934,0.829,0.9438,0.7899,0.6152,0.9548,0.7238,0.6272,0.6141,0.6233,0.8621,0.5791,0.6267,0.7836,0.5127,0.5617,0.4015,0.6031,0.6801,0.5821,0.5223,0.3256,0.4916,0.2603,0.5346,0.3199,0.2135,0.1629,0.3694,
1.0,0.999,0.97,0.969,0.9709,0.9971,0.9945,0.9891,0.984,0.9181,0.732,0.9351,0.901,0.8395,0.801,0.8541,0.6861,0.8251,0.9389,0.7785,0.6075,0.9492,0.7189,0.6255,0.6043,0.6072,0.8548,0.5606,0.6192,0.7765,0.5027,0.5415,0.3889,0.585,0.6737,0.5792,0.5257,0.3163,0.4748,0.2611,0.5198,0.3046,0.2034,0.1624,0.3446,
1.0,0.9994,0.9666,0.966,0.9679,0.9971,0.9957,0.9905,0.984,0.9263,0.7336,0.9294,0.9105,0.8364,0.7982,0.8572,0.6818,0.8224,0.9377,0.7858,0.6107,0.9542,0.7316,0.618,0.6082,0.608,0.8586,0.5608,0.6239,0.7835,0.4998,0.5463,0.3872,0.5984,0.6787,0.5852,0.5113,0.317,0.491,0.2612,0.5364,0.312,0.2098,0.1672,0.3617,
1.0,0.9988,0.969,0.9678,0.9679,0.9979,0.996,0.9905,0.9844,0.9207,0.7308,0.9289,0.9045,0.8398,0.8008,0.8508,0.6848,0.8266,0.945,0.777,0.6035,0.955,0.7124,0.621,0.6018,0.6154,0.8537,0.5711,0.6065,0.7775,0.5058,0.5567,0.3858,0.5825,0.6742,0.5723,0.5213,0.3246,0.4768,0.244,0.5221,0.306,0.2043,0.1602,0.3464,
1.0,0.9989,0.9681,0.967,0.9719,0.998,0.9956,0.9899,0.9845,0.9306,0.7364,0.9335,0.9148,0.8325,0.7941,0.8656,0.6721,0.8194,0.9401,0.7881,0.6112,0.9573,0.7303,0.6203,0.6105,0.6144,0.8509,0.5552,0.6257,0.788,0.5093,0.5431,0.3862,0.5945,0.6762,0.5824,0.5144,0.3132,0.4738,0.2571,0.5134,0.3124,0.2016,0.1631,0.3468,
1.0,0.9992,0.9663,0.9655,0.9709,0.9977,0.996,0.9897,0.9838,0.9289,0.7415,0.932,0.9132,0.84,0.8019,0.8626,0.6846,0.825,0.9393,0.7917,0.6142,0.9542,0.7274,0.6209,0.6064,0.619,0.8585,0.5714,0.6233,0.7911,0.521,0.5482,0.3905,0.5859,0.6703,0.5898,0.5278,0.3188,0.484,0.2658,0.5232,0.3251,0.2146,0.1621,0.354,
1.0,0.9989,0.9683,0.9672,0.9699,0.9975,0.9955,0.9909,0.9847,0.9228,0.7331,0.9309,0.9069,0.8348,0.7941,0.8545,0.6801,0.8208,0.9406,0.7805,0.6098,0.9524,0.7252,0.6243,0.607,0.6075,0.8579,0.5623,0.6211,0.7833,0.5094,0.5494,0.3952,0.5882,0.6713,0.5795,0.5187,0.3184,0.4805,0.2597,0.5221,0.3141,0.2091,0.165,0.351,
1.0,0.9988,0.9686,0.9674,0.9694,0.9973,0.9951,0.9905,0.9832,0.9212,0.7354,0.932,0.906,0.8413,0.8011,0.8542,0.685,0.8263,0.9373,0.7798,0.6056,0.952,0.7189,0.6189,0.6073,0.6123,0.8596,0.5652,0.6156,0.7804,0.4996,0.5494,0.388,0.5951,0.677,0.5716,0.5177,0.314,0.4837,0.2574,0.5309,0.3128,0.2023,0.1566,0.3584,
1.0,0.9989,0.967,0.9659,0.9709,0.9974,0.9955,0.9909,0.9863,0.9286,0.7399,0.9316,0.9139,0.8366,0.8027,0.8616,0.6835,0.8247,0.9439,0.7883,0.6165,0.9544,0.7316,0.6234,0.612,0.6215,0.8556,0.563,0.6288,0.79,0.5107,0.5487,0.3916,0.5977,0.6755,0.5923,0.5155,0.313,0.4847,0.2597,0.5277,0.3166,0.2114,0.1603,0.3583,
1.0,0.9985,0.9685,0.967,0.9726,0.9975,0.9953,0.9883,0.9827,0.919,0.7301,0.9335,0.9005,0.8385,0.7969,0.8543,0.6838,0.8265,0.9444,0.7815,0.6112,0.9487,0.7139,0.6307,0.6025,0.6105,0.8542,0.5735,0.6151,0.774,0.5032,0.5522,0.3849,0.5863,0.6785,0.5745,0.5164,0.3126,0.4806,0.2509,0.5311,0.3079,0.2103,0.1621,0.3498,
1.0,0.9981,0.9684,0.9665,0.97,0.9976,0.995,0.9899,0.9828,0.9232,0.7315,0.9313,0.9078,0.8362,0.7945,0.8554,0.6816,0.8223,0.9364,0.7815,0.6077,0.9536,0.7224,0.6166,0.6079,0.6078,0.8581,0.5667,0.6225,0.7788,0.5044,0.5441,0.3908,0.5857,0.666,0.5786,0.5156,0.311,0.4714,0.2589,0.5185,0.3082,0.2098,0.1586,0.3454,
1.0,0.9985,0.9693,0.9678,0.973,0.9973,0.9945,0.9896,0.985,0.9231,0.7378,0.9355,0.9061,0.8421,0.8046,0.8596,0.6837,0.8284,0.9342,0.7803,0.6114,0.9556,0.7283,0.6274,0.6151,0.6114,0.8499,0.5615,0.6254,0.7826,0.5142,0.5529,0.3999,0.6,0.6844,0.5855,0.52,0.3213,0.4868,0.2667,0.5298,0.3227,0.2122,0.1754,0.3598,
1.0,0.9991,0.9657,0.9648,0.9669,0.9969,0.9952,0.9912,0.987,0.9217,0.7358,0.9272,0.9067,0.8392,0.8028,0.8505,0.6779,0.8272,0.9442,0.774,0.6115,0.953,0.719,0.6205,0.5985,0.6094,0.8522,0.5592,0.6154,0.7741,0.5064,0.5452,0.3799,0.5825,0.6714,0.588,0.5168,0.3194,0.469,0.2522,0.5169,0.3122,0.202,0.162,0.3455,
1.0,0.9987,0.9672,0.9659,0.9677,0.9963,0.9943,0.9917,0.986,0.9223,0.7356,0.9292,0.9069,0.8413,0.8043,0.8525,0.6897,0.827,0.9395,0.7816,0.6139,0.9509,0.7212,0.6252,0.5993,0.6105,0.8618,0.571,0.611,0.7764,0.5028,0.5501,0.3871,0.5767,0.6641,0.5743,0.5217,0.3172,0.4682,0.2575,0.5162,0.3022,0.2004,0.1599,0.3448,
1.0,0.9993,0.9668,0.9661,0.9697,0.997,0.9953,0.9918,0.9874,0.9232,0.7387,0.9307,0.9083,0.8414,0.8041,0.8548,0.6887,0.8296,0.9393,0.7829,0.6054,0.9523,0.7151,0.6168,0.5979,0.611,0.8596,0.5657,0.6109,0.7799,0.5032,0.5493,0.39,0.5896,0.6682,0.5712,0.5151,0.3165,0.4802,0.2568,0.5284,0.3158,0.208,0.1583,0.3614,
1.0,0.9992,0.9647,0.9639,0.9726,0.9973,0.9955,0.9907,0.9858,0.9209,0.7353,0.9318,0.9055,0.8385,0.8034,0.8541,0.6842,0.8268,0.9442,0.7881,0.6129,0.9538,0.722,0.6272,0.6095,0.6163,0.8593,0.5752,0.6131,0.7865,0.5152,0.5528,0.3887,0.5849,0.6698,0.5854,0.5309,0.3228,0.4754,0.2632,0.5157,0.3138,0.2028,0.1677,0.3509,
1.0,0.9988,0.9694,0.9682,0.9689,0.9984,0.9966,0.9924,0.9851,0.9197,0.7299,0.9314,0.9059,0.8357,0.7967,0.8517,0.6779,0.8206,0.9399,0.7729,0.608,0.957,0.723,0.6209,0.6076,0.6083,0.8535,0.5618,0.6194,0.778,0.5114,0.5471,0.3976,0.5904,0.6786,0.579,0.5238,0.3279,0.4799,0.2552,0.5186,0.311,0.2116,0.1672,0.3498,
1.0,0.9994,0.9711,0.9705,0.9736,0.9976,0.9959,0.9897,0.9842,0.9221,0.7376,0.9384,0.9046,0.8423,0.8048,0.8618,0.6925,0.8292,0.9433,0.7895,0.6168,0.9492,0.7197,0.6377,0.61,0.6207,0.8566,0.5749,0.6268,0.7834,0.5078,0.5624,0.3865,0.589,0.6788,0.5854,0.5169,0.3168,0.4729,0.2632,0.5247,0.3053,0.2104,0.1614,0.3523,
1.0,0.9992,0.9651,0.9643,0.9711,0.9971,0.9951,0.9893,0.9836,0.924,0.7349,0.9297,0.9062,0.8377,0.7977,0.8553,0.6795,0.824,0.9408,0.7821,0.614,0.9526,0.7262,0.6243,0.6099,0.6073,0.8504,0.5617,0.6282,0.7804,0.5046,0.5489,0.3811,0.5867,0.6763,0.5949,0.5181,0.3079,0.4766,0.2643,0.5271,0.3087,0.2096,0.1604,0.3525,
1.0,0.9991,0.9711,0.9702,0.9702,0.998,0.9965,0.9897,0.9833,0.9213,0.7335,0.9355,0.9057,0.8404,0.8026,0.8583,0.6904,0.8278,0.9343,0.7843,0.6081,0.9562,0.7249,0.626,0.6132,0.6089,0.8549,0.5674,0.6193,0.7809,0.5051,0.5495,0.393,0.5847,0.6711,0.5763,0.5248,0.3098,0.4813,0.2587,0.5273,0.3119,0.2091,0.1639,0.3542,
1.0,0.9993,0.9681,0.9674,0.9706,0.9972,0.9955,0.9912,0.9856,0.9276,0.7411,0.9326,0.9119,0.8403,0.8028,0.8612,0.6919,0.8264,0.9428,0.791,0.6202,0.9546,0.7292,0.6311,0.6171,0.6206,0.8601,0.5722,0.6297,0.7868,0.5129,0.5598,0.3942,0.6021,0.6846,0.5978,0.5296,0.3237,0.4886,0.2694,0.5331,0.3228,0.2124,0.1683,0.362,
1.0,0.9985,0.9682,0.9667,0.9709,0.9974,0.9949,0.9909,0.9856,0.9256,0.7328,0.9323,0.9103,0.8332,0.7953,0.8586,0.6801,0.8195,0.9417,0.7864,0.6117,0.9519,0.7276,0.6239,0.6119,0.6081,0.8589,0.5641,0.6388,0.7857,0.5129,0.5515,0.3972,0.6013,0.6852,0.5893,0.5269,0.3164,0.4755,0.2746,0.532,0.3165,0.2159,0.1674,0.3581,
1.0,0.9989,0.9696,0.9685,0.97,0.9974,0.9952,0.991,0.985,0.9218,0.7383,0.9332,0.9064,0.8431,0.8064,0.8564,0.695,0.8269,0.9408,0.7872,0.6146,0.9486,0.7147,0.629,0.6043,0.6158,0.86,0.5733,0.6185,0.7809,0.4999,0.5528,0.3874,0.5821,0.6739,0.5825,0.5255,0.3168,0.4794,0.2638,0.5297,0.3039,0.207,0.1675,0.354,
1.0,0.9989,0.9667,0.9656,0.9687,0.9967,0.9944,0.9907,0.9847,0.9237,0.7374,0.9283,0.9062,0.8414,0.8003,0.8543,0.6827,0.8269,0.9375,0.7797,0.6099,0.9536,0.7195,0.6208,0.605,0.6127,0.8546,0.5671,0.6172,0.7793,0.5033,0.5495,0.3911,0.596,0.6636,0.5751,0.5072,0.3152,0.4778,0.255,0.5199,0.3081,0.1986,0.1566,0.3565,
1.0,0.9991,0.9697,0.9688,0.9674,0.9971,0.9951,0.9902,0.985,0.9227,0.7358,0.9304,0.9058,0.8424,0.8043,0.8547,0.6896,0.8279,0.9388,0.7779,0.606,0.9521,0.7181,0.6202,0.6066,0.613,0.8542,0.57,0.6188,0.7775,0.5086,0.5559,0.3858,0.5926,0.6768,0.5765,0.5219,0.325,0.4787,0.2567,0.5326,0.3095,0.2097,0.1667,0.3561,
1.0,0.9991,0.967,0.9661,0.9688,0.9969,0.9952,0.9903,0.9847,0.9232,0.7333,0.9299,0.9067,0.8369,0.798,0.8544,0.6852,0.8242,0.9397,0.7841,0.6106,0.9529,0.7212,0.6197,0.6028,0.6062,0.8602,0.5643,0.62,0.779,0.5003,0.5458,0.3826,0.591,0.6717,0.5826,0.5194,0.3106,0.4858,0.2593,0.5248,0.31,0.2086,0.1563,0.3623,
1.0,0.9989,0.9694,0.9683,0.969,0.9966,0.9949,0.9896,0.9831,0.9223,0.7337,0.9329,0.9065,0.8413,0.8023,0.8573,0.6859,0.8276,0.9411,0.7828,0.6135,0.9505,0.7215,0.6285,0.6094,0.6131,0.8568,0.5743,0.6216,0.7818,0.5107,0.5595,0.3868,0.5897,0.6842,0.5868,0.5298,0.3213,0.4768,0.2645,0.526,0.3123,0.2143,0.1639,0.3476,
1.0,0.998,0.9671,0.9651,0.9687,0.9978,0.9945,0.9884,0.9845,0.9249,0.7301,0.9285,0.9085,0.8335,0.7913,0.8554,0.6736,0.8209,0.9456,0.7783,0.608,0.9524,0.722,0.6161,0.6002,0.6029,0.8548,0.5619,0.6221,0.7791,0.5084,0.5481,0.3797,0.5882,0.6808,0.5884,0.5291,0.3139,0.4767,0.2609,0.5269,0.3039,0.2101,0.1605,0.3488,
1.0,0.9986,0.9642,0.9628,0.9691,0.9966,0.994,0.9904,0.9848,0.9236,0.7295,0.9266,0.9073,0.8355,0.7968,0.8516,0.6775,0.8214,0.9396,0.7809,0.6094,0.9504,0.7221,0.6176,0.5999,0.6058,0.8554,0.5554,0.6209,0.7784,0.5004,0.5398,0.3862,0.5864,0.6746,0.5812,0.5076,0.3097,0.479,0.2545,0.5324,0.3074,0.2115,0.1576,0.3558,
1.0,0.9988,0.9689,0.9677,0.9709,0.9981,0.9965,0.9907,0.9839,0.9196,0.7278,0.9335,0.9052,0.8346,0.7969,0.8542,0.678,0.8205,0.9389,0.7803,0.6039,0.9512,0.7155,0.6225,0.6041,0.6043,0.8541,0.5591,0.6187,0.7812,0.5082,0.5501,0.394,0.5901,0.6807,0.5779,0.5228,0.3211,0.4705,0.2581,0.5258,0.3146,0.211,0.1711,0.3518,
1.0,0.9993,0.967,0.9663,0.971,0.9966,0.9948,0.9908,0.9863,0.9228,0.744,0.931,0.905,0.8444,0.8059,0.8551,0.6874,0.831,0.9391,0.7807,0.6143,0.9518,0.7214,0.6313,0.6098,0.6194,0.8541,0.5695,0.6206,0.7807,0.5048,0.5531,0.3878,0.5892,0.6743,0.5863,0.52,0.3106,0.4822,0.263,0.5217,0.3116,0.2048,0.1667,0.3556,
1.0,0.9988,0.9702,0.969,0.9707,0.9974,0.9954,0.9917,0.9865,0.9172,0.732,0.9349,0.9031,0.8391,0.8053,0.8529,0.6883,0.826,0.9387,0.7784,0.6057,0.9539,0.7163,0.6235,0.6041,0.6024,0.8547,0.5585,0.6149,0.777,0.4985,0.546,0.3886,0.5894,0.6714,0.5759,0.5262,0.3055,0.4706,0.2609,0.5229,0.3093,0.203,0.1667,0.3476,
1.0,0.9988,0.9682,0.967,0.9694,0.9972,0.9951,0.9915,0.9868,0.9223,0.735,0.9309,0.9072,0.8377,0.8017,0.8547,0.6824,0.8263,0.9455,0.779,0.6138,0.9519,0.7233,0.6272,0.6083,0.6166,0.8536,0.5686,0.617,0.7812,0.5,0.5566,0.389,0.5877,0.6791,0.5814,0.5198,0.3119,0.4697,0.2572,0.5257,0.3061,0.2073,0.1732,0.3426,
1.0,0.9983,0.9677,0.966,0.9688,0.9979,0.9956,0.9904,0.9849,0.9248,0.7381,0.9306,0.9106,0.8426,0.8048,0.8578,0.6879,0.8301,0.9378,0.7831,0.6142,0.9536,0.7247,0.6237,0.6044,0.6148,0.8571,0.5681,0.6283,0.7797,0.5021,0.5546,0.3878,0.5939,0.6793,0.5841,0.5184,0.3224,0.4782,0.2684,0.5267,0.3115,0.2079,0.1625,0.3589,
1.0,0.9989,0.9653,0.9642,0.9698,0.9978,0.9962,0.9899,0.9834,0.9221,0.7308,0.9289,0.9064,0.8399,0.8003,0.8515,0.6774,0.8272,0.9378,0.7794,0.6021,0.9549,0.7182,0.6147,0.6028,0.6077,0.8544,0.5573,0.6129,0.7755,0.4973,0.5425,0.3774,0.5942,0.6735,0.5768,0.5166,0.3105,0.4796,0.2557,0.5181,0.3064,0.2001,0.1569,0.3535,
1.0,0.9992,0.9711,0.9703,0.9714,0.9985,0.9964,0.9924,0.9881,0.921,0.7342,0.9366,0.9074,0.8337,0.798,0.8585,0.6841,0.8213,0.9407,0.7812,0.602,0.9561,0.716,0.6194,0.6088,0.6092,0.8568,0.5634,0.6207,0.7838,0.5042,0.5551,0.3898,0.5974,0.6821,0.5812,0.5104,0.3194,0.4796,0.251,0.5347,0.3118,0.2092,0.159,0.3482,
1.0,0.9988,0.9699,0.9687,0.9703,0.9977,0.9956,0.9899,0.9846,0.9216,0.7254,0.9334,0.9051,0.8292,0.7882,0.8557,0.6754,0.8144,0.9397,0.7773,0.6045,0.9516,0.722,0.6202,0.6114,0.6041,0.8563,0.5518,0.6243,0.7749,0.494,0.5378,0.3862,0.5897,0.6751,0.5819,0.5185,0.3003,0.4777,0.2501,0.5284,0.3006,0.2046,0.1624,0.3442,
1.0,0.9986,0.9684,0.967,0.9724,0.9961,0.9934,0.9901,0.9846,0.9224,0.736,0.934,0.9054,0.8386,0.8014,0.8581,0.6792,0.8233,0.9386,0.7802,0.6092,0.9473,0.7179,0.6251,0.6088,0.6144,0.846,0.5594,0.6276,0.7812,0.5079,0.5523,0.389,0.5974,0.6787,0.5914,0.5148,0.3155,0.4727,0.2672,0.5207,0.3151,0.2139,0.1625,0.3533,
1.0,0.9986,0.9677,0.9663,0.9687,0.9969,0.9942,0.9896,0.9855,0.9269,0.7424,0.9307,0.9107,0.843,0.8082,0.8587,0.6931,0.8299,0.9395,0.79,0.6175,0.951,0.7276,0.6237,0.6075,0.6211,0.8587,0.5795,0.6208,0.7914,0.5112,0.5578,0.389,0.5816,0.6725,0.5831,0.5205,0.3179,0.4758,0.2624,0.5251,0.3159,0.2126,0.1664,0.3547,
1.0,0.9991,0.9684,0.9675,0.9683,0.9968,0.9955,0.9919,0.9873,0.9241,0.7383,0.9301,0.9082,0.8399,0.8027,0.8551,0.688,0.8285,0.9446,0.7821,0.6117,0.9527,0.7212,0.6247,0.6109,0.6184,0.8591,0.5774,0.6237,0.7829,0.5039,0.5627,0.3902,0.5894,0.6793,0.5858,0.5262,0.3208,0.4842,0.2625,0.536,0.3133,0.2071,0.1678,0.3596,
1.0,0.9989,0.9675,0.9664,0.9665,0.9968,0.9948,0.9913,0.9858,0.9211,0.7334,0.9277,0.9058,0.8376,0.7989,0.8506,0.6791,0.8241,0.9382,0.7757,0.6045,0.95,0.7183,0.6159,0.6021,0.6087,0.8568,0.5614,0.6162,0.7734,0.4826,0.5435,0.3791,0.5797,0.6688,0.5739,0.5158,0.3031,0.4699,0.2504,0.5212,0.2945,0.198,0.1573,0.348,
1.0,0.9991,0.9666,0.9657,0.9693,0.998,0.9959,0.9911,0.9854,0.926,0.7439,0.9287,0.9102,0.8413,0.8003,0.8555,0.6873,0.8265,0.9359,0.7825,0.6108,0.9523,0.7202,0.6196,0.5953,0.6111,0.8584,0.565,0.6153,0.7843,0.5054,0.5495,0.3879,0.5858,0.6737,0.5786,0.5204,0.317,0.4802,0.2624,0.5272,0.3146,0.2186,0.1614,0.3589,
1.0,0.9986,0.9679,0.9665,0.9698,0.9971,0.995,0.9907,0.9863,0.9219,0.7369,0.9307,0.906,0.8411,0.8019,0.8542,0.684,0.8306,0.9435,0.777,0.606,0.9538,0.7172,0.6211,0.6009,0.6117,0.8537,0.5681,0.615,0.7761,0.5048,0.554,0.3887,0.5906,0.6778,0.5788,0.5194,0.3235,0.4801,0.2526,0.5329,0.3119,0.2068,0.1652,0.3519,
1.0,0.9992,0.9665,0.9657,0.9698,0.9972,0.9951,0.9895,0.985,0.9226,0.7393,0.9313,0.9059,0.8459,0.8084,0.8546,0.6914,0.8325,0.9357,0.7837,0.6117,0.9507,0.7228,0.6203,0.6041,0.6087,0.856,0.5693,0.6198,0.7798,0.4959,0.5452,0.3834,0.5917,0.6694,0.5836,0.5199,0.3121,0.4845,0.259,0.5279,0.3132,0.2086,0.1639,0.3547,
1.0,0.9987,0.9677,0.9664,0.9716,0.9973,0.9955,0.9905,0.9853,0.9209,0.7368,0.933,0.9055,0.8403,0.8021,0.8553,0.686,0.8289,0.9441,0.7827,0.6188,0.9537,0.7267,0.6321,0.6124,0.6139,0.8594,0.5724,0.6283,0.7842,0.5084,0.5598,0.3986,0.5965,0.6811,0.5802,0.525,0.3234,0.4806,0.2677,0.527,0.3163,0.2116,0.1676,0.3575,
1.0,0.9992,0.9686,0.9678,0.97,0.9972,0.9951,0.9919,0.9872,0.9223,0.74,0.9323,0.9068,0.8387,0.8039,0.8556,0.6867,0.8256,0.9388,0.7804,0.6091,0.9528,0.7245,0.6228,0.6087,0.6169,0.856,0.5638,0.6207,0.7783,0.5025,0.5481,0.3957,0.5852,0.6763,0.5761,0.507,0.3152,0.4782,0.254,0.5279,0.3111,0.2043,0.165,0.3497,
1.0,0.9977,0.967,0.9647,0.9665,0.9976,0.9943,0.9891,0.9826,0.9226,0.729,0.9264,0.9076,0.8338,0.7963,0.8515,0.6824,0.8199,0.9415,0.7871,0.6104,0.9501,0.7209,0.6185,0.5996,0.611,0.8612,0.5662,0.6248,0.7803,0.5025,0.5531,0.3813,0.5837,0.6794,0.5827,0.5222,0.3172,0.4756,0.2638,0.5329,0.3036,0.2111,0.1555,0.3451,
1.0,0.9989,0.9668,0.9657,0.9701,0.9979,0.9957,0.9898,0.9838,0.9231,0.7309,0.9295,0.9061,0.8342,0.7936,0.8535,0.6723,0.8208,0.9381,0.776,0.6074,0.9529,0.7197,0.6162,0.6049,0.6073,0.8504,0.5567,0.6148,0.7782,0.5028,0.5386,0.3895,0.5835,0.6656,0.577,0.5146,0.3141,0.4729,0.2533,0.5158,0.3076,0.1983,0.1659,0.3419,
1.0,0.9988,0.967,0.9658,0.9715,0.9974,0.9951,0.9909,0.9873,0.9292,0.7458,0.9316,0.9132,0.84,0.8042,0.8623,0.6858,0.8283,0.9463,0.7877,0.6157,0.9521,0.7202,0.622,0.6003,0.622,0.8528,0.5624,0.6226,0.7834,0.502,0.5461,0.3783,0.5835,0.6729,0.5855,0.5174,0.3092,0.4692,0.258,0.5137,0.3032,0.2004,0.1545,0.3487,
1.0,0.9993,0.966,0.9653,0.9688,0.9975,0.9961,0.991,0.9856,0.923,0.73,0.929,0.9077,0.8328,0.795,0.8538,0.678,0.8211,0.9437,0.7816,0.603,0.9531,0.7134,0.6165,0.5981,0.6079,0.8568,0.5645,0.6143,0.7794,0.5108,0.5459,0.3873,0.5878,0.6742,0.5769,0.5239,0.3175,0.4679,0.2565,0.5136,0.3137,0.2039,0.1564,0.3439,
1.0,0.9991,0.9664,0.9655,0.9698,0.9967,0.9948,0.9905,0.9843,0.9221,0.7324,0.9305,0.9057,0.8353,0.7955,0.8535,0.6811,0.8224,0.9431,0.784,0.6109,0.9529,0.7179,0.6189,0.6018,0.6136,0.8563,0.5689,0.6159,0.7757,0.4956,0.5484,0.3838,0.5863,0.6775,0.5788,0.5207,0.309,0.4809,0.2573,0.5227,0.3061,0.2019,0.1654,0.3521,
1.0,0.9989,0.9694,0.9683,0.9714,0.9976,0.9957,0.9894,0.983,0.9268,0.7397,0.934,0.9101,0.8405,0.8003,0.8611,0.6799,0.827,0.9389,0.7813,0.6186,0.9533,0.7305,0.6299,0.6182,0.6174,0.8504,0.5622,0.63,0.7861,0.5142,0.5502,0.4015,0.5991,0.6755,0.5941,0.5203,0.3179,0.4787,0.269,0.5169,0.3217,0.2145,0.17,0.3499,
1.0,0.9995,0.9695,0.969,0.9713,0.9982,0.9965,0.991,0.985,0.921,0.7404,0.9334,0.9042,0.8457,0.8059,0.8547,0.6926,0.832,0.9388,0.7791,0.6086,0.9551,0.7148,0.6261,0.6008,0.6142,0.8543,0.5699,0.6084,0.7862,0.5046,0.5563,0.3843,0.5882,0.6763,0.5749,0.5277,0.3171,0.4808,0.255,0.5271,0.3084,0.2101,0.1707,0.3558,
1.0,0.9991,0.9694,0.9685,0.9708,0.9973,0.9952,0.9911,0.9877,0.9257,0.7436,0.9333,0.9098,0.8418,0.8076,0.8604,0.688,0.8299,0.9431,0.7818,0.6139,0.9546,0.7209,0.6285,0.5972,0.618,0.8517,0.565,0.6121,0.7818,0.5101,0.5504,0.3794,0.5808,0.6814,0.579,0.5198,0.3138,0.4731,0.2594,0.5231,0.3088,0.2071,0.1602,0.351,
1.0,0.9989,0.9697,0.9686,0.97,0.9972,0.9954,0.9911,0.9852,0.927,0.7402,0.9333,0.9117,0.8385,0.8003,0.8608,0.69,0.8268,0.9421,0.7882,0.6056,0.9546,0.7149,0.6209,0.6066,0.6209,0.8574,0.572,0.6226,0.7839,0.5136,0.5576,0.3853,0.5932,0.6748,0.5828,0.522,0.3213,0.4798,0.2607,0.5264,0.3203,0.2178,0.1602,0.3575,
1.0,0.999,0.9669,0.9659,0.9677,0.9967,0.9945,0.9906,0.9856,0.9254,0.7396,0.9288,0.9096,0.8419,0.8046,0.8554,0.6867,0.8279,0.9394,0.782,0.6116,0.9505,0.7247,0.6218,0.6046,0.6141,0.8552,0.5639,0.6246,0.7786,0.5006,0.5524,0.3848,0.5869,0.6739,0.5828,0.5251,0.3092,0.4779,0.2679,0.5286,0.304,0.201,0.1645,0.3586,
1.0,0.9992,0.9678,0.967,0.9693,0.9971,0.9954,0.9904,0.9852,0.9242,0.7414,0.9314,0.9084,0.8429,0.8044,0.856,0.6896,0.8311,0.9425,0.7849,0.6115,0.9533,0.7168,0.6229,0.6009,0.6178,0.8566,0.5753,0.6184,0.7798,0.5087,0.5602,0.3825,0.5965,0.675,0.5809,0.5205,0.3122,0.4907,0.2614,0.5376,0.3166,0.2126,0.1563,0.3594,
1.0,0.9991,0.9643,0.9634,0.9665,0.997,0.9956,0.9914,0.9866,0.9278,0.7407,0.9241,0.9116,0.842,0.8038,0.8538,0.685,0.8308,0.9452,0.781,0.6187,0.9523,0.7233,0.6228,0.5999,0.6178,0.8557,0.5754,0.62,0.7789,0.5114,0.5513,0.3929,0.5833,0.6761,0.5879,0.5215,0.3209,0.4828,0.263,0.5208,0.3149,0.2089,0.1598,0.3494,
1.0,0.999,0.965,0.964,0.9679,0.9967,0.9945,0.9917,0.9869,0.9255,0.7393,0.9265,0.9101,0.8388,0.8014,0.8527,0.6817,0.8262,0.9389,0.7792,0.6062,0.9534,0.7172,0.6137,0.6003,0.6131,0.8531,0.5665,0.612,0.7832,0.5003,0.5483,0.3781,0.5786,0.6687,0.5802,0.5116,0.3215,0.472,0.2552,0.5131,0.31,0.2075,0.1592,0.3435,
1.0,0.9987,0.9658,0.9645,0.9689,0.9974,0.9949,0.989,0.9828,0.9205,0.7309,0.9278,0.9032,0.8389,0.7987,0.8493,0.682,0.8246,0.9407,0.7798,0.6065,0.9481,0.7149,0.6182,0.6047,0.6164,0.8567,0.5685,0.6149,0.7764,0.4986,0.5506,0.3847,0.5869,0.6635,0.5766,0.5125,0.3203,0.4789,0.2528,0.5225,0.3059,0.2054,0.1582,0.3528,
1.0,0.9988,0.9699,0.9687,0.9651,0.9974,0.9955,0.9896,0.9841,0.9202,0.7206,0.9286,0.9041,0.8322,0.7942,0.8502,0.6796,0.8202,0.9404,0.7779,0.6013,0.9518,0.716,0.6121,0.5983,0.5993,0.8571,0.5622,0.6127,0.7765,0.4994,0.5463,0.3838,0.5884,0.6737,0.5732,0.5162,0.3147,0.4801,0.2494,0.5254,0.3072,0.2039,0.1595,0.3511,
1.0,0.9987,0.9662,0.9649,0.9694,0.9978,0.995,0.9885,0.9844,0.9277,0.7337,0.9279,0.9094,0.8351,0.7955,0.8571,0.6815,0.8221,0.9375,0.7885,0.6094,0.95,0.7276,0.6175,0.6076,0.6094,0.8552,0.5582,0.625,0.7805,0.5036,0.5445,0.3901,0.591,0.6793,0.5866,0.516,0.3133,0.4838,0.2657,0.5296,0.3114,0.2155,0.1644,0.3524,
1.0,0.9985,0.9656,0.9641,0.9694,0.9969,0.9946,0.9904,0.9863,0.926,0.7387,0.9263,0.9081,0.8396,0.8016,0.854,0.684,0.8282,0.943,0.7839,0.6157,0.953,0.7296,0.6268,0.6103,0.6149,0.8517,0.5671,0.6269,0.7835,0.5149,0.5532,0.3904,0.5936,0.6763,0.5937,0.5201,0.3186,0.4748,0.265,0.5161,0.3171,0.2102,0.1641,0.3497,
1.0,0.9985,0.9696,0.9681,0.9703,0.9974,0.9951,0.9906,0.9851,0.9308,0.7364,0.9337,0.9159,0.8344,0.7956,0.8659,0.6856,0.8214,0.9418,0.7955,0.6111,0.9513,0.727,0.617,0.6032,0.6149,0.8665,0.5652,0.623,0.7899,0.5101,0.5521,0.397,0.5912,0.673,0.5812,0.5183,0.3174,0.4864,0.2572,0.5326,0.3138,0.2092,0.1651,0.3547,
1.0,0.9987,0.9704,0.9691,0.9703,0.9979,0.9955,0.9906,0.9858,0.9253,0.7394,0.9341,0.9108,0.8388,0.8018,0.8612,0.6838,0.8273,0.9482,0.7811,0.6226,0.9546,0.7303,0.6378,0.6079,0.6156,0.8556,0.5648,0.6306,0.7833,0.51,0.554,0.389,0.5889,0.685,0.5905,0.5286,0.3268,0.4717,0.27,0.5307,0.3086,0.2119,0.1678,0.3507,
1.0,0.9989,0.971,0.9699,0.9699,0.9977,0.9952,0.9908,0.9858,0.9245,0.7411,0.9356,0.9105,0.8451,0.8083,0.8614,0.687,0.8327,0.9445,0.7796,0.6241,0.9524,0.7275,0.6399,0.6086,0.6196,0.8509,0.5767,0.6296,0.7855,0.5065,0.5688,0.3882,0.5861,0.6803,0.5868,0.5196,0.3205,0.4639,0.2619,0.5214,0.301,0.2057,0.1613,0.3459,
1.0,0.9986,0.9673,0.9659,0.9675,0.9971,0.9947,0.99,0.9855,0.9243,0.736,0.9286,0.9085,0.8391,0.8029,0.855,0.6828,0.8252,0.9387,0.7803,0.6055,0.9512,0.7171,0.6129,0.6002,0.6139,0.8534,0.5644,0.6177,0.7812,0.4989,0.5555,0.3804,0.5846,0.6711,0.5767,0.5137,0.3114,0.4695,0.256,0.5243,0.3027,0.2083,0.1548,0.351,
1.0,0.9985,0.9686,0.9671,0.9705,0.9979,0.9956,0.9898,0.9856,0.9242,0.7371,0.933,0.9093,0.8382,0.7998,0.8585,0.6822,0.8252,0.9458,0.7823,0.6181,0.9521,0.7288,0.6285,0.6141,0.6186,0.8555,0.5765,0.6244,0.784,0.5046,0.5563,0.3959,0.5904,0.6835,0.5866,0.5351,0.316,0.4834,0.2677,0.5278,0.3079,0.2059,0.1774,0.3519,
1.0,0.9996,0.9672,0.9668,0.9685,0.9966,0.9958,0.9918,0.9859,0.9222,0.7339,0.9297,0.9059,0.8381,0.8025,0.8535,0.6893,0.8263,0.9432,0.7852,0.6052,0.9517,0.7136,0.6153,0.599,0.6098,0.858,0.5631,0.6118,0.7818,0.5023,0.5484,0.3795,0.5848,0.676,0.5677,0.5228,0.3063,0.4834,0.2565,0.5261,0.31,0.2063,0.1557,0.3647,
1.0,0.999,0.9696,0.9686,0.9703,0.9976,0.9958,0.9892,0.9845,0.927,0.7366,0.9326,0.9094,0.8354,0.7961,0.8598,0.6849,0.8229,0.9414,0.7884,0.6047,0.9535,0.7204,0.615,0.5995,0.6107,0.8597,0.5623,0.614,0.7846,0.5145,0.5391,0.3912,0.5869,0.6693,0.5768,0.5269,0.3164,0.483,0.2575,0.5295,0.3161,0.2103,0.1695,0.3485,
1.0,0.9995,0.9666,0.9661,0.9691,0.997,0.9957,0.9912,0.9845,0.9222,0.7377,0.9287,0.9046,0.8428,0.802,0.8525,0.6886,0.8283,0.946,0.7817,0.6186,0.9502,0.7226,0.6305,0.6098,0.6216,0.8586,0.5754,0.6187,0.7791,0.5029,0.5544,0.3898,0.5791,0.6669,0.5828,0.5245,0.3259,0.4794,0.2614,0.5188,0.3092,0.2059,0.1645,0.3541,
1.0,0.9985,0.9685,0.967,0.9669,0.9973,0.9948,0.9908,0.9856,0.9231,0.7296,0.9292,0.9087,0.8347,0.7975,0.854,0.6872,0.8227,0.9433,0.7837,0.6061,0.9513,0.719,0.6192,0.5978,0.609,0.8608,0.5719,0.6167,0.7815,0.5001,0.5543,0.3824,0.591,0.6748,0.577,0.5279,0.3102,0.476,0.2593,0.5265,0.3047,0.2063,0.1624,0.3473,
1.0,0.9992,0.9666,0.9658,0.9714,0.9977,0.9955,0.9898,0.9855,0.9248,0.7373,0.9309,0.9077,0.8372,0.7979,0.8575,0.6893,0.8242,0.9434,0.7899,0.6121,0.9519,0.7232,0.626,0.6057,0.6109,0.8604,0.5676,0.6226,0.7822,0.5129,0.5435,0.3866,0.5905,0.6751,0.5865,0.5222,0.3116,0.4853,0.2572,0.5261,0.3163,0.2174,0.1556,0.3544,
1.0,0.9987,0.9689,0.9676,0.9678,0.9967,0.9943,0.9911,0.9845,0.9245,0.7257,0.9304,0.9091,0.8277,0.7892,0.8561,0.6767,0.8127,0.9383,0.7866,0.6009,0.9551,0.7207,0.6087,0.6013,0.6044,0.8585,0.5573,0.6153,0.7785,0.4984,0.534,0.3812,0.5806,0.6671,0.5835,0.528,0.3087,0.4824,0.2532,0.521,0.3075,0.1988,0.1699,0.3457,
1.0,0.9992,0.9712,0.9704,0.9694,0.9972,0.9951,0.99,0.9846,0.9239,0.7328,0.9338,0.9066,0.8374,0.7983,0.8586,0.6847,0.8232,0.9384,0.7837,0.6093,0.9501,0.7238,0.6244,0.6097,0.6083,0.8579,0.5634,0.6253,0.7769,0.4973,0.5461,0.3948,0.5994,0.6773,0.582,0.5137,0.3127,0.484,0.2646,0.5314,0.3077,0.2073,0.1614,0.3476,
1.0,0.9992,0.9675,0.9667,0.9696,0.9969,0.9952,0.9915,0.9862,0.9203,0.7361,0.9314,0.905,0.8411,0.8043,0.8526,0.6862,0.8278,0.9417,0.7767,0.6086,0.9527,0.7189,0.6245,0.6077,0.6108,0.858,0.5636,0.6172,0.7796,0.4954,0.5511,0.3811,0.5937,0.679,0.5806,0.5178,0.3152,0.4844,0.2583,0.5239,0.3025,0.2036,0.1604,0.3562,
1.0,0.999,0.969,0.968,0.971,0.9969,0.9949,0.9908,0.9855,0.9246,0.742,0.9339,0.9082,0.8418,0.806,0.8593,0.6935,0.8291,0.9439,0.7895,0.6124,0.9553,0.723,0.6224,0.6046,0.6221,0.863,0.5726,0.6157,0.7866,0.5108,0.5523,0.3942,0.5953,0.6778,0.5824,0.5356,0.3221,0.4835,0.2601,0.5251,0.3247,0.2172,0.1626,0.3617,
1.0,0.999,0.9675,0.9665,0.9681,0.9978,0.9961,0.9895,0.9849,0.925,0.7411,0.929,0.9084,0.8457,0.8082,0.8551,0.6945,0.834,0.9424,0.7865,0.6179,0.9542,0.7248,0.6273,0.6066,0.6233,0.8571,0.5781,0.6183,0.7817,0.5093,0.558,0.385,0.5832,0.6721,0.5836,0.5285,0.3195,0.4709,0.2684,0.5247,0.3086,0.2069,0.1652,0.3542,
1.0,0.999,0.9668,0.9658,0.9689,0.9982,0.9958,0.9905,0.9852,0.9239,0.7388,0.9283,0.9083,0.8416,0.8026,0.8546,0.6874,0.8285,0.9422,0.7806,0.616,0.9542,0.7256,0.6269,0.6125,0.6177,0.859,0.5702,0.6241,0.7807,0.503,0.5501,0.389,0.5894,0.6742,0.5868,0.5257,0.3167,0.4816,0.2672,0.5193,0.3126,0.2091,0.1634,0.3546,
1.0,0.999,0.968,0.967,0.9705,0.9973,0.9953,0.9902,0.9844,0.9245,0.746,0.9321,0.9078,0.8484,0.8114,0.8588,0.6922,0.835,0.9401,0.786,0.6203,0.9542,0.7274,0.6322,0.603,0.6204,0.8557,0.5717,0.6218,0.7853,0.5106,0.5584,0.3918,0.5895,0.676,0.5873,0.5145,0.3138,0.4808,0.2639,0.5222,0.3204,0.2102,0.1619,0.3647,
1.0,0.9986,0.9692,0.9678,0.9696,0.9975,0.9951,0.9897,0.9841,0.9211,0.7347,0.9329,0.906,0.8411,0.8032,0.8558,0.6843,0.8274,0.9408,0.7806,0.6089,0.9536,0.7161,0.623,0.6016,0.6111,0.8546,0.5666,0.6215,0.7791,0.4985,0.5551,0.3826,0.5936,0.6771,0.5794,0.5286,0.3121,0.4754,0.2609,0.5217,0.3091,0.2081,0.1621,0.3587,
1.0,0.9991,0.9703,0.9694,0.9728,0.997,0.9945,0.9891,0.9852,0.9253,0.7472,0.9363,0.9073,0.8444,0.8059,0.8623,0.6956,0.8322,0.9418,0.7887,0.6166,0.9536,0.7243,0.6314,0.6055,0.6213,0.8547,0.5743,0.6228,0.7872,0.5077,0.5604,0.3867,0.5985,0.6868,0.5808,0.5176,0.3144,0.4816,0.2631,0.5272,0.3139,0.2055,0.1675,0.3648,
1.0,0.9989,0.9697,0.9686,0.9724,0.9968,0.9947,0.9916,0.9869,0.9185,0.7378,0.9362,0.9039,0.8421,0.8054,0.8552,0.6893,0.8305,0.9405,0.7801,0.6118,0.955,0.7226,0.6304,0.6204,0.6137,0.8582,0.5755,0.6259,0.7848,0.5045,0.5584,0.3996,0.5997,0.6825,0.5911,0.5274,0.3245,0.4822,0.2657,0.5192,0.3182,0.2097,0.1676,0.3614,
1.0,0.9993,0.966,0.9653,0.9699,0.9972,0.9953,0.9914,0.9861,0.9252,0.743,0.9285,0.9073,0.8446,0.803,0.8544,0.6844,0.8311,0.9364,0.7768,0.6196,0.9536,0.7274,0.6287,0.6105,0.612,0.8488,0.5593,0.6232,0.7747,0.4952,0.5433,0.3855,0.582,0.6683,0.5846,0.5128,0.3042,0.463,0.2646,0.5091,0.3046,0.202,0.157,0.351,
1.0,0.9991,0.9676,0.9667,0.9696,0.9972,0.9951,0.9918,0.9868,0.9244,0.7349,0.9322,0.911,0.836,0.7984,0.857,0.6815,0.8234,0.9391,0.7827,0.6083,0.9564,0.7288,0.6202,0.6084,0.6085,0.8584,0.5601,0.627,0.7784,0.5009,0.5465,0.3904,0.5972,0.6729,0.586,0.516,0.3133,0.4798,0.2599,0.52,0.3142,0.2058,0.1615,0.3594,
1.0,0.9983,0.9678,0.9661,0.9688,0.998,0.9954,0.9922,0.9875,0.9308,0.7431,0.9308,0.9189,0.8385,0.8051,0.8628,0.6859,0.8248,0.9394,0.7871,0.6173,0.9531,0.7316,0.6208,0.5982,0.6125,0.86,0.5641,0.6218,0.7947,0.4995,0.5431,0.3789,0.578,0.6741,0.581,0.5207,0.3105,0.4755,0.2614,0.5229,0.3062,0.2029,0.1624,0.3461,
1.0,0.9986,0.9684,0.967,0.9708,0.997,0.9951,0.9889,0.9837,0.9238,0.7342,0.9309,0.9054,0.8377,0.7974,0.8561,0.6784,0.8259,0.9426,0.7812,0.6068,0.9542,0.7212,0.6195,0.6113,0.618,0.8508,0.5649,0.6205,0.7816,0.5058,0.5576,0.3927,0.5987,0.6798,0.5875,0.5213,0.3078,0.4909,0.2601,0.5233,0.3177,0.2098,0.1677,0.3627,
1.0,0.9989,0.9673,0.9662,0.9689,0.998,0.9957,0.9915,0.9857,0.9254,0.7344,0.9304,0.9108,0.8365,0.7983,0.8576,0.6822,0.8219,0.9382,0.7837,0.6112,0.9559,0.7287,0.6202,0.6077,0.6072,0.8564,0.5595,0.6303,0.7793,0.5017,0.5452,0.3809,0.5911,0.6776,0.5902,0.5182,0.3193,0.4772,0.2672,0.5308,0.3091,0.2046,0.1621,0.357,
1.0,0.9991,0.9666,0.9657,0.9709,0.9977,0.9957,0.9896,0.9855,0.9245,0.7355,0.9318,0.9084,0.8346,0.7989,0.8572,0.6802,0.8235,0.9418,0.7836,0.6113,0.9549,0.7309,0.6206,0.6052,0.6108,0.8546,0.5564,0.6196,0.7845,0.5072,0.541,0.39,0.591,0.6748,0.5842,0.5271,0.3051,0.4752,0.2565,0.5208,0.3146,0.2037,0.1646,0.3493,
1.0,0.9993,0.9669,0.9662,0.9689,0.9981,0.996,0.9921,0.9887,0.9264,0.7409,0.9299,0.9126,0.8397,0.8052,0.8573,0.6889,0.8283,0.9425,0.7824,0.6183,0.9549,0.7263,0.6292,0.6033,0.6165,0.8554,0.5662,0.6251,0.7809,0.5051,0.5537,0.3879,0.5847,0.6797,0.5932,0.5202,0.3114,0.471,0.2637,0.5227,0.304,0.2115,0.1607,0.3507,
1.0,0.9987,0.9692,0.9679,0.9694,0.9973,0.9953,0.9903,0.9855,0.9267,0.7418,0.9328,0.9119,0.844,0.8079,0.862,0.6894,0.8328,0.9428,0.7866,0.6176,0.9528,0.722,0.6271,0.6104,0.6261,0.8547,0.5785,0.6266,0.7868,0.5109,0.5627,0.3936,0.5966,0.6813,0.5877,0.5175,0.3226,0.4836,0.2661,0.5264,0.3175,0.2137,0.1605,0.3639,
1.0,0.9991,0.9685,0.9676,0.967,0.9975,0.9956,0.9903,0.9852,0.9274,0.7416,0.9297,0.9116,0.8433,0.8063,0.8587,0.6863,0.831,0.9395,0.7791,0.6186,0.9535,0.7298,0.6254,0.6092,0.6206,0.854,0.5643,0.6269,0.7854,0.5072,0.555,0.3874,0.589,0.678,0.5902,0.5161,0.3197,0.4739,0.2634,0.5196,0.3176,0.2127,0.1595,0.3583,
1.0,0.9992,0.9687,0.9679,0.9689,0.9975,0.9959,0.9913,0.9854,0.9231,0.7361,0.9311,0.9082,0.8409,0.8035,0.855,0.6854,0.8276,0.9409,0.7826,0.6074,0.952,0.7205,0.6224,0.6021,0.6143,0.8553,0.568,0.6168,0.7827,0.4974,0.5591,0.3865,0.5853,0.6746,0.5784,0.512,0.3163,0.4776,0.2536,0.5234,0.3061,0.2056,0.1581,0.353,
1.0,0.9991,0.9666,0.9657,0.9712,0.9976,0.9956,0.9896,0.9847,0.9232,0.74,0.9326,0.9076,0.8431,0.8071,0.8574,0.6895,0.8295,0.9376,0.7863,0.6077,0.9505,0.7199,0.6219,0.6077,0.6176,0.8556,0.5688,0.6246,0.7799,0.5004,0.5548,0.3907,0.5923,0.6732,0.5801,0.519,0.3119,0.483,0.2657,0.5308,0.3099,0.207,0.1659,0.3584,
1.0,0.9985,0.9684,0.9669,0.9712,0.9976,0.9945,0.99,0.9856,0.9231,0.7381,0.9329,0.9079,0.8373,0.8005,0.8585,0.69,0.8231,0.9419,0.7912,0.6099,0.954,0.7228,0.6221,0.6169,0.6191,0.8674,0.5791,0.624,0.7908,0.5089,0.5584,0.3932,0.6045,0.681,0.5889,0.5361,0.3187,0.4935,0.2714,0.5281,0.3199,0.2125,0.1676,0.3623,
1.0,0.999,0.967,0.966,0.9699,0.9976,0.9957,0.9921,0.986,0.9234,0.7315,0.9298,0.9081,0.8335,0.7943,0.8545,0.677,0.819,0.9396,0.7779,0.6031,0.9556,0.7163,0.612,0.6046,0.6064,0.8583,0.5613,0.617,0.7864,0.5112,0.5494,0.3887,0.5959,0.6805,0.5855,0.5175,0.3225,0.4842,0.2545,0.5288,0.3218,0.2094,0.1666,0.3536,
1.0,0.9988,0.9685,0.9673,0.9714,0.9984,0.9961,0.9894,0.985,0.921,0.7367,0.9322,0.9041,0.8397,0.8015,0.8544,0.6898,0.8262,0.9386,0.7845,0.6041,0.9531,0.7201,0.6209,0.6134,0.6135,0.8597,0.569,0.6197,0.7858,0.5079,0.5497,0.3919,0.5911,0.6742,0.5797,0.5192,0.3183,0.4813,0.2643,0.5228,0.3197,0.212,0.1608,0.3571,
1.0,0.9993,0.9697,0.969,0.97,0.9975,0.9958,0.9903,0.9838,0.9219,0.728,0.9341,0.9059,0.8327,0.7918,0.8564,0.67,0.8174,0.9378,0.7727,0.5975,0.953,0.7152,0.6124,0.6045,0.606,0.8469,0.5545,0.6125,0.7758,0.5028,0.5465,0.3909,0.5913,0.678,0.575,0.5139,0.3131,0.4726,0.2469,0.5219,0.308,0.2066,0.162,0.3438,
1.0,0.9989,0.969,0.9679,0.9714,0.9975,0.9951,0.9915,0.9858,0.9256,0.7434,0.9332,0.9096,0.8448,0.8061,0.8584,0.6967,0.8308,0.9375,0.7877,0.6137,0.9529,0.7246,0.6283,0.6099,0.6165,0.8624,0.5717,0.6225,0.7884,0.4979,0.5526,0.3888,0.5909,0.6685,0.5807,0.5144,0.3122,0.4817,0.2616,0.5211,0.3031,0.2041,0.1583,0.3513,
1.0,0.9991,0.9685,0.9676,0.9711,0.9982,0.9966,0.9908,0.9869,0.9232,0.7393,0.9333,0.9079,0.8395,0.8019,0.8575,0.6867,0.8274,0.9393,0.7803,0.6055,0.9522,0.7203,0.6204,0.6091,0.6116,0.858,0.5631,0.6226,0.7807,0.498,0.5472,0.39,0.5988,0.675,0.5831,0.515,0.3112,0.485,0.2578,0.524,0.3134,0.2049,0.1629,0.3602,
1.0,0.9986,0.9684,0.967,0.9681,0.9969,0.9942,0.9897,0.9837,0.9305,0.7433,0.9303,0.9142,0.8434,0.8025,0.8623,0.684,0.8298,0.9431,0.7836,0.6251,0.9498,0.7305,0.6306,0.6053,0.6248,0.8522,0.5761,0.6303,0.7844,0.5089,0.5582,0.3869,0.5875,0.6742,0.5919,0.5212,0.32,0.4722,0.2692,0.5242,0.3155,0.2099,0.1671,0.344,
1.0,0.9992,0.9671,0.9663,0.9697,0.9972,0.9955,0.9917,0.9854,0.9228,0.7335,0.9303,0.9077,0.837,0.7972,0.8547,0.6771,0.8234,0.942,0.7767,0.6109,0.9533,0.7219,0.6225,0.6074,0.6071,0.8551,0.5641,0.6158,0.7833,0.5029,0.5473,0.3871,0.587,0.6797,0.5814,0.5187,0.3137,0.4811,0.2542,0.5177,0.3129,0.2035,0.1614,0.3529,
1.0,0.9984,0.9682,0.9666,0.9672,0.9974,0.9952,0.9896,0.9831,0.9226,0.728,0.9285,0.9062,0.8355,0.7946,0.8533,0.6837,0.8233,0.9386,0.783,0.607,0.9543,0.7186,0.6156,0.5993,0.6035,0.8602,0.5612,0.6166,0.7739,0.5032,0.5454,0.3864,0.5968,0.6793,0.5761,0.5204,0.3162,0.4808,0.2538,0.5291,0.3126,0.209,0.1548,0.354,
1.0,0.9985,0.9688,0.9673,0.9696,0.9978,0.9953,0.9904,0.9854,0.9216,0.74,0.9315,0.9063,0.848,0.81,0.8544,0.6886,0.8342,0.9403,0.775,0.6118,0.9535,0.7203,0.6277,0.609,0.6208,0.8503,0.5776,0.6141,0.7802,0.5057,0.5614,0.3927,0.5885,0.6749,0.5792,0.5164,0.3281,0.4708,0.2553,0.5178,0.311,0.2071,0.1648,0.3562,
1.0,0.9986,0.9646,0.9632,0.9691,0.9978,0.9953,0.9902,0.984,0.9185,0.7301,0.9272,0.9028,0.8396,0.8019,0.8476,0.681,0.825,0.9372,0.7782,0.6055,0.9527,0.7156,0.6184,0.5995,0.6131,0.853,0.5683,0.6113,0.7755,0.5011,0.553,0.3849,0.5828,0.6771,0.5737,0.5123,0.316,0.4742,0.2551,0.5257,0.3074,0.2084,0.1621,0.3487,
1.0,0.9991,0.965,0.9641,0.9694,0.9975,0.9951,0.9901,0.9858,0.9215,0.7343,0.9281,0.9048,0.8373,0.7978,0.8496,0.6804,0.8241,0.9405,0.78,0.6099,0.9512,0.7219,0.6209,0.6099,0.6134,0.8575,0.5619,0.6178,0.7722,0.4892,0.5454,0.3878,0.5868,0.672,0.5847,0.5189,0.3093,0.4788,0.2572,0.5234,0.3,0.2016,0.1656,0.3544,
1.0,0.9992,0.9676,0.9668,0.9702,0.9976,0.9958,0.9917,0.9849,0.9212,0.7374,0.9328,0.9079,0.8424,0.8044,0.8549,0.6881,0.8279,0.9378,0.7831,0.6162,0.9533,0.7237,0.6295,0.6108,0.6122,0.8596,0.5661,0.6235,0.7771,0.5071,0.5471,0.3959,0.5886,0.6685,0.5866,0.5232,0.321,0.4778,0.2657,0.5315,0.3088,0.2048,0.1593,0.3554,
1.0,0.9984,0.9659,0.9643,0.9696,0.9971,0.9945,0.9902,0.9847,0.922,0.7414,0.9278,0.9058,0.8438,0.8035,0.8517,0.6867,0.8307,0.9405,0.7801,0.6151,0.9544,0.7215,0.626,0.6057,0.6121,0.8566,0.5712,0.6225,0.7784,0.5089,0.5482,0.3875,0.5968,0.6781,0.5847,0.5243,0.3157,0.4784,0.2606,0.5213,0.3155,0.2091,0.1576,0.3643,
1.0,0.9985,0.9693,0.9678,0.9665,0.9977,0.9954,0.9904,0.9849,0.9284,0.7355,0.9291,0.913,0.8379,0.8001,0.8586,0.689,0.824,0.9406,0.7888,0.6087,0.9541,0.7208,0.6188,0.5959,0.6123,0.8599,0.5691,0.622,0.7831,0.5089,0.5502,0.3803,0.5905,0.6761,0.5825,0.5301,0.3168,0.4824,0.2679,0.5265,0.3131,0.206,0.1622,0.359,
1.0,0.9991,0.9646,0.9637,0.9735,0.9972,0.9958,0.9922,0.9854,0.9269,0.7419,0.9326,0.9132,0.8382,0.8017,0.861,0.6821,0.823,0.9403,0.7892,0.6151,0.9568,0.7298,0.6228,0.6147,0.6206,0.8577,0.5692,0.6261,0.7933,0.5132,0.5528,0.3939,0.594,0.679,0.5945,0.5262,0.3224,0.4877,0.2665,0.5246,0.3224,0.2087,0.1677,0.3638,
1.0,0.9988,0.9692,0.968,0.9658,0.9971,0.9951,0.9911,0.9861,0.9232,0.7335,0.9285,0.9079,0.8415,0.8058,0.8536,0.6923,0.8288,0.9402,0.7821,0.6085,0.9502,0.7199,0.621,0.5972,0.6091,0.8588,0.5685,0.6202,0.7765,0.4979,0.5524,0.3872,0.5909,0.6774,0.5768,0.5199,0.315,0.4771,0.2604,0.5272,0.3103,0.2075,0.1579,0.358,
1.0,0.9988,0.9683,0.9671,0.9722,0.9975,0.9956,0.9915,0.9868,0.923,0.7355,0.9329,0.9074,0.837,0.7988,0.8577,0.6784,0.8251,0.9409,0.7777,0.6066,0.9523,0.7203,0.6218,0.6134,0.6149,0.8533,0.565,0.6165,0.7825,0.5038,0.5517,0.3976,0.5908,0.6802,0.5819,0.5226,0.318,0.4781,0.2528,0.52,0.3195,0.2075,0.1662,0.3513,
1.0,0.999,0.9659,0.9649,0.9705,0.9977,0.996,0.9902,0.9853,0.927,0.7383,0.9304,0.9113,0.8368,0.7987,0.8584,0.6802,0.8229,0.9366,0.7862,0.6125,0.9517,0.7331,0.6228,0.6101,0.6104,0.8561,0.5556,0.6282,0.7831,0.4972,0.5427,0.3849,0.5956,0.682,0.5897,0.522,0.2999,0.4787,0.2695,0.5292,0.3116,0.2086,0.1655,0.3533,
1.0,0.9985,0.9685,0.967,0.9698,0.9982,0.9959,0.991,0.9834,0.9202,0.737,0.9299,0.9048,0.846,0.805,0.8515,0.6928,0.832,0.9411,0.7794,0.6119,0.9577,0.7201,0.6297,0.6034,0.6189,0.8594,0.5737,0.6121,0.7795,0.4961,0.5587,0.3882,0.592,0.6771,0.5782,0.5191,0.3171,0.484,0.2556,0.5257,0.3063,0.2046,0.16,0.3609,
1.0,0.9991,0.9674,0.9665,0.9695,0.9971,0.9947,0.9916,0.9877,0.9263,0.7386,0.93,0.9105,0.8353,0.7984,0.8585,0.6809,0.8235,0.943,0.7833,0.6067,0.9525,0.7209,0.6153,0.6009,0.6113,0.8574,0.5608,0.6198,0.7842,0.5043,0.5458,0.3855,0.5865,0.6705,0.583,0.5187,0.3142,0.4713,0.2591,0.5222,0.3073,0.2062,0.1601,0.3474,
1.0,0.9986,0.9662,0.9648,0.969,0.9971,0.9942,0.989,0.9847,0.9265,0.7351,0.928,0.9085,0.8385,0.8006,0.8557,0.6819,0.8253,0.9407,0.7838,0.6064,0.9509,0.7219,0.6178,0.6069,0.6208,0.8514,0.5672,0.6173,0.7794,0.5092,0.5526,0.3903,0.5824,0.6744,0.5815,0.5184,0.3146,0.4729,0.2589,0.517,0.3133,0.2069,0.1607,0.3521,
1.0,0.999,0.9693,0.9683,0.9714,0.997,0.9951,0.9902,0.984,0.9207,0.7365,0.935,0.905,0.8409,0.8047,0.8589,0.6938,0.8267,0.9373,0.79,0.6117,0.953,0.7236,0.6274,0.6143,0.6119,0.8622,0.5702,0.6223,0.7821,0.5008,0.5451,0.3917,0.5878,0.6683,0.5767,0.5254,0.3071,0.4835,0.2618,0.523,0.3123,0.1966,0.1629,0.3559,
1.0,0.9987,0.9648,0.9635,0.969,0.9974,0.9947,0.9892,0.9826,0.9225,0.7413,0.9277,0.9067,0.8481,0.8085,0.8524,0.6855,0.8322,0.9387,0.7804,0.6136,0.9503,0.7159,0.623,0.5977,0.6213,0.8501,0.5723,0.6129,0.7767,0.4951,0.5542,0.3735,0.5778,0.6661,0.5762,0.5104,0.313,0.4718,0.2514,0.5186,0.3031,0.1951,0.1593,0.3453,
1.0,0.9985,0.9699,0.9684,0.9717,0.9972,0.9945,0.9902,0.986,0.9235,0.7366,0.9338,0.9061,0.8377,0.7983,0.8579,0.6831,0.8254,0.942,0.7818,0.6032,0.9518,0.7142,0.6189,0.6048,0.6119,0.8542,0.5677,0.6181,0.7832,0.5083,0.5574,0.3876,0.5923,0.6801,0.5782,0.5164,0.3143,0.4846,0.2568,0.5338,0.3144,0.2098,0.1658,0.3523,
1.0,0.9983,0.966,0.9643,0.9696,0.997,0.994,0.9916,0.9856,0.9226,0.7337,0.9289,0.9082,0.8377,0.8003,0.852,0.6835,0.825,0.9424,0.7812,0.6109,0.9558,0.7235,0.621,0.6079,0.6146,0.8611,0.5694,0.6132,0.781,0.4964,0.5517,0.3902,0.5937,0.6768,0.5837,0.5264,0.3198,0.4874,0.2578,0.5245,0.3132,0.203,0.1706,0.3615,
1.0,0.9989,0.9674,0.9663,0.9681,0.9972,0.995,0.9907,0.9851,0.9274,0.7347,0.9291,0.9118,0.8368,0.7972,0.8572,0.6817,0.8219,0.9373,0.7828,0.608,0.953,0.7266,0.6147,0.6056,0.6089,0.8573,0.5624,0.6233,0.7802,0.5048,0.5451,0.3897,0.5858,0.682,0.5843,0.5118,0.3111,0.4759,0.2493,0.5234,0.3118,0.2119,0.1525,0.3494,
1.0,0.9992,0.9692,0.9684,0.9687,0.9974,0.9955,0.991,0.9849,0.9231,0.7351,0.9322,0.9075,0.8388,0.8005,0.8563,0.6831,0.8251,0.9404,0.7805,0.609,0.9525,0.7142,0.6191,0.6003,0.612,0.854,0.5666,0.6183,0.777,0.4925,0.5534,0.3837,0.6005,0.6821,0.5819,0.52,0.3117,0.4806,0.2591,0.5297,0.305,0.2114,0.1626,0.3596,
1.0,0.9986,0.9646,0.9632,0.9706,0.997,0.9946,0.9891,0.9831,0.9247,0.7375,0.9285,0.9075,0.8409,0.7988,0.8537,0.6787,0.8268,0.936,0.7798,0.6135,0.9523,0.7282,0.623,0.6092,0.6127,0.8537,0.5567,0.6229,0.7754,0.499,0.5441,0.3912,0.5908,0.6691,0.5799,0.5189,0.311,0.4784,0.2652,0.5259,0.3029,0.206,0.1646,0.3534,
1.0,0.9994,0.9673,0.9667,0.9683,0.9973,0.9956,0.9917,0.9868,0.9252,0.744,0.93,0.9107,0.8474,0.8137,0.8561,0.6928,0.8335,0.9387,0.7827,0.6184,0.9506,0.7252,0.6264,0.6048,0.618,0.8586,0.5679,0.6228,0.785,0.5044,0.5495,0.3923,0.5891,0.6653,0.5787,0.5185,0.3097,0.4804,0.2673,0.5247,0.315,0.2053,0.1595,0.3609,
1.0,0.9989,0.9668,0.9657,0.965,0.9963,0.994,0.9909,0.9856,0.9249,0.7307,0.9249,0.908,0.8364,0.7996,0.852,0.6796,0.8233,0.9455,0.7787,0.6161,0.9509,0.723,0.6248,0.6027,0.6134,0.855,0.5661,0.6165,0.7778,0.5081,0.5452,0.3876,0.5838,0.6705,0.5878,0.5272,0.3129,0.4795,0.2592,0.5168,0.3176,0.2098,0.1661,0.3554,
1.0,0.9985,0.9692,0.9677,0.9699,0.9975,0.9947,0.9885,0.9839,0.9223,0.7344,0.9318,0.9051,0.838,0.7958,0.855,0.6742,0.8235,0.9392,0.7732,0.6099,0.9482,0.72,0.6235,0.6003,0.6062,0.849,0.5579,0.6193,0.7788,0.5064,0.5467,0.3949,0.5896,0.6723,0.5767,0.5092,0.3148,0.4733,0.2497,0.5218,0.3111,0.209,0.1568,0.3471,
1.0,0.9989,0.969,0.9679,0.9707,0.998,0.9958,0.9912,0.9843,0.9268,0.7357,0.9325,0.9118,0.8334,0.7921,0.8601,0.6798,0.8205,0.9387,0.7855,0.6087,0.9565,0.7293,0.6206,0.6126,0.6128,0.8611,0.5636,0.6216,0.7868,0.5003,0.5464,0.389,0.5955,0.6733,0.5802,0.5151,0.3102,0.4891,0.2566,0.5274,0.3151,0.2041,0.1628,0.3543,
1.0,0.9982,0.9698,0.968,0.9685,0.9979,0.9952,0.9901,0.9842,0.9188,0.7355,0.9306,0.9032,0.8456,0.8052,0.8506,0.6914,0.8314,0.9407,0.7772,0.6119,0.9519,0.7117,0.6281,0.6031,0.6118,0.8578,0.5697,0.6156,0.7748,0.4973,0.5553,0.3883,0.5968,0.6749,0.5745,0.515,0.3208,0.482,0.2537,0.5291,0.3066,0.2048,0.166,0.3615,
1.0,0.9981,0.9689,0.967,0.9733,0.9963,0.993,0.9884,0.9845,0.9219,0.7431,0.9348,0.9034,0.8473,0.8094,0.8584,0.6908,0.8337,0.9405,0.7848,0.6141,0.9485,0.715,0.6293,0.6075,0.6231,0.8513,0.5714,0.6169,0.7795,0.5053,0.5575,0.3939,0.5937,0.678,0.5767,0.521,0.3155,0.4763,0.2628,0.5256,0.3075,0.2051,0.1624,0.3567,
1.0,0.9993,0.9675,0.9668,0.9691,0.9977,0.9958,0.9907,0.9847,0.9229,0.734,0.931,0.9073,0.8386,0.8002,0.8561,0.6826,0.8243,0.9375,0.7799,0.6036,0.9541,0.7248,0.6159,0.6011,0.6112,0.858,0.5659,0.6147,0.7829,0.5103,0.5498,0.3935,0.5839,0.6682,0.5743,0.5189,0.3261,0.4789,0.256,0.5249,0.3148,0.2092,0.1592,0.3489,
1.0,0.9992,0.9645,0.9637,0.9714,0.9977,0.996,0.9915,0.9843,0.9229,0.7366,0.9302,0.9084,0.8385,0.8002,0.8543,0.6861,0.8233,0.938,0.7867,0.6082,0.9511,0.7216,0.6199,0.6078,0.6124,0.8622,0.57,0.6206,0.7855,0.5072,0.5493,0.3891,0.5883,0.6673,0.5842,0.5247,0.3183,0.4801,0.2664,0.523,0.3182,0.2037,0.1619,0.3544,
1.0,0.9987,0.9694,0.9681,0.9698,0.9979,0.9954,0.9891,0.9835,0.9267,0.731,0.9331,0.9103,0.8335,0.7942,0.8609,0.6746,0.8212,0.9426,0.7816,0.6129,0.9554,0.7254,0.6221,0.6077,0.615,0.8483,0.5628,0.6254,0.7789,0.5041,0.5512,0.3896,0.5952,0.678,0.5843,0.5151,0.3133,0.4836,0.2544,0.5262,0.3067,0.2041,0.1664,0.3465,
1.0,0.9988,0.9692,0.968,0.9674,0.9975,0.9955,0.9892,0.9822,0.927,0.7389,0.9301,0.9107,0.8439,0.8029,0.8585,0.689,0.8302,0.9407,0.7835,0.6156,0.9531,0.7236,0.6276,0.6122,0.6243,0.855,0.5795,0.6294,0.7836,0.4992,0.5656,0.3871,0.5927,0.6756,0.5902,0.5239,0.3156,0.4816,0.266,0.5272,0.3097,0.2013,0.1636,0.3563,
1.0,0.9989,0.9668,0.9657,0.9696,0.9975,0.9959,0.9893,0.9847,0.9233,0.7329,0.9296,0.9062,0.8362,0.7971,0.8531,0.6758,0.824,0.9396,0.7767,0.5938,0.9516,0.7139,0.6057,0.5953,0.6081,0.8495,0.5566,0.6153,0.7835,0.5034,0.5488,0.3791,0.5953,0.6779,0.5727,0.5238,0.3078,0.4812,0.2555,0.523,0.3058,0.2151,0.1605,0.3584,
1.0,0.9989,0.9675,0.9664,0.9687,0.9975,0.9952,0.9913,0.9863,0.9234,0.7408,0.929,0.9073,0.8433,0.8054,0.854,0.6862,0.8296,0.9409,0.778,0.6111,0.9555,0.7232,0.6207,0.6117,0.6197,0.858,0.5729,0.6213,0.787,0.5046,0.5577,0.3883,0.5974,0.6807,0.5812,0.5169,0.318,0.4818,0.257,0.5287,0.3118,0.2043,0.1617,0.3606,
1.0,0.9987,0.9691,0.9678,0.971,0.9966,0.9941,0.9908,0.9867,0.9257,0.7399,0.9336,0.9094,0.8379,0.8007,0.8599,0.6848,0.8262,0.9415,0.7855,0.6068,0.9508,0.7203,0.6184,0.5987,0.6115,0.858,0.5589,0.611,0.7851,0.4988,0.5418,0.3827,0.5877,0.6714,0.5757,0.5209,0.3111,0.4735,0.2533,0.5209,0.3052,0.2063,0.1552,0.3517,
1.0,0.9989,0.9648,0.9637,0.9712,0.9967,0.9951,0.991,0.9861,0.924,0.7382,0.9299,0.9078,0.8386,0.8021,0.8554,0.6825,0.8271,0.9483,0.7836,0.619,0.9548,0.729,0.6295,0.609,0.6189,0.8568,0.5732,0.6234,0.7865,0.5088,0.553,0.3899,0.5852,0.6708,0.5914,0.5267,0.3166,0.4813,0.2592,0.5198,0.3122,0.1995,0.1672,0.3549,
1.0,0.9986,0.9704,0.969,0.9713,0.9975,0.995,0.9907,0.9841,0.9201,0.7297,0.9351,0.905,0.8346,0.7942,0.8566,0.6794,0.8217,0.9397,0.7772,0.6075,0.9554,0.72,0.6238,0.606,0.6061,0.857,0.5638,0.6167,0.7785,0.5047,0.5469,0.3951,0.5885,0.6725,0.5699,0.5171,0.3155,0.4768,0.2541,0.5217,0.3069,0.2145,0.161,0.3525,
1.0,0.9989,0.9657,0.9646,0.9687,0.9976,0.9959,0.9909,0.9842,0.9224,0.7284,0.93,0.9089,0.8334,0.7968,0.8546,0.6814,0.8192,0.9386,0.7856,0.6061,0.9534,0.7243,0.6171,0.6055,0.6083,0.8622,0.5685,0.6226,0.7858,0.5058,0.5532,0.3892,0.5917,0.675,0.582,0.5183,0.3091,0.4846,0.258,0.5323,0.3123,0.2066,0.1583,0.3559,
1.0,0.9985,0.9677,0.9662,0.9692,0.9977,0.9953,0.9905,0.9861,0.926,0.7382,0.9314,0.912,0.8401,0.8036,0.8593,0.6859,0.829,0.9427,0.7831,0.6082,0.9557,0.7222,0.6151,0.6038,0.6137,0.8584,0.5633,0.6214,0.7824,0.5036,0.5537,0.3849,0.6007,0.6834,0.5814,0.5208,0.3184,0.4862,0.2657,0.5304,0.3122,0.2078,0.1589,0.3628,
1.0,0.9982,0.9662,0.9644,0.9706,0.9963,0.9934,0.9891,0.9853,0.923,0.7347,0.9295,0.9056,0.8363,0.797,0.8532,0.6837,0.8248,0.9428,0.784,0.6069,0.9507,0.7205,0.6181,0.6037,0.6113,0.8553,0.5676,0.6192,0.778,0.5022,0.5472,0.3912,0.5906,0.678,0.5861,0.5283,0.3146,0.4828,0.2647,0.5297,0.3106,0.2081,0.1673,0.3526,
1.0,0.9991,0.9673,0.9664,0.9691,0.997,0.9952,0.9909,0.9844,0.9201,0.7353,0.9293,0.9036,0.8408,0.8022,0.8517,0.6889,0.8257,0.9365,0.7796,0.6083,0.949,0.716,0.6234,0.6089,0.6105,0.8572,0.5635,0.6216,0.7751,0.4973,0.543,0.3854,0.586,0.6666,0.5775,0.5178,0.3153,0.4771,0.2656,0.5218,0.3054,0.2093,0.1593,0.357,
1.0,0.9989,0.9661,0.965,0.9687,0.9977,0.9952,0.9889,0.984,0.9293,0.7369,0.9302,0.9139,0.8385,0.8025,0.8606,0.6845,0.8262,0.9433,0.7898,0.6146,0.9516,0.7269,0.6207,0.6033,0.6189,0.8565,0.5744,0.6261,0.7876,0.512,0.555,0.386,0.5941,0.6754,0.5869,0.5264,0.3235,0.4851,0.267,0.5279,0.3148,0.2087,0.1627,0.356,
1.0,0.9989,0.9685,0.9674,0.9717,0.9972,0.995,0.9912,0.9862,0.9209,0.7324,0.9342,0.9053,0.8341,0.7955,0.8562,0.6787,0.8217,0.9404,0.78,0.6037,0.9556,0.7231,0.6204,0.6125,0.6078,0.8591,0.5578,0.6167,0.7775,0.494,0.5428,0.3902,0.5829,0.6653,0.5781,0.5196,0.3118,0.48,0.254,0.5155,0.3061,0.1975,0.1683,0.3458,
1.0,0.9992,0.9651,0.9643,0.9689,0.9973,0.9956,0.9903,0.9846,0.9245,0.7328,0.9279,0.9078,0.8383,0.8026,0.8539,0.6838,0.8256,0.9443,0.7867,0.6142,0.953,0.7262,0.6231,0.6079,0.6178,0.8589,0.5722,0.625,0.7852,0.5089,0.5556,0.3912,0.5993,0.6876,0.5954,0.5229,0.3212,0.4904,0.2628,0.529,0.3193,0.2086,0.1677,0.3592,
1.0,0.9992,0.9702,0.9694,0.9693,0.9977,0.9962,0.9903,0.9837,0.9268,0.7375,0.9322,0.9097,0.8408,0.7997,0.86,0.6867,0.827,0.9384,0.7856,0.6151,0.9564,0.7289,0.6283,0.6071,0.6072,0.8576,0.5651,0.6296,0.7848,0.507,0.5492,0.3879,0.5945,0.683,0.587,0.518,0.312,0.4787,0.261,0.5272,0.318,0.2161,0.155,0.3599,
1.0,0.9986,0.9687,0.9673,0.9719,0.9979,0.9953,0.9902,0.9853,0.9257,0.7361,0.9354,0.9119,0.8342,0.7993,0.862,0.6811,0.8199,0.9356,0.7858,0.6058,0.9513,0.72,0.6137,0.6026,0.6095,0.8572,0.5589,0.6197,0.7863,0.5102,0.5449,0.39,0.5924,0.6749,0.5826,0.5168,0.3151,0.4799,0.2588,0.5261,0.3235,0.2155,0.1627,0.355,
1.0,0.999,0.9689,0.9679,0.968,0.9973,0.9953,0.9904,0.9852,0.9184,0.7305,0.9326,0.9044,0.8364,0.8013,0.8518,0.6782,0.8225,0.9399,0.7747,0.6123,0.9514,0.7226,0.624,0.6084,0.6066,0.8526,0.5623,0.6238,0.7751,0.5022,0.5471,0.3913,0.5982,0.6738,0.585,0.5188,0.3128,0.4784,0.2628,0.5153,0.3116,0.2041,0.1609,0.3559,
1.0,0.9991,0.9652,0.9643,0.9681,0.9973,0.9957,0.9914,0.9851,0.9224,0.7318,0.9279,0.9077,0.8355,0.7998,0.8522,0.6875,0.822,0.9396,0.7886,0.6074,0.9548,0.7216,0.6144,0.6042,0.6114,0.8638,0.5745,0.6232,0.7855,0.505,0.5507,0.3813,0.5927,0.6756,0.5811,0.5228,0.3127,0.4829,0.2638,0.5287,0.3076,0.2103,0.1557,0.3598,
1.0,0.9991,0.9672,0.9663,0.9708,0.9965,0.9948,0.9899,0.9834,0.9231,0.7359,0.9331,0.9074,0.84,0.8019,0.8583,0.6764,0.8268,0.9438,0.7801,0.6171,0.9512,0.7223,0.6278,0.6043,0.6191,0.851,0.5684,0.6172,0.7824,0.5019,0.5534,0.3823,0.5877,0.6736,0.5784,0.5188,0.3146,0.4638,0.2553,0.5195,0.3091,0.2044,0.1577,0.3469,
1.0,0.9987,0.9649,0.9636,0.9661,0.9979,0.9957,0.9902,0.9848,0.9242,0.7385,0.9246,0.9088,0.8441,0.8051,0.8517,0.6911,0.8295,0.9372,0.7823,0.6116,0.9496,0.722,0.6174,0.5963,0.6047,0.8627,0.5673,0.6225,0.7811,0.5038,0.5455,0.3866,0.59,0.6712,0.5837,0.5165,0.322,0.4776,0.2584,0.5239,0.3115,0.2076,0.1593,0.3595,
1.0,0.9989,0.9663,0.9652,0.9693,0.9977,0.9952,0.9901,0.9855,0.9251,0.7363,0.9283,0.9079,0.837,0.7999,0.8561,0.6769,0.8247,0.94,0.7778,0.6112,0.952,0.7254,0.6227,0.6037,0.615,0.8485,0.561,0.6216,0.784,0.5116,0.5451,0.3966,0.5856,0.6649,0.5766,0.5077,0.319,0.4694,0.2526,0.5121,0.3127,0.2043,0.161,0.3421,
1.0,0.999,0.9724,0.9714,0.9712,0.9972,0.9953,0.9886,0.9828,0.924,0.7349,0.9362,0.9052,0.8379,0.7965,0.8612,0.6833,0.825,0.9395,0.7816,0.605,0.9501,0.716,0.6191,0.5999,0.6142,0.8537,0.5601,0.6088,0.7813,0.5011,0.544,0.3868,0.5849,0.6673,0.5736,0.5241,0.3183,0.4707,0.2542,0.5252,0.3053,0.2022,0.1622,0.3398,
1.0,0.9992,0.9674,0.9666,0.9689,0.9978,0.9957,0.9909,0.9861,0.9212,0.7339,0.9304,0.9061,0.8381,0.8003,0.8529,0.6877,0.826,0.9425,0.7822,0.6035,0.9539,0.7136,0.6159,0.5907,0.6102,0.8599,0.5713,0.6137,0.7817,0.5095,0.5547,0.3879,0.597,0.6792,0.5724,0.5257,0.32,0.4829,0.2573,0.5281,0.3123,0.2109,0.1563,0.3609,
1.0,0.9985,0.9678,0.9663,0.972,0.9964,0.9938,0.9898,0.9857,0.9249,0.7424,0.9328,0.9069,0.8416,0.8022,0.8586,0.6855,0.8288,0.94,0.7833,0.6121,0.9512,0.7214,0.6247,0.606,0.6173,0.8518,0.5713,0.626,0.7847,0.5154,0.5555,0.3904,0.5919,0.6782,0.5874,0.528,0.3181,0.483,0.2614,0.5286,0.3185,0.2165,0.1711,0.3576,
1.0,0.9995,0.9679,0.9674,0.9717,0.9967,0.9951,0.9916,0.9876,0.9203,0.7403,0.9349,0.9058,0.842,0.8065,0.8562,0.6918,0.8312,0.9417,0.7838,0.612,0.9532,0.7254,0.6254,0.6115,0.6158,0.8615,0.575,0.6171,0.7817,0.4911,0.5549,0.3843,0.587,0.6685,0.5785,0.515,0.3132,0.4715,0.2596,0.5203,0.2995,0.2034,0.1615,0.3507,
1.0,0.9991,0.9682,0.9673,0.9698,0.9979,0.9957,0.9905,0.9866,0.925,0.7401,0.932,0.9091,0.8387,0.8012,0.8585,0.6887,0.8259,0.9422,0.7876,0.6095,0.9542,0.7191,0.6189,0.5986,0.609,0.857,0.5659,0.6254,0.7835,0.5082,0.5515,0.3763,0.5956,0.6824,0.5888,0.5291,0.3135,0.4833,0.2663,0.532,0.3127,0.2049,0.1683,0.3612,
1.0,0.9991,0.9698,0.9689,0.9697,0.9974,0.9949,0.991,0.9866,0.9212,0.7327,0.9337,0.9061,0.835,0.7979,0.8549,0.6828,0.8222,0.9397,0.7816,0.6079,0.9525,0.7245,0.6201,0.6097,0.6051,0.858,0.5628,0.6227,0.7816,0.4944,0.546,0.393,0.5966,0.6735,0.5841,0.5191,0.3164,0.4825,0.2614,0.5285,0.309,0.2028,0.1642,0.3527,
1.0,0.9994,0.9658,0.9652,0.9686,0.9979,0.9958,0.9891,0.985,0.9285,0.744,0.9286,0.9113,0.8445,0.8046,0.8591,0.6861,0.832,0.9379,0.7822,0.6176,0.9528,0.7339,0.6259,0.6057,0.6161,0.8545,0.5657,0.6243,0.7835,0.4996,0.5525,0.3886,0.5948,0.6788,0.59,0.5201,0.3112,0.4841,0.2635,0.5267,0.3152,0.2124,0.1647,0.3606,
1.0,0.9983,0.9689,0.9672,0.9718,0.9962,0.9935,0.9882,0.9835,0.9211,0.7378,0.9336,0.9027,0.8433,0.8008,0.8557,0.6883,0.829,0.9445,0.7839,0.6069,0.9467,0.7125,0.6273,0.6003,0.6166,0.859,0.5778,0.6108,0.7783,0.5088,0.5636,0.3916,0.5909,0.6815,0.5722,0.5263,0.3237,0.4746,0.2557,0.5318,0.3033,0.2126,0.1645,0.354,
1.0,0.9989,0.966,0.9649,0.968,0.9979,0.9954,0.989,0.983,0.9248,0.7343,0.928,0.9087,0.8393,0.7982,0.8538,0.6831,0.8244,0.9384,0.7833,0.6118,0.9537,0.7273,0.6209,0.6076,0.6108,0.8597,0.567,0.6229,0.7792,0.4975,0.5466,0.3841,0.5927,0.6751,0.5859,0.5285,0.3117,0.4918,0.2652,0.5324,0.3097,0.2074,0.1691,0.3605,
1.0,0.9988,0.9683,0.9671,0.9684,0.9967,0.995,0.9904,0.9853,0.9252,0.7437,0.9304,0.9097,0.846,0.8103,0.8574,0.6945,0.8343,0.9413,0.7867,0.6258,0.9514,0.7283,0.6344,0.6061,0.6154,0.8556,0.567,0.627,0.7809,0.5032,0.55,0.387,0.5834,0.6736,0.5936,0.5226,0.3093,0.4847,0.2684,0.528,0.3085,0.2099,0.1658,0.3612,
1.0,0.9985,0.967,0.9655,0.9704,0.997,0.9947,0.9889,0.9834,0.9285,0.7334,0.9307,0.9109,0.8335,0.794,0.8599,0.6813,0.8193,0.943,0.791,0.6154,0.9497,0.727,0.6228,0.6054,0.6144,0.8595,0.5646,0.6229,0.7817,0.5098,0.5452,0.3943,0.5903,0.6775,0.5936,0.5295,0.3067,0.4832,0.2592,0.527,0.3148,0.2069,0.1687,0.3551,
1.0,0.999,0.9667,0.9657,0.9695,0.998,0.9963,0.9913,0.9851,0.9249,0.7365,0.9313,0.9113,0.8388,0.8043,0.8571,0.6856,0.8251,0.9427,0.7869,0.6182,0.9544,0.7285,0.6302,0.6109,0.6177,0.857,0.5679,0.6257,0.7805,0.5047,0.5517,0.3918,0.584,0.6786,0.5899,0.5222,0.316,0.476,0.2604,0.5214,0.3081,0.2053,0.1657,0.3494,
1.0,0.9994,0.9686,0.968,0.971,0.9973,0.9957,0.9918,0.9866,0.9234,0.7482,0.9335,0.9082,0.8506,0.8139,0.8585,0.6952,0.8377,0.9408,0.7816,0.6179,0.9552,0.7222,0.6329,0.6049,0.6267,0.8548,0.584,0.6137,0.786,0.5138,0.569,0.3966,0.5907,0.6757,0.5824,0.5275,0.3233,0.4776,0.2633,0.518,0.3222,0.2136,0.1711,0.3625,
1.0,0.9985,0.9664,0.9649,0.9693,0.9968,0.9943,0.9907,0.9859,0.9209,0.7333,0.929,0.9049,0.8379,0.8015,0.8518,0.6843,0.8248,0.9419,0.7808,0.6096,0.9547,0.7242,0.6214,0.61,0.6163,0.8556,0.5735,0.6225,0.7794,0.5026,0.5572,0.3901,0.5928,0.6803,0.5852,0.5202,0.3133,0.4851,0.2574,0.5295,0.3129,0.2075,0.1653,0.3592,
1.0,0.9988,0.9695,0.9683,0.9685,0.9976,0.9955,0.9906,0.9854,0.921,0.7272,0.9328,0.9064,0.833,0.7954,0.8549,0.6784,0.8203,0.9378,0.7786,0.6042,0.9535,0.7203,0.6145,0.6058,0.6018,0.8598,0.5545,0.6228,0.7743,0.4954,0.54,0.3855,0.5931,0.675,0.5758,0.5193,0.3109,0.4709,0.2525,0.5247,0.2998,0.2078,0.161,0.3548,
1.0,0.9982,0.9654,0.9636,0.9703,0.9974,0.9944,0.9898,0.9846,0.9207,0.725,0.9289,0.9053,0.8317,0.793,0.8522,0.6761,0.8173,0.9394,0.7826,0.6019,0.9546,0.7261,0.6153,0.6121,0.6061,0.863,0.5667,0.6138,0.7838,0.5013,0.5455,0.3931,0.595,0.6759,0.581,0.5286,0.315,0.4843,0.2577,0.521,0.3134,0.2013,0.1628,0.3581,
1.0,0.999,0.9676,0.9666,0.968,0.9972,0.9953,0.9911,0.9859,0.9262,0.7343,0.9286,0.9101,0.8363,0.7956,0.856,0.685,0.8245,0.9441,0.7834,0.611,0.9548,0.723,0.6203,0.6036,0.6132,0.8604,0.5724,0.6213,0.7786,0.5072,0.5529,0.3925,0.5931,0.6762,0.5838,0.5288,0.321,0.4906,0.2626,0.5263,0.3124,0.2091,0.1622,0.356,
1.0,0.9988,0.9688,0.9676,0.9712,0.9964,0.9944,0.9903,0.9846,0.9237,0.734,0.934,0.9077,0.8353,0.7995,0.8598,0.6792,0.822,0.9455,0.7833,0.6115,0.9514,0.7195,0.6243,0.6079,0.615,0.8519,0.5645,0.6234,0.784,0.513,0.549,0.3863,0.5944,0.6839,0.5872,0.5179,0.3146,0.4822,0.2603,0.523,0.319,0.2111,0.1621,0.3557,
1.0,0.999,0.9701,0.9691,0.9678,0.9971,0.9948,0.9914,0.9861,0.9212,0.7377,0.9313,0.9055,0.8442,0.8057,0.8536,0.6914,0.8302,0.9376,0.777,0.6086,0.9556,0.714,0.6215,0.6022,0.6122,0.8554,0.5675,0.6173,0.7713,0.4966,0.5536,0.3914,0.594,0.6737,0.5781,0.5241,0.3191,0.4823,0.2583,0.5253,0.3106,0.2049,0.1659,0.3607,
1.0,0.9992,0.9661,0.9653,0.9697,0.9966,0.9949,0.9906,0.9859,0.9251,0.7432,0.9289,0.9077,0.8438,0.808,0.8555,0.6933,0.8311,0.9372,0.7873,0.6151,0.9523,0.7264,0.6235,0.6004,0.6117,0.8605,0.563,0.6193,0.7869,0.506,0.5416,0.379,0.5881,0.6715,0.5776,0.5199,0.3105,0.479,0.2644,0.5251,0.3102,0.2081,0.1562,0.366,
1.0,0.9988,0.9695,0.9683,0.9679,0.9967,0.9946,0.991,0.9858,0.9237,0.7346,0.931,0.9081,0.8386,0.8021,0.8562,0.6866,0.8262,0.9447,0.7831,0.6102,0.953,0.7205,0.621,0.6058,0.616,0.8607,0.5739,0.6141,0.7838,0.5053,0.5521,0.3918,0.597,0.6793,0.5822,0.5213,0.3174,0.4877,0.2514,0.531,0.3173,0.2089,0.1575,0.3535,
1.0,0.9994,0.9689,0.9683,0.9702,0.997,0.9957,0.9907,0.9851,0.9256,0.736,0.9331,0.9092,0.8369,0.7988,0.8606,0.683,0.8232,0.9422,0.786,0.6123,0.9516,0.7219,0.6262,0.6066,0.6147,0.8583,0.5697,0.6217,0.7826,0.5076,0.5499,0.397,0.5906,0.676,0.5805,0.5194,0.3093,0.4868,0.2657,0.5259,0.3158,0.2112,0.1691,0.3531,
1.0,0.9993,0.9669,0.9662,0.9691,0.9969,0.995,0.9908,0.9849,0.9227,0.7345,0.9311,0.9073,0.8382,0.7987,0.8563,0.6771,0.8247,0.941,0.7755,0.6149,0.9519,0.7245,0.6254,0.609,0.6122,0.8542,0.5701,0.6206,0.7812,0.5049,0.5544,0.3885,0.5856,0.6752,0.5839,0.532,0.3176,0.4723,0.2669,0.5246,0.3043,0.2081,0.1728,0.3399,
1.0,0.9988,0.9678,0.9666,0.9697,0.9972,0.9948,0.9907,0.9859,0.9217,0.7346,0.9313,0.9064,0.8384,0.8012,0.855,0.6851,0.8259,0.9399,0.7841,0.6082,0.9517,0.7197,0.6223,0.6134,0.6144,0.862,0.5683,0.6181,0.7769,0.4997,0.5478,0.4005,0.5988,0.6722,0.5824,0.5214,0.3191,0.4877,0.2607,0.5288,0.3141,0.204,0.1664,0.3565,
1.0,0.9985,0.9667,0.9652,0.965,0.9973,0.9944,0.9902,0.9837,0.9182,0.722,0.9241,0.9012,0.8335,0.7929,0.8441,0.6787,0.8187,0.9368,0.7733,0.6031,0.9523,0.7167,0.6132,0.6002,0.6022,0.8567,0.561,0.6139,0.7684,0.4964,0.5438,0.3865,0.5815,0.6658,0.5734,0.5096,0.3122,0.4767,0.2479,0.5271,0.2993,0.2019,0.1531,0.3429,
1.0,0.9988,0.9655,0.9643,0.9717,0.9978,0.9958,0.9909,0.9855,0.9188,0.739,0.9306,0.9032,0.8435,0.8048,0.8512,0.6884,0.8323,0.9438,0.7792,0.6183,0.9555,0.7246,0.6364,0.6141,0.6201,0.8605,0.5752,0.6209,0.779,0.5002,0.5552,0.3899,0.5919,0.6776,0.5861,0.5277,0.3125,0.4935,0.2615,0.5317,0.3179,0.2031,0.1656,0.3644,
1.0,0.9986,0.9673,0.9659,0.9676,0.9967,0.9942,0.9894,0.9832,0.9199,0.7265,0.928,0.9026,0.8374,0.8001,0.8496,0.688,0.8233,0.9404,0.7834,0.6034,0.9521,0.7174,0.618,0.6016,0.6091,0.8619,0.5667,0.6111,0.7736,0.4977,0.5438,0.3875,0.5961,0.6728,0.5747,0.524,0.3088,0.4953,0.2536,0.5356,0.3123,0.2021,0.163,0.3616,
1.0,0.9987,0.9666,0.9653,0.9695,0.9974,0.995,0.9891,0.9844,0.9252,0.7371,0.9297,0.9078,0.84,0.8029,0.8575,0.6867,0.8279,0.9405,0.786,0.6117,0.9527,0.7268,0.6199,0.6098,0.618,0.8567,0.5675,0.6226,0.7827,0.5108,0.5496,0.3946,0.588,0.6763,0.584,0.5223,0.3248,0.4804,0.2665,0.5279,0.3199,0.2136,0.1653,0.3612,
1.0,0.9991,0.9713,0.9704,0.9702,0.9971,0.9954,0.9898,0.985,0.9234,0.7362,0.9359,0.9072,0.8386,0.8016,0.8593,0.6889,0.8267,0.9405,0.7865,0.6096,0.9529,0.7267,0.6246,0.6106,0.6117,0.8577,0.5652,0.6265,0.7798,0.5027,0.545,0.3908,0.5974,0.679,0.5895,0.5226,0.3124,0.4801,0.2654,0.5335,0.3089,0.2092,0.1687,0.3526,
1.0,0.9987,0.966,0.9647,0.9702,0.9981,0.9954,0.9912,0.9849,0.9237,0.7274,0.9295,0.9096,0.8282,0.7908,0.8544,0.6772,0.8132,0.9375,0.7844,0.5979,0.9495,0.7186,0.6091,0.6007,0.6053,0.8597,0.5576,0.6176,0.7872,0.4993,0.5387,0.384,0.5829,0.6699,0.5701,0.5111,0.3135,0.4711,0.249,0.5267,0.3044,0.2081,0.1569,0.3439,
1.0,0.9988,0.9706,0.9694,0.9712,0.9975,0.9955,0.9916,0.9844,0.9249,0.7383,0.9349,0.9097,0.8402,0.7991,0.8599,0.6848,0.8253,0.938,0.7828,0.6072,0.9533,0.721,0.6227,0.6032,0.6084,0.8582,0.5598,0.6255,0.7841,0.5054,0.548,0.3863,0.5963,0.6827,0.5791,0.5221,0.3087,0.4843,0.2638,0.5298,0.3138,0.2074,0.1588,0.3595,
1.0,0.9991,0.968,0.9671,0.9687,0.9976,0.9953,0.9893,0.9832,0.9257,0.7333,0.9311,0.9091,0.8371,0.7979,0.8573,0.6793,0.8216,0.9368,0.7836,0.608,0.9501,0.723,0.6175,0.6062,0.6117,0.8519,0.5625,0.6226,0.7794,0.5093,0.5514,0.3905,0.5972,0.6803,0.5866,0.5185,0.3203,0.48,0.2605,0.5254,0.321,0.2187,0.1625,0.3532,
1.0,0.9991,0.9679,0.967,0.9715,0.9979,0.9958,0.9907,0.9844,0.9236,0.7419,0.933,0.9089,0.8447,0.8066,0.8578,0.6914,0.829,0.9385,0.7874,0.6117,0.9535,0.7166,0.6241,0.5985,0.6166,0.8583,0.57,0.6205,0.7844,0.5058,0.5581,0.3816,0.5871,0.6756,0.5818,0.5198,0.3167,0.4683,0.2625,0.5272,0.3096,0.2018,0.1577,0.3536,
1.0,0.9991,0.9665,0.9656,0.9675,0.9979,0.9957,0.9896,0.9826,0.9215,0.729,0.9275,0.905,0.8384,0.7973,0.8501,0.6844,0.8236,0.9376,0.7807,0.6031,0.9507,0.7187,0.6149,0.5934,0.6088,0.8602,0.5641,0.6107,0.7799,0.4971,0.5463,0.3819,0.5927,0.6703,0.5734,0.5263,0.3103,0.4804,0.2606,0.5295,0.3072,0.2076,0.1585,0.3545,
1.0,0.9987,0.9656,0.9643,0.9717,0.9979,0.9959,0.9914,0.9861,0.9206,0.73,0.9302,0.9059,0.8325,0.7945,0.8519,0.6806,0.8196,0.9431,0.7831,0.6046,0.9555,0.7165,0.6173,0.599,0.6068,0.8583,0.5583,0.6103,0.7807,0.5035,0.5409,0.3855,0.5933,0.6811,0.5808,0.5244,0.3075,0.4837,0.2574,0.5288,0.3051,0.21,0.1618,0.3529,
1.0,0.9988,0.9653,0.9641,0.9717,0.9964,0.9942,0.9896,0.9838,0.9191,0.7377,0.9301,0.9009,0.8437,0.8034,0.8514,0.6907,0.8295,0.937,0.784,0.6045,0.9522,0.7174,0.6204,0.6035,0.6123,0.8588,0.5676,0.6109,0.7761,0.4967,0.5481,0.3771,0.5877,0.6779,0.5788,0.5239,0.3107,0.4806,0.2572,0.5292,0.3067,0.2072,0.1654,0.3595,
1.0,0.9994,0.9688,0.9682,0.9712,0.9977,0.9957,0.9901,0.9839,0.9237,0.7326,0.9341,0.9071,0.8329,0.796,0.8598,0.6757,0.8187,0.9387,0.7811,0.6077,0.9515,0.7249,0.6234,0.612,0.6143,0.85,0.5618,0.6275,0.7885,0.512,0.5524,0.3916,0.5911,0.6695,0.579,0.5174,0.3175,0.4678,0.2586,0.5202,0.3202,0.2208,0.1665,0.3414,
1.0,0.9989,0.9662,0.9651,0.9695,0.9971,0.9948,0.9911,0.9856,0.9232,0.7394,0.929,0.9074,0.8406,0.8017,0.8539,0.6848,0.8278,0.9392,0.7815,0.6057,0.9535,0.7167,0.6173,0.6014,0.6159,0.8543,0.5745,0.6124,0.7843,0.5078,0.553,0.3843,0.5814,0.6694,0.5761,0.5159,0.3212,0.4811,0.2555,0.5249,0.3148,0.2117,0.1612,0.3569,
1.0,0.999,0.9672,0.9662,0.9709,0.9976,0.9958,0.9922,0.9867,0.9205,0.7319,0.9322,0.9065,0.8381,0.8041,0.8536,0.685,0.8258,0.9395,0.783,0.6031,0.9561,0.7203,0.6197,0.6091,0.6066,0.8572,0.5595,0.6216,0.7816,0.506,0.5483,0.3887,0.5988,0.6803,0.582,0.5217,0.3174,0.4859,0.2641,0.5292,0.3152,0.218,0.1647,0.3672,
1.0,0.9984,0.9649,0.9633,0.9704,0.9982,0.9955,0.9898,0.985,0.9195,0.7323,0.9281,0.9039,0.8363,0.7969,0.8487,0.6806,0.8238,0.9383,0.7789,0.6018,0.9536,0.7145,0.6151,0.601,0.6043,0.8577,0.5648,0.6127,0.7794,0.5015,0.5457,0.3847,0.5841,0.6619,0.575,0.5164,0.3145,0.4822,0.251,0.5256,0.3053,0.2015,0.1602,0.3506,
1.0,0.9983,0.9684,0.9667,0.9705,0.9975,0.9949,0.9907,0.9861,0.9216,0.7402,0.9332,0.9082,0.8407,0.8085,0.8565,0.6895,0.8291,0.9428,0.7839,0.6165,0.9548,0.7247,0.6295,0.6093,0.6183,0.8565,0.571,0.6252,0.7877,0.5091,0.5534,0.3885,0.5908,0.6716,0.5874,0.5274,0.3214,0.4781,0.2676,0.5216,0.3148,0.2037,0.1625,0.3614,
1.0,0.9984,0.9688,0.9672,0.9693,0.9969,0.9944,0.9897,0.9852,0.9259,0.7428,0.9306,0.9086,0.8438,0.8065,0.8577,0.6949,0.8312,0.9462,0.7876,0.6217,0.9507,0.7232,0.6335,0.606,0.6206,0.8584,0.5743,0.6223,0.7868,0.5074,0.5567,0.3821,0.5876,0.6771,0.5886,0.5251,0.319,0.4797,0.2653,0.5257,0.3056,0.2026,0.1647,0.3536,
1.0,0.9994,0.9701,0.9695,0.9679,0.9978,0.9955,0.9906,0.9874,0.9275,0.7347,0.9315,0.9111,0.8321,0.7964,0.8601,0.6822,0.8194,0.9412,0.7835,0.6095,0.9516,0.7246,0.6172,0.6017,0.6071,0.8557,0.5522,0.6197,0.7809,0.5014,0.5365,0.3835,0.5836,0.6766,0.5903,0.5231,0.3034,0.4785,0.2564,0.5278,0.3039,0.2129,0.1633,0.3443,
1.0,0.999,0.9684,0.9674,0.9685,0.9969,0.995,0.9893,0.9848,0.923,0.7352,0.9296,0.9048,0.84,0.8017,0.8539,0.6887,0.8277,0.94,0.7838,0.608,0.9504,0.7222,0.6222,0.6084,0.6114,0.8574,0.5717,0.6221,0.7795,0.5028,0.5538,0.3885,0.5872,0.6716,0.5808,0.5173,0.3165,0.4791,0.2587,0.5292,0.305,0.2058,0.162,0.3497,
1.0,0.9986,0.9653,0.9639,0.9702,0.9964,0.9941,0.9897,0.9854,0.9198,0.736,0.9289,0.9029,0.8403,0.8037,0.85,0.6895,0.8274,0.9419,0.785,0.6096,0.951,0.716,0.6203,0.5996,0.6155,0.8597,0.5762,0.6102,0.7799,0.4999,0.5504,0.3862,0.5918,0.6772,0.579,0.5253,0.316,0.4842,0.2606,0.5251,0.3099,0.2032,0.1643,0.3624,
1.0,0.999,0.9686,0.9676,0.9721,0.9968,0.9941,0.9902,0.9858,0.9254,0.7422,0.934,0.9084,0.8408,0.803,0.8613,0.6907,0.826,0.9369,0.7878,0.6122,0.9513,0.7257,0.6239,0.6094,0.6144,0.8589,0.5624,0.6248,0.7863,0.5056,0.5513,0.3889,0.5904,0.6745,0.5866,0.5218,0.3161,0.4749,0.2661,0.5244,0.3118,0.2071,0.1666,0.3587,
1.0,0.999,0.9685,0.9675,0.968,0.9977,0.9951,0.9902,0.9835,0.9251,0.7394,0.93,0.9091,0.8433,0.8035,0.8561,0.6834,0.8275,0.9406,0.7781,0.6156,0.9517,0.7223,0.6261,0.6095,0.6208,0.8538,0.5686,0.6236,0.7784,0.4996,0.5561,0.388,0.598,0.6785,0.5859,0.5241,0.3171,0.4848,0.2639,0.5232,0.3169,0.2109,0.1644,0.3541,
1.0,0.9984,0.9654,0.9638,0.9668,0.9967,0.994,0.9904,0.9851,0.9285,0.7374,0.9269,0.9139,0.8378,0.801,0.8572,0.68,0.8241,0.9424,0.7841,0.618,0.9501,0.7283,0.6216,0.6022,0.6173,0.8558,0.5677,0.6288,0.7797,0.5045,0.5507,0.3831,0.5843,0.6781,0.5919,0.5201,0.3126,0.4743,0.2667,0.5275,0.3133,0.207,0.1618,0.3511,
1.0,0.9994,0.9659,0.9653,0.9713,0.9966,0.9946,0.991,0.9862,0.9241,0.7384,0.9311,0.9075,0.8405,0.8022,0.8573,0.6797,0.8268,0.9426,0.7782,0.6146,0.9528,0.726,0.6282,0.6029,0.6171,0.8519,0.5695,0.6146,0.7835,0.5102,0.5523,0.3942,0.5852,0.6693,0.5806,0.5131,0.32,0.4697,0.2538,0.5115,0.3131,0.206,0.1659,0.3466,
1.0,0.9994,0.9687,0.9681,0.9687,0.9978,0.9958,0.9879,0.9835,0.925,0.741,0.9312,0.9064,0.8439,0.8039,0.8572,0.6882,0.8309,0.9401,0.7801,0.6178,0.947,0.723,0.6282,0.615,0.6211,0.8546,0.5708,0.6304,0.7826,0.496,0.5615,0.3921,0.6018,0.6798,0.5848,0.5152,0.3167,0.4851,0.2708,0.5289,0.3128,0.2046,0.1626,0.3598,
1.0,0.9987,0.97,0.9687,0.9713,0.9963,0.9944,0.9901,0.9843,0.9265,0.74,0.935,0.9099,0.8395,0.7991,0.8626,0.6831,0.8267,0.9398,0.7842,0.6164,0.9528,0.7289,0.6268,0.6165,0.6122,0.8551,0.5587,0.6333,0.7818,0.506,0.5441,0.3881,0.5967,0.6761,0.5922,0.5102,0.3134,0.4798,0.2672,0.5234,0.3121,0.2107,0.159,0.3577,
1.0,0.9986,0.9667,0.9653,0.9713,0.9974,0.9948,0.9892,0.9826,0.9206,0.7317,0.931,0.9041,0.8384,0.797,0.8521,0.6831,0.8241,0.9401,0.784,0.6059,0.9512,0.7169,0.6213,0.5933,0.6046,0.8577,0.5625,0.6139,0.7779,0.4975,0.5511,0.3821,0.5932,0.6759,0.5721,0.5183,0.3121,0.4812,0.2552,0.5297,0.3116,0.209,0.1595,0.3506,
1.0,0.9985,0.9654,0.9639,0.9691,0.9966,0.9942,0.9904,0.9845,0.9223,0.7388,0.9279,0.9064,0.8448,0.8049,0.8511,0.6826,0.8306,0.9377,0.7763,0.6187,0.9535,0.7256,0.6301,0.6106,0.6165,0.8505,0.567,0.6224,0.7755,0.5059,0.5558,0.392,0.5913,0.6765,0.5904,0.5161,0.3134,0.4727,0.261,0.5117,0.3117,0.208,0.1596,0.3533,
1.0,0.9984,0.9696,0.968,0.9722,0.9967,0.9943,0.9893,0.9842,0.9257,0.7434,0.9345,0.9083,0.8427,0.8019,0.8612,0.6909,0.829,0.9372,0.7891,0.6116,0.9506,0.723,0.6255,0.6118,0.617,0.8597,0.5732,0.631,0.7855,0.5074,0.5595,0.3927,0.6028,0.684,0.5881,0.5223,0.3143,0.4893,0.2723,0.5394,0.3168,0.2147,0.1669,0.3663,
1.0,0.9991,0.9671,0.9662,0.9707,0.9967,0.9949,0.9902,0.9829,0.9206,0.7331,0.9317,0.9038,0.8392,0.7985,0.854,0.6844,0.8251,0.941,0.7838,0.606,0.9524,0.719,0.623,0.6085,0.6137,0.8606,0.573,0.6175,0.7823,0.4975,0.5534,0.383,0.5947,0.6774,0.5779,0.5181,0.3117,0.4892,0.2564,0.5293,0.3122,0.2073,0.1616,0.3597,
1.0,0.9988,0.9669,0.9657,0.9724,0.9977,0.995,0.9896,0.985,0.9212,0.7335,0.9331,0.9055,0.833,0.7968,0.8567,0.6778,0.8197,0.9391,0.7819,0.606,0.9485,0.7201,0.6199,0.6086,0.6068,0.8564,0.5529,0.6241,0.7839,0.5029,0.5422,0.394,0.5886,0.6741,0.5834,0.5048,0.3115,0.4797,0.2509,0.5241,0.311,0.2086,0.1615,0.3501,
1.0,0.9989,0.9693,0.9682,0.9673,0.9986,0.9966,0.99,0.9844,0.924,0.7361,0.93,0.9089,0.8426,0.801,0.8553,0.6829,0.8302,0.9406,0.7745,0.6087,0.9539,0.7169,0.6243,0.6017,0.6111,0.8519,0.5696,0.6256,0.7782,0.4997,0.5614,0.3894,0.6046,0.6803,0.5868,0.5183,0.3169,0.477,0.2569,0.5232,0.3118,0.2074,0.1601,0.3572,
1.0,0.9991,0.966,0.9651,0.9703,0.9969,0.9951,0.9908,0.9838,0.9228,0.7312,0.9285,0.9046,0.8337,0.7934,0.8528,0.6782,0.82,0.94,0.7805,0.6079,0.9528,0.7239,0.6217,0.6141,0.6166,0.8591,0.5692,0.623,0.7844,0.5024,0.5535,0.395,0.5944,0.6776,0.5801,0.5237,0.3136,0.4881,0.2608,0.5337,0.3195,0.2106,0.1667,0.3677,
1.0,0.999,0.9675,0.9665,0.972,0.9962,0.994,0.9921,0.9864,0.9248,0.7374,0.9332,0.9096,0.8363,0.7984,0.8591,0.6837,0.8229,0.9404,0.7899,0.6128,0.9545,0.7257,0.6223,0.6066,0.6121,0.8619,0.5687,0.6173,0.784,0.4999,0.5456,0.385,0.5863,0.6723,0.5849,0.5242,0.3095,0.4787,0.2616,0.521,0.3054,0.2,0.1654,0.3517,
1.0,0.9985,0.9664,0.9649,0.9694,0.9977,0.9954,0.9903,0.9839,0.9213,0.7308,0.9283,0.9054,0.8361,0.7944,0.8507,0.6788,0.8226,0.9411,0.7794,0.6109,0.9533,0.7167,0.6217,0.6015,0.6131,0.8551,0.5684,0.6138,0.7763,0.5036,0.549,0.3864,0.5852,0.6739,0.5772,0.5279,0.319,0.4707,0.2601,0.5209,0.3096,0.2066,0.1661,0.3451,
1.0,0.9992,0.9684,0.9676,0.972,0.9975,0.9956,0.9914,0.9864,0.9272,0.7455,0.9336,0.9114,0.8431,0.8079,0.8614,0.692,0.8305,0.9421,0.7884,0.6181,0.9533,0.7239,0.629,0.6095,0.6219,0.8543,0.5678,0.6268,0.7879,0.5125,0.5539,0.3835,0.5918,0.6782,0.5911,0.5202,0.3084,0.4807,0.2653,0.5251,0.3169,0.2053,0.1643,0.3587,
1.0,0.999,0.9667,0.9657,0.9711,0.9975,0.9951,0.9917,0.9871,0.9212,0.7366,0.9316,0.9068,0.8399,0.8044,0.8546,0.6834,0.8279,0.9406,0.7793,0.6123,0.958,0.7266,0.6274,0.6193,0.6168,0.8535,0.5684,0.6241,0.7816,0.5021,0.5529,0.3927,0.5969,0.6735,0.5891,0.5214,0.3169,0.4824,0.2669,0.5209,0.312,0.2045,0.1665,0.3561,
1.0,0.9987,0.9693,0.968,0.9684,0.9971,0.9941,0.9912,0.9859,0.9244,0.737,0.9315,0.9091,0.8402,0.8012,0.8572,0.6868,0.8259,0.9427,0.7852,0.6156,0.951,0.7166,0.6245,0.6038,0.6155,0.8614,0.5737,0.6208,0.7766,0.4961,0.5513,0.3885,0.591,0.6754,0.5831,0.5202,0.3163,0.4827,0.2561,0.5224,0.3089,0.2031,0.1599,0.3548,
1.0,0.9987,0.9696,0.9683,0.9707,0.9969,0.9947,0.991,0.9851,0.923,0.7413,0.934,0.9076,0.844,0.8045,0.8583,0.6877,0.8297,0.9396,0.7801,0.616,0.9513,0.7262,0.6279,0.609,0.6177,0.8566,0.5693,0.6202,0.7831,0.5012,0.5542,0.3938,0.5846,0.6693,0.5819,0.5191,0.3211,0.4751,0.2606,0.5164,0.3071,0.208,0.1642,0.356,
1.0,0.9983,0.9679,0.9662,0.9698,0.9981,0.9956,0.9906,0.9848,0.9264,0.7389,0.929,0.9101,0.8399,0.8014,0.8558,0.6868,0.827,0.9394,0.7854,0.601,0.9531,0.7133,0.6134,0.5911,0.6176,0.8553,0.567,0.6068,0.7877,0.5106,0.5487,0.3795,0.5785,0.6736,0.5681,0.5128,0.3209,0.4687,0.2483,0.5241,0.3107,0.2112,0.1488,0.3444,
1.0,0.9987,0.9677,0.9664,0.9758,0.9971,0.9949,0.9874,0.9813,0.9222,0.7374,0.9358,0.9018,0.8411,0.7973,0.8584,0.6863,0.8271,0.9388,0.7875,0.6133,0.9519,0.7256,0.6304,0.6076,0.6123,0.8552,0.564,0.6194,0.7842,0.505,0.5452,0.3838,0.5825,0.6799,0.5842,0.5315,0.3133,0.4734,0.2669,0.5291,0.307,0.2053,0.1657,0.3515,
1.0,0.9987,0.9709,0.9696,0.9693,0.9977,0.9949,0.9889,0.9843,0.9235,0.7389,0.9341,0.9071,0.844,0.8057,0.8586,0.6919,0.8299,0.9449,0.7846,0.613,0.9524,0.7234,0.6293,0.6067,0.6207,0.8573,0.5789,0.623,0.7856,0.512,0.5658,0.386,0.5949,0.6896,0.5852,0.535,0.3225,0.4783,0.2636,0.5303,0.3144,0.2196,0.1657,0.3574,
1.0,0.9989,0.9704,0.9693,0.9681,0.9967,0.9953,0.9903,0.9853,0.9239,0.7422,0.9323,0.9077,0.8466,0.8094,0.8556,0.6951,0.8361,0.9407,0.7816,0.6161,0.9513,0.7193,0.6276,0.608,0.6232,0.8561,0.5756,0.6227,0.7824,0.5125,0.5619,0.387,0.5954,0.6741,0.5807,0.5251,0.3207,0.4793,0.2678,0.5317,0.3136,0.2141,0.1633,0.3609,
1.0,0.9988,0.9642,0.963,0.9688,0.9981,0.9956,0.988,0.9826,0.9233,0.7322,0.9257,0.9047,0.8387,0.7979,0.8495,0.6798,0.8253,0.9421,0.78,0.6143,0.9539,0.7257,0.6271,0.6078,0.6185,0.8496,0.5651,0.617,0.779,0.5074,0.5528,0.385,0.5884,0.6731,0.5869,0.5268,0.3192,0.4677,0.2629,0.5187,0.3086,0.2052,0.1707,0.3561,
1.0,0.9987,0.9682,0.9669,0.968,0.9966,0.9938,0.9902,0.9848,0.9247,0.7382,0.9293,0.9078,0.8414,0.8033,0.8545,0.6858,0.8267,0.9391,0.781,0.6108,0.9516,0.7151,0.6196,0.5945,0.6122,0.8519,0.5686,0.6117,0.782,0.5031,0.5547,0.3759,0.5881,0.6822,0.5814,0.5253,0.308,0.473,0.2576,0.5278,0.3121,0.2122,0.1626,0.3483,
1.0,0.9989,0.9682,0.9671,0.97,0.9971,0.9948,0.9898,0.9847,0.9224,0.7406,0.9325,0.9059,0.8454,0.8056,0.8572,0.6878,0.8326,0.9383,0.7805,0.6132,0.9512,0.7236,0.6275,0.6072,0.617,0.8576,0.5773,0.619,0.7789,0.4997,0.5575,0.393,0.588,0.6708,0.5869,0.5248,0.3159,0.4816,0.2613,0.5298,0.3196,0.2088,0.1711,0.3573,
1.0,0.999,0.9665,0.9655,0.972,0.9975,0.9957,0.9917,0.986,0.9248,0.735,0.9327,0.9111,0.8365,0.8009,0.8585,0.6827,0.822,0.9392,0.7869,0.6062,0.9553,0.7219,0.6182,0.6031,0.6144,0.8574,0.5636,0.6138,0.7873,0.5119,0.5472,0.3936,0.5856,0.6683,0.5811,0.524,0.319,0.4841,0.2549,0.5188,0.3108,0.2029,0.1683,0.3509,
1.0,0.9987,0.9671,0.9658,0.9727,0.9975,0.9951,0.9909,0.9853,0.9208,0.7395,0.9344,0.9071,0.8414,0.8068,0.8565,0.6892,0.8274,0.9385,0.7862,0.6038,0.9521,0.7138,0.6184,0.6057,0.6184,0.8605,0.5704,0.6196,0.7826,0.4967,0.5516,0.3864,0.5943,0.6772,0.5791,0.5271,0.312,0.4814,0.2664,0.5262,0.3089,0.2065,0.1631,0.3643,
1.0,0.9992,0.9649,0.9641,0.9684,0.998,0.9955,0.9894,0.9852,0.9236,0.7353,0.9274,0.9068,0.8397,0.8036,0.8524,0.6834,0.8275,0.9401,0.7803,0.6116,0.9553,0.7259,0.6205,0.6086,0.6129,0.8538,0.5639,0.6177,0.7801,0.5042,0.5486,0.3813,0.5866,0.6675,0.5823,0.5245,0.3147,0.4698,0.2619,0.5108,0.3107,0.2043,0.1609,0.3473,
1.0,0.9981,0.968,0.9661,0.9719,0.9969,0.9946,0.9898,0.9829,0.9197,0.7309,0.9324,0.903,0.8369,0.7984,0.8548,0.684,0.8221,0.94,0.7838,0.6069,0.9513,0.7197,0.6235,0.6106,0.6138,0.8578,0.5664,0.6182,0.7783,0.5022,0.5507,0.3902,0.5918,0.6851,0.5816,0.5217,0.3184,0.4715,0.2584,0.525,0.3063,0.2061,0.1614,0.3519,
1.0,0.999,0.9678,0.9668,0.9708,0.9975,0.9953,0.9913,0.9859,0.923,0.7375,0.9326,0.9085,0.8376,0.8013,0.8567,0.6827,0.8241,0.9418,0.7814,0.6151,0.9556,0.7287,0.6261,0.6153,0.615,0.8564,0.5648,0.6344,0.7889,0.506,0.5564,0.3898,0.6018,0.6817,0.5894,0.5262,0.315,0.4782,0.2738,0.5343,0.3152,0.2073,0.1689,0.3552,
1.0,0.9993,0.9662,0.9655,0.971,0.9971,0.9956,0.9911,0.9863,0.9223,0.7374,0.931,0.9061,0.8404,0.8047,0.8546,0.684,0.8274,0.9434,0.7807,0.6073,0.9579,0.721,0.6214,0.6092,0.6169,0.8548,0.5679,0.6135,0.7824,0.5005,0.5506,0.3838,0.5937,0.6779,0.5827,0.5286,0.3126,0.4795,0.2567,0.5146,0.3064,0.1991,0.1628,0.3531,
1.0,0.9984,0.9695,0.9679,0.9727,0.9964,0.9935,0.989,0.9844,0.9226,0.7414,0.9357,0.9057,0.8417,0.8023,0.8593,0.6841,0.8284,0.9368,0.7799,0.6098,0.9482,0.7218,0.6285,0.6118,0.6135,0.8546,0.5662,0.6254,0.7858,0.4973,0.554,0.3927,0.5948,0.6707,0.5826,0.5111,0.3128,0.4762,0.2562,0.5187,0.3149,0.2056,0.1629,0.3546,
1.0,0.9986,0.9691,0.9677,0.9686,0.9971,0.995,0.9899,0.984,0.9255,0.7277,0.9313,0.9092,0.8294,0.7911,0.8574,0.6765,0.8167,0.9436,0.7848,0.608,0.9503,0.7245,0.6161,0.6014,0.6101,0.8568,0.5548,0.6205,0.7782,0.5039,0.5364,0.3908,0.5926,0.6715,0.5859,0.5215,0.3093,0.4759,0.2548,0.5218,0.3139,0.2035,0.1654,0.3518,
1.0,0.9988,0.9701,0.9689,0.9702,0.9961,0.994,0.9905,0.9855,0.924,0.7399,0.9335,0.9067,0.8414,0.804,0.8585,0.6852,0.8302,0.9431,0.7823,0.6174,0.953,0.7292,0.6319,0.6107,0.6162,0.8531,0.5685,0.6251,0.7833,0.5112,0.5607,0.3891,0.5965,0.6901,0.5856,0.5224,0.3243,0.4776,0.2627,0.5252,0.3173,0.2233,0.1701,0.3604,
1.0,0.9994,0.9703,0.9697,0.9661,0.9973,0.9957,0.9919,0.9861,0.9231,0.7358,0.9307,0.9081,0.8395,0.8012,0.8543,0.6854,0.8247,0.9416,0.777,0.6141,0.9536,0.7253,0.6232,0.6099,0.6112,0.859,0.5668,0.6282,0.7797,0.4987,0.5567,0.3789,0.5918,0.6799,0.5876,0.5239,0.3111,0.4774,0.2687,0.5242,0.3013,0.2038,0.1644,0.3559,
1.0,0.9982,0.9688,0.967,0.9691,0.9969,0.9944,0.9903,0.9841,0.9257,0.7421,0.9297,0.9085,0.8473,0.8065,0.8578,0.6921,0.8329,0.9387,0.7845,0.6144,0.9524,0.7206,0.6264,0.6047,0.6177,0.8561,0.5707,0.6219,0.7795,0.506,0.5589,0.3894,0.5926,0.6792,0.5846,0.5166,0.3266,0.4792,0.2635,0.524,0.3118,0.2101,0.1594,0.3567,
1.0,0.9989,0.9674,0.9663,0.9698,0.9973,0.9955,0.9915,0.986,0.9234,0.7403,0.9321,0.91,0.8424,0.8057,0.8571,0.6869,0.8293,0.9395,0.7828,0.6118,0.954,0.7249,0.6229,0.6114,0.6141,0.8597,0.568,0.6264,0.783,0.5123,0.5523,0.3919,0.5959,0.676,0.5899,0.5221,0.32,0.4804,0.2662,0.522,0.3186,0.2162,0.1644,0.3598,
1.0,0.9995,0.9698,0.9693,0.9699,0.9978,0.9964,0.9899,0.984,0.9247,0.7355,0.9331,0.9073,0.8379,0.7987,0.8595,0.6797,0.8238,0.9437,0.7781,0.6177,0.9532,0.7256,0.6293,0.616,0.6215,0.8505,0.565,0.625,0.7814,0.5012,0.5554,0.3849,0.595,0.6856,0.5936,0.5242,0.3109,0.4796,0.2595,0.5221,0.3146,0.2117,0.1677,0.3528,
1.0,0.9988,0.9684,0.9672,0.9742,0.9975,0.9953,0.9902,0.9846,0.9219,0.735,0.9353,0.9051,0.8362,0.7976,0.8572,0.6824,0.8229,0.9383,0.785,0.5983,0.9536,0.7172,0.6159,0.6085,0.6139,0.8587,0.5623,0.6084,0.7854,0.5013,0.5458,0.3869,0.586,0.6709,0.5711,0.5251,0.3097,0.4821,0.2537,0.5173,0.3103,0.2025,0.1626,0.3547,
1.0,0.9989,0.9667,0.9656,0.9692,0.9974,0.9955,0.9889,0.983,0.9231,0.7349,0.9297,0.9055,0.8402,0.8004,0.8547,0.6828,0.8269,0.94,0.7829,0.6098,0.9496,0.7195,0.6199,0.6097,0.6175,0.8569,0.5707,0.6182,0.7816,0.5052,0.5527,0.3868,0.5921,0.6703,0.5843,0.5191,0.3229,0.4771,0.2603,0.5132,0.3191,0.2122,0.1638,0.3632,
1.0,0.9988,0.9667,0.9655,0.9713,0.997,0.9948,0.9884,0.982,0.9199,0.7319,0.9322,0.9029,0.8383,0.7991,0.8544,0.6827,0.8234,0.9397,0.784,0.6062,0.95,0.7183,0.6188,0.6023,0.6139,0.8581,0.5667,0.6088,0.7811,0.5055,0.5509,0.387,0.5833,0.6733,0.5742,0.5216,0.3188,0.4782,0.2504,0.5247,0.3098,0.206,0.1615,0.3584,
1.0,0.9989,0.968,0.9669,0.9727,0.9976,0.9962,0.9906,0.9846,0.9244,0.7364,0.9345,0.9093,0.8363,0.796,0.8604,0.6786,0.8235,0.9395,0.7823,0.602,0.9532,0.7234,0.6177,0.6099,0.6093,0.8566,0.5609,0.6205,0.7862,0.5054,0.5466,0.3911,0.5878,0.6773,0.5822,0.5228,0.3179,0.48,0.2552,0.5242,0.3162,0.2056,0.1712,0.3472,
1.0,0.9992,0.9692,0.9684,0.9703,0.9975,0.9958,0.992,0.9874,0.9251,0.7428,0.9328,0.9099,0.8423,0.8059,0.8603,0.6955,0.8304,0.9391,0.7882,0.6098,0.9541,0.7239,0.6225,0.6038,0.6125,0.8608,0.5681,0.6256,0.7795,0.4998,0.5509,0.3855,0.589,0.6799,0.5808,0.5221,0.3095,0.4798,0.2623,0.5406,0.308,0.2103,0.1573,0.3588,
1.0,0.9983,0.972,0.9703,0.968,0.9971,0.9941,0.9891,0.9843,0.9288,0.7338,0.9331,0.9117,0.8337,0.7931,0.8634,0.6842,0.8206,0.9416,0.7894,0.6098,0.9521,0.727,0.6202,0.6069,0.6154,0.8611,0.5682,0.6267,0.7832,0.4967,0.5508,0.387,0.5952,0.6773,0.5824,0.5162,0.3098,0.4872,0.253,0.5357,0.2994,0.2047,0.1738,0.3562,
1.0,0.9991,0.9662,0.9653,0.9683,0.9978,0.9959,0.9906,0.9853,0.9242,0.7398,0.9278,0.9082,0.8411,0.801,0.8532,0.6844,0.8269,0.9426,0.7793,0.6192,0.9528,0.7257,0.6278,0.6107,0.62,0.8566,0.5732,0.622,0.779,0.5036,0.5484,0.3922,0.5883,0.6691,0.5911,0.5256,0.3104,0.4738,0.261,0.5113,0.3088,0.2088,0.1646,0.35,
1.0,0.999,0.9673,0.9663,0.9712,0.9969,0.9947,0.9906,0.9859,0.9203,0.7334,0.9327,0.9048,0.8368,0.8008,0.8537,0.683,0.8237,0.9407,0.7849,0.6101,0.9504,0.7218,0.6241,0.6131,0.6161,0.8572,0.568,0.6199,0.7794,0.4967,0.5548,0.3905,0.5837,0.6802,0.5835,0.5196,0.3126,0.4747,0.2598,0.5265,0.3019,0.2136,0.1652,0.3533,
1.0,0.999,0.9678,0.9668,0.9697,0.9976,0.9958,0.9903,0.9846,0.9265,0.7381,0.9304,0.91,0.8385,0.7984,0.8574,0.683,0.8256,0.9412,0.7854,0.613,0.9535,0.7281,0.6232,0.6064,0.6143,0.8565,0.5603,0.6199,0.7824,0.5076,0.5427,0.3911,0.5918,0.6749,0.5829,0.5156,0.3129,0.4826,0.2593,0.5223,0.3107,0.2091,0.1641,0.3527,
1.0,0.9988,0.969,0.9678,0.9712,0.9976,0.9951,0.9899,0.9858,0.9241,0.7413,0.9336,0.908,0.8414,0.8052,0.8588,0.6884,0.8285,0.9372,0.785,0.6119,0.9508,0.7194,0.6266,0.6147,0.6172,0.8553,0.5647,0.6296,0.7794,0.5017,0.5498,0.3905,0.5975,0.678,0.5844,0.5133,0.3091,0.4812,0.2685,0.5269,0.3145,0.2108,0.156,0.3624,
1.0,0.9988,0.9698,0.9686,0.9693,0.997,0.9948,0.9913,0.9853,0.9237,0.7361,0.9328,0.9088,0.839,0.8009,0.8577,0.6883,0.8253,0.9389,0.7849,0.6095,0.9558,0.7207,0.6221,0.607,0.6132,0.8586,0.5696,0.6166,0.7785,0.5004,0.5508,0.387,0.59,0.6755,0.5788,0.5166,0.3172,0.4838,0.2512,0.5324,0.3065,0.1982,0.1619,0.3562,
1.0,0.999,0.9674,0.9664,0.9714,0.9973,0.9952,0.9907,0.9839,0.9253,0.7348,0.9333,0.9105,0.8338,0.7942,0.8602,0.68,0.8186,0.938,0.7882,0.6076,0.9548,0.7229,0.6159,0.6092,0.6081,0.8632,0.5657,0.6241,0.7877,0.4992,0.5472,0.3857,0.6009,0.6799,0.5837,0.5217,0.3102,0.4847,0.2646,0.5235,0.31,0.2136,0.1606,0.3533,
1.0,0.9991,0.9666,0.9657,0.9707,0.997,0.9954,0.9911,0.9852,0.9254,0.741,0.9312,0.9099,0.8393,0.8018,0.8593,0.6812,0.825,0.9395,0.7825,0.6116,0.9541,0.7208,0.6202,0.6025,0.6129,0.8527,0.5577,0.6201,0.778,0.4997,0.5448,0.3823,0.588,0.677,0.5855,0.5172,0.3065,0.4798,0.2603,0.5221,0.3051,0.2019,0.1628,0.3536,
1.0,0.9988,0.969,0.9678,0.9687,0.9968,0.9945,0.9921,0.986,0.9229,0.7313,0.9312,0.9084,0.8334,0.7951,0.8544,0.6803,0.8202,0.9424,0.7822,0.6078,0.9527,0.7201,0.6197,0.6005,0.6061,0.8597,0.5606,0.6157,0.7808,0.4989,0.5448,0.387,0.5865,0.6762,0.5805,0.5279,0.3119,0.4777,0.2618,0.5244,0.3071,0.2024,0.1626,0.3525,
1.0,0.9988,0.9661,0.9649,0.9717,0.9974,0.9952,0.9913,0.986,0.924,0.7325,0.9303,0.9078,0.8305,0.791,0.8555,0.6728,0.8187,0.9409,0.7815,0.6048,0.9565,0.7255,0.62,0.603,0.6052,0.8561,0.5538,0.6134,0.7838,0.5076,0.5351,0.3942,0.5918,0.67,0.5774,0.5201,0.3191,0.4786,0.2534,0.5241,0.3122,0.2086,0.1712,0.3472,
1.0,0.9996,0.9667,0.9663,0.9695,0.9977,0.9966,0.9909,0.9848,0.9249,0.7413,0.9302,0.9087,0.8436,0.8045,0.8573,0.6882,0.8305,0.9401,0.7829,0.6171,0.9502,0.7246,0.6306,0.6006,0.6179,0.8577,0.5725,0.6207,0.784,0.4988,0.5581,0.3874,0.5865,0.6727,0.5739,0.5104,0.3201,0.4754,0.2583,0.5256,0.3014,0.2037,0.1581,0.3583,
1.0,0.9983,0.9662,0.9645,0.9695,0.9976,0.9948,0.9889,0.9824,0.9224,0.7328,0.9283,0.9059,0.8387,0.7965,0.8519,0.6804,0.824,0.9394,0.78,0.6122,0.9503,0.7198,0.6237,0.5948,0.6129,0.8549,0.5597,0.6123,0.777,0.492,0.5491,0.3731,0.5849,0.6764,0.5775,0.5171,0.3078,0.4796,0.2591,0.5345,0.2985,0.2018,0.1649,0.3482,
1.0,0.9983,0.9666,0.9649,0.9704,0.9966,0.9936,0.99,0.9859,0.9205,0.7333,0.9279,0.9016,0.8365,0.797,0.8496,0.6869,0.8255,0.9381,0.784,0.6026,0.9494,0.7181,0.6176,0.6065,0.6051,0.8579,0.5636,0.6147,0.7773,0.4901,0.5427,0.3785,0.5854,0.6651,0.574,0.5096,0.309,0.4749,0.2588,0.515,0.3025,0.2004,0.1538,0.3528,
1.0,0.9991,0.9651,0.9642,0.9698,0.9977,0.9958,0.9913,0.9857,0.9236,0.7378,0.9295,0.9091,0.8399,0.8039,0.8545,0.6814,0.8276,0.943,0.7801,0.6136,0.9548,0.7252,0.6214,0.6047,0.6176,0.857,0.5693,0.6142,0.7883,0.5102,0.558,0.4026,0.5926,0.6711,0.5824,0.5216,0.3238,0.4851,0.2632,0.521,0.3227,0.2104,0.166,0.3603,
1.0,0.9991,0.9671,0.9662,0.9699,0.9979,0.9954,0.9906,0.9863,0.9236,0.7315,0.9316,0.9088,0.8314,0.7944,0.8568,0.6758,0.8191,0.9373,0.7792,0.6037,0.9526,0.725,0.6152,0.6087,0.6044,0.8553,0.556,0.6254,0.7834,0.4937,0.5474,0.3868,0.5921,0.6662,0.5791,0.5127,0.3101,0.4752,0.2609,0.5222,0.3058,0.2063,0.161,0.348,
1.0,0.9988,0.9693,0.9681,0.9698,0.9974,0.9953,0.9902,0.9856,0.9252,0.7339,0.9327,0.909,0.8341,0.7944,0.8592,0.6794,0.8227,0.9423,0.7819,0.612,0.9525,0.727,0.6221,0.6138,0.614,0.8582,0.5717,0.6233,0.7901,0.514,0.552,0.401,0.5874,0.6752,0.5863,0.5318,0.3214,0.4838,0.2615,0.5282,0.3225,0.2111,0.1705,0.3469,
1.0,0.9989,0.967,0.9659,0.9707,0.9965,0.9944,0.9911,0.9863,0.9268,0.743,0.931,0.9104,0.8412,0.8019,0.8589,0.6884,0.8284,0.9436,0.7849,0.6141,0.9545,0.7261,0.6221,0.607,0.6221,0.8547,0.5702,0.6276,0.7804,0.5089,0.5587,0.3807,0.5918,0.6827,0.5888,0.5237,0.3197,0.4746,0.2675,0.5298,0.3108,0.2128,0.1642,0.3558,
1.0,0.9989,0.9696,0.9685,0.9709,0.9981,0.9954,0.9908,0.9858,0.9261,0.7369,0.9348,0.912,0.8353,0.7965,0.8624,0.6789,0.8214,0.9398,0.784,0.6158,0.9507,0.728,0.6261,0.6152,0.6126,0.8576,0.567,0.6315,0.7883,0.5107,0.5527,0.4,0.5949,0.6783,0.5847,0.5149,0.3228,0.4809,0.2638,0.5286,0.3195,0.2109,0.1691,0.348,
1.0,0.9988,0.9685,0.9673,0.9723,0.9972,0.9957,0.991,0.9859,0.9223,0.7351,0.935,0.907,0.8346,0.7976,0.8584,0.6837,0.8233,0.9403,0.785,0.608,0.9534,0.7265,0.623,0.6132,0.6069,0.8607,0.5592,0.6252,0.784,0.5011,0.5389,0.3937,0.5903,0.6742,0.5821,0.5209,0.3077,0.4859,0.265,0.5265,0.3106,0.2055,0.1634,0.3614,
1.0,0.9982,0.9666,0.9648,0.9714,0.9979,0.9954,0.9898,0.9846,0.922,0.7364,0.9315,0.9069,0.8384,0.8008,0.8551,0.6821,0.8264,0.944,0.7818,0.6089,0.9533,0.719,0.6213,0.6008,0.6198,0.8543,0.5694,0.613,0.784,0.5107,0.5573,0.3901,0.5848,0.6779,0.5799,0.5308,0.3169,0.4784,0.2573,0.5232,0.3141,0.2118,0.1635,0.3508,
1.0,0.9981,0.9684,0.9665,0.9702,0.9975,0.9945,0.9896,0.9847,0.9247,0.7453,0.9306,0.9079,0.8498,0.8126,0.8559,0.695,0.8354,0.9409,0.784,0.6261,0.9524,0.7311,0.6386,0.6174,0.6242,0.8563,0.5741,0.6299,0.7861,0.5027,0.5581,0.3943,0.5925,0.6702,0.5932,0.5213,0.3194,0.4754,0.2711,0.5143,0.3138,0.2041,0.1661,0.3571,
1.0,0.9988,0.9691,0.9679,0.9696,0.9972,0.9946,0.9902,0.9863,0.9218,0.7341,0.9328,0.9061,0.8381,0.8001,0.8564,0.683,0.8257,0.9414,0.7808,0.6094,0.9517,0.723,0.6251,0.6079,0.6083,0.8565,0.5624,0.6223,0.7781,0.4985,0.548,0.3881,0.592,0.6784,0.5871,0.5187,0.3107,0.4794,0.2625,0.5179,0.3089,0.2053,0.1587,0.3558,
1.0,0.9985,0.9669,0.9654,0.9713,0.9978,0.995,0.9905,0.9866,0.9223,0.7409,0.9314,0.9073,0.8445,0.8078,0.855,0.6911,0.8332,0.9396,0.7833,0.6129,0.9525,0.7199,0.6234,0.6057,0.6127,0.8606,0.5676,0.6195,0.7802,0.5,0.5481,0.3888,0.587,0.6714,0.5796,0.5173,0.3122,0.4809,0.2579,0.5272,0.3143,0.2092,0.1616,0.3597,
1.0,0.9994,0.9652,0.9646,0.9701,0.997,0.9957,0.9911,0.985,0.9196,0.7292,0.9287,0.9025,0.8352,0.7968,0.8483,0.6813,0.8222,0.9417,0.7809,0.6011,0.9531,0.7149,0.614,0.5965,0.606,0.8596,0.5642,0.6066,0.781,0.505,0.5449,0.3872,0.59,0.6769,0.5732,0.5168,0.3216,0.4798,0.254,0.5262,0.3124,0.2055,0.1583,0.355,
1.0,0.9991,0.9706,0.9697,0.9688,0.9975,0.9957,0.9899,0.9865,0.9228,0.7362,0.9322,0.9054,0.8428,0.806,0.8569,0.6917,0.8325,0.942,0.7799,0.6124,0.9558,0.7248,0.628,0.6124,0.6102,0.8561,0.568,0.6246,0.776,0.5033,0.5533,0.3879,0.5981,0.6831,0.5891,0.5221,0.3191,0.4713,0.2645,0.5227,0.3097,0.2112,0.1625,0.3572,
1.0,0.9989,0.9669,0.9658,0.9696,0.9976,0.9956,0.9898,0.9827,0.9248,0.7324,0.9294,0.9078,0.8373,0.797,0.8546,0.6823,0.8221,0.9371,0.7828,0.6106,0.95,0.7228,0.6202,0.6009,0.6118,0.8542,0.5622,0.6154,0.7848,0.514,0.547,0.3879,0.5755,0.6631,0.5764,0.5147,0.3143,0.4706,0.2565,0.5198,0.312,0.2071,0.1563,0.3456,
1.0,0.9985,0.9673,0.9658,0.9697,0.9963,0.9942,0.9914,0.9848,0.9214,0.7363,0.9297,0.9053,0.8436,0.8054,0.852,0.6928,0.8289,0.9403,0.7852,0.6111,0.9529,0.7188,0.6229,0.6038,0.6161,0.8602,0.5701,0.6114,0.7767,0.507,0.5486,0.3924,0.5829,0.6678,0.5804,0.5273,0.3189,0.4767,0.2585,0.5178,0.311,0.2072,0.1635,0.3651,
1.0,0.9988,0.9671,0.9659,0.968,0.9968,0.9945,0.9911,0.9848,0.9226,0.7369,0.9281,0.9061,0.8433,0.804,0.8516,0.6866,0.8283,0.9427,0.7778,0.6178,0.95,0.7236,0.6288,0.6071,0.6178,0.8543,0.5692,0.6188,0.7766,0.5018,0.5521,0.3936,0.5881,0.6711,0.5906,0.5184,0.3189,0.4695,0.2582,0.5235,0.3072,0.2047,0.1613,0.3532,
1.0,0.9988,0.9681,0.9669,0.9701,0.9969,0.9942,0.9897,0.9841,0.9256,0.7384,0.932,0.9092,0.8388,0.799,0.859,0.6798,0.8252,0.9382,0.7807,0.6082,0.9529,0.7188,0.618,0.5989,0.6125,0.8499,0.5575,0.6183,0.7802,0.5051,0.5468,0.381,0.592,0.6772,0.5764,0.5049,0.3114,0.4759,0.2498,0.5204,0.3095,0.2074,0.1562,0.3488,
1.0,0.9994,0.9667,0.9661,0.9677,0.9969,0.9951,0.992,0.9873,0.9283,0.7382,0.9284,0.9133,0.8375,0.8018,0.8579,0.6832,0.8251,0.9398,0.784,0.6111,0.9548,0.7306,0.6183,0.6028,0.6095,0.8567,0.5583,0.6185,0.7826,0.4982,0.5393,0.3837,0.593,0.674,0.5898,0.5229,0.3096,0.4867,0.2596,0.5269,0.3152,0.2011,0.1662,0.3579,
1.0,0.9991,0.9694,0.9685,0.9717,0.9977,0.9955,0.9902,0.9861,0.9244,0.7408,0.9353,0.9092,0.8388,0.8005,0.8613,0.6858,0.8265,0.9421,0.7856,0.6166,0.9536,0.7229,0.6291,0.6129,0.6174,0.8555,0.5686,0.6269,0.78,0.5119,0.5542,0.3966,0.5864,0.6783,0.5832,0.5182,0.3186,0.4817,0.265,0.5343,0.3124,0.2138,0.1667,0.3553,
1.0,0.9995,0.9687,0.9682,0.9687,0.9965,0.9953,0.988,0.9818,0.9271,0.7343,0.9316,0.9073,0.8378,0.7969,0.8602,0.6803,0.8243,0.9399,0.7874,0.6118,0.9492,0.7254,0.6212,0.6077,0.6149,0.8547,0.5649,0.6258,0.7809,0.5091,0.5474,0.3895,0.597,0.6744,0.5832,0.516,0.3134,0.4805,0.2632,0.5234,0.3148,0.2143,0.1587,0.3569,
1.0,0.9986,0.9683,0.9669,0.9715,0.9978,0.9954,0.9902,0.9868,0.925,0.7444,0.9333,0.9094,0.8436,0.8072,0.8598,0.6898,0.8324,0.9404,0.7849,0.611,0.9556,0.7203,0.6255,0.6039,0.6206,0.8546,0.5659,0.6213,0.7813,0.5042,0.5531,0.3894,0.5913,0.6809,0.5818,0.5238,0.3077,0.4899,0.2612,0.532,0.3144,0.2075,0.1637,0.3576,
1.0,0.9993,0.966,0.9653,0.9691,0.9972,0.9955,0.9912,0.9863,0.9216,0.7355,0.9291,0.906,0.8373,0.8009,0.8515,0.6831,0.8251,0.9413,0.7811,0.6091,0.951,0.7152,0.6185,0.6025,0.6166,0.8556,0.5694,0.6129,0.7725,0.4988,0.5516,0.3904,0.5816,0.6704,0.5654,0.5156,0.3117,0.4698,0.2565,0.5245,0.2945,0.1964,0.1592,0.3455,
1.0,0.9991,0.965,0.9641,0.9703,0.9984,0.9963,0.9922,0.9861,0.9244,0.7335,0.9288,0.9104,0.8339,0.7958,0.8547,0.6778,0.8188,0.9398,0.7821,0.6043,0.9524,0.7172,0.6132,0.6023,0.6115,0.8567,0.5654,0.6173,0.7858,0.5132,0.5461,0.3901,0.5838,0.6673,0.5799,0.5214,0.3203,0.4758,0.259,0.5191,0.3176,0.2067,0.1662,0.3448,
1.0,0.999,0.9699,0.9689,0.9703,0.9969,0.9949,0.991,0.9864,0.9236,0.7397,0.9345,0.9084,0.8389,0.8022,0.8593,0.688,0.8259,0.9423,0.7857,0.6106,0.956,0.7241,0.6219,0.6127,0.6179,0.8579,0.565,0.62,0.778,0.5032,0.5476,0.3938,0.5952,0.6797,0.5918,0.5266,0.3109,0.4875,0.2625,0.5191,0.3164,0.2035,0.1629,0.353,
1.0,0.9996,0.9687,0.9683,0.9727,0.9976,0.9964,0.9913,0.9846,0.9235,0.7379,0.9363,0.9089,0.8391,0.8011,0.8605,0.6822,0.8242,0.9345,0.7835,0.6029,0.9508,0.7168,0.6203,0.6063,0.6178,0.8535,0.5629,0.6179,0.7867,0.4995,0.5549,0.3936,0.5898,0.6751,0.573,0.5107,0.3122,0.4752,0.253,0.5279,0.3071,0.211,0.1629,0.3528,
1.0,0.9985,0.9662,0.9647,0.97,0.9974,0.9952,0.9911,0.9866,0.9206,0.7354,0.9281,0.9049,0.8393,0.8016,0.8509,0.6854,0.8292,0.9473,0.7797,0.607,0.9542,0.7171,0.6233,0.6044,0.6142,0.857,0.5681,0.6158,0.779,0.5068,0.5539,0.3869,0.5942,0.6762,0.5801,0.5214,0.3219,0.479,0.2568,0.5166,0.3078,0.2057,0.1662,0.3552,
1.0,0.999,0.9693,0.9683,0.9723,0.9979,0.9951,0.9902,0.9872,0.9226,0.7349,0.9359,0.9077,0.835,0.7998,0.8592,0.6828,0.824,0.9402,0.7829,0.6084,0.9546,0.7254,0.6223,0.6079,0.6055,0.8577,0.5571,0.6195,0.7846,0.5127,0.5464,0.3946,0.5932,0.6734,0.5825,0.5197,0.316,0.4781,0.2583,0.5254,0.3141,0.2117,0.1634,0.3483,
1.0,0.9981,0.9672,0.9653,0.9699,0.997,0.9945,0.9881,0.9832,0.9245,0.7377,0.9289,0.906,0.8407,0.8005,0.8552,0.689,0.8279,0.9448,0.7868,0.6152,0.9492,0.7189,0.627,0.6059,0.6207,0.8583,0.5763,0.6197,0.7836,0.5101,0.5603,0.3835,0.5901,0.6794,0.5805,0.5234,0.3159,0.4826,0.26,0.5259,0.3071,0.2119,0.1677,0.3528,
1.0,0.9985,0.9689,0.9674,0.9687,0.9973,0.9948,0.9896,0.984,0.9228,0.7397,0.9299,0.9056,0.8464,0.8079,0.8542,0.6872,0.8325,0.9388,0.7779,0.612,0.9522,0.7193,0.6263,0.6044,0.6171,0.8516,0.5662,0.6229,0.7802,0.4996,0.5557,0.3745,0.5875,0.6757,0.58,0.5216,0.32,0.4726,0.2633,0.526,0.3044,0.2039,0.1637,0.3563,
1.0,0.9988,0.9666,0.9654,0.9683,0.997,0.9948,0.9924,0.9877,0.9236,0.7408,0.9284,0.9094,0.8418,0.8059,0.8521,0.6875,0.8287,0.9389,0.7803,0.6124,0.9538,0.7211,0.6217,0.6014,0.6105,0.8576,0.5623,0.6178,0.7806,0.4969,0.5462,0.3788,0.5914,0.6791,0.5843,0.5166,0.311,0.4804,0.2622,0.5314,0.3028,0.2051,0.1568,0.359,
1.0,0.9991,0.9686,0.9677,0.9726,0.997,0.9948,0.991,0.9858,0.9233,0.7448,0.9353,0.9075,0.8452,0.8062,0.8594,0.691,0.8319,0.9385,0.783,0.6162,0.9499,0.7252,0.6328,0.6088,0.6155,0.8568,0.5725,0.6244,0.785,0.5027,0.554,0.391,0.5899,0.6648,0.5831,0.5149,0.317,0.4736,0.2673,0.518,0.3112,0.2092,0.1602,0.3492,
1.0,0.9987,0.9696,0.9683,0.9704,0.9974,0.9954,0.9908,0.9844,0.9251,0.7441,0.9332,0.9101,0.8459,0.8078,0.8596,0.6843,0.8322,0.9405,0.7785,0.6217,0.9522,0.7299,0.6342,0.6181,0.6241,0.8517,0.5698,0.6309,0.7869,0.5068,0.5553,0.3956,0.5872,0.6739,0.5893,0.5158,0.3239,0.4758,0.2674,0.5266,0.3157,0.205,0.1738,0.3568,
1.0,0.9985,0.9682,0.9667,0.9698,0.9974,0.995,0.9892,0.9832,0.9204,0.7329,0.9317,0.9043,0.8406,0.7987,0.8528,0.6859,0.8271,0.9385,0.7792,0.6094,0.952,0.7215,0.6254,0.6168,0.6133,0.8568,0.5727,0.6249,0.7788,0.502,0.5569,0.398,0.6029,0.6738,0.582,0.5176,0.3142,0.493,0.2634,0.5274,0.3144,0.2039,0.1667,0.3618,
1.0,0.9986,0.9686,0.9672,0.9703,0.9969,0.9947,0.9907,0.985,0.926,0.7446,0.9325,0.9106,0.8454,0.808,0.8593,0.699,0.8328,0.9411,0.7936,0.6194,0.9519,0.7272,0.6275,0.6086,0.6219,0.8637,0.5819,0.6259,0.788,0.5019,0.5627,0.3827,0.5943,0.6736,0.5873,0.5255,0.3202,0.4819,0.2696,0.5313,0.3102,0.2082,0.166,0.3621,
1.0,0.9979,0.9673,0.9652,0.966,0.9975,0.9941,0.9909,0.9852,0.9281,0.736,0.9249,0.9128,0.8377,0.7958,0.8544,0.6792,0.8232,0.9383,0.7792,0.611,0.9561,0.7262,0.6172,0.5997,0.6073,0.8564,0.5598,0.6191,0.7825,0.5092,0.543,0.3845,0.5905,0.6712,0.5831,0.5174,0.3167,0.4841,0.2687,0.5205,0.3123,0.2059,0.1591,0.3539,
1.0,0.9991,0.9643,0.9634,0.9689,0.9967,0.9947,0.9899,0.9858,0.9231,0.7353,0.9269,0.9057,0.8405,0.8043,0.8519,0.6858,0.828,0.9385,0.7837,0.607,0.9514,0.7169,0.6149,0.6009,0.6123,0.8535,0.5626,0.6165,0.776,0.4955,0.5441,0.3785,0.5932,0.6774,0.5831,0.5159,0.3083,0.4842,0.2588,0.5251,0.3072,0.204,0.1554,0.3588,
1.0,0.9989,0.9695,0.9684,0.9677,0.997,0.995,0.9919,0.9856,0.9196,0.734,0.9317,0.9057,0.8422,0.8048,0.8535,0.685,0.8285,0.9366,0.7718,0.6064,0.9511,0.723,0.6243,0.6064,0.6088,0.857,0.5619,0.6219,0.7795,0.4926,0.5508,0.3915,0.5979,0.6745,0.5802,0.518,0.3149,0.4804,0.2612,0.5218,0.3092,0.2043,0.1679,0.3592,
1.0,0.9986,0.9639,0.9625,0.9717,0.9979,0.9956,0.9916,0.9863,0.9224,0.7363,0.9294,0.9092,0.8373,0.8007,0.8534,0.6774,0.8241,0.9414,0.7794,0.6135,0.9539,0.7284,0.6237,0.6153,0.6143,0.8526,0.5629,0.626,0.7828,0.5035,0.5502,0.3897,0.5865,0.6683,0.5915,0.5089,0.3195,0.4783,0.259,0.5208,0.3085,0.2016,0.1701,0.3495,
1.0,0.9992,0.9695,0.9687,0.9693,0.9981,0.9968,0.9915,0.9854,0.9204,0.7301,0.9334,0.9063,0.8348,0.8012,0.856,0.6854,0.8225,0.9428,0.7842,0.6046,0.9552,0.7174,0.622,0.605,0.6126,0.8573,0.5617,0.6198,0.7799,0.5079,0.5453,0.3904,0.5978,0.6804,0.5841,0.5204,0.3125,0.4867,0.2569,0.5289,0.3184,0.2131,0.1635,0.3655,
1.0,0.9991,0.9693,0.9684,0.9701,0.9975,0.9957,0.9922,0.9865,0.9238,0.737,0.9323,0.9085,0.8354,0.8003,0.8567,0.6845,0.8224,0.9411,0.7823,0.6125,0.9533,0.7223,0.6259,0.6124,0.6174,0.8559,0.5609,0.6237,0.7824,0.5082,0.5466,0.4057,0.597,0.6735,0.5791,0.516,0.3136,0.4913,0.2622,0.5289,0.3165,0.2066,0.1703,0.3513,
1.0,0.9988,0.9675,0.9663,0.9712,0.9974,0.9949,0.9897,0.9853,0.9271,0.7377,0.9322,0.9104,0.8362,0.8002,0.8607,0.6838,0.8242,0.9428,0.7885,0.6137,0.9544,0.7323,0.6229,0.6143,0.6217,0.8597,0.566,0.6261,0.7897,0.5112,0.5551,0.3981,0.5985,0.6813,0.5897,0.5238,0.3207,0.4891,0.2687,0.5262,0.3227,0.2135,0.1703,0.3609,
1.0,0.9988,0.967,0.9658,0.9664,0.9959,0.9941,0.9908,0.985,0.9251,0.7328,0.9256,0.9071,0.8407,0.803,0.8528,0.6873,0.8289,0.9404,0.7857,0.6069,0.9522,0.7224,0.6174,0.6012,0.6117,0.8569,0.5674,0.6172,0.7815,0.5075,0.552,0.3873,0.5915,0.6747,0.5841,0.5224,0.3146,0.484,0.2604,0.5293,0.3143,0.212,0.1605,0.3667,
1.0,0.9986,0.9674,0.966,0.9718,0.9978,0.9949,0.9904,0.9843,0.9247,0.7409,0.9323,0.9091,0.841,0.8029,0.8589,0.6837,0.8265,0.9392,0.7832,0.6134,0.953,0.7201,0.6261,0.613,0.6262,0.8545,0.5725,0.6208,0.7859,0.5096,0.56,0.3967,0.5931,0.6764,0.5817,0.5183,0.324,0.4798,0.2616,0.5237,0.3147,0.2129,0.1617,0.3514,
1.0,0.9987,0.9678,0.9665,0.9666,0.9978,0.9956,0.9908,0.9857,0.9248,0.7379,0.9276,0.9105,0.8418,0.8055,0.8543,0.6899,0.8295,0.9409,0.7837,0.6134,0.9528,0.7168,0.6216,0.6113,0.6155,0.8553,0.5742,0.6233,0.7776,0.5093,0.5613,0.3905,0.5902,0.6699,0.5788,0.5162,0.3268,0.4788,0.269,0.5233,0.3116,0.2126,0.1632,0.3553,
1.0,0.9988,0.9679,0.9667,0.9698,0.9964,0.9943,0.9894,0.9849,0.9222,0.7396,0.9316,0.9056,0.8432,0.8073,0.8553,0.6897,0.8302,0.9451,0.7839,0.614,0.9511,0.7182,0.629,0.6079,0.6246,0.8547,0.58,0.616,0.7788,0.5074,0.5614,0.3825,0.5869,0.6773,0.5849,0.5272,0.3201,0.471,0.2652,0.5142,0.3022,0.2069,0.162,0.3523,
1.0,0.9987,0.9691,0.9678,0.9705,0.9963,0.9944,0.9902,0.9835,0.9226,0.7297,0.9343,0.9075,0.8331,0.7952,0.8584,0.6825,0.818,0.9435,0.7886,0.6095,0.9496,0.7192,0.6221,0.6013,0.6096,0.8628,0.5671,0.6165,0.7817,0.504,0.5453,0.3862,0.5859,0.6784,0.5824,0.5312,0.3146,0.485,0.2618,0.5296,0.3126,0.2056,0.1701,0.355,
1.0,0.9987,0.97,0.9687,0.9704,0.9982,0.9956,0.9903,0.9845,0.9266,0.7391,0.9346,0.9125,0.8406,0.7999,0.8637,0.6804,0.8274,0.941,0.7817,0.617,0.957,0.7304,0.6285,0.6118,0.6161,0.8557,0.5683,0.6283,0.7867,0.513,0.5579,0.3892,0.5934,0.6741,0.5904,0.5163,0.3166,0.4784,0.2615,0.5204,0.3127,0.2117,0.1615,0.3569,
1.0,0.9987,0.9654,0.9641,0.9692,0.9965,0.9946,0.9926,0.9865,0.9238,0.7341,0.9286,0.9093,0.8364,0.799,0.854,0.683,0.824,0.9421,0.785,0.6127,0.9557,0.7234,0.6191,0.6008,0.6103,0.8587,0.5651,0.6169,0.7798,0.5052,0.5455,0.3855,0.5849,0.6685,0.5837,0.5262,0.3188,0.4786,0.2599,0.5234,0.3076,0.2101,0.1644,0.3522,
1.0,0.9993,0.9687,0.968,0.9693,0.9974,0.9959,0.9929,0.9865,0.9236,0.7393,0.9321,0.9097,0.8447,0.8099,0.8573,0.6939,0.8314,0.9436,0.7851,0.6169,0.9556,0.7256,0.6311,0.6161,0.6251,0.8615,0.5827,0.6222,0.7852,0.5035,0.5613,0.3968,0.5874,0.6784,0.5834,0.5208,0.3323,0.4801,0.2561,0.5255,0.3109,0.2085,0.163,0.3605,
1.0,0.9989,0.9679,0.9668,0.9665,0.997,0.9945,0.9902,0.9868,0.9249,0.7382,0.9288,0.9088,0.8403,0.8044,0.8557,0.686,0.8279,0.9414,0.78,0.6158,0.9516,0.7272,0.6241,0.6072,0.6091,0.8563,0.5696,0.6221,0.7795,0.4952,0.5533,0.3842,0.5936,0.676,0.5904,0.5257,0.3148,0.4721,0.2681,0.5158,0.3038,0.2056,0.1618,0.3518,
1.0,0.9994,0.9669,0.9663,0.9691,0.997,0.9958,0.9907,0.9856,0.9238,0.7428,0.9309,0.9081,0.8484,0.8119,0.8561,0.6903,0.8358,0.9418,0.7791,0.6182,0.9498,0.7223,0.6297,0.6057,0.623,0.8517,0.5691,0.6178,0.7759,0.4907,0.5609,0.3873,0.5904,0.6766,0.5825,0.5136,0.3137,0.4686,0.2601,0.5218,0.3042,0.1986,0.1582,0.3585,
1.0,0.9989,0.9665,0.9654,0.9691,0.997,0.9945,0.9903,0.9843,0.9223,0.7359,0.9297,0.9067,0.8401,0.8044,0.854,0.6833,0.8251,0.938,0.7813,0.6105,0.9486,0.7223,0.6231,0.6061,0.6135,0.8567,0.5667,0.6237,0.7859,0.5073,0.5519,0.3935,0.5883,0.6657,0.5796,0.5066,0.3211,0.4772,0.2587,0.5264,0.3165,0.209,0.1612,0.3491,
1.0,0.9986,0.9713,0.9699,0.968,0.997,0.9945,0.9897,0.985,0.9234,0.7383,0.933,0.9074,0.8432,0.8045,0.8576,0.6848,0.8301,0.9407,0.7792,0.6166,0.9542,0.7307,0.6287,0.6136,0.6119,0.8566,0.5674,0.6297,0.779,0.5012,0.5556,0.3895,0.5922,0.6852,0.5854,0.5223,0.3196,0.4803,0.2613,0.5246,0.3139,0.2108,0.166,0.3571,
1.0,0.9987,0.9681,0.9668,0.9703,0.998,0.9946,0.9877,0.9829,0.9253,0.7418,0.9315,0.9073,0.8443,0.8035,0.8586,0.6872,0.8296,0.938,0.7848,0.6123,0.9507,0.7227,0.6206,0.5992,0.6156,0.8569,0.5681,0.6124,0.7843,0.5066,0.5503,0.3904,0.59,0.6697,0.5734,0.5154,0.3187,0.4823,0.2558,0.5205,0.3163,0.2044,0.1593,0.354,
1.0,0.9987,0.9661,0.9648,0.9666,0.9973,0.9949,0.9902,0.9847,0.9223,0.7324,0.9256,0.9064,0.8379,0.7994,0.85,0.683,0.8247,0.9405,0.7784,0.6096,0.9537,0.7215,0.6193,0.6027,0.6106,0.8575,0.5655,0.6182,0.7751,0.4983,0.5451,0.3823,0.5872,0.6783,0.5839,0.5248,0.3082,0.4838,0.2601,0.5258,0.3099,0.2038,0.1625,0.3546,
1.0,0.9994,0.9669,0.9663,0.9683,0.9972,0.9954,0.991,0.9852,0.9196,0.7316,0.9278,0.9032,0.8391,0.7996,0.8481,0.6881,0.8247,0.9398,0.7795,0.6083,0.9534,0.7177,0.6225,0.6043,0.6085,0.8584,0.5673,0.612,0.7723,0.4906,0.5529,0.3817,0.5876,0.6795,0.5816,0.5233,0.3106,0.4772,0.2602,0.5258,0.302,0.1962,0.1659,0.3518,
1.0,0.9982,0.9669,0.9651,0.9692,0.9971,0.994,0.9896,0.9861,0.9205,0.7361,0.9285,0.9037,0.8426,0.8067,0.8502,0.6913,0.8316,0.941,0.7806,0.6088,0.955,0.7209,0.6235,0.6034,0.6123,0.8553,0.5687,0.6106,0.7826,0.5073,0.5524,0.3927,0.5881,0.6678,0.5745,0.5167,0.3129,0.4819,0.2529,0.5197,0.3149,0.209,0.159,0.3575,
1.0,0.9987,0.9688,0.9675,0.9706,0.9974,0.9948,0.9897,0.9842,0.9226,0.7363,0.9323,0.9059,0.8394,0.7988,0.8564,0.6783,0.826,0.9399,0.7773,0.6077,0.9522,0.7168,0.6216,0.6071,0.6159,0.8492,0.5627,0.6233,0.777,0.5031,0.555,0.3845,0.5882,0.6772,0.5832,0.5228,0.3126,0.4763,0.2604,0.5274,0.3091,0.207,0.1665,0.3429,
1.0,0.9992,0.9671,0.9663,0.9683,0.9977,0.9946,0.9896,0.9852,0.9276,0.7353,0.9302,0.9121,0.836,0.7992,0.8585,0.6808,0.8206,0.9373,0.7846,0.6167,0.9511,0.7344,0.6206,0.6074,0.6147,0.855,0.5575,0.6303,0.7813,0.5016,0.5474,0.3863,0.5893,0.6809,0.5935,0.5209,0.3046,0.4758,0.2681,0.5284,0.3073,0.2128,0.1583,0.3489,
1.0,0.9984,0.9688,0.9672,0.9699,0.9972,0.995,0.991,0.9858,0.9198,0.7287,0.9319,0.9047,0.8349,0.7976,0.8528,0.6795,0.8213,0.9359,0.7784,0.6011,0.9536,0.7215,0.6156,0.6139,0.6042,0.8555,0.5572,0.6181,0.7764,0.5008,0.5419,0.396,0.5876,0.6701,0.5778,0.5251,0.3154,0.4767,0.2595,0.518,0.3064,0.1993,0.1663,0.3473,
1.0,0.9989,0.9661,0.965,0.9709,0.9975,0.9957,0.9889,0.9829,0.9275,0.7387,0.931,0.9104,0.8427,0.8028,0.8588,0.6841,0.8286,0.9382,0.7871,0.6124,0.9496,0.7261,0.6213,0.6011,0.615,0.8558,0.5649,0.6218,0.7887,0.5052,0.5494,0.384,0.5869,0.6645,0.582,0.5204,0.3093,0.4762,0.2681,0.5056,0.3072,0.2078,0.1656,0.3543,
1.0,0.9985,0.9683,0.9668,0.9682,0.9981,0.9957,0.9897,0.9842,0.9196,0.7299,0.929,0.9033,0.8382,0.7992,0.8506,0.6861,0.8241,0.9342,0.7796,0.6015,0.9535,0.7147,0.6165,0.6032,0.6023,0.8567,0.5565,0.6217,0.7747,0.4844,0.5428,0.3819,0.5986,0.6722,0.577,0.5145,0.2973,0.4856,0.2553,0.5291,0.3029,0.1981,0.1576,0.3598,
1.0,0.9989,0.97,0.9689,0.971,0.9969,0.9945,0.9915,0.9864,0.9246,0.7384,0.9347,0.9099,0.8384,0.8036,0.8604,0.6884,0.8248,0.9384,0.7881,0.6053,0.9542,0.7228,0.619,0.6079,0.6152,0.8569,0.5577,0.6192,0.7877,0.5075,0.5485,0.3857,0.5911,0.6767,0.5834,0.5212,0.3162,0.4735,0.2598,0.5279,0.3127,0.2092,0.1607,0.3548,
1.0,0.9983,0.9693,0.9676,0.9709,0.9962,0.9936,0.9874,0.9812,0.9254,0.7347,0.9323,0.9051,0.8382,0.7972,0.8597,0.6793,0.8246,0.9407,0.7839,0.6104,0.9469,0.7214,0.6237,0.6096,0.6158,0.8512,0.564,0.6247,0.7847,0.5053,0.5533,0.39,0.5953,0.6812,0.58,0.5205,0.3161,0.474,0.2632,0.5234,0.3121,0.2097,0.166,0.3543,
1.0,0.9989,0.967,0.9659,0.9691,0.9972,0.9949,0.9893,0.9832,0.924,0.733,0.9281,0.9053,0.8398,0.7993,0.8537,0.685,0.825,0.9363,0.7816,0.6022,0.9537,0.7189,0.6161,0.6004,0.611,0.8545,0.5664,0.6043,0.7856,0.509,0.551,0.3833,0.5815,0.6733,0.5743,0.516,0.3156,0.4784,0.2464,0.5203,0.3123,0.2093,0.16,0.3481,
1.0,0.9986,0.9665,0.9651,0.9687,0.9969,0.994,0.9894,0.9829,0.9268,0.7394,0.9287,0.9099,0.842,0.8028,0.8572,0.6813,0.8267,0.9339,0.7805,0.614,0.9506,0.7248,0.621,0.5985,0.6115,0.852,0.5556,0.625,0.78,0.4946,0.5482,0.3772,0.5873,0.6684,0.5887,0.5103,0.3026,0.4692,0.264,0.5105,0.3032,0.2022,0.1518,0.3465,
1.0,0.9985,0.9684,0.9669,0.9708,0.997,0.9947,0.9896,0.9825,0.9277,0.7358,0.9323,0.9108,0.8383,0.8013,0.8621,0.6831,0.8238,0.9398,0.7907,0.6089,0.9536,0.7222,0.6192,0.5998,0.6145,0.8536,0.5637,0.6191,0.7848,0.5056,0.5486,0.3792,0.5954,0.6745,0.5833,0.5189,0.3087,0.4759,0.2624,0.5261,0.3117,0.2088,0.1597,0.3554,
1.0,0.9986,0.969,0.9676,0.97,0.9975,0.9955,0.9925,0.9864,0.9238,0.7351,0.9325,0.9104,0.8346,0.797,0.8564,0.6743,0.8205,0.9396,0.7735,0.6065,0.9543,0.7218,0.6191,0.6069,0.6118,0.8523,0.5604,0.6233,0.7838,0.5093,0.5488,0.3978,0.5966,0.6746,0.5783,0.5156,0.3185,0.474,0.2538,0.5168,0.3108,0.207,0.1675,0.3511,
1.0,0.9992,0.9661,0.9653,0.9699,0.9969,0.9946,0.9901,0.9854,0.9274,0.7356,0.9306,0.9112,0.8343,0.7955,0.8592,0.6773,0.8208,0.9418,0.7867,0.6059,0.9529,0.7248,0.6142,0.6022,0.6066,0.8571,0.5578,0.6175,0.7829,0.5064,0.5431,0.3863,0.5891,0.6793,0.583,0.5205,0.3116,0.4851,0.2599,0.5279,0.3136,0.2132,0.1602,0.353,
1.0,0.9987,0.9707,0.9694,0.9686,0.9966,0.9942,0.9882,0.9832,0.9251,0.7352,0.933,0.9075,0.8366,0.7975,0.8597,0.6804,0.8236,0.9417,0.7809,0.6085,0.9481,0.724,0.6191,0.6064,0.6162,0.8547,0.5661,0.6227,0.7827,0.5013,0.5532,0.3862,0.5895,0.6727,0.578,0.5287,0.3169,0.4792,0.2619,0.5305,0.3097,0.2099,0.1694,0.3507,
1.0,0.999,0.9664,0.9654,0.9699,0.9978,0.9951,0.9899,0.9849,0.9232,0.7357,0.9293,0.9064,0.8392,0.8023,0.8538,0.6829,0.824,0.9393,0.7814,0.6095,0.9511,0.722,0.6215,0.6091,0.6151,0.8534,0.5643,0.623,0.7851,0.5105,0.5532,0.3907,0.5968,0.6753,0.5883,0.5247,0.3218,0.4774,0.2633,0.5176,0.3181,0.2129,0.1663,0.3547,
1.0,0.9991,0.9702,0.9693,0.9696,0.9961,0.9943,0.9906,0.9854,0.9271,0.7466,0.9327,0.9092,0.8463,0.8091,0.8611,0.6925,0.8344,0.9387,0.7855,0.6174,0.9536,0.73,0.6295,0.6166,0.6235,0.8555,0.5714,0.6253,0.7851,0.5039,0.5548,0.3934,0.5966,0.6743,0.5874,0.5181,0.3192,0.4815,0.263,0.5201,0.3118,0.2144,0.1596,0.3615,
1.0,0.9993,0.967,0.9663,0.9693,0.9973,0.9956,0.9915,0.9861,0.9254,0.7422,0.9307,0.9098,0.8449,0.8053,0.8569,0.6854,0.8317,0.9397,0.7809,0.6151,0.9515,0.7231,0.6252,0.6032,0.619,0.8553,0.572,0.6185,0.781,0.5048,0.5588,0.3919,0.5885,0.6772,0.5796,0.5178,0.3189,0.4736,0.2596,0.5211,0.3134,0.2125,0.1589,0.3504,
1.0,0.9989,0.9667,0.9656,0.9714,0.9974,0.9954,0.9895,0.9842,0.9282,0.7383,0.932,0.9111,0.8366,0.7971,0.8618,0.677,0.8246,0.9404,0.7853,0.6155,0.9509,0.7305,0.624,0.6131,0.6177,0.8527,0.5608,0.6249,0.7866,0.511,0.5457,0.3857,0.5816,0.6688,0.5842,0.5117,0.3233,0.4636,0.2622,0.5194,0.3106,0.2066,0.1629,0.3374,
1.0,0.9985,0.969,0.9675,0.969,0.9961,0.9936,0.9894,0.9848,0.9228,0.7317,0.931,0.9049,0.8374,0.7973,0.8551,0.6812,0.8244,0.9395,0.7793,0.6081,0.9502,0.7174,0.6237,0.6041,0.6029,0.8503,0.5649,0.6188,0.7761,0.509,0.5477,0.3835,0.5828,0.6702,0.5827,0.5184,0.3152,0.4729,0.2588,0.5241,0.3127,0.2035,0.1614,0.3469,
1.0,0.9988,0.9702,0.969,0.9672,0.9975,0.9956,0.9915,0.987,0.925,0.7323,0.9296,0.9083,0.8372,0.799,0.8564,0.6793,0.8265,0.9443,0.775,0.6082,0.9538,0.7247,0.6198,0.6076,0.6112,0.8521,0.5597,0.6191,0.7819,0.4999,0.549,0.3883,0.5853,0.6699,0.5822,0.5207,0.3184,0.4699,0.2589,0.5149,0.3008,0.2008,0.1705,0.3444,
1.0,0.9983,0.9695,0.9678,0.9679,0.9977,0.9949,0.9908,0.9854,0.9242,0.7358,0.9303,0.9091,0.8381,0.8013,0.8559,0.691,0.8238,0.9418,0.7849,0.6098,0.9536,0.7192,0.6223,0.6056,0.6176,0.8621,0.5731,0.6219,0.7836,0.507,0.5502,0.386,0.5865,0.6755,0.5804,0.5286,0.3208,0.4834,0.2612,0.5269,0.3106,0.2083,0.1673,0.3512,
1.0,0.9984,0.9721,0.9705,0.9681,0.9963,0.9935,0.9895,0.9832,0.9236,0.7357,0.9349,0.9084,0.841,0.8033,0.8596,0.6871,0.8249,0.9384,0.7826,0.6169,0.9513,0.7306,0.63,0.6201,0.6151,0.8588,0.5677,0.6379,0.7786,0.499,0.5534,0.3896,0.6,0.6846,0.5935,0.5264,0.3177,0.4836,0.2719,0.5287,0.3116,0.2043,0.1651,0.3455,
1.0,0.998,0.9676,0.9656,0.9707,0.9974,0.9948,0.9905,0.9859,0.922,0.7415,0.9309,0.9075,0.8434,0.805,0.8544,0.6901,0.8302,0.9421,0.7821,0.6123,0.9502,0.7171,0.624,0.604,0.6155,0.8587,0.5708,0.6173,0.7791,0.5,0.5475,0.3892,0.5895,0.675,0.583,0.5188,0.319,0.4759,0.2584,0.5208,0.3029,0.2005,0.1617,0.3544,
1.0,0.9986,0.9637,0.9623,0.9704,0.997,0.9945,0.9895,0.9849,0.9245,0.7367,0.9283,0.9085,0.8381,0.8016,0.8553,0.6834,0.8236,0.9376,0.7849,0.6062,0.9499,0.7178,0.6128,0.5871,0.6113,0.8548,0.5603,0.608,0.7807,0.501,0.5417,0.3733,0.5752,0.6669,0.5725,0.5227,0.3092,0.4695,0.262,0.5136,0.2952,0.2033,0.1644,0.3441,
1.0,0.9982,0.9688,0.967,0.9688,0.9974,0.9946,0.9906,0.9849,0.9235,0.7379,0.9292,0.907,0.8404,0.8005,0.8529,0.6822,0.8257,0.9378,0.7755,0.6107,0.9484,0.7174,0.6225,0.5985,0.6118,0.8516,0.5619,0.6178,0.7836,0.4979,0.5544,0.3774,0.5869,0.6692,0.5764,0.5095,0.314,0.4711,0.2546,0.5245,0.3014,0.2011,0.1562,0.3509,
1.0,0.9991,0.9689,0.968,0.968,0.997,0.9949,0.9912,0.9867,0.9254,0.7425,0.9296,0.9092,0.8446,0.8099,0.8561,0.6923,0.8335,0.9449,0.7834,0.6148,0.952,0.7198,0.6265,0.6011,0.6231,0.8511,0.5699,0.6209,0.7804,0.5099,0.562,0.3865,0.5924,0.6753,0.5793,0.5233,0.3194,0.4678,0.2686,0.5205,0.3089,0.2073,0.1659,0.3577,
1.0,0.9987,0.9675,0.9662,0.9675,0.9974,0.9941,0.9883,0.9848,0.9296,0.743,0.9284,0.9111,0.8417,0.8037,0.8597,0.6868,0.828,0.9408,0.7853,0.6174,0.9514,0.7263,0.6223,0.5999,0.6201,0.8523,0.5684,0.6195,0.7833,0.516,0.5506,0.385,0.5786,0.6722,0.5839,0.5217,0.3194,0.4663,0.2621,0.5157,0.3161,0.2094,0.1609,0.3445,
1.0,0.9983,0.9658,0.9641,0.9689,0.9978,0.9953,0.9889,0.9828,0.9254,0.7438,0.9278,0.9086,0.8482,0.8059,0.8544,0.6884,0.8345,0.9408,0.7831,0.6202,0.9509,0.7244,0.6267,0.6048,0.6237,0.8571,0.5785,0.6203,0.7833,0.5049,0.5589,0.3819,0.5832,0.6716,0.5873,0.5161,0.3142,0.4747,0.265,0.5215,0.3084,0.2017,0.1545,0.354,
1.0,0.9995,0.9646,0.9641,0.969,0.9972,0.9956,0.99,0.9848,0.9239,0.7332,0.9265,0.9055,0.835,0.7981,0.852,0.681,0.8217,0.9409,0.7834,0.607,0.953,0.7198,0.618,0.6029,0.6093,0.8522,0.5571,0.6206,0.7779,0.5095,0.5386,0.3815,0.5924,0.6782,0.5892,0.515,0.3054,0.4845,0.2592,0.5211,0.3188,0.2071,0.1589,0.3537,
1.0,0.999,0.9658,0.9648,0.9687,0.9972,0.996,0.9923,0.9855,0.9218,0.7331,0.9281,0.9074,0.8396,0.8009,0.85,0.6782,0.8271,0.9388,0.7746,0.6051,0.9559,0.7202,0.6155,0.6043,0.6119,0.8489,0.5561,0.6162,0.7752,0.4964,0.548,0.3765,0.5855,0.6748,0.5752,0.5081,0.3148,0.4688,0.2536,0.5156,0.3012,0.1999,0.1536,0.3445,
1.0,0.999,0.971,0.97,0.97,0.9975,0.996,0.99,0.9841,0.9178,0.7282,0.9354,0.9026,0.8378,0.8017,0.8541,0.6839,0.8252,0.9424,0.7785,0.608,0.9506,0.7176,0.6272,0.611,0.6066,0.8533,0.5672,0.6251,0.7799,0.505,0.5518,0.3873,0.5934,0.6735,0.583,0.518,0.3118,0.4815,0.2623,0.5213,0.3064,0.2039,0.1646,0.3495,
1.0,0.9989,0.9664,0.9653,0.9713,0.9973,0.9946,0.9874,0.9826,0.92,0.7368,0.9318,0.9018,0.8433,0.805,0.8539,0.6868,0.8299,0.9408,0.7831,0.6103,0.9487,0.7159,0.6257,0.603,0.62,0.8521,0.5714,0.6175,0.7801,0.5086,0.5516,0.3918,0.5816,0.6687,0.5755,0.5226,0.3152,0.4699,0.2582,0.5232,0.3095,0.2046,0.1622,0.3506,
1.0,0.9988,0.9677,0.9665,0.9682,0.9973,0.995,0.9902,0.9855,0.9176,0.7328,0.9301,0.9025,0.8419,0.8049,0.849,0.6848,0.8282,0.9375,0.7731,0.6027,0.951,0.7108,0.6185,0.5995,0.6053,0.8518,0.5626,0.6132,0.7701,0.4908,0.5537,0.385,0.5899,0.6755,0.5731,0.5216,0.3138,0.4713,0.2532,0.5239,0.3025,0.2015,0.1599,0.3484,
1.0,0.9991,0.969,0.9681,0.9708,0.9982,0.9966,0.9917,0.9871,0.9234,0.7339,0.9322,0.9083,0.8359,0.7974,0.8561,0.6826,0.8237,0.9431,0.7812,0.6071,0.9508,0.7198,0.624,0.6125,0.611,0.8562,0.5696,0.6264,0.782,0.502,0.555,0.3921,0.5865,0.6745,0.5842,0.5172,0.3214,0.4655,0.2603,0.5162,0.3053,0.2091,0.165,0.3479,
1.0,0.999,0.967,0.966,0.9719,0.9976,0.9956,0.9911,0.9858,0.9269,0.7429,0.9333,0.9121,0.8411,0.8056,0.8608,0.6864,0.8285,0.9357,0.7897,0.6156,0.9558,0.7319,0.6247,0.6038,0.6118,0.8579,0.5595,0.6186,0.7915,0.5064,0.5391,0.3884,0.5881,0.6676,0.5796,0.5166,0.3141,0.4806,0.2609,0.519,0.3171,0.2163,0.1613,0.3563,
1.0,0.9988,0.9681,0.9669,0.9696,0.9971,0.9952,0.9899,0.9856,0.9246,0.7428,0.9305,0.908,0.8439,0.8055,0.8574,0.6918,0.833,0.9464,0.7834,0.6158,0.9496,0.7245,0.6297,0.6129,0.6218,0.858,0.5786,0.6298,0.7852,0.5131,0.5667,0.3992,0.5922,0.6771,0.5906,0.5174,0.3304,0.4825,0.2631,0.5337,0.3183,0.2155,0.1623,0.3611,
1.0,0.9992,0.9692,0.9684,0.9708,0.9977,0.9959,0.9903,0.9857,0.9236,0.7387,0.9344,0.9085,0.8398,0.8038,0.8586,0.6935,0.8272,0.9404,0.7874,0.6109,0.9542,0.7208,0.6243,0.6081,0.613,0.8598,0.5732,0.6225,0.7849,0.5152,0.5496,0.3931,0.5916,0.6775,0.5847,0.5241,0.3176,0.4816,0.2634,0.5215,0.3183,0.2204,0.1606,0.3599,
1.0,0.999,0.9624,0.9614,0.9687,0.997,0.9948,0.9912,0.9849,0.924,0.7366,0.9244,0.9081,0.8413,0.8033,0.8496,0.6853,0.8266,0.9367,0.7851,0.6158,0.953,0.7265,0.6216,0.6032,0.6143,0.859,0.5634,0.6186,0.776,0.4969,0.5447,0.3857,0.5844,0.672,0.5826,0.5196,0.3087,0.4751,0.265,0.5219,0.3039,0.208,0.1552,0.3545,
1.0,0.9992,0.9673,0.9665,0.971,0.9966,0.9945,0.9903,0.9851,0.9249,0.7321,0.9323,0.9078,0.8338,0.796,0.859,0.6753,0.8204,0.9349,0.7808,0.6012,0.9529,0.7286,0.6156,0.6145,0.6069,0.8527,0.5545,0.6234,0.7823,0.5018,0.542,0.3918,0.5941,0.6709,0.5882,0.5169,0.3095,0.4748,0.2583,0.5196,0.3139,0.2037,0.16,0.3479,
1.0,0.9992,0.9659,0.9651,0.9687,0.9981,0.9959,0.9909,0.9873,0.9245,0.7386,0.9288,0.9097,0.8408,0.8058,0.8542,0.6932,0.8297,0.9413,0.7893,0.6112,0.9553,0.722,0.6209,0.5956,0.6162,0.8619,0.5716,0.6118,0.7826,0.5055,0.5516,0.3849,0.5811,0.6748,0.5723,0.5223,0.3198,0.477,0.2571,0.5279,0.3038,0.2082,0.1612,0.3496,
1.0,0.9991,0.9682,0.9673,0.9705,0.9966,0.9946,0.9916,0.9873,0.9223,0.7338,0.9327,0.9063,0.8364,0.8012,0.8559,0.6828,0.8247,0.9398,0.7819,0.6104,0.9534,0.7257,0.6238,0.6091,0.61,0.8573,0.5626,0.6181,0.7824,0.5101,0.5444,0.3979,0.5935,0.6704,0.5824,0.5214,0.3133,0.4832,0.2596,0.5236,0.3186,0.2048,0.1686,0.356,
1.0,0.9991,0.9684,0.9675,0.97,0.9975,0.9957,0.9901,0.9834,0.9184,0.7293,0.9323,0.9026,0.8376,0.7989,0.853,0.6799,0.8232,0.9402,0.7755,0.6066,0.9538,0.7206,0.625,0.6166,0.6148,0.8519,0.5661,0.6207,0.7776,0.5084,0.5545,0.3979,0.5925,0.6714,0.5824,0.5175,0.3238,0.4809,0.2574,0.5189,0.3129,0.2045,0.1659,0.3542,
1.0,0.9986,0.9695,0.9681,0.9682,0.9967,0.9946,0.9905,0.9849,0.9234,0.7272,0.9313,0.9073,0.8311,0.7904,0.8559,0.6693,0.8185,0.9416,0.7744,0.6033,0.9512,0.7195,0.6149,0.6039,0.6006,0.8512,0.5518,0.6155,0.7751,0.4957,0.5422,0.3889,0.5908,0.6694,0.5758,0.5079,0.3079,0.4663,0.2531,0.5126,0.303,0.2029,0.1575,0.3353,
1.0,0.9989,0.966,0.9649,0.9684,0.9973,0.9951,0.9897,0.984,0.9253,0.7423,0.9286,0.9092,0.8459,0.8069,0.8556,0.6897,0.8317,0.9399,0.7847,0.6172,0.9536,0.7224,0.6248,0.6006,0.6215,0.8544,0.5772,0.6228,0.7818,0.512,0.5633,0.3857,0.5902,0.6781,0.5922,0.5213,0.324,0.4759,0.263,0.5219,0.3129,0.2118,0.1636,0.3546,
1.0,0.999,0.9648,0.9638,0.9702,0.9964,0.9943,0.9898,0.9846,0.9226,0.7339,0.9297,0.9064,0.8367,0.7984,0.8538,0.6762,0.8227,0.9376,0.7801,0.6123,0.9495,0.7259,0.62,0.6057,0.6067,0.8518,0.563,0.6261,0.7775,0.496,0.5443,0.3814,0.5884,0.6698,0.5863,0.5193,0.3098,0.475,0.2652,0.5255,0.3047,0.2092,0.1639,0.3526,
1.0,0.9991,0.9665,0.9656,0.9674,0.9974,0.9956,0.9901,0.9839,0.9199,0.7363,0.9287,0.9047,0.8439,0.8068,0.8499,0.6864,0.8301,0.9389,0.778,0.6105,0.9522,0.7154,0.6204,0.5969,0.6124,0.8558,0.5664,0.6106,0.7719,0.4902,0.5483,0.3775,0.588,0.6669,0.5702,0.5126,0.3111,0.4742,0.2508,0.515,0.3,0.1937,0.1544,0.3587,
1.0,0.9991,0.9644,0.9635,0.9688,0.9978,0.9963,0.9913,0.9848,0.9285,0.737,0.9278,0.914,0.837,0.802,0.8582,0.6814,0.8235,0.9408,0.7892,0.6086,0.9538,0.727,0.6142,0.6056,0.6214,0.8607,0.5683,0.6179,0.7864,0.5111,0.5468,0.391,0.5937,0.6699,0.584,0.5155,0.3243,0.4864,0.2611,0.5235,0.3158,0.2063,0.1639,0.3586,
1.0,0.9991,0.9662,0.9653,0.9689,0.997,0.9942,0.9905,0.9872,0.9243,0.7349,0.9277,0.9072,0.8364,0.801,0.854,0.6803,0.8236,0.944,0.7776,0.6091,0.9498,0.7199,0.6216,0.6011,0.6118,0.8493,0.5624,0.6182,0.7804,0.5007,0.5453,0.3776,0.5786,0.6688,0.5815,0.5157,0.3124,0.4678,0.2569,0.5171,0.3006,0.1971,0.1614,0.3441,
1.0,0.9992,0.9667,0.9659,0.9735,0.9971,0.9954,0.9908,0.985,0.9245,0.7417,0.9344,0.9084,0.8424,0.8033,0.8606,0.6823,0.8282,0.9402,0.7831,0.6147,0.9538,0.7297,0.6285,0.6135,0.6183,0.8527,0.5689,0.6264,0.7847,0.5015,0.5551,0.3962,0.5912,0.6715,0.5875,0.5201,0.3139,0.482,0.2653,0.5202,0.3026,0.198,0.1732,0.3527,
1.0,0.9994,0.9679,0.9673,0.9701,0.9976,0.9959,0.9924,0.9861,0.9236,0.7403,0.9325,0.9102,0.8411,0.8037,0.8574,0.6879,0.8259,0.9395,0.7822,0.6132,0.952,0.7204,0.6256,0.6101,0.6193,0.8562,0.5665,0.6284,0.7792,0.4953,0.5595,0.3865,0.5932,0.6837,0.5914,0.5265,0.3094,0.4782,0.2684,0.5286,0.3069,0.2168,0.1694,0.3542,
1.0,0.9988,0.9653,0.9641,0.9703,0.9975,0.9951,0.9911,0.9869,0.9232,0.7358,0.9285,0.9078,0.8372,0.8012,0.8535,0.6849,0.8246,0.9395,0.7871,0.6062,0.9542,0.7189,0.6183,0.6051,0.6133,0.8583,0.5663,0.6182,0.7848,0.5087,0.5507,0.3843,0.5845,0.6694,0.5799,0.5203,0.318,0.4701,0.2608,0.5146,0.3115,0.2074,0.1623,0.3541,
1.0,0.9993,0.9672,0.9665,0.9703,0.997,0.9954,0.9907,0.9855,0.9258,0.7391,0.9313,0.9094,0.8394,0.7999,0.8577,0.6858,0.8252,0.9401,0.7866,0.6093,0.9496,0.7215,0.6201,0.598,0.61,0.8569,0.5653,0.6211,0.7813,0.5088,0.5507,0.388,0.5861,0.6792,0.5817,0.5236,0.3173,0.4736,0.2629,0.5312,0.3157,0.2117,0.1668,0.3535,
1.0,0.9997,0.9661,0.9658,0.9717,0.9976,0.9959,0.9913,0.9869,0.9235,0.7378,0.9326,0.9081,0.838,0.8027,0.8583,0.6798,0.8263,0.9422,0.7807,0.6146,0.9542,0.7208,0.6264,0.6099,0.6154,0.8519,0.56,0.6224,0.7816,0.5016,0.5532,0.3935,0.5976,0.6739,0.5855,0.5161,0.3126,0.481,0.2651,0.5192,0.3116,0.2069,0.1607,0.3579,
1.0,0.9995,0.9659,0.9654,0.9705,0.9977,0.9961,0.9916,0.9865,0.9252,0.7419,0.93,0.9101,0.8401,0.8035,0.8563,0.6879,0.8272,0.9413,0.7873,0.6149,0.9539,0.7277,0.6253,0.6086,0.6165,0.8578,0.5596,0.6233,0.7805,0.5007,0.5453,0.3823,0.5805,0.6749,0.5842,0.5212,0.3105,0.473,0.2647,0.5221,0.3033,0.2008,0.1567,0.3524,
1.0,0.9991,0.9672,0.9663,0.9709,0.9971,0.9961,0.9929,0.9862,0.9207,0.7305,0.933,0.9076,0.834,0.7987,0.8558,0.6857,0.8213,0.943,0.7881,0.6072,0.9562,0.7226,0.6208,0.6079,0.6053,0.8652,0.5624,0.6273,0.7834,0.5083,0.5461,0.3875,0.6064,0.684,0.5858,0.5231,0.315,0.484,0.265,0.534,0.3164,0.2147,0.1552,0.3644,
1.0,0.9988,0.9681,0.9669,0.9709,0.9974,0.9948,0.9886,0.984,0.9221,0.732,0.9328,0.9048,0.8386,0.8001,0.8558,0.6805,0.8241,0.9436,0.7828,0.6138,0.9505,0.7213,0.6268,0.6052,0.6101,0.8539,0.5697,0.6186,0.7803,0.5129,0.5493,0.3894,0.5902,0.6805,0.593,0.5238,0.3188,0.4818,0.2611,0.5332,0.3186,0.2094,0.1691,0.3559,
1.0,0.9988,0.9699,0.9687,0.9709,0.9974,0.9949,0.9916,0.9863,0.925,0.7392,0.934,0.9101,0.8403,0.8022,0.8598,0.6874,0.8262,0.9385,0.784,0.606,0.9544,0.721,0.6204,0.6058,0.6142,0.8572,0.5651,0.6198,0.7863,0.5064,0.5525,0.392,0.5931,0.6742,0.5799,0.5204,0.3191,0.4777,0.251,0.5212,0.3114,0.2139,0.1635,0.3547,
1.0,0.999,0.9678,0.9668,0.9697,0.9974,0.9955,0.9911,0.9871,0.9257,0.7418,0.9308,0.9093,0.8405,0.804,0.8576,0.6866,0.8294,0.9413,0.7823,0.6123,0.9554,0.7292,0.6239,0.6132,0.6169,0.8582,0.5643,0.624,0.7861,0.5023,0.5532,0.3878,0.6016,0.6761,0.5872,0.5148,0.3086,0.4846,0.2671,0.5202,0.3113,0.1971,0.1611,0.3669,
1.0,0.9988,0.9674,0.9662,0.9681,0.9973,0.9947,0.9911,0.9858,0.9255,0.7348,0.9281,0.9089,0.8383,0.8011,0.8556,0.682,0.8236,0.9404,0.7805,0.6127,0.9529,0.7245,0.6243,0.6085,0.6135,0.8533,0.5628,0.6226,0.7824,0.5064,0.552,0.3875,0.5894,0.6815,0.586,0.5146,0.3178,0.4821,0.2546,0.5211,0.3183,0.2083,0.1628,0.3594,
1.0,0.999,0.9689,0.9679,0.9708,0.9975,0.9954,0.9894,0.9842,0.9266,0.737,0.9327,0.909,0.8362,0.7974,0.8594,0.6834,0.8235,0.9401,0.7857,0.6116,0.9525,0.7283,0.6225,0.607,0.6137,0.8568,0.5572,0.625,0.7859,0.517,0.551,0.3974,0.5951,0.6757,0.589,0.5217,0.3072,0.4762,0.2648,0.5218,0.3196,0.217,0.1639,0.356,
1.0,0.9986,0.9695,0.9681,0.9686,0.9975,0.9951,0.9903,0.9842,0.9228,0.7309,0.9317,0.9075,0.8358,0.7966,0.8557,0.6818,0.8232,0.9411,0.7818,0.6081,0.9535,0.7181,0.6201,0.6021,0.6098,0.8578,0.5698,0.6181,0.7811,0.5061,0.5531,0.3874,0.5906,0.6771,0.5775,0.5228,0.3126,0.4787,0.2536,0.5199,0.3097,0.2095,0.1597,0.3511,
1.0,0.9987,0.9695,0.9682,0.9684,0.9972,0.9949,0.9889,0.9829,0.9198,0.7319,0.9306,0.9025,0.8438,0.8045,0.8531,0.6871,0.829,0.9412,0.7769,0.613,0.9532,0.7185,0.6294,0.6093,0.6196,0.8547,0.5748,0.6136,0.7787,0.5072,0.556,0.3914,0.586,0.6708,0.5817,0.5294,0.3184,0.4814,0.2516,0.5155,0.3101,0.2051,0.171,0.3452,
1.0,0.999,0.9678,0.9668,0.9709,0.9968,0.9944,0.99,0.9867,0.9281,0.745,0.9309,0.9102,0.8406,0.8046,0.8593,0.6885,0.8276,0.9397,0.7879,0.6147,0.9496,0.7222,0.6244,0.6064,0.6191,0.8531,0.563,0.6267,0.786,0.5113,0.5512,0.3889,0.5964,0.681,0.5903,0.5213,0.3202,0.4777,0.2659,0.5228,0.3186,0.2169,0.1693,0.3593,
1.0,0.9989,0.9705,0.9694,0.9698,0.9969,0.9945,0.9911,0.9848,0.9229,0.7355,0.9329,0.9064,0.8382,0.7982,0.8564,0.6867,0.8237,0.9363,0.7822,0.6143,0.9539,0.7275,0.6268,0.6145,0.61,0.8582,0.5664,0.6263,0.7836,0.5062,0.5519,0.3919,0.5884,0.6706,0.583,0.521,0.3187,0.4792,0.2652,0.5274,0.3111,0.2137,0.166,0.3502,
1.0,0.9983,0.9671,0.9654,0.9694,0.9971,0.9943,0.9885,0.9846,0.9305,0.7487,0.9291,0.9123,0.8454,0.8062,0.8605,0.6848,0.8329,0.9404,0.7824,0.6202,0.9509,0.7293,0.6249,0.605,0.6215,0.8501,0.5641,0.628,0.7862,0.5094,0.5551,0.3908,0.5966,0.6785,0.5883,0.5207,0.3222,0.4771,0.2688,0.5215,0.3157,0.2102,0.1611,0.3594,
1.0,0.9995,0.9668,0.9663,0.9688,0.9982,0.9968,0.9916,0.9859,0.9223,0.7302,0.9295,0.9079,0.8341,0.7977,0.8542,0.6852,0.8204,0.9426,0.7847,0.6024,0.9536,0.7176,0.6161,0.6005,0.6107,0.8605,0.5644,0.6117,0.779,0.5024,0.5408,0.3851,0.5923,0.674,0.58,0.5225,0.3091,0.4874,0.2524,0.5259,0.3087,0.2024,0.1601,0.349,
1.0,0.9983,0.9676,0.9659,0.9717,0.9973,0.9948,0.9916,0.9862,0.9239,0.7398,0.9316,0.909,0.8409,0.8038,0.8564,0.6869,0.8281,0.94,0.7816,0.6077,0.9564,0.721,0.6229,0.6052,0.616,0.8561,0.5675,0.6164,0.7857,0.5097,0.5522,0.3874,0.5874,0.6702,0.5794,0.5189,0.3159,0.4762,0.2505,0.5156,0.3142,0.2079,0.1581,0.3547,
1.0,0.9986,0.9646,0.9632,0.9696,0.9978,0.9959,0.9906,0.9861,0.9254,0.7381,0.9281,0.9104,0.8364,0.7982,0.8546,0.6826,0.8249,0.9464,0.7856,0.6127,0.9544,0.7212,0.6182,0.6033,0.6185,0.8598,0.5724,0.6119,0.7799,0.503,0.5456,0.3837,0.5884,0.6746,0.5837,0.5253,0.3207,0.4828,0.2595,0.5246,0.3096,0.1996,0.1644,0.3582,
1.0,0.9986,0.965,0.9636,0.9695,0.9981,0.9958,0.9894,0.9838,0.9207,0.7325,0.9283,0.9059,0.8393,0.7982,0.85,0.6782,0.8264,0.9399,0.7739,0.6057,0.9554,0.7241,0.6173,0.6081,0.6117,0.8521,0.5647,0.6201,0.7735,0.4951,0.5524,0.3819,0.5872,0.675,0.5844,0.5241,0.3208,0.4746,0.2561,0.5198,0.3053,0.1998,0.1672,0.3492,
1.0,0.9988,0.9686,0.9674,0.9688,0.9975,0.9952,0.9913,0.9872,0.9231,0.7343,0.9313,0.9087,0.8364,0.8006,0.856,0.687,0.824,0.9439,0.7847,0.6099,0.9543,0.7241,0.62,0.6089,0.6129,0.8637,0.5697,0.6199,0.7799,0.5,0.5497,0.3886,0.5891,0.6743,0.5813,0.5207,0.3146,0.4828,0.2599,0.5252,0.2988,0.1995,0.165,0.3499,
1.0,0.9992,0.9656,0.9648,0.9722,0.9968,0.9954,0.9923,0.9877,0.9303,0.75,0.9322,0.9156,0.843,0.8068,0.863,0.6827,0.8323,0.9432,0.784,0.6142,0.9559,0.7254,0.6231,0.6065,0.6208,0.8544,0.5612,0.624,0.7896,0.5096,0.551,0.3828,0.5953,0.6793,0.5912,0.5191,0.3141,0.4798,0.2657,0.5192,0.3221,0.2143,0.155,0.3591,
1.0,0.9989,0.9658,0.9647,0.9732,0.997,0.9948,0.9915,0.9859,0.9235,0.7401,0.9324,0.9087,0.8413,0.8038,0.8574,0.6852,0.829,0.9429,0.786,0.6151,0.9529,0.7254,0.6304,0.6035,0.6163,0.8575,0.571,0.6142,0.7837,0.4967,0.5479,0.3882,0.5767,0.6634,0.581,0.5142,0.311,0.4758,0.2545,0.5242,0.3012,0.1978,0.1585,0.3485,
1.0,0.9985,0.9699,0.9684,0.9704,0.997,0.9949,0.9906,0.9829,0.9245,0.7387,0.934,0.91,0.8389,0.8001,0.8603,0.6826,0.8233,0.9364,0.7841,0.6079,0.9552,0.7227,0.6185,0.6038,0.6113,0.8589,0.5631,0.6224,0.7839,0.5001,0.5512,0.3835,0.6007,0.6844,0.5753,0.5129,0.3109,0.4832,0.2573,0.5279,0.3089,0.2057,0.1579,0.3588,
1.0,0.9984,0.9673,0.9657,0.9683,0.9975,0.9947,0.9896,0.9841,0.9253,0.7314,0.9293,0.9096,0.8329,0.7968,0.856,0.6781,0.8188,0.9371,0.7852,0.6086,0.9525,0.727,0.6165,0.6058,0.6069,0.8521,0.5568,0.6268,0.7814,0.509,0.5371,0.3893,0.5921,0.6726,0.5908,0.525,0.3155,0.477,0.2658,0.5269,0.3154,0.2045,0.1703,0.3488,
1.0,0.9986,0.966,0.9646,0.9698,0.9982,0.9965,0.9909,0.9851,0.9251,0.7345,0.9278,0.9096,0.8359,0.7963,0.8538,0.6801,0.8239,0.9426,0.7844,0.6142,0.9545,0.7297,0.6243,0.6155,0.6166,0.8578,0.5658,0.6232,0.7867,0.5028,0.5521,0.3903,0.5869,0.6697,0.5871,0.5204,0.309,0.4777,0.2646,0.519,0.3058,0.2085,0.1635,0.3495,
1.0,0.9991,0.9663,0.9654,0.9706,0.997,0.9954,0.9901,0.9848,0.9271,0.7406,0.9304,0.9102,0.8403,0.8015,0.8585,0.6816,0.8285,0.9385,0.7853,0.6139,0.9529,0.7264,0.6232,0.6035,0.6123,0.8519,0.5627,0.6258,0.7827,0.5175,0.5538,0.3887,0.5846,0.6775,0.5828,0.5175,0.3143,0.4712,0.2679,0.5305,0.318,0.2159,0.1599,0.3476,
1.0,0.9994,0.9674,0.9668,0.9655,0.9966,0.9946,0.9903,0.9851,0.9197,0.7251,0.9269,0.903,0.8366,0.7995,0.8484,0.6861,0.8219,0.9382,0.7808,0.6048,0.9505,0.7175,0.6172,0.6001,0.6061,0.8604,0.5612,0.6125,0.7703,0.4877,0.5435,0.3766,0.5845,0.6696,0.5746,0.5146,0.3062,0.4859,0.2546,0.5294,0.2959,0.1961,0.1589,0.3581,
1.0,0.9988,0.9695,0.9683,0.9693,0.9968,0.9952,0.9913,0.9844,0.9209,0.7342,0.9313,0.905,0.8401,0.8006,0.8538,0.688,0.8272,0.9413,0.7842,0.6097,0.9526,0.7156,0.6254,0.6001,0.6136,0.8615,0.5712,0.617,0.7749,0.4959,0.5528,0.3857,0.5858,0.6742,0.5731,0.528,0.315,0.4773,0.2682,0.5329,0.3016,0.2078,0.1579,0.3567,
1.0,0.9992,0.9685,0.9677,0.969,0.9976,0.9958,0.9916,0.9863,0.9245,0.7292,0.9319,0.9096,0.8322,0.7932,0.8587,0.6787,0.8189,0.9402,0.7812,0.6028,0.9539,0.719,0.6128,0.6046,0.6047,0.8583,0.5593,0.6179,0.7812,0.5105,0.5479,0.3863,0.5861,0.6776,0.5819,0.5288,0.3194,0.4824,0.2574,0.5262,0.3156,0.215,0.1608,0.3576,
1.0,0.9996,0.9654,0.965,0.9703,0.9977,0.9968,0.9927,0.9866,0.9239,0.7457,0.9312,0.9111,0.8438,0.8072,0.8567,0.6875,0.8312,0.9409,0.7823,0.6179,0.9541,0.7244,0.6253,0.6009,0.617,0.86,0.5707,0.6185,0.7838,0.5113,0.558,0.3967,0.5905,0.6781,0.5769,0.518,0.326,0.4735,0.2596,0.5229,0.3136,0.2137,0.1542,0.3538,
1.0,0.9992,0.968,0.9672,0.9667,0.9979,0.9963,0.9924,0.9873,0.9201,0.734,0.9271,0.9053,0.8415,0.8043,0.8497,0.6905,0.83,0.9442,0.7748,0.6052,0.9528,0.7123,0.6197,0.5982,0.6095,0.8608,0.5659,0.6106,0.7783,0.5015,0.5493,0.386,0.5931,0.677,0.5736,0.5165,0.3225,0.4826,0.2537,0.5279,0.3142,0.2037,0.1562,0.3572,
1.0,0.9988,0.9646,0.9634,0.9725,0.9972,0.9947,0.9895,0.985,0.9199,0.7412,0.9308,0.9039,0.8438,0.8062,0.8525,0.685,0.8313,0.9396,0.7823,0.6109,0.9497,0.7162,0.6259,0.6069,0.6169,0.8534,0.57,0.6215,0.7795,0.4983,0.5527,0.3856,0.5922,0.6724,0.5831,0.5197,0.3156,0.4724,0.2642,0.5162,0.3091,0.2098,0.1611,0.3595,
1.0,0.9992,0.9662,0.9654,0.9704,0.9975,0.9959,0.9913,0.9858,0.9276,0.7395,0.9315,0.9128,0.8359,0.7981,0.8608,0.6821,0.823,0.94,0.7874,0.6102,0.9515,0.7229,0.618,0.6046,0.6146,0.8573,0.5657,0.6211,0.7851,0.5104,0.5466,0.395,0.5871,0.67,0.5834,0.5201,0.322,0.4782,0.2625,0.5243,0.3178,0.213,0.1666,0.345,
1.0,0.9992,0.9674,0.9666,0.972,0.9975,0.996,0.9902,0.9843,0.929,0.7362,0.9326,0.9117,0.836,0.7966,0.8626,0.6767,0.8223,0.9398,0.7878,0.6074,0.9519,0.7231,0.6177,0.6057,0.6132,0.8527,0.5596,0.6239,0.7892,0.5066,0.5499,0.3852,0.5977,0.682,0.5857,0.5156,0.3096,0.4798,0.2608,0.5272,0.3186,0.207,0.1611,0.3553,
1.0,0.9989,0.9625,0.9614,0.9681,0.9976,0.9957,0.9899,0.9847,0.9243,0.7303,0.9239,0.9079,0.8357,0.7969,0.8496,0.6779,0.8227,0.9382,0.7796,0.6131,0.9506,0.7277,0.6184,0.6056,0.6058,0.8565,0.5601,0.6235,0.7805,0.4982,0.54,0.3846,0.5883,0.6634,0.5888,0.515,0.3083,0.4749,0.2608,0.5237,0.31,0.2012,0.1645,0.3498,
1.0,0.9994,0.9678,0.9672,0.9664,0.9977,0.9963,0.9915,0.9871,0.9252,0.7403,0.9281,0.9098,0.846,0.8099,0.854,0.6949,0.8346,0.9413,0.7825,0.6144,0.9544,0.7194,0.6251,0.5979,0.6181,0.8589,0.5779,0.6144,0.7819,0.499,0.5613,0.3787,0.5909,0.6723,0.5752,0.5214,0.3153,0.4741,0.2623,0.5215,0.3001,0.2042,0.157,0.3617,
1.0,0.9992,0.969,0.9682,0.9684,0.9977,0.9958,0.9908,0.9866,0.9234,0.7373,0.9324,0.9085,0.8417,0.8064,0.8579,0.6865,0.8292,0.9412,0.7808,0.6126,0.95,0.7197,0.624,0.6038,0.6101,0.8563,0.5658,0.6299,0.7782,0.5055,0.554,0.3941,0.5956,0.6775,0.5814,0.5225,0.3179,0.48,0.271,0.5274,0.3155,0.2072,0.1646,0.3619,
1.0,0.9993,0.9688,0.9681,0.9681,0.9973,0.9949,0.9892,0.9847,0.9219,0.7313,0.9304,0.9037,0.8361,0.7984,0.8526,0.6796,0.823,0.942,0.778,0.6058,0.9508,0.7142,0.6185,0.5954,0.6074,0.8494,0.5634,0.6142,0.7807,0.5039,0.5517,0.3846,0.5894,0.6756,0.577,0.5153,0.3148,0.4718,0.254,0.521,0.3062,0.2047,0.1595,0.3481,
1.0,0.999,0.9681,0.9671,0.9669,0.9973,0.9958,0.9924,0.9862,0.9221,0.7336,0.9288,0.9075,0.8412,0.8036,0.8531,0.6843,0.8281,0.9405,0.7754,0.6108,0.9562,0.7213,0.6231,0.6027,0.6089,0.8543,0.5645,0.6184,0.778,0.5045,0.5555,0.3846,0.5855,0.6748,0.582,0.5213,0.3132,0.4744,0.2621,0.5226,0.3065,0.2112,0.158,0.3505,
1.0,0.9988,0.9663,0.9651,0.9688,0.997,0.9949,0.9902,0.9841,0.924,0.739,0.927,0.9061,0.8439,0.8023,0.8534,0.6835,0.8307,0.9414,0.7793,0.6169,0.9509,0.7219,0.6273,0.6073,0.612,0.8543,0.5676,0.6245,0.7797,0.5036,0.5538,0.3848,0.5866,0.6715,0.5849,0.5237,0.3143,0.4845,0.2665,0.5283,0.3103,0.2058,0.1639,0.3564,
1.0,0.9983,0.9679,0.9662,0.97,0.9968,0.9942,0.9915,0.9872,0.9205,0.7386,0.9313,0.9062,0.8402,0.8026,0.8525,0.6838,0.8276,0.9441,0.7769,0.613,0.9511,0.7201,0.624,0.6083,0.6143,0.857,0.5668,0.6197,0.7803,0.5037,0.5577,0.3936,0.5956,0.6793,0.5872,0.5231,0.3238,0.4756,0.2656,0.5228,0.3107,0.2117,0.1653,0.3558,
1.0,0.9991,0.9684,0.9675,0.9696,0.997,0.9954,0.9905,0.9834,0.9211,0.7319,0.9325,0.905,0.8357,0.794,0.854,0.6744,0.8212,0.9362,0.7751,0.6077,0.9494,0.7193,0.6225,0.6058,0.6061,0.8554,0.5593,0.623,0.7782,0.4997,0.5463,0.3864,0.5902,0.6719,0.5733,0.5166,0.3175,0.4755,0.2602,0.5245,0.3047,0.2127,0.1712,0.3501,
1.0,0.9992,0.9652,0.9644,0.9706,0.9973,0.9956,0.991,0.9862,0.9157,0.73,0.9295,0.9001,0.8379,0.7995,0.847,0.6816,0.8262,0.9374,0.7754,0.6001,0.9541,0.7142,0.6156,0.6034,0.6008,0.8573,0.5607,0.6068,0.7711,0.4973,0.5406,0.386,0.5793,0.665,0.5733,0.5191,0.3191,0.4758,0.2585,0.5216,0.3039,0.2064,0.1604,0.3494,
1.0,0.9988,0.9697,0.9685,0.9688,0.9968,0.995,0.991,0.9847,0.9199,0.7291,0.9317,0.9037,0.8382,0.7994,0.8526,0.6879,0.8246,0.9389,0.7814,0.6076,0.954,0.7238,0.6259,0.6099,0.6031,0.859,0.5668,0.621,0.7799,0.5061,0.5514,0.3933,0.5888,0.6743,0.5828,0.5255,0.3177,0.4803,0.2624,0.523,0.3157,0.2025,0.1692,0.3616,
1.0,0.9988,0.9674,0.9662,0.97,0.9978,0.9954,0.9912,0.9859,0.9186,0.7359,0.9296,0.9026,0.8435,0.8056,0.8502,0.6898,0.8295,0.9407,0.7796,0.6133,0.9555,0.72,0.6304,0.6088,0.6143,0.8561,0.5728,0.6127,0.7812,0.507,0.5519,0.3891,0.5867,0.6764,0.5797,0.5321,0.3192,0.4807,0.2589,0.5231,0.3099,0.2075,0.1688,0.3545,
1.0,0.9989,0.9658,0.9647,0.9712,0.998,0.9957,0.9902,0.9853,0.9235,0.734,0.9302,0.9072,0.8369,0.8,0.8555,0.6839,0.824,0.9415,0.7873,0.6099,0.9561,0.7228,0.6226,0.6111,0.6126,0.8575,0.5676,0.6254,0.7849,0.5069,0.5546,0.3886,0.5977,0.6888,0.5913,0.5269,0.3118,0.4922,0.2681,0.5343,0.324,0.2158,0.1667,0.3619,
1.0,0.999,0.9684,0.9674,0.9678,0.997,0.9949,0.9916,0.9866,0.9291,0.7392,0.9297,0.9136,0.838,0.8011,0.8594,0.6847,0.8245,0.9405,0.785,0.6122,0.9514,0.7246,0.6186,0.6001,0.6115,0.8562,0.5666,0.6228,0.7854,0.4987,0.5546,0.3784,0.5872,0.6778,0.5893,0.5165,0.312,0.4754,0.2596,0.5302,0.3016,0.206,0.1583,0.3527,
1.0,0.9989,0.9655,0.9644,0.9683,0.9972,0.995,0.9898,0.9856,0.9227,0.7303,0.9261,0.9048,0.8369,0.7982,0.8509,0.679,0.8256,0.9408,0.7778,0.6057,0.9532,0.7204,0.6164,0.6023,0.6078,0.8502,0.5628,0.6137,0.7745,0.5013,0.5449,0.3893,0.5854,0.6696,0.5798,0.5163,0.3096,0.4796,0.2556,0.5214,0.3051,0.2028,0.16,0.3479,
1.0,0.9988,0.9676,0.9664,0.9709,0.9972,0.9953,0.9905,0.9855,0.9293,0.7471,0.9325,0.9141,0.8439,0.8063,0.8627,0.6859,0.8306,0.9416,0.7859,0.6178,0.9519,0.7231,0.6264,0.6082,0.6273,0.8512,0.5728,0.6243,0.7864,0.5149,0.5597,0.3904,0.5935,0.6808,0.5863,0.5215,0.316,0.4774,0.2653,0.5254,0.3142,0.2148,0.1615,0.3527,
1.0,0.9989,0.9693,0.9682,0.9686,0.9968,0.9946,0.99,0.9837,0.9287,0.7416,0.9319,0.9117,0.842,0.8007,0.8618,0.6832,0.8283,0.9387,0.7852,0.6153,0.9528,0.726,0.6219,0.6036,0.619,0.8535,0.5739,0.6235,0.7845,0.5101,0.5587,0.3914,0.5868,0.6773,0.5842,0.5123,0.3163,0.4827,0.2615,0.523,0.3129,0.2141,0.1562,0.352,
1.0,0.9983,0.9689,0.9672,0.9682,0.9971,0.9938,0.9888,0.984,0.9268,0.7368,0.9302,0.9103,0.8394,0.7989,0.8579,0.6836,0.8247,0.9418,0.783,0.6158,0.9506,0.7269,0.6229,0.6106,0.6155,0.8535,0.5718,0.6283,0.7836,0.5061,0.5533,0.3841,0.588,0.675,0.5947,0.5221,0.3155,0.4792,0.2628,0.5272,0.312,0.2095,0.1654,0.3445,
1.0,0.9988,0.9676,0.9664,0.9679,0.9971,0.9949,0.9907,0.986,0.9244,0.7367,0.9278,0.907,0.8404,0.8029,0.8533,0.6937,0.8273,0.9432,0.7875,0.615,0.952,0.7243,0.6259,0.6138,0.616,0.8601,0.5743,0.6277,0.779,0.4995,0.5573,0.3824,0.5858,0.6744,0.5862,0.5214,0.3135,0.4786,0.2679,0.5296,0.3056,0.2031,0.1603,0.353,
1.0,0.9991,0.9678,0.9669,0.9701,0.9978,0.9958,0.9885,0.9816,0.9223,0.7323,0.9331,0.9064,0.84,0.7987,0.8555,0.6776,0.8252,0.9335,0.7792,0.6018,0.9501,0.7178,0.6137,0.5993,0.6076,0.8505,0.5651,0.6152,0.7833,0.5036,0.5494,0.3789,0.585,0.6685,0.5735,0.5165,0.3152,0.4744,0.2597,0.52,0.3122,0.2044,0.1621,0.3478,
1.0,0.9989,0.969,0.9679,0.9708,0.9973,0.9957,0.9923,0.9875,0.9234,0.734,0.933,0.9089,0.8351,0.7991,0.8579,0.6835,0.8234,0.9446,0.7811,0.6131,0.9525,0.7262,0.6279,0.6123,0.6104,0.86,0.5633,0.6278,0.7877,0.5107,0.555,0.3953,0.5977,0.6867,0.589,0.5224,0.32,0.4834,0.2608,0.5324,0.3204,0.2148,0.1684,0.363,
1.0,0.9984,0.9691,0.9675,0.971,0.9969,0.9942,0.9902,0.9854,0.9223,0.737,0.9328,0.9056,0.8418,0.804,0.8571,0.692,0.829,0.9404,0.7863,0.6116,0.9519,0.7171,0.628,0.6081,0.6113,0.8604,0.5712,0.6222,0.7785,0.5013,0.5533,0.3834,0.5903,0.6777,0.5796,0.5264,0.3096,0.4739,0.2687,0.5206,0.3067,0.2143,0.1579,0.363,
1.0,0.9993,0.9657,0.965,0.9725,0.9971,0.996,0.9907,0.9855,0.922,0.7323,0.9313,0.9049,0.8346,0.7974,0.8552,0.6804,0.8219,0.9372,0.7862,0.5937,0.9532,0.7121,0.6097,0.5968,0.6027,0.8574,0.55,0.611,0.7827,0.5058,0.5331,0.3848,0.5931,0.6711,0.565,0.5121,0.3098,0.4787,0.2507,0.528,0.3113,0.2089,0.1546,0.3534,
1.0,0.9995,0.9712,0.9707,0.9699,0.9975,0.9958,0.9918,0.9857,0.9253,0.7414,0.9358,0.911,0.8422,0.8049,0.8632,0.6892,0.828,0.9415,0.7816,0.6181,0.9541,0.7276,0.633,0.6151,0.6206,0.8528,0.565,0.6261,0.7799,0.5008,0.5501,0.3893,0.5898,0.6702,0.5923,0.5165,0.3126,0.476,0.2607,0.5236,0.311,0.2064,0.1679,0.3496,
1.0,0.9982,0.9673,0.9655,0.9688,0.9969,0.9943,0.9875,0.9819,0.9267,0.7358,0.9283,0.908,0.8384,0.8013,0.8572,0.6823,0.8241,0.9389,0.7846,0.6091,0.9477,0.7205,0.6174,0.5955,0.6141,0.8482,0.5658,0.6144,0.7879,0.5115,0.5488,0.3835,0.5838,0.6699,0.5775,0.5181,0.3148,0.4737,0.2608,0.5197,0.3106,0.2104,0.1553,0.3415,
1.0,0.9989,0.9657,0.9646,0.9679,0.9971,0.9952,0.9905,0.9848,0.928,0.7345,0.9267,0.9114,0.8356,0.7969,0.856,0.6819,0.8236,0.9425,0.7868,0.6075,0.9522,0.7211,0.6138,0.5991,0.6157,0.8619,0.5696,0.6172,0.7825,0.5026,0.5487,0.3863,0.5909,0.6743,0.5789,0.5221,0.3131,0.4785,0.2612,0.5235,0.3076,0.2094,0.1516,0.3548,
1.0,0.9993,0.9671,0.9664,0.9694,0.9969,0.9951,0.9911,0.985,0.9231,0.733,0.9291,0.9052,0.8364,0.7981,0.8531,0.6817,0.8214,0.941,0.7856,0.6088,0.9518,0.7226,0.6203,0.6021,0.609,0.8575,0.5616,0.6152,0.7836,0.5026,0.5405,0.3803,0.5811,0.6728,0.583,0.5209,0.305,0.4775,0.2546,0.5204,0.3078,0.2025,0.1606,0.3535,
1.0,0.9988,0.9681,0.9669,0.9689,0.9977,0.9955,0.9903,0.9844,0.9268,0.7389,0.9304,0.9109,0.8421,0.802,0.8588,0.6846,0.8288,0.9378,0.7837,0.6149,0.9568,0.7293,0.6228,0.6074,0.6128,0.856,0.5671,0.6234,0.7838,0.5078,0.5496,0.3863,0.592,0.6751,0.5837,0.5274,0.3158,0.4737,0.2704,0.5196,0.3147,0.2119,0.1629,0.3601,
1.0,0.999,0.9676,0.9666,0.9689,0.9972,0.9953,0.9907,0.9853,0.9251,0.7407,0.9318,0.9107,0.8407,0.8041,0.8594,0.6877,0.8284,0.9409,0.7878,0.6144,0.9524,0.7283,0.624,0.6062,0.6146,0.8629,0.5716,0.6221,0.7811,0.5024,0.5471,0.386,0.5851,0.6697,0.5812,0.5158,0.311,0.4834,0.2547,0.527,0.3073,0.2024,0.1578,0.3463,
1.0,0.9988,0.9663,0.9651,0.9694,0.9978,0.9955,0.99,0.9852,0.9234,0.7366,0.9286,0.9075,0.8408,0.8013,0.8541,0.6823,0.8269,0.9442,0.7749,0.6086,0.9479,0.714,0.6194,0.5949,0.6147,0.8534,0.5691,0.613,0.7855,0.5018,0.5566,0.3823,0.586,0.681,0.5799,0.5204,0.3185,0.4718,0.2502,0.5259,0.307,0.2084,0.1602,0.3536,
1.0,0.999,0.9676,0.9666,0.9686,0.9971,0.9953,0.9915,0.9859,0.9232,0.7377,0.9307,0.9091,0.8372,0.7996,0.8542,0.6824,0.8243,0.9378,0.7808,0.6071,0.9528,0.7218,0.615,0.6019,0.6103,0.8588,0.561,0.6169,0.7817,0.4939,0.5471,0.3824,0.5904,0.6688,0.5798,0.52,0.309,0.4758,0.2554,0.526,0.3073,0.2052,0.161,0.3514,
1.0,0.9987,0.9679,0.9666,0.9693,0.9979,0.9957,0.9917,0.986,0.9214,0.7316,0.9303,0.9064,0.836,0.7985,0.8534,0.683,0.8243,0.9427,0.7796,0.6116,0.956,0.7241,0.6233,0.6051,0.6063,0.8572,0.5651,0.6207,0.7845,0.508,0.5462,0.386,0.5848,0.678,0.5842,0.5229,0.3157,0.4804,0.2594,0.5277,0.3158,0.2093,0.162,0.3508,
1.0,0.9987,0.9684,0.9671,0.9678,0.9965,0.9938,0.9895,0.9845,0.9222,0.7379,0.9304,0.9051,0.8457,0.8072,0.8525,0.6916,0.8321,0.9417,0.7821,0.6215,0.9501,0.7281,0.6338,0.6126,0.6195,0.8599,0.5725,0.6256,0.776,0.4971,0.5567,0.3947,0.5907,0.6791,0.593,0.5295,0.3174,0.4854,0.2709,0.5318,0.3087,0.2075,0.1685,0.3616,
1.0,0.9978,0.9695,0.9673,0.9703,0.9969,0.9942,0.9905,0.9851,0.9215,0.7338,0.9321,0.9058,0.8372,0.8012,0.8548,0.6876,0.8262,0.9428,0.7844,0.6134,0.9543,0.725,0.6287,0.6125,0.6162,0.8606,0.573,0.6197,0.7858,0.5058,0.5512,0.3936,0.5913,0.6768,0.5845,0.5211,0.3195,0.4848,0.2561,0.5289,0.318,0.2088,0.1659,0.3509,
1.0,0.9987,0.9673,0.966,0.969,0.9977,0.9954,0.99,0.9843,0.925,0.7369,0.9286,0.9076,0.8405,0.8017,0.8549,0.6855,0.8253,0.9373,0.7808,0.6088,0.9532,0.7255,0.6205,0.6042,0.6145,0.8562,0.5619,0.621,0.7861,0.5115,0.5499,0.3872,0.5885,0.6789,0.5821,0.516,0.3157,0.4788,0.2584,0.5296,0.3144,0.2099,0.1601,0.3531,
1.0,0.9992,0.9671,0.9663,0.9677,0.9972,0.9953,0.9907,0.9854,0.9241,0.7248,0.9286,0.9079,0.8269,0.7891,0.853,0.671,0.8139,0.9381,0.7796,0.5971,0.9529,0.7189,0.6061,0.5953,0.5981,0.8526,0.5512,0.6105,0.7802,0.5032,0.5339,0.3805,0.5804,0.6669,0.5748,0.5219,0.3067,0.4699,0.2538,0.5111,0.3043,0.2009,0.1563,0.3408,
1.0,0.999,0.9703,0.9693,0.9672,0.997,0.9952,0.9901,0.9838,0.9221,0.7322,0.9314,0.9052,0.8395,0.7986,0.8558,0.6851,0.826,0.9389,0.7801,0.6082,0.9527,0.7172,0.62,0.6017,0.6051,0.8575,0.568,0.6176,0.7745,0.5044,0.5569,0.3861,0.5911,0.6828,0.5768,0.5116,0.3189,0.4855,0.2539,0.5347,0.3107,0.2122,0.1559,0.3577,
1.0,0.9991,0.9674,0.9665,0.973,0.9966,0.9943,0.9906,0.9853,0.9251,0.746,0.9331,0.9071,0.8449,0.8068,0.8599,0.6913,0.8325,0.9412,0.7878,0.6236,0.9551,0.7296,0.6373,0.6152,0.6211,0.8596,0.5758,0.6243,0.7868,0.5062,0.5573,0.3908,0.5876,0.6758,0.586,0.5251,0.3243,0.4848,0.2729,0.5333,0.3094,0.2148,0.1734,0.3584,
1.0,0.9987,0.9728,0.9715,0.9726,0.9967,0.9944,0.9907,0.9849,0.9219,0.7379,0.9388,0.9063,0.8399,0.801,0.8622,0.6872,0.8268,0.9392,0.7827,0.611,0.9538,0.724,0.6298,0.6195,0.6171,0.8558,0.5713,0.6225,0.781,0.4986,0.5582,0.3886,0.5907,0.6798,0.5842,0.5157,0.3153,0.4784,0.2623,0.5346,0.3056,0.2057,0.1639,0.3485,
1.0,0.9985,0.9687,0.9672,0.9683,0.9977,0.9953,0.9901,0.985,0.9272,0.7355,0.9298,0.9113,0.8362,0.7975,0.8589,0.6862,0.8231,0.9376,0.788,0.6133,0.9542,0.7307,0.6217,0.608,0.6095,0.8605,0.5638,0.6286,0.7838,0.5044,0.5505,0.3855,0.5931,0.6823,0.5898,0.5251,0.3076,0.4835,0.2693,0.5414,0.3079,0.2157,0.171,0.3605,
1.0,0.999,0.9656,0.9646,0.9712,0.9972,0.9952,0.9917,0.9848,0.9255,0.7375,0.9306,0.9103,0.8351,0.7953,0.8568,0.6777,0.8197,0.938,0.7816,0.6073,0.9534,0.7218,0.6179,0.6009,0.6104,0.8558,0.5595,0.6195,0.784,0.4998,0.5436,0.3806,0.5916,0.6779,0.5747,0.5159,0.3094,0.4791,0.2571,0.5221,0.3071,0.2066,0.162,0.356,
1.0,0.999,0.9652,0.9642,0.969,0.9975,0.9952,0.9903,0.9852,0.9237,0.7397,0.9297,0.91,0.8424,0.8062,0.8556,0.6849,0.8308,0.943,0.783,0.6207,0.9556,0.7342,0.6289,0.6153,0.6185,0.8597,0.5699,0.628,0.78,0.508,0.552,0.401,0.6017,0.6805,0.5967,0.5245,0.3162,0.4843,0.2661,0.5197,0.3213,0.2105,0.1647,0.3684,
1.0,0.9986,0.9661,0.9647,0.9714,0.9968,0.9943,0.9922,0.9868,0.9202,0.742,0.93,0.9054,0.8428,0.8052,0.8508,0.6896,0.8296,0.939,0.7807,0.612,0.9518,0.7208,0.6245,0.6017,0.611,0.8604,0.5663,0.6105,0.781,0.4992,0.5438,0.3799,0.5803,0.665,0.5717,0.5204,0.3127,0.4745,0.2618,0.5273,0.3067,0.205,0.1626,0.352,
1.0,0.999,0.969,0.968,0.9677,0.9971,0.9951,0.9912,0.984,0.9224,0.7362,0.931,0.9078,0.8413,0.8041,0.8545,0.6875,0.8261,0.9409,0.7804,0.6138,0.9522,0.7227,0.6236,0.6,0.6142,0.86,0.571,0.62,0.786,0.5059,0.556,0.3895,0.5911,0.6737,0.5781,0.5194,0.319,0.4799,0.2603,0.5228,0.3153,0.2088,0.1625,0.3523,
1.0,0.9989,0.9664,0.9653,0.9695,0.9979,0.9958,0.9906,0.9869,0.9253,0.7362,0.9298,0.9106,0.8377,0.8015,0.8569,0.6884,0.8259,0.9434,0.789,0.6064,0.9533,0.7223,0.618,0.5997,0.6106,0.8636,0.5683,0.6152,0.784,0.5097,0.5449,0.386,0.5834,0.6757,0.5849,0.5275,0.3189,0.478,0.2606,0.5223,0.3148,0.2085,0.1634,0.35,
1.0,0.9986,0.9706,0.9692,0.9673,0.9976,0.9946,0.9887,0.9842,0.921,0.738,0.9318,0.9048,0.8449,0.8066,0.854,0.6915,0.8312,0.9459,0.7776,0.6204,0.9484,0.7226,0.6352,0.608,0.622,0.8542,0.5784,0.6251,0.7778,0.5079,0.5616,0.3946,0.5886,0.6763,0.5892,0.5125,0.3305,0.4743,0.2584,0.5242,0.3138,0.2073,0.1616,0.3541,
1.0,0.9983,0.9684,0.9667,0.9705,0.9972,0.9946,0.9881,0.9805,0.9256,0.736,0.9314,0.9077,0.8399,0.7953,0.8581,0.6803,0.8253,0.9399,0.7842,0.6118,0.9517,0.7203,0.6211,0.5992,0.6136,0.8534,0.5685,0.6177,0.7791,0.4957,0.5498,0.3784,0.5899,0.6751,0.5786,0.5237,0.3115,0.4755,0.2575,0.5254,0.3033,0.2027,0.1655,0.3499,
1.0,0.9988,0.9667,0.9655,0.9707,0.9974,0.9953,0.9889,0.9848,0.925,0.7383,0.9309,0.9082,0.8396,0.8016,0.8578,0.6881,0.8279,0.9439,0.7884,0.6088,0.953,0.7218,0.6199,0.6095,0.6199,0.8578,0.5767,0.6282,0.784,0.5072,0.56,0.3817,0.6007,0.6847,0.5869,0.5268,0.3219,0.49,0.2663,0.5372,0.3131,0.2079,0.166,0.36,
1.0,0.9986,0.9695,0.9681,0.9699,0.9977,0.9948,0.9893,0.9847,0.9277,0.7406,0.9337,0.9124,0.8408,0.8042,0.8622,0.687,0.8266,0.9388,0.7859,0.616,0.9501,0.7266,0.6248,0.607,0.6203,0.8566,0.568,0.6232,0.7858,0.5115,0.5516,0.3919,0.5847,0.6715,0.5886,0.5125,0.3209,0.4723,0.2604,0.5216,0.3214,0.2153,0.1625,0.3522,
1.0,0.9985,0.965,0.9635,0.9707,0.9968,0.994,0.9902,0.9846,0.926,0.7462,0.9289,0.9099,0.8463,0.8081,0.8567,0.6946,0.8332,0.9421,0.7907,0.6193,0.9546,0.7264,0.6293,0.6087,0.6247,0.8638,0.5822,0.618,0.7869,0.5145,0.5564,0.3878,0.5852,0.6674,0.5861,0.5276,0.3242,0.4777,0.2646,0.5172,0.3172,0.2095,0.1591,0.3547,
1.0,0.9987,0.9645,0.9632,0.9686,0.9981,0.9959,0.9891,0.9823,0.9203,0.7256,0.9257,0.903,0.8323,0.7921,0.8479,0.673,0.8169,0.9408,0.7772,0.599,0.9476,0.7114,0.6092,0.6003,0.6114,0.8522,0.56,0.6112,0.7777,0.4965,0.5465,0.3826,0.5867,0.6743,0.5811,0.5176,0.3181,0.4778,0.2515,0.5242,0.3044,0.2038,0.1627,0.3399,
1.0,0.9989,0.9707,0.9696,0.9695,0.9971,0.9953,0.9914,0.9856,0.9225,0.7389,0.9341,0.9077,0.8409,0.8043,0.857,0.6907,0.8282,0.9403,0.7832,0.6162,0.9553,0.7276,0.6308,0.6099,0.6144,0.8571,0.5703,0.6248,0.779,0.5073,0.5482,0.3934,0.5852,0.6745,0.588,0.526,0.3206,0.4808,0.261,0.523,0.3134,0.2122,0.1724,0.3507,
1.0,0.9985,0.9666,0.9651,0.9677,0.9974,0.9953,0.9915,0.9864,0.9248,0.7283,0.9274,0.9098,0.8317,0.7916,0.8531,0.6791,0.8197,0.9417,0.7831,0.5984,0.9528,0.7162,0.605,0.5954,0.6005,0.8609,0.5636,0.6124,0.7795,0.5063,0.5431,0.3809,0.5815,0.6734,0.5758,0.5183,0.3223,0.4788,0.2505,0.5305,0.3097,0.2116,0.1591,0.3487,
1.0,0.999,0.9696,0.9686,0.9708,0.9976,0.996,0.9908,0.986,0.9246,0.7368,0.9336,0.9084,0.837,0.7976,0.8598,0.6834,0.8254,0.9422,0.7828,0.6095,0.952,0.7236,0.6239,0.6105,0.614,0.8548,0.5658,0.6252,0.7807,0.5005,0.5509,0.388,0.5994,0.6788,0.5837,0.5213,0.3154,0.4792,0.2643,0.5214,0.3052,0.2044,0.1653,0.35,
1.0,0.9989,0.9662,0.9651,0.9696,0.9974,0.9953,0.9909,0.9865,0.9208,0.7324,0.9303,0.9061,0.8372,0.8017,0.8526,0.6832,0.8249,0.9418,0.7804,0.6042,0.9528,0.7185,0.6174,0.6016,0.6082,0.8597,0.5623,0.6198,0.7769,0.4954,0.5449,0.3874,0.5975,0.682,0.5839,0.5276,0.3115,0.4814,0.2647,0.5277,0.3045,0.2063,0.1655,0.3572,
1.0,0.9985,0.9678,0.9663,0.9685,0.9977,0.9952,0.9898,0.9839,0.9209,0.7369,0.9291,0.9045,0.8432,0.8035,0.8513,0.6833,0.8282,0.9389,0.7747,0.6108,0.9515,0.7176,0.6226,0.6027,0.6142,0.8531,0.5682,0.6168,0.78,0.5017,0.5545,0.395,0.5927,0.6742,0.5825,0.5149,0.3262,0.4735,0.2551,0.5167,0.3129,0.2053,0.1623,0.3536,
1.0,0.9988,0.9686,0.9674,0.9707,0.9971,0.9951,0.9894,0.984,0.9262,0.7415,0.9321,0.9087,0.8434,0.8043,0.8599,0.6878,0.8313,0.9412,0.785,0.6231,0.9544,0.7329,0.635,0.6134,0.6185,0.8569,0.5681,0.6246,0.7878,0.5206,0.5568,0.4037,0.591,0.6789,0.5863,0.5206,0.3284,0.4832,0.2607,0.5268,0.329,0.214,0.1705,0.3537,
1.0,0.9994,0.9685,0.9679,0.9698,0.9972,0.9957,0.9902,0.9849,0.9241,0.7421,0.9326,0.907,0.8456,0.8071,0.858,0.6925,0.8329,0.9436,0.7837,0.6158,0.9501,0.7201,0.6302,0.6041,0.6194,0.8572,0.5729,0.6203,0.7837,0.4978,0.5602,0.3787,0.5906,0.6724,0.584,0.5306,0.3183,0.475,0.2624,0.5235,0.3053,0.2052,0.1668,0.3489,
1.0,0.9982,0.9671,0.9653,0.9699,0.9981,0.9955,0.989,0.9811,0.9181,0.7314,0.93,0.9021,0.8441,0.8029,0.8498,0.6845,0.8285,0.9389,0.7761,0.6126,0.9533,0.7179,0.6273,0.6033,0.6134,0.8528,0.5678,0.6103,0.7757,0.4977,0.5537,0.3889,0.583,0.672,0.5773,0.5192,0.3141,0.4725,0.2537,0.5126,0.3057,0.2006,0.1602,0.3473,
1.0,0.999,0.9681,0.9671,0.9638,0.9976,0.9958,0.9903,0.9833,0.9195,0.7286,0.9257,0.9039,0.842,0.803,0.8462,0.6851,0.8263,0.9385,0.7718,0.6053,0.9527,0.7115,0.6184,0.5955,0.6059,0.8503,0.5623,0.6143,0.7661,0.4899,0.5473,0.3746,0.5898,0.6727,0.5788,0.5182,0.312,0.4789,0.2553,0.5248,0.3006,0.2021,0.1603,0.3526,
1.0,0.9992,0.9675,0.9667,0.9725,0.9973,0.9959,0.9909,0.9867,0.9206,0.7398,0.9327,0.9038,0.8404,0.8035,0.8546,0.6878,0.8289,0.9372,0.7838,0.6041,0.9504,0.7128,0.6206,0.6068,0.6127,0.8547,0.5645,0.6233,0.7795,0.4976,0.5491,0.3839,0.587,0.6761,0.5744,0.5169,0.3055,0.4741,0.2669,0.5273,0.3071,0.2093,0.1627,0.3584,
1.0,0.9988,0.9663,0.9651,0.9708,0.9977,0.9958,0.9913,0.9854,0.9202,0.7319,0.9309,0.9053,0.8366,0.7983,0.8518,0.6746,0.8225,0.939,0.7721,0.6043,0.9545,0.7203,0.6196,0.6053,0.6055,0.8505,0.5541,0.6123,0.7806,0.5008,0.5445,0.393,0.5924,0.6701,0.5786,0.5082,0.3109,0.4818,0.2458,0.5116,0.3127,0.2053,0.1579,0.3548,
1.0,0.9988,0.9697,0.9685,0.9693,0.997,0.9948,0.9907,0.9865,0.9236,0.7414,0.9334,0.909,0.8451,0.8097,0.8574,0.6939,0.8336,0.943,0.7837,0.6157,0.9494,0.7186,0.6281,0.6014,0.617,0.8571,0.5737,0.6188,0.7881,0.5118,0.5591,0.388,0.5831,0.676,0.5847,0.5182,0.3199,0.4736,0.2579,0.5262,0.3189,0.2179,0.1621,0.3578,
1.0,0.9985,0.9668,0.9653,0.9675,0.9965,0.9939,0.9901,0.985,0.9247,0.7357,0.927,0.9077,0.8398,0.8001,0.8522,0.6852,0.8269,0.9433,0.7826,0.6146,0.9544,0.7226,0.6225,0.6011,0.6145,0.8547,0.5716,0.6178,0.7773,0.509,0.5539,0.3815,0.586,0.6764,0.583,0.5254,0.3195,0.4758,0.2598,0.5188,0.3102,0.2041,0.1697,0.3569,
1.0,0.999,0.969,0.968,0.9702,0.9979,0.996,0.9905,0.985,0.9208,0.736,0.933,0.9051,0.8428,0.8042,0.8553,0.6956,0.8301,0.9426,0.7856,0.6128,0.9519,0.719,0.6275,0.6015,0.6096,0.8616,0.5744,0.6219,0.7824,0.5033,0.5534,0.3861,0.5889,0.677,0.5809,0.5255,0.3189,0.4794,0.263,0.5312,0.3061,0.2038,0.1588,0.3561,
1.0,0.9988,0.9688,0.9676,0.9705,0.9964,0.9943,0.9911,0.9847,0.9267,0.7372,0.9333,0.9104,0.8363,0.7958,0.8607,0.6729,0.8214,0.935,0.7786,0.6087,0.9544,0.7288,0.6199,0.6109,0.6093,0.8501,0.5576,0.6241,0.7832,0.5096,0.5489,0.3895,0.5953,0.679,0.5872,0.5156,0.3153,0.4753,0.2607,0.5235,0.3174,0.2184,0.1652,0.3447,
1.0,0.999,0.9689,0.9679,0.9676,0.9976,0.9959,0.9892,0.9848,0.9218,0.7333,0.9279,0.9021,0.8409,0.7993,0.8499,0.684,0.8267,0.942,0.7742,0.6127,0.9512,0.7181,0.6258,0.6007,0.6095,0.8501,0.5668,0.612,0.777,0.5025,0.5534,0.3878,0.5889,0.6682,0.5796,0.5297,0.3108,0.4713,0.258,0.5211,0.3027,0.1985,0.1673,0.3497,
1.0,0.9986,0.9679,0.9665,0.9696,0.9976,0.9956,0.991,0.9855,0.923,0.7329,0.931,0.9079,0.8368,0.7989,0.8546,0.6826,0.8246,0.9442,0.7815,0.6072,0.9518,0.7201,0.6204,0.6032,0.6099,0.859,0.5661,0.619,0.7817,0.5011,0.5493,0.3819,0.5974,0.6833,0.584,0.5232,0.3155,0.4745,0.2573,0.5253,0.3117,0.2006,0.1554,0.3582,
1.0,0.999,0.9698,0.9688,0.9698,0.9969,0.9956,0.9914,0.9852,0.9224,0.7376,0.9328,0.9068,0.8415,0.8053,0.8573,0.6948,0.829,0.9467,0.789,0.613,0.9534,0.72,0.6271,0.6082,0.6241,0.8628,0.5778,0.6153,0.7813,0.5004,0.5621,0.3895,0.5888,0.6796,0.5844,0.5289,0.314,0.4774,0.2555,0.5206,0.3021,0.2051,0.166,0.358,
1.0,0.9982,0.9684,0.9666,0.9738,0.9967,0.9938,0.9904,0.9852,0.9199,0.7365,0.9358,0.9043,0.8377,0.7988,0.858,0.6782,0.8256,0.944,0.7762,0.6103,0.9542,0.7199,0.6289,0.6064,0.6129,0.8517,0.5639,0.611,0.7796,0.4957,0.5482,0.3842,0.5807,0.6766,0.5834,0.5271,0.3104,0.4716,0.2514,0.5206,0.2999,0.2074,0.1698,0.3452,
1.0,0.9982,0.9649,0.9631,0.969,0.9972,0.9951,0.9893,0.982,0.9253,0.7237,0.9271,0.9083,0.8282,0.7883,0.8537,0.6685,0.8155,0.9412,0.7839,0.5985,0.956,0.7196,0.6065,0.5997,0.608,0.8497,0.5585,0.6136,0.7801,0.5054,0.5414,0.3821,0.5852,0.6783,0.581,0.5197,0.301,0.475,0.2509,0.5229,0.3121,0.2076,0.1599,0.3497,
1.0,0.9986,0.9662,0.9648,0.9718,0.9984,0.996,0.9912,0.9841,0.9191,0.7302,0.9304,0.9035,0.8362,0.7949,0.8505,0.6812,0.8207,0.9381,0.7791,0.6052,0.9562,0.7204,0.6222,0.607,0.6099,0.8618,0.5598,0.6108,0.78,0.5024,0.5404,0.3916,0.5864,0.675,0.5768,0.521,0.3193,0.4835,0.2576,0.5257,0.3109,0.2041,0.1665,0.3526,
1.0,0.9985,0.9682,0.9667,0.9717,0.9975,0.995,0.9894,0.9842,0.9258,0.7385,0.9332,0.9096,0.8391,0.7999,0.8611,0.6888,0.8262,0.9391,0.7902,0.6059,0.9524,0.7217,0.6205,0.6066,0.6116,0.8645,0.5744,0.6217,0.793,0.5111,0.5553,0.3866,0.5939,0.6716,0.5787,0.5216,0.3256,0.4817,0.2633,0.5272,0.3201,0.2145,0.1638,0.3592,
1.0,0.9995,0.9656,0.9651,0.9686,0.9978,0.9966,0.9901,0.9834,0.9201,0.7321,0.9278,0.903,0.8411,0.8021,0.8494,0.6813,0.8253,0.9367,0.7731,0.6041,0.95,0.7162,0.6206,0.602,0.6094,0.8494,0.5599,0.6169,0.7755,0.5018,0.5528,0.3948,0.5952,0.6774,0.5751,0.5135,0.3118,0.4868,0.2588,0.5301,0.3185,0.2089,0.1657,0.3607,
1.0,0.9993,0.9628,0.9621,0.9656,0.9967,0.9952,0.9916,0.9858,0.9247,0.7378,0.9231,0.9094,0.8428,0.8067,0.85,0.6833,0.8301,0.9406,0.7781,0.6125,0.9542,0.7245,0.6177,0.6042,0.615,0.8582,0.5711,0.6163,0.78,0.5002,0.5541,0.3815,0.5923,0.6639,0.5839,0.5214,0.3185,0.4759,0.2625,0.5129,0.3085,0.1976,0.1575,0.3521,
1.0,0.9983,0.9706,0.9689,0.9708,0.9969,0.9939,0.9887,0.9816,0.9233,0.7339,0.9345,0.9058,0.8396,0.7959,0.859,0.674,0.8242,0.9378,0.7744,0.6093,0.9516,0.7182,0.6215,0.6052,0.6073,0.8482,0.5595,0.6238,0.7787,0.5052,0.554,0.3833,0.5907,0.6785,0.5779,0.5175,0.3187,0.4757,0.2606,0.5285,0.3133,0.2152,0.1626,0.3495,
1.0,0.9991,0.9683,0.9674,0.9696,0.9983,0.9964,0.9912,0.9856,0.9245,0.7321,0.9309,0.9091,0.8337,0.7939,0.8559,0.672,0.8198,0.9387,0.7736,0.6082,0.9532,0.7274,0.6208,0.6127,0.6056,0.8496,0.5494,0.6304,0.7787,0.4975,0.5442,0.3909,0.5992,0.681,0.59,0.5178,0.3114,0.4813,0.259,0.5313,0.3125,0.2096,0.1703,0.3506,
1.0,0.9994,0.9663,0.9657,0.9712,0.9982,0.996,0.9912,0.9858,0.9239,0.7344,0.9318,0.9099,0.8343,0.7965,0.8567,0.6733,0.819,0.9381,0.7809,0.608,0.9492,0.7196,0.6185,0.603,0.6086,0.8547,0.5616,0.6181,0.7834,0.5008,0.5426,0.3897,0.5849,0.6668,0.5784,0.5213,0.3193,0.4735,0.2639,0.5145,0.3092,0.2104,0.1659,0.3419,
1.0,0.9985,0.9705,0.969,0.9693,0.9974,0.9948,0.9902,0.9842,0.9222,0.7325,0.933,0.9065,0.8385,0.7999,0.8561,0.6844,0.8236,0.9382,0.7801,0.606,0.9559,0.7199,0.6194,0.607,0.6086,0.8554,0.5672,0.6218,0.7858,0.508,0.5533,0.3883,0.5987,0.6788,0.5833,0.5155,0.3127,0.4823,0.2557,0.5204,0.3175,0.2113,0.1591,0.3568,
1.0,0.9986,0.9682,0.9668,0.9697,0.9971,0.9946,0.99,0.9858,0.9241,0.742,0.9304,0.9071,0.8442,0.8062,0.8567,0.6918,0.8305,0.9421,0.783,0.6178,0.9543,0.7253,0.6286,0.609,0.6183,0.8577,0.569,0.6254,0.7798,0.5072,0.5569,0.3851,0.5979,0.6795,0.5966,0.5253,0.3162,0.4869,0.2647,0.5267,0.3136,0.2119,0.1647,0.362,
1.0,0.9985,0.9685,0.967,0.9689,0.9974,0.9951,0.9885,0.9835,0.9269,0.7345,0.93,0.9083,0.8361,0.7942,0.8578,0.6805,0.8228,0.9452,0.7843,0.6174,0.9519,0.7289,0.6263,0.6064,0.6153,0.8559,0.5672,0.6277,0.78,0.5148,0.5505,0.3931,0.5923,0.6827,0.5929,0.5211,0.3152,0.4827,0.256,0.5268,0.3138,0.217,0.1646,0.3552,
1.0,0.9994,0.9673,0.9667,0.9704,0.9972,0.9956,0.9917,0.9851,0.9297,0.7427,0.9309,0.9137,0.8407,0.8015,0.8618,0.6869,0.8262,0.941,0.7862,0.615,0.9518,0.7237,0.6247,0.5998,0.6149,0.8576,0.5669,0.6275,0.788,0.5103,0.5506,0.385,0.5882,0.6715,0.582,0.5193,0.3213,0.4763,0.2633,0.5276,0.3121,0.2097,0.163,0.3561,
1.0,0.9985,0.9678,0.9663,0.9686,0.9972,0.995,0.9899,0.983,0.9238,0.7341,0.9293,0.9076,0.8384,0.7986,0.8561,0.676,0.8233,0.9395,0.777,0.6073,0.953,0.7176,0.617,0.6005,0.6175,0.8516,0.5631,0.6103,0.7808,0.4985,0.5507,0.3778,0.5876,0.6721,0.5776,0.5126,0.3096,0.4672,0.2469,0.5129,0.2992,0.2045,0.1553,0.3468,
1.0,0.9992,0.9645,0.9637,0.9725,0.9971,0.9953,0.9912,0.9871,0.9247,0.7433,0.9308,0.9086,0.8401,0.8057,0.8566,0.6823,0.8278,0.9411,0.7839,0.6127,0.9559,0.7295,0.6228,0.6131,0.6181,0.8548,0.5683,0.6225,0.7932,0.5107,0.5533,0.3876,0.5946,0.6739,0.5886,0.5234,0.3077,0.4813,0.2632,0.5225,0.3158,0.2064,0.1658,0.3614,
1.0,0.9992,0.9668,0.966,0.9711,0.9963,0.9947,0.9917,0.9874,0.9263,0.7384,0.9316,0.91,0.8351,0.7991,0.8595,0.6828,0.8232,0.9431,0.7881,0.6136,0.9539,0.7265,0.6238,0.6068,0.6125,0.8608,0.5685,0.6165,0.7893,0.5155,0.5517,0.3912,0.5879,0.6774,0.5831,0.5204,0.3202,0.4809,0.2593,0.5263,0.3132,0.2139,0.1598,0.3569,
1.0,0.9993,0.9679,0.9672,0.9656,0.9977,0.9959,0.9905,0.9859,0.9268,0.7407,0.9265,0.9099,0.8431,0.8047,0.8543,0.6875,0.831,0.94,0.7772,0.6147,0.9539,0.7277,0.625,0.6046,0.6185,0.8494,0.5687,0.6265,0.7835,0.5008,0.5637,0.3904,0.5985,0.678,0.5908,0.522,0.3167,0.4759,0.2647,0.5255,0.311,0.2143,0.169,0.3575,
1.0,0.9992,0.9638,0.963,0.9726,0.9979,0.9965,0.9912,0.9848,0.9237,0.7414,0.929,0.9069,0.8412,0.8006,0.8532,0.6784,0.8272,0.9405,0.7784,0.6131,0.9525,0.7209,0.6224,0.6052,0.6126,0.8527,0.5628,0.6222,0.7857,0.5053,0.5453,0.3891,0.5967,0.6731,0.5875,0.5215,0.3197,0.4782,0.2642,0.5224,0.3157,0.2159,0.1595,0.359,
1.0,0.9988,0.9636,0.9624,0.9697,0.9971,0.9948,0.9912,0.9859,0.926,0.7388,0.927,0.9106,0.8405,0.8053,0.8547,0.6858,0.8268,0.9374,0.7857,0.6081,0.9531,0.7243,0.616,0.5979,0.6121,0.8545,0.5589,0.6187,0.783,0.5107,0.5468,0.388,0.59,0.6721,0.5799,0.5232,0.3195,0.4703,0.2627,0.5176,0.3167,0.2105,0.1637,0.3568,
1.0,0.9988,0.9685,0.9673,0.969,0.997,0.9952,0.9897,0.9842,0.9219,0.736,0.9305,0.9045,0.8416,0.8019,0.8536,0.6835,0.8284,0.9372,0.7775,0.611,0.9499,0.7224,0.625,0.6048,0.6035,0.8516,0.554,0.6254,0.7743,0.4972,0.5472,0.392,0.5967,0.6782,0.5779,0.5195,0.3105,0.476,0.2704,0.5242,0.3084,0.2104,0.1638,0.3567,
1.0,0.9987,0.9656,0.9643,0.9687,0.9977,0.995,0.9897,0.9837,0.9238,0.7291,0.9284,0.9078,0.8329,0.7914,0.8534,0.6687,0.8188,0.941,0.7766,0.6078,0.9552,0.7239,0.6133,0.6045,0.6091,0.854,0.5576,0.6157,0.7793,0.489,0.5475,0.3747,0.5936,0.678,0.5893,0.5268,0.3064,0.4765,0.251,0.5189,0.306,0.2019,0.1637,0.3477,
1.0,0.9992,0.9691,0.9683,0.9705,0.9978,0.9967,0.9921,0.9864,0.9211,0.7334,0.9326,0.9061,0.8355,0.7983,0.854,0.6851,0.8237,0.9435,0.7797,0.6066,0.9559,0.721,0.6246,0.6096,0.6136,0.8584,0.5703,0.6152,0.7828,0.502,0.553,0.3943,0.5962,0.6795,0.581,0.5236,0.3157,0.4804,0.2505,0.5239,0.3107,0.2082,0.171,0.3458,
1.0,0.9989,0.968,0.9669,0.9694,0.997,0.9946,0.9903,0.9833,0.9203,0.7399,0.9307,0.9036,0.8482,0.8091,0.8526,0.6934,0.834,0.9373,0.7825,0.6169,0.9583,0.7281,0.6318,0.6092,0.6171,0.8585,0.5748,0.6184,0.7792,0.4994,0.5568,0.3937,0.601,0.6793,0.5823,0.5217,0.3198,0.4838,0.2643,0.525,0.3057,0.209,0.166,0.367,
1.0,0.9993,0.971,0.9703,0.9683,0.9981,0.9963,0.9908,0.9853,0.9241,0.7293,0.933,0.9082,0.8313,0.794,0.8576,0.6777,0.8193,0.9395,0.7801,0.6093,0.9563,0.7304,0.6209,0.6161,0.604,0.8539,0.5545,0.6258,0.7856,0.5076,0.5404,0.3908,0.5938,0.669,0.5877,0.5151,0.3115,0.4798,0.2543,0.5121,0.3135,0.2074,0.165,0.3489,
1.0,0.9989,0.966,0.9649,0.9677,0.9969,0.9953,0.9918,0.9854,0.921,0.73,0.9274,0.906,0.8351,0.7963,0.8504,0.6834,0.8223,0.9396,0.7824,0.6002,0.9531,0.7188,0.6134,0.6035,0.6078,0.8599,0.5653,0.6139,0.7731,0.4911,0.5451,0.382,0.5821,0.6705,0.5727,0.5217,0.3096,0.4754,0.2596,0.5212,0.2964,0.2,0.1583,0.3487,
1.0,0.9991,0.9701,0.9692,0.9702,0.9973,0.9955,0.9908,0.9852,0.9266,0.7425,0.9326,0.9095,0.841,0.7989,0.8591,0.6828,0.8278,0.9427,0.7772,0.6138,0.9535,0.7217,0.6259,0.605,0.6156,0.8523,0.5611,0.6223,0.7826,0.4981,0.5478,0.3837,0.596,0.6767,0.5878,0.5213,0.3101,0.4889,0.2606,0.5302,0.3102,0.2093,0.1638,0.3604,
1.0,0.9992,0.9678,0.967,0.9696,0.9971,0.9956,0.9926,0.9866,0.9233,0.7381,0.9311,0.9091,0.8399,0.8035,0.8565,0.6882,0.8259,0.9395,0.7845,0.6111,0.9542,0.7226,0.621,0.6074,0.6147,0.8616,0.568,0.6229,0.7829,0.4981,0.553,0.3871,0.589,0.6756,0.5844,0.5242,0.3134,0.4753,0.2661,0.5265,0.3101,0.2121,0.1669,0.3538,
1.0,0.9989,0.9635,0.9624,0.9706,0.9978,0.9957,0.991,0.9864,0.9245,0.7391,0.9277,0.9099,0.8377,0.8013,0.8536,0.6853,0.8244,0.9375,0.788,0.6074,0.9541,0.7276,0.6154,0.6122,0.6146,0.8616,0.5667,0.6265,0.7827,0.4994,0.5459,0.3894,0.592,0.6746,0.5942,0.5344,0.3101,0.4818,0.2706,0.53,0.3151,0.2032,0.1667,0.3547,
1.0,0.9987,0.9692,0.9679,0.9686,0.9974,0.9957,0.9915,0.9849,0.9197,0.7388,0.9313,0.9053,0.845,0.8071,0.8532,0.6916,0.8312,0.9382,0.7776,0.6061,0.9542,0.7131,0.6196,0.6008,0.6139,0.8564,0.5669,0.6121,0.7752,0.4989,0.5539,0.3848,0.5918,0.6776,0.5721,0.5131,0.3169,0.4766,0.2541,0.5259,0.3073,0.206,0.1513,0.3551,
1.0,0.999,0.9659,0.9649,0.9711,0.9971,0.9951,0.9892,0.9832,0.9246,0.7427,0.9306,0.9076,0.8451,0.8064,0.8569,0.6906,0.8315,0.941,0.7876,0.6158,0.9551,0.7288,0.6258,0.612,0.6227,0.858,0.5712,0.6236,0.7808,0.5011,0.5487,0.3865,0.5903,0.6728,0.5894,0.5259,0.313,0.4817,0.2692,0.5167,0.3131,0.2065,0.1613,0.3638,
1.0,0.9987,0.9696,0.9683,0.9681,0.9976,0.9949,0.9894,0.9841,0.9266,0.7322,0.9308,0.9099,0.8346,0.7955,0.8588,0.677,0.8211,0.9412,0.7801,0.611,0.9524,0.726,0.6217,0.6097,0.6149,0.8504,0.5639,0.6249,0.784,0.5064,0.5556,0.3844,0.5881,0.6799,0.5927,0.5229,0.3152,0.4675,0.2637,0.5204,0.3122,0.2078,0.1669,0.3426,
1.0,0.9984,0.9683,0.9667,0.9687,0.9967,0.9944,0.9896,0.9843,0.9245,0.7284,0.9301,0.9075,0.8329,0.7942,0.8555,0.677,0.8187,0.9405,0.7817,0.605,0.949,0.7206,0.6151,0.6069,0.6042,0.8565,0.5595,0.6254,0.7847,0.5063,0.5493,0.3815,0.5941,0.6733,0.5854,0.5189,0.3124,0.4773,0.2651,0.5226,0.3122,0.2096,0.1572,0.3537,
1.0,0.9992,0.968,0.9672,0.972,0.9976,0.9959,0.9909,0.9865,0.9261,0.7363,0.9342,0.9104,0.8342,0.7997,0.862,0.6812,0.8232,0.9449,0.7879,0.6133,0.9514,0.7224,0.6257,0.6109,0.6182,0.8538,0.5604,0.6268,0.7858,0.5144,0.5535,0.39,0.5865,0.6732,0.5847,0.5122,0.3202,0.4661,0.2628,0.5205,0.3067,0.2101,0.1567,0.3435,
1.0,0.9996,0.9685,0.9681,0.971,0.9987,0.9975,0.9904,0.9858,0.92,0.7363,0.9342,0.9052,0.839,0.8014,0.855,0.6866,0.8275,0.94,0.781,0.6088,0.9542,0.7248,0.6254,0.6119,0.6046,0.859,0.5584,0.62,0.7755,0.4952,0.5411,0.3976,0.5955,0.6764,0.5826,0.5185,0.3142,0.4856,0.2587,0.5264,0.3155,0.2036,0.1638,0.3603,
1.0,0.9989,0.9681,0.967,0.9709,0.9968,0.9948,0.9925,0.987,0.9217,0.7392,0.9321,0.9072,0.8412,0.8053,0.8542,0.6932,0.8285,0.9393,0.7846,0.6125,0.9551,0.7238,0.6255,0.6101,0.6178,0.86,0.5693,0.6169,0.7824,0.5063,0.5508,0.3983,0.5909,0.6722,0.5805,0.5254,0.3171,0.4893,0.2629,0.5258,0.3091,0.2016,0.1689,0.356,
1.0,0.999,0.967,0.966,0.9711,0.9972,0.9953,0.9917,0.987,0.9206,0.739,0.9308,0.9048,0.8404,0.8049,0.8523,0.6858,0.8272,0.9418,0.7796,0.6075,0.9521,0.7116,0.6183,0.6023,0.6175,0.8539,0.5677,0.6121,0.7816,0.5052,0.5512,0.3841,0.5955,0.6782,0.5775,0.5154,0.315,0.4797,0.2547,0.5232,0.3076,0.2073,0.1589,0.3537,
1.0,0.9991,0.97,0.9691,0.97,0.9975,0.9957,0.9909,0.9858,0.9203,0.7353,0.9332,0.9038,0.8394,0.8007,0.8539,0.6858,0.8266,0.9409,0.7797,0.6159,0.9534,0.724,0.6327,0.6154,0.6121,0.8561,0.565,0.6248,0.7777,0.4965,0.5517,0.3969,0.5911,0.6763,0.5851,0.526,0.3106,0.481,0.2673,0.5203,0.3096,0.2011,0.1666,0.3558,
1.0,0.9987,0.9686,0.9673,0.9721,0.9974,0.9952,0.9914,0.9864,0.9242,0.7405,0.9336,0.9088,0.8391,0.8014,0.8591,0.683,0.8248,0.9398,0.7823,0.6097,0.9546,0.7258,0.6259,0.6137,0.6141,0.8577,0.5615,0.6269,0.7847,0.5013,0.5526,0.3882,0.5988,0.6881,0.5886,0.5272,0.3094,0.4858,0.2708,0.5322,0.3104,0.2108,0.1705,0.3625,
1.0,0.9985,0.969,0.9675,0.9717,0.9967,0.994,0.9907,0.9849,0.9217,0.7302,0.9343,0.907,0.8343,0.7993,0.857,0.6858,0.8203,0.9416,0.7892,0.6057,0.9537,0.7217,0.6215,0.6059,0.6126,0.8604,0.5642,0.6157,0.7868,0.5104,0.5467,0.3966,0.5988,0.6795,0.5801,0.5216,0.3182,0.4838,0.2593,0.5312,0.313,0.2034,0.1706,0.3528,
1.0,0.9989,0.9691,0.968,0.9703,0.997,0.9949,0.9906,0.984,0.9197,0.729,0.9322,0.9026,0.8358,0.7936,0.8522,0.6803,0.8219,0.9389,0.7795,0.6029,0.9537,0.7181,0.6207,0.6067,0.6032,0.8592,0.5603,0.6098,0.7759,0.4932,0.5405,0.3883,0.5898,0.6731,0.5742,0.5213,0.3091,0.4885,0.2519,0.5233,0.3161,0.2048,0.1622,0.3562,
1.0,0.9988,0.9686,0.9674,0.9673,0.9976,0.9952,0.9888,0.9819,0.9256,0.7336,0.929,0.9082,0.839,0.7995,0.8545,0.6839,0.8249,0.9414,0.7824,0.6147,0.9542,0.7263,0.6233,0.6074,0.6229,0.8547,0.5709,0.6151,0.7828,0.5091,0.5558,0.3903,0.5868,0.6766,0.5782,0.5217,0.3205,0.4809,0.2524,0.5222,0.3144,0.2101,0.1629,0.3546,
1.0,0.9992,0.9692,0.9684,0.9726,0.9978,0.9962,0.991,0.985,0.9228,0.7434,0.9353,0.9075,0.8438,0.8071,0.8587,0.6946,0.829,0.9409,0.7849,0.6192,0.9527,0.7248,0.6329,0.6111,0.6226,0.8596,0.5688,0.625,0.7866,0.5081,0.5524,0.3894,0.5929,0.6778,0.5845,0.529,0.321,0.4773,0.2698,0.5291,0.3189,0.2071,0.1672,0.3639,
1.0,0.9983,0.9684,0.9667,0.9726,0.997,0.9944,0.9901,0.9839,0.9198,0.7362,0.9343,0.904,0.8415,0.8002,0.8551,0.6896,0.827,0.9418,0.7841,0.6124,0.9512,0.715,0.6297,0.6085,0.6161,0.8607,0.575,0.6214,0.7779,0.5062,0.5593,0.3871,0.5922,0.6801,0.5821,0.526,0.3197,0.4817,0.2631,0.5298,0.3117,0.2064,0.165,0.3583,
1.0,0.9986,0.9713,0.9699,0.9693,0.9966,0.9944,0.9924,0.9864,0.9216,0.7344,0.9334,0.9062,0.8389,0.802,0.8554,0.6856,0.8253,0.9385,0.7798,0.6058,0.9517,0.7123,0.6205,0.6053,0.6109,0.8526,0.5591,0.6203,0.7773,0.4886,0.5502,0.3839,0.5962,0.6819,0.5752,0.5137,0.3154,0.4764,0.254,0.5264,0.3037,0.2083,0.1612,0.3582,
1.0,0.9995,0.9694,0.9689,0.9673,0.9972,0.9962,0.9913,0.9845,0.9249,0.7328,0.93,0.9084,0.8361,0.7948,0.8562,0.6812,0.8224,0.9412,0.7806,0.6119,0.9497,0.7232,0.6226,0.6028,0.6084,0.8584,0.5647,0.6169,0.7816,0.5034,0.5463,0.3904,0.5845,0.6706,0.5787,0.5173,0.3174,0.4815,0.253,0.5198,0.3066,0.2056,0.1639,0.3441,
1.0,0.9989,0.9659,0.9648,0.9723,0.9967,0.9946,0.9907,0.9849,0.9266,0.7467,0.932,0.9105,0.8451,0.8075,0.8605,0.6863,0.8326,0.938,0.7884,0.6131,0.9502,0.7225,0.6237,0.6022,0.6203,0.8596,0.5718,0.6085,0.7913,0.5052,0.5481,0.3896,0.5891,0.6707,0.5769,0.5122,0.3219,0.4836,0.2574,0.5243,0.3179,0.21,0.16,0.3561,
1.0,0.9987,0.971,0.9697,0.9709,0.9969,0.9951,0.9886,0.9812,0.922,0.7344,0.9356,0.9039,0.841,0.7992,0.858,0.6828,0.8254,0.9356,0.7799,0.6099,0.9478,0.725,0.6279,0.614,0.6095,0.853,0.5655,0.6271,0.785,0.511,0.5525,0.404,0.5977,0.6754,0.5812,0.5193,0.317,0.4782,0.2659,0.5277,0.3138,0.2119,0.1682,0.3534,
1.0,0.9982,0.9695,0.9677,0.9693,0.9969,0.9933,0.989,0.9847,0.9247,0.7443,0.9321,0.9086,0.8452,0.8091,0.8581,0.6938,0.8299,0.9351,0.7849,0.6119,0.9503,0.7201,0.6218,0.6042,0.6207,0.8572,0.5715,0.6207,0.7845,0.509,0.5532,0.3882,0.5915,0.6703,0.576,0.5168,0.317,0.4814,0.2631,0.5251,0.3128,0.2079,0.163,0.3597,
1.0,0.9984,0.9665,0.9649,0.9684,0.9984,0.9958,0.9902,0.9839,0.9249,0.7372,0.9278,0.9099,0.8409,0.8034,0.8537,0.6886,0.8268,0.9389,0.7843,0.6142,0.9523,0.7247,0.6243,0.6021,0.6177,0.8598,0.5649,0.6192,0.7859,0.5132,0.551,0.3924,0.5904,0.6742,0.5775,0.5185,0.3183,0.477,0.267,0.5188,0.3209,0.209,0.1525,0.3651,
1.0,0.9984,0.9667,0.9651,0.9674,0.9981,0.9954,0.9907,0.9852,0.9234,0.7307,0.9278,0.9093,0.8341,0.7962,0.8523,0.6775,0.821,0.938,0.7783,0.6046,0.9559,0.722,0.61,0.6036,0.6093,0.8577,0.5598,0.6153,0.7801,0.4995,0.5474,0.3829,0.5923,0.6768,0.5769,0.5178,0.3197,0.4798,0.2583,0.5262,0.3055,0.2036,0.158,0.3515,
1.0,0.9988,0.9672,0.966,0.9718,0.9969,0.9944,0.9903,0.985,0.9258,0.7375,0.9328,0.91,0.8375,0.8003,0.8601,0.6865,0.8233,0.9385,0.7889,0.6101,0.9517,0.728,0.6229,0.6083,0.613,0.8601,0.5722,0.6223,0.79,0.5166,0.5483,0.3925,0.5896,0.6652,0.5831,0.5177,0.3136,0.4755,0.2566,0.5148,0.3134,0.2093,0.1594,0.3493,
1.0,0.9992,0.9699,0.9691,0.9701,0.9973,0.9956,0.9913,0.9861,0.9267,0.735,0.9339,0.9113,0.8333,0.7954,0.8616,0.6799,0.8201,0.94,0.7851,0.604,0.951,0.7164,0.613,0.6044,0.6142,0.8586,0.5639,0.6205,0.7888,0.5049,0.5544,0.3924,0.5944,0.6778,0.5796,0.5179,0.3167,0.4826,0.2572,0.5205,0.3114,0.2114,0.1617,0.3565,
1.0,0.999,0.9661,0.9651,0.9712,0.997,0.995,0.9916,0.9861,0.9245,0.7397,0.9305,0.9089,0.8406,0.8045,0.857,0.68,0.8274,0.9436,0.7801,0.617,0.9559,0.7276,0.6309,0.6129,0.6178,0.848,0.5632,0.6242,0.782,0.512,0.5533,0.3989,0.5954,0.6791,0.594,0.5209,0.3182,0.4748,0.2622,0.5146,0.3204,0.2156,0.1646,0.3545,
1.0,0.9985,0.9701,0.9686,0.9716,0.997,0.9952,0.9897,0.9837,0.9236,0.7373,0.9357,0.9079,0.8383,0.7999,0.86,0.6842,0.8241,0.9399,0.7862,0.6089,0.9524,0.7232,0.6229,0.6102,0.6159,0.8577,0.5677,0.6187,0.7875,0.5139,0.557,0.393,0.592,0.6767,0.5823,0.5252,0.3201,0.4758,0.2628,0.5237,0.3113,0.2081,0.167,0.3496,
1.0,0.9985,0.9693,0.9678,0.9689,0.9977,0.9955,0.9884,0.9833,0.9219,0.7259,0.9306,0.9041,0.8343,0.7928,0.8533,0.6804,0.822,0.944,0.7808,0.6029,0.9513,0.7189,0.6182,0.6043,0.6041,0.8564,0.561,0.6159,0.7768,0.5018,0.5448,0.3888,0.5925,0.6821,0.5807,0.5236,0.3216,0.4794,0.2538,0.5274,0.3145,0.2074,0.1642,0.3478,
1.0,0.9988,0.9678,0.9666,0.9714,0.9975,0.9958,0.9906,0.9855,0.9263,0.7389,0.9336,0.9115,0.8386,0.8037,0.862,0.6822,0.8269,0.9395,0.7848,0.6134,0.9514,0.7243,0.6211,0.6058,0.6159,0.8533,0.5622,0.6199,0.7856,0.5005,0.5442,0.3922,0.5905,0.6765,0.5843,0.5158,0.3043,0.4879,0.2599,0.528,0.3091,0.2083,0.1715,0.3545,
1.0,0.998,0.9677,0.9657,0.9702,0.9976,0.9947,0.9891,0.9837,0.9279,0.7433,0.9304,0.911,0.8426,0.8021,0.8595,0.6844,0.83,0.943,0.7867,0.6166,0.9542,0.723,0.6247,0.6018,0.6223,0.8534,0.5705,0.6228,0.7848,0.5155,0.5523,0.3906,0.5945,0.6721,0.5892,0.5225,0.3175,0.4835,0.267,0.5186,0.3168,0.2116,0.1711,0.3554,
1.0,0.9986,0.9651,0.9637,0.9699,0.9969,0.9946,0.9902,0.9844,0.9235,0.7344,0.9284,0.9082,0.8386,0.8015,0.8532,0.6888,0.8254,0.9396,0.7893,0.6117,0.9531,0.7261,0.6205,0.6026,0.6057,0.8639,0.563,0.6167,0.7829,0.4967,0.5376,0.3794,0.5844,0.6688,0.5861,0.523,0.3053,0.4828,0.265,0.5235,0.3045,0.2034,0.1589,0.3541,
1.0,0.9983,0.9689,0.9672,0.9681,0.9978,0.995,0.9889,0.9827,0.919,0.7264,0.9298,0.9028,0.8324,0.7916,0.8513,0.6794,0.8175,0.9372,0.7815,0.5974,0.9521,0.7141,0.6109,0.6025,0.6053,0.8592,0.5648,0.6164,0.7759,0.4966,0.5498,0.387,0.5948,0.6773,0.5747,0.524,0.3089,0.4805,0.2579,0.5326,0.3066,0.2051,0.1675,0.3502,
1.0,0.9991,0.9685,0.9676,0.9662,0.9977,0.9958,0.9899,0.9838,0.9213,0.7342,0.9286,0.9054,0.8432,0.8045,0.8515,0.6875,0.83,0.9412,0.7754,0.6107,0.9549,0.7198,0.6218,0.6046,0.6154,0.858,0.5693,0.6164,0.7804,0.4942,0.5602,0.3812,0.6042,0.6815,0.5763,0.5238,0.3176,0.4875,0.2605,0.5301,0.3085,0.2041,0.1634,0.3652,
1.0,0.9986,0.9703,0.9689,0.972,0.9967,0.9946,0.9914,0.986,0.9264,0.7442,0.9359,0.9119,0.842,0.806,0.8632,0.6851,0.8303,0.9405,0.7843,0.6176,0.9532,0.7282,0.6313,0.6109,0.6199,0.8528,0.564,0.6289,0.7859,0.507,0.5538,0.3921,0.5911,0.6736,0.5849,0.5236,0.3126,0.4727,0.271,0.5202,0.3102,0.2072,0.1641,0.3511,
1.0,0.999,0.9648,0.9638,0.9695,0.9972,0.9947,0.9903,0.9865,0.922,0.7344,0.9286,0.9059,0.8388,0.8023,0.8525,0.6822,0.8258,0.9421,0.78,0.6146,0.9486,0.7229,0.6227,0.6014,0.6089,0.8548,0.5633,0.6252,0.7757,0.498,0.5441,0.3859,0.5907,0.6723,0.5828,0.5172,0.3045,0.4771,0.2609,0.5238,0.3088,0.1998,0.1639,0.3601,
1.0,0.9983,0.9668,0.9651,0.969,0.9974,0.9947,0.9875,0.9821,0.9226,0.737,0.9283,0.9047,0.844,0.8007,0.8515,0.687,0.8312,0.9444,0.78,0.6092,0.95,0.7143,0.6198,0.5883,0.6145,0.8554,0.5712,0.606,0.7768,0.5037,0.5534,0.3775,0.5874,0.6763,0.5719,0.5272,0.3155,0.472,0.2523,0.5165,0.3053,0.203,0.16,0.3496,
1.0,0.9991,0.9669,0.966,0.9678,0.9973,0.9962,0.993,0.9869,0.9233,0.7323,0.9287,0.9096,0.8345,0.7969,0.8536,0.6817,0.8215,0.9386,0.7796,0.6034,0.957,0.7214,0.6149,0.6039,0.6087,0.8604,0.5624,0.6159,0.7821,0.5071,0.5528,0.391,0.5913,0.6691,0.5797,0.52,0.3218,0.4774,0.2586,0.5186,0.3156,0.1993,0.1672,0.3547,
1.0,0.9991,0.9672,0.9663,0.9663,0.9973,0.9958,0.9926,0.9849,0.9223,0.7288,0.9268,0.9079,0.8365,0.7978,0.85,0.6815,0.8228,0.9426,0.7776,0.6085,0.9562,0.7238,0.6186,0.6067,0.6066,0.8604,0.5644,0.6225,0.7816,0.498,0.5521,0.3757,0.598,0.6822,0.5884,0.5271,0.3159,0.4792,0.2608,0.5332,0.3072,0.2075,0.1593,0.3575,
1.0,0.9986,0.9668,0.9654,0.9691,0.9972,0.9947,0.9902,0.9859,0.9245,0.7344,0.9296,0.9087,0.8382,0.8005,0.8553,0.6817,0.8253,0.9408,0.7825,0.6117,0.9502,0.7229,0.6196,0.6011,0.6098,0.8575,0.5658,0.6208,0.7826,0.5065,0.5508,0.3881,0.594,0.6779,0.578,0.5124,0.3198,0.4789,0.2598,0.5278,0.3147,0.2076,0.1592,0.348,
1.0,0.9992,0.9678,0.967,0.9673,0.998,0.9965,0.9913,0.9844,0.927,0.7303,0.929,0.9122,0.8316,0.7932,0.8574,0.676,0.8181,0.9425,0.7836,0.6129,0.9526,0.7246,0.6199,0.6056,0.6126,0.8566,0.5643,0.6268,0.7812,0.4982,0.5475,0.3859,0.5926,0.6789,0.5879,0.5274,0.3138,0.4772,0.2667,0.5294,0.3059,0.2023,0.1708,0.3512,
1.0,0.9987,0.9681,0.9668,0.9686,0.9966,0.9946,0.9901,0.9862,0.9186,0.7354,0.9295,0.9012,0.841,0.8055,0.851,0.6881,0.8291,0.9424,0.7779,0.6093,0.9528,0.7178,0.6241,0.6109,0.6143,0.8544,0.5728,0.622,0.7808,0.5156,0.562,0.392,0.5961,0.6814,0.5798,0.5194,0.3251,0.4848,0.2621,0.5294,0.3195,0.2181,0.1609,0.3631,
1.0,0.9989,0.9646,0.9635,0.9659,0.9974,0.9953,0.9912,0.9861,0.9238,0.7299,0.9246,0.9087,0.8339,0.7968,0.8502,0.675,0.8205,0.941,0.776,0.6108,0.9523,0.7224,0.6159,0.5955,0.6038,0.8518,0.5583,0.622,0.7763,0.4966,0.5436,0.3798,0.5845,0.6711,0.588,0.5203,0.3124,0.4725,0.2601,0.5135,0.3054,0.2036,0.159,0.3423,
1.0,0.9995,0.9703,0.9698,0.9716,0.9973,0.996,0.9914,0.9852,0.9206,0.7336,0.9351,0.9045,0.8369,0.7971,0.8574,0.6859,0.822,0.9365,0.783,0.6093,0.9514,0.7223,0.6248,0.6185,0.6086,0.8599,0.5675,0.6249,0.781,0.5018,0.5505,0.3993,0.5968,0.6773,0.5828,0.5211,0.3117,0.4804,0.2632,0.5309,0.3115,0.2062,0.1707,0.3576,
1.0,0.9985,0.9643,0.9628,0.9711,0.9974,0.995,0.9892,0.9836,0.9229,0.7374,0.9286,0.9064,0.8407,0.8024,0.8527,0.6864,0.8274,0.9359,0.7889,0.6099,0.9501,0.7201,0.6166,0.5995,0.6093,0.8605,0.5686,0.6202,0.7825,0.5061,0.5427,0.3831,0.5858,0.6718,0.5785,0.5169,0.3162,0.4836,0.2622,0.5351,0.3134,0.2083,0.1609,0.3589,
1.0,0.9991,0.9667,0.9658,0.9708,0.9975,0.9956,0.9914,0.986,0.9227,0.735,0.931,0.9071,0.8365,0.7975,0.8545,0.6844,0.8231,0.9418,0.7865,0.6152,0.9536,0.73,0.6276,0.6143,0.6102,0.8626,0.5631,0.623,0.7804,0.498,0.5422,0.3999,0.5846,0.6696,0.5818,0.5201,0.3078,0.4782,0.2616,0.5203,0.3085,0.1997,0.1615,0.3546,
1.0,0.9991,0.9663,0.9654,0.9691,0.9979,0.9964,0.9921,0.9849,0.9231,0.7324,0.9302,0.9103,0.8345,0.7985,0.8548,0.6821,0.8201,0.9396,0.7859,0.6079,0.9544,0.7197,0.6219,0.6028,0.6074,0.8583,0.5634,0.6184,0.7851,0.5022,0.548,0.3882,0.587,0.6766,0.5786,0.529,0.3156,0.4835,0.2648,0.5261,0.3122,0.211,0.1644,0.3504,
1.0,0.9983,0.9673,0.9656,0.9688,0.997,0.9949,0.9908,0.9855,0.9279,0.7383,0.9296,0.9128,0.8403,0.8048,0.8591,0.6841,0.8284,0.9435,0.7855,0.6173,0.9532,0.7271,0.6227,0.6055,0.6156,0.855,0.5662,0.624,0.7839,0.5131,0.5533,0.3895,0.5945,0.6851,0.5923,0.5209,0.3248,0.4766,0.2624,0.5281,0.3184,0.2143,0.1591,0.3499,
1.0,0.9988,0.9686,0.9674,0.9693,0.9972,0.9949,0.9893,0.9839,0.9226,0.7332,0.9314,0.9054,0.8347,0.7947,0.8542,0.6795,0.8209,0.9401,0.7789,0.6112,0.9484,0.7239,0.625,0.6116,0.6122,0.852,0.56,0.6259,0.7758,0.4984,0.5483,0.3892,0.5927,0.6732,0.5882,0.5176,0.3098,0.4769,0.2617,0.5264,0.3086,0.2057,0.1694,0.3497,
1.0,0.9986,0.9686,0.9672,0.9681,0.997,0.9947,0.991,0.9845,0.9272,0.734,0.9306,0.9124,0.8373,0.8001,0.8595,0.6867,0.8226,0.9386,0.7895,0.6169,0.9529,0.7334,0.6262,0.6149,0.6095,0.8599,0.5631,0.629,0.7844,0.5006,0.5418,0.3924,0.593,0.6729,0.5933,0.5181,0.3057,0.4813,0.2662,0.5283,0.3125,0.2017,0.1618,0.3596,
1.0,0.9989,0.966,0.9649,0.9707,0.9968,0.9942,0.9912,0.9874,0.9254,0.7349,0.9301,0.9093,0.8333,0.7987,0.8569,0.6757,0.8219,0.9402,0.7809,0.6118,0.9543,0.7293,0.6213,0.6078,0.6129,0.8541,0.5593,0.6184,0.7891,0.5072,0.5481,0.3973,0.5942,0.6771,0.5863,0.5183,0.3132,0.4842,0.2591,0.5205,0.3161,0.2078,0.1678,0.35,
1.0,0.999,0.9658,0.9648,0.9703,0.996,0.9944,0.9897,0.9833,0.9205,0.7328,0.9285,0.9011,0.8414,0.8019,0.8509,0.6818,0.8265,0.9382,0.7792,0.5988,0.9506,0.7087,0.6116,0.5955,0.6081,0.8539,0.5666,0.6054,0.7828,0.508,0.5548,0.3793,0.5957,0.6826,0.5757,0.5237,0.3196,0.4804,0.2499,0.5226,0.3178,0.2158,0.159,0.3607,
1.0,0.9989,0.9663,0.9652,0.969,0.9969,0.9944,0.9882,0.9848,0.9208,0.7325,0.9284,0.9024,0.8378,0.7997,0.8512,0.6824,0.826,0.9412,0.7803,0.6051,0.9487,0.7158,0.6171,0.6089,0.6113,0.853,0.5658,0.6216,0.775,0.4987,0.5508,0.3862,0.5904,0.681,0.5842,0.5218,0.3135,0.4798,0.2629,0.5323,0.3144,0.2103,0.162,0.3554,
1.0,0.9986,0.9688,0.9674,0.9715,0.9973,0.9949,0.9912,0.9858,0.9254,0.7384,0.9329,0.9096,0.8379,0.8021,0.8594,0.6838,0.8234,0.9404,0.7852,0.6102,0.9551,0.7225,0.6237,0.6136,0.6159,0.8546,0.5635,0.6233,0.7873,0.5106,0.5479,0.3943,0.6,0.6787,0.5889,0.5257,0.3176,0.4888,0.2652,0.5261,0.3179,0.2075,0.1716,0.3555,
1.0,0.9991,0.9689,0.968,0.9727,0.9969,0.9948,0.9893,0.9839,0.9241,0.7327,0.9343,0.906,0.8347,0.795,0.8588,0.6805,0.8217,0.9386,0.7849,0.6085,0.9524,0.7274,0.6246,0.6186,0.6141,0.854,0.5636,0.6247,0.7825,0.5046,0.5475,0.3953,0.5883,0.6752,0.5836,0.525,0.3176,0.4782,0.2668,0.5232,0.3116,0.2095,0.1715,0.3449,
1.0,0.9989,0.9665,0.9654,0.969,0.9973,0.9955,0.9908,0.9843,0.9211,0.7318,0.9295,0.9056,0.84,0.804,0.8518,0.6834,0.8266,0.9387,0.7819,0.6063,0.9553,0.7216,0.6175,0.6105,0.6127,0.8561,0.568,0.6181,0.7791,0.5036,0.5474,0.3895,0.5924,0.6722,0.5817,0.5169,0.3217,0.4739,0.2585,0.5215,0.3118,0.2074,0.1569,0.3556,
1.0,0.9994,0.9673,0.9667,0.9696,0.9969,0.9952,0.9913,0.9863,0.9188,0.7276,0.9309,0.9034,0.8319,0.7947,0.851,0.6823,0.8175,0.9412,0.7835,0.6081,0.9459,0.7177,0.6208,0.6085,0.605,0.8601,0.5757,0.6178,0.7814,0.5055,0.5516,0.3921,0.5762,0.6698,0.5865,0.5236,0.3147,0.4701,0.2643,0.5237,0.3033,0.2057,0.1619,0.3425,
1.0,0.9993,0.9674,0.9667,0.9687,0.9978,0.9961,0.992,0.9873,0.9221,0.7401,0.9305,0.9081,0.8424,0.8067,0.8533,0.6866,0.8301,0.9401,0.7776,0.6092,0.9555,0.7185,0.621,0.6051,0.6137,0.85,0.5682,0.6234,0.7791,0.4988,0.5617,0.3745,0.5865,0.6825,0.5785,0.5205,0.3179,0.4659,0.2622,0.5252,0.2995,0.2071,0.1565,0.3489,
1.0,0.999,0.9675,0.9665,0.97,0.9973,0.9952,0.9902,0.9844,0.9245,0.7357,0.931,0.9078,0.8372,0.797,0.8559,0.6808,0.8242,0.9389,0.7829,0.6118,0.952,0.7267,0.6238,0.6064,0.6107,0.859,0.5643,0.6217,0.7823,0.5031,0.5526,0.387,0.5929,0.6705,0.5852,0.5206,0.3115,0.4784,0.2638,0.5249,0.3104,0.2057,0.1638,0.3481,
1.0,0.9987,0.9664,0.9651,0.9688,0.9977,0.9955,0.9906,0.9842,0.9222,0.7312,0.9298,0.9084,0.8356,0.7977,0.854,0.6806,0.8216,0.9379,0.7824,0.6051,0.9542,0.7201,0.6139,0.6024,0.6037,0.8566,0.562,0.6203,0.7792,0.4983,0.5454,0.3814,0.5892,0.6729,0.5874,0.5261,0.3155,0.4783,0.2599,0.5257,0.3079,0.2023,0.1638,0.349,
1.0,0.9984,0.9671,0.9655,0.9715,0.9979,0.9954,0.9887,0.9835,0.922,0.7342,0.9308,0.905,0.838,0.7997,0.8541,0.6889,0.8245,0.9385,0.7878,0.6078,0.9515,0.7202,0.622,0.6024,0.613,0.8602,0.5666,0.6105,0.786,0.5007,0.5507,0.3837,0.5859,0.6772,0.5755,0.5212,0.31,0.4761,0.2541,0.5256,0.3115,0.209,0.1617,0.3522,
1.0,0.998,0.9664,0.9644,0.9725,0.9976,0.9951,0.9895,0.9846,0.9144,0.7294,0.9326,0.8999,0.8373,0.7995,0.8488,0.6848,0.8254,0.9426,0.7816,0.6003,0.9501,0.7117,0.6198,0.6041,0.6088,0.8642,0.5651,0.6051,0.7745,0.4948,0.5421,0.3897,0.5899,0.6699,0.5705,0.519,0.3163,0.4807,0.2453,0.5264,0.3084,0.2001,0.1605,0.3541,
1.0,0.999,0.9659,0.9649,0.9695,0.9977,0.9957,0.9899,0.9856,0.9218,0.7356,0.9283,0.9046,0.8424,0.8063,0.8516,0.6885,0.831,0.9423,0.7805,0.6105,0.953,0.7183,0.6214,0.6005,0.6116,0.8558,0.5698,0.6181,0.786,0.5102,0.5512,0.3818,0.589,0.6815,0.5824,0.5239,0.318,0.4763,0.2623,0.5235,0.3136,0.2151,0.1539,0.3576,
1.0,0.999,0.9678,0.9668,0.9706,0.9977,0.9953,0.9908,0.9836,0.922,0.7348,0.9327,0.9073,0.8419,0.8031,0.8562,0.6865,0.8257,0.9381,0.784,0.6097,0.9518,0.7177,0.6234,0.6017,0.6156,0.8584,0.5768,0.616,0.7833,0.5024,0.5598,0.3862,0.5904,0.6766,0.5732,0.5216,0.318,0.4787,0.2578,0.5314,0.3076,0.2119,0.1647,0.3553,
1.0,0.9987,0.9662,0.9649,0.972,0.9979,0.9957,0.99,0.9846,0.9256,0.7431,0.9313,0.9097,0.8419,0.8036,0.8582,0.6829,0.8282,0.9383,0.7842,0.6097,0.9523,0.7211,0.6201,0.6021,0.6188,0.8529,0.5687,0.6189,0.7885,0.5133,0.5556,0.3936,0.5828,0.675,0.5731,0.5177,0.3172,0.4691,0.2611,0.5165,0.3123,0.2101,0.1575,0.3481,
1.0,0.9989,0.9675,0.9664,0.9706,0.998,0.9959,0.9891,0.9846,0.9203,0.7378,0.9306,0.9028,0.8431,0.8029,0.8532,0.6823,0.831,0.943,0.7748,0.6106,0.9532,0.7103,0.6255,0.6026,0.6166,0.8491,0.5651,0.6101,0.7711,0.4934,0.5525,0.3831,0.5888,0.6725,0.5732,0.5162,0.3159,0.478,0.2515,0.5172,0.2959,0.1941,0.1626,0.3513,
1.0,0.999,0.9709,0.9699,0.9711,0.9971,0.9949,0.9918,0.987,0.9252,0.7388,0.9372,0.9115,0.8394,0.8043,0.8636,0.6873,0.8271,0.9432,0.7873,0.6189,0.9542,0.7329,0.6307,0.6212,0.6173,0.865,0.572,0.6237,0.792,0.5102,0.5556,0.4013,0.5966,0.676,0.5884,0.5242,0.3259,0.4804,0.26,0.5213,0.3197,0.2077,0.1591,0.3503,
1.0,0.9992,0.9684,0.9676,0.9691,0.9976,0.9961,0.9902,0.9849,0.9263,0.7398,0.9309,0.9098,0.8424,0.8038,0.8587,0.6884,0.8305,0.9406,0.7817,0.6093,0.9525,0.7171,0.6187,0.6001,0.6198,0.8518,0.5717,0.6155,0.7812,0.5027,0.5567,0.3846,0.5801,0.6758,0.5739,0.5125,0.3167,0.4731,0.2512,0.5257,0.3105,0.2116,0.1577,0.3516,
1.0,0.9989,0.9677,0.9666,0.9712,0.997,0.9948,0.9904,0.9852,0.9241,0.7359,0.9326,0.9081,0.8386,0.8006,0.8573,0.6834,0.8245,0.9397,0.785,0.613,0.9533,0.7255,0.6265,0.6155,0.6164,0.8548,0.5671,0.6243,0.7827,0.5085,0.5535,0.3872,0.5863,0.6755,0.5896,0.5265,0.3161,0.4775,0.2664,0.5229,0.3058,0.2077,0.1662,0.3502,
1.0,0.9987,0.9674,0.9661,0.9713,0.9978,0.9956,0.9901,0.9842,0.9254,0.7403,0.9324,0.9097,0.8417,0.8009,0.8593,0.6857,0.827,0.9393,0.786,0.6086,0.9546,0.7208,0.6191,0.6116,0.6204,0.8607,0.5715,0.6152,0.7824,0.503,0.5543,0.3929,0.599,0.6746,0.583,0.524,0.3181,0.483,0.2555,0.5233,0.3121,0.202,0.1611,0.359,
1.0,0.9989,0.9678,0.9667,0.9701,0.9975,0.9951,0.9906,0.9848,0.925,0.7324,0.9313,0.9095,0.8344,0.7982,0.8578,0.6877,0.8197,0.9352,0.7885,0.6095,0.9555,0.7321,0.6229,0.609,0.6053,0.8601,0.5595,0.624,0.7864,0.4993,0.5402,0.3846,0.58,0.6691,0.5877,0.517,0.3047,0.4778,0.2639,0.5258,0.3066,0.2098,0.167,0.3489,
1.0,0.9982,0.9657,0.9639,0.971,0.9973,0.9949,0.9915,0.9854,0.9272,0.7421,0.9285,0.9121,0.8415,0.8018,0.8568,0.6839,0.8273,0.9368,0.7843,0.6144,0.9537,0.7238,0.6239,0.6104,0.6146,0.8541,0.5672,0.6265,0.789,0.5062,0.5534,0.3888,0.588,0.6739,0.5932,0.5204,0.3171,0.4734,0.2649,0.5273,0.3113,0.2044,0.1703,0.3483,
1.0,0.9986,0.9674,0.966,0.9704,0.9978,0.9955,0.9907,0.9848,0.9272,0.7372,0.9316,0.913,0.8361,0.7961,0.8594,0.6834,0.8217,0.9375,0.7891,0.6073,0.9535,0.7244,0.615,0.6013,0.608,0.8639,0.562,0.6209,0.7847,0.5033,0.5407,0.3909,0.5856,0.6701,0.5847,0.532,0.3142,0.4794,0.2662,0.5261,0.3085,0.2076,0.1658,0.3488,
1.0,0.999,0.9696,0.9686,0.9679,0.9959,0.9938,0.9919,0.9872,0.9217,0.7424,0.9319,0.9068,0.8457,0.8112,0.8545,0.6935,0.8332,0.9401,0.7804,0.6154,0.9549,0.7254,0.6264,0.607,0.6157,0.86,0.5703,0.6234,0.781,0.4982,0.5557,0.3882,0.5988,0.6757,0.5845,0.5182,0.3189,0.487,0.2654,0.5334,0.3122,0.2118,0.1709,0.369,
1.0,0.999,0.9678,0.9668,0.9703,0.9982,0.9957,0.9908,0.9864,0.92,0.7375,0.9308,0.9043,0.8412,0.8049,0.8511,0.6879,0.8285,0.9418,0.7777,0.6104,0.9556,0.718,0.6259,0.6056,0.6171,0.8535,0.5709,0.613,0.7805,0.5003,0.5505,0.3843,0.5944,0.6787,0.5793,0.5289,0.3113,0.4822,0.2638,0.5268,0.3008,0.2103,0.1716,0.3564,
1.0,0.9988,0.9669,0.9657,0.9696,0.9972,0.9954,0.9921,0.9869,0.9198,0.7392,0.9295,0.905,0.8443,0.8077,0.8514,0.6926,0.8319,0.9427,0.782,0.6159,0.9561,0.7255,0.6307,0.6131,0.6197,0.8633,0.5792,0.6194,0.7795,0.5053,0.5553,0.3933,0.5918,0.6753,0.5843,0.5287,0.3225,0.4802,0.2648,0.5199,0.3086,0.2032,0.1681,0.3601,
1.0,0.9984,0.9693,0.9677,0.9714,0.998,0.9955,0.9908,0.9845,0.9251,0.7369,0.9335,0.9103,0.8373,0.7999,0.8602,0.6845,0.8228,0.9387,0.7852,0.6145,0.9533,0.7251,0.6263,0.6118,0.6151,0.8589,0.5642,0.6289,0.7896,0.5089,0.5483,0.3914,0.5892,0.6732,0.5845,0.5168,0.3158,0.4782,0.2659,0.5354,0.3105,0.21,0.1568,0.3464,
1.0,0.9988,0.9671,0.9659,0.9708,0.9979,0.996,0.991,0.9852,0.9264,0.7366,0.9307,0.9109,0.8373,0.798,0.858,0.6791,0.8234,0.9374,0.7825,0.6078,0.9509,0.7192,0.6176,0.6024,0.6135,0.8559,0.5581,0.62,0.7858,0.4996,0.545,0.3888,0.5936,0.6683,0.5771,0.5149,0.3177,0.4753,0.2593,0.5187,0.3037,0.2102,0.1646,0.3479,
1.0,0.9988,0.969,0.9678,0.9711,0.9975,0.995,0.9894,0.9836,0.9231,0.7356,0.9337,0.9071,0.8397,0.8013,0.8571,0.6836,0.8254,0.9397,0.7816,0.6085,0.9522,0.7228,0.6228,0.6143,0.6169,0.8537,0.5719,0.6215,0.7873,0.503,0.5554,0.3882,0.5944,0.6739,0.5833,0.5149,0.3154,0.4845,0.2593,0.5256,0.3158,0.2055,0.1674,0.3552,
1.0,0.9989,0.9655,0.9644,0.9723,0.9967,0.9941,0.9894,0.984,0.9194,0.7373,0.9317,0.9025,0.8409,0.8013,0.8531,0.6798,0.8267,0.9362,0.7785,0.609,0.9497,0.7161,0.6227,0.604,0.6138,0.8496,0.5654,0.6104,0.7783,0.5036,0.548,0.3877,0.5766,0.6665,0.5657,0.5105,0.318,0.464,0.2554,0.5159,0.305,0.2032,0.1582,0.3395,
1.0,0.9989,0.9682,0.9671,0.9716,0.9967,0.9947,0.9892,0.9842,0.9219,0.741,0.9337,0.9052,0.8443,0.8057,0.856,0.6886,0.8314,0.9417,0.7836,0.6145,0.9526,0.7212,0.628,0.6052,0.6171,0.8544,0.5713,0.6182,0.7814,0.5074,0.5561,0.3913,0.5964,0.672,0.5806,0.5188,0.3124,0.483,0.2629,0.5205,0.316,0.2027,0.1595,0.3612,
1.0,0.9984,0.9675,0.9659,0.9719,0.9978,0.9956,0.9896,0.9851,0.9207,0.7357,0.9329,0.9051,0.838,0.8003,0.8564,0.6825,0.8265,0.9389,0.7833,0.6065,0.9541,0.7205,0.621,0.608,0.6085,0.8571,0.5623,0.6178,0.7776,0.5009,0.5455,0.3896,0.5935,0.6824,0.5855,0.5291,0.3192,0.4821,0.264,0.5319,0.315,0.2134,0.1681,0.3541,
1.0,0.9987,0.9716,0.9703,0.97,0.9969,0.9947,0.9913,0.986,0.9223,0.7394,0.934,0.9066,0.8441,0.8075,0.8573,0.6926,0.83,0.9381,0.78,0.6038,0.9515,0.7172,0.623,0.5994,0.6105,0.8554,0.5649,0.618,0.7868,0.5061,0.5575,0.3913,0.5937,0.6799,0.578,0.5219,0.3164,0.4699,0.2559,0.5226,0.3162,0.2126,0.1654,0.359,
1.0,0.999,0.9703,0.9693,0.9685,0.9976,0.9955,0.9898,0.9838,0.9227,0.7355,0.9332,0.9067,0.8401,0.801,0.857,0.6864,0.8267,0.9415,0.7795,0.6157,0.9529,0.7217,0.6266,0.6056,0.6146,0.8528,0.5715,0.6224,0.779,0.5034,0.5591,0.3874,0.5885,0.6736,0.5767,0.5226,0.3144,0.4755,0.2592,0.5257,0.309,0.2105,0.1604,0.3519,
1.0,0.999,0.9661,0.9651,0.9714,0.998,0.9963,0.9912,0.985,0.9275,0.7415,0.9304,0.9115,0.841,0.8023,0.8597,0.6843,0.8278,0.9389,0.7861,0.6121,0.9519,0.7189,0.6223,0.5975,0.6137,0.8547,0.56,0.6133,0.7855,0.5039,0.5447,0.384,0.5878,0.6743,0.576,0.5111,0.308,0.4777,0.2525,0.5168,0.3075,0.2051,0.1534,0.3555,
1.0,0.9987,0.9689,0.9676,0.9711,0.9966,0.9939,0.9887,0.9831,0.9281,0.7424,0.9323,0.9089,0.8412,0.7984,0.8604,0.6852,0.8269,0.9412,0.7862,0.6167,0.9498,0.7223,0.6291,0.5997,0.6153,0.8548,0.5642,0.6205,0.7837,0.5091,0.5489,0.3913,0.5922,0.6719,0.5785,0.5208,0.3105,0.486,0.2627,0.5237,0.3179,0.2123,0.1641,0.3581,
1.0,0.9989,0.9694,0.9683,0.9712,0.997,0.9952,0.9907,0.9857,0.928,0.7372,0.9346,0.912,0.8353,0.7993,0.8645,0.6821,0.8248,0.9436,0.7885,0.6122,0.9538,0.7289,0.6237,0.6085,0.6118,0.8565,0.5587,0.6241,0.7864,0.5116,0.5421,0.3937,0.5896,0.6699,0.5841,0.5148,0.3105,0.4818,0.2535,0.5266,0.3131,0.2087,0.1591,0.3525,
1.0,0.9992,0.9685,0.9677,0.9697,0.9976,0.9952,0.9903,0.9859,0.9233,0.7429,0.9316,0.9067,0.8461,0.8094,0.855,0.6966,0.8331,0.9426,0.7854,0.6138,0.9516,0.7169,0.6316,0.6058,0.6207,0.8584,0.5736,0.618,0.7777,0.4926,0.5583,0.3786,0.5865,0.6728,0.5799,0.5258,0.3081,0.4774,0.2655,0.5245,0.3019,0.2006,0.156,0.3581,
1.0,0.9985,0.9664,0.9649,0.9688,0.9977,0.9953,0.9887,0.9838,0.9258,0.7313,0.9276,0.908,0.8367,0.7948,0.8542,0.6754,0.8246,0.9383,0.781,0.6073,0.9517,0.7268,0.6139,0.6031,0.6044,0.8518,0.5578,0.62,0.7832,0.5033,0.5469,0.3856,0.5854,0.68,0.5815,0.5147,0.3164,0.4737,0.2574,0.5225,0.3131,0.2156,0.1627,0.3475,
1.0,0.9987,0.9725,0.9712,0.9705,0.9979,0.9959,0.9915,0.9844,0.9203,0.7335,0.9363,0.9055,0.8409,0.8025,0.8582,0.6933,0.8268,0.9442,0.7819,0.6073,0.954,0.7156,0.6281,0.6076,0.6136,0.8603,0.5688,0.6246,0.7865,0.5074,0.5594,0.3878,0.6052,0.6836,0.5811,0.5163,0.3256,0.487,0.2548,0.5307,0.3156,0.2127,0.1581,0.364,
1.0,0.9988,0.969,0.9678,0.9708,0.9981,0.9965,0.99,0.9831,0.9217,0.7363,0.933,0.9056,0.8416,0.8014,0.8563,0.6851,0.8292,0.9402,0.781,0.614,0.9526,0.7269,0.6298,0.6162,0.619,0.8567,0.5721,0.6226,0.785,0.4991,0.5563,0.3927,0.5927,0.676,0.5822,0.5226,0.318,0.485,0.2648,0.5249,0.3121,0.2039,0.1726,0.3567,
1.0,0.9985,0.9702,0.9687,0.9711,0.9974,0.9952,0.99,0.9823,0.9262,0.7348,0.934,0.9093,0.8376,0.798,0.8606,0.6817,0.8231,0.9456,0.7845,0.6187,0.9506,0.7242,0.6305,0.6111,0.6225,0.8526,0.5666,0.63,0.7799,0.5037,0.5517,0.3919,0.5914,0.6827,0.5874,0.522,0.3079,0.4757,0.2644,0.5247,0.3081,0.2144,0.163,0.3597,
1.0,0.9994,0.9671,0.9665,0.9676,0.998,0.9966,0.9915,0.9862,0.9223,0.7314,0.9293,0.9076,0.8358,0.8011,0.8529,0.6806,0.8233,0.9393,0.7789,0.6053,0.9564,0.721,0.6157,0.6028,0.605,0.8542,0.5564,0.6214,0.7788,0.5074,0.5459,0.3836,0.5952,0.678,0.5866,0.523,0.3131,0.476,0.2609,0.5197,0.3147,0.2113,0.1553,0.3553,
1.0,0.9994,0.9717,0.9711,0.9706,0.9977,0.9963,0.9919,0.9857,0.9221,0.7359,0.9366,0.9071,0.8397,0.8018,0.8593,0.6902,0.8268,0.9424,0.7837,0.6103,0.9548,0.7217,0.6291,0.6125,0.614,0.8576,0.5762,0.6244,0.784,0.5089,0.5591,0.3924,0.5904,0.6771,0.5847,0.5234,0.3222,0.4752,0.2632,0.5282,0.311,0.2103,0.1651,0.3547,
1.0,0.9989,0.9695,0.9684,0.9679,0.9973,0.9954,0.9924,0.986,0.9239,0.7383,0.931,0.9102,0.8424,0.8063,0.8575,0.6879,0.8278,0.9399,0.7817,0.612,0.9532,0.7203,0.6239,0.606,0.6183,0.8582,0.5684,0.624,0.7834,0.5011,0.5567,0.388,0.5983,0.6755,0.584,0.5305,0.3205,0.4831,0.267,0.5299,0.3111,0.2105,0.1741,0.3612,
1.0,0.9994,0.9669,0.9663,0.9685,0.9978,0.996,0.9912,0.9881,0.9256,0.7415,0.9309,0.9116,0.8405,0.8054,0.8576,0.6874,0.8303,0.9395,0.7835,0.614,0.954,0.7248,0.6207,0.6051,0.6152,0.8548,0.5711,0.6253,0.783,0.5089,0.5514,0.3933,0.587,0.6688,0.5838,0.5223,0.3181,0.4774,0.268,0.524,0.3076,0.1997,0.1672,0.3485,
1.0,0.9987,0.9674,0.9661,0.9701,0.9968,0.9947,0.9921,0.9864,0.9233,0.7413,0.9303,0.908,0.8419,0.8036,0.8554,0.6851,0.8284,0.9427,0.7794,0.6125,0.9522,0.7173,0.6247,0.6025,0.6207,0.8552,0.5737,0.6145,0.7839,0.5022,0.5566,0.3837,0.5839,0.6706,0.5772,0.5168,0.3204,0.4691,0.2549,0.5162,0.3063,0.2082,0.1602,0.3509,
1.0,0.9993,0.971,0.9703,0.9675,0.9969,0.9955,0.9908,0.9859,0.928,0.7425,0.9327,0.9117,0.8429,0.8074,0.8619,0.6897,0.8307,0.9378,0.7835,0.6089,0.9526,0.7216,0.6216,0.6017,0.6161,0.8526,0.5641,0.6232,0.7797,0.4994,0.553,0.3784,0.5926,0.6724,0.5857,0.517,0.3046,0.4766,0.2588,0.5223,0.3096,0.2057,0.1606,0.3569,
1.0,0.9983,0.9678,0.9661,0.973,0.9975,0.9946,0.9885,0.9842,0.9248,0.7402,0.9327,0.9078,0.8412,0.8016,0.859,0.6835,0.829,0.9403,0.7824,0.6114,0.9526,0.7205,0.6278,0.6042,0.6135,0.8484,0.5621,0.6184,0.7841,0.5093,0.5535,0.3827,0.5888,0.6788,0.5879,0.523,0.3098,0.4773,0.2568,0.525,0.3157,0.2108,0.1649,0.3521,
1.0,0.9991,0.969,0.9681,0.9677,0.9971,0.9951,0.9894,0.9845,0.9265,0.7364,0.9305,0.9092,0.8404,0.801,0.8572,0.6815,0.8279,0.9401,0.7791,0.6171,0.9507,0.7292,0.6237,0.6108,0.6144,0.8548,0.5683,0.6243,0.7823,0.4969,0.5554,0.3839,0.5906,0.6699,0.5826,0.5097,0.3134,0.4826,0.2596,0.5261,0.3042,0.2105,0.1601,0.3529,
1.0,0.9984,0.9686,0.967,0.9712,0.9977,0.9954,0.9914,0.9855,0.9277,0.7437,0.9332,0.9141,0.8417,0.8056,0.8626,0.6913,0.8283,0.9421,0.7921,0.6207,0.955,0.7307,0.6316,0.6136,0.6215,0.8623,0.5763,0.6328,0.7913,0.5072,0.5575,0.3893,0.5951,0.6805,0.5948,0.519,0.3119,0.4815,0.2661,0.5245,0.3148,0.2108,0.1559,0.3612,
1.0,0.9987,0.9688,0.9675,0.9685,0.9963,0.9935,0.9907,0.9867,0.9236,0.7344,0.929,0.9055,0.8367,0.8013,0.8539,0.6869,0.8231,0.9404,0.7838,0.6073,0.9493,0.7209,0.6221,0.605,0.6114,0.8571,0.5628,0.6176,0.7827,0.5061,0.5458,0.3854,0.5884,0.6738,0.5849,0.5204,0.3157,0.4751,0.2609,0.52,0.3071,0.2098,0.1629,0.3519,
1.0,0.9989,0.967,0.9659,0.9701,0.9967,0.9948,0.9915,0.9863,0.9248,0.7383,0.9302,0.9088,0.8367,0.7995,0.8561,0.6851,0.8242,0.9418,0.7857,0.6118,0.9528,0.7214,0.6215,0.606,0.6131,0.8574,0.5661,0.6231,0.7837,0.5055,0.5483,0.382,0.589,0.6761,0.5873,0.5281,0.3128,0.4779,0.2692,0.5228,0.3118,0.2079,0.1639,0.3524,
1.0,0.999,0.9665,0.9655,0.9686,0.9979,0.9959,0.99,0.9858,0.9276,0.743,0.9285,0.911,0.8405,0.8005,0.8571,0.6862,0.8286,0.9402,0.7823,0.6118,0.953,0.7181,0.6194,0.6009,0.6148,0.8526,0.5652,0.6239,0.7772,0.4998,0.5516,0.3797,0.5911,0.6731,0.5859,0.5229,0.3112,0.4791,0.2659,0.5222,0.3053,0.2013,0.1628,0.3563,
1.0,0.999,0.9642,0.9632,0.9721,0.9972,0.9956,0.9912,0.9849,0.9234,0.7443,0.9294,0.9076,0.8445,0.8057,0.8545,0.6848,0.8295,0.9384,0.7837,0.6089,0.9534,0.7172,0.6197,0.6012,0.6217,0.8576,0.5702,0.6138,0.7801,0.5024,0.5512,0.3903,0.5903,0.6682,0.5752,0.5219,0.3206,0.4805,0.2596,0.5215,0.3147,0.2032,0.1693,0.3584,
1.0,0.999,0.9709,0.9699,0.9698,0.9981,0.997,0.9899,0.9838,0.9186,0.7335,0.935,0.9032,0.8423,0.8043,0.8546,0.686,0.8294,0.939,0.7761,0.6085,0.9544,0.7224,0.6251,0.6131,0.6126,0.8556,0.5695,0.6212,0.7828,0.5048,0.5586,0.3914,0.5997,0.6833,0.5834,0.5232,0.3172,0.4842,0.2603,0.5218,0.3182,0.2089,0.1712,0.3579,
1.0,0.9991,0.9691,0.9682,0.9702,0.9967,0.9948,0.9899,0.9841,0.9173,0.729,0.9331,0.9001,0.8381,0.8,0.8522,0.6847,0.8233,0.9391,0.7787,0.6037,0.9511,0.7118,0.6215,0.6113,0.609,0.8559,0.5686,0.6155,0.7759,0.5033,0.5495,0.3903,0.5919,0.6788,0.58,0.5292,0.3136,0.4857,0.2585,0.53,0.32,0.2162,0.1637,0.3574,
1.0,0.9985,0.9669,0.9654,0.9683,0.9977,0.9954,0.9902,0.9844,0.9252,0.7343,0.9285,0.9095,0.838,0.7976,0.8555,0.6759,0.8264,0.9427,0.7765,0.619,0.9566,0.7305,0.6265,0.6068,0.6076,0.8527,0.5607,0.6262,0.7791,0.498,0.5509,0.3896,0.5943,0.6779,0.5856,0.5157,0.3197,0.479,0.266,0.5234,0.3066,0.2073,0.1609,0.3475,
1.0,0.999,0.9667,0.9657,0.9705,0.9963,0.994,0.9906,0.9859,0.9221,0.7357,0.9304,0.9043,0.8399,0.8045,0.8538,0.6849,0.8273,0.9382,0.7818,0.6098,0.956,0.7298,0.6252,0.622,0.6112,0.8544,0.5657,0.6252,0.7825,0.5009,0.545,0.3892,0.5958,0.6712,0.5889,0.5149,0.3151,0.4855,0.2588,0.5221,0.307,0.2025,0.1655,0.3558,
1.0,0.9992,0.9687,0.9679,0.9705,0.9968,0.9947,0.9906,0.9853,0.9259,0.7462,0.9343,0.9111,0.8457,0.8103,0.8617,0.6963,0.8328,0.9404,0.7923,0.6201,0.9522,0.7254,0.6307,0.6056,0.6254,0.8586,0.577,0.6216,0.7832,0.5107,0.5565,0.4003,0.5873,0.6692,0.5822,0.5192,0.3198,0.4862,0.2613,0.5379,0.319,0.2144,0.1698,0.3605,
1.0,0.999,0.9675,0.9665,0.9707,0.9965,0.9945,0.9904,0.9856,0.9217,0.7371,0.9327,0.9053,0.8414,0.8052,0.8557,0.69,0.8293,0.9398,0.7832,0.6091,0.9532,0.7235,0.6252,0.6115,0.6109,0.8593,0.5675,0.6177,0.7841,0.5037,0.5479,0.3933,0.5977,0.6692,0.582,0.5205,0.3195,0.481,0.2577,0.5236,0.3176,0.2072,0.1612,0.3629,
1.0,0.9988,0.9698,0.9686,0.9707,0.9971,0.9957,0.9911,0.9841,0.9223,0.7369,0.935,0.9076,0.8397,0.801,0.8587,0.6791,0.8253,0.9418,0.7773,0.6147,0.9517,0.7231,0.6278,0.6122,0.6173,0.8526,0.5671,0.6262,0.7805,0.5059,0.5491,0.3961,0.5923,0.6712,0.5891,0.5138,0.3245,0.4717,0.2557,0.5186,0.3077,0.2057,0.1676,0.3476,
1.0,0.999,0.9685,0.9675,0.9711,0.9976,0.9961,0.9914,0.9849,0.9271,0.7415,0.9341,0.9134,0.8393,0.8016,0.862,0.6842,0.8249,0.94,0.7853,0.6111,0.953,0.7249,0.6203,0.6048,0.6179,0.8568,0.5682,0.6171,0.7893,0.5045,0.5551,0.3892,0.592,0.6799,0.5793,0.5219,0.3153,0.4768,0.255,0.525,0.3095,0.207,0.1639,0.3513,
1.0,0.9985,0.9653,0.9638,0.9691,0.9967,0.9941,0.9887,0.9836,0.924,0.733,0.9271,0.9058,0.8377,0.7971,0.853,0.684,0.8247,0.9427,0.7859,0.6073,0.9504,0.7127,0.616,0.597,0.6151,0.8574,0.5671,0.6097,0.7775,0.4948,0.5468,0.3723,0.5814,0.6719,0.5734,0.5277,0.3142,0.4745,0.254,0.524,0.2968,0.1931,0.1579,0.3534,
1.0,0.9991,0.9658,0.9649,0.9682,0.9972,0.9955,0.9902,0.9837,0.9202,0.7306,0.9276,0.9037,0.8408,0.8018,0.8487,0.6848,0.8282,0.9412,0.78,0.6065,0.954,0.72,0.6179,0.6067,0.6105,0.8598,0.5746,0.6127,0.7829,0.503,0.5546,0.3844,0.5961,0.6705,0.5777,0.5171,0.3181,0.4885,0.2522,0.5242,0.3159,0.2068,0.1567,0.364,
1.0,0.9991,0.9666,0.9657,0.9691,0.9974,0.9954,0.9903,0.9855,0.927,0.7406,0.9308,0.9126,0.8407,0.8037,0.8589,0.6895,0.8273,0.9409,0.788,0.6114,0.9536,0.7248,0.6202,0.6088,0.6172,0.8591,0.5773,0.6248,0.7854,0.5054,0.5603,0.3849,0.5945,0.6809,0.5911,0.5262,0.317,0.4873,0.2605,0.5361,0.3126,0.2095,0.1626,0.3574,
1.0,0.9986,0.9693,0.9679,0.9728,0.9966,0.9936,0.9908,0.9851,0.9217,0.7382,0.9354,0.9062,0.8392,0.8022,0.8577,0.6888,0.8247,0.9391,0.7875,0.6049,0.951,0.7131,0.6216,0.5963,0.6092,0.8584,0.5634,0.6136,0.7818,0.4988,0.5479,0.3829,0.5882,0.6795,0.57,0.5192,0.3157,0.4725,0.2591,0.5267,0.305,0.2124,0.1556,0.3542,
1.0,0.9987,0.9655,0.9642,0.9697,0.9979,0.9955,0.9912,0.984,0.9207,0.7352,0.9286,0.9062,0.8428,0.8033,0.8508,0.6795,0.8264,0.9366,0.774,0.6109,0.9497,0.7181,0.625,0.6006,0.6129,0.8518,0.5661,0.6194,0.781,0.5005,0.556,0.3868,0.5897,0.6771,0.5765,0.5087,0.3199,0.4644,0.2612,0.5164,0.3105,0.2143,0.1591,0.3502,
1.0,0.9993,0.9682,0.9675,0.9668,0.9974,0.996,0.9908,0.9853,0.927,0.7426,0.9287,0.9107,0.8444,0.8069,0.8575,0.6912,0.8312,0.9381,0.7834,0.6167,0.9564,0.7327,0.6252,0.608,0.6139,0.8584,0.5701,0.6261,0.7839,0.5111,0.5505,0.388,0.5911,0.6701,0.5902,0.5221,0.3146,0.4806,0.2676,0.5242,0.3192,0.2098,0.163,0.3587,
1.0,0.9995,0.9674,0.9669,0.9691,0.9976,0.9963,0.9916,0.986,0.9225,0.7368,0.9303,0.9071,0.8402,0.8017,0.8544,0.6861,0.8265,0.9399,0.7806,0.6072,0.956,0.7187,0.619,0.6006,0.617,0.8584,0.5663,0.6135,0.7785,0.5021,0.5495,0.3863,0.5865,0.6737,0.5769,0.5196,0.32,0.4755,0.2549,0.5255,0.2993,0.2062,0.166,0.3509,
1.0,0.9986,0.9693,0.9679,0.9689,0.997,0.9941,0.9881,0.9833,0.9234,0.7344,0.9313,0.9053,0.842,0.8026,0.8553,0.6893,0.8279,0.9408,0.782,0.6055,0.952,0.7194,0.6189,0.6043,0.6149,0.8556,0.5696,0.6132,0.7791,0.506,0.5539,0.3854,0.5956,0.6733,0.5792,0.5225,0.3181,0.4806,0.2527,0.5255,0.3129,0.2046,0.1652,0.3575,
1.0,0.999,0.9689,0.9679,0.966,0.9976,0.9955,0.9916,0.9867,0.9251,0.7414,0.9275,0.909,0.8435,0.8056,0.8531,0.6977,0.8301,0.9409,0.7846,0.6137,0.9537,0.7223,0.6245,0.6016,0.6164,0.8642,0.5715,0.6153,0.7804,0.5012,0.5519,0.3891,0.5886,0.6784,0.5822,0.5356,0.3172,0.4811,0.2688,0.5311,0.3081,0.2061,0.169,0.3601,
1.0,0.9988,0.9678,0.9666,0.9709,0.9974,0.9949,0.9902,0.9843,0.9237,0.734,0.9327,0.9081,0.8358,0.7968,0.858,0.6719,0.822,0.9392,0.7764,0.6061,0.9489,0.7174,0.6163,0.606,0.6113,0.8525,0.5581,0.6178,0.786,0.4964,0.5482,0.3832,0.5945,0.6718,0.575,0.5123,0.316,0.4757,0.2591,0.5297,0.3115,0.2097,0.1538,0.3497,
1.0,0.9993,0.9647,0.964,0.9699,0.9976,0.9964,0.9923,0.9869,0.9251,0.7416,0.9291,0.9114,0.8424,0.8093,0.8562,0.688,0.8309,0.9392,0.7856,0.6094,0.9597,0.7252,0.6174,0.6042,0.6144,0.8562,0.5648,0.6169,0.7868,0.503,0.5485,0.3829,0.5927,0.6734,0.5844,0.529,0.3136,0.4786,0.2672,0.5161,0.3156,0.2047,0.1615,0.3614,
1.0,0.9983,0.9648,0.9631,0.9709,0.9969,0.9948,0.9896,0.9836,0.9235,0.7342,0.9283,0.906,0.8363,0.7964,0.8532,0.6798,0.8242,0.9425,0.7825,0.6093,0.9558,0.7234,0.6191,0.603,0.6148,0.8572,0.5652,0.6118,0.7841,0.5006,0.5478,0.383,0.5922,0.6734,0.5778,0.5206,0.3146,0.4808,0.2495,0.5237,0.3068,0.2048,0.1654,0.3553,
1.0,0.9996,0.9665,0.9661,0.9687,0.9975,0.9961,0.9929,0.9883,0.9221,0.7344,0.9304,0.9084,0.8386,0.8049,0.8541,0.6834,0.8268,0.9414,0.7802,0.6055,0.9576,0.7219,0.6181,0.6011,0.6082,0.8569,0.5634,0.6132,0.7816,0.507,0.5524,0.3872,0.5962,0.6698,0.5804,0.5253,0.3177,0.4808,0.2583,0.5214,0.3116,0.2102,0.1676,0.3579,
1.0,0.9993,0.9641,0.9634,0.97,0.996,0.9944,0.9909,0.9858,0.9237,0.732,0.9286,0.907,0.8335,0.7956,0.8537,0.6732,0.8217,0.946,0.7794,0.6118,0.9534,0.7217,0.6187,0.5994,0.6093,0.8522,0.5657,0.6182,0.7826,0.5091,0.5478,0.3811,0.5869,0.6787,0.584,0.5298,0.3172,0.48,0.2562,0.5271,0.3125,0.2078,0.1684,0.3488,
1.0,0.9994,0.9698,0.9692,0.9723,0.9976,0.9962,0.9919,0.9873,0.9271,0.7384,0.9369,0.9131,0.8362,0.8021,0.865,0.687,0.8249,0.9428,0.7882,0.6132,0.9508,0.7246,0.6253,0.6015,0.6095,0.8582,0.5599,0.6252,0.7908,0.5089,0.544,0.3854,0.5909,0.6771,0.5858,0.5259,0.3078,0.4775,0.2633,0.5289,0.3185,0.2208,0.1624,0.3527,
1.0,0.9995,0.9659,0.9654,0.97,0.9975,0.9955,0.9903,0.9855,0.9225,0.7437,0.9295,0.9059,0.8477,0.8102,0.8528,0.696,0.8341,0.9432,0.7827,0.6161,0.9491,0.712,0.6273,0.5915,0.6227,0.8578,0.5806,0.6091,0.7802,0.4986,0.5584,0.3783,0.5838,0.6789,0.5764,0.5228,0.3129,0.4813,0.2564,0.5339,0.3038,0.2131,0.1618,0.3545,
1.0,0.9983,0.9668,0.9651,0.9687,0.9974,0.995,0.9901,0.9843,0.9182,0.732,0.9271,0.9008,0.839,0.798,0.8474,0.6827,0.8249,0.9366,0.773,0.6014,0.9499,0.7103,0.6155,0.5994,0.6094,0.8535,0.564,0.6123,0.773,0.4922,0.5484,0.3806,0.5862,0.6737,0.5706,0.5135,0.3116,0.4716,0.2578,0.5244,0.3033,0.2024,0.1597,0.3461,
1.0,0.999,0.9669,0.9659,0.9703,0.9975,0.9955,0.9907,0.9834,0.9236,0.7379,0.9304,0.9084,0.8412,0.7998,0.855,0.6846,0.8263,0.9369,0.783,0.6111,0.9573,0.7254,0.6208,0.6111,0.6138,0.86,0.5739,0.6199,0.7865,0.5055,0.5581,0.3892,0.5989,0.6786,0.5838,0.5261,0.3239,0.4835,0.2625,0.5279,0.317,0.2163,0.1635,0.3551,
1.0,0.999,0.9663,0.9653,0.9705,0.9972,0.9953,0.9895,0.9834,0.9236,0.7385,0.9301,0.9067,0.8425,0.8038,0.8544,0.691,0.8289,0.9362,0.7874,0.6124,0.952,0.7289,0.6235,0.6136,0.6167,0.8604,0.5713,0.6202,0.7863,0.5019,0.5511,0.3903,0.5903,0.6657,0.5847,0.5178,0.315,0.4861,0.2636,0.5175,0.3143,0.2018,0.1647,0.3643,
1.0,0.9984,0.9668,0.9652,0.9703,0.9964,0.9935,0.9883,0.9818,0.9263,0.7354,0.93,0.9082,0.8373,0.795,0.8571,0.6771,0.8232,0.9415,0.783,0.6106,0.9503,0.7228,0.6192,0.6023,0.6141,0.8533,0.5584,0.6172,0.7798,0.4984,0.5434,0.3826,0.588,0.6667,0.5793,0.5208,0.3113,0.4817,0.2604,0.5223,0.3013,0.198,0.1649,0.3462,
1.0,0.9989,0.9712,0.9701,0.9683,0.9978,0.9954,0.9882,0.9833,0.9211,0.7284,0.9318,0.9029,0.836,0.7958,0.8531,0.684,0.8228,0.9422,0.7789,0.6044,0.9532,0.7201,0.6195,0.6053,0.6105,0.8548,0.5623,0.6143,0.7832,0.4991,0.5512,0.3863,0.594,0.6753,0.5757,0.5238,0.309,0.4872,0.2542,0.5269,0.3136,0.2093,0.1612,0.3624,
1.0,0.999,0.9695,0.9685,0.969,0.9985,0.9963,0.9898,0.9845,0.9228,0.731,0.9325,0.9077,0.8352,0.7979,0.8562,0.6845,0.8222,0.9399,0.7847,0.6051,0.953,0.7181,0.6172,0.6011,0.6063,0.8556,0.5603,0.6246,0.7787,0.5078,0.5449,0.3965,0.5983,0.6784,0.5783,0.5185,0.3172,0.4756,0.26,0.5267,0.3185,0.2136,0.158,0.3566,
1.0,0.9987,0.9694,0.9681,0.969,0.9973,0.995,0.9916,0.9855,0.9215,0.7389,0.9316,0.9065,0.8445,0.807,0.8535,0.688,0.8305,0.9393,0.7774,0.6135,0.9535,0.7182,0.6272,0.6034,0.6074,0.8547,0.5591,0.6238,0.7756,0.4866,0.5501,0.3793,0.5941,0.6776,0.5784,0.517,0.3119,0.486,0.2621,0.5378,0.3043,0.2019,0.166,0.3642,
1.0,0.9992,0.9668,0.966,0.9735,0.998,0.9955,0.9899,0.9844,0.9235,0.7324,0.9349,0.908,0.8331,0.7953,0.8604,0.6794,0.8193,0.9397,0.7887,0.606,0.9531,0.7238,0.6221,0.6073,0.6122,0.8581,0.5657,0.6222,0.7848,0.5037,0.5485,0.3846,0.5835,0.68,0.5828,0.5215,0.3119,0.4723,0.259,0.5331,0.3082,0.2081,0.1631,0.3443,
1.0,0.9995,0.9673,0.9668,0.9719,0.998,0.9959,0.9899,0.9857,0.9235,0.7391,0.9337,0.9071,0.8401,0.8058,0.8579,0.6882,0.8269,0.9368,0.7872,0.608,0.9509,0.7212,0.6226,0.6069,0.6193,0.8554,0.5656,0.6203,0.783,0.509,0.5488,0.3909,0.5829,0.6693,0.5801,0.5208,0.3161,0.4745,0.2643,0.5179,0.3146,0.2161,0.1617,0.3499,
1.0,0.9993,0.9675,0.9668,0.9718,0.9972,0.9954,0.9916,0.9871,0.9256,0.7388,0.9347,0.9114,0.8357,0.8025,0.8612,0.6855,0.8224,0.9369,0.789,0.6097,0.9535,0.7301,0.6224,0.6089,0.6083,0.8584,0.557,0.6246,0.789,0.5081,0.5382,0.3946,0.5884,0.6706,0.5826,0.5184,0.3084,0.4798,0.2616,0.5199,0.3087,0.2099,0.1622,0.3517,
1.0,0.9994,0.9666,0.966,0.97,0.9974,0.996,0.9909,0.9857,0.9192,0.733,0.9311,0.904,0.8374,0.7984,0.8507,0.6845,0.8253,0.9412,0.7803,0.6097,0.9554,0.7198,0.6232,0.6088,0.6053,0.857,0.5686,0.6173,0.7788,0.502,0.5453,0.3903,0.5923,0.6703,0.5785,0.5222,0.314,0.4795,0.2538,0.5168,0.313,0.208,0.1637,0.3564,
1.0,0.9993,0.9669,0.9662,0.972,0.9978,0.9962,0.9898,0.9855,0.9169,0.7411,0.934,0.9014,0.8464,0.8061,0.8525,0.6829,0.8335,0.9441,0.7707,0.6157,0.9516,0.7183,0.6311,0.6008,0.6128,0.8507,0.5646,0.6115,0.7726,0.4999,0.5526,0.3875,0.5883,0.6753,0.5803,0.5153,0.3192,0.4727,0.2521,0.5207,0.3103,0.203,0.1603,0.3513,
1.0,0.999,0.968,0.967,0.9726,0.9972,0.9957,0.9913,0.9864,0.9277,0.7445,0.933,0.9112,0.8423,0.8063,0.8623,0.6922,0.8296,0.9421,0.7912,0.6106,0.9498,0.7212,0.6232,0.6047,0.6198,0.8607,0.5699,0.6204,0.7891,0.5088,0.5525,0.3912,0.5866,0.6749,0.5792,0.5167,0.32,0.4736,0.2628,0.5254,0.3108,0.2133,0.1633,0.3627,
1.0,0.9988,0.9664,0.9652,0.968,0.9979,0.9955,0.9901,0.9851,0.9242,0.7363,0.9287,0.91,0.8401,0.801,0.8542,0.6804,0.8273,0.9418,0.7778,0.6096,0.952,0.7231,0.6195,0.6033,0.6108,0.8554,0.5686,0.6206,0.7827,0.5059,0.5533,0.385,0.5855,0.6744,0.5821,0.5153,0.32,0.4738,0.2575,0.5192,0.3067,0.2097,0.1576,0.3546,
1.0,0.9984,0.9691,0.9675,0.9681,0.9975,0.9947,0.9898,0.9847,0.923,0.7351,0.9301,0.9068,0.8404,0.8013,0.8542,0.6892,0.8273,0.9388,0.7828,0.6093,0.9524,0.722,0.6216,0.6034,0.6127,0.8601,0.5723,0.6145,0.7828,0.5019,0.5551,0.3855,0.5881,0.6782,0.5818,0.5218,0.3102,0.4781,0.2566,0.5258,0.3131,0.2093,0.1597,0.3529,
1.0,0.9989,0.9653,0.9642,0.9692,0.9972,0.9956,0.9914,0.9841,0.9246,0.7378,0.9279,0.9099,0.8401,0.8001,0.8536,0.6811,0.825,0.9338,0.783,0.6144,0.95,0.729,0.6245,0.6111,0.6133,0.8582,0.5683,0.6287,0.7839,0.5022,0.5521,0.3983,0.5843,0.6645,0.5858,0.5148,0.3098,0.4814,0.265,0.53,0.3139,0.208,0.1636,0.3557,
1.0,0.999,0.9684,0.9674,0.97,0.9975,0.9952,0.9897,0.9846,0.9217,0.7342,0.9324,0.9053,0.8378,0.7999,0.856,0.6831,0.8238,0.9378,0.7822,0.6055,0.9508,0.7178,0.616,0.6058,0.6105,0.8542,0.5646,0.6211,0.7819,0.4954,0.5496,0.3899,0.5933,0.6708,0.5764,0.5197,0.312,0.4799,0.2615,0.5278,0.306,0.2066,0.1669,0.3582,
1.0,0.9985,0.9692,0.9677,0.9683,0.998,0.9958,0.989,0.9833,0.9244,0.7291,0.9297,0.9073,0.8352,0.7929,0.8557,0.678,0.8232,0.9431,0.7781,0.6067,0.9551,0.7177,0.62,0.6033,0.6081,0.85,0.5642,0.6187,0.7765,0.5026,0.5479,0.3896,0.5985,0.6791,0.5843,0.5213,0.3135,0.485,0.2514,0.5235,0.3144,0.2099,0.167,0.3536,
1.0,0.9989,0.9688,0.9677,0.9685,0.9976,0.9958,0.9928,0.9876,0.9248,0.7424,0.9306,0.9112,0.8431,0.8088,0.8559,0.6933,0.8307,0.9433,0.7834,0.6182,0.954,0.7221,0.6316,0.5961,0.6151,0.8548,0.5747,0.6214,0.7899,0.5141,0.5557,0.3895,0.5847,0.6761,0.5825,0.5226,0.3144,0.4783,0.2628,0.5243,0.3187,0.2076,0.1616,0.3497,
1.0,0.9989,0.9676,0.9665,0.9682,0.9968,0.9949,0.9883,0.9837,0.9234,0.7402,0.9294,0.9051,0.8446,0.8049,0.8536,0.6865,0.8314,0.9399,0.7791,0.6197,0.9487,0.7262,0.6298,0.6119,0.6173,0.8518,0.5707,0.6295,0.7787,0.5011,0.556,0.3864,0.5946,0.676,0.5871,0.5155,0.3111,0.4855,0.2703,0.5212,0.3103,0.2047,0.1615,0.3606,
1.0,0.9986,0.9665,0.9651,0.9676,0.9986,0.996,0.9893,0.983,0.9233,0.7275,0.9266,0.9066,0.8335,0.7934,0.8512,0.6788,0.8175,0.9389,0.7808,0.6034,0.9536,0.7174,0.614,0.5986,0.6052,0.8525,0.558,0.6177,0.7761,0.5008,0.5418,0.3819,0.5866,0.6717,0.5847,0.5298,0.3123,0.4831,0.2565,0.5285,0.3084,0.1984,0.1662,0.3472,
1.0,0.9991,0.9671,0.9662,0.969,0.9968,0.9947,0.9898,0.9849,0.9266,0.7418,0.931,0.9103,0.8438,0.8062,0.8582,0.6882,0.8299,0.9457,0.7843,0.6252,0.9505,0.7317,0.6334,0.6177,0.6279,0.8541,0.577,0.6282,0.7818,0.5107,0.5602,0.3966,0.5891,0.675,0.5949,0.5244,0.322,0.482,0.2659,0.5151,0.3128,0.205,0.1687,0.3528,
1.0,0.9987,0.9722,0.9709,0.9718,0.9981,0.996,0.9906,0.9854,0.9231,0.7355,0.9386,0.9097,0.8377,0.8033,0.8626,0.691,0.825,0.9403,0.7872,0.6109,0.9549,0.7249,0.6273,0.6166,0.6122,0.861,0.5644,0.6293,0.7816,0.5063,0.5478,0.4008,0.5988,0.6753,0.5873,0.5277,0.3192,0.4859,0.2694,0.5269,0.3101,0.2068,0.1772,0.356,
1.0,0.9993,0.966,0.9653,0.971,0.9965,0.9945,0.9914,0.9854,0.9245,0.733,0.931,0.9073,0.8341,0.7944,0.8554,0.673,0.8196,0.9361,0.7782,0.5994,0.9525,0.7169,0.6125,0.5993,0.6053,0.8471,0.5526,0.6179,0.7831,0.506,0.5457,0.3871,0.5878,0.6695,0.5748,0.5073,0.3162,0.4732,0.2594,0.5212,0.3146,0.2124,0.159,0.3536,
1.0,0.999,0.9679,0.9669,0.9681,0.9979,0.9961,0.9907,0.9851,0.9219,0.7307,0.9295,0.9069,0.8357,0.7981,0.8531,0.6788,0.8219,0.9417,0.7771,0.6048,0.9537,0.7185,0.6149,0.6006,0.6071,0.8561,0.5655,0.6153,0.7857,0.513,0.5551,0.3869,0.5937,0.6755,0.5803,0.5251,0.3222,0.4734,0.2574,0.5283,0.3141,0.2042,0.1639,0.3489,
1.0,0.9988,0.9641,0.9629,0.9699,0.9965,0.9943,0.9904,0.9843,0.9222,0.731,0.9271,0.9046,0.8362,0.7992,0.8505,0.6813,0.8224,0.9387,0.7817,0.6066,0.9546,0.7179,0.6163,0.6014,0.6106,0.8533,0.5614,0.6097,0.7773,0.5009,0.5402,0.3833,0.5879,0.6686,0.5811,0.5189,0.3168,0.482,0.2579,0.5203,0.3065,0.2039,0.1619,0.3546,
1.0,0.9985,0.9693,0.9678,0.9717,0.9968,0.9942,0.9897,0.9842,0.9288,0.7394,0.933,0.9105,0.8374,0.7968,0.8633,0.6846,0.8234,0.9405,0.7882,0.6077,0.9497,0.7154,0.6183,0.5991,0.617,0.8552,0.5713,0.6174,0.7926,0.5178,0.555,0.385,0.5937,0.6752,0.5784,0.515,0.3259,0.4786,0.2566,0.5294,0.3211,0.2188,0.1643,0.3512,
1.0,0.9983,0.9658,0.9641,0.9654,0.9976,0.9953,0.9898,0.9843,0.9244,0.7285,0.9243,0.9094,0.8342,0.7984,0.8504,0.6826,0.8225,0.9407,0.7841,0.6149,0.9508,0.7328,0.621,0.6127,0.6097,0.8567,0.5677,0.6286,0.7868,0.5004,0.5496,0.3895,0.5889,0.6714,0.5889,0.5199,0.3135,0.481,0.2712,0.5274,0.304,0.2042,0.1617,0.3545,
1.0,0.999,0.964,0.963,0.9686,0.9974,0.9955,0.9901,0.9843,0.9245,0.7345,0.9251,0.9072,0.8378,0.7971,0.8514,0.674,0.8247,0.9408,0.7761,0.6101,0.9521,0.7225,0.618,0.6065,0.6161,0.8514,0.5618,0.6166,0.7776,0.5014,0.549,0.3888,0.5897,0.6745,0.581,0.5183,0.3144,0.4771,0.2576,0.5213,0.3132,0.2043,0.1604,0.3569,
1.0,0.9987,0.9716,0.9703,0.9679,0.9979,0.996,0.9913,0.9858,0.9216,0.7372,0.9332,0.9075,0.8436,0.8062,0.8558,0.6893,0.8315,0.9418,0.7755,0.6159,0.9562,0.7258,0.6318,0.6138,0.6137,0.8567,0.5729,0.6221,0.7816,0.5001,0.5579,0.3982,0.5962,0.6896,0.5867,0.5231,0.3246,0.478,0.2665,0.5254,0.313,0.2184,0.1707,0.3573,
1.0,0.9994,0.969,0.9684,0.9697,0.9965,0.9947,0.9902,0.9854,0.9287,0.7384,0.932,0.9101,0.8373,0.8,0.8621,0.6886,0.8241,0.9409,0.7904,0.6111,0.9541,0.7241,0.6202,0.6067,0.6184,0.858,0.568,0.6174,0.7841,0.512,0.5519,0.3919,0.59,0.6775,0.584,0.5272,0.3152,0.4817,0.2596,0.5269,0.318,0.2115,0.1652,0.3557,
1.0,0.999,0.9692,0.9682,0.9712,0.9978,0.9952,0.9897,0.9848,0.9195,0.7327,0.933,0.9019,0.8382,0.7982,0.8543,0.681,0.8235,0.9391,0.7776,0.6041,0.95,0.7165,0.6254,0.6028,0.6089,0.8542,0.5611,0.612,0.7762,0.4978,0.5498,0.3866,0.5872,0.6727,0.572,0.5177,0.3138,0.4674,0.2504,0.5219,0.3033,0.2049,0.1622,0.3474,
1.0,0.9992,0.9675,0.9667,0.9686,0.997,0.995,0.991,0.9854,0.9251,0.728,0.9307,0.9099,0.8289,0.7917,0.8567,0.6707,0.8151,0.9414,0.7815,0.6025,0.9507,0.7207,0.6105,0.6031,0.6044,0.8564,0.5559,0.6226,0.781,0.5073,0.5397,0.3868,0.5854,0.6783,0.5813,0.5138,0.3137,0.4772,0.2541,0.5174,0.3164,0.2081,0.1547,0.3501,
1.0,0.999,0.9659,0.9649,0.9689,0.9975,0.9956,0.9896,0.984,0.9282,0.7368,0.9286,0.9115,0.839,0.8024,0.8572,0.6829,0.8263,0.9422,0.7879,0.6177,0.9536,0.7327,0.6233,0.607,0.6179,0.8564,0.5645,0.6248,0.7836,0.5109,0.5434,0.3898,0.5939,0.6729,0.5922,0.5299,0.3202,0.474,0.264,0.5129,0.3161,0.205,0.1705,0.355,
1.0,0.9992,0.9664,0.9656,0.9701,0.9969,0.9947,0.9916,0.9866,0.9264,0.7368,0.9312,0.9112,0.8348,0.7972,0.859,0.6738,0.8223,0.9404,0.7804,0.616,0.9571,0.7331,0.6233,0.6137,0.6098,0.8545,0.5634,0.6263,0.7874,0.5099,0.5488,0.3857,0.5973,0.6741,0.5907,0.5171,0.3179,0.4811,0.2635,0.5166,0.3207,0.21,0.1645,0.3436,
1.0,0.9993,0.968,0.9673,0.9712,0.9978,0.9964,0.9914,0.9842,0.9261,0.7426,0.9327,0.9108,0.843,0.8067,0.8599,0.6867,0.8285,0.94,0.784,0.6165,0.9546,0.7253,0.6295,0.6079,0.621,0.8506,0.5637,0.6231,0.7891,0.5069,0.5538,0.384,0.5867,0.6801,0.5838,0.5126,0.3109,0.4728,0.2562,0.5216,0.3068,0.2051,0.1604,0.3514,
1.0,0.9989,0.968,0.9669,0.9695,0.997,0.9943,0.9902,0.9838,0.9216,0.7338,0.9297,0.9041,0.8395,0.7953,0.8529,0.6811,0.8234,0.935,0.777,0.6063,0.9513,0.7118,0.6173,0.5939,0.6017,0.8541,0.5589,0.6161,0.772,0.4962,0.5398,0.3855,0.5942,0.6731,0.5732,0.5167,0.3071,0.4824,0.2572,0.5228,0.3056,0.2019,0.16,0.3554,
1.0,0.9991,0.9646,0.9637,0.9746,0.9973,0.9949,0.9908,0.986,0.9207,0.7398,0.9333,0.9051,0.8426,0.8064,0.8554,0.6888,0.8283,0.9384,0.7857,0.6076,0.9499,0.7171,0.6254,0.6047,0.6162,0.857,0.5756,0.6133,0.7868,0.503,0.5577,0.3891,0.5843,0.6682,0.5751,0.5175,0.3245,0.4803,0.2613,0.5321,0.3049,0.2088,0.1645,0.3522,
1.0,0.9993,0.967,0.9663,0.9702,0.9973,0.9956,0.9916,0.986,0.9207,0.75,0.9304,0.9043,0.854,0.8167,0.8528,0.7001,0.8414,0.9423,0.7793,0.6252,0.9514,0.7179,0.6401,0.6056,0.628,0.8549,0.5809,0.6139,0.7779,0.5069,0.5599,0.3984,0.5828,0.6778,0.5827,0.5191,0.3355,0.4727,0.2588,0.524,0.3156,0.2038,0.1649,0.3561,
1.0,0.999,0.9689,0.9679,0.9684,0.9975,0.9948,0.9893,0.9843,0.9193,0.7306,0.9306,0.9018,0.838,0.8006,0.8523,0.6882,0.8244,0.9407,0.7825,0.6039,0.952,0.7105,0.618,0.602,0.6125,0.8548,0.5734,0.6135,0.7723,0.4986,0.5535,0.3812,0.5876,0.6749,0.5769,0.5242,0.3162,0.4746,0.2595,0.5259,0.2993,0.2137,0.1617,0.3545,
1.0,0.9992,0.9667,0.9659,0.9706,0.9976,0.996,0.9915,0.9849,0.9223,0.7352,0.9319,0.9071,0.8377,0.7989,0.8549,0.6786,0.8235,0.9394,0.7785,0.6098,0.955,0.723,0.6209,0.6117,0.6159,0.8585,0.5716,0.6146,0.7872,0.506,0.5537,0.3924,0.5835,0.6749,0.5807,0.5253,0.3226,0.4764,0.2519,0.5206,0.3077,0.2145,0.1666,0.3451,
1.0,0.9988,0.9665,0.9653,0.9702,0.9979,0.9956,0.9909,0.9858,0.9184,0.7336,0.9306,0.9033,0.8386,0.8014,0.8505,0.6788,0.8247,0.9412,0.7731,0.6051,0.9516,0.7123,0.6211,0.6073,0.6115,0.8481,0.5598,0.6188,0.7742,0.5057,0.5477,0.3901,0.586,0.674,0.5844,0.5211,0.3166,0.4697,0.255,0.5134,0.3141,0.2056,0.1621,0.3496,
1.0,0.9989,0.9695,0.9684,0.9724,0.997,0.9946,0.9898,0.9835,0.9194,0.7282,0.9353,0.9022,0.8341,0.7937,0.8558,0.6734,0.819,0.9372,0.7752,0.5999,0.9479,0.7139,0.6191,0.6105,0.6063,0.8494,0.5569,0.6129,0.7732,0.4936,0.5451,0.3898,0.5796,0.6657,0.5735,0.5094,0.3102,0.468,0.2468,0.5172,0.2987,0.2012,0.1607,0.3377,
1.0,0.9989,0.967,0.9659,0.9711,0.9977,0.9951,0.9923,0.9872,0.9211,0.7346,0.9326,0.9081,0.8374,0.7994,0.8554,0.6879,0.8232,0.9367,0.7856,0.6003,0.955,0.7195,0.6142,0.6093,0.6051,0.8661,0.5736,0.6161,0.784,0.506,0.5488,0.3933,0.5915,0.6701,0.5724,0.5254,0.3237,0.4826,0.2588,0.525,0.3137,0.21,0.1669,0.3528,
1.0,0.9996,0.9699,0.9695,0.9664,0.9958,0.9944,0.9911,0.9852,0.9214,0.7285,0.9291,0.9028,0.8354,0.7953,0.8518,0.6804,0.8213,0.9398,0.7766,0.6126,0.9526,0.7255,0.6254,0.6086,0.6008,0.8529,0.5603,0.6247,0.7744,0.4923,0.5461,0.3811,0.5875,0.6783,0.5882,0.5267,0.3056,0.4749,0.2696,0.5268,0.2996,0.2003,0.1666,0.3486,
1.0,0.9995,0.969,0.9685,0.9688,0.9971,0.9953,0.9903,0.9853,0.9255,0.7342,0.9326,0.9087,0.8364,0.8017,0.8594,0.689,0.8224,0.9417,0.7897,0.6098,0.9512,0.7186,0.6198,0.6063,0.62,0.8565,0.5711,0.622,0.7815,0.5097,0.5555,0.3879,0.5865,0.6749,0.5822,0.5235,0.3113,0.4782,0.2617,0.5241,0.3074,0.2137,0.1636,0.3493,
1.0,0.9988,0.9686,0.9674,0.9667,0.9976,0.9958,0.9898,0.9836,0.9233,0.7314,0.93,0.9087,0.8385,0.8022,0.8549,0.6853,0.8244,0.9417,0.7809,0.6059,0.9535,0.7206,0.6179,0.5973,0.6114,0.8565,0.5628,0.6128,0.7833,0.5058,0.5511,0.3903,0.6029,0.6821,0.5815,0.5179,0.3131,0.4785,0.2514,0.5234,0.3163,0.2128,0.1577,0.3599,
1.0,0.9988,0.9665,0.9653,0.9691,0.9972,0.9949,0.9914,0.9839,0.9247,0.737,0.9301,0.9108,0.8414,0.8041,0.8559,0.685,0.8264,0.941,0.7834,0.6153,0.9543,0.7237,0.6248,0.6053,0.6211,0.8568,0.5703,0.6175,0.7831,0.5072,0.5501,0.3909,0.5873,0.6668,0.5863,0.5229,0.3183,0.478,0.2629,0.5141,0.3091,0.1998,0.1674,0.3462,
1.0,0.9985,0.9648,0.9633,0.97,0.997,0.9945,0.9902,0.9855,0.9233,0.738,0.9289,0.9077,0.8405,0.8042,0.853,0.6831,0.8283,0.943,0.7818,0.6106,0.9515,0.7184,0.619,0.598,0.6192,0.8554,0.5668,0.6098,0.7789,0.5017,0.5473,0.3819,0.5808,0.6736,0.579,0.5128,0.3086,0.4717,0.2482,0.5178,0.3049,0.2026,0.1553,0.345,
1.0,0.999,0.968,0.967,0.9686,0.9977,0.9957,0.9904,0.9846,0.9251,0.736,0.9296,0.9089,0.8388,0.8,0.8567,0.6885,0.8255,0.9453,0.7864,0.6139,0.953,0.7206,0.6251,0.6058,0.62,0.8577,0.5792,0.6215,0.7836,0.5091,0.5613,0.3865,0.5912,0.6815,0.5838,0.5193,0.321,0.4779,0.255,0.5302,0.3153,0.207,0.1559,0.3545,
1.0,0.9991,0.9681,0.9672,0.9699,0.9977,0.9956,0.9909,0.985,0.9269,0.7419,0.9326,0.9125,0.843,0.8064,0.8613,0.6833,0.8302,0.9419,0.7806,0.6089,0.9547,0.7156,0.6171,0.591,0.6181,0.8541,0.5646,0.6106,0.7881,0.502,0.5558,0.3738,0.5851,0.675,0.5731,0.5156,0.3176,0.4727,0.2461,0.5172,0.3132,0.2138,0.1524,0.351,
1.0,0.999,0.9693,0.9683,0.9706,0.9975,0.9955,0.9896,0.9853,0.9233,0.7358,0.934,0.9069,0.8387,0.8018,0.8585,0.6857,0.8253,0.9398,0.7829,0.6074,0.9488,0.7195,0.6236,0.6109,0.6138,0.8518,0.5656,0.6272,0.7793,0.4999,0.5524,0.3895,0.587,0.6758,0.5818,0.5181,0.3153,0.4739,0.2599,0.5254,0.3094,0.2072,0.1618,0.3536,
1.0,0.9985,0.9659,0.9644,0.9672,0.9971,0.9944,0.9903,0.9855,0.9284,0.7313,0.9273,0.9139,0.8333,0.7954,0.8562,0.6766,0.8215,0.9418,0.783,0.6105,0.9573,0.7338,0.6134,0.6034,0.6055,0.8546,0.5605,0.6239,0.7842,0.5085,0.5455,0.3873,0.5905,0.6734,0.5936,0.5266,0.3145,0.4836,0.2583,0.5219,0.315,0.2123,0.1709,0.3516,
1.0,0.9986,0.9713,0.9699,0.9699,0.9973,0.9952,0.9902,0.9845,0.9245,0.7358,0.935,0.9086,0.8376,0.8017,0.8606,0.6901,0.8252,0.9447,0.7891,0.6148,0.9535,0.7283,0.6294,0.6104,0.6173,0.8586,0.5671,0.6252,0.7834,0.5057,0.5509,0.3872,0.5899,0.6773,0.5858,0.5208,0.3115,0.477,0.2625,0.5263,0.3052,0.2081,0.1668,0.3516,
1.0,0.999,0.9665,0.9655,0.9696,0.9973,0.9953,0.9919,0.9856,0.922,0.7303,0.9294,0.907,0.834,0.7972,0.852,0.6801,0.8197,0.9416,0.7818,0.6041,0.9533,0.7198,0.6175,0.5947,0.6052,0.858,0.5569,0.6142,0.7798,0.5069,0.5457,0.3902,0.5862,0.6727,0.5759,0.5219,0.3155,0.4787,0.2553,0.5234,0.3117,0.2066,0.1661,0.3496,
1.0,0.9991,0.9666,0.9657,0.9701,0.9968,0.9952,0.9907,0.9832,0.9282,0.7394,0.9295,0.911,0.8429,0.8029,0.8583,0.6842,0.8275,0.9407,0.7869,0.6165,0.9561,0.728,0.6257,0.6128,0.6254,0.8523,0.5708,0.6247,0.7848,0.5138,0.5593,0.3907,0.5919,0.6802,0.5906,0.5217,0.3216,0.4727,0.2649,0.5182,0.3107,0.2083,0.1637,0.3548,
1.0,0.9983,0.9673,0.9656,0.9711,0.9979,0.9955,0.9912,0.9847,0.9264,0.7337,0.9301,0.9107,0.832,0.7925,0.8579,0.6805,0.8185,0.9397,0.7875,0.6049,0.9566,0.7253,0.6151,0.6043,0.6124,0.8628,0.563,0.6157,0.7899,0.5031,0.5407,0.3873,0.5898,0.6728,0.5757,0.5161,0.3146,0.4808,0.2523,0.521,0.3089,0.2036,0.1559,0.3524,
1.0,0.9994,0.9679,0.9673,0.9722,0.997,0.9951,0.9897,0.9841,0.9272,0.7401,0.9345,0.9102,0.8391,0.798,0.8634,0.6811,0.8269,0.9442,0.7873,0.6164,0.9514,0.7211,0.625,0.6058,0.6166,0.8557,0.5723,0.6227,0.7835,0.5133,0.5531,0.3913,0.596,0.6717,0.5885,0.5254,0.3207,0.4844,0.259,0.5163,0.3189,0.2082,0.1644,0.3549,
1.0,0.999,0.9666,0.9656,0.9689,0.9958,0.9935,0.9905,0.9855,0.9264,0.7329,0.9285,0.908,0.8328,0.7958,0.8564,0.6768,0.8198,0.9408,0.7841,0.6112,0.9519,0.7254,0.6186,0.6064,0.6087,0.8531,0.5568,0.6242,0.7867,0.5029,0.5442,0.3776,0.5859,0.6779,0.593,0.5274,0.3069,0.4748,0.2678,0.5222,0.3131,0.2073,0.1635,0.3514,
1.0,0.9989,0.9675,0.9664,0.9702,0.9966,0.9949,0.9906,0.9839,0.9185,0.7321,0.9313,0.9021,0.8395,0.7998,0.8514,0.6878,0.8256,0.9403,0.7808,0.6036,0.9517,0.713,0.6207,0.6085,0.6122,0.8604,0.5728,0.6132,0.7745,0.4928,0.5536,0.3819,0.5913,0.6754,0.5797,0.5222,0.3116,0.4786,0.2553,0.5246,0.3024,0.2029,0.157,0.3556,
1.0,0.9985,0.967,0.9655,0.9696,0.9983,0.9956,0.9913,0.9854,0.923,0.7411,0.9293,0.9085,0.8447,0.8056,0.853,0.691,0.8299,0.9361,0.7816,0.6121,0.9555,0.7247,0.6238,0.6037,0.6122,0.861,0.5668,0.6181,0.7847,0.5044,0.5513,0.3873,0.5868,0.6718,0.581,0.5134,0.3213,0.4739,0.2614,0.5205,0.3068,0.2099,0.1531,0.3549,
1.0,0.999,0.9673,0.9663,0.9721,0.9964,0.9945,0.991,0.9849,0.925,0.7419,0.9322,0.9082,0.8429,0.804,0.8578,0.6856,0.8274,0.939,0.7845,0.6105,0.9499,0.7172,0.624,0.6053,0.6193,0.8537,0.569,0.6231,0.7834,0.5083,0.5554,0.3903,0.5989,0.6855,0.5864,0.5261,0.3208,0.4879,0.27,0.5365,0.3205,0.2091,0.1709,0.3671,
1.0,0.9996,0.9682,0.9678,0.9729,0.9975,0.9961,0.9906,0.985,0.9272,0.7419,0.9362,0.9117,0.8387,0.7999,0.8644,0.6825,0.8269,0.9403,0.7895,0.616,0.9554,0.7293,0.6274,0.6135,0.6168,0.8577,0.5667,0.6181,0.7897,0.5124,0.5429,0.3915,0.5944,0.666,0.5867,0.5187,0.3166,0.4869,0.2541,0.5161,0.3243,0.2114,0.1652,0.3522,
1.0,0.9986,0.9705,0.9691,0.9674,0.9978,0.9958,0.9916,0.9861,0.9211,0.7314,0.9317,0.9078,0.8365,0.7993,0.8541,0.6868,0.8228,0.9435,0.7798,0.6107,0.9534,0.7184,0.623,0.6068,0.6079,0.8574,0.568,0.6225,0.7768,0.5062,0.5489,0.3838,0.5843,0.6732,0.5865,0.5318,0.3207,0.4788,0.2637,0.5237,0.3069,0.2052,0.1624,0.3438,
1.0,0.9987,0.9702,0.9689,0.97,0.998,0.9954,0.9904,0.9855,0.9145,0.7265,0.9344,0.9007,0.8362,0.8014,0.8505,0.6887,0.8231,0.9417,0.7811,0.6019,0.9542,0.7166,0.6225,0.6075,0.605,0.8614,0.562,0.615,0.7738,0.5014,0.5429,0.3943,0.5972,0.6791,0.5743,0.5287,0.3149,0.478,0.2604,0.5241,0.3091,0.2082,0.1613,0.3526,
1.0,0.9986,0.968,0.9666,0.9699,0.9979,0.9953,0.9885,0.9847,0.9263,0.7369,0.9312,0.909,0.8373,0.8012,0.8575,0.6806,0.8264,0.9437,0.7826,0.6121,0.9521,0.7245,0.6215,0.6072,0.6156,0.8512,0.56,0.6225,0.7859,0.5078,0.5448,0.382,0.5964,0.6812,0.5877,0.5209,0.3106,0.4825,0.2627,0.5222,0.3125,0.2125,0.1577,0.354,
1.0,0.9988,0.9685,0.9673,0.9711,0.9967,0.9939,0.9902,0.9847,0.9212,0.7396,0.9337,0.9047,0.8448,0.8071,0.8573,0.6898,0.8294,0.9376,0.7831,0.6137,0.9507,0.7182,0.6291,0.6052,0.6136,0.8544,0.568,0.6218,0.7752,0.4948,0.5522,0.388,0.5864,0.6748,0.5794,0.5274,0.3146,0.4753,0.2654,0.5245,0.306,0.1999,0.165,0.3545,
1.0,0.9987,0.9679,0.9666,0.9685,0.9966,0.994,0.9896,0.9841,0.9227,0.7336,0.93,0.9052,0.8399,0.8023,0.8528,0.6857,0.8251,0.94,0.7844,0.6129,0.9517,0.7249,0.6272,0.6108,0.6165,0.857,0.5686,0.6229,0.7802,0.5004,0.5518,0.3867,0.5922,0.6764,0.5856,0.5223,0.3124,0.4775,0.2616,0.5266,0.3046,0.2026,0.1653,0.3534,
1.0,0.9989,0.9671,0.966,0.9711,0.9967,0.9942,0.9899,0.985,0.921,0.7295,0.9312,0.9036,0.8332,0.7944,0.8533,0.674,0.82,0.9414,0.7802,0.6047,0.9532,0.7244,0.622,0.6146,0.6098,0.8527,0.557,0.6208,0.7783,0.5022,0.5441,0.3921,0.5872,0.6698,0.5838,0.5205,0.3157,0.4801,0.2564,0.5226,0.3126,0.2003,0.165,0.3533,
1.0,0.9992,0.9694,0.9686,0.9657,0.997,0.9948,0.9911,0.9869,0.9214,0.735,0.9291,0.9048,0.843,0.807,0.8524,0.6888,0.8292,0.9383,0.7751,0.6109,0.9519,0.7222,0.6238,0.6065,0.6093,0.8544,0.5701,0.623,0.7767,0.4948,0.5543,0.3853,0.5967,0.6744,0.5838,0.5174,0.3163,0.4816,0.2639,0.5266,0.3048,0.2054,0.1602,0.3567,
1.0,0.9987,0.9649,0.9636,0.9714,0.997,0.9949,0.9896,0.9838,0.9208,0.7287,0.93,0.9043,0.8346,0.7944,0.853,0.6677,0.8216,0.9447,0.7739,0.6142,0.9559,0.7258,0.6259,0.6092,0.6099,0.8474,0.5618,0.6197,0.7793,0.5106,0.5465,0.3875,0.5907,0.6813,0.5919,0.5269,0.3131,0.4771,0.2577,0.515,0.3156,0.2101,0.1697,0.3508,
1.0,0.9988,0.9717,0.9705,0.9698,0.9969,0.9947,0.9891,0.9821,0.9206,0.7333,0.9336,0.9021,0.842,0.8007,0.8555,0.6841,0.8276,0.9441,0.7774,0.6111,0.9529,0.7154,0.6307,0.605,0.6182,0.851,0.5749,0.6122,0.7798,0.5034,0.5584,0.3822,0.5874,0.6774,0.5755,0.5167,0.3189,0.4718,0.2508,0.5162,0.3053,0.2103,0.1654,0.3484,
1.0,0.9991,0.9672,0.9663,0.9687,0.9966,0.9947,0.9895,0.9843,0.9259,0.7367,0.9307,0.9089,0.8389,0.8013,0.8573,0.6811,0.8262,0.9387,0.7839,0.6061,0.9519,0.7195,0.6157,0.5947,0.6122,0.8495,0.5657,0.6213,0.7805,0.5026,0.5513,0.3744,0.585,0.6656,0.5852,0.5157,0.3041,0.4718,0.2586,0.5222,0.3017,0.2048,0.1541,0.344,
1.0,0.9984,0.9701,0.9685,0.9657,0.9979,0.9945,0.9898,0.9847,0.9235,0.7288,0.93,0.9087,0.8375,0.8005,0.8552,0.6855,0.8218,0.9368,0.7808,0.6097,0.9507,0.7236,0.6208,0.6075,0.6073,0.859,0.5693,0.6276,0.7832,0.5087,0.5531,0.3909,0.593,0.68,0.5859,0.5256,0.321,0.4857,0.2652,0.5261,0.319,0.2203,0.1601,0.3553,
1.0,0.9988,0.9681,0.9669,0.9702,0.9982,0.9963,0.9903,0.9851,0.9276,0.7383,0.931,0.9122,0.8373,0.7996,0.8596,0.6871,0.8236,0.9414,0.7888,0.6107,0.9524,0.7283,0.6213,0.6077,0.6137,0.8613,0.5654,0.6239,0.7877,0.5029,0.5436,0.3918,0.5933,0.6701,0.5839,0.5298,0.3133,0.4826,0.2679,0.5306,0.3143,0.2061,0.1705,0.3603,
1.0,0.9996,0.9706,0.9702,0.9688,0.9971,0.9961,0.992,0.9862,0.9222,0.7364,0.9334,0.9076,0.8393,0.8025,0.8565,0.6865,0.8274,0.9423,0.7794,0.6136,0.9542,0.7251,0.6295,0.6089,0.6155,0.8566,0.5636,0.6184,0.7807,0.4997,0.5522,0.3934,0.5941,0.6765,0.5827,0.5131,0.319,0.4833,0.2578,0.5191,0.3102,0.2032,0.1695,0.3557,
1.0,0.999,0.9668,0.9658,0.9685,0.9977,0.9959,0.9904,0.9844,0.9254,0.7338,0.9298,0.9106,0.8387,0.802,0.8583,0.6829,0.8263,0.9442,0.7842,0.614,0.9545,0.7237,0.6245,0.6069,0.614,0.8567,0.5688,0.624,0.7825,0.5129,0.5518,0.393,0.5976,0.6805,0.5835,0.523,0.32,0.484,0.263,0.5297,0.3181,0.2097,0.1659,0.3544,
1.0,0.9984,0.9684,0.9668,0.9718,0.9961,0.994,0.9914,0.9859,0.929,0.7422,0.9344,0.9139,0.8392,0.801,0.8632,0.6842,0.8273,0.9413,0.7906,0.6091,0.9507,0.7237,0.6166,0.6037,0.6158,0.8624,0.5671,0.6194,0.7898,0.5053,0.5488,0.383,0.5847,0.6744,0.5783,0.5183,0.311,0.4816,0.2591,0.5324,0.3108,0.212,0.1572,0.3553,
1.0,0.9984,0.9657,0.9641,0.9716,0.997,0.9949,0.9901,0.9835,0.9198,0.7338,0.9301,0.9034,0.8413,0.7992,0.8506,0.679,0.828,0.9399,0.7776,0.6141,0.9533,0.7226,0.6287,0.6113,0.6152,0.8541,0.5739,0.6156,0.7798,0.5112,0.5601,0.397,0.5899,0.6744,0.5815,0.5242,0.3243,0.4738,0.2604,0.5194,0.3161,0.219,0.171,0.3505,
1.0,0.9987,0.9665,0.9652,0.9693,0.9966,0.9941,0.9905,0.9851,0.9221,0.7337,0.9298,0.9066,0.8376,0.8023,0.8537,0.6847,0.8251,0.9396,0.7839,0.6109,0.9531,0.7184,0.6201,0.6031,0.6134,0.8553,0.5685,0.6172,0.7813,0.5067,0.5489,0.3869,0.5873,0.6712,0.5775,0.513,0.3222,0.4847,0.2561,0.5318,0.3096,0.215,0.1627,0.3491,
1.0,0.9985,0.9676,0.9661,0.9711,0.9975,0.9953,0.9884,0.983,0.9234,0.734,0.9324,0.9065,0.837,0.7964,0.8577,0.6776,0.8245,0.9438,0.7809,0.61,0.9512,0.7245,0.6216,0.6062,0.6128,0.8541,0.5682,0.6209,0.7826,0.5029,0.5517,0.3863,0.5905,0.6757,0.5863,0.5318,0.31,0.4807,0.2602,0.5186,0.31,0.2017,0.1681,0.3483,
1.0,0.9987,0.9691,0.9678,0.9693,0.9971,0.995,0.9896,0.9833,0.924,0.7312,0.9317,0.907,0.8376,0.7945,0.856,0.6759,0.8249,0.941,0.7783,0.6123,0.9526,0.7303,0.6265,0.61,0.6043,0.8541,0.561,0.6289,0.7825,0.4995,0.5524,0.3908,0.5958,0.6842,0.5861,0.5147,0.3198,0.4783,0.2591,0.529,0.3134,0.2098,0.1624,0.3549,
1.0,0.9991,0.9686,0.9677,0.9741,0.9976,0.9956,0.9899,0.9829,0.929,0.7393,0.9367,0.9131,0.8357,0.7964,0.8668,0.6765,0.8197,0.9359,0.7874,0.6114,0.9479,0.7239,0.6235,0.6111,0.6128,0.8522,0.5555,0.6315,0.7915,0.5123,0.5441,0.3874,0.5899,0.6664,0.5876,0.5075,0.3102,0.4711,0.2668,0.5159,0.3156,0.2071,0.1572,0.3415,
1.0,0.9993,0.9695,0.9688,0.9672,0.9971,0.9955,0.9899,0.983,0.9249,0.728,0.9307,0.908,0.8357,0.7973,0.857,0.6825,0.8205,0.9417,0.7829,0.6142,0.9541,0.7276,0.6245,0.6111,0.6085,0.8569,0.5629,0.6247,0.7759,0.5,0.5475,0.3929,0.6022,0.6755,0.5886,0.5219,0.3155,0.4814,0.2641,0.5226,0.3055,0.2021,0.1672,0.3547,
1.0,0.9987,0.9683,0.967,0.9721,0.9979,0.9957,0.9889,0.982,0.9269,0.7369,0.9334,0.9101,0.8373,0.7973,0.8617,0.6795,0.8232,0.9383,0.7867,0.6115,0.953,0.7257,0.6211,0.6134,0.6175,0.8513,0.5636,0.6258,0.7849,0.5103,0.5463,0.3918,0.5906,0.6735,0.5867,0.5179,0.3134,0.4795,0.2593,0.522,0.3203,0.2091,0.1645,0.3522,
1.0,0.9988,0.969,0.9678,0.9706,0.9964,0.9941,0.9901,0.9827,0.9251,0.7334,0.9324,0.9083,0.8373,0.7993,0.8586,0.6784,0.8219,0.9341,0.7835,0.6074,0.9514,0.7241,0.619,0.6107,0.611,0.8483,0.5551,0.6254,0.785,0.5019,0.5443,0.3879,0.5946,0.6766,0.5869,0.5051,0.3128,0.4811,0.2535,0.5246,0.3122,0.2113,0.1633,0.3475,
1.0,0.9987,0.9678,0.9665,0.9679,0.9972,0.9945,0.9909,0.9858,0.9237,0.7374,0.9284,0.9077,0.8407,0.8036,0.8537,0.6845,0.8271,0.945,0.7796,0.6163,0.955,0.7262,0.6263,0.6044,0.6174,0.8549,0.5682,0.6187,0.782,0.5108,0.5567,0.3887,0.5896,0.6849,0.5885,0.536,0.3268,0.4798,0.2639,0.5263,0.3103,0.2181,0.1723,0.354,
1.0,0.9986,0.9668,0.9654,0.9708,0.9977,0.9954,0.9914,0.9864,0.9198,0.7374,0.9307,0.9053,0.8421,0.8053,0.8512,0.6917,0.8295,0.9422,0.7849,0.6141,0.9548,0.7241,0.6282,0.6036,0.6159,0.8613,0.5725,0.6153,0.7788,0.4935,0.5564,0.3882,0.5843,0.6769,0.5834,0.5195,0.3135,0.4778,0.2631,0.5273,0.3031,0.2022,0.1645,0.3544,
1.0,0.9987,0.9673,0.966,0.9663,0.997,0.9947,0.9896,0.985,0.9251,0.7326,0.9254,0.9067,0.8375,0.7984,0.8522,0.6817,0.8241,0.9421,0.7795,0.6132,0.9522,0.7263,0.6233,0.6105,0.6144,0.8586,0.5638,0.6171,0.7817,0.5045,0.5507,0.3943,0.5987,0.6751,0.5883,0.5193,0.3176,0.4844,0.2582,0.5188,0.3216,0.206,0.1636,0.3561,
1.0,0.9992,0.9722,0.9714,0.9705,0.9973,0.9956,0.9916,0.9844,0.9235,0.734,0.9351,0.9068,0.8373,0.7982,0.859,0.6848,0.8217,0.94,0.7841,0.6098,0.9509,0.7222,0.6268,0.6163,0.6158,0.8551,0.5641,0.6272,0.7815,0.503,0.5534,0.404,0.5998,0.6792,0.5831,0.5215,0.3232,0.4823,0.2617,0.5336,0.3152,0.209,0.175,0.3591,
1.0,0.9986,0.9634,0.962,0.9714,0.9975,0.9948,0.9894,0.9838,0.9221,0.7368,0.9276,0.9057,0.8406,0.8014,0.8512,0.6739,0.8269,0.9357,0.7758,0.6079,0.9513,0.7222,0.6184,0.6005,0.6097,0.8494,0.5549,0.6195,0.7814,0.499,0.5427,0.3804,0.5893,0.6631,0.5772,0.5179,0.3132,0.4688,0.2602,0.5089,0.3082,0.2006,0.1584,0.3482,
1.0,0.9984,0.9662,0.9646,0.9678,0.9972,0.995,0.9907,0.9855,0.9234,0.7377,0.9259,0.9072,0.8425,0.8053,0.851,0.6878,0.8283,0.9411,0.7804,0.6129,0.9503,0.714,0.6219,0.5958,0.6177,0.8546,0.5659,0.6162,0.7764,0.4918,0.5536,0.3788,0.5838,0.6757,0.5762,0.518,0.3058,0.4715,0.258,0.5184,0.2993,0.1979,0.1556,0.3563,
1.0,0.9986,0.9669,0.9655,0.9698,0.9976,0.9951,0.9917,0.9874,0.9254,0.7433,0.9302,0.9109,0.8425,0.8067,0.8569,0.6904,0.8303,0.9398,0.7842,0.6177,0.9545,0.7301,0.6248,0.6086,0.611,0.8607,0.565,0.6268,0.7872,0.5016,0.5478,0.3855,0.5882,0.6706,0.59,0.5269,0.3194,0.476,0.2713,0.5167,0.3107,0.2148,0.1691,0.3555,
1.0,0.9987,0.9699,0.9686,0.9681,0.9981,0.9958,0.9902,0.9851,0.9243,0.7388,0.9312,0.9093,0.8447,0.807,0.8567,0.6904,0.832,0.9407,0.7806,0.6115,0.955,0.7169,0.6224,0.6046,0.6179,0.8538,0.5762,0.618,0.7821,0.4965,0.562,0.3808,0.5999,0.6755,0.583,0.5154,0.3168,0.482,0.2589,0.517,0.3043,0.2004,0.1605,0.3512,
1.0,0.9993,0.9683,0.9676,0.972,0.9972,0.9955,0.9913,0.9851,0.924,0.7342,0.9334,0.9075,0.8361,0.796,0.8578,0.6823,0.8227,0.9403,0.7844,0.6073,0.9541,0.7192,0.6219,0.6039,0.6103,0.857,0.5663,0.6144,0.7798,0.4942,0.5449,0.3828,0.5848,0.6744,0.5743,0.5252,0.3034,0.4793,0.2586,0.5343,0.3037,0.21,0.1645,0.3476,
1.0,0.999,0.9654,0.9644,0.9668,0.997,0.9949,0.9906,0.9862,0.9225,0.7387,0.925,0.9053,0.8441,0.8071,0.8491,0.6962,0.8319,0.9414,0.7835,0.6059,0.9527,0.7151,0.6159,0.5976,0.6121,0.863,0.5706,0.6087,0.7812,0.4968,0.5519,0.3717,0.5882,0.6696,0.5712,0.522,0.3195,0.4869,0.2624,0.5338,0.3039,0.2017,0.1537,0.3569,
1.0,0.9985,0.9671,0.9656,0.97,0.9981,0.9955,0.9892,0.9845,0.9188,0.7311,0.9298,0.9023,0.8397,0.802,0.8508,0.6808,0.8264,0.9365,0.7768,0.6023,0.9543,0.7198,0.6172,0.6132,0.6108,0.8532,0.5685,0.6154,0.7829,0.4989,0.5534,0.3902,0.5891,0.6678,0.5777,0.5161,0.3174,0.4772,0.2565,0.5172,0.3052,0.2015,0.163,0.3524,
1.0,0.999,0.9664,0.9654,0.968,0.9966,0.9946,0.9918,0.9858,0.9236,0.7376,0.9267,0.907,0.8387,0.8001,0.8516,0.6876,0.824,0.939,0.784,0.6145,0.9512,0.7276,0.626,0.6118,0.6117,0.8622,0.5668,0.6227,0.7823,0.5036,0.5479,0.3904,0.5869,0.6727,0.5891,0.5231,0.3126,0.4789,0.2735,0.5246,0.3094,0.2097,0.1638,0.3575,
1.0,0.9986,0.9713,0.9699,0.9704,0.9975,0.9942,0.989,0.9844,0.9271,0.7369,0.9352,0.9106,0.8354,0.7976,0.8625,0.6799,0.8221,0.942,0.7851,0.6137,0.9516,0.7241,0.6249,0.6076,0.6171,0.8507,0.5628,0.6288,0.7838,0.5061,0.555,0.3883,0.5943,0.6807,0.5917,0.5244,0.3084,0.4772,0.2612,0.5255,0.3154,0.2102,0.1649,0.3504,
1.0,0.9984,0.9679,0.9663,0.9695,0.9976,0.9947,0.9886,0.9827,0.922,0.7315,0.9303,0.9042,0.8393,0.7968,0.8536,0.6824,0.8249,0.9404,0.7828,0.6106,0.9506,0.717,0.6207,0.6062,0.6156,0.8555,0.5735,0.6189,0.7751,0.5001,0.5545,0.3849,0.587,0.6685,0.5788,0.5195,0.3177,0.4674,0.2574,0.5177,0.2983,0.2017,0.158,0.3465,
1.0,0.9987,0.9663,0.965,0.9694,0.9981,0.9963,0.9904,0.9846,0.9259,0.7374,0.9299,0.9116,0.8376,0.8026,0.8572,0.6874,0.8249,0.9381,0.79,0.613,0.9534,0.7308,0.62,0.6091,0.6147,0.8639,0.5679,0.6211,0.7895,0.5081,0.5446,0.3914,0.5903,0.6714,0.5853,0.5187,0.3119,0.4896,0.2594,0.5325,0.3185,0.2113,0.1666,0.3557,
1.0,0.9996,0.9697,0.9693,0.9734,0.9973,0.9958,0.9915,0.9871,0.9241,0.7447,0.9375,0.9085,0.8409,0.8059,0.863,0.6849,0.8294,0.9396,0.7836,0.6087,0.9537,0.7191,0.6244,0.6082,0.6223,0.8521,0.5691,0.6184,0.7909,0.5016,0.555,0.3849,0.59,0.6796,0.5781,0.5211,0.3174,0.4747,0.2659,0.5253,0.3139,0.2108,0.1668,0.3595,
1.0,0.9987,0.9696,0.9683,0.969,0.9968,0.9945,0.9895,0.9834,0.9233,0.7368,0.9314,0.9056,0.841,0.7996,0.8551,0.6841,0.8282,0.9412,0.7805,0.6188,0.9545,0.7273,0.6298,0.6128,0.6185,0.853,0.5714,0.6169,0.7776,0.4986,0.5561,0.3868,0.5895,0.6808,0.5874,0.5196,0.3041,0.4788,0.2581,0.521,0.3046,0.2102,0.1633,0.3527,
1.0,0.9991,0.9666,0.9657,0.9694,0.9972,0.9944,0.9905,0.9863,0.9209,0.73,0.9306,0.9062,0.8354,0.8003,0.8542,0.6799,0.822,0.9388,0.783,0.6041,0.9544,0.7248,0.6182,0.6078,0.6082,0.8576,0.5666,0.619,0.7776,0.4996,0.5446,0.3847,0.5842,0.6718,0.585,0.5243,0.3158,0.4757,0.2633,0.519,0.3088,0.1991,0.1589,0.348,
1.0,0.999,0.9697,0.9687,0.972,0.9967,0.9946,0.989,0.9842,0.9241,0.7375,0.9354,0.9065,0.8384,0.7994,0.8606,0.6745,0.8256,0.9365,0.7773,0.6053,0.9479,0.7197,0.6166,0.6012,0.6077,0.8459,0.5544,0.6166,0.7802,0.5025,0.5448,0.3849,0.5873,0.674,0.5774,0.5105,0.3118,0.4694,0.2557,0.5176,0.3101,0.2145,0.1592,0.3417,
1.0,0.9987,0.9683,0.967,0.9691,0.9969,0.995,0.9922,0.9856,0.9271,0.7404,0.9303,0.9117,0.84,0.8021,0.8581,0.6868,0.8263,0.9414,0.7873,0.6105,0.9538,0.7228,0.6192,0.604,0.617,0.8605,0.5668,0.6213,0.7854,0.5106,0.5508,0.3878,0.5986,0.6823,0.5851,0.5264,0.3135,0.4815,0.2655,0.5262,0.3184,0.2142,0.1562,0.3549,
1.0,0.9985,0.9678,0.9663,0.9684,0.9983,0.9959,0.9904,0.9847,0.9254,0.7356,0.9287,0.9096,0.8385,0.7987,0.8547,0.6826,0.8264,0.944,0.7807,0.6109,0.9502,0.7181,0.6219,0.5994,0.6202,0.8536,0.5722,0.6179,0.7837,0.5046,0.5587,0.3828,0.5864,0.6741,0.5773,0.5145,0.326,0.4685,0.2603,0.5235,0.3064,0.2093,0.1622,0.3498,
1.0,0.9986,0.9645,0.9631,0.9675,0.9967,0.9933,0.9907,0.9872,0.9261,0.7382,0.9258,0.9099,0.8407,0.8068,0.8536,0.6897,0.8295,0.942,0.7865,0.6159,0.9562,0.7301,0.6206,0.6084,0.6174,0.8586,0.5725,0.6265,0.7842,0.5076,0.5564,0.3861,0.5966,0.6726,0.5848,0.5185,0.3254,0.4856,0.2666,0.5204,0.3178,0.213,0.159,0.3649,
1.0,0.9992,0.967,0.9662,0.9694,0.9975,0.9961,0.992,0.9846,0.9253,0.7348,0.93,0.9102,0.8401,0.8026,0.8559,0.6847,0.8246,0.9374,0.7854,0.608,0.9522,0.7203,0.6193,0.6035,0.611,0.856,0.5644,0.6205,0.7798,0.496,0.5518,0.3811,0.588,0.6733,0.5793,0.5118,0.3096,0.4798,0.2555,0.5232,0.2993,0.2094,0.157,0.3506,
1.0,0.9993,0.9684,0.9677,0.9713,0.9973,0.9955,0.9918,0.9859,0.9204,0.7364,0.9341,0.9066,0.8399,0.8048,0.8554,0.6858,0.827,0.9415,0.7807,0.6081,0.953,0.718,0.6262,0.6098,0.6171,0.8564,0.5679,0.6158,0.7833,0.4997,0.5598,0.3866,0.5913,0.6733,0.5796,0.5129,0.3223,0.4693,0.2556,0.5201,0.3073,0.2068,0.1615,0.3531,
1.0,0.9983,0.9671,0.9654,0.9686,0.9975,0.9942,0.9888,0.9838,0.9276,0.7373,0.9285,0.9106,0.8409,0.8015,0.856,0.6812,0.8273,0.9461,0.7822,0.6153,0.9527,0.7255,0.622,0.6047,0.6192,0.8483,0.5676,0.6249,0.7801,0.5133,0.5558,0.3892,0.5971,0.6882,0.5929,0.5321,0.3217,0.4856,0.2614,0.5271,0.3217,0.2142,0.1724,0.3598,
1.0,0.9991,0.9679,0.967,0.9693,0.9981,0.9959,0.9904,0.9847,0.924,0.7336,0.9313,0.9086,0.8365,0.7995,0.8578,0.6816,0.8225,0.9433,0.7818,0.6073,0.9522,0.7173,0.6184,0.597,0.6122,0.8578,0.5628,0.6179,0.7824,0.4985,0.5502,0.3811,0.5883,0.684,0.5737,0.5228,0.3155,0.4742,0.2513,0.5268,0.304,0.2073,0.1608,0.3489,
1.0,0.9985,0.9688,0.9673,0.969,0.9984,0.9965,0.9898,0.9822,0.9188,0.7267,0.9309,0.9037,0.8372,0.7961,0.8508,0.688,0.8226,0.9402,0.7831,0.6048,0.9563,0.72,0.6187,0.6068,0.6061,0.8639,0.5674,0.6161,0.7728,0.5096,0.5513,0.3904,0.5937,0.6783,0.5828,0.5264,0.3178,0.4882,0.2577,0.5346,0.313,0.2112,0.1637,0.358,
1.0,0.9992,0.9654,0.9646,0.9683,0.9976,0.9962,0.9913,0.9854,0.9256,0.7393,0.9281,0.9111,0.8391,0.801,0.8554,0.6825,0.8278,0.9432,0.7812,0.6202,0.9571,0.732,0.6289,0.6121,0.6194,0.8563,0.5733,0.6243,0.7864,0.5114,0.5537,0.3917,0.5959,0.6746,0.5897,0.5252,0.3229,0.4786,0.266,0.5179,0.3153,0.2094,0.1698,0.3601,
1.0,0.9989,0.968,0.9669,0.9659,0.9981,0.9958,0.9902,0.9847,0.9227,0.7349,0.9279,0.9067,0.8412,0.8035,0.8526,0.6866,0.8267,0.9412,0.7766,0.61,0.9491,0.7144,0.6231,0.5933,0.6099,0.8554,0.566,0.6189,0.7781,0.4974,0.5556,0.3784,0.5914,0.6817,0.5761,0.5164,0.3141,0.4769,0.2603,0.5324,0.302,0.2106,0.1576,0.3517,
1.0,0.9988,0.9702,0.969,0.9677,0.9978,0.9956,0.9902,0.9838,0.919,0.7332,0.9306,0.902,0.8434,0.8052,0.8511,0.6905,0.8298,0.9409,0.776,0.6122,0.9546,0.7208,0.6302,0.6074,0.6112,0.8557,0.5679,0.6232,0.7784,0.4936,0.5551,0.3865,0.5951,0.6747,0.5817,0.522,0.3074,0.4748,0.2645,0.5214,0.3038,0.2069,0.1621,0.3531,
1.0,0.9992,0.9656,0.9648,0.9693,0.9975,0.9955,0.9905,0.9841,0.9256,0.7362,0.9282,0.9092,0.8388,0.8003,0.8546,0.6815,0.825,0.9393,0.785,0.6153,0.956,0.7312,0.6243,0.611,0.6125,0.8542,0.5689,0.626,0.7876,0.5011,0.5562,0.3832,0.5949,0.6776,0.5887,0.5121,0.3149,0.4746,0.2618,0.5243,0.3092,0.2017,0.165,0.3524,
1.0,0.9989,0.9671,0.966,0.9695,0.9979,0.9959,0.9911,0.9859,0.9226,0.7397,0.9296,0.9069,0.8428,0.8042,0.8531,0.6858,0.8299,0.9436,0.7795,0.6142,0.9545,0.7241,0.6276,0.6057,0.6178,0.8551,0.5672,0.6234,0.7821,0.5056,0.5512,0.3866,0.5897,0.6737,0.586,0.5228,0.3187,0.4863,0.2609,0.5284,0.3077,0.2015,0.1637,0.356,
1.0,0.9996,0.9696,0.9692,0.9668,0.9968,0.9953,0.9903,0.9866,0.9284,0.7333,0.93,0.9104,0.835,0.797,0.8595,0.6787,0.8243,0.939,0.7807,0.6128,0.954,0.7303,0.6205,0.6052,0.6039,0.8516,0.5544,0.6247,0.78,0.5004,0.5422,0.3884,0.5956,0.6744,0.5831,0.5186,0.3104,0.4747,0.2591,0.5223,0.311,0.2051,0.1643,0.3501,
1.0,0.9995,0.9686,0.9681,0.9676,0.9974,0.9963,0.9927,0.9858,0.926,0.7326,0.9313,0.9126,0.8371,0.8021,0.859,0.688,0.8244,0.9417,0.7894,0.6115,0.9558,0.7282,0.6226,0.6045,0.6122,0.8633,0.5712,0.6231,0.7867,0.4976,0.5486,0.386,0.5903,0.668,0.5812,0.5221,0.3157,0.4804,0.2601,0.5216,0.3093,0.2044,0.1601,0.3616,
1.0,0.9988,0.9686,0.9674,0.973,0.9975,0.9957,0.9915,0.9842,0.9227,0.7361,0.935,0.9079,0.8393,0.7994,0.8602,0.6814,0.8256,0.9385,0.7831,0.6063,0.9545,0.7172,0.626,0.6067,0.6115,0.8531,0.5595,0.6157,0.7751,0.4974,0.5477,0.3854,0.5894,0.6744,0.5774,0.5175,0.3069,0.4838,0.2522,0.5235,0.3028,0.2085,0.1675,0.35,
1.0,0.9985,0.9708,0.9693,0.968,0.997,0.9948,0.9902,0.9847,0.9222,0.7294,0.9328,0.9074,0.8338,0.7954,0.855,0.6811,0.8212,0.9463,0.7811,0.6097,0.9515,0.7174,0.624,0.6049,0.6124,0.8553,0.5694,0.6249,0.7749,0.5014,0.5576,0.3855,0.5956,0.6861,0.5861,0.5331,0.3102,0.4857,0.264,0.526,0.31,0.205,0.1722,0.3545,
1.0,0.999,0.9664,0.9654,0.9728,0.9977,0.9949,0.9896,0.9858,0.9245,0.7458,0.9322,0.9082,0.8442,0.807,0.8572,0.6914,0.8303,0.9409,0.787,0.6198,0.9518,0.7272,0.6306,0.611,0.6263,0.8573,0.5734,0.6211,0.7901,0.5158,0.5573,0.3927,0.5904,0.6775,0.5837,0.5191,0.3206,0.4858,0.259,0.5303,0.3195,0.2113,0.1647,0.3683,
1.0,0.9988,0.9697,0.9685,0.9687,0.9974,0.9955,0.9906,0.9854,0.9262,0.7364,0.9324,0.9108,0.8384,0.8009,0.8597,0.6878,0.8257,0.9422,0.7884,0.6125,0.9563,0.7262,0.6205,0.605,0.6145,0.8615,0.5672,0.6235,0.783,0.511,0.5497,0.3863,0.594,0.6806,0.5909,0.5257,0.3107,0.4912,0.2654,0.5239,0.3183,0.2081,0.1629,0.3642,
1.0,0.9986,0.9678,0.9664,0.9687,0.9973,0.9951,0.9894,0.9854,0.9206,0.7311,0.9291,0.9029,0.8384,0.7989,0.8522,0.6803,0.8278,0.9403,0.7765,0.6037,0.9546,0.7194,0.6152,0.6091,0.6057,0.8551,0.5679,0.6143,0.7797,0.5064,0.5456,0.3918,0.5884,0.6757,0.5822,0.524,0.3214,0.4817,0.2544,0.5194,0.3193,0.2136,0.1602,0.3589,
1.0,0.9984,0.9663,0.9647,0.9709,0.9965,0.9944,0.9908,0.9836,0.9226,0.7369,0.9306,0.9066,0.8393,0.8006,0.8546,0.6812,0.824,0.9357,0.7828,0.6071,0.9508,0.7179,0.6192,0.602,0.6121,0.8541,0.5658,0.6129,0.7839,0.5015,0.5469,0.3868,0.581,0.6691,0.5771,0.521,0.307,0.4745,0.2572,0.5199,0.3082,0.2091,0.1635,0.345,
1.0,0.9986,0.968,0.9666,0.9721,0.9977,0.9953,0.9893,0.9839,0.9217,0.7327,0.934,0.9058,0.8363,0.7957,0.8561,0.6784,0.8225,0.9371,0.7812,0.606,0.9544,0.726,0.6225,0.6098,0.6078,0.8556,0.5554,0.6218,0.7753,0.4948,0.5441,0.382,0.5901,0.6811,0.5817,0.5208,0.3017,0.4799,0.2632,0.5298,0.3007,0.2087,0.1634,0.3555,
1.0,0.9989,0.9654,0.9643,0.9725,0.9974,0.9949,0.9899,0.9839,0.9171,0.7338,0.9312,0.9006,0.8426,0.7995,0.8494,0.6901,0.8276,0.9395,0.7826,0.6014,0.9531,0.7109,0.6174,0.6027,0.6095,0.8617,0.5725,0.6113,0.7729,0.4936,0.5521,0.3824,0.5904,0.6744,0.5741,0.5174,0.316,0.477,0.2517,0.5284,0.3022,0.2016,0.1573,0.3566,
1.0,0.9988,0.9683,0.9671,0.9709,0.997,0.995,0.9898,0.9844,0.9198,0.7249,0.9338,0.9041,0.8299,0.7926,0.8546,0.6784,0.817,0.9392,0.7828,0.5977,0.9534,0.7211,0.6089,0.6068,0.6027,0.8567,0.558,0.6172,0.7792,0.4976,0.5415,0.3836,0.5925,0.6737,0.5803,0.5262,0.3049,0.4894,0.254,0.5272,0.3105,0.2058,0.1652,0.3566,
1.0,0.9987,0.9672,0.9659,0.9671,0.9973,0.9954,0.9906,0.985,0.9269,0.7393,0.9267,0.9098,0.842,0.8032,0.8545,0.6839,0.8276,0.9378,0.7813,0.6092,0.9495,0.7193,0.6156,0.5998,0.6166,0.8521,0.5623,0.62,0.7809,0.5024,0.5506,0.3877,0.5827,0.6689,0.5827,0.5215,0.3173,0.4735,0.2606,0.524,0.3123,0.2027,0.1657,0.3541,
1.0,0.9993,0.9689,0.9682,0.97,0.9967,0.995,0.9914,0.9867,0.9262,0.7468,0.9323,0.9099,0.8467,0.8097,0.8596,0.6897,0.8334,0.9438,0.7821,0.6196,0.9516,0.7214,0.6303,0.6075,0.6245,0.8514,0.5717,0.623,0.7861,0.5037,0.5628,0.384,0.5918,0.6773,0.5887,0.5243,0.3176,0.472,0.265,0.5201,0.3082,0.2085,0.1648,0.3587,
1.0,0.9986,0.969,0.9676,0.9675,0.9975,0.9949,0.9909,0.9857,0.921,0.7327,0.93,0.906,0.8391,0.803,0.8532,0.688,0.8265,0.9436,0.7788,0.6187,0.9545,0.73,0.6328,0.6064,0.6127,0.8599,0.5674,0.6249,0.7823,0.505,0.5551,0.3921,0.5906,0.6785,0.5827,0.5215,0.3206,0.4785,0.2614,0.5255,0.3114,0.212,0.1701,0.3524,
1.0,0.9992,0.9687,0.9679,0.9723,0.9979,0.9966,0.9921,0.9863,0.9301,0.7466,0.9339,0.915,0.8418,0.8017,0.8643,0.6865,0.829,0.9416,0.7873,0.6145,0.9545,0.7239,0.6246,0.6001,0.615,0.8564,0.5638,0.62,0.7901,0.5096,0.5499,0.3888,0.5882,0.6735,0.5806,0.5243,0.3113,0.4742,0.2597,0.5183,0.319,0.207,0.1638,0.3515,
1.0,0.9991,0.9684,0.9675,0.9718,0.9967,0.995,0.9908,0.9845,0.9223,0.7371,0.9329,0.905,0.8398,0.7998,0.8561,0.6889,0.8256,0.9385,0.785,0.6049,0.9526,0.7168,0.6216,0.6026,0.6103,0.8571,0.5659,0.614,0.7821,0.5033,0.5467,0.3808,0.5856,0.6772,0.5767,0.5241,0.3136,0.4779,0.2588,0.5229,0.3133,0.2082,0.1587,0.3571,
1.0,0.9983,0.9639,0.9622,0.9693,0.9973,0.9947,0.9898,0.9838,0.9253,0.7395,0.9255,0.9087,0.8422,0.8035,0.852,0.6844,0.8291,0.9398,0.7851,0.6166,0.9554,0.7232,0.6238,0.6,0.6188,0.8563,0.572,0.6188,0.7885,0.5114,0.5541,0.3847,0.5911,0.677,0.5832,0.5231,0.3136,0.482,0.2677,0.5227,0.318,0.2093,0.1605,0.3601,
1.0,0.9986,0.9697,0.9683,0.9691,0.997,0.9942,0.9897,0.985,0.9231,0.7342,0.9322,0.9062,0.8369,0.7991,0.8565,0.6863,0.8246,0.9433,0.7859,0.6173,0.9521,0.731,0.631,0.616,0.6129,0.858,0.5657,0.6309,0.7779,0.5003,0.5491,0.386,0.5933,0.6794,0.5942,0.5266,0.3123,0.4816,0.2711,0.5266,0.3037,0.207,0.1675,0.3566,
1.0,0.9989,0.9665,0.9654,0.9645,0.997,0.9947,0.9921,0.9863,0.9261,0.7325,0.9243,0.9108,0.8386,0.8019,0.8522,0.6814,0.8258,0.9407,0.7789,0.6106,0.9537,0.7203,0.6142,0.5937,0.609,0.8546,0.5648,0.6168,0.7777,0.4975,0.5491,0.3802,0.5863,0.6743,0.5791,0.5198,0.3084,0.4742,0.2582,0.5244,0.2997,0.2002,0.1586,0.3493,
1.0,0.9991,0.9625,0.9616,0.9677,0.9973,0.9947,0.9909,0.9858,0.9222,0.7341,0.9252,0.9075,0.8395,0.8039,0.8489,0.6831,0.8246,0.9398,0.7833,0.6111,0.955,0.7243,0.6175,0.5972,0.6112,0.8617,0.5657,0.6087,0.7785,0.5043,0.5402,0.387,0.5884,0.6668,0.5775,0.518,0.3238,0.4857,0.2589,0.5255,0.3138,0.2002,0.1541,0.3589,
1.0,0.9982,0.9688,0.967,0.9665,0.9977,0.9946,0.9899,0.9869,0.9221,0.736,0.9277,0.9066,0.8435,0.8043,0.8512,0.6929,0.8324,0.9427,0.7765,0.6115,0.9468,0.7152,0.6209,0.5994,0.6106,0.8605,0.567,0.6216,0.7729,0.4876,0.5555,0.3798,0.5915,0.677,0.5787,0.525,0.3188,0.4751,0.2651,0.5345,0.2977,0.2018,0.1617,0.3561,
1.0,0.9987,0.9691,0.9678,0.9691,0.9971,0.9951,0.9901,0.9846,0.9229,0.7392,0.9304,0.9055,0.8442,0.8047,0.8537,0.692,0.8316,0.9421,0.7817,0.6162,0.9506,0.7269,0.6307,0.6037,0.6154,0.8587,0.5654,0.6162,0.7801,0.5068,0.5506,0.3891,0.586,0.6804,0.5794,0.5152,0.3195,0.4708,0.2565,0.5283,0.3118,0.2087,0.1621,0.3552,
1.0,0.9993,0.9697,0.969,0.9689,0.997,0.9954,0.9911,0.9854,0.9244,0.7348,0.9325,0.908,0.8365,0.7986,0.8585,0.685,0.8233,0.9416,0.7838,0.6102,0.9533,0.7233,0.6201,0.6091,0.6113,0.8576,0.5655,0.6261,0.7847,0.5078,0.5487,0.3826,0.5922,0.6844,0.5887,0.527,0.3145,0.482,0.2621,0.5279,0.318,0.2062,0.1649,0.3533,
1.0,0.9989,0.9716,0.9705,0.9691,0.9968,0.9944,0.9903,0.9841,0.9209,0.7362,0.9335,0.9037,0.8432,0.8037,0.854,0.6872,0.8287,0.9347,0.778,0.6116,0.9527,0.7258,0.629,0.6077,0.6112,0.8529,0.5651,0.6169,0.783,0.5018,0.5528,0.4002,0.5895,0.673,0.5748,0.5184,0.3209,0.4733,0.256,0.527,0.313,0.2052,0.166,0.3501,
1.0,0.9986,0.9708,0.9694,0.971,0.9973,0.9947,0.9895,0.9835,0.9194,0.7314,0.9355,0.9039,0.839,0.7998,0.8563,0.6862,0.8236,0.9372,0.7814,0.6004,0.953,0.7132,0.6198,0.6059,0.6067,0.8556,0.5673,0.62,0.7811,0.497,0.5504,0.3879,0.5963,0.6841,0.5731,0.5237,0.3129,0.4855,0.2592,0.5298,0.3132,0.2112,0.1615,0.3582,
1.0,0.9986,0.9702,0.9688,0.969,0.9975,0.9953,0.9889,0.9843,0.9264,0.7341,0.933,0.91,0.8353,0.7972,0.86,0.6875,0.8227,0.9453,0.7917,0.6189,0.9513,0.7318,0.6284,0.6172,0.6141,0.865,0.5707,0.6348,0.784,0.5127,0.5515,0.394,0.5926,0.6805,0.5931,0.5248,0.3236,0.4786,0.2725,0.5281,0.3128,0.2125,0.1657,0.359,
1.0,0.9988,0.966,0.9648,0.9699,0.9971,0.995,0.9907,0.9847,0.9182,0.7327,0.9293,0.903,0.8391,0.8004,0.8487,0.6818,0.8254,0.9367,0.7774,0.6009,0.9517,0.7155,0.6167,0.6014,0.6028,0.8557,0.5642,0.6123,0.7767,0.4985,0.5466,0.3878,0.5869,0.6727,0.572,0.5066,0.3117,0.4722,0.251,0.5307,0.3044,0.2122,0.157,0.3488,
1.0,0.9995,0.9657,0.9652,0.9688,0.9976,0.996,0.991,0.9856,0.9235,0.7372,0.9286,0.9077,0.8397,0.8006,0.8538,0.6801,0.8272,0.9413,0.7772,0.6118,0.9513,0.719,0.6199,0.5917,0.6135,0.853,0.5608,0.6141,0.7776,0.4958,0.548,0.373,0.5745,0.6712,0.5747,0.5158,0.3172,0.4692,0.2542,0.5197,0.2981,0.2038,0.158,0.3441,
1.0,0.9984,0.9654,0.9638,0.9695,0.9974,0.9952,0.991,0.9857,0.9227,0.734,0.9284,0.9089,0.8368,0.7994,0.853,0.6778,0.8241,0.9386,0.7788,0.6061,0.9509,0.7182,0.6134,0.5965,0.6057,0.8559,0.5585,0.6136,0.7821,0.4987,0.542,0.3764,0.5826,0.6694,0.5793,0.5289,0.3057,0.4695,0.2631,0.5181,0.3006,0.2029,0.1592,0.3467,
1.0,0.9993,0.9679,0.9672,0.9714,0.9968,0.9952,0.991,0.986,0.921,0.7371,0.9343,0.9061,0.8396,0.8041,0.8562,0.6856,0.828,0.9457,0.7858,0.6122,0.9527,0.717,0.6253,0.6075,0.6185,0.8576,0.5737,0.6165,0.7815,0.5048,0.557,0.3911,0.5989,0.6777,0.5817,0.5258,0.3172,0.4787,0.2612,0.5208,0.3092,0.2014,0.1667,0.359,
1.0,0.9991,0.9651,0.9642,0.9683,0.9963,0.9945,0.9902,0.9846,0.9247,0.7328,0.9284,0.9085,0.8356,0.7976,0.8552,0.6738,0.8215,0.9443,0.7805,0.6177,0.9485,0.7283,0.622,0.6073,0.6093,0.8571,0.5619,0.621,0.7801,0.5029,0.5442,0.3823,0.5782,0.6712,0.5894,0.5216,0.3126,0.4771,0.2556,0.5213,0.3057,0.2103,0.1634,0.3486,
1.0,0.9989,0.964,0.9629,0.9714,0.9977,0.9957,0.9912,0.9847,0.9216,0.7339,0.9296,0.9074,0.8365,0.7983,0.8529,0.6783,0.8237,0.9449,0.7847,0.6106,0.9579,0.7238,0.62,0.6059,0.6145,0.8596,0.5662,0.6123,0.7838,0.5133,0.5487,0.388,0.5905,0.6764,0.5823,0.5233,0.3225,0.4818,0.2589,0.5222,0.3152,0.2111,0.1627,0.3547,
1.0,0.9987,0.9684,0.9671,0.9713,0.9963,0.9931,0.9904,0.9853,0.9248,0.7348,0.9332,0.9083,0.8354,0.7991,0.8599,0.6782,0.8211,0.9401,0.7833,0.6111,0.9541,0.7275,0.6246,0.6048,0.6142,0.8532,0.5624,0.621,0.7858,0.5055,0.5484,0.3821,0.5914,0.6775,0.582,0.5225,0.3148,0.4727,0.2582,0.5247,0.3085,0.2115,0.1651,0.3534,
1.0,0.9985,0.9651,0.9636,0.9705,0.997,0.9947,0.99,0.9853,0.9302,0.7403,0.9277,0.9125,0.8378,0.8011,0.859,0.6802,0.8261,0.9418,0.7856,0.6134,0.9515,0.7245,0.62,0.6027,0.6219,0.8494,0.5625,0.6204,0.7883,0.5065,0.5419,0.3809,0.5818,0.6574,0.5855,0.5187,0.3096,0.471,0.2583,0.5045,0.3132,0.2022,0.1655,0.3487,
1.0,0.9991,0.9672,0.9663,0.9704,0.9977,0.9958,0.9903,0.9856,0.9255,0.7406,0.9324,0.9103,0.8391,0.803,0.8585,0.6866,0.8255,0.938,0.7863,0.6103,0.9552,0.7293,0.6205,0.6061,0.6149,0.8596,0.5654,0.6208,0.7885,0.5085,0.5492,0.3898,0.5933,0.676,0.5805,0.5258,0.3121,0.4814,0.2629,0.5261,0.3165,0.2093,0.1621,0.3629,
1.0,0.9989,0.9691,0.968,0.97,0.9974,0.9947,0.9908,0.9845,0.9282,0.732,0.9324,0.9124,0.8315,0.7923,0.8607,0.6745,0.8156,0.9396,0.7835,0.6079,0.9521,0.7256,0.6182,0.6064,0.6108,0.8511,0.5578,0.6279,0.7864,0.5113,0.5499,0.3918,0.592,0.6711,0.5853,0.5085,0.3122,0.4725,0.2566,0.5242,0.3117,0.2077,0.1616,0.3474,
1.0,0.9992,0.9693,0.9685,0.968,0.9973,0.9952,0.9906,0.9853,0.9254,0.7417,0.9301,0.9082,0.8425,0.804,0.856,0.6878,0.8286,0.9385,0.7815,0.6151,0.9549,0.7228,0.6272,0.6031,0.6134,0.8507,0.568,0.621,0.7801,0.5071,0.5608,0.3871,0.5973,0.6797,0.584,0.5177,0.3164,0.479,0.2626,0.5318,0.3091,0.215,0.1636,0.3554,
1.0,0.9989,0.9693,0.9682,0.9713,0.9977,0.9954,0.99,0.9847,0.9224,0.7395,0.9334,0.9059,0.8436,0.8036,0.8569,0.6845,0.8306,0.9373,0.7769,0.6043,0.9513,0.7142,0.6225,0.6039,0.6145,0.8471,0.5646,0.6147,0.7776,0.4981,0.5531,0.3881,0.5895,0.677,0.5716,0.5155,0.3159,0.4751,0.2541,0.5183,0.306,0.2104,0.1636,0.3508,
1.0,0.999,0.9674,0.9664,0.967,0.9975,0.9954,0.9906,0.986,0.9231,0.7375,0.9277,0.9063,0.8436,0.8063,0.8525,0.6918,0.8302,0.9416,0.7838,0.6063,0.9508,0.71,0.6185,0.5899,0.614,0.8557,0.5707,0.6117,0.7763,0.5088,0.5553,0.3792,0.5878,0.6777,0.5793,0.5256,0.3156,0.4733,0.2602,0.5303,0.3118,0.2072,0.1622,0.3566,
1.0,0.9987,0.9668,0.9655,0.9724,0.9965,0.994,0.9902,0.9857,0.9209,0.7373,0.9324,0.9042,0.8388,0.8015,0.8548,0.6857,0.8252,0.9416,0.7843,0.608,0.9505,0.7155,0.624,0.6062,0.6148,0.8556,0.5687,0.6131,0.7793,0.5077,0.5475,0.3879,0.5813,0.6678,0.5811,0.5255,0.3209,0.4735,0.2589,0.5171,0.3138,0.2079,0.1635,0.3463,
1.0,0.999,0.9717,0.9707,0.9705,0.998,0.9966,0.9907,0.9845,0.9222,0.7348,0.9355,0.9066,0.8386,0.8002,0.8582,0.691,0.8255,0.9415,0.7868,0.6058,0.9521,0.7156,0.6224,0.6044,0.6126,0.8605,0.5712,0.6161,0.7825,0.5036,0.5534,0.3926,0.5904,0.6839,0.5756,0.5228,0.3245,0.4812,0.2622,0.533,0.3113,0.2164,0.1678,0.3578,
1.0,0.9983,0.9654,0.9637,0.9694,0.9979,0.9952,0.9894,0.9847,0.9233,0.7353,0.9266,0.9067,0.8376,0.7992,0.8519,0.6824,0.8247,0.94,0.7827,0.6058,0.9505,0.7174,0.6167,0.5974,0.6141,0.8525,0.5694,0.6191,0.7777,0.4978,0.5535,0.3798,0.5819,0.6719,0.5787,0.5162,0.3099,0.4635,0.2529,0.5218,0.2944,0.2073,0.1636,0.3527,
1.0,0.9983,0.9698,0.9681,0.9674,0.9986,0.9961,0.9893,0.9834,0.9211,0.7265,0.9291,0.9041,0.8342,0.7957,0.8526,0.6806,0.8216,0.941,0.7792,0.6068,0.9531,0.7231,0.6196,0.6087,0.6078,0.8551,0.5574,0.6242,0.7799,0.5009,0.5489,0.3856,0.5927,0.6782,0.5818,0.5122,0.3135,0.481,0.2597,0.5258,0.3039,0.2049,0.1557,0.3551,
1.0,0.9992,0.9676,0.9668,0.9694,0.9978,0.9958,0.9904,0.9856,0.9211,0.7362,0.9301,0.9048,0.8404,0.8041,0.8531,0.6917,0.8269,0.9413,0.7842,0.6103,0.9512,0.7194,0.6232,0.6038,0.6136,0.8605,0.5725,0.6179,0.7853,0.5066,0.5548,0.3852,0.594,0.6795,0.5829,0.5179,0.3186,0.4795,0.2593,0.5311,0.3147,0.2106,0.1613,0.3585,
1.0,0.9991,0.9696,0.9687,0.9689,0.9974,0.9956,0.9905,0.9845,0.9219,0.7425,0.9326,0.9062,0.8465,0.8067,0.8558,0.6949,0.8333,0.9421,0.782,0.619,0.9545,0.7234,0.6327,0.6075,0.6216,0.8584,0.5756,0.6268,0.7774,0.5077,0.5636,0.3895,0.5981,0.6801,0.5881,0.5244,0.3176,0.4872,0.2645,0.5349,0.3179,0.2115,0.1608,0.3648,
1.0,0.9987,0.9665,0.9652,0.9685,0.9976,0.995,0.99,0.9842,0.9269,0.7385,0.9299,0.9123,0.841,0.8018,0.857,0.6876,0.8261,0.9386,0.7873,0.6119,0.9537,0.7219,0.6184,0.6084,0.6184,0.8628,0.5721,0.6218,0.7821,0.5031,0.5499,0.3838,0.5899,0.6699,0.5869,0.5243,0.3144,0.4886,0.2703,0.5285,0.3157,0.2028,0.1588,0.3578,
1.0,0.999,0.9693,0.9683,0.9697,0.9967,0.9946,0.9915,0.987,0.9181,0.7363,0.932,0.9023,0.8427,0.8024,0.8505,0.692,0.8311,0.9439,0.7784,0.6096,0.9534,0.7142,0.6266,0.6009,0.6088,0.8604,0.574,0.6074,0.775,0.5011,0.5488,0.3906,0.5918,0.6685,0.5709,0.5206,0.3308,0.4808,0.256,0.5204,0.3043,0.2044,0.1622,0.3549,
1.0,0.9982,0.968,0.9662,0.971,0.9971,0.994,0.9886,0.9829,0.9204,0.7324,0.9314,0.9031,0.8393,0.801,0.8531,0.6849,0.8248,0.9397,0.7832,0.6077,0.9485,0.7153,0.6224,0.6053,0.6137,0.8564,0.5683,0.6175,0.7838,0.4997,0.5488,0.389,0.5941,0.6695,0.5765,0.5194,0.3174,0.4772,0.2623,0.5201,0.3122,0.2121,0.1634,0.3588,
1.0,0.999,0.966,0.965,0.9699,0.9969,0.9949,0.9908,0.9857,0.9235,0.7376,0.9299,0.9077,0.8399,0.8013,0.8546,0.6815,0.8283,0.9426,0.7827,0.6151,0.9544,0.7295,0.6238,0.6137,0.6162,0.8583,0.568,0.624,0.7834,0.5011,0.5518,0.3865,0.5944,0.6759,0.5882,0.5183,0.3172,0.4804,0.2616,0.5254,0.3103,0.2054,0.1623,0.3623,
1.0,0.9991,0.966,0.9651,0.9686,0.9974,0.9958,0.9916,0.9854,0.9185,0.7336,0.9282,0.9034,0.8393,0.801,0.8484,0.6812,0.8244,0.9381,0.7742,0.6012,0.9503,0.7116,0.6168,0.5994,0.6103,0.8542,0.5616,0.6118,0.7751,0.4994,0.549,0.3832,0.5803,0.6682,0.5655,0.5198,0.316,0.4684,0.2617,0.5167,0.3013,0.2019,0.1522,0.3552,
1.0,0.9992,0.9667,0.9659,0.9679,0.998,0.9962,0.9912,0.9844,0.9257,0.7404,0.9288,0.9116,0.8443,0.8043,0.8552,0.6859,0.8302,0.9387,0.7802,0.613,0.9531,0.7201,0.6217,0.5971,0.6185,0.8534,0.5701,0.6183,0.7828,0.5021,0.5562,0.3836,0.588,0.6718,0.5795,0.5209,0.3182,0.4701,0.2615,0.5258,0.3149,0.2089,0.1578,0.3561,
1.0,0.9987,0.9664,0.9651,0.9699,0.9979,0.9957,0.9902,0.9837,0.9243,0.734,0.9288,0.908,0.8376,0.7957,0.8545,0.6795,0.8232,0.9367,0.7826,0.6025,0.9512,0.7213,0.6126,0.6027,0.6056,0.8598,0.5594,0.6161,0.7836,0.498,0.5517,0.3857,0.5939,0.6772,0.5775,0.5146,0.3148,0.4767,0.2519,0.5303,0.3091,0.2111,0.1602,0.3577,
1.0,0.9989,0.9694,0.9683,0.9642,0.9975,0.9952,0.9892,0.9818,0.9227,0.7275,0.9272,0.9057,0.8391,0.7977,0.8501,0.6829,0.8246,0.9359,0.7764,0.6072,0.9543,0.7211,0.6126,0.5928,0.603,0.854,0.5659,0.6157,0.7805,0.5028,0.5508,0.3733,0.5901,0.6777,0.5757,0.5155,0.3144,0.4778,0.254,0.5286,0.3141,0.2112,0.1553,0.3534,
1.0,0.9986,0.9652,0.9638,0.9695,0.9963,0.9936,0.9906,0.986,0.9214,0.7375,0.9276,0.9045,0.8399,0.8035,0.8504,0.6836,0.8268,0.9396,0.778,0.6135,0.9502,0.7211,0.625,0.6026,0.6153,0.8537,0.5665,0.6134,0.7817,0.5089,0.553,0.3934,0.5822,0.6707,0.5754,0.5165,0.3189,0.4766,0.2566,0.522,0.3107,0.2081,0.1614,0.3586,
1.0,0.9992,0.9695,0.9687,0.9698,0.9972,0.9959,0.9915,0.985,0.9212,0.7335,0.9325,0.9051,0.8386,0.7989,0.8557,0.6854,0.8243,0.9405,0.7804,0.6082,0.9518,0.7167,0.6225,0.6075,0.611,0.8619,0.5658,0.6123,0.7802,0.5013,0.55,0.3925,0.5874,0.6682,0.5754,0.5111,0.317,0.4752,0.2523,0.5185,0.3063,0.2039,0.1591,0.3496,
1.0,0.9988,0.9663,0.9651,0.9669,0.997,0.9947,0.989,0.9839,0.918,0.7266,0.9261,0.8999,0.8371,0.7981,0.8467,0.6793,0.8235,0.9376,0.7743,0.6026,0.9499,0.7142,0.6176,0.5991,0.5997,0.8551,0.5616,0.6149,0.7754,0.4983,0.5454,0.3817,0.5883,0.675,0.58,0.5165,0.3131,0.4834,0.2552,0.523,0.3156,0.2106,0.1539,0.3513,
1.0,0.9989,0.9701,0.969,0.9665,0.9975,0.9957,0.9907,0.9854,0.9249,0.7289,0.9301,0.9093,0.8348,0.7969,0.8561,0.6844,0.8226,0.9449,0.7833,0.6091,0.9565,0.7262,0.6205,0.6015,0.6058,0.8569,0.5686,0.6242,0.7813,0.5086,0.5561,0.3844,0.5874,0.6856,0.5847,0.5264,0.3221,0.4812,0.2599,0.5349,0.3029,0.2103,0.1688,0.3511,
1.0,0.9987,0.9683,0.967,0.9725,0.9978,0.9956,0.9907,0.9853,0.9282,0.74,0.9337,0.9124,0.8369,0.7967,0.8626,0.6833,0.8246,0.9406,0.7893,0.6118,0.9528,0.7277,0.6241,0.613,0.6159,0.8573,0.5714,0.631,0.7872,0.5098,0.5577,0.3966,0.5957,0.677,0.5924,0.5244,0.3168,0.4859,0.2683,0.5323,0.3188,0.2163,0.171,0.3601,
1.0,0.999,0.9687,0.9677,0.9708,0.9971,0.9952,0.9909,0.9862,0.9186,0.7389,0.9322,0.9016,0.8437,0.8073,0.8516,0.6895,0.8326,0.9431,0.7775,0.6172,0.9557,0.7212,0.6347,0.6172,0.6195,0.8506,0.5682,0.6175,0.7747,0.504,0.5558,0.3953,0.5868,0.6698,0.5816,0.5089,0.3201,0.4765,0.2578,0.5155,0.3102,0.2045,0.1623,0.3529,
1.0,0.9982,0.9652,0.9634,0.9679,0.9975,0.9952,0.9885,0.9826,0.9276,0.7336,0.926,0.9106,0.8382,0.7951,0.8539,0.6722,0.8261,0.9441,0.7783,0.6138,0.9533,0.7238,0.6179,0.5978,0.6097,0.8489,0.5636,0.6189,0.7826,0.5026,0.5534,0.3749,0.5888,0.677,0.5845,0.5212,0.317,0.4693,0.2587,0.5178,0.3029,0.2059,0.161,0.3403,
1.0,0.9991,0.9652,0.9643,0.9712,0.9971,0.9952,0.9912,0.9855,0.9249,0.7417,0.9307,0.9098,0.8418,0.8044,0.8569,0.6797,0.8274,0.9443,0.7801,0.6237,0.9548,0.7313,0.6322,0.6052,0.616,0.851,0.5677,0.6191,0.788,0.504,0.5494,0.3873,0.5834,0.6739,0.5923,0.5181,0.3162,0.4766,0.2547,0.5107,0.3118,0.2039,0.1697,0.3524,
1.0,0.9994,0.9713,0.9707,0.9695,0.9978,0.9963,0.9912,0.9849,0.9267,0.7336,0.9359,0.9123,0.8316,0.7923,0.8635,0.677,0.8169,0.9381,0.7827,0.6025,0.9505,0.7165,0.615,0.5978,0.6066,0.8553,0.5548,0.62,0.7778,0.503,0.5419,0.3882,0.5885,0.6771,0.5768,0.5148,0.3085,0.4734,0.2495,0.5287,0.3043,0.2114,0.1542,0.3452,
1.0,0.9989,0.9656,0.9645,0.9688,0.997,0.9948,0.9917,0.9846,0.9228,0.7331,0.9285,0.9089,0.8382,0.7999,0.8527,0.6834,0.8235,0.9403,0.7854,0.6104,0.9506,0.7174,0.6181,0.5996,0.6122,0.8596,0.5683,0.6148,0.7835,0.5085,0.5499,0.3875,0.5812,0.6698,0.5733,0.5247,0.3178,0.4766,0.2592,0.5207,0.3106,0.2083,0.1611,0.351,
1.0,0.9992,0.968,0.9672,0.9687,0.9965,0.9945,0.9911,0.9867,0.9239,0.7362,0.9303,0.9068,0.8395,0.8031,0.8563,0.6916,0.8277,0.9416,0.7858,0.6114,0.9518,0.7205,0.6254,0.6004,0.6117,0.859,0.5697,0.6187,0.7793,0.5058,0.552,0.3831,0.5834,0.6714,0.5823,0.5246,0.321,0.4746,0.2647,0.5212,0.305,0.2106,0.1622,0.3536,
1.0,0.9983,0.9675,0.9658,0.9692,0.9963,0.9938,0.9905,0.9848,0.9253,0.738,0.9301,0.9088,0.8404,0.8002,0.8569,0.6825,0.8266,0.9418,0.7824,0.6146,0.9512,0.7218,0.625,0.6011,0.6133,0.855,0.5653,0.6211,0.7766,0.5007,0.5442,0.3899,0.5886,0.673,0.5887,0.5232,0.3118,0.4825,0.2602,0.5166,0.3077,0.2035,0.1623,0.3502,
1.0,0.9991,0.967,0.9661,0.9669,0.9974,0.9956,0.9901,0.9841,0.9274,0.7415,0.9251,0.9087,0.8434,0.8025,0.8538,0.688,0.8301,0.9408,0.7821,0.6127,0.9519,0.7229,0.6223,0.608,0.6191,0.8537,0.5665,0.6243,0.7811,0.5068,0.5603,0.3865,0.5953,0.6804,0.5844,0.5173,0.3228,0.4719,0.263,0.5201,0.3132,0.2103,0.1604,0.3567,
1.0,0.9989,0.9662,0.9651,0.9698,0.9969,0.995,0.9912,0.9862,0.9209,0.7397,0.9288,0.9049,0.8432,0.8057,0.85,0.6796,0.8304,0.9418,0.7728,0.6126,0.9486,0.7133,0.6293,0.597,0.6156,0.8443,0.5623,0.6173,0.7763,0.5015,0.5545,0.38,0.583,0.6736,0.577,0.5098,0.3172,0.4651,0.2611,0.5215,0.3026,0.2019,0.1599,0.3493,
1.0,0.9986,0.9672,0.9658,0.9705,0.9966,0.994,0.9898,0.9857,0.9251,0.7372,0.9314,0.9088,0.838,0.8018,0.8572,0.683,0.8251,0.944,0.7863,0.6148,0.9503,0.7244,0.6254,0.6068,0.6151,0.8557,0.5728,0.622,0.7883,0.5149,0.5565,0.3866,0.5858,0.6759,0.5889,0.5207,0.3186,0.4696,0.2627,0.5193,0.3107,0.2149,0.1712,0.3481,
1.0,0.9991,0.9665,0.9656,0.9668,0.9976,0.9958,0.9909,0.9865,0.9251,0.7364,0.9267,0.9094,0.8391,0.8022,0.853,0.6861,0.8274,0.9416,0.7809,0.6108,0.9535,0.7263,0.6193,0.6028,0.6109,0.8547,0.5636,0.6233,0.7815,0.5085,0.5493,0.3844,0.5871,0.6763,0.5875,0.5246,0.311,0.4804,0.2671,0.5263,0.3189,0.2084,0.1598,0.3587,
1.0,0.9987,0.969,0.9677,0.9701,0.9971,0.9952,0.9914,0.987,0.9246,0.7325,0.9325,0.9092,0.8337,0.7981,0.858,0.6859,0.8227,0.9461,0.7885,0.6098,0.9529,0.7238,0.6241,0.6055,0.6079,0.8604,0.567,0.6268,0.7853,0.5105,0.5534,0.3858,0.5943,0.6782,0.5892,0.5271,0.3107,0.4838,0.2674,0.5293,0.3143,0.2128,0.1686,0.3562,
1.0,0.999,0.9658,0.9648,0.9682,0.9975,0.9959,0.991,0.9843,0.9238,0.7369,0.9281,0.9096,0.8382,0.8003,0.852,0.6848,0.8235,0.94,0.7834,0.6201,0.9538,0.7343,0.6277,0.616,0.6146,0.8587,0.5677,0.6267,0.7844,0.5063,0.5478,0.3941,0.5883,0.673,0.5934,0.5272,0.3164,0.4833,0.2704,0.5266,0.3145,0.2022,0.1667,0.3553,
1.0,0.9989,0.9676,0.9665,0.9669,0.9973,0.995,0.9917,0.9868,0.927,0.7452,0.9276,0.9117,0.8439,0.8059,0.8554,0.6929,0.8295,0.9376,0.786,0.6124,0.9512,0.721,0.6184,0.5983,0.6145,0.8602,0.5663,0.6251,0.7815,0.5023,0.5534,0.3844,0.5918,0.6752,0.5833,0.5239,0.3168,0.4792,0.2737,0.5296,0.3104,0.2126,0.1567,0.3624,
1.0,0.9988,0.9688,0.9676,0.9706,0.9973,0.9954,0.9894,0.9839,0.9284,0.7451,0.9338,0.9127,0.8424,0.8028,0.8628,0.687,0.8303,0.9416,0.7885,0.6183,0.9554,0.7246,0.6229,0.5992,0.6148,0.8565,0.5701,0.619,0.7868,0.5145,0.5478,0.3841,0.5944,0.6784,0.5828,0.5278,0.3142,0.489,0.2591,0.5267,0.3194,0.2149,0.1563,0.3639,
1.0,0.9987,0.9688,0.9675,0.9679,0.9976,0.9947,0.9889,0.9845,0.9234,0.7346,0.9297,0.9061,0.8406,0.8047,0.854,0.687,0.8274,0.9415,0.7837,0.6149,0.9517,0.726,0.6259,0.606,0.6147,0.8553,0.5677,0.6171,0.7842,0.505,0.55,0.3866,0.5834,0.6729,0.5792,0.5259,0.3223,0.4726,0.2647,0.518,0.3086,0.2108,0.1673,0.3525,
1.0,0.9986,0.9671,0.9657,0.9707,0.998,0.9956,0.9905,0.9857,0.9239,0.7321,0.9298,0.9078,0.8337,0.797,0.8555,0.6777,0.8196,0.9414,0.7815,0.6054,0.9525,0.7216,0.6206,0.6037,0.6077,0.8516,0.5561,0.6227,0.7836,0.5087,0.5456,0.3866,0.5874,0.6837,0.5891,0.5289,0.3104,0.4742,0.2631,0.5281,0.3116,0.2225,0.1651,0.3534,
1.0,0.9989,0.9674,0.9663,0.966,0.998,0.9955,0.9899,0.9853,0.9258,0.7319,0.9269,0.9094,0.8375,0.8027,0.8548,0.6875,0.824,0.9427,0.7844,0.617,0.9532,0.7308,0.6247,0.6099,0.6118,0.8574,0.5676,0.6352,0.7833,0.5037,0.5552,0.3872,0.5983,0.681,0.5967,0.5323,0.3151,0.4867,0.2766,0.5349,0.3086,0.212,0.1699,0.3579,
1.0,0.9986,0.9694,0.968,0.9693,0.9969,0.995,0.991,0.984,0.9206,0.7382,0.9327,0.9058,0.8458,0.8072,0.8545,0.6952,0.83,0.9402,0.7829,0.6102,0.9537,0.719,0.6249,0.6065,0.6204,0.8626,0.5791,0.6154,0.7803,0.5052,0.5625,0.3942,0.598,0.6777,0.5798,0.5276,0.3285,0.4891,0.2592,0.5332,0.3177,0.2019,0.1686,0.3641,
1.0,0.9984,0.9698,0.9682,0.9685,0.9975,0.9953,0.9915,0.9867,0.9266,0.7333,0.9312,0.9121,0.8333,0.7969,0.8589,0.6808,0.822,0.9411,0.7832,0.6091,0.9549,0.7265,0.6177,0.6062,0.6058,0.8586,0.5605,0.6276,0.7851,0.508,0.55,0.3891,0.5935,0.6815,0.5895,0.5175,0.3127,0.4819,0.2573,0.529,0.3099,0.2126,0.1596,0.3516,
1.0,0.999,0.9658,0.9648,0.9682,0.9971,0.995,0.9905,0.985,0.9238,0.7421,0.9288,0.9083,0.8469,0.8068,0.8547,0.6868,0.8338,0.9413,0.7791,0.6128,0.9532,0.7198,0.6233,0.5996,0.6142,0.8578,0.5758,0.6165,0.7758,0.4933,0.5533,0.3829,0.5895,0.6743,0.5794,0.5262,0.3144,0.4809,0.2582,0.523,0.3049,0.2015,0.1596,0.3563,
1.0,0.9987,0.9668,0.9655,0.9692,0.997,0.9949,0.9908,0.9848,0.9258,0.7419,0.9295,0.9096,0.8437,0.8042,0.8573,0.6856,0.8299,0.9398,0.7812,0.6161,0.9558,0.7246,0.6257,0.6018,0.6165,0.8525,0.5645,0.6171,0.7784,0.5076,0.5489,0.3891,0.5931,0.6788,0.5839,0.5257,0.3183,0.4832,0.2639,0.5277,0.3165,0.2051,0.1702,0.3571,
1.0,0.9985,0.9672,0.9657,0.9728,0.9975,0.9949,0.9887,0.984,0.9175,0.7393,0.933,0.901,0.8458,0.8069,0.8521,0.693,0.8342,0.9429,0.7811,0.6068,0.9519,0.7141,0.6262,0.6098,0.6228,0.8579,0.5785,0.6086,0.7787,0.5068,0.5618,0.3972,0.5936,0.6759,0.5749,0.5256,0.3308,0.4845,0.252,0.5251,0.317,0.2111,0.1708,0.36,
1.0,0.9985,0.9664,0.9649,0.9676,0.997,0.9946,0.9905,0.9848,0.9252,0.7378,0.9269,0.9095,0.8405,0.8028,0.8535,0.6857,0.8275,0.9417,0.781,0.614,0.9506,0.72,0.6216,0.5964,0.6171,0.8523,0.5626,0.6215,0.7799,0.4987,0.5526,0.3771,0.5846,0.6755,0.5794,0.5148,0.3059,0.4705,0.256,0.5183,0.3077,0.2019,0.1608,0.3561,
1.0,0.9991,0.9687,0.9678,0.9705,0.9973,0.9954,0.9897,0.985,0.9281,0.7426,0.9324,0.911,0.8426,0.8059,0.8618,0.6839,0.8303,0.9419,0.7839,0.6165,0.9494,0.7272,0.6295,0.6088,0.6176,0.8522,0.5636,0.6288,0.7897,0.5095,0.5541,0.3851,0.5911,0.669,0.5862,0.5128,0.3138,0.4746,0.2651,0.5167,0.3132,0.2128,0.1619,0.3533,
1.0,0.9984,0.9677,0.9661,0.9665,0.997,0.9947,0.9896,0.9847,0.9296,0.7399,0.9284,0.9141,0.8406,0.8036,0.8584,0.6899,0.8276,0.9437,0.7898,0.6274,0.9503,0.7326,0.6295,0.6089,0.6184,0.8594,0.5768,0.6328,0.7796,0.5067,0.5553,0.3898,0.5866,0.6824,0.5966,0.5255,0.3188,0.476,0.2694,0.5222,0.3075,0.2098,0.1681,0.3513,
1.0,0.9995,0.9706,0.9701,0.9716,0.9964,0.9949,0.9911,0.9862,0.9251,0.7386,0.9365,0.9091,0.8383,0.8001,0.8629,0.6889,0.826,0.9421,0.7879,0.6143,0.9545,0.7299,0.6292,0.6134,0.6106,0.8638,0.5638,0.6225,0.7831,0.5049,0.5453,0.3915,0.5939,0.6794,0.5832,0.522,0.3135,0.4796,0.2646,0.531,0.3111,0.2129,0.163,0.363,
1.0,0.9983,0.9698,0.9681,0.9666,0.9983,0.9954,0.9887,0.9839,0.9223,0.7282,0.9297,0.9063,0.8354,0.7961,0.8528,0.6776,0.8222,0.9364,0.7757,0.6066,0.9519,0.7198,0.619,0.6018,0.5994,0.8502,0.5519,0.6254,0.7754,0.5012,0.5424,0.389,0.5923,0.6713,0.5764,0.5133,0.3024,0.4682,0.2616,0.5194,0.3088,0.21,0.1583,0.3486,
1.0,0.9988,0.9715,0.9703,0.9683,0.9979,0.9951,0.9889,0.9847,0.9236,0.7345,0.9336,0.9071,0.8369,0.7998,0.8584,0.6857,0.8237,0.9391,0.783,0.61,0.9543,0.7287,0.6249,0.6189,0.6139,0.858,0.5682,0.6294,0.7855,0.5016,0.5489,0.3972,0.6013,0.6769,0.5874,0.5225,0.3083,0.4936,0.2652,0.5255,0.3197,0.2054,0.1646,0.361,
1.0,0.999,0.9674,0.9664,0.9697,0.9976,0.9954,0.991,0.9858,0.9254,0.7366,0.9306,0.9104,0.8369,0.8006,0.8561,0.6878,0.8229,0.9375,0.7889,0.6112,0.9536,0.7237,0.6196,0.6038,0.611,0.8592,0.5672,0.6222,0.7866,0.5134,0.5486,0.3923,0.5987,0.6837,0.5872,0.5171,0.3208,0.4929,0.2625,0.5404,0.3248,0.2172,0.1675,0.3609,
1.0,0.9994,0.9664,0.9658,0.9669,0.9974,0.9954,0.991,0.9854,0.9227,0.731,0.9274,0.9076,0.8361,0.8005,0.8506,0.6872,0.8218,0.9349,0.7845,0.6038,0.9532,0.7228,0.6126,0.6003,0.6053,0.8596,0.555,0.6123,0.7778,0.4965,0.5352,0.3901,0.5905,0.6702,0.5802,0.5247,0.3109,0.4813,0.263,0.5208,0.3084,0.2024,0.1616,0.3553,
1.0,0.9986,0.9665,0.9651,0.9692,0.9967,0.9944,0.9908,0.9855,0.9237,0.7415,0.9294,0.908,0.8436,0.8072,0.8545,0.689,0.8301,0.9414,0.7828,0.6201,0.9511,0.7235,0.6291,0.5984,0.6192,0.857,0.5747,0.6159,0.7808,0.5022,0.5533,0.3873,0.5784,0.6742,0.5817,0.5256,0.3151,0.4753,0.2655,0.5237,0.3072,0.2013,0.1698,0.3525,
1.0,0.9989,0.9686,0.9675,0.9696,0.9976,0.9953,0.9908,0.9854,0.9232,0.7369,0.9319,0.9072,0.8382,0.7996,0.8574,0.6866,0.8243,0.9397,0.7846,0.6075,0.9513,0.718,0.6181,0.6085,0.6144,0.8599,0.5645,0.6231,0.7781,0.5059,0.5505,0.3964,0.5976,0.6796,0.5837,0.5244,0.3177,0.485,0.2649,0.5368,0.3174,0.2194,0.1673,0.358,
1.0,0.9993,0.9653,0.9646,0.971,0.9972,0.9955,0.9922,0.9867,0.926,0.7432,0.9279,0.9088,0.8416,0.8034,0.8543,0.6883,0.8282,0.9413,0.7844,0.6167,0.9524,0.7271,0.6274,0.6097,0.6216,0.8589,0.5741,0.6175,0.7912,0.5152,0.5516,0.3955,0.5785,0.6665,0.5812,0.5169,0.3289,0.4756,0.2634,0.5174,0.3117,0.2102,0.1632,0.3522,
1.0,0.9984,0.9679,0.9663,0.9686,0.9979,0.9951,0.9909,0.986,0.9258,0.7389,0.9288,0.9101,0.84,0.8026,0.8543,0.6896,0.8268,0.9415,0.7843,0.6141,0.9557,0.7329,0.6204,0.6075,0.6156,0.8618,0.5718,0.6221,0.7885,0.5059,0.5544,0.3845,0.5896,0.6783,0.5827,0.5211,0.3158,0.4766,0.2641,0.5276,0.3046,0.2027,0.1653,0.3555,
1.0,0.9984,0.9663,0.9647,0.9678,0.9966,0.9938,0.9897,0.9847,0.9259,0.7389,0.9274,0.9093,0.8437,0.8063,0.8549,0.6885,0.8314,0.94,0.7859,0.6118,0.9545,0.7244,0.6225,0.6046,0.6154,0.8572,0.5726,0.6264,0.785,0.5135,0.5558,0.3853,0.6026,0.6846,0.5851,0.5274,0.3223,0.4882,0.2708,0.5303,0.3264,0.2219,0.1587,0.3717,
1.0,0.9989,0.9661,0.965,0.971,0.9981,0.9961,0.9888,0.9839,0.93,0.7396,0.9309,0.9131,0.8378,0.7979,0.8618,0.6793,0.8273,0.9445,0.7871,0.6188,0.9556,0.7353,0.6264,0.6135,0.6198,0.8562,0.5685,0.628,0.7883,0.5093,0.5542,0.3899,0.5965,0.6769,0.5896,0.5257,0.3152,0.4815,0.266,0.5226,0.3164,0.2021,0.1635,0.3574,
1.0,0.9991,0.9704,0.9695,0.9688,0.9976,0.9963,0.9912,0.9846,0.9235,0.7328,0.9324,0.9083,0.8342,0.7951,0.8565,0.6848,0.8208,0.9407,0.7836,0.6001,0.9573,0.7166,0.6134,0.6071,0.6116,0.8604,0.5646,0.6163,0.7791,0.507,0.5441,0.379,0.5954,0.6825,0.5829,0.5289,0.3216,0.4851,0.26,0.5348,0.314,0.2133,0.1601,0.3567,
1.0,0.9987,0.9659,0.9646,0.9702,0.9976,0.9957,0.9897,0.9832,0.9221,0.7333,0.9285,0.9057,0.8384,0.7971,0.8516,0.6847,0.8239,0.9401,0.7838,0.6068,0.9511,0.7125,0.6205,0.5985,0.6099,0.8567,0.5607,0.6153,0.7739,0.4963,0.547,0.3811,0.592,0.6738,0.5751,0.5294,0.3068,0.4788,0.2687,0.5178,0.3033,0.1983,0.1607,0.3527,
1.0,0.9997,0.9679,0.9676,0.9687,0.9966,0.995,0.9913,0.986,0.9252,0.7418,0.9318,0.9105,0.8445,0.8071,0.8585,0.6909,0.8297,0.9372,0.7848,0.6125,0.9513,0.7197,0.6211,0.5945,0.6133,0.8547,0.5674,0.6115,0.7805,0.4997,0.5507,0.377,0.5828,0.6734,0.5793,0.5188,0.3129,0.4805,0.2539,0.5274,0.3045,0.2051,0.1605,0.3583,
1.0,0.9987,0.9655,0.9642,0.9705,0.9978,0.9953,0.9902,0.9832,0.9206,0.7347,0.929,0.9049,0.8431,0.803,0.8522,0.6844,0.8286,0.9375,0.7811,0.6082,0.9552,0.7209,0.6211,0.6095,0.614,0.856,0.5689,0.6193,0.7795,0.4966,0.5566,0.3863,0.5967,0.6739,0.5819,0.5153,0.3133,0.4767,0.2608,0.5186,0.3059,0.2076,0.1575,0.3601,
1.0,0.9985,0.9668,0.9653,0.9697,0.9972,0.9945,0.9901,0.9844,0.9277,0.7304,0.9296,0.9118,0.83,0.79,0.8583,0.6726,0.8147,0.9373,0.7839,0.6016,0.9512,0.7205,0.61,0.5994,0.6047,0.858,0.5518,0.6199,0.7846,0.5038,0.5358,0.3771,0.5862,0.6715,0.5814,0.5196,0.3012,0.4812,0.2595,0.5265,0.3142,0.2065,0.1573,0.3446,
1.0,0.9986,0.9666,0.9652,0.9714,0.9971,0.9941,0.9878,0.9828,0.9263,0.7385,0.9314,0.9081,0.8396,0.7979,0.8586,0.6805,0.8273,0.9428,0.7821,0.6143,0.9523,0.7213,0.6229,0.6003,0.6184,0.8508,0.5675,0.6109,0.7817,0.5077,0.5474,0.3818,0.5771,0.6626,0.5747,0.5122,0.3124,0.4678,0.244,0.5085,0.31,0.203,0.1577,0.3398,
1.0,0.9986,0.9676,0.9662,0.97,0.9975,0.995,0.9888,0.9849,0.9265,0.7416,0.9306,0.909,0.8428,0.8045,0.8584,0.6925,0.8316,0.9409,0.7916,0.6145,0.952,0.7243,0.6232,0.6007,0.6153,0.8614,0.5677,0.6158,0.781,0.5113,0.5475,0.3911,0.5926,0.6684,0.5823,0.525,0.3194,0.4731,0.2662,0.5214,0.3125,0.2026,0.1634,0.3552,
1.0,0.9987,0.9726,0.9713,0.9715,0.9971,0.9945,0.9903,0.9853,0.9238,0.7407,0.9375,0.9072,0.8436,0.8049,0.8621,0.6908,0.8283,0.9358,0.7834,0.6127,0.9507,0.7226,0.63,0.607,0.6147,0.8574,0.5681,0.6206,0.7824,0.5029,0.5564,0.3977,0.5886,0.6782,0.5766,0.522,0.3168,0.4671,0.2609,0.5254,0.3091,0.2122,0.1651,0.3505,
1.0,0.9996,0.9662,0.9658,0.9699,0.9978,0.9968,0.9902,0.9845,0.9217,0.7323,0.9304,0.9055,0.8364,0.7972,0.8529,0.6823,0.8233,0.9413,0.7838,0.6069,0.9506,0.7168,0.6189,0.6046,0.6116,0.8587,0.563,0.6136,0.7758,0.4884,0.5446,0.3846,0.593,0.6812,0.5839,0.5243,0.3089,0.4882,0.2545,0.5348,0.3101,0.2032,0.1654,0.3547,
1.0,0.9987,0.9696,0.9683,0.9671,0.9965,0.9943,0.991,0.9865,0.9224,0.7375,0.9302,0.9071,0.8405,0.8054,0.8534,0.6858,0.8292,0.9422,0.7781,0.6117,0.9538,0.7226,0.6222,0.6144,0.6193,0.8559,0.5667,0.6216,0.7773,0.4995,0.5579,0.3928,0.5995,0.6772,0.5842,0.5173,0.3228,0.4847,0.2601,0.5255,0.3115,0.2068,0.1665,0.3576,
1.0,0.9995,0.9681,0.9676,0.9659,0.9986,0.9974,0.9908,0.9845,0.9218,0.7291,0.9286,0.9072,0.8379,0.8003,0.8518,0.6892,0.8244,0.941,0.7841,0.6077,0.9525,0.7222,0.6209,0.6014,0.6048,0.8617,0.5663,0.6259,0.7785,0.5019,0.551,0.3828,0.5931,0.6766,0.5832,0.5225,0.3111,0.4833,0.2655,0.5383,0.3091,0.211,0.1606,0.3609,
1.0,0.9989,0.9672,0.9661,0.9707,0.9981,0.9964,0.9908,0.9856,0.9225,0.7363,0.931,0.9072,0.8369,0.7975,0.8554,0.6847,0.8246,0.9418,0.7843,0.6058,0.9555,0.7182,0.6194,0.6046,0.6115,0.8592,0.5678,0.6184,0.7803,0.4994,0.5506,0.3838,0.5948,0.6784,0.5831,0.5242,0.3108,0.4767,0.257,0.5228,0.3093,0.2043,0.1581,0.3549,
1.0,0.9991,0.9696,0.9687,0.967,0.9973,0.9958,0.9903,0.9849,0.9207,0.735,0.9311,0.905,0.8415,0.8041,0.8529,0.6846,0.8289,0.9398,0.7737,0.6072,0.9537,0.713,0.6185,0.5974,0.6126,0.8511,0.563,0.6126,0.7711,0.4998,0.5462,0.3802,0.5919,0.6772,0.5819,0.5261,0.3171,0.4804,0.2561,0.5224,0.306,0.2016,0.1633,0.3544,
1.0,0.9988,0.9675,0.9663,0.9748,0.9978,0.995,0.9901,0.9849,0.9241,0.7463,0.9368,0.9093,0.8476,0.8091,0.8622,0.692,0.8335,0.9364,0.7875,0.612,0.9515,0.7212,0.6266,0.6072,0.6203,0.8599,0.5745,0.6186,0.7838,0.4956,0.5529,0.3813,0.5893,0.6723,0.5721,0.5155,0.317,0.4742,0.2602,0.5264,0.3026,0.2035,0.157,0.3566,
1.0,0.9992,0.9688,0.968,0.9713,0.9978,0.9957,0.9904,0.9844,0.9238,0.7376,0.9344,0.9088,0.8396,0.8031,0.8591,0.6889,0.826,0.9397,0.7863,0.609,0.953,0.7217,0.621,0.6095,0.618,0.8572,0.5687,0.6182,0.7854,0.5105,0.5476,0.3972,0.5948,0.6787,0.58,0.5204,0.3199,0.4833,0.2596,0.5298,0.3221,0.2168,0.1631,0.3538,
1.0,0.9986,0.9688,0.9674,0.9714,0.9969,0.9942,0.9898,0.9842,0.9239,0.7317,0.9321,0.9058,0.8333,0.7916,0.8566,0.6828,0.8186,0.9373,0.7852,0.6054,0.9483,0.7228,0.6173,0.6112,0.6061,0.862,0.5677,0.6223,0.7874,0.5014,0.5471,0.3921,0.5918,0.6686,0.5847,0.5184,0.3144,0.4854,0.2646,0.531,0.3135,0.2098,0.1648,0.359,
1.0,0.9989,0.9675,0.9664,0.9709,0.9989,0.9971,0.9907,0.9844,0.9243,0.7345,0.9321,0.9106,0.8372,0.7978,0.8576,0.6832,0.8231,0.9386,0.7853,0.6114,0.9557,0.728,0.6243,0.6096,0.6082,0.8587,0.5648,0.6264,0.7853,0.5042,0.5505,0.3835,0.5858,0.6754,0.5864,0.5189,0.314,0.4785,0.2624,0.5258,0.3098,0.2024,0.1605,0.3514,
1.0,0.9987,0.969,0.9677,0.9682,0.9978,0.9959,0.9896,0.9843,0.9229,0.7361,0.9315,0.9076,0.8433,0.806,0.8557,0.6883,0.8307,0.9375,0.7823,0.6088,0.9517,0.7188,0.6199,0.6081,0.6129,0.8543,0.5657,0.6267,0.7799,0.5068,0.5542,0.3917,0.5935,0.6764,0.5765,0.5202,0.3199,0.4774,0.2637,0.5211,0.317,0.2128,0.1625,0.3535,
1.0,0.999,0.9681,0.9671,0.9706,0.9973,0.9957,0.9907,0.9852,0.9273,0.7458,0.9325,0.9112,0.8444,0.8068,0.8614,0.6904,0.8312,0.94,0.7857,0.6137,0.9525,0.7209,0.6227,0.6009,0.6221,0.8571,0.5703,0.6168,0.7861,0.5144,0.5552,0.3865,0.5868,0.677,0.5763,0.515,0.3201,0.4753,0.2525,0.5219,0.3095,0.2125,0.1555,0.3455,
1.0,0.9986,0.9675,0.9661,0.968,0.9963,0.9938,0.9904,0.9844,0.924,0.7263,0.9289,0.9076,0.8306,0.7912,0.8545,0.6709,0.8178,0.943,0.777,0.6096,0.9515,0.7277,0.6174,0.6022,0.6035,0.8544,0.5555,0.6204,0.7817,0.4969,0.5436,0.3819,0.5918,0.6732,0.5833,0.5186,0.3064,0.4715,0.2562,0.5212,0.3053,0.2051,0.1617,0.341,
1.0,0.9987,0.9682,0.9669,0.9696,0.9973,0.995,0.9897,0.9849,0.9274,0.7373,0.9317,0.9116,0.8383,0.8008,0.8605,0.6824,0.8256,0.9406,0.7854,0.6132,0.9542,0.7294,0.6221,0.6076,0.6147,0.8532,0.5679,0.6216,0.7862,0.5091,0.5519,0.3871,0.5873,0.6768,0.589,0.5248,0.317,0.4754,0.2632,0.5264,0.3125,0.2135,0.1664,0.3472,
1.0,0.9988,0.9668,0.9656,0.9721,0.9978,0.9955,0.9909,0.9862,0.9242,0.7442,0.9318,0.9087,0.8431,0.8062,0.858,0.6897,0.831,0.942,0.7846,0.6065,0.9537,0.7156,0.6223,0.6087,0.6212,0.8564,0.5699,0.6239,0.7854,0.5131,0.5576,0.3793,0.5902,0.6762,0.5825,0.5205,0.3232,0.4846,0.2627,0.5279,0.3173,0.2201,0.1583,0.3621,
1.0,0.9989,0.9664,0.9653,0.9709,0.9976,0.9955,0.9912,0.9864,0.9212,0.739,0.9304,0.9058,0.8424,0.8033,0.8525,0.686,0.8305,0.9408,0.7771,0.6122,0.9546,0.7201,0.6266,0.6075,0.6159,0.8531,0.5674,0.6164,0.7734,0.499,0.5502,0.3874,0.5805,0.6634,0.5818,0.5176,0.3141,0.4698,0.2617,0.5144,0.3055,0.2018,0.1619,0.3517,
1.0,0.9986,0.9679,0.9665,0.9684,0.9968,0.9949,0.9904,0.9852,0.929,0.7436,0.93,0.9132,0.844,0.8042,0.8598,0.6832,0.8309,0.9387,0.7812,0.6131,0.9527,0.7227,0.6193,0.6056,0.6171,0.8511,0.5684,0.6267,0.7823,0.514,0.5558,0.3816,0.591,0.6745,0.5939,0.5274,0.3212,0.4801,0.2685,0.5266,0.3184,0.2175,0.1643,0.3518,
1.0,0.9984,0.9662,0.9646,0.9722,0.9983,0.9955,0.9882,0.9825,0.9207,0.7338,0.9324,0.9048,0.8397,0.7988,0.8556,0.6794,0.8255,0.9366,0.7801,0.608,0.9525,0.7226,0.6225,0.6117,0.6092,0.8575,0.5628,0.623,0.7748,0.495,0.5462,0.3901,0.5971,0.6705,0.5849,0.5191,0.3041,0.4863,0.2645,0.5272,0.3109,0.1981,0.1597,0.3575,
1.0,0.9988,0.965,0.9638,0.9708,0.9972,0.9948,0.9904,0.9858,0.9207,0.7343,0.9298,0.9054,0.8391,0.8025,0.8523,0.6875,0.825,0.9376,0.7861,0.6038,0.9513,0.7181,0.6196,0.6089,0.6142,0.8625,0.573,0.6121,0.7799,0.5025,0.5488,0.3927,0.5795,0.6659,0.5749,0.5242,0.3194,0.4779,0.2587,0.5155,0.3131,0.1979,0.1654,0.3528,
1.0,0.9986,0.9677,0.9663,0.9712,0.9972,0.9943,0.9911,0.9859,0.9257,0.7427,0.9317,0.9099,0.8417,0.8044,0.858,0.6918,0.8283,0.9392,0.7874,0.6148,0.9567,0.7287,0.6258,0.6129,0.6188,0.8597,0.5728,0.6208,0.7861,0.506,0.5575,0.3838,0.5923,0.6815,0.5848,0.5163,0.3157,0.4772,0.268,0.5327,0.3132,0.2097,0.1586,0.3637,
1.0,0.9988,0.9676,0.9664,0.9691,0.9967,0.9947,0.9916,0.9854,0.9204,0.7381,0.9306,0.9058,0.8435,0.8075,0.8525,0.6909,0.8294,0.9397,0.7822,0.6103,0.9534,0.7179,0.6199,0.6001,0.6135,0.8591,0.5699,0.6092,0.7815,0.5002,0.55,0.384,0.5805,0.6698,0.5748,0.5142,0.3142,0.4704,0.2545,0.519,0.3072,0.2073,0.1562,0.3513,
1.0,0.9991,0.9641,0.9632,0.9707,0.9969,0.9956,0.9918,0.9871,0.9243,0.7394,0.9296,0.9108,0.8372,0.8023,0.8558,0.679,0.8261,0.9452,0.7818,0.612,0.954,0.7239,0.6187,0.6063,0.6124,0.8537,0.5624,0.6211,0.7848,0.5165,0.5508,0.3942,0.5933,0.6775,0.5876,0.5216,0.3226,0.4782,0.2585,0.5234,0.3236,0.2058,0.163,0.3594,
1.0,0.9995,0.9658,0.9653,0.9695,0.9974,0.9962,0.9917,0.9844,0.9146,0.7273,0.9287,0.8999,0.8383,0.8011,0.8443,0.6897,0.8238,0.9363,0.7793,0.6018,0.9554,0.7206,0.6222,0.6139,0.6041,0.8634,0.5643,0.6177,0.7777,0.4918,0.5494,0.3924,0.5959,0.682,0.5829,0.5294,0.3109,0.4895,0.2632,0.5368,0.3105,0.2099,0.1695,0.365,
1.0,0.9993,0.9669,0.9662,0.97,0.9977,0.9959,0.9906,0.9847,0.923,0.7339,0.9305,0.9067,0.8345,0.7941,0.8551,0.6807,0.8209,0.9374,0.7812,0.6065,0.951,0.7178,0.6164,0.6074,0.6093,0.8569,0.5633,0.6235,0.7787,0.4937,0.5463,0.3863,0.5939,0.6695,0.5812,0.5091,0.3082,0.4814,0.262,0.5287,0.3104,0.2116,0.1548,0.354,
1.0,0.9989,0.9709,0.9698,0.9701,0.9973,0.9954,0.9912,0.9853,0.9277,0.7407,0.9343,0.9124,0.8411,0.803,0.8623,0.6907,0.8286,0.9404,0.7879,0.6177,0.9563,0.7321,0.6306,0.6165,0.6204,0.8591,0.5709,0.6306,0.7889,0.5153,0.5577,0.3999,0.5964,0.6795,0.5931,0.5267,0.3222,0.4819,0.2693,0.528,0.3174,0.2094,0.1743,0.3535,
1.0,0.9991,0.9694,0.9685,0.9668,0.9974,0.9957,0.9897,0.9836,0.9198,0.7331,0.9298,0.9032,0.8417,0.8024,0.8507,0.6867,0.8285,0.9373,0.7769,0.6076,0.9519,0.7209,0.6209,0.6094,0.6139,0.8558,0.5707,0.6237,0.7771,0.4916,0.5581,0.3841,0.5938,0.6744,0.5804,0.5191,0.3101,0.4828,0.258,0.5231,0.3083,0.199,0.1666,0.3583,
1.0,0.9992,0.9664,0.9656,0.9693,0.9978,0.9961,0.9903,0.9847,0.918,0.7297,0.9295,0.9025,0.8368,0.7988,0.8499,0.6834,0.824,0.9389,0.7806,0.6046,0.9564,0.7188,0.6192,0.6074,0.6059,0.8607,0.5662,0.6138,0.7794,0.509,0.5497,0.3861,0.5965,0.6733,0.5835,0.522,0.3178,0.4797,0.2527,0.5226,0.313,0.2088,0.1601,0.3524,
1.0,0.9989,0.9681,0.967,0.97,0.9982,0.9964,0.9906,0.9859,0.9243,0.7472,0.9314,0.9091,0.8493,0.8105,0.8572,0.6933,0.8355,0.9423,0.7801,0.6205,0.9506,0.7223,0.6354,0.6095,0.6244,0.8598,0.5798,0.6241,0.7848,0.5051,0.5673,0.389,0.5979,0.6857,0.5823,0.5114,0.3272,0.4866,0.2607,0.5232,0.3121,0.209,0.1598,0.3594,
1.0,0.9987,0.9697,0.9684,0.9686,0.9973,0.9951,0.9895,0.9844,0.9208,0.7291,0.9329,0.9049,0.8357,0.7969,0.855,0.6792,0.8226,0.9407,0.7759,0.6081,0.9537,0.7258,0.6217,0.6099,0.6076,0.8538,0.5613,0.6236,0.7773,0.4924,0.5497,0.3851,0.5937,0.6786,0.5874,0.525,0.3108,0.4742,0.2595,0.5238,0.3067,0.2046,0.169,0.3524,
1.0,0.9992,0.9676,0.9668,0.9681,0.9971,0.9952,0.9914,0.9861,0.9243,0.7309,0.9301,0.9089,0.8335,0.7991,0.856,0.6828,0.8212,0.9464,0.7867,0.6119,0.9507,0.7188,0.6228,0.6044,0.6133,0.8596,0.5701,0.6257,0.7809,0.5049,0.5474,0.3862,0.5927,0.6722,0.5853,0.5259,0.3138,0.4801,0.2705,0.5263,0.3103,0.2019,0.1646,0.3572,
1.0,0.9991,0.9666,0.9657,0.9704,0.9969,0.9949,0.9892,0.9833,0.9261,0.7423,0.9311,0.9088,0.8428,0.804,0.8579,0.6847,0.8302,0.941,0.7853,0.6152,0.9537,0.7238,0.6214,0.6056,0.6267,0.8526,0.5766,0.6134,0.7828,0.5092,0.5601,0.3837,0.5824,0.6768,0.5806,0.5223,0.3222,0.4735,0.2583,0.524,0.3092,0.2111,0.1671,0.3483,
1.0,0.9986,0.9662,0.9648,0.9716,0.9988,0.997,0.9911,0.9839,0.9237,0.7394,0.9319,0.9111,0.843,0.8059,0.8558,0.6867,0.8287,0.9396,0.7849,0.6059,0.9529,0.714,0.618,0.6007,0.6195,0.86,0.5753,0.6143,0.7912,0.5044,0.5595,0.3847,0.5907,0.6748,0.5739,0.5237,0.3169,0.4797,0.2585,0.5177,0.3126,0.209,0.158,0.3576,
1.0,0.9982,0.9672,0.9654,0.9695,0.9975,0.9949,0.9904,0.9855,0.9283,0.7402,0.9292,0.9125,0.8404,0.802,0.8598,0.6875,0.8287,0.9435,0.7893,0.6147,0.9551,0.7314,0.6252,0.609,0.6152,0.8633,0.5734,0.6217,0.7895,0.503,0.5548,0.3833,0.5985,0.6807,0.5868,0.5234,0.313,0.4889,0.2663,0.5328,0.3132,0.2112,0.1597,0.3601,
1.0,0.9984,0.9683,0.9667,0.9688,0.9967,0.9936,0.9879,0.982,0.9201,0.7241,0.9294,0.9017,0.8341,0.7929,0.8512,0.6819,0.8191,0.9357,0.7834,0.6016,0.9472,0.7186,0.6176,0.6002,0.602,0.8561,0.5596,0.6164,0.7756,0.4954,0.5414,0.3892,0.5807,0.666,0.5743,0.5158,0.3073,0.4785,0.2476,0.5267,0.3064,0.1996,0.1584,0.3475,
1.0,0.9986,0.9688,0.9674,0.9713,0.9975,0.9945,0.9901,0.9842,0.9212,0.7328,0.9339,0.9063,0.8366,0.797,0.8554,0.6875,0.8217,0.9395,0.7862,0.6044,0.9507,0.7188,0.6223,0.6035,0.6119,0.8606,0.569,0.618,0.7831,0.5075,0.554,0.3942,0.5919,0.675,0.5798,0.5262,0.3229,0.4782,0.2664,0.5289,0.3181,0.2123,0.1633,0.3521,
1.0,0.9986,0.9684,0.967,0.971,0.9975,0.9954,0.9903,0.985,0.9284,0.7385,0.9334,0.9133,0.838,0.8009,0.863,0.686,0.8249,0.9408,0.7903,0.6145,0.9523,0.7292,0.6245,0.6064,0.6164,0.8571,0.5643,0.6244,0.787,0.5122,0.5465,0.3922,0.5881,0.6737,0.5866,0.5262,0.3196,0.4742,0.2677,0.5248,0.3164,0.2106,0.1674,0.35,
1.0,0.9989,0.9673,0.9662,0.9699,0.9976,0.9957,0.9899,0.9842,0.9219,0.7354,0.9302,0.905,0.8411,0.8027,0.854,0.6851,0.8283,0.9392,0.7807,0.6067,0.951,0.7169,0.6185,0.6036,0.6115,0.8534,0.5632,0.617,0.7811,0.5044,0.5512,0.3902,0.5906,0.6735,0.5766,0.5145,0.3203,0.4751,0.261,0.5239,0.3115,0.2108,0.1613,0.3527,
1.0,0.9991,0.9676,0.9667,0.9681,0.9986,0.997,0.9912,0.9851,0.922,0.731,0.93,0.9078,0.8369,0.7984,0.8526,0.6863,0.8234,0.944,0.7815,0.6112,0.9549,0.7224,0.6234,0.6042,0.6109,0.8605,0.571,0.6192,0.7847,0.5104,0.5575,0.3898,0.5936,0.688,0.5827,0.5325,0.3216,0.48,0.2623,0.5301,0.315,0.2108,0.1661,0.3577,
1.0,0.9987,0.9654,0.9641,0.9729,0.9965,0.9944,0.991,0.9859,0.9233,0.7373,0.9329,0.9082,0.8356,0.8002,0.8591,0.6772,0.8229,0.9383,0.784,0.6049,0.9502,0.7204,0.6191,0.6025,0.6139,0.8541,0.5579,0.622,0.7842,0.5053,0.5472,0.3864,0.5894,0.6771,0.5849,0.5179,0.3111,0.4739,0.2598,0.5264,0.3125,0.2105,0.1569,0.348,
1.0,0.999,0.9665,0.9655,0.9699,0.9975,0.9953,0.9912,0.9867,0.9228,0.7409,0.9289,0.9061,0.843,0.8066,0.8525,0.6927,0.8304,0.9395,0.7832,0.6104,0.9554,0.7198,0.624,0.6039,0.6157,0.8561,0.5721,0.6116,0.783,0.4985,0.5521,0.3864,0.589,0.6729,0.5811,0.5263,0.317,0.4769,0.2625,0.5151,0.3096,0.2004,0.1672,0.3587,
1.0,0.999,0.9675,0.9665,0.9677,0.9974,0.9961,0.9918,0.9864,0.9248,0.7335,0.9302,0.9113,0.8362,0.8004,0.8568,0.681,0.8248,0.9432,0.7809,0.6112,0.9504,0.7202,0.619,0.5967,0.6107,0.8602,0.5626,0.6172,0.7783,0.5048,0.5455,0.3908,0.584,0.6735,0.5758,0.5141,0.312,0.4775,0.2549,0.5288,0.3164,0.209,0.1572,0.3469,
1.0,0.9985,0.9678,0.9663,0.9712,0.9971,0.9935,0.9888,0.9834,0.9255,0.7341,0.9333,0.9099,0.8351,0.7964,0.8603,0.674,0.8214,0.9431,0.782,0.6151,0.9532,0.7304,0.6261,0.6057,0.6085,0.851,0.5574,0.6282,0.7821,0.5052,0.5473,0.3883,0.5971,0.6841,0.5926,0.5194,0.3108,0.481,0.2609,0.5284,0.3138,0.2117,0.1612,0.3518,
1.0,0.9991,0.9665,0.9656,0.9694,0.9966,0.9948,0.9909,0.9861,0.9225,0.7366,0.9302,0.9062,0.8403,0.8033,0.854,0.6842,0.8281,0.9405,0.7799,0.6062,0.954,0.7163,0.6168,0.5964,0.6079,0.8536,0.5629,0.6106,0.7805,0.5081,0.5466,0.3803,0.5892,0.6745,0.5791,0.519,0.3185,0.4748,0.2562,0.5174,0.3117,0.2087,0.1553,0.3534,
1.0,0.999,0.9701,0.9691,0.9707,0.9972,0.9955,0.9908,0.9851,0.9245,0.7408,0.934,0.9077,0.8415,0.8029,0.8601,0.6902,0.8291,0.9435,0.7863,0.6158,0.9521,0.7213,0.6292,0.6066,0.6192,0.8604,0.5713,0.6211,0.7865,0.5097,0.5595,0.3959,0.5994,0.6829,0.5856,0.524,0.3232,0.4812,0.2587,0.5304,0.3174,0.2165,0.1695,0.357,
1.0,0.9993,0.9648,0.9641,0.9683,0.9972,0.9956,0.9905,0.9845,0.9231,0.7311,0.9262,0.9052,0.8356,0.7965,0.8508,0.6837,0.8207,0.9421,0.7859,0.6097,0.9521,0.7202,0.6176,0.5984,0.6108,0.8601,0.5661,0.6123,0.7787,0.5118,0.5461,0.386,0.5802,0.6764,0.5849,0.5189,0.3219,0.4744,0.2546,0.5272,0.3121,0.207,0.1608,0.3517,
1.0,0.9986,0.9681,0.9667,0.9695,0.9978,0.9953,0.9898,0.9851,0.9281,0.734,0.9313,0.9122,0.8343,0.7955,0.8608,0.6783,0.8227,0.9428,0.7835,0.6097,0.9554,0.7261,0.6198,0.6082,0.6118,0.8563,0.5643,0.6253,0.7848,0.505,0.546,0.384,0.5961,0.6759,0.5868,0.5142,0.3132,0.4755,0.2568,0.521,0.3153,0.2096,0.1579,0.3504,
1.0,0.9988,0.9663,0.9651,0.9688,0.9973,0.9954,0.9897,0.9836,0.9239,0.7368,0.9292,0.9087,0.8401,0.8012,0.8553,0.6744,0.8268,0.9426,0.7766,0.6178,0.9522,0.7238,0.625,0.6088,0.62,0.8488,0.5659,0.6208,0.7795,0.4994,0.552,0.385,0.5889,0.6765,0.5888,0.5234,0.3129,0.4695,0.2548,0.5197,0.3027,0.2058,0.1676,0.3435,
1.0,0.9989,0.9693,0.9682,0.9649,0.9979,0.9955,0.9893,0.9837,0.9227,0.7281,0.9276,0.9063,0.8335,0.7943,0.8516,0.6826,0.8198,0.9419,0.779,0.6055,0.9521,0.721,0.617,0.6023,0.6101,0.8608,0.5705,0.6147,0.778,0.4984,0.5517,0.3901,0.5906,0.6785,0.5787,0.5207,0.3147,0.4803,0.2475,0.5265,0.3145,0.2057,0.1587,0.3526,
1.0,0.9987,0.9662,0.9649,0.9718,0.9972,0.9947,0.9888,0.9824,0.928,0.7372,0.9307,0.91,0.8378,0.7968,0.8604,0.6812,0.8245,0.943,0.7898,0.6168,0.9534,0.7273,0.6242,0.6067,0.6182,0.8578,0.5731,0.6156,0.7884,0.5172,0.5512,0.3877,0.5831,0.6724,0.5882,0.5242,0.3199,0.4775,0.2571,0.5254,0.3197,0.2132,0.1622,0.3516,
1.0,0.9989,0.9698,0.9687,0.9723,0.9972,0.9943,0.9911,0.9865,0.9192,0.7372,0.9361,0.9043,0.8415,0.8074,0.8566,0.693,0.8277,0.9423,0.7858,0.6141,0.9543,0.7226,0.6319,0.6121,0.6167,0.8572,0.5738,0.6269,0.7838,0.5017,0.5652,0.3936,0.5999,0.6893,0.5814,0.5247,0.3223,0.4876,0.269,0.5454,0.3135,0.2097,0.1766,0.3681,
1.0,0.9984,0.9679,0.9663,0.9716,0.9965,0.9937,0.9901,0.985,0.9238,0.7417,0.9331,0.9073,0.8432,0.8029,0.8573,0.6849,0.8298,0.9384,0.7821,0.6129,0.9515,0.7222,0.6233,0.6081,0.615,0.8556,0.5723,0.6191,0.7858,0.5051,0.5588,0.3849,0.5874,0.6677,0.5781,0.5181,0.3152,0.4716,0.2629,0.5218,0.3098,0.2043,0.1662,0.3502,
1.0,0.9987,0.9681,0.9668,0.97,0.9968,0.9942,0.9908,0.9858,0.9231,0.7373,0.932,0.908,0.8404,0.8032,0.8571,0.6889,0.8256,0.9387,0.785,0.6112,0.9522,0.7201,0.6232,0.6033,0.6133,0.858,0.569,0.6214,0.7812,0.5086,0.555,0.3876,0.59,0.6736,0.5819,0.5169,0.3152,0.4751,0.2579,0.5336,0.3117,0.2107,0.1625,0.3545,
1.0,0.9991,0.9709,0.97,0.9713,0.9972,0.9959,0.9918,0.9862,0.9239,0.74,0.9354,0.9083,0.8408,0.8017,0.8605,0.6837,0.8273,0.9422,0.7789,0.6154,0.9523,0.7209,0.6295,0.6108,0.6183,0.8528,0.5701,0.624,0.7809,0.5078,0.5591,0.3918,0.5934,0.6776,0.5828,0.5161,0.3133,0.4795,0.2558,0.5261,0.3145,0.2012,0.1669,0.3573,
1.0,0.9982,0.9714,0.9696,0.9667,0.9969,0.9938,0.9896,0.9854,0.9227,0.7348,0.9308,0.9058,0.8398,0.804,0.8546,0.689,0.8277,0.9425,0.7794,0.6134,0.9504,0.7183,0.6251,0.599,0.6137,0.8579,0.5673,0.6157,0.7833,0.5062,0.5578,0.3883,0.5814,0.6718,0.5744,0.5229,0.3077,0.4755,0.2573,0.5209,0.3079,0.2057,0.1561,0.3492,
1.0,0.9993,0.9696,0.9689,0.9679,0.9975,0.9955,0.9917,0.9874,0.927,0.7392,0.9326,0.9126,0.8379,0.8031,0.8604,0.6856,0.8262,0.9423,0.7841,0.6124,0.9566,0.7329,0.6238,0.6114,0.6138,0.8616,0.562,0.6269,0.7872,0.5046,0.5489,0.3906,0.596,0.6692,0.5868,0.5197,0.3178,0.4826,0.2656,0.5209,0.312,0.197,0.1663,0.3575,
1.0,0.9989,0.9714,0.9703,0.9694,0.9977,0.9957,0.9915,0.9859,0.9214,0.7307,0.9336,0.9063,0.8352,0.7972,0.8575,0.6872,0.8234,0.9408,0.782,0.6033,0.9525,0.7171,0.6195,0.6057,0.6083,0.8582,0.5637,0.6176,0.7784,0.499,0.5462,0.3886,0.5842,0.6723,0.5678,0.5094,0.3164,0.4734,0.2501,0.5306,0.3037,0.2051,0.1565,0.3463,
1.0,0.9995,0.9666,0.9661,0.9697,0.9974,0.996,0.9921,0.9867,0.9219,0.7393,0.9308,0.9069,0.8431,0.8076,0.8551,0.693,0.8298,0.938,0.7845,0.6094,0.9525,0.7213,0.6231,0.6099,0.6153,0.8613,0.5757,0.6248,0.7827,0.5031,0.5556,0.3975,0.5908,0.6685,0.5787,0.5209,0.3193,0.4842,0.2677,0.5239,0.3135,0.2008,0.1697,0.3631,
1.0,0.9985,0.9674,0.9659,0.9691,0.9981,0.9956,0.9907,0.9855,0.9248,0.7389,0.9286,0.9099,0.8391,0.8002,0.8549,0.6837,0.825,0.9398,0.7825,0.6096,0.9523,0.7193,0.6197,0.6021,0.6149,0.8575,0.5613,0.6208,0.7841,0.5039,0.5489,0.3867,0.5912,0.6788,0.5811,0.5091,0.316,0.479,0.2612,0.5236,0.3072,0.2135,0.1582,0.3511,
1.0,0.9988,0.9683,0.9671,0.9678,0.9964,0.9938,0.9891,0.9845,0.9222,0.736,0.9296,0.904,0.8394,0.801,0.8538,0.6796,0.8266,0.9378,0.7751,0.6062,0.9511,0.7163,0.6188,0.6015,0.6079,0.8485,0.5593,0.6183,0.774,0.5021,0.5475,0.378,0.5959,0.6793,0.5804,0.5109,0.3165,0.4751,0.2571,0.5266,0.3145,0.2063,0.1534,0.3561,
1.0,0.9986,0.9685,0.9671,0.969,0.9965,0.9941,0.9905,0.9855,0.9253,0.7388,0.9315,0.9095,0.8424,0.8047,0.8578,0.6852,0.8307,0.9428,0.7823,0.614,0.9524,0.721,0.6208,0.607,0.6204,0.8523,0.5754,0.6191,0.7827,0.5074,0.5561,0.3828,0.5847,0.6731,0.5783,0.5175,0.3225,0.4733,0.2595,0.5297,0.3062,0.2093,0.1637,0.3498,
1.0,0.9989,0.9698,0.9687,0.9706,0.9967,0.9944,0.9889,0.9849,0.9261,0.7357,0.9338,0.9081,0.8381,0.7997,0.86,0.6835,0.8266,0.944,0.7808,0.6094,0.9539,0.73,0.6217,0.6111,0.6099,0.8525,0.5605,0.626,0.7821,0.5094,0.549,0.3868,0.601,0.6793,0.5882,0.5243,0.3121,0.4774,0.2602,0.5235,0.3129,0.2131,0.1692,0.3602,
1.0,0.999,0.9697,0.9687,0.9696,0.9978,0.9955,0.9896,0.984,0.9259,0.7404,0.9325,0.9091,0.8417,0.8032,0.8596,0.6863,0.8281,0.9372,0.7823,0.6177,0.9522,0.7271,0.6292,0.6189,0.6208,0.8519,0.5694,0.633,0.7782,0.5057,0.559,0.3941,0.5896,0.6708,0.5897,0.5161,0.3099,0.4691,0.2664,0.52,0.311,0.2101,0.1615,0.3563,
1.0,0.9989,0.9702,0.9691,0.9698,0.9976,0.9956,0.991,0.9863,0.9239,0.7326,0.9344,0.9091,0.8356,0.8008,0.8589,0.6904,0.8252,0.9435,0.7887,0.6077,0.9521,0.7191,0.6211,0.6072,0.6131,0.8602,0.5676,0.6166,0.7845,0.5003,0.5457,0.3869,0.5897,0.6698,0.5803,0.5265,0.3082,0.4802,0.2586,0.5279,0.3048,0.208,0.1651,0.3472,
1.0,0.9985,0.9721,0.9706,0.9671,0.9973,0.9948,0.9904,0.9851,0.92,0.7277,0.9315,0.9036,0.8369,0.7995,0.8517,0.687,0.8239,0.9391,0.78,0.6011,0.9555,0.7167,0.6156,0.6069,0.6068,0.8586,0.5666,0.6234,0.7757,0.5012,0.5551,0.3781,0.5966,0.6874,0.575,0.5205,0.3172,0.478,0.2597,0.5377,0.309,0.2094,0.1566,0.356,
1.0,0.9993,0.9661,0.9654,0.9688,0.9973,0.9958,0.9918,0.9864,0.9243,0.7414,0.9284,0.9087,0.8431,0.8066,0.8532,0.6921,0.8297,0.9398,0.785,0.6189,0.9532,0.724,0.628,0.6004,0.6166,0.8587,0.5674,0.6192,0.7822,0.4983,0.551,0.3835,0.5878,0.6757,0.5804,0.5227,0.314,0.4817,0.2663,0.5222,0.3106,0.1975,0.1691,0.3602,
1.0,0.998,0.9677,0.9657,0.9679,0.9969,0.9933,0.9874,0.9839,0.9256,0.7359,0.9276,0.9072,0.8388,0.7988,0.8542,0.6828,0.8269,0.9421,0.7828,0.6142,0.9498,0.7239,0.621,0.6037,0.6167,0.8523,0.5645,0.621,0.7766,0.4982,0.5457,0.3827,0.5892,0.674,0.5832,0.521,0.3081,0.4855,0.2645,0.5206,0.3122,0.2063,0.1654,0.3578,
1.0,0.9981,0.9673,0.9654,0.9695,0.9967,0.9941,0.9895,0.9821,0.9178,0.7321,0.9287,0.9006,0.8423,0.8005,0.8471,0.6795,0.8274,0.9395,0.7708,0.6072,0.9547,0.7159,0.6219,0.6051,0.6156,0.8489,0.5729,0.6181,0.7772,0.5011,0.5621,0.386,0.5935,0.6888,0.5788,0.5233,0.319,0.4811,0.2623,0.5305,0.3147,0.2132,0.165,0.3604,
1.0,0.9992,0.9694,0.9686,0.9702,0.9971,0.9955,0.9918,0.9865,0.9219,0.7366,0.9344,0.9076,0.84,0.8009,0.8574,0.6892,0.827,0.9392,0.7827,0.6114,0.9535,0.722,0.6258,0.6126,0.6127,0.8585,0.5716,0.6236,0.7826,0.5095,0.5546,0.3911,0.5885,0.6692,0.585,0.5184,0.3184,0.4777,0.2639,0.5224,0.3136,0.2091,0.1643,0.3499,
1.0,0.999,0.9708,0.9698,0.9707,0.9969,0.9951,0.9892,0.9835,0.9222,0.7427,0.9333,0.9031,0.8498,0.8074,0.8563,0.6961,0.838,0.9443,0.7811,0.6209,0.9508,0.7228,0.6415,0.613,0.6242,0.8547,0.578,0.6253,0.7805,0.5074,0.5674,0.3967,0.597,0.6822,0.5854,0.5178,0.3316,0.4795,0.2659,0.5249,0.3158,0.2148,0.1693,0.3693,
1.0,0.9987,0.9697,0.9684,0.9713,0.9978,0.9955,0.9901,0.9837,0.9282,0.7351,0.9353,0.9138,0.8344,0.7971,0.864,0.6809,0.8197,0.9374,0.7887,0.609,0.9525,0.7286,0.6207,0.6052,0.614,0.8553,0.5592,0.6219,0.7887,0.5075,0.5447,0.3873,0.584,0.678,0.5861,0.5249,0.3133,0.472,0.259,0.5284,0.3166,0.2181,0.166,0.3466,
1.0,0.9991,0.9705,0.9696,0.9706,0.9973,0.9956,0.9922,0.9859,0.9219,0.7301,0.9342,0.9067,0.8318,0.7926,0.8572,0.686,0.8176,0.9393,0.7844,0.6044,0.9536,0.7223,0.6204,0.613,0.6042,0.864,0.5629,0.6248,0.7854,0.5009,0.5479,0.3859,0.5954,0.6793,0.5827,0.5227,0.3062,0.4783,0.2627,0.5287,0.3045,0.2098,0.1588,0.3514,
1.0,0.9983,0.9663,0.9646,0.9696,0.9976,0.9949,0.9901,0.9859,0.922,0.7375,0.9285,0.9061,0.8428,0.8064,0.8524,0.6953,0.8297,0.9421,0.7876,0.6127,0.95,0.7152,0.6246,0.5925,0.6122,0.8606,0.5706,0.6146,0.7783,0.5024,0.5524,0.3808,0.5877,0.6751,0.5797,0.5275,0.31,0.4787,0.2639,0.5267,0.3081,0.2028,0.1602,0.3627,
1.0,0.9985,0.9657,0.9642,0.9721,0.9982,0.9959,0.9911,0.9855,0.9204,0.7439,0.9317,0.9069,0.8486,0.8097,0.854,0.6889,0.8359,0.9418,0.7773,0.6167,0.9564,0.7202,0.6315,0.6074,0.6223,0.8539,0.5786,0.6142,0.7815,0.5022,0.5666,0.3897,0.5918,0.6797,0.5797,0.5248,0.3234,0.4763,0.2596,0.5261,0.3063,0.2086,0.1651,0.357,
1.0,0.9989,0.9679,0.9668,0.9696,0.9975,0.9957,0.9914,0.9858,0.9256,0.7391,0.9311,0.9108,0.8396,0.801,0.8585,0.6883,0.8264,0.9369,0.7854,0.6108,0.9532,0.7239,0.6203,0.608,0.6149,0.8613,0.5674,0.6254,0.7828,0.4983,0.5528,0.3871,0.5898,0.678,0.5843,0.5217,0.3178,0.4819,0.2661,0.5336,0.3061,0.2068,0.1651,0.3551,
1.0,0.9988,0.9696,0.9684,0.9679,0.9968,0.9942,0.9901,0.9851,0.9233,0.7367,0.9304,0.9057,0.8398,0.8037,0.8543,0.6947,0.8267,0.9408,0.7882,0.6068,0.9538,0.718,0.6205,0.6071,0.6165,0.8614,0.5741,0.6179,0.7826,0.5062,0.5539,0.3873,0.5925,0.6777,0.576,0.5232,0.3196,0.4888,0.2614,0.5347,0.3097,0.2084,0.16,0.3604,
1.0,0.9989,0.9699,0.9688,0.9695,0.9974,0.9957,0.9917,0.9872,0.9272,0.7315,0.9327,0.9121,0.8284,0.7913,0.8614,0.67,0.8167,0.9425,0.7792,0.6086,0.9543,0.7295,0.6199,0.6113,0.6065,0.8515,0.5477,0.6263,0.7775,0.499,0.5409,0.3883,0.5868,0.6684,0.5844,0.5205,0.3084,0.4702,0.2619,0.5127,0.2968,0.2003,0.1713,0.3443,
1.0,0.9986,0.9642,0.9628,0.9643,0.9974,0.9952,0.9909,0.9846,0.9288,0.7356,0.9204,0.9124,0.8411,0.8006,0.8508,0.6872,0.8279,0.9412,0.7839,0.615,0.9539,0.723,0.615,0.5979,0.6138,0.8601,0.5725,0.6172,0.7798,0.5003,0.5494,0.3834,0.5925,0.6738,0.5844,0.5236,0.3227,0.4788,0.2592,0.5247,0.3102,0.2044,0.1595,0.3599,
1.0,0.9993,0.9693,0.9686,0.9677,0.9975,0.9959,0.9908,0.9848,0.9217,0.7349,0.931,0.9056,0.8384,0.7992,0.8545,0.6854,0.8252,0.9396,0.7775,0.6071,0.9554,0.7196,0.6197,0.6019,0.6079,0.857,0.5646,0.6152,0.7752,0.5046,0.5491,0.3875,0.5863,0.682,0.5797,0.5216,0.3154,0.4771,0.2489,0.5327,0.3082,0.2058,0.1638,0.3532,
1.0,0.9988,0.9689,0.9677,0.9706,0.997,0.9947,0.9901,0.985,0.9281,0.7396,0.9322,0.9113,0.8374,0.7977,0.8627,0.6806,0.8237,0.9409,0.7862,0.6085,0.9529,0.7242,0.6174,0.6104,0.6174,0.8563,0.5664,0.6216,0.7846,0.5135,0.5532,0.3918,0.594,0.6749,0.5829,0.5203,0.3171,0.4748,0.2603,0.5232,0.3154,0.2125,0.1576,0.3518,
1.0,0.9988,0.9669,0.9657,0.9699,0.9966,0.9942,0.9897,0.983,0.9225,0.7425,0.9293,0.9048,0.8475,0.8068,0.8525,0.6906,0.8332,0.9377,0.7822,0.6189,0.9511,0.7206,0.6299,0.6034,0.6231,0.8542,0.5765,0.6137,0.7857,0.5047,0.5588,0.3846,0.5842,0.6677,0.5784,0.5141,0.3207,0.4835,0.2616,0.5271,0.3112,0.2079,0.1619,0.3566,
1.0,0.9994,0.9661,0.9655,0.9698,0.9978,0.9957,0.9917,0.9872,0.9239,0.7351,0.932,0.9112,0.8351,0.7985,0.8569,0.6829,0.8219,0.9414,0.7854,0.6107,0.9547,0.7242,0.6195,0.6027,0.6055,0.8631,0.563,0.6276,0.7791,0.4932,0.5458,0.3789,0.5933,0.6854,0.5903,0.5288,0.3112,0.4808,0.2698,0.5345,0.3044,0.2065,0.1608,0.359,
1.0,0.9991,0.9659,0.965,0.9706,0.9983,0.996,0.9894,0.9835,0.9241,0.7379,0.9305,0.9081,0.8393,0.7976,0.8549,0.6813,0.8242,0.9406,0.7822,0.6178,0.952,0.7289,0.6264,0.6169,0.6183,0.8588,0.5687,0.6255,0.7879,0.5091,0.5579,0.3944,0.5969,0.6815,0.5908,0.5173,0.3221,0.4935,0.2621,0.5298,0.3236,0.2097,0.1637,0.3558,
1.0,0.9989,0.9688,0.9677,0.968,0.9976,0.9962,0.9921,0.986,0.9302,0.7482,0.9303,0.9155,0.8447,0.8079,0.861,0.6924,0.8324,0.9404,0.7866,0.6224,0.9543,0.7289,0.6268,0.6046,0.6239,0.8608,0.5693,0.6246,0.7901,0.508,0.5558,0.3918,0.5901,0.6759,0.586,0.5175,0.315,0.4733,0.2659,0.5251,0.3245,0.2151,0.1624,0.3567,
1.0,0.9987,0.9699,0.9686,0.9707,0.9983,0.9963,0.9905,0.9841,0.9239,0.7315,0.9318,0.9076,0.8348,0.7943,0.8574,0.6836,0.8216,0.9412,0.7831,0.6121,0.9535,0.7226,0.6269,0.6113,0.6101,0.8576,0.5652,0.6246,0.787,0.5073,0.5512,0.3914,0.5899,0.674,0.584,0.5264,0.315,0.476,0.2671,0.5167,0.3135,0.2109,0.1649,0.3502,
1.0,0.999,0.9666,0.9656,0.9697,0.998,0.9962,0.9914,0.9861,0.9234,0.7388,0.9314,0.9103,0.8406,0.8061,0.8554,0.6938,0.827,0.9403,0.7897,0.6083,0.9567,0.7224,0.6174,0.6016,0.6185,0.8675,0.5797,0.6104,0.7915,0.5099,0.5548,0.3848,0.5852,0.6731,0.5774,0.5265,0.3222,0.4793,0.2584,0.5267,0.3131,0.2084,0.1603,0.3557,
1.0,0.9991,0.9646,0.9637,0.9693,0.9967,0.9942,0.99,0.9842,0.9266,0.7365,0.9271,0.9092,0.8383,0.799,0.8558,0.6826,0.8232,0.9396,0.7864,0.6127,0.9523,0.7317,0.6225,0.6096,0.6147,0.8577,0.5656,0.6283,0.7867,0.5073,0.55,0.3927,0.5966,0.6759,0.5927,0.5248,0.3157,0.4884,0.2683,0.5279,0.3155,0.2124,0.164,0.3611,
1.0,0.9986,0.9668,0.9654,0.9697,0.9976,0.9951,0.9904,0.9839,0.9252,0.7337,0.9301,0.9098,0.8358,0.797,0.8561,0.6831,0.8221,0.9372,0.7869,0.6032,0.9575,0.7239,0.6108,0.605,0.6094,0.8585,0.5608,0.617,0.7824,0.5075,0.5464,0.3838,0.5928,0.6806,0.5807,0.5204,0.3169,0.4811,0.2596,0.5304,0.3178,0.2183,0.1524,0.3583,
1.0,0.9994,0.9705,0.9699,0.9683,0.9977,0.9963,0.9912,0.9841,0.9208,0.7359,0.9331,0.905,0.8422,0.8024,0.8555,0.6889,0.8286,0.9434,0.7756,0.6183,0.954,0.7211,0.6299,0.6117,0.6145,0.8582,0.568,0.6222,0.7727,0.4952,0.5543,0.392,0.5963,0.6764,0.58,0.5211,0.3223,0.4883,0.2617,0.5347,0.3078,0.2091,0.1711,0.3627,
1.0,0.9987,0.9684,0.9671,0.967,0.9974,0.9948,0.9895,0.9854,0.9237,0.7292,0.9297,0.908,0.8358,0.7984,0.8535,0.6832,0.8237,0.94,0.7818,0.6061,0.9526,0.7244,0.6159,0.6068,0.6091,0.8578,0.5592,0.6227,0.775,0.5042,0.5482,0.3877,0.594,0.6757,0.5794,0.5159,0.3095,0.4703,0.2626,0.519,0.3056,0.2101,0.1526,0.3497,
1.0,0.9987,0.9652,0.9639,0.9698,0.9968,0.9945,0.9902,0.9856,0.9202,0.7353,0.9285,0.9044,0.8396,0.8039,0.8504,0.6868,0.8272,0.938,0.7824,0.6114,0.9524,0.7259,0.6213,0.606,0.6085,0.8613,0.5593,0.6163,0.777,0.4976,0.5431,0.391,0.589,0.6729,0.5777,0.5184,0.312,0.4789,0.2609,0.5247,0.3071,0.2119,0.1562,0.3594,
1.0,0.9993,0.9685,0.9678,0.9677,0.997,0.9953,0.9911,0.9865,0.926,0.7334,0.9293,0.9089,0.8385,0.802,0.8571,0.6853,0.8265,0.9386,0.784,0.6091,0.9534,0.728,0.6181,0.6114,0.607,0.8584,0.5628,0.6226,0.7819,0.4986,0.5419,0.3938,0.6001,0.668,0.5862,0.5176,0.3135,0.4867,0.2657,0.5253,0.3088,0.206,0.1643,0.3582,
1.0,0.9992,0.9699,0.9691,0.9688,0.9975,0.9959,0.9918,0.9865,0.9225,0.7362,0.9321,0.9077,0.8406,0.802,0.856,0.6856,0.8281,0.9401,0.7755,0.61,0.9532,0.7196,0.6257,0.6076,0.6108,0.8561,0.5613,0.6214,0.7769,0.4935,0.5511,0.3824,0.5937,0.6721,0.5779,0.5156,0.3167,0.4753,0.2579,0.526,0.3014,0.2008,0.166,0.3589,
1.0,0.9991,0.9681,0.9672,0.9698,0.9977,0.9951,0.9901,0.9861,0.9274,0.7377,0.9321,0.9114,0.8354,0.7984,0.8599,0.6817,0.822,0.9392,0.7833,0.6135,0.9537,0.731,0.6184,0.6103,0.6096,0.8591,0.5564,0.629,0.7868,0.5072,0.5451,0.395,0.6024,0.6779,0.5945,0.5242,0.3151,0.4838,0.2615,0.5298,0.3219,0.2158,0.1668,0.3568,
1.0,0.9991,0.9678,0.9669,0.9679,0.9974,0.9953,0.9904,0.985,0.9201,0.7375,0.9301,0.9045,0.8437,0.806,0.8514,0.6817,0.8299,0.9391,0.7734,0.6091,0.9528,0.7156,0.6215,0.6036,0.6155,0.8523,0.5688,0.6145,0.7776,0.5001,0.5562,0.38,0.5861,0.6737,0.5781,0.5171,0.315,0.4715,0.2539,0.5203,0.3029,0.2092,0.1589,0.3515,
1.0,0.999,0.9652,0.9642,0.9686,0.9973,0.9953,0.9902,0.9853,0.9239,0.7357,0.9273,0.9069,0.8389,0.8033,0.8528,0.6814,0.826,0.9383,0.7797,0.6077,0.9509,0.718,0.6143,0.5956,0.6128,0.8481,0.5563,0.6166,0.778,0.4957,0.5454,0.3751,0.5784,0.6705,0.572,0.5231,0.3051,0.4708,0.2601,0.5223,0.3015,0.2063,0.1608,0.345,
1.0,0.999,0.9697,0.9687,0.9695,0.9974,0.9953,0.992,0.986,0.9225,0.7395,0.9323,0.9074,0.8445,0.8065,0.8569,0.6911,0.8297,0.9393,0.7807,0.6116,0.952,0.7182,0.6274,0.6042,0.6124,0.8576,0.5681,0.6197,0.781,0.4985,0.5556,0.386,0.5913,0.6765,0.5807,0.5187,0.318,0.4801,0.2631,0.5202,0.3072,0.2124,0.1625,0.3581,
1.0,0.9988,0.9662,0.965,0.9682,0.9971,0.9941,0.988,0.9843,0.9272,0.7358,0.9271,0.9084,0.8365,0.7983,0.8559,0.6808,0.8237,0.9411,0.7829,0.6133,0.9525,0.7273,0.621,0.6127,0.6182,0.8506,0.5646,0.6314,0.7834,0.5122,0.5538,0.3888,0.5984,0.675,0.5894,0.5311,0.3132,0.482,0.277,0.5288,0.3177,0.2091,0.1709,0.3559,
1.0,0.9989,0.9686,0.9675,0.9709,0.9972,0.9958,0.9904,0.9853,0.923,0.7402,0.932,0.9059,0.8421,0.8044,0.857,0.6859,0.829,0.9445,0.7821,0.6152,0.9502,0.7174,0.6284,0.6052,0.6175,0.8546,0.5688,0.6182,0.7833,0.5095,0.5566,0.3927,0.5956,0.6849,0.5868,0.5214,0.3229,0.476,0.2572,0.524,0.3111,0.2186,0.1633,0.3576,
1.0,0.9998,0.9671,0.9669,0.9723,0.9968,0.9962,0.9914,0.9855,0.9221,0.7435,0.9335,0.9054,0.8459,0.8088,0.8576,0.6904,0.8324,0.9373,0.7832,0.61,0.9542,0.7225,0.6254,0.6106,0.618,0.8546,0.569,0.6224,0.7859,0.513,0.5563,0.3948,0.599,0.6724,0.5825,0.5147,0.3189,0.4828,0.2627,0.5208,0.3229,0.2082,0.1611,0.3645,
1.0,0.9985,0.9677,0.9662,0.9667,0.9975,0.9952,0.9901,0.9846,0.9194,0.7354,0.9276,0.9036,0.8441,0.8075,0.8491,0.6919,0.8312,0.9424,0.7786,0.6122,0.9516,0.7157,0.6219,0.5981,0.6163,0.8576,0.5787,0.6135,0.7782,0.5024,0.5621,0.3828,0.5843,0.6824,0.575,0.5267,0.325,0.4715,0.2661,0.529,0.3039,0.2086,0.1627,0.3573,
1.0,0.9995,0.9704,0.9699,0.9733,0.9974,0.9958,0.9913,0.9862,0.9271,0.7383,0.9372,0.9106,0.8354,0.7958,0.8658,0.681,0.8236,0.9379,0.7862,0.6064,0.9538,0.7243,0.6222,0.6173,0.6117,0.8549,0.5618,0.6316,0.7853,0.5038,0.5489,0.3906,0.5931,0.6726,0.5856,0.5204,0.3103,0.4737,0.2646,0.5269,0.3156,0.2125,0.1666,0.3528,
1.0,0.9988,0.9662,0.965,0.9684,0.997,0.9952,0.9904,0.9843,0.9275,0.7363,0.9268,0.9106,0.8387,0.7995,0.8562,0.6843,0.8247,0.9383,0.787,0.6087,0.9517,0.7265,0.6194,0.61,0.6145,0.8599,0.5687,0.6235,0.7891,0.5099,0.5505,0.3911,0.5912,0.67,0.584,0.5248,0.3234,0.4791,0.2634,0.5214,0.3135,0.2136,0.1625,0.3563,
1.0,0.9987,0.9676,0.9663,0.9701,0.9977,0.9951,0.989,0.9833,0.9212,0.7371,0.9311,0.9039,0.8434,0.8022,0.8536,0.685,0.8295,0.9368,0.7797,0.6092,0.9535,0.7241,0.6212,0.6128,0.6112,0.8581,0.5712,0.6171,0.7847,0.5063,0.5505,0.3997,0.5956,0.668,0.5798,0.5136,0.326,0.4931,0.2569,0.5222,0.3201,0.2078,0.1613,0.3631,
1.0,0.9983,0.9669,0.9652,0.9722,0.9972,0.995,0.9893,0.9835,0.9216,0.74,0.9323,0.906,0.8433,0.803,0.8554,0.6876,0.8308,0.9429,0.7848,0.6136,0.9513,0.7249,0.6285,0.6061,0.6213,0.8616,0.5747,0.6132,0.7828,0.4964,0.5533,0.3895,0.5787,0.6718,0.5845,0.5203,0.3136,0.4747,0.2542,0.521,0.3067,0.2022,0.164,0.3495,
1.0,0.9993,0.9685,0.9678,0.9662,0.997,0.9951,0.9912,0.9854,0.9265,0.734,0.9292,0.9108,0.8358,0.7979,0.8559,0.6792,0.8204,0.9376,0.7821,0.6036,0.9541,0.7217,0.6078,0.5993,0.6117,0.8524,0.5647,0.6142,0.7829,0.509,0.5461,0.3792,0.5879,0.6732,0.5819,0.5158,0.3186,0.4765,0.2555,0.5213,0.3132,0.2073,0.1593,0.3422,
1.0,0.999,0.9688,0.9678,0.9713,0.9971,0.9948,0.988,0.9797,0.9258,0.7322,0.9331,0.9074,0.8368,0.7936,0.8603,0.678,0.8193,0.9333,0.7866,0.6071,0.9457,0.72,0.6177,0.6043,0.6136,0.8506,0.562,0.6225,0.7839,0.5021,0.5497,0.395,0.59,0.6702,0.5807,0.5114,0.3166,0.4715,0.2576,0.5307,0.3126,0.2118,0.1642,0.3538,
1.0,0.9991,0.9668,0.9659,0.9685,0.996,0.9942,0.9899,0.985,0.9259,0.7384,0.9308,0.9101,0.8397,0.8035,0.8587,0.6853,0.8271,0.9422,0.7877,0.6188,0.9542,0.733,0.6264,0.6176,0.6177,0.8592,0.5757,0.6326,0.783,0.5099,0.5542,0.3918,0.596,0.6773,0.6003,0.5219,0.319,0.4919,0.2682,0.529,0.3178,0.2066,0.169,0.3598,
1.0,0.9989,0.9692,0.9681,0.9703,0.9974,0.9951,0.9898,0.9861,0.9252,0.7413,0.9336,0.9097,0.841,0.8044,0.8596,0.688,0.8292,0.9412,0.7853,0.6126,0.9511,0.727,0.6265,0.6124,0.617,0.8585,0.5738,0.6269,0.7849,0.5114,0.5603,0.3948,0.5931,0.6835,0.587,0.5246,0.3167,0.4856,0.2669,0.5389,0.3166,0.2119,0.1664,0.3573,
1.0,0.9985,0.9638,0.9623,0.9696,0.9963,0.9943,0.9872,0.9824,0.9256,0.7331,0.9275,0.9068,0.8356,0.7951,0.8542,0.6747,0.8242,0.9407,0.7836,0.6106,0.9483,0.7242,0.6146,0.603,0.6153,0.8511,0.5674,0.6208,0.7774,0.5067,0.547,0.3839,0.5852,0.6743,0.5908,0.5151,0.3116,0.481,0.2584,0.5269,0.3158,0.2066,0.1597,0.3433,
1.0,0.9993,0.9679,0.9672,0.9678,0.9972,0.9958,0.9904,0.9846,0.9224,0.7317,0.9303,0.9063,0.8381,0.8001,0.8537,0.6855,0.824,0.9389,0.782,0.6109,0.9519,0.7228,0.6213,0.6029,0.6036,0.8576,0.5584,0.6195,0.7734,0.4964,0.5422,0.3846,0.5849,0.6719,0.5757,0.5179,0.3118,0.4721,0.259,0.5134,0.3043,0.2021,0.1615,0.3485,
1.0,0.9988,0.9696,0.9684,0.9689,0.9967,0.9941,0.9905,0.9843,0.9221,0.7268,0.933,0.9065,0.8313,0.7969,0.8569,0.6816,0.8173,0.9408,0.7857,0.6099,0.9554,0.7294,0.6193,0.6121,0.6098,0.8611,0.5595,0.6219,0.7853,0.505,0.5428,0.3952,0.5914,0.6786,0.5843,0.5265,0.3169,0.4828,0.2553,0.526,0.3193,0.2115,0.1688,0.3501,
1.0,0.9988,0.9715,0.9703,0.9695,0.9974,0.995,0.9902,0.9848,0.9226,0.7298,0.9344,0.9064,0.8344,0.7964,0.8579,0.683,0.8203,0.9411,0.7819,0.6096,0.9532,0.7206,0.6238,0.6086,0.6085,0.8556,0.5655,0.6254,0.78,0.5134,0.5527,0.3986,0.5953,0.6777,0.5818,0.5148,0.3215,0.4783,0.2542,0.5292,0.3227,0.2111,0.1622,0.3588,
1.0,0.9992,0.9665,0.9657,0.9711,0.9976,0.9955,0.9887,0.9827,0.9244,0.7382,0.9299,0.9057,0.8417,0.8028,0.8569,0.687,0.8267,0.9419,0.7865,0.6195,0.9537,0.7252,0.632,0.6144,0.6233,0.8554,0.5774,0.6187,0.7863,0.5135,0.5525,0.3937,0.587,0.6737,0.5862,0.5198,0.3143,0.477,0.2537,0.5136,0.3135,0.2011,0.1636,0.3535,
1.0,0.999,0.9653,0.9643,0.9702,0.9981,0.996,0.9902,0.9841,0.9288,0.7416,0.9291,0.9135,0.8408,0.8026,0.8582,0.6868,0.8259,0.9375,0.7876,0.6094,0.9512,0.7234,0.6185,0.6039,0.6202,0.8567,0.5676,0.6246,0.7846,0.4986,0.5496,0.3738,0.5876,0.6682,0.5859,0.5106,0.3139,0.4741,0.2587,0.5214,0.3011,0.2055,0.1528,0.3487,
1.0,0.9987,0.967,0.9657,0.9701,0.997,0.9952,0.992,0.9852,0.9226,0.7409,0.9306,0.9086,0.8434,0.8056,0.8547,0.6921,0.8318,0.9438,0.7849,0.6171,0.9572,0.7261,0.6299,0.6025,0.6173,0.8606,0.5751,0.6168,0.7822,0.5053,0.5563,0.3904,0.5897,0.6757,0.5781,0.5197,0.3231,0.4837,0.2558,0.5288,0.3141,0.2076,0.1696,0.3634,
1.0,0.9992,0.9689,0.9681,0.9678,0.9973,0.9953,0.9896,0.9844,0.9195,0.7295,0.93,0.9016,0.8377,0.7995,0.8505,0.6832,0.8233,0.9379,0.777,0.6017,0.9492,0.7178,0.6177,0.6074,0.6084,0.8552,0.5627,0.6222,0.778,0.5003,0.5492,0.3828,0.5919,0.6734,0.5769,0.519,0.3104,0.4799,0.2632,0.5242,0.308,0.2088,0.1575,0.3617,
1.0,0.9985,0.9689,0.9674,0.97,0.9976,0.9952,0.9913,0.9852,0.923,0.7419,0.9321,0.9085,0.8456,0.8097,0.8575,0.6946,0.8322,0.9437,0.7831,0.6248,0.9579,0.7305,0.638,0.6174,0.6222,0.8575,0.5745,0.6354,0.7869,0.5135,0.5647,0.392,0.5938,0.6858,0.5953,0.5361,0.321,0.4845,0.2738,0.5323,0.3179,0.2144,0.1763,0.3653,
1.0,0.999,0.9682,0.9672,0.9717,0.9974,0.9955,0.992,0.986,0.9218,0.741,0.9332,0.9076,0.8449,0.8095,0.8571,0.6932,0.831,0.94,0.7859,0.6128,0.9523,0.7178,0.6289,0.6068,0.6188,0.86,0.5732,0.617,0.7832,0.5027,0.5525,0.3911,0.5823,0.6681,0.5751,0.5179,0.3209,0.4651,0.2608,0.5215,0.3059,0.1971,0.1625,0.3492,
1.0,0.9986,0.9687,0.9673,0.9706,0.9976,0.9949,0.9915,0.9858,0.9276,0.7428,0.9327,0.9135,0.8419,0.8066,0.8615,0.6935,0.8279,0.9367,0.792,0.6162,0.9546,0.7317,0.6256,0.6108,0.6165,0.8633,0.5731,0.6278,0.7915,0.5077,0.5513,0.3973,0.5949,0.6766,0.5865,0.5172,0.3281,0.4827,0.2653,0.5304,0.317,0.2094,0.165,0.3645,
1.0,0.999,0.9656,0.9646,0.97,0.9988,0.9974,0.9913,0.986,0.9231,0.7357,0.9288,0.9085,0.8382,0.801,0.8529,0.6844,0.8254,0.9422,0.7822,0.6101,0.9519,0.7162,0.6194,0.6058,0.6199,0.8529,0.5702,0.6259,0.7801,0.503,0.5582,0.3817,0.586,0.6739,0.5838,0.5254,0.3095,0.4677,0.2649,0.5237,0.3065,0.1997,0.1635,0.3492,
1.0,0.9992,0.9641,0.9633,0.9684,0.9978,0.9964,0.9935,0.9875,0.9248,0.742,0.9267,0.9119,0.8446,0.8107,0.8536,0.6923,0.8309,0.9441,0.7823,0.6183,0.9539,0.7236,0.6287,0.6027,0.6189,0.8623,0.5733,0.6205,0.7869,0.5054,0.5563,0.3877,0.5917,0.6795,0.5862,0.5167,0.3264,0.4812,0.2645,0.5236,0.3084,0.2099,0.1606,0.3634,
1.0,0.9993,0.9671,0.9664,0.9695,0.9965,0.995,0.9896,0.9843,0.9232,0.7348,0.9314,0.9063,0.8394,0.8003,0.8561,0.6862,0.826,0.9401,0.787,0.6075,0.9516,0.7194,0.6187,0.602,0.609,0.8604,0.5672,0.6183,0.7808,0.5109,0.5498,0.3854,0.5904,0.6808,0.5788,0.5204,0.3177,0.4852,0.2565,0.528,0.3179,0.2104,0.1636,0.3617,
1.0,0.9991,0.9674,0.9665,0.9682,0.997,0.9944,0.9914,0.986,0.9241,0.7364,0.9301,0.9096,0.8398,0.8016,0.8557,0.6853,0.8264,0.9378,0.7802,0.6064,0.9547,0.7272,0.6169,0.6013,0.6063,0.8615,0.5674,0.6203,0.7872,0.5034,0.5499,0.3893,0.594,0.6773,0.5777,0.5212,0.3169,0.4917,0.2594,0.5361,0.3172,0.2137,0.166,0.3634,
1.0,0.9991,0.9713,0.9704,0.9713,0.9978,0.996,0.9896,0.9846,0.92,0.7314,0.9362,0.9033,0.8377,0.7992,0.8569,0.6888,0.8267,0.944,0.7839,0.6043,0.9553,0.7196,0.6256,0.6135,0.6116,0.8578,0.5652,0.6234,0.7783,0.4973,0.5502,0.3848,0.5984,0.6847,0.5835,0.5304,0.3131,0.4864,0.2584,0.5334,0.3093,0.2045,0.1687,0.3581,
1.0,0.9989,0.9675,0.9664,0.966,0.9973,0.9952,0.9893,0.9834,0.9217,0.7354,0.9268,0.9048,0.8468,0.8088,0.8497,0.6918,0.8344,0.9453,0.7789,0.6164,0.9529,0.7195,0.6266,0.6024,0.6191,0.8558,0.5775,0.6134,0.7765,0.5064,0.5547,0.3806,0.5836,0.6677,0.5755,0.5164,0.3338,0.4816,0.2576,0.5236,0.3086,0.204,0.1563,0.36,
1.0,0.9987,0.9651,0.9638,0.9714,0.9967,0.9945,0.9922,0.9868,0.9252,0.7471,0.929,0.91,0.8458,0.8084,0.8556,0.6931,0.8329,0.9434,0.7872,0.6222,0.9544,0.7254,0.6323,0.605,0.6247,0.8609,0.5768,0.6128,0.7866,0.5039,0.5522,0.3882,0.5842,0.6728,0.581,0.5198,0.3163,0.4874,0.2671,0.5284,0.3049,0.2036,0.1684,0.3609,
1.0,0.9994,0.9667,0.9661,0.9695,0.9972,0.9959,0.9921,0.9866,0.9316,0.7437,0.9311,0.9169,0.8373,0.801,0.8628,0.6891,0.8261,0.9441,0.7958,0.615,0.9562,0.7291,0.6178,0.6046,0.6186,0.8625,0.5683,0.6262,0.7897,0.5182,0.5548,0.39,0.5963,0.6768,0.5895,0.5299,0.3118,0.4845,0.2691,0.5257,0.3228,0.213,0.1637,0.3593,
1.0,0.999,0.9681,0.9671,0.9715,0.9969,0.9944,0.9901,0.9855,0.9222,0.7383,0.9335,0.9052,0.8422,0.8053,0.8573,0.6865,0.829,0.9395,0.7813,0.6129,0.9539,0.7208,0.628,0.6053,0.6147,0.8532,0.564,0.6172,0.7764,0.4989,0.5481,0.3841,0.5936,0.6745,0.5814,0.5277,0.304,0.4789,0.2606,0.5207,0.3067,0.2016,0.1648,0.3543,
1.0,0.9989,0.969,0.9679,0.9672,0.9975,0.9958,0.9902,0.9848,0.9218,0.729,0.9305,0.9066,0.8356,0.7972,0.8528,0.6778,0.8239,0.9426,0.7757,0.6109,0.9535,0.7253,0.623,0.6077,0.6076,0.8534,0.5656,0.6225,0.7784,0.5052,0.548,0.3937,0.5915,0.6756,0.5845,0.5185,0.3173,0.4774,0.2542,0.5241,0.314,0.2055,0.1685,0.3502,
1.0,0.9989,0.9714,0.9703,0.9701,0.998,0.9961,0.9913,0.9852,0.9245,0.7323,0.9336,0.9086,0.8346,0.7968,0.8592,0.68,0.8191,0.9382,0.7784,0.6036,0.9503,0.7162,0.6185,0.6044,0.6067,0.853,0.5577,0.6242,0.7862,0.5096,0.553,0.3981,0.5973,0.6871,0.5791,0.5218,0.3191,0.4727,0.2597,0.5299,0.318,0.2158,0.1677,0.3523,
1.0,0.9987,0.9669,0.9656,0.9721,0.9965,0.994,0.9916,0.9868,0.9223,0.7318,0.9312,0.9061,0.8318,0.7955,0.8558,0.6825,0.8184,0.9418,0.7857,0.6029,0.9536,0.7215,0.6197,0.6085,0.6085,0.861,0.5646,0.6183,0.788,0.5082,0.5499,0.3927,0.5931,0.6715,0.5807,0.5188,0.3114,0.478,0.2528,0.5262,0.3147,0.2072,0.1585,0.3581,
1.0,0.9982,0.9679,0.9661,0.9676,0.997,0.9946,0.9909,0.9856,0.9235,0.7372,0.928,0.9077,0.8412,0.8041,0.8528,0.6875,0.8286,0.9427,0.7795,0.6093,0.954,0.7206,0.6203,0.6024,0.6126,0.8581,0.5689,0.6129,0.782,0.5012,0.5487,0.38,0.5894,0.6794,0.5798,0.517,0.3135,0.4734,0.2536,0.5267,0.3097,0.2039,0.1583,0.358,
1.0,0.9988,0.9705,0.9693,0.971,0.9972,0.9949,0.9922,0.9873,0.9218,0.7418,0.9345,0.9068,0.8441,0.8089,0.8574,0.6958,0.8303,0.9368,0.7829,0.6069,0.9523,0.7144,0.6229,0.6048,0.6112,0.8582,0.566,0.6221,0.7817,0.5033,0.5472,0.3904,0.5949,0.6754,0.5775,0.515,0.3199,0.4855,0.2569,0.5252,0.3163,0.2062,0.1616,0.3635,
1.0,0.9996,0.9687,0.9683,0.9719,0.9976,0.9957,0.9889,0.9831,0.9256,0.74,0.9351,0.9084,0.8418,0.8033,0.8622,0.6949,0.8274,0.9346,0.7946,0.6063,0.9497,0.7186,0.621,0.604,0.6141,0.8627,0.5697,0.6157,0.7857,0.5043,0.5447,0.3844,0.5894,0.6668,0.5747,0.5185,0.3173,0.4816,0.2615,0.5357,0.3107,0.2041,0.1568,0.3521,
1.0,0.9986,0.9652,0.9638,0.9691,0.9964,0.9941,0.9905,0.9856,0.9232,0.7333,0.9279,0.9076,0.8375,0.8012,0.8541,0.6833,0.8249,0.9413,0.7844,0.6106,0.9503,0.7228,0.622,0.6006,0.6082,0.8555,0.5589,0.6223,0.7765,0.4973,0.5446,0.386,0.5912,0.6709,0.5841,0.5164,0.3117,0.477,0.2607,0.5159,0.3051,0.2018,0.1594,0.3538,
1.0,0.9986,0.9698,0.9684,0.9695,0.9974,0.9952,0.9906,0.9844,0.9272,0.7325,0.9315,0.9108,0.8326,0.7904,0.8595,0.6752,0.8195,0.9427,0.7803,0.6063,0.9535,0.7239,0.6184,0.6059,0.6091,0.8546,0.5622,0.622,0.7838,0.5067,0.5479,0.386,0.588,0.6778,0.5792,0.5093,0.3117,0.4791,0.2522,0.5259,0.307,0.21,0.1607,0.3504,
1.0,0.999,0.9678,0.9668,0.9677,0.9976,0.9958,0.9898,0.9826,0.922,0.7314,0.9296,0.9063,0.8395,0.8003,0.853,0.6781,0.8244,0.937,0.7767,0.6109,0.9505,0.726,0.6227,0.6105,0.6081,0.8532,0.5623,0.6231,0.7786,0.4937,0.5416,0.388,0.5868,0.6686,0.5852,0.5142,0.3127,0.4715,0.2566,0.5171,0.3018,0.2031,0.1595,0.3494,
1.0,0.999,0.9679,0.9669,0.9699,0.9973,0.995,0.9909,0.9858,0.929,0.744,0.9312,0.913,0.8409,0.8046,0.8625,0.688,0.8273,0.9408,0.785,0.6208,0.9542,0.7341,0.6289,0.6128,0.6229,0.8551,0.5667,0.6354,0.7871,0.5115,0.5546,0.3896,0.5896,0.6774,0.5973,0.5201,0.3179,0.4793,0.27,0.5293,0.3205,0.2085,0.1677,0.3574,
1.0,0.9978,0.9679,0.9657,0.9687,0.9976,0.9943,0.99,0.9855,0.926,0.7416,0.9297,0.9114,0.8421,0.8046,0.8567,0.6906,0.8295,0.9393,0.7875,0.6133,0.9546,0.7228,0.6198,0.6027,0.6191,0.8605,0.5737,0.6189,0.7882,0.5019,0.5564,0.3872,0.5919,0.6807,0.5742,0.5241,0.3207,0.4867,0.2656,0.5326,0.3112,0.2041,0.1685,0.3654,
1.0,0.9985,0.9683,0.9668,0.9699,0.9966,0.9941,0.987,0.9814,0.926,0.7405,0.9309,0.9063,0.8447,0.8044,0.8585,0.6914,0.8315,0.9384,0.7918,0.6186,0.951,0.7288,0.6304,0.6131,0.6234,0.8549,0.5774,0.6317,0.7813,0.5077,0.563,0.3871,0.5974,0.6831,0.5869,0.5244,0.3193,0.4832,0.2742,0.5296,0.3155,0.2082,0.1636,0.36,
1.0,0.9993,0.9726,0.9719,0.9703,0.9982,0.9966,0.9899,0.9837,0.9233,0.7347,0.9372,0.9075,0.8383,0.801,0.8612,0.6809,0.8245,0.94,0.7801,0.6133,0.9496,0.7234,0.6297,0.6109,0.6162,0.8508,0.5611,0.6276,0.7821,0.5087,0.5534,0.3987,0.5968,0.6761,0.5825,0.5133,0.3139,0.4687,0.2587,0.5161,0.3137,0.2074,0.1672,0.3487,
1.0,0.9986,0.9684,0.967,0.9707,0.9985,0.9963,0.9908,0.9848,0.9185,0.74,0.933,0.9049,0.8437,0.8034,0.8531,0.6892,0.8313,0.9442,0.7806,0.6109,0.9535,0.7132,0.6274,0.605,0.6235,0.8609,0.5801,0.6091,0.7776,0.4944,0.5597,0.3877,0.5879,0.6658,0.5681,0.5145,0.3186,0.4759,0.2492,0.5237,0.3015,0.1972,0.1641,0.3517,
1.0,0.9981,0.9702,0.9683,0.969,0.9976,0.9951,0.9899,0.9843,0.9257,0.741,0.9305,0.9085,0.8414,0.8014,0.8582,0.6857,0.8292,0.9459,0.7815,0.6181,0.9539,0.7244,0.63,0.606,0.6204,0.8543,0.5704,0.6283,0.784,0.5141,0.5578,0.3872,0.5939,0.6795,0.5877,0.5187,0.3212,0.4703,0.2601,0.522,0.3138,0.2128,0.1625,0.3517,
1.0,0.999,0.9678,0.9668,0.9711,0.9981,0.9961,0.9898,0.9842,0.9224,0.7347,0.9322,0.9066,0.8395,0.8021,0.8568,0.6874,0.8262,0.9426,0.7848,0.6109,0.9507,0.7182,0.6259,0.6022,0.6172,0.8559,0.5676,0.6183,0.7802,0.5014,0.5533,0.3842,0.5848,0.6726,0.5762,0.5108,0.3153,0.4791,0.2531,0.5305,0.3026,0.2007,0.1596,0.3536,
1.0,0.9984,0.9681,0.9665,0.9669,0.9977,0.9954,0.9904,0.9839,0.9271,0.7421,0.929,0.9125,0.8444,0.8057,0.8569,0.6878,0.8299,0.9409,0.7813,0.6162,0.9523,0.7263,0.6225,0.6102,0.6215,0.8599,0.5706,0.6292,0.7825,0.4992,0.5566,0.3877,0.5955,0.6729,0.5872,0.5189,0.3193,0.4918,0.2651,0.5236,0.3105,0.2096,0.165,0.3575,
1.0,0.999,0.9686,0.9676,0.9698,0.9972,0.9953,0.991,0.9863,0.9243,0.7416,0.9318,0.908,0.8454,0.8074,0.858,0.692,0.8325,0.9428,0.7838,0.6183,0.9543,0.7252,0.6303,0.6066,0.6159,0.8599,0.5658,0.6221,0.7814,0.4934,0.5505,0.3816,0.5939,0.6776,0.5868,0.5248,0.3075,0.4775,0.2606,0.5222,0.296,0.1992,0.1623,0.3554,
1.0,0.9992,0.9671,0.9663,0.9692,0.9973,0.9952,0.9908,0.9856,0.9244,0.7289,0.9293,0.9079,0.8308,0.7903,0.8546,0.6762,0.8182,0.9431,0.7794,0.6041,0.9556,0.7217,0.6155,0.6026,0.6061,0.8567,0.5572,0.6173,0.7781,0.5019,0.5454,0.3844,0.5931,0.6813,0.5768,0.524,0.3106,0.4759,0.2576,0.5257,0.3106,0.2092,0.1589,0.3514,
1.0,0.9994,0.9677,0.9671,0.9652,0.9978,0.9964,0.9905,0.9832,0.9236,0.7318,0.926,0.9066,0.8398,0.7983,0.8512,0.6789,0.8249,0.9356,0.7728,0.6089,0.9502,0.716,0.6151,0.5977,0.6086,0.8492,0.566,0.6172,0.7805,0.5027,0.5457,0.381,0.5834,0.6697,0.5794,0.5186,0.3197,0.4688,0.2619,0.5147,0.3086,0.2102,0.155,0.3445,
1.0,0.9989,0.9683,0.9672,0.9699,0.9977,0.996,0.9898,0.984,0.9208,0.7235,0.9313,0.904,0.8296,0.79,0.8523,0.6774,0.8166,0.9441,0.7817,0.6011,0.9517,0.7138,0.6164,0.5996,0.6046,0.8527,0.5577,0.6143,0.7781,0.4983,0.5487,0.3814,0.5894,0.6802,0.5764,0.5234,0.3041,0.474,0.2529,0.5236,0.3035,0.2051,0.1568,0.341,
1.0,0.9992,0.9673,0.9665,0.9695,0.9968,0.995,0.9914,0.9852,0.9227,0.7256,0.9305,0.9062,0.8275,0.7919,0.8553,0.6736,0.8136,0.9393,0.7841,0.6068,0.9545,0.7281,0.6167,0.6087,0.6037,0.8536,0.5587,0.6232,0.7841,0.5074,0.5418,0.3879,0.5836,0.6773,0.5803,0.523,0.3052,0.475,0.2585,0.5203,0.3096,0.2097,0.1682,0.3482,
1.0,0.9987,0.9668,0.9655,0.9666,0.9979,0.9959,0.9904,0.9854,0.924,0.7378,0.9259,0.9083,0.8445,0.806,0.8515,0.6903,0.8324,0.9432,0.7806,0.6144,0.9538,0.7198,0.6229,0.5997,0.6162,0.8571,0.5711,0.62,0.7789,0.4985,0.5561,0.3782,0.5876,0.679,0.581,0.5264,0.3187,0.4741,0.2597,0.5231,0.3079,0.202,0.1552,0.36,
1.0,0.9983,0.9698,0.9681,0.9697,0.9971,0.9949,0.9914,0.9852,0.9255,0.7383,0.9323,0.9105,0.8389,0.8022,0.8587,0.6829,0.8257,0.9387,0.7817,0.6078,0.9513,0.7204,0.6199,0.6036,0.6144,0.8524,0.5639,0.6229,0.7862,0.5071,0.5543,0.3775,0.5862,0.6734,0.5842,0.5187,0.3135,0.4728,0.2671,0.5229,0.3093,0.2112,0.1598,0.3523,
1.0,0.9995,0.9641,0.9636,0.9696,0.9985,0.9973,0.9912,0.9839,0.9253,0.7349,0.929,0.9112,0.838,0.7994,0.8557,0.6833,0.8235,0.9362,0.7885,0.603,0.9555,0.7216,0.6129,0.5938,0.6097,0.8613,0.5656,0.6089,0.7839,0.5103,0.5407,0.3887,0.5854,0.6689,0.5749,0.522,0.3236,0.4801,0.2576,0.5247,0.3166,0.209,0.1623,0.3535,
1.0,0.9991,0.9669,0.966,0.9696,0.9969,0.9953,0.9905,0.9833,0.9224,0.7339,0.9299,0.9049,0.8402,0.7998,0.8541,0.6811,0.8273,0.9427,0.7808,0.6122,0.9554,0.7259,0.6234,0.6098,0.6157,0.856,0.5722,0.6203,0.7835,0.5061,0.5564,0.3845,0.5891,0.6749,0.5838,0.5262,0.3211,0.4796,0.2592,0.5285,0.3113,0.2068,0.166,0.3568,
1.0,0.9989,0.9675,0.9664,0.9721,0.9969,0.9945,0.9895,0.9839,0.9237,0.7397,0.9341,0.9083,0.8424,0.8032,0.859,0.6824,0.8292,0.9405,0.7831,0.6169,0.9511,0.7227,0.6309,0.6006,0.6159,0.8534,0.5647,0.6188,0.7839,0.5053,0.5515,0.3879,0.5884,0.6727,0.5775,0.5168,0.3221,0.476,0.2585,0.518,0.3145,0.2094,0.1607,0.3529,
1.0,0.9989,0.9689,0.9678,0.9693,0.997,0.9952,0.9908,0.984,0.9203,0.7375,0.9309,0.9038,0.842,0.7987,0.8521,0.6806,0.827,0.9364,0.7719,0.6076,0.9525,0.7174,0.6199,0.6061,0.6102,0.8519,0.5617,0.6175,0.7757,0.503,0.5513,0.3917,0.5924,0.6748,0.5769,0.5181,0.3159,0.4818,0.2612,0.5222,0.3114,0.2075,0.1628,0.358,
1.0,0.9984,0.9683,0.9667,0.9696,0.9977,0.9951,0.9884,0.9817,0.925,0.7308,0.9312,0.9074,0.837,0.7963,0.8573,0.6761,0.8222,0.9391,0.7798,0.6035,0.9505,0.72,0.6167,0.6073,0.6158,0.8514,0.5684,0.6264,0.7845,0.5015,0.5574,0.3765,0.5896,0.6767,0.5832,0.5151,0.3073,0.4763,0.2593,0.5246,0.3114,0.204,0.1586,0.3521,
1.0,0.9992,0.9682,0.9674,0.97,0.9974,0.9961,0.9911,0.9856,0.922,0.7297,0.9313,0.9058,0.8333,0.7937,0.8548,0.6809,0.8216,0.9443,0.7822,0.6022,0.9541,0.7168,0.6177,0.6083,0.6114,0.8555,0.5682,0.6197,0.7801,0.5011,0.5555,0.3842,0.5927,0.6767,0.5836,0.5189,0.3203,0.4793,0.2582,0.5225,0.3059,0.2088,0.1641,0.3565,
1.0,0.9993,0.9658,0.9651,0.9667,0.996,0.9946,0.9926,0.9875,0.921,0.7342,0.9271,0.906,0.839,0.8029,0.849,0.6847,0.8261,0.9397,0.7775,0.6029,0.9502,0.7136,0.6134,0.5986,0.6086,0.8566,0.5654,0.6149,0.7756,0.5019,0.5499,0.3792,0.5863,0.6737,0.5738,0.5091,0.3171,0.4743,0.2554,0.5306,0.3059,0.2005,0.151,0.3561,
1.0,0.999,0.9673,0.9663,0.9703,0.9964,0.9939,0.9903,0.9835,0.9248,0.7311,0.931,0.908,0.8358,0.7948,0.8567,0.6793,0.82,0.9404,0.7861,0.6067,0.9541,0.7216,0.6186,0.6051,0.6075,0.8587,0.564,0.6176,0.7795,0.4998,0.5447,0.3861,0.5993,0.6772,0.586,0.5243,0.3075,0.4866,0.2571,0.5182,0.3156,0.204,0.1635,0.358,
1.0,0.9992,0.9674,0.9666,0.9706,0.997,0.9947,0.9903,0.9858,0.9282,0.7374,0.9325,0.9121,0.8376,0.7992,0.8612,0.6804,0.8237,0.9402,0.7865,0.6125,0.9489,0.7239,0.6206,0.6068,0.6165,0.8548,0.5692,0.6243,0.7861,0.5031,0.5527,0.3853,0.5877,0.6716,0.5841,0.5156,0.3134,0.4665,0.2605,0.5213,0.3057,0.2104,0.1654,0.3506,
1.0,0.9986,0.9684,0.967,0.9674,0.9981,0.9955,0.9904,0.9861,0.9268,0.7325,0.9291,0.9123,0.8324,0.7963,0.8568,0.6813,0.819,0.9376,0.7844,0.6065,0.9531,0.7296,0.6163,0.6084,0.6068,0.8608,0.5593,0.6224,0.788,0.4997,0.5407,0.3894,0.5919,0.6788,0.5873,0.5247,0.3096,0.4805,0.259,0.5264,0.314,0.2121,0.1604,0.3535,
1.0,0.999,0.9661,0.9651,0.971,0.997,0.995,0.9918,0.9868,0.9224,0.7401,0.9318,0.9086,0.8384,0.8037,0.8549,0.6897,0.8252,0.9438,0.7883,0.6124,0.9558,0.7227,0.6213,0.6013,0.6153,0.8628,0.568,0.6101,0.7803,0.5043,0.5445,0.3864,0.5844,0.6781,0.5848,0.5305,0.3141,0.4784,0.256,0.5307,0.3069,0.2027,0.1643,0.3515,
1.0,0.9991,0.9687,0.9678,0.9697,0.9967,0.9951,0.9911,0.9847,0.9217,0.7387,0.932,0.9058,0.8439,0.8053,0.856,0.6895,0.8308,0.9432,0.7831,0.6152,0.9549,0.7221,0.6279,0.6051,0.6168,0.857,0.5709,0.6161,0.7782,0.5063,0.5543,0.3896,0.5922,0.6811,0.5811,0.5232,0.319,0.4826,0.258,0.5223,0.31,0.2073,0.1655,0.3624,
1.0,0.9988,0.9676,0.9664,0.9707,0.9966,0.9946,0.9903,0.9833,0.9236,0.7382,0.9311,0.9059,0.8423,0.8029,0.8561,0.6912,0.8273,0.94,0.788,0.611,0.951,0.7186,0.6228,0.6048,0.6193,0.8613,0.569,0.6146,0.7794,0.4955,0.5502,0.3844,0.5902,0.6724,0.5786,0.5186,0.3075,0.4791,0.2598,0.5251,0.3039,0.2018,0.1592,0.357,
1.0,0.9993,0.9676,0.9669,0.9695,0.9973,0.9959,0.9907,0.9837,0.9254,0.7366,0.9304,0.9083,0.8364,0.7955,0.8556,0.6754,0.8219,0.9384,0.7783,0.6086,0.9503,0.7235,0.6216,0.604,0.615,0.8509,0.5598,0.6235,0.7849,0.5056,0.553,0.3927,0.5969,0.6754,0.5802,0.5076,0.3209,0.4763,0.2569,0.5226,0.3155,0.2133,0.1615,0.3474,
1.0,0.9987,0.969,0.9677,0.9706,0.9981,0.9954,0.9893,0.9845,0.9236,0.7389,0.9319,0.9064,0.8428,0.8044,0.8567,0.69,0.8301,0.9413,0.7826,0.6123,0.9532,0.7233,0.6292,0.6076,0.6215,0.8575,0.5736,0.6192,0.7877,0.5045,0.5595,0.391,0.5905,0.6692,0.573,0.5191,0.318,0.4729,0.2602,0.5144,0.3105,0.2023,0.1647,0.3584,
1.0,0.9995,0.9665,0.966,0.9721,0.9968,0.9955,0.9919,0.9856,0.9202,0.7409,0.9328,0.9048,0.8446,0.8071,0.8555,0.6889,0.8314,0.9402,0.78,0.6115,0.9555,0.722,0.6292,0.6059,0.6118,0.8581,0.5618,0.6222,0.7814,0.4994,0.5485,0.3917,0.6037,0.6797,0.5835,0.5239,0.3151,0.4899,0.2664,0.5276,0.3155,0.2111,0.1622,0.3649,
1.0,0.9988,0.9692,0.968,0.9683,0.9966,0.9945,0.9893,0.9844,0.9206,0.7244,0.9304,0.902,0.8298,0.7897,0.8516,0.6779,0.8183,0.9421,0.7792,0.6041,0.9518,0.7244,0.6185,0.6109,0.6,0.8522,0.5563,0.6236,0.7768,0.5008,0.5378,0.3897,0.5871,0.6665,0.5853,0.5179,0.3063,0.478,0.2575,0.5189,0.3061,0.1981,0.1614,0.3527,
1.0,0.9988,0.9689,0.9677,0.9681,0.9976,0.9958,0.9911,0.9848,0.9222,0.7359,0.9309,0.9079,0.8427,0.8054,0.8544,0.6856,0.8299,0.9431,0.7797,0.6134,0.9564,0.7242,0.6259,0.6081,0.617,0.8522,0.5708,0.6204,0.7787,0.502,0.5544,0.3875,0.5855,0.6785,0.5851,0.5162,0.3175,0.476,0.2593,0.5189,0.3118,0.2032,0.1637,0.3517,
1.0,0.9983,0.9689,0.9672,0.9695,0.9975,0.9948,0.9901,0.985,0.9214,0.7341,0.9314,0.9062,0.8393,0.8011,0.8532,0.6825,0.8269,0.9432,0.7761,0.6065,0.952,0.7138,0.6185,0.5999,0.6127,0.8499,0.5657,0.6177,0.7813,0.5047,0.5541,0.3865,0.5928,0.6686,0.577,0.5134,0.316,0.4765,0.2514,0.518,0.312,0.2023,0.1629,0.3533,
1.0,0.9989,0.9663,0.9652,0.9718,0.998,0.9959,0.9909,0.9864,0.9248,0.7406,0.9311,0.9093,0.8396,0.8016,0.8575,0.6821,0.826,0.9428,0.7818,0.6095,0.9516,0.7186,0.6208,0.6009,0.6154,0.8567,0.5638,0.6188,0.7865,0.5043,0.5525,0.3913,0.5893,0.6725,0.5795,0.5179,0.3136,0.4718,0.2559,0.5184,0.3029,0.2045,0.1627,0.3491,
1.0,0.9985,0.9674,0.9659,0.972,0.9981,0.9953,0.9905,0.9844,0.9234,0.7391,0.9328,0.9087,0.8383,0.7986,0.8579,0.6837,0.8238,0.9421,0.7851,0.6159,0.9522,0.7205,0.6269,0.608,0.6173,0.8555,0.569,0.6212,0.7788,0.5057,0.5527,0.3954,0.5888,0.6773,0.5875,0.5299,0.3169,0.4802,0.2678,0.5214,0.313,0.2078,0.172,0.3536,
1.0,0.9988,0.9672,0.966,0.9706,0.9979,0.9953,0.9894,0.9837,0.9237,0.7329,0.9314,0.9071,0.8365,0.7961,0.8564,0.6793,0.8201,0.9392,0.7819,0.6075,0.9494,0.7222,0.6207,0.6043,0.612,0.8558,0.5656,0.6242,0.78,0.4978,0.5514,0.3887,0.5863,0.6799,0.5832,0.5212,0.3115,0.4741,0.2565,0.5282,0.3024,0.2113,0.1652,0.3514,
1.0,0.9993,0.9679,0.9672,0.9711,0.9981,0.9968,0.992,0.9865,0.9261,0.7438,0.9326,0.912,0.8415,0.8046,0.8591,0.6903,0.8284,0.9422,0.7873,0.6167,0.9538,0.7268,0.6286,0.6082,0.6189,0.8606,0.5726,0.6216,0.7883,0.5098,0.5552,0.3926,0.5932,0.6832,0.5899,0.5241,0.3188,0.4875,0.2654,0.534,0.3161,0.207,0.1695,0.3619,
1.0,0.9992,0.9669,0.9661,0.9689,0.9971,0.9954,0.9897,0.9841,0.9252,0.7388,0.9286,0.9069,0.8418,0.8011,0.8552,0.6851,0.8278,0.9402,0.7802,0.6139,0.948,0.7185,0.6247,0.6013,0.6178,0.8527,0.5704,0.6175,0.7843,0.5013,0.5579,0.381,0.5858,0.6743,0.5805,0.5127,0.3167,0.474,0.2602,0.5208,0.3078,0.2078,0.1603,0.3506,
1.0,0.9987,0.9686,0.9673,0.9741,0.9973,0.9943,0.9904,0.9865,0.9254,0.7437,0.9364,0.9101,0.8398,0.8055,0.8634,0.6858,0.8264,0.941,0.7881,0.6121,0.9544,0.7243,0.6264,0.6048,0.6178,0.8528,0.5619,0.6204,0.788,0.513,0.5505,0.39,0.5936,0.6697,0.5855,0.5193,0.314,0.4767,0.2634,0.5145,0.3125,0.2107,0.1648,0.3537,
1.0,0.9983,0.9673,0.9656,0.9693,0.9965,0.9942,0.9898,0.985,0.925,0.7385,0.9292,0.9077,0.8416,0.8037,0.8556,0.6918,0.8312,0.943,0.7917,0.6156,0.9552,0.7242,0.6261,0.6053,0.6203,0.8596,0.5743,0.6196,0.7796,0.5102,0.5526,0.395,0.592,0.6819,0.5836,0.5282,0.3222,0.4928,0.2659,0.5302,0.3246,0.2118,0.1717,0.3673,
1.0,0.9988,0.9652,0.964,0.9719,0.998,0.9957,0.9914,0.9859,0.9244,0.7412,0.9304,0.9098,0.842,0.8065,0.856,0.6887,0.8292,0.9391,0.787,0.613,0.9566,0.729,0.6248,0.6049,0.6142,0.858,0.5666,0.6202,0.7881,0.5091,0.5564,0.39,0.5931,0.6737,0.5882,0.5177,0.3151,0.4871,0.266,0.5336,0.3124,0.2117,0.165,0.3636,
1.0,0.9985,0.9687,0.9672,0.9693,0.9969,0.9949,0.9905,0.9846,0.9252,0.7379,0.9319,0.9098,0.8391,0.8017,0.8584,0.6855,0.827,0.9422,0.7847,0.6126,0.9524,0.7218,0.6241,0.6046,0.6185,0.8569,0.5674,0.6244,0.7816,0.4999,0.5516,0.3802,0.5835,0.6788,0.5809,0.5227,0.3056,0.4789,0.2603,0.5353,0.3112,0.2094,0.1613,0.3596,
1.0,0.9986,0.9686,0.9672,0.9674,0.9971,0.995,0.9913,0.9865,0.9178,0.7353,0.9286,0.9021,0.8442,0.8059,0.8481,0.6895,0.8326,0.9492,0.7722,0.6113,0.9532,0.7096,0.6269,0.5947,0.6137,0.8549,0.571,0.6105,0.7726,0.4987,0.559,0.3829,0.5903,0.6905,0.581,0.5242,0.3241,0.4731,0.2515,0.5269,0.3036,0.2108,0.1562,0.3552,
1.0,0.9991,0.9706,0.9697,0.9701,0.9961,0.9941,0.9915,0.9871,0.9264,0.7488,0.9358,0.9115,0.8468,0.8123,0.8623,0.6926,0.8352,0.944,0.7859,0.6194,0.9548,0.7306,0.6355,0.6133,0.6291,0.8579,0.576,0.6239,0.7885,0.5081,0.5672,0.3971,0.5991,0.6855,0.5887,0.528,0.3188,0.4879,0.269,0.5314,0.3188,0.2124,0.1728,0.3647,
1.0,0.9992,0.9713,0.9705,0.9709,0.9972,0.9951,0.9874,0.9811,0.9262,0.7341,0.9365,0.9073,0.8353,0.7932,0.8633,0.6826,0.8213,0.9421,0.7901,0.6102,0.9513,0.7247,0.6215,0.6167,0.6205,0.8569,0.5713,0.6295,0.781,0.5069,0.5552,0.3972,0.6054,0.6842,0.5895,0.525,0.3119,0.4987,0.2617,0.5357,0.3245,0.2114,0.1693,0.3602,
1.0,0.9986,0.9631,0.9617,0.9669,0.997,0.9949,0.99,0.985,0.9262,0.7338,0.9226,0.9093,0.8361,0.798,0.8498,0.6815,0.8246,0.9432,0.7858,0.6181,0.9536,0.7315,0.6232,0.6052,0.6133,0.8585,0.5666,0.624,0.7838,0.504,0.544,0.3863,0.5925,0.666,0.5931,0.5148,0.3112,0.4878,0.2624,0.5188,0.3148,0.2034,0.1601,0.3516,
1.0,0.9985,0.9662,0.9647,0.9671,0.9977,0.9952,0.9893,0.9834,0.9223,0.7291,0.9259,0.9057,0.8373,0.7984,0.85,0.6822,0.8226,0.9398,0.7828,0.6047,0.9546,0.7192,0.6108,0.6027,0.6092,0.8607,0.5698,0.616,0.7807,0.5053,0.5489,0.381,0.5896,0.6796,0.5773,0.5253,0.3181,0.4829,0.2593,0.5258,0.3139,0.207,0.1636,0.3564,
1.0,0.9984,0.9696,0.968,0.9706,0.9982,0.995,0.9894,0.9847,0.9277,0.7417,0.9332,0.9116,0.8394,0.8008,0.8621,0.6871,0.8247,0.9397,0.7879,0.6185,0.9544,0.7281,0.6297,0.6142,0.6202,0.8568,0.5699,0.6289,0.7846,0.5117,0.553,0.3945,0.5932,0.6767,0.5908,0.5206,0.3197,0.486,0.2596,0.526,0.3145,0.2055,0.1653,0.3567,
1.0,0.9995,0.9694,0.9689,0.9739,0.9974,0.996,0.9922,0.9855,0.9213,0.7429,0.9375,0.9069,0.8436,0.804,0.8602,0.6902,0.8295,0.9396,0.7847,0.6144,0.9559,0.7253,0.6316,0.6072,0.6108,0.8595,0.5619,0.6192,0.7854,0.5101,0.5533,0.403,0.5954,0.6809,0.5813,0.5233,0.3216,0.481,0.2604,0.5265,0.3181,0.2183,0.1611,0.3622,
1.0,0.9991,0.9694,0.9685,0.9726,0.9973,0.9957,0.9912,0.9853,0.9275,0.7399,0.9349,0.9115,0.8344,0.7962,0.8628,0.6804,0.8214,0.9389,0.7878,0.6067,0.9563,0.7245,0.6198,0.6118,0.614,0.8552,0.5587,0.6209,0.7836,0.5022,0.5434,0.3856,0.5899,0.6813,0.586,0.5217,0.3067,0.4846,0.2585,0.5254,0.3132,0.211,0.1639,0.3531,
1.0,0.9992,0.9682,0.9674,0.9722,0.9974,0.9956,0.9908,0.986,0.9203,0.7368,0.9345,0.9051,0.8389,0.8016,0.8568,0.6851,0.8254,0.9398,0.7819,0.6033,0.9517,0.7176,0.6188,0.6038,0.6097,0.8573,0.568,0.6128,0.7826,0.5074,0.5493,0.3856,0.587,0.6755,0.5772,0.525,0.3133,0.4714,0.259,0.516,0.3131,0.2054,0.1592,0.3552,
1.0,0.9986,0.9705,0.9691,0.9687,0.9971,0.995,0.9901,0.9856,0.9256,0.7375,0.9325,0.9093,0.84,0.8033,0.8595,0.6935,0.8283,0.9451,0.788,0.6152,0.9525,0.7252,0.6264,0.6063,0.6165,0.8613,0.5722,0.6257,0.7847,0.5029,0.5517,0.3892,0.5957,0.6794,0.5861,0.5232,0.3138,0.4844,0.2608,0.5275,0.3123,0.2007,0.1626,0.3618,
1.0,0.9988,0.9661,0.9649,0.9708,0.998,0.9959,0.9912,0.9872,0.9219,0.7382,0.9298,0.9071,0.8407,0.8048,0.8539,0.6876,0.8288,0.9419,0.7816,0.6068,0.9522,0.7174,0.6231,0.6064,0.6162,0.858,0.5692,0.6204,0.78,0.504,0.5563,0.3893,0.5925,0.675,0.5736,0.5159,0.3165,0.4707,0.2608,0.5208,0.3089,0.2125,0.1577,0.3593,
1.0,0.9984,0.9659,0.9643,0.97,0.9976,0.9952,0.9897,0.9834,0.9262,0.737,0.9295,0.9107,0.8389,0.799,0.8567,0.6775,0.824,0.9428,0.7811,0.6168,0.9525,0.7249,0.6237,0.6063,0.6169,0.8533,0.5674,0.623,0.7807,0.5074,0.5492,0.3832,0.5859,0.6779,0.5882,0.5181,0.312,0.4697,0.2614,0.52,0.3067,0.2064,0.1626,0.3441,
1.0,0.9981,0.9642,0.9623,0.9699,0.9977,0.9951,0.9905,0.9869,0.924,0.7437,0.9263,0.9087,0.8444,0.8063,0.8509,0.6872,0.8328,0.943,0.783,0.6237,0.9554,0.7313,0.6299,0.6086,0.6168,0.8585,0.5696,0.6255,0.7825,0.5053,0.5501,0.391,0.5936,0.6781,0.5935,0.5288,0.3139,0.4827,0.2723,0.5214,0.3107,0.2006,0.1683,0.3541,
1.0,0.9989,0.9701,0.969,0.9716,0.9982,0.9959,0.991,0.9853,0.9241,0.7385,0.934,0.9078,0.8377,0.8004,0.859,0.6815,0.825,0.9405,0.78,0.608,0.9552,0.7205,0.6274,0.607,0.615,0.8519,0.5624,0.6188,0.787,0.5034,0.55,0.384,0.5929,0.6806,0.5767,0.5208,0.3097,0.4736,0.2596,0.5271,0.3109,0.2151,0.1593,0.3526,
1.0,0.9992,0.9638,0.963,0.9695,0.9972,0.9953,0.9897,0.9827,0.9218,0.7336,0.9271,0.9048,0.8412,0.802,0.8506,0.6832,0.8261,0.9406,0.7805,0.6077,0.9499,0.7206,0.6195,0.5991,0.6173,0.8563,0.5754,0.6125,0.7835,0.5066,0.5558,0.3853,0.5806,0.6673,0.5744,0.5141,0.3211,0.4781,0.2521,0.5194,0.3096,0.2023,0.1567,0.3485,
1.0,0.9993,0.9683,0.9676,0.9693,0.9974,0.9956,0.9913,0.9869,0.9252,0.7328,0.9312,0.9095,0.8313,0.7957,0.8574,0.6794,0.8179,0.9425,0.783,0.605,0.9511,0.7208,0.6136,0.6046,0.6111,0.8553,0.5615,0.6195,0.7873,0.5133,0.5489,0.3846,0.585,0.6788,0.5872,0.5168,0.3138,0.4716,0.2574,0.5236,0.316,0.2109,0.1627,0.3487,
1.0,0.9989,0.9663,0.9652,0.9689,0.9971,0.9949,0.9914,0.9859,0.9234,0.7397,0.9281,0.9077,0.8414,0.8027,0.8537,0.6853,0.8264,0.9351,0.7787,0.6104,0.9541,0.7226,0.6195,0.6025,0.6038,0.8532,0.5568,0.6199,0.7734,0.4949,0.5371,0.3816,0.5935,0.6797,0.5817,0.5237,0.308,0.4817,0.2656,0.5309,0.3036,0.207,0.1615,0.3508,
1.0,0.9988,0.9657,0.9645,0.969,0.9977,0.9954,0.9917,0.9877,0.9257,0.7394,0.9276,0.9109,0.8392,0.8032,0.8549,0.6861,0.8274,0.9453,0.7834,0.6125,0.9514,0.7186,0.6235,0.6066,0.6234,0.8578,0.5744,0.6233,0.7841,0.5084,0.5567,0.3917,0.5953,0.6819,0.5879,0.5279,0.3208,0.4841,0.2709,0.5247,0.3135,0.2117,0.168,0.3587,
1.0,0.9997,0.9683,0.968,0.9665,0.998,0.9971,0.9912,0.9852,0.9268,0.7304,0.9301,0.9123,0.8334,0.7996,0.8589,0.6806,0.8212,0.9428,0.7848,0.6142,0.9552,0.7312,0.6217,0.6116,0.615,0.8591,0.5665,0.6278,0.785,0.5036,0.552,0.3841,0.5908,0.6822,0.588,0.5218,0.3203,0.4788,0.2629,0.5254,0.3104,0.2058,0.1704,0.3549,
1.0,0.9984,0.9689,0.9673,0.9682,0.9977,0.9951,0.9918,0.9868,0.9244,0.7345,0.9308,0.9107,0.8342,0.7996,0.8571,0.6831,0.8214,0.9408,0.7837,0.6119,0.9536,0.725,0.6212,0.6111,0.6129,0.8594,0.562,0.6286,0.7829,0.5071,0.5462,0.3868,0.5855,0.6762,0.586,0.5244,0.3154,0.4724,0.2667,0.5224,0.3162,0.2103,0.1653,0.346,
1.0,0.9986,0.966,0.9646,0.9702,0.9968,0.9944,0.9892,0.9847,0.9308,0.7426,0.9296,0.9128,0.8421,0.8035,0.8606,0.6803,0.8293,0.9419,0.7849,0.6183,0.9545,0.7322,0.6247,0.6045,0.6203,0.8508,0.5663,0.6297,0.7867,0.5087,0.5558,0.3811,0.5925,0.683,0.5928,0.5228,0.321,0.4767,0.264,0.5252,0.3094,0.2095,0.1647,0.3517,
1.0,0.9986,0.9686,0.9672,0.9686,0.9974,0.9951,0.9903,0.984,0.9217,0.7341,0.9296,0.9049,0.8387,0.7999,0.8529,0.6833,0.8251,0.9414,0.7808,0.61,0.9527,0.7205,0.6234,0.6029,0.6136,0.8562,0.5687,0.6173,0.7831,0.5013,0.5555,0.3822,0.589,0.6835,0.5817,0.5236,0.3102,0.4794,0.2608,0.5323,0.3073,0.2092,0.1653,0.355,
1.0,0.9993,0.968,0.9673,0.9706,0.9977,0.9966,0.9922,0.9862,0.9271,0.7419,0.9318,0.9121,0.8414,0.8037,0.8609,0.6921,0.8283,0.9394,0.7899,0.6114,0.9538,0.722,0.6252,0.6025,0.6159,0.862,0.5685,0.6182,0.7865,0.5066,0.5518,0.3931,0.5874,0.6795,0.5806,0.5288,0.3206,0.4809,0.2695,0.528,0.3173,0.2123,0.1602,0.3596,
1.0,0.9991,0.9698,0.9689,0.9688,0.9978,0.9952,0.9907,0.9867,0.9227,0.7409,0.9329,0.9076,0.8452,0.8089,0.8558,0.6897,0.8312,0.9402,0.7778,0.6114,0.9541,0.72,0.6233,0.6034,0.6147,0.8546,0.5701,0.6219,0.7837,0.496,0.5565,0.3763,0.5967,0.6804,0.5822,0.5188,0.3142,0.4794,0.2622,0.5278,0.2996,0.1979,0.1652,0.3577,
1.0,0.9994,0.9662,0.9656,0.9687,0.9979,0.9965,0.9906,0.9851,0.9197,0.7374,0.9285,0.9036,0.8441,0.8071,0.8494,0.6922,0.8309,0.9422,0.7796,0.6144,0.9523,0.719,0.6284,0.6083,0.6203,0.8592,0.5763,0.617,0.7823,0.5075,0.566,0.3915,0.591,0.6843,0.5862,0.5219,0.3234,0.4779,0.2694,0.5331,0.3133,0.2199,0.1606,0.3653,
1.0,0.9987,0.9656,0.9643,0.971,0.9986,0.9969,0.9915,0.9855,0.925,0.7376,0.9297,0.911,0.8376,0.8003,0.8557,0.6829,0.823,0.9411,0.7877,0.6083,0.9517,0.7153,0.6188,0.5945,0.6173,0.859,0.5713,0.6145,0.7859,0.5104,0.5525,0.3868,0.5817,0.6635,0.5789,0.5196,0.3125,0.4708,0.258,0.5175,0.3063,0.2049,0.1629,0.3459,
1.0,0.9987,0.9679,0.9666,0.97,0.9967,0.9945,0.9909,0.9854,0.9224,0.7316,0.9309,0.906,0.8372,0.7992,0.8545,0.6859,0.8236,0.9387,0.7863,0.6048,0.953,0.7192,0.6173,0.5955,0.6045,0.8579,0.5585,0.609,0.7754,0.492,0.5365,0.38,0.5818,0.6721,0.5777,0.5237,0.3105,0.4745,0.2528,0.5226,0.299,0.1976,0.1631,0.351,
1.0,0.9985,0.9704,0.9689,0.9719,0.9971,0.9941,0.9899,0.9846,0.9252,0.7437,0.9353,0.9088,0.8437,0.8046,0.861,0.6902,0.8303,0.941,0.784,0.616,0.9545,0.7235,0.6298,0.615,0.625,0.8545,0.572,0.6248,0.7842,0.4971,0.5623,0.3903,0.6004,0.6777,0.5834,0.5164,0.3184,0.4867,0.2606,0.5255,0.3154,0.2019,0.1669,0.3633,
1.0,0.9994,0.968,0.9674,0.9701,0.9977,0.996,0.9925,0.9882,0.9234,0.7414,0.9327,0.9101,0.8422,0.8106,0.857,0.6914,0.8298,0.9418,0.7849,0.6133,0.9535,0.7216,0.625,0.6037,0.6174,0.8581,0.5664,0.6184,0.7845,0.507,0.5539,0.3947,0.5929,0.6779,0.5837,0.5148,0.3181,0.4817,0.2555,0.5277,0.3123,0.2126,0.163,0.3597,
1.0,0.9994,0.969,0.9684,0.9695,0.9964,0.9947,0.9893,0.9843,0.9217,0.7356,0.9313,0.9027,0.8411,0.7992,0.854,0.6849,0.8282,0.9389,0.7785,0.604,0.9525,0.7168,0.6182,0.6066,0.6082,0.8549,0.5709,0.6127,0.7797,0.501,0.5529,0.3822,0.5963,0.6763,0.5766,0.5214,0.316,0.48,0.2579,0.5254,0.3177,0.2078,0.1614,0.3623,
1.0,0.9989,0.9686,0.9675,0.9711,0.9984,0.9964,0.9906,0.9852,0.9243,0.7397,0.9336,0.9095,0.8406,0.8021,0.8593,0.6863,0.8289,0.942,0.7853,0.6179,0.9568,0.7277,0.6296,0.6171,0.6174,0.8573,0.5723,0.6278,0.7855,0.5046,0.5566,0.3875,0.5975,0.679,0.5904,0.5248,0.3201,0.4795,0.2657,0.5208,0.3121,0.2084,0.165,0.3549,
1.0,0.999,0.9661,0.9651,0.9686,0.9972,0.9952,0.9914,0.9861,0.9252,0.7406,0.9281,0.9095,0.8424,0.806,0.8537,0.6843,0.8288,0.9404,0.7812,0.6119,0.9541,0.7221,0.6209,0.6005,0.6177,0.8531,0.5694,0.6156,0.7821,0.5042,0.5562,0.3924,0.5923,0.6832,0.584,0.5205,0.3205,0.4818,0.2609,0.5227,0.3168,0.2144,0.1635,0.3612,
1.0,0.9988,0.9663,0.9651,0.9718,0.9963,0.9945,0.9921,0.9871,0.9243,0.7457,0.9307,0.9085,0.8441,0.8067,0.856,0.69,0.831,0.946,0.7834,0.6207,0.9523,0.7225,0.6321,0.6079,0.6233,0.8578,0.5803,0.6177,0.789,0.5152,0.5608,0.3895,0.5848,0.6783,0.5851,0.5284,0.3306,0.4781,0.2672,0.5241,0.3102,0.211,0.1689,0.3548,
1.0,0.9993,0.9694,0.9687,0.971,0.9966,0.9945,0.9882,0.9823,0.9239,0.7324,0.934,0.9044,0.8355,0.7959,0.8592,0.6746,0.8211,0.9413,0.7807,0.6076,0.9498,0.723,0.6193,0.6111,0.6111,0.8489,0.5589,0.6211,0.7791,0.495,0.5445,0.3883,0.5983,0.6721,0.5814,0.5141,0.303,0.4784,0.2522,0.5166,0.3028,0.198,0.1581,0.3452,
1.0,0.9986,0.9669,0.9655,0.9736,0.9976,0.9953,0.9913,0.9873,0.9244,0.7526,0.9335,0.91,0.85,0.8142,0.8598,0.6997,0.8376,0.9417,0.7903,0.6181,0.9527,0.7237,0.6336,0.6139,0.6293,0.8644,0.585,0.6226,0.7933,0.5135,0.5614,0.3998,0.5943,0.67,0.5851,0.5207,0.331,0.4848,0.2643,0.5215,0.322,0.2081,0.1668,0.3593,
1.0,0.9991,0.9699,0.969,0.9725,0.9971,0.995,0.9899,0.9842,0.9241,0.7419,0.9357,0.9069,0.8417,0.8036,0.8612,0.689,0.8268,0.9362,0.7869,0.6073,0.9508,0.7147,0.6227,0.6038,0.6148,0.8543,0.5632,0.6191,0.7838,0.5135,0.5513,0.3933,0.6022,0.6843,0.5746,0.5164,0.3189,0.4844,0.2636,0.529,0.3198,0.2159,0.1644,0.3651,
1.0,0.9986,0.9653,0.9639,0.9699,0.997,0.9949,0.9903,0.9848,0.925,0.7377,0.9279,0.9086,0.8393,0.8009,0.8547,0.6868,0.8262,0.9434,0.7886,0.61,0.9514,0.7168,0.6192,0.595,0.6152,0.8596,0.5689,0.6153,0.7825,0.5068,0.5522,0.3749,0.5849,0.6777,0.5795,0.5229,0.3148,0.4793,0.2583,0.5279,0.3047,0.2129,0.1546,0.3529,
1.0,0.9986,0.9688,0.9674,0.9675,0.9973,0.9949,0.9895,0.9837,0.9247,0.7349,0.9294,0.9073,0.8408,0.8009,0.8548,0.6849,0.8272,0.939,0.7813,0.6141,0.9522,0.7289,0.6224,0.608,0.6106,0.8564,0.5698,0.6202,0.7856,0.5052,0.5534,0.3856,0.5899,0.6793,0.5888,0.5202,0.3252,0.4729,0.2647,0.5269,0.3107,0.2082,0.1713,0.35,
1.0,0.9987,0.9668,0.9655,0.9685,0.9971,0.9948,0.9889,0.983,0.9206,0.7337,0.9286,0.9034,0.8407,0.7993,0.8501,0.6878,0.8274,0.9452,0.7812,0.6129,0.9494,0.7148,0.6259,0.6021,0.6177,0.8537,0.5699,0.6199,0.7689,0.4946,0.5576,0.3774,0.5872,0.6775,0.5809,0.5265,0.3164,0.4764,0.2645,0.5278,0.295,0.2036,0.1622,0.3542,
1.0,0.9993,0.9676,0.9669,0.9704,0.9967,0.995,0.9906,0.9857,0.9205,0.7353,0.9318,0.9036,0.8409,0.7995,0.853,0.6855,0.8274,0.9412,0.7791,0.6118,0.9504,0.7168,0.6271,0.6062,0.611,0.8557,0.5703,0.6161,0.772,0.4958,0.5554,0.3866,0.5886,0.682,0.583,0.5229,0.3175,0.476,0.2603,0.5278,0.3013,0.2047,0.1693,0.3512,
1.0,0.9987,0.9649,0.9636,0.9683,0.9973,0.9954,0.9907,0.9853,0.9283,0.7418,0.9267,0.9128,0.8416,0.8047,0.8556,0.6883,0.8273,0.9379,0.7893,0.6166,0.9532,0.7294,0.6201,0.6,0.6154,0.8619,0.5692,0.6185,0.7851,0.5084,0.5475,0.3883,0.5897,0.673,0.5855,0.5225,0.3078,0.4826,0.2627,0.5284,0.3146,0.2068,0.1628,0.3587,
1.0,0.9986,0.9684,0.967,0.9714,0.9976,0.9944,0.9897,0.9845,0.927,0.7459,0.932,0.91,0.8453,0.8072,0.861,0.6914,0.8313,0.9382,0.7876,0.6215,0.9551,0.7311,0.6334,0.6147,0.6232,0.855,0.5637,0.6326,0.7813,0.4974,0.555,0.3862,0.5931,0.6846,0.5946,0.5186,0.3071,0.48,0.2666,0.5308,0.314,0.2214,0.165,0.3627,
1.0,0.9994,0.9665,0.9659,0.9683,0.9969,0.9955,0.9906,0.9853,0.9244,0.7371,0.9287,0.9075,0.8409,0.803,0.8533,0.6916,0.8279,0.9416,0.7866,0.6139,0.9531,0.7275,0.6229,0.6113,0.6162,0.8611,0.5726,0.6223,0.7814,0.5041,0.5492,0.3951,0.5965,0.6773,0.5883,0.5272,0.3138,0.4988,0.2665,0.5363,0.3177,0.2088,0.1723,0.3702,
1.0,0.9993,0.9641,0.9634,0.9672,0.9979,0.9964,0.9908,0.9838,0.9212,0.7399,0.9262,0.9069,0.8498,0.8071,0.8496,0.6881,0.8359,0.9404,0.7759,0.6169,0.9511,0.7173,0.6268,0.5921,0.6138,0.8579,0.5723,0.6165,0.7702,0.4903,0.556,0.374,0.583,0.673,0.5763,0.5235,0.3203,0.4729,0.2635,0.5283,0.2974,0.1985,0.1626,0.3526,
1.0,0.9987,0.9653,0.964,0.9698,0.9975,0.9949,0.9914,0.9861,0.9288,0.7393,0.9289,0.9146,0.8352,0.7993,0.8589,0.683,0.8216,0.9372,0.7902,0.6106,0.9549,0.7257,0.6177,0.6063,0.6142,0.8599,0.5625,0.6253,0.7892,0.508,0.5474,0.3865,0.5994,0.6759,0.5881,0.5211,0.3065,0.4847,0.2707,0.5272,0.3158,0.2132,0.1624,0.3608,
1.0,0.999,0.9706,0.9696,0.9694,0.9981,0.9964,0.9923,0.9868,0.9227,0.7397,0.9336,0.9092,0.842,0.8062,0.8577,0.6935,0.8269,0.9353,0.7811,0.609,0.9574,0.724,0.6221,0.6051,0.6081,0.8588,0.5625,0.6222,0.7883,0.5081,0.5551,0.3919,0.6019,0.6835,0.5813,0.5157,0.3189,0.4851,0.2605,0.5289,0.3216,0.2127,0.1648,0.3633,
1.0,0.9983,0.9703,0.9686,0.9703,0.9974,0.9943,0.9906,0.9836,0.9233,0.7318,0.9335,0.9081,0.8333,0.7947,0.8577,0.6798,0.8181,0.9375,0.7842,0.6024,0.9553,0.72,0.6163,0.6094,0.6108,0.8596,0.5623,0.6223,0.7842,0.5057,0.5486,0.3954,0.6036,0.6777,0.5832,0.5167,0.314,0.4867,0.2611,0.5279,0.3259,0.2091,0.1623,0.3581,
1.0,0.9983,0.9694,0.9677,0.9698,0.9974,0.9951,0.9899,0.9839,0.9247,0.739,0.9309,0.9076,0.8402,0.7984,0.8568,0.6836,0.8279,0.9423,0.7803,0.6128,0.9499,0.7182,0.6233,0.6032,0.6176,0.8567,0.5681,0.6248,0.7795,0.5053,0.557,0.3891,0.5961,0.6769,0.5793,0.5187,0.3159,0.4758,0.2624,0.5338,0.3083,0.2133,0.169,0.3556,
1.0,0.999,0.9681,0.9671,0.9711,0.9978,0.9957,0.989,0.9828,0.9224,0.7335,0.932,0.9054,0.8388,0.797,0.8559,0.6813,0.8232,0.9376,0.7819,0.6048,0.9528,0.7203,0.6206,0.6003,0.6076,0.8548,0.5591,0.6135,0.7795,0.5,0.545,0.3899,0.5946,0.6768,0.5779,0.5193,0.307,0.4796,0.2536,0.5275,0.3089,0.2059,0.1669,0.3474,
1.0,0.9988,0.9706,0.9694,0.9685,0.9976,0.9955,0.9906,0.9844,0.9227,0.7348,0.9319,0.9068,0.838,0.7983,0.8558,0.6876,0.8245,0.9348,0.7798,0.6047,0.9557,0.7212,0.6172,0.6058,0.6055,0.8572,0.5569,0.622,0.7803,0.4982,0.5483,0.3811,0.595,0.6711,0.5805,0.5186,0.3081,0.4763,0.2639,0.524,0.3093,0.2066,0.1521,0.3548,
1.0,0.9991,0.9669,0.966,0.9723,0.9973,0.9955,0.9918,0.9854,0.9261,0.738,0.932,0.9099,0.8367,0.8022,0.8591,0.6894,0.8227,0.9397,0.7923,0.605,0.9553,0.7181,0.6187,0.6043,0.6231,0.8591,0.5675,0.6161,0.7917,0.5142,0.5499,0.3898,0.5896,0.6685,0.5792,0.5182,0.3199,0.4777,0.2578,0.5207,0.3166,0.2099,0.1613,0.3532,
1.0,0.9991,0.97,0.9691,0.9699,0.9976,0.9959,0.9908,0.9847,0.919,0.733,0.9336,0.9038,0.8393,0.8035,0.8531,0.6914,0.8248,0.9367,0.784,0.6034,0.953,0.7191,0.6224,0.6141,0.6124,0.8581,0.5679,0.6181,0.7836,0.502,0.5529,0.3865,0.5922,0.6706,0.5816,0.5199,0.3122,0.4777,0.2616,0.5228,0.3077,0.2103,0.1639,0.3549,
1.0,0.9987,0.9694,0.9681,0.9707,0.9968,0.9938,0.9899,0.9855,0.9246,0.7384,0.9336,0.9072,0.8401,0.8025,0.8594,0.685,0.8257,0.9399,0.7827,0.6079,0.9521,0.7201,0.623,0.6052,0.6157,0.8541,0.5675,0.6205,0.7814,0.5032,0.5503,0.3859,0.5879,0.6795,0.5836,0.5253,0.3133,0.4764,0.2636,0.5264,0.3112,0.2105,0.1636,0.3485,
1.0,0.9989,0.9676,0.9665,0.9698,0.9972,0.9949,0.9921,0.9863,0.9279,0.738,0.9301,0.9118,0.8378,0.7981,0.8584,0.6805,0.8236,0.938,0.7826,0.6048,0.9536,0.7197,0.6159,0.6007,0.6104,0.8538,0.5633,0.6131,0.7852,0.4986,0.5438,0.3834,0.582,0.6655,0.5716,0.5167,0.3083,0.4755,0.2529,0.5159,0.3042,0.2021,0.1609,0.3453,
1.0,0.9995,0.9656,0.9651,0.9721,0.9972,0.9952,0.9925,0.9877,0.9221,0.7364,0.9317,0.9073,0.8368,0.8009,0.8543,0.6802,0.8222,0.938,0.7803,0.6061,0.9518,0.7172,0.6197,0.6001,0.6062,0.8539,0.5554,0.6183,0.7832,0.497,0.5437,0.3796,0.5906,0.6716,0.5784,0.5181,0.3111,0.4738,0.2609,0.5126,0.3018,0.2041,0.1582,0.3478,
1.0,0.9981,0.9676,0.9657,0.9692,0.998,0.995,0.9897,0.9833,0.9235,0.7326,0.9302,0.9086,0.8385,0.8016,0.8546,0.6896,0.8235,0.9391,0.7899,0.6104,0.9538,0.7246,0.6185,0.602,0.6133,0.8669,0.5748,0.6122,0.7871,0.4978,0.5521,0.3737,0.5797,0.6714,0.5743,0.5267,0.3142,0.4759,0.2569,0.5239,0.3035,0.2023,0.1609,0.3491,
1.0,0.9989,0.9688,0.9677,0.9687,0.997,0.9947,0.99,0.9843,0.9221,0.7367,0.9306,0.905,0.8421,0.8025,0.8542,0.6924,0.8283,0.9383,0.7843,0.6093,0.9511,0.7161,0.6229,0.5967,0.6125,0.8613,0.5702,0.6119,0.7796,0.5003,0.551,0.3846,0.591,0.668,0.5718,0.5189,0.3113,0.4808,0.2583,0.5251,0.3117,0.2012,0.1612,0.3578,
1.0,0.999,0.971,0.97,0.9658,0.997,0.9944,0.9899,0.9833,0.9279,0.7322,0.9296,0.9106,0.8385,0.7999,0.8583,0.6855,0.8243,0.9366,0.7848,0.6119,0.9543,0.7294,0.6206,0.6077,0.61,0.854,0.5592,0.6256,0.7784,0.5022,0.5488,0.385,0.5946,0.6772,0.5833,0.5084,0.3188,0.4804,0.2573,0.5338,0.3071,0.2089,0.1568,0.351,
1.0,0.9993,0.9688,0.9681,0.9731,0.9977,0.9957,0.9899,0.9847,0.9208,0.7313,0.9356,0.9041,0.8346,0.7957,0.8576,0.6754,0.8214,0.94,0.7785,0.6019,0.9502,0.716,0.618,0.6067,0.6092,0.8529,0.5593,0.6157,0.7837,0.5022,0.5443,0.3877,0.5887,0.6788,0.5763,0.5176,0.3094,0.4786,0.252,0.5166,0.3183,0.2128,0.1603,0.3522,
1.0,0.9985,0.9639,0.9624,0.9676,0.997,0.9949,0.9893,0.9834,0.9216,0.7319,0.9251,0.9057,0.8382,0.7981,0.8481,0.6787,0.8245,0.9355,0.7791,0.6024,0.9526,0.715,0.6084,0.598,0.603,0.8579,0.5573,0.6154,0.7745,0.4911,0.5347,0.3731,0.5884,0.6672,0.573,0.5208,0.303,0.4837,0.2561,0.514,0.3055,0.1983,0.1575,0.3561,
1.0,0.9987,0.9667,0.9654,0.9689,0.9978,0.9949,0.9902,0.9855,0.9263,0.735,0.9285,0.9101,0.834,0.7937,0.8564,0.6747,0.8191,0.9384,0.7783,0.6114,0.9517,0.7249,0.6177,0.6094,0.6085,0.8526,0.5543,0.6254,0.7759,0.5025,0.5471,0.3894,0.5907,0.6795,0.5852,0.5107,0.3174,0.4777,0.2632,0.5279,0.3063,0.2099,0.1649,0.3453,
1.0,0.9995,0.9671,0.9666,0.9697,0.9977,0.9957,0.9893,0.9856,0.9236,0.7367,0.9305,0.9059,0.8389,0.801,0.8552,0.6833,0.8281,0.9404,0.7805,0.6169,0.9545,0.7309,0.6282,0.6113,0.6111,0.8541,0.5622,0.6284,0.7831,0.514,0.5472,0.397,0.5994,0.6743,0.5833,0.516,0.3234,0.4805,0.2699,0.5207,0.322,0.2128,0.1626,0.3541,
1.0,0.9991,0.9688,0.9679,0.9734,0.9978,0.996,0.9913,0.9847,0.9262,0.7447,0.9359,0.9115,0.8429,0.8048,0.8632,0.6916,0.8271,0.9365,0.7917,0.6198,0.9527,0.7285,0.6348,0.6154,0.6223,0.8621,0.5777,0.6289,0.7947,0.5078,0.5582,0.3931,0.5873,0.6707,0.5802,0.5205,0.3132,0.4749,0.2636,0.525,0.3138,0.2061,0.167,0.3541,
1.0,0.9989,0.9687,0.9676,0.9667,0.9973,0.9953,0.9901,0.9845,0.9228,0.7306,0.9294,0.9072,0.8362,0.798,0.8535,0.6785,0.8222,0.9406,0.7753,0.6076,0.9548,0.7198,0.6166,0.6002,0.6048,0.8516,0.5569,0.6171,0.7763,0.5075,0.5464,0.3793,0.5928,0.6823,0.586,0.5243,0.3152,0.4725,0.2575,0.5211,0.3119,0.2021,0.1613,0.3518,
1.0,0.9987,0.9666,0.9653,0.9683,0.9976,0.9953,0.9895,0.9837,0.9253,0.7345,0.9288,0.9091,0.8405,0.8007,0.8564,0.6841,0.8258,0.9387,0.7831,0.6109,0.9506,0.7257,0.6202,0.5967,0.6051,0.8588,0.5629,0.6182,0.7818,0.5004,0.5451,0.382,0.5889,0.672,0.5813,0.5186,0.3093,0.4849,0.2611,0.5258,0.3029,0.2009,0.1684,0.3538,
1.0,0.9979,0.9667,0.9646,0.9717,0.9969,0.9944,0.9898,0.9844,0.9198,0.7388,0.9311,0.9041,0.8439,0.8049,0.8528,0.6912,0.8314,0.9393,0.7837,0.6077,0.9551,0.7185,0.623,0.6045,0.6128,0.8572,0.5751,0.6149,0.7796,0.5032,0.5568,0.3874,0.5888,0.6781,0.5787,0.5301,0.3186,0.4737,0.2632,0.5297,0.3111,0.2114,0.1607,0.3568,
1.0,0.9985,0.9693,0.9678,0.9712,0.997,0.9943,0.991,0.986,0.9253,0.7427,0.9332,0.9098,0.8413,0.8047,0.8608,0.6835,0.8281,0.9439,0.7827,0.6151,0.9544,0.7249,0.6302,0.6099,0.6179,0.8539,0.5616,0.627,0.7876,0.5119,0.5571,0.3889,0.6027,0.6867,0.5883,0.5177,0.3204,0.4783,0.2675,0.5181,0.3136,0.2078,0.1671,0.3553,
1.0,0.9986,0.9666,0.9652,0.97,0.998,0.9958,0.9914,0.9862,0.9253,0.7376,0.9304,0.9112,0.8385,0.8053,0.8569,0.6838,0.8244,0.9392,0.7839,0.6074,0.9517,0.7225,0.6171,0.6021,0.6119,0.8543,0.5644,0.6217,0.7912,0.5051,0.5479,0.3863,0.5811,0.6665,0.5791,0.5137,0.3158,0.4704,0.2593,0.5156,0.3153,0.204,0.16,0.3487,
1.0,0.9985,0.9689,0.9674,0.9706,0.9978,0.9953,0.9903,0.9843,0.922,0.7337,0.9344,0.9081,0.8378,0.8017,0.8585,0.6879,0.8214,0.9399,0.7879,0.6115,0.9509,0.7214,0.6234,0.6065,0.6092,0.8614,0.569,0.6268,0.7828,0.5113,0.5476,0.3919,0.5857,0.6798,0.5844,0.5308,0.3215,0.4764,0.2647,0.5295,0.3127,0.2086,0.1664,0.3547,
1.0,0.9988,0.967,0.9658,0.9691,0.9979,0.996,0.9923,0.987,0.927,0.7442,0.93,0.9138,0.8424,0.808,0.8577,0.6905,0.8295,0.9432,0.7875,0.6195,0.9561,0.7246,0.6247,0.598,0.6213,0.8612,0.5719,0.6194,0.7851,0.505,0.5533,0.3868,0.5951,0.6818,0.5856,0.5253,0.3116,0.4837,0.2623,0.5322,0.3072,0.2089,0.1589,0.3629,
1.0,0.9988,0.9657,0.9645,0.9678,0.9967,0.9948,0.9911,0.9846,0.9197,0.7306,0.9271,0.9041,0.8412,0.8045,0.8477,0.6843,0.8266,0.9374,0.7783,0.6008,0.9507,0.7123,0.6132,0.5969,0.6111,0.8563,0.5674,0.6083,0.7784,0.5024,0.5517,0.3783,0.5877,0.6795,0.5727,0.5207,0.3256,0.4744,0.2602,0.5252,0.3112,0.2118,0.1577,0.3535,
1.0,0.9986,0.9676,0.9662,0.9712,0.997,0.994,0.9906,0.987,0.9207,0.7321,0.9322,0.9047,0.8348,0.7962,0.8544,0.6785,0.8211,0.9411,0.7765,0.6096,0.9528,0.7256,0.6235,0.6099,0.603,0.8563,0.558,0.6197,0.7823,0.5076,0.5436,0.4021,0.5997,0.6831,0.5843,0.5215,0.3195,0.4909,0.252,0.5279,0.3237,0.208,0.169,0.3547,
1.0,0.9985,0.9695,0.968,0.9691,0.9969,0.9944,0.9897,0.9855,0.9232,0.7362,0.9318,0.9066,0.8391,0.8035,0.8561,0.6807,0.8273,0.9428,0.7771,0.6089,0.9532,0.7176,0.6187,0.6027,0.6191,0.8464,0.562,0.614,0.7797,0.5102,0.5528,0.3878,0.5829,0.6654,0.5766,0.5144,0.3191,0.4703,0.2544,0.5148,0.3087,0.2024,0.1627,0.346,
1.0,0.9988,0.9697,0.9685,0.9652,0.9972,0.9955,0.9916,0.9864,0.9285,0.7407,0.9281,0.9128,0.8421,0.8052,0.8569,0.6933,0.8306,0.9408,0.7857,0.6128,0.9536,0.7232,0.6205,0.6025,0.6139,0.8585,0.5671,0.6257,0.7843,0.5037,0.5533,0.3791,0.5955,0.6763,0.5872,0.5214,0.3183,0.4904,0.2637,0.5411,0.3157,0.2053,0.1678,0.3557,
1.0,0.9988,0.9721,0.9709,0.9686,0.9966,0.9944,0.9915,0.9858,0.9245,0.7393,0.9346,0.9085,0.8418,0.8062,0.8605,0.6889,0.8293,0.9394,0.7823,0.6077,0.9557,0.7167,0.6211,0.5956,0.6124,0.8526,0.5649,0.6155,0.7814,0.5026,0.5487,0.3745,0.5922,0.6773,0.5765,0.512,0.3059,0.4741,0.2471,0.5302,0.3045,0.208,0.1484,0.3553,
1.0,0.9986,0.9715,0.9701,0.9696,0.9973,0.9945,0.9903,0.9856,0.9249,0.74,0.9342,0.9096,0.8392,0.801,0.8609,0.688,0.8265,0.9406,0.7846,0.6154,0.9534,0.7255,0.6274,0.6088,0.6188,0.8563,0.5705,0.6196,0.7778,0.5067,0.5551,0.3977,0.586,0.676,0.5833,0.522,0.3152,0.4749,0.2599,0.5194,0.3067,0.2137,0.164,0.346,
1.0,0.9991,0.9699,0.969,0.9716,0.9981,0.9963,0.9921,0.9863,0.9217,0.7363,0.9351,0.9072,0.8391,0.7993,0.8578,0.6855,0.8242,0.9436,0.7807,0.6154,0.9512,0.7228,0.6317,0.6078,0.6108,0.8581,0.5642,0.6294,0.7782,0.5024,0.5545,0.3945,0.5885,0.6818,0.584,0.5182,0.3151,0.4753,0.2639,0.5284,0.3115,0.2102,0.1625,0.3516,
1.0,0.9994,0.9674,0.9668,0.9687,0.9969,0.9956,0.9904,0.9847,0.9208,0.7318,0.9291,0.9027,0.8377,0.7991,0.8508,0.6831,0.8255,0.9412,0.7797,0.6072,0.9536,0.7192,0.6199,0.6054,0.6091,0.8547,0.5657,0.6151,0.777,0.5008,0.5428,0.3872,0.586,0.6742,0.5778,0.5201,0.3128,0.4779,0.2556,0.5184,0.3089,0.2029,0.163,0.3508,
1.0,0.9985,0.9659,0.9644,0.9712,0.9972,0.9948,0.9905,0.9845,0.9225,0.7292,0.9317,0.9086,0.8321,0.7961,0.8558,0.6784,0.8202,0.9418,0.7838,0.6089,0.9537,0.7246,0.6224,0.6084,0.6117,0.8591,0.5655,0.6172,0.784,0.5099,0.5468,0.3898,0.5852,0.6716,0.5824,0.5253,0.3166,0.4749,0.2572,0.5282,0.3082,0.205,0.1664,0.3445,
1.0,0.9985,0.9664,0.9649,0.9661,0.9971,0.9947,0.9898,0.9843,0.923,0.7381,0.9255,0.9064,0.8443,0.8059,0.8508,0.6921,0.8304,0.9389,0.783,0.6164,0.9557,0.7271,0.6229,0.6067,0.6121,0.8615,0.5729,0.6197,0.7822,0.509,0.5509,0.3871,0.5936,0.6741,0.5855,0.5199,0.32,0.4911,0.2636,0.5281,0.3177,0.2014,0.1592,0.3588,
1.0,0.9989,0.9703,0.9692,0.97,0.9973,0.9952,0.991,0.9859,0.9241,0.734,0.9336,0.9084,0.8365,0.7983,0.8596,0.6795,0.8235,0.9383,0.7803,0.6006,0.9531,0.7129,0.6145,0.5966,0.607,0.8522,0.5569,0.6186,0.7806,0.5073,0.5501,0.3872,0.5906,0.6758,0.5767,0.5135,0.3124,0.4681,0.2509,0.521,0.3133,0.2154,0.1555,0.3478,
1.0,0.9989,0.9684,0.9673,0.9685,0.9971,0.9953,0.9914,0.9861,0.9276,0.7399,0.9297,0.9112,0.8387,0.7986,0.8587,0.6825,0.8265,0.9428,0.7813,0.6141,0.9517,0.7238,0.623,0.6038,0.6179,0.8548,0.5635,0.623,0.7818,0.5036,0.5461,0.3849,0.5882,0.6759,0.5821,0.5189,0.3177,0.4797,0.266,0.5258,0.3088,0.2066,0.1636,0.3554,
1.0,0.9989,0.9675,0.9664,0.9685,0.9965,0.9944,0.9888,0.9828,0.921,0.7323,0.9292,0.9021,0.8384,0.7963,0.8511,0.6798,0.8264,0.9432,0.7775,0.6089,0.9504,0.7169,0.6202,0.6006,0.6096,0.8512,0.5642,0.6154,0.7741,0.4981,0.5543,0.3843,0.5944,0.6795,0.5736,0.5162,0.3115,0.4822,0.2582,0.5335,0.3084,0.2047,0.1612,0.3558,
1.0,0.9989,0.9669,0.9658,0.9703,0.9967,0.9945,0.9899,0.9839,0.922,0.7344,0.9311,0.9053,0.8388,0.8005,0.8532,0.6849,0.824,0.9369,0.7853,0.6049,0.9517,0.7206,0.615,0.6041,0.6096,0.856,0.5615,0.6141,0.7811,0.4945,0.5434,0.3791,0.5849,0.6745,0.5799,0.5206,0.3106,0.4773,0.2539,0.5209,0.3067,0.2032,0.1579,0.3468,
1.0,0.999,0.969,0.968,0.9718,0.9976,0.9957,0.9902,0.984,0.9271,0.7384,0.9342,0.9105,0.8348,0.7953,0.8629,0.6841,0.8215,0.9402,0.7896,0.6136,0.9529,0.7275,0.6256,0.6127,0.6162,0.8614,0.5606,0.6261,0.7864,0.5157,0.5455,0.4024,0.5965,0.6742,0.5799,0.5173,0.315,0.482,0.2617,0.5186,0.3224,0.214,0.1669,0.3529,
1.0,0.9992,0.9663,0.9655,0.9709,0.9971,0.9954,0.9916,0.9849,0.9286,0.7375,0.931,0.9133,0.8357,0.7964,0.8608,0.6763,0.8222,0.9399,0.7861,0.6095,0.9516,0.7238,0.6181,0.6099,0.6169,0.8549,0.5606,0.6222,0.7906,0.5101,0.5493,0.3892,0.5904,0.6693,0.584,0.5176,0.3184,0.4765,0.2638,0.5137,0.3162,0.2062,0.1598,0.3452,
1.0,0.9989,0.9717,0.9706,0.9698,0.9973,0.9949,0.9901,0.9852,0.9217,0.733,0.9351,0.9054,0.8393,0.801,0.8576,0.6821,0.8273,0.9447,0.7755,0.6138,0.9541,0.7226,0.631,0.6088,0.6148,0.8507,0.5692,0.6177,0.7803,0.5054,0.5631,0.3919,0.5934,0.6813,0.5801,0.5244,0.3199,0.4751,0.2618,0.5238,0.3131,0.2087,0.1724,0.354,
1.0,0.9993,0.9669,0.9662,0.9699,0.9981,0.996,0.9908,0.986,0.9222,0.731,0.9289,0.9046,0.8346,0.7938,0.8524,0.6805,0.8202,0.9388,0.7799,0.6076,0.9539,0.7267,0.6228,0.6155,0.6073,0.8568,0.5591,0.6261,0.7782,0.5006,0.5467,0.3917,0.5907,0.6768,0.5863,0.5232,0.3101,0.4782,0.2637,0.5259,0.304,0.2142,0.1634,0.3529,
1.0,0.9994,0.9683,0.9677,0.9681,0.9976,0.9962,0.9909,0.9842,0.9217,0.7338,0.9302,0.906,0.8424,0.8061,0.8528,0.6911,0.8293,0.9423,0.783,0.6218,0.9532,0.7279,0.6326,0.6144,0.621,0.8565,0.5756,0.6303,0.7845,0.503,0.568,0.3928,0.6045,0.6826,0.5924,0.5184,0.3233,0.4837,0.2665,0.5347,0.3103,0.2119,0.1676,0.3645,
1.0,0.9993,0.9691,0.9684,0.9705,0.9969,0.9956,0.9895,0.9858,0.9194,0.7297,0.9333,0.9017,0.8345,0.7952,0.8541,0.6744,0.8247,0.9468,0.7728,0.6031,0.9527,0.7225,0.6216,0.6151,0.6117,0.8508,0.5686,0.6158,0.7784,0.5023,0.5552,0.3965,0.5988,0.6796,0.5815,0.5189,0.3156,0.4733,0.2519,0.5115,0.3087,0.2094,0.1601,0.3505,
1.0,0.9991,0.9658,0.9649,0.9697,0.9974,0.9958,0.9903,0.9845,0.9201,0.7382,0.9287,0.9034,0.846,0.8062,0.8516,0.6821,0.8339,0.9417,0.7737,0.6148,0.9548,0.7224,0.629,0.6091,0.6167,0.8507,0.5695,0.6155,0.7754,0.4962,0.5534,0.384,0.5842,0.6753,0.5825,0.5249,0.3151,0.476,0.259,0.5177,0.2984,0.201,0.1685,0.3557,
1.0,0.9987,0.9679,0.9666,0.9674,0.9968,0.9944,0.99,0.9838,0.9211,0.7292,0.9297,0.9053,0.8374,0.7982,0.8512,0.6784,0.8234,0.9407,0.7784,0.6071,0.9552,0.72,0.6156,0.6081,0.6136,0.8542,0.5718,0.6167,0.7783,0.5002,0.5495,0.3791,0.5868,0.6741,0.5823,0.5202,0.3171,0.4816,0.2499,0.5238,0.3065,0.2007,0.1555,0.3511,
1.0,0.9984,0.9697,0.9681,0.9694,0.9968,0.9944,0.9902,0.9835,0.9179,0.7254,0.9325,0.9018,0.8356,0.7953,0.8512,0.6772,0.8204,0.9393,0.7757,0.5989,0.9514,0.7127,0.6176,0.6029,0.6044,0.8562,0.5666,0.6134,0.7783,0.4978,0.5533,0.3893,0.5928,0.6736,0.5707,0.5078,0.3115,0.4761,0.2486,0.5177,0.309,0.2008,0.1559,0.3546,
1.0,0.999,0.9639,0.9629,0.9669,0.9982,0.9965,0.9899,0.9839,0.9212,0.7364,0.9245,0.9053,0.8445,0.8048,0.8472,0.6863,0.8309,0.9417,0.7779,0.6138,0.9562,0.7186,0.6187,0.5996,0.6166,0.8585,0.5767,0.6086,0.778,0.5014,0.5526,0.3822,0.5931,0.6721,0.5813,0.528,0.3215,0.4814,0.2536,0.5215,0.3082,0.2047,0.1585,0.359,
1.0,0.9988,0.9664,0.9652,0.9693,0.9969,0.9948,0.9894,0.9829,0.927,0.7325,0.9305,0.9111,0.8336,0.7954,0.8595,0.6723,0.8188,0.9407,0.784,0.6133,0.951,0.7296,0.6187,0.613,0.6121,0.856,0.5592,0.6272,0.786,0.5055,0.544,0.3934,0.5919,0.6688,0.5932,0.5205,0.3137,0.4864,0.2597,0.5187,0.3174,0.2005,0.1605,0.3487,
1.0,0.9991,0.9707,0.9698,0.9724,0.9975,0.9953,0.9901,0.9847,0.9232,0.7391,0.9369,0.9069,0.8401,0.8015,0.8615,0.6867,0.827,0.9392,0.782,0.6037,0.9532,0.7178,0.6211,0.6037,0.614,0.856,0.5669,0.6161,0.787,0.5157,0.5539,0.3947,0.5945,0.68,0.5723,0.5307,0.3275,0.48,0.2585,0.5256,0.322,0.2131,0.1722,0.3518,
1.0,0.9992,0.9667,0.9659,0.968,0.9979,0.9958,0.9906,0.9858,0.9244,0.7351,0.9287,0.9092,0.8373,0.8001,0.8545,0.6895,0.8244,0.9418,0.7887,0.6165,0.9525,0.7264,0.6234,0.6084,0.6095,0.8648,0.5686,0.627,0.7801,0.5,0.5454,0.3845,0.5872,0.6729,0.589,0.5282,0.3124,0.4769,0.2731,0.5249,0.3101,0.2071,0.1617,0.3599,
1.0,0.9988,0.9683,0.9671,0.9705,0.9966,0.9941,0.9894,0.9859,0.9222,0.7357,0.9318,0.9038,0.8397,0.802,0.8555,0.6889,0.8272,0.9429,0.7861,0.6093,0.9481,0.7173,0.6239,0.6003,0.6098,0.8606,0.5713,0.6155,0.7829,0.5051,0.5506,0.389,0.5971,0.6784,0.5775,0.5247,0.3149,0.4883,0.2606,0.5345,0.3147,0.2057,0.1658,0.363,
1.0,0.9983,0.9654,0.9637,0.9698,0.9972,0.994,0.9889,0.9831,0.9191,0.7283,0.9277,0.9019,0.837,0.7967,0.8483,0.6774,0.822,0.9423,0.7781,0.6056,0.9528,0.7188,0.621,0.6058,0.6136,0.8513,0.5636,0.6134,0.7751,0.5015,0.5441,0.3849,0.5831,0.6724,0.5801,0.519,0.3112,0.4789,0.2542,0.5243,0.3101,0.2025,0.1673,0.3563,
1.0,0.9989,0.9701,0.969,0.9692,0.9977,0.9958,0.9904,0.9845,0.9249,0.7381,0.9325,0.909,0.8408,0.8026,0.8575,0.688,0.8263,0.9388,0.7838,0.6138,0.9516,0.727,0.6249,0.608,0.6142,0.8575,0.5648,0.6209,0.7857,0.5038,0.5537,0.3851,0.5905,0.6822,0.5876,0.5165,0.3184,0.4732,0.2571,0.5313,0.3132,0.2076,0.1609,0.3515,
1.0,0.9991,0.9699,0.969,0.9702,0.9969,0.995,0.9906,0.9852,0.9226,0.7321,0.9347,0.9072,0.8336,0.7943,0.8596,0.6746,0.8214,0.9435,0.7772,0.6116,0.9532,0.7248,0.6232,0.6174,0.6091,0.852,0.5603,0.6315,0.7774,0.4973,0.5527,0.3895,0.5958,0.6776,0.5888,0.5179,0.3131,0.4735,0.2619,0.5246,0.3067,0.2028,0.1628,0.3449,
1.0,0.9988,0.9648,0.9636,0.9724,0.9965,0.9939,0.9893,0.9837,0.9231,0.7387,0.9315,0.9065,0.8398,0.7988,0.8565,0.6784,0.8254,0.9394,0.7814,0.6114,0.9518,0.7269,0.6214,0.6044,0.614,0.8568,0.5687,0.6118,0.7818,0.4994,0.543,0.383,0.5856,0.6701,0.5792,0.5213,0.3117,0.472,0.2551,0.5186,0.3057,0.203,0.1615,0.3495,
1.0,0.9988,0.9676,0.9664,0.9709,0.998,0.9954,0.9887,0.9835,0.9243,0.7401,0.9321,0.9078,0.8433,0.8007,0.8573,0.6804,0.8284,0.9388,0.7776,0.6131,0.9506,0.7207,0.6264,0.6036,0.6142,0.8534,0.5674,0.6196,0.7818,0.5009,0.5535,0.3892,0.5901,0.6731,0.5838,0.5231,0.321,0.4801,0.2584,0.5218,0.3119,0.2128,0.167,0.3504,
1.0,0.9991,0.9685,0.9676,0.971,0.9971,0.9953,0.9895,0.984,0.9244,0.7387,0.9321,0.9058,0.8396,0.7984,0.8589,0.6871,0.8271,0.9424,0.7867,0.6105,0.9527,0.7205,0.6226,0.6169,0.6198,0.8578,0.5747,0.6262,0.7809,0.5065,0.5563,0.3901,0.5922,0.6755,0.5836,0.5227,0.3232,0.4782,0.2625,0.5237,0.3123,0.2061,0.1642,0.3588,
1.0,0.9988,0.9675,0.9663,0.9667,0.998,0.9962,0.9913,0.9844,0.9201,0.7298,0.9284,0.906,0.8378,0.7997,0.8504,0.685,0.8233,0.9391,0.7832,0.606,0.9516,0.7165,0.6149,0.5958,0.6128,0.8627,0.5675,0.6131,0.7742,0.4922,0.553,0.3884,0.5841,0.6784,0.5671,0.5187,0.3072,0.4791,0.2625,0.5334,0.3021,0.199,0.158,0.3519,
1.0,0.999,0.9687,0.9677,0.9693,0.9968,0.9947,0.9896,0.9845,0.9262,0.7365,0.9318,0.9088,0.8364,0.795,0.8576,0.6764,0.8222,0.9448,0.779,0.6161,0.9495,0.7246,0.6252,0.6115,0.6171,0.8473,0.5669,0.6261,0.7809,0.5097,0.5553,0.3763,0.5796,0.6762,0.5924,0.5215,0.3148,0.4635,0.2544,0.5177,0.3055,0.2076,0.1654,0.3402,
1.0,0.9991,0.9666,0.9657,0.972,0.997,0.9952,0.9915,0.9854,0.9226,0.7336,0.9332,0.9072,0.8359,0.7965,0.857,0.6766,0.8214,0.9382,0.7809,0.6107,0.9515,0.7261,0.6225,0.6096,0.6082,0.8566,0.5595,0.6197,0.7804,0.5008,0.5448,0.3904,0.5829,0.6764,0.5878,0.5246,0.3153,0.4736,0.2568,0.5241,0.311,0.2113,0.163,0.3436,
1.0,0.999,0.9634,0.9624,0.9682,0.9963,0.9945,0.9913,0.9864,0.9262,0.7311,0.9257,0.91,0.8337,0.7962,0.8536,0.6753,0.8215,0.9403,0.7836,0.6083,0.9545,0.7245,0.6137,0.6019,0.6062,0.8557,0.5589,0.6221,0.7808,0.5182,0.5424,0.3884,0.5931,0.6747,0.5894,0.5212,0.3165,0.4818,0.2616,0.5271,0.3185,0.2184,0.164,0.3556,
1.0,0.9987,0.9647,0.9634,0.9678,0.9972,0.995,0.9901,0.9852,0.9213,0.735,0.9243,0.9034,0.8421,0.8008,0.8466,0.678,0.8285,0.9412,0.7699,0.6128,0.9523,0.7239,0.6252,0.6054,0.6094,0.8497,0.5573,0.6212,0.7701,0.4953,0.5393,0.3894,0.5887,0.6715,0.585,0.5198,0.3154,0.4824,0.2587,0.5196,0.307,0.2002,0.1696,0.3563,
1.0,0.9989,0.9683,0.9672,0.9717,0.9972,0.995,0.9912,0.9859,0.9233,0.7375,0.9328,0.9076,0.8372,0.8,0.858,0.6818,0.8243,0.9397,0.7857,0.6147,0.9524,0.7265,0.6275,0.6121,0.6111,0.8578,0.562,0.6253,0.7839,0.5048,0.5425,0.3981,0.588,0.6718,0.5823,0.512,0.3153,0.4711,0.2587,0.519,0.3076,0.2061,0.156,0.3511,
1.0,0.9988,0.9679,0.9667,0.9698,0.9971,0.9949,0.9899,0.9845,0.9244,0.7356,0.932,0.9082,0.8388,0.7985,0.8576,0.6831,0.8247,0.9422,0.7843,0.6073,0.9503,0.7186,0.6189,0.6027,0.6122,0.8588,0.5657,0.6209,0.7821,0.5034,0.5481,0.3835,0.5916,0.6827,0.5871,0.5212,0.3187,0.4736,0.2621,0.5272,0.3126,0.2117,0.1539,0.3565,
1.0,0.999,0.9689,0.9679,0.9713,0.9973,0.9955,0.99,0.9846,0.9247,0.7351,0.9336,0.9081,0.8368,0.7971,0.8584,0.679,0.8238,0.943,0.7823,0.6127,0.9504,0.7227,0.6266,0.6109,0.6172,0.8503,0.5672,0.6212,0.7826,0.5111,0.5529,0.3954,0.5828,0.6711,0.5873,0.5232,0.3181,0.4699,0.2607,0.5203,0.3098,0.215,0.1685,0.3497,
1.0,0.9992,0.9647,0.9639,0.9665,0.9964,0.9947,0.9919,0.9858,0.9243,0.7344,0.924,0.9071,0.8373,0.8007,0.8501,0.6861,0.8256,0.9429,0.7814,0.6147,0.9539,0.7322,0.623,0.6096,0.6113,0.8625,0.5645,0.6196,0.788,0.507,0.5447,0.3929,0.5906,0.6752,0.5863,0.5164,0.3229,0.4866,0.2626,0.5234,0.3242,0.21,0.1587,0.362,
1.0,0.9989,0.9677,0.9666,0.9721,0.9977,0.9956,0.991,0.9855,0.9231,0.737,0.9329,0.9072,0.8402,0.8031,0.8568,0.6833,0.8256,0.9373,0.7822,0.6013,0.954,0.7165,0.615,0.6005,0.614,0.8557,0.5559,0.6158,0.7856,0.5101,0.5434,0.3842,0.5867,0.6806,0.578,0.5152,0.3148,0.4747,0.2506,0.5247,0.3129,0.2099,0.1598,0.3473,
1.0,0.9985,0.9663,0.9648,0.9679,0.9979,0.9953,0.9892,0.9838,0.9194,0.7306,0.926,0.9019,0.8383,0.7979,0.847,0.6861,0.8243,0.9415,0.78,0.6043,0.9523,0.7139,0.6186,0.6019,0.6106,0.8576,0.5678,0.6097,0.7751,0.4915,0.546,0.3802,0.5841,0.672,0.577,0.5223,0.3089,0.4831,0.2469,0.5232,0.2962,0.2065,0.1637,0.3485,
1.0,0.9987,0.9689,0.9676,0.9677,0.9971,0.9948,0.9894,0.9833,0.9272,0.7339,0.931,0.9112,0.8387,0.7986,0.8589,0.6788,0.8247,0.9374,0.7822,0.6123,0.9511,0.7269,0.6169,0.6069,0.6069,0.8571,0.5634,0.6256,0.7856,0.5058,0.5486,0.3828,0.5901,0.6772,0.5843,0.521,0.3165,0.4788,0.2624,0.5266,0.3158,0.2146,0.1556,0.3531,
1.0,0.999,0.9672,0.9662,0.9708,0.9967,0.9947,0.9909,0.9867,0.9212,0.7362,0.932,0.906,0.8401,0.8023,0.8546,0.6798,0.8283,0.9425,0.7773,0.6096,0.9509,0.7204,0.6237,0.6081,0.6139,0.8529,0.5643,0.616,0.7785,0.4977,0.5494,0.3867,0.586,0.6746,0.5865,0.5283,0.3154,0.4775,0.2567,0.5203,0.3113,0.2018,0.1638,0.3523,
1.0,0.9993,0.9682,0.9675,0.9694,0.9969,0.9953,0.9905,0.9849,0.9256,0.7354,0.9321,0.9093,0.8384,0.7979,0.8595,0.6829,0.8256,0.9424,0.784,0.6122,0.9499,0.7212,0.6215,0.5981,0.6117,0.86,0.565,0.6178,0.7824,0.5071,0.5446,0.3847,0.583,0.6693,0.5831,0.5251,0.3143,0.4746,0.2538,0.52,0.3079,0.2127,0.1603,0.3451,
1.0,0.9989,0.967,0.9659,0.9693,0.9971,0.9957,0.9903,0.9853,0.9265,0.7369,0.9305,0.9107,0.8386,0.803,0.8589,0.6818,0.8274,0.9426,0.7837,0.6161,0.9503,0.7297,0.6262,0.6081,0.6164,0.8545,0.5607,0.6296,0.785,0.5092,0.5504,0.3919,0.5926,0.6773,0.5913,0.517,0.3241,0.4732,0.2644,0.5243,0.3083,0.2132,0.1652,0.3535,
1.0,0.9983,0.967,0.9653,0.9705,0.9971,0.9946,0.9893,0.9833,0.9213,0.7283,0.9302,0.9045,0.8346,0.7948,0.8528,0.6807,0.8215,0.9395,0.7841,0.6029,0.9494,0.7177,0.6153,0.6075,0.6081,0.8599,0.5649,0.6193,0.7814,0.4966,0.55,0.3819,0.5885,0.6718,0.5786,0.5269,0.3093,0.4699,0.2619,0.5179,0.3014,0.2082,0.1605,0.3501,
1.0,0.9989,0.9658,0.9647,0.9686,0.9975,0.9952,0.9881,0.9833,0.9229,0.7353,0.9288,0.9057,0.8417,0.8029,0.8528,0.6822,0.8289,0.9407,0.7812,0.6116,0.9505,0.7209,0.622,0.6009,0.6132,0.8522,0.5693,0.6196,0.7786,0.5093,0.5524,0.3803,0.5904,0.6734,0.588,0.516,0.317,0.4824,0.259,0.5299,0.3112,0.2086,0.1604,0.3556,
1.0,0.9988,0.9696,0.9684,0.9718,0.997,0.9953,0.9921,0.9865,0.9203,0.7318,0.9344,0.9056,0.834,0.7976,0.8559,0.6763,0.8211,0.9417,0.7766,0.6088,0.9557,0.7235,0.6265,0.62,0.6109,0.8532,0.5609,0.6213,0.7831,0.5128,0.5473,0.4006,0.5912,0.6735,0.5904,0.52,0.3197,0.4786,0.2592,0.5141,0.3142,0.2024,0.1752,0.3481,
1.0,0.9985,0.9669,0.9654,0.9712,0.9974,0.9946,0.99,0.9852,0.9225,0.7388,0.9315,0.9073,0.8399,0.7998,0.8547,0.6822,0.8266,0.9375,0.7808,0.6065,0.953,0.7214,0.6169,0.605,0.6092,0.8538,0.5635,0.6168,0.7827,0.5059,0.5485,0.3874,0.5879,0.6669,0.5779,0.5212,0.3167,0.4696,0.2567,0.5125,0.3094,0.209,0.1626,0.3515,
1.0,0.9982,0.9688,0.967,0.9708,0.9979,0.9948,0.9893,0.9844,0.9222,0.7345,0.9328,0.9069,0.8392,0.8002,0.8566,0.6895,0.8256,0.9374,0.7874,0.612,0.9511,0.7241,0.625,0.6108,0.6105,0.8627,0.5705,0.6195,0.7834,0.498,0.5503,0.3905,0.5855,0.6679,0.5819,0.5238,0.3105,0.4839,0.2616,0.5321,0.3107,0.2058,0.1624,0.3507,
1.0,0.9982,0.9712,0.9694,0.9702,0.9977,0.9948,0.9905,0.9853,0.9227,0.7406,0.935,0.9087,0.8439,0.8061,0.8585,0.691,0.831,0.94,0.7823,0.6157,0.9539,0.7214,0.6319,0.6091,0.6224,0.8534,0.5759,0.6242,0.7868,0.5122,0.5659,0.3985,0.5949,0.6743,0.5828,0.5144,0.326,0.4763,0.2662,0.5182,0.3139,0.2122,0.1677,0.3554,
1.0,0.9985,0.967,0.9655,0.9698,0.9973,0.9943,0.9905,0.9855,0.924,0.7389,0.9317,0.9107,0.84,0.8061,0.8577,0.6853,0.8258,0.9345,0.7849,0.6093,0.9502,0.7167,0.6147,0.5966,0.6146,0.8569,0.5644,0.6165,0.7841,0.5067,0.5472,0.3895,0.5866,0.6615,0.5729,0.5101,0.3103,0.4799,0.2521,0.5266,0.3126,0.206,0.1558,0.3496,
1.0,0.9986,0.9671,0.9657,0.971,0.9974,0.9952,0.9908,0.9856,0.9266,0.7431,0.9305,0.911,0.8395,0.8015,0.8579,0.6832,0.8267,0.9391,0.7859,0.6117,0.9538,0.7247,0.6223,0.6029,0.6153,0.8549,0.5637,0.6179,0.7847,0.5091,0.5462,0.3877,0.5899,0.6734,0.5778,0.5168,0.3167,0.4781,0.2578,0.5259,0.316,0.2094,0.1611,0.35,
1.0,0.9993,0.9687,0.968,0.9706,0.997,0.995,0.989,0.9849,0.923,0.7357,0.9333,0.9055,0.8398,0.8033,0.8572,0.6881,0.8267,0.9407,0.7854,0.6132,0.9514,0.7248,0.627,0.6127,0.6139,0.8568,0.5702,0.6253,0.7846,0.5139,0.5556,0.3891,0.5926,0.6794,0.5875,0.526,0.3168,0.4782,0.2645,0.5271,0.3152,0.2142,0.1654,0.3558,
1.0,0.9989,0.9644,0.9633,0.9714,0.9964,0.9948,0.9909,0.9854,0.9229,0.7357,0.9293,0.9068,0.8387,0.8001,0.8538,0.6824,0.8257,0.9435,0.785,0.6098,0.9535,0.7243,0.6218,0.6065,0.6113,0.8592,0.5668,0.6177,0.7833,0.5004,0.5497,0.3807,0.5883,0.6739,0.5818,0.5167,0.3067,0.4792,0.2581,0.5183,0.3035,0.1966,0.1557,0.3596,
1.0,0.9991,0.9677,0.9668,0.9703,0.9973,0.9959,0.9901,0.9838,0.9291,0.7393,0.9324,0.9125,0.8374,0.7959,0.863,0.6785,0.8255,0.9418,0.7862,0.6105,0.9528,0.7261,0.6199,0.6052,0.62,0.8551,0.5717,0.6231,0.7876,0.5185,0.558,0.3937,0.5896,0.6771,0.5872,0.5138,0.3218,0.477,0.2572,0.5254,0.323,0.2084,0.1631,0.3505,
1.0,0.9987,0.9655,0.9642,0.9699,0.9983,0.9964,0.9906,0.9845,0.925,0.7367,0.9286,0.9101,0.84,0.7999,0.8541,0.6867,0.8283,0.9417,0.7864,0.6102,0.9566,0.7248,0.6209,0.6064,0.6175,0.8609,0.5726,0.6207,0.7849,0.5093,0.5576,0.3971,0.6012,0.6767,0.585,0.5146,0.3153,0.494,0.2558,0.533,0.317,0.2071,0.1613,0.365,
1.0,0.9991,0.9678,0.9669,0.9685,0.9979,0.9961,0.99,0.9838,0.9228,0.734,0.9299,0.9068,0.8419,0.8022,0.8534,0.6885,0.8284,0.9413,0.7844,0.6137,0.952,0.7178,0.6244,0.5969,0.6129,0.8576,0.5752,0.62,0.7796,0.5041,0.5552,0.3827,0.5884,0.671,0.5787,0.5267,0.3165,0.4766,0.2619,0.5231,0.3003,0.206,0.1624,0.3548,
1.0,0.999,0.9673,0.9663,0.9684,0.9968,0.9943,0.9906,0.9856,0.9298,0.7383,0.9305,0.9148,0.8371,0.8,0.8615,0.6809,0.8222,0.9381,0.7883,0.613,0.9523,0.7291,0.6186,0.6066,0.6118,0.8601,0.5647,0.6282,0.7854,0.5046,0.5465,0.3834,0.5891,0.6704,0.5853,0.5217,0.3116,0.4804,0.2625,0.5205,0.3116,0.2064,0.1671,0.3481,
1.0,0.9982,0.9671,0.9653,0.9694,0.997,0.9943,0.9893,0.9846,0.9261,0.7349,0.9287,0.9088,0.8368,0.7994,0.8551,0.6869,0.8243,0.9412,0.7865,0.6118,0.9512,0.7252,0.6194,0.6081,0.612,0.8574,0.5638,0.6262,0.784,0.5133,0.547,0.3894,0.5891,0.6724,0.5907,0.5261,0.314,0.4804,0.2675,0.5289,0.3196,0.2131,0.1571,0.3523,
1.0,0.9989,0.9702,0.9691,0.972,0.9978,0.9955,0.9896,0.985,0.9194,0.7372,0.9366,0.9047,0.8413,0.8041,0.8572,0.6836,0.828,0.9388,0.777,0.607,0.953,0.7225,0.6254,0.6161,0.6102,0.8534,0.5648,0.6307,0.7788,0.4949,0.5564,0.3877,0.6009,0.6852,0.5875,0.5251,0.3174,0.4804,0.2642,0.5285,0.3076,0.2123,0.1722,0.3578,
1.0,0.9991,0.9676,0.9667,0.969,0.998,0.9961,0.991,0.9848,0.9277,0.7371,0.9301,0.9129,0.8374,0.7994,0.859,0.6867,0.8253,0.9403,0.7889,0.6163,0.9558,0.7269,0.6243,0.6028,0.6098,0.8581,0.5657,0.625,0.7855,0.5067,0.5484,0.3852,0.6012,0.6857,0.592,0.5256,0.3089,0.4831,0.2684,0.5362,0.3113,0.2144,0.1649,0.3609,
1.0,0.9991,0.9668,0.9659,0.9703,0.9972,0.9951,0.9901,0.9844,0.9321,0.7407,0.932,0.9161,0.8369,0.8007,0.8659,0.6838,0.8234,0.9406,0.7959,0.62,0.9555,0.738,0.625,0.6075,0.6151,0.8585,0.5719,0.6284,0.7968,0.5292,0.5462,0.3855,0.5848,0.674,0.5955,0.5196,0.3201,0.4772,0.2627,0.5236,0.325,0.2173,0.1644,0.3486,
1.0,0.9988,0.9666,0.9654,0.9687,0.9969,0.9942,0.9889,0.9843,0.9224,0.7392,0.9289,0.905,0.8435,0.8063,0.8516,0.6877,0.8302,0.9374,0.7811,0.6139,0.9525,0.7238,0.6235,0.605,0.6109,0.8551,0.5606,0.6203,0.7796,0.5002,0.5442,0.3871,0.5905,0.6729,0.5893,0.5213,0.3153,0.4816,0.2666,0.5247,0.3157,0.2056,0.1634,0.3572,
1.0,0.999,0.9707,0.9697,0.9702,0.9962,0.9941,0.9903,0.9856,0.9199,0.7342,0.9351,0.903,0.8413,0.8032,0.8563,0.69,0.8291,0.9433,0.7821,0.6106,0.9491,0.7187,0.6283,0.6084,0.6101,0.8617,0.5735,0.6171,0.7834,0.5015,0.5573,0.3873,0.5955,0.6858,0.5816,0.528,0.3174,0.4812,0.2627,0.5334,0.3135,0.2091,0.1661,0.3547,
1.0,0.9988,0.9672,0.966,0.9706,0.9971,0.9951,0.9911,0.9853,0.9189,0.734,0.9316,0.9037,0.8404,0.8037,0.8519,0.6846,0.8273,0.9398,0.7799,0.6039,0.9526,0.7184,0.6204,0.6064,0.6115,0.8566,0.5628,0.6154,0.7766,0.4964,0.5502,0.3835,0.5845,0.6761,0.5738,0.5194,0.3144,0.4727,0.2577,0.5236,0.3002,0.2004,0.1638,0.3429,
1.0,0.9993,0.9664,0.9657,0.9681,0.9973,0.9954,0.99,0.9841,0.9236,0.7301,0.9286,0.907,0.8348,0.7972,0.8537,0.6752,0.8201,0.9373,0.7831,0.6076,0.9536,0.7267,0.6165,0.6057,0.605,0.8546,0.5569,0.6264,0.7842,0.5005,0.5405,0.3811,0.5917,0.6793,0.5864,0.5218,0.3103,0.4813,0.2647,0.5273,0.3167,0.2025,0.1629,0.358,
1.0,0.9992,0.9664,0.9656,0.9671,0.9981,0.9959,0.9902,0.9835,0.9267,0.7362,0.9259,0.9099,0.8421,0.8,0.8542,0.6838,0.8275,0.9372,0.778,0.6158,0.9551,0.7272,0.6261,0.6083,0.6087,0.8515,0.5657,0.6322,0.7771,0.5001,0.5507,0.3859,0.5974,0.6786,0.5921,0.5152,0.3081,0.4878,0.2652,0.5267,0.3104,0.2151,0.1668,0.3614,
1.0,0.9992,0.9728,0.972,0.9715,0.9962,0.9944,0.9899,0.9837,0.9257,0.7434,0.9389,0.9089,0.8453,0.8078,0.8664,0.6968,0.8303,0.9412,0.792,0.6194,0.9524,0.7286,0.6338,0.6148,0.6255,0.8601,0.5777,0.629,0.7812,0.5117,0.5636,0.3952,0.5974,0.6811,0.5845,0.5235,0.3215,0.4792,0.2665,0.5241,0.3103,0.2119,0.1651,0.3576,
1.0,0.9987,0.9661,0.9648,0.9693,0.9976,0.9955,0.9898,0.9829,0.9208,0.7331,0.9282,0.904,0.8388,0.799,0.8513,0.684,0.8252,0.9412,0.7799,0.6097,0.9513,0.7172,0.6213,0.6028,0.613,0.8597,0.5691,0.6146,0.7801,0.4988,0.5456,0.3795,0.5898,0.6709,0.5791,0.517,0.3101,0.4761,0.2515,0.52,0.3072,0.2041,0.1546,0.356,
1.0,0.9993,0.9642,0.9635,0.969,0.9968,0.9947,0.9899,0.9838,0.9219,0.7411,0.9268,0.9044,0.847,0.8103,0.8499,0.6881,0.8323,0.9358,0.7818,0.6117,0.9532,0.7253,0.6235,0.6069,0.62,0.8546,0.5667,0.6124,0.7803,0.4976,0.5444,0.38,0.5806,0.6585,0.5794,0.5077,0.3102,0.4776,0.255,0.5148,0.3069,0.1967,0.1565,0.3545,
1.0,0.9996,0.9669,0.9665,0.9718,0.9972,0.9955,0.9915,0.9864,0.9254,0.7465,0.9332,0.91,0.8458,0.8078,0.8595,0.6868,0.8323,0.9424,0.7826,0.6205,0.9517,0.724,0.634,0.608,0.6209,0.8542,0.5701,0.6284,0.7855,0.5111,0.5559,0.3921,0.5979,0.682,0.59,0.5206,0.315,0.4857,0.266,0.5309,0.3219,0.2174,0.1629,0.3639,
1.0,0.999,0.969,0.968,0.9713,0.9972,0.9951,0.9912,0.9862,0.9243,0.7398,0.9345,0.9098,0.841,0.8051,0.8595,0.6846,0.8275,0.9437,0.7807,0.6157,0.9486,0.7211,0.6301,0.607,0.6157,0.8548,0.564,0.6249,0.785,0.5024,0.5529,0.3902,0.5893,0.6736,0.5821,0.5235,0.3173,0.4701,0.2681,0.5195,0.3074,0.2074,0.1664,0.3496,
1.0,0.999,0.9698,0.9688,0.9689,0.9962,0.9941,0.9888,0.9835,0.9146,0.7277,0.9316,0.8952,0.841,0.8017,0.8472,0.6887,0.8276,0.9402,0.7767,0.6027,0.9505,0.7175,0.6245,0.6123,0.6089,0.8573,0.5701,0.6158,0.7713,0.5007,0.554,0.3887,0.5932,0.6719,0.5738,0.5128,0.3199,0.4809,0.2512,0.5268,0.3093,0.205,0.1598,0.3518,
1.0,0.998,0.9673,0.9653,0.9694,0.9974,0.9944,0.9892,0.9833,0.9206,0.7337,0.9297,0.905,0.8412,0.8012,0.8509,0.6878,0.8286,0.9391,0.7812,0.6099,0.9539,0.7213,0.6178,0.6006,0.61,0.8603,0.5717,0.6114,0.7818,0.5064,0.5499,0.3882,0.5883,0.6673,0.5741,0.5241,0.3122,0.4829,0.2563,0.5261,0.3148,0.2097,0.1636,0.3563,
1.0,0.9992,0.9685,0.9677,0.9685,0.9973,0.9956,0.9904,0.9844,0.923,0.7351,0.9312,0.9066,0.841,0.8037,0.8557,0.6837,0.8273,0.9408,0.7787,0.6069,0.9509,0.7152,0.6178,0.6091,0.6143,0.8558,0.5687,0.6206,0.7805,0.5036,0.552,0.3925,0.6046,0.6768,0.5827,0.5244,0.3204,0.4854,0.2669,0.5203,0.3219,0.2103,0.1597,0.3625,
1.0,0.9986,0.9686,0.9672,0.9688,0.9964,0.9947,0.9917,0.9859,0.9231,0.7361,0.9318,0.9089,0.84,0.8023,0.8566,0.6881,0.8291,0.9425,0.785,0.6153,0.9559,0.7252,0.6246,0.6096,0.6094,0.8597,0.5756,0.6275,0.7812,0.4988,0.5547,0.3907,0.6008,0.6808,0.5908,0.5285,0.3122,0.4883,0.2644,0.5312,0.3125,0.2043,0.1712,0.3664,
1.0,0.9987,0.9684,0.9671,0.9685,0.9975,0.9952,0.9909,0.9849,0.9189,0.7353,0.9313,0.9054,0.8425,0.8023,0.8517,0.6896,0.8268,0.9378,0.7792,0.6059,0.9519,0.7127,0.6177,0.6039,0.6135,0.862,0.5746,0.6131,0.7742,0.5,0.5577,0.3837,0.5872,0.671,0.5748,0.5251,0.325,0.4828,0.2586,0.5335,0.3052,0.2059,0.1614,0.3562,
1.0,0.9985,0.9665,0.965,0.9705,0.9968,0.9948,0.9917,0.9857,0.9226,0.7348,0.9301,0.9076,0.8371,0.7985,0.855,0.6828,0.8244,0.9411,0.7834,0.6069,0.9528,0.7174,0.6196,0.5972,0.606,0.8584,0.5572,0.6161,0.7746,0.497,0.5434,0.3844,0.5869,0.6768,0.58,0.5161,0.3097,0.4789,0.2562,0.5253,0.3078,0.2066,0.1576,0.3559,
1.0,0.9995,0.9708,0.9703,0.9691,0.9969,0.995,0.9906,0.9865,0.9258,0.7311,0.9334,0.9086,0.8312,0.7943,0.8592,0.6785,0.8202,0.9388,0.7845,0.6058,0.9529,0.7282,0.6199,0.6158,0.6092,0.8587,0.5619,0.6223,0.7875,0.5069,0.5479,0.4014,0.6031,0.6763,0.5825,0.5265,0.3155,0.4896,0.2631,0.5229,0.323,0.2081,0.1749,0.361,
1.0,0.9989,0.9671,0.966,0.9682,0.9975,0.9957,0.9912,0.9862,0.9255,0.731,0.9303,0.9127,0.8312,0.7948,0.8566,0.674,0.8203,0.9439,0.7792,0.6104,0.9564,0.727,0.6183,0.6011,0.61,0.856,0.5582,0.621,0.7815,0.5106,0.5432,0.3932,0.587,0.6715,0.5864,0.5278,0.3173,0.4822,0.2602,0.5278,0.3124,0.2057,0.1717,0.3505,
1.0,0.9987,0.9693,0.968,0.9672,0.997,0.9949,0.9901,0.9837,0.9245,0.7357,0.9306,0.9097,0.8416,0.803,0.8557,0.6868,0.829,0.9413,0.7827,0.6155,0.9542,0.7311,0.6287,0.6158,0.6193,0.8549,0.5705,0.6286,0.7787,0.4995,0.5568,0.3971,0.5936,0.6791,0.5874,0.523,0.3163,0.4804,0.2683,0.5235,0.307,0.2049,0.1689,0.3562,
1.0,0.9992,0.9678,0.967,0.9699,0.9976,0.996,0.9918,0.9858,0.9214,0.7326,0.931,0.906,0.8352,0.7967,0.8543,0.6794,0.8212,0.9406,0.7772,0.6073,0.9534,0.72,0.6218,0.6046,0.6048,0.8575,0.5585,0.6214,0.7861,0.5054,0.5469,0.3926,0.5937,0.674,0.5806,0.506,0.3177,0.4737,0.2514,0.5179,0.3138,0.2061,0.1562,0.3522,
1.0,0.9991,0.969,0.9681,0.9685,0.9971,0.9953,0.9914,0.9866,0.9267,0.7343,0.9306,0.9105,0.8362,0.7982,0.8589,0.6873,0.8242,0.9406,0.7887,0.6071,0.9551,0.7247,0.615,0.6062,0.6087,0.864,0.5692,0.6226,0.7839,0.5075,0.5507,0.3875,0.5954,0.6732,0.5882,0.5283,0.319,0.4821,0.2645,0.5266,0.3161,0.2091,0.1629,0.352,
1.0,0.9984,0.9674,0.9658,0.9681,0.9975,0.9942,0.9887,0.9839,0.9219,0.7276,0.9286,0.9051,0.8339,0.7941,0.8511,0.6715,0.8201,0.9451,0.7747,0.6045,0.9528,0.7194,0.6156,0.5997,0.6072,0.8519,0.5587,0.613,0.782,0.5054,0.5469,0.3829,0.5927,0.6833,0.5805,0.5226,0.3158,0.4795,0.2533,0.5213,0.3111,0.2096,0.1608,0.3566,
1.0,0.999,0.967,0.966,0.9682,0.9969,0.9946,0.9923,0.9869,0.9227,0.7377,0.9284,0.9077,0.8411,0.8071,0.8523,0.691,0.8268,0.9407,0.7842,0.6159,0.9532,0.7232,0.6233,0.603,0.6133,0.8591,0.5739,0.617,0.7866,0.5079,0.5554,0.3859,0.5863,0.6725,0.5806,0.5235,0.3165,0.4781,0.2689,0.5277,0.3102,0.212,0.1712,0.3538,
1.0,0.9987,0.967,0.9657,0.9705,0.9967,0.994,0.988,0.9825,0.9203,0.7266,0.9308,0.9011,0.8361,0.7957,0.852,0.6768,0.8225,0.9423,0.779,0.6078,0.9492,0.7206,0.622,0.6114,0.6097,0.8526,0.5727,0.6209,0.7813,0.507,0.554,0.3871,0.5878,0.6706,0.5847,0.5239,0.3158,0.4825,0.259,0.5198,0.3162,0.2059,0.1699,0.3484,
1.0,0.999,0.9655,0.9645,0.9694,0.9974,0.995,0.9899,0.9844,0.9227,0.7427,0.928,0.9058,0.8457,0.8079,0.8509,0.6824,0.831,0.9371,0.7757,0.612,0.9536,0.721,0.6227,0.599,0.617,0.8459,0.5618,0.616,0.7809,0.5021,0.5573,0.3876,0.5865,0.672,0.5775,0.5076,0.3117,0.4702,0.2545,0.5129,0.316,0.1986,0.1603,0.3538,
1.0,0.999,0.9671,0.9661,0.9712,0.9968,0.995,0.9905,0.9847,0.9231,0.7346,0.9316,0.9057,0.8371,0.7975,0.8563,0.6813,0.8229,0.94,0.7838,0.6048,0.9504,0.7116,0.6167,0.5913,0.6096,0.8541,0.5603,0.6082,0.779,0.5018,0.5465,0.3864,0.5845,0.6732,0.5652,0.5213,0.314,0.471,0.2582,0.5236,0.306,0.2115,0.1648,0.3483,
1.0,0.999,0.9674,0.9664,0.9688,0.9975,0.9956,0.9915,0.9852,0.9198,0.7335,0.93,0.9051,0.8427,0.8039,0.8521,0.6905,0.8282,0.9391,0.7803,0.6127,0.9531,0.7242,0.6278,0.6063,0.6108,0.86,0.5682,0.6125,0.7729,0.4933,0.549,0.3958,0.5839,0.6708,0.5793,0.5125,0.3174,0.4811,0.2563,0.5272,0.3055,0.2065,0.1645,0.3539,
1.0,0.9989,0.9679,0.9668,0.9695,0.9968,0.9943,0.9893,0.9846,0.9242,0.7318,0.9306,0.9067,0.8339,0.7916,0.8552,0.6759,0.8202,0.9378,0.7798,0.6075,0.9518,0.7263,0.6176,0.6077,0.6047,0.8544,0.5562,0.6224,0.7776,0.4926,0.5386,0.3825,0.5964,0.6743,0.5856,0.522,0.302,0.4864,0.2598,0.5289,0.3057,0.2005,0.1646,0.3579,
1.0,0.9983,0.9657,0.964,0.9693,0.9971,0.9947,0.9901,0.985,0.9265,0.7375,0.9286,0.911,0.8388,0.802,0.8567,0.6821,0.8258,0.947,0.7861,0.6167,0.9514,0.7227,0.6272,0.6048,0.6203,0.8557,0.5779,0.6259,0.7864,0.5146,0.5562,0.3912,0.5877,0.6727,0.5914,0.533,0.3242,0.4779,0.2681,0.5218,0.3152,0.2106,0.1658,0.351,
1.0,0.9985,0.9694,0.9679,0.97,0.9975,0.995,0.9892,0.9844,0.9221,0.7321,0.9317,0.905,0.8387,0.8011,0.8554,0.6886,0.827,0.943,0.7855,0.6145,0.9554,0.7267,0.6279,0.6128,0.6135,0.8578,0.5683,0.6234,0.7802,0.5079,0.5484,0.3919,0.5943,0.6794,0.5901,0.5259,0.3136,0.4804,0.2615,0.5268,0.3164,0.2131,0.1665,0.3595,
1.0,0.9984,0.9677,0.9661,0.9702,0.9984,0.9956,0.9896,0.9844,0.9232,0.7353,0.9301,0.9077,0.8395,0.7998,0.8555,0.6876,0.8263,0.9391,0.7839,0.6046,0.9521,0.716,0.62,0.6071,0.6148,0.8591,0.5684,0.6184,0.7803,0.4964,0.5508,0.3892,0.6022,0.6729,0.5821,0.5202,0.3109,0.4862,0.2647,0.5221,0.3114,0.2027,0.1571,0.3576,
1.0,0.9992,0.9701,0.9693,0.9719,0.9977,0.9955,0.9893,0.9855,0.9198,0.7341,0.9348,0.9021,0.8365,0.8008,0.8565,0.6867,0.8257,0.9416,0.784,0.6065,0.9547,0.7217,0.6277,0.6157,0.6125,0.8544,0.567,0.6205,0.7841,0.4989,0.5549,0.3879,0.6016,0.6856,0.5836,0.5273,0.3107,0.4807,0.2626,0.5205,0.3071,0.212,0.1701,0.3539,
1.0,0.9986,0.9633,0.9619,0.9694,0.9968,0.9947,0.9905,0.984,0.9249,0.7436,0.9256,0.9083,0.8435,0.8043,0.8524,0.6789,0.8302,0.9425,0.7772,0.6123,0.9517,0.7156,0.617,0.5966,0.6265,0.8479,0.5727,0.6103,0.7802,0.5054,0.5509,0.3811,0.5781,0.6642,0.5762,0.5234,0.3189,0.4766,0.2562,0.5144,0.3133,0.1966,0.164,0.3499,
1.0,0.999,0.9658,0.9648,0.97,0.9971,0.9951,0.9914,0.9861,0.929,0.7475,0.9295,0.9134,0.8454,0.8101,0.86,0.6943,0.8321,0.9391,0.7931,0.619,0.9521,0.7279,0.6239,0.6009,0.6221,0.8596,0.5761,0.6234,0.7878,0.5053,0.5513,0.3769,0.5814,0.6695,0.5861,0.5217,0.3163,0.4737,0.2682,0.5221,0.3022,0.203,0.1606,0.3514,
1.0,0.9988,0.9686,0.9674,0.9731,0.9981,0.996,0.9907,0.9856,0.925,0.7403,0.935,0.9102,0.8373,0.7972,0.86,0.687,0.8228,0.9371,0.7862,0.6033,0.953,0.7183,0.6149,0.6062,0.6102,0.8594,0.5657,0.6173,0.7874,0.503,0.5467,0.3892,0.5881,0.6712,0.5797,0.5187,0.3055,0.4759,0.2564,0.5222,0.3095,0.1994,0.1604,0.3496,
1.0,0.999,0.9692,0.9682,0.9705,0.9969,0.9946,0.9913,0.9859,0.9246,0.7401,0.9335,0.9088,0.8406,0.8026,0.8588,0.6878,0.8262,0.9368,0.7822,0.6082,0.9543,0.7254,0.6198,0.6095,0.6141,0.8573,0.5618,0.6232,0.7836,0.4962,0.5502,0.3877,0.5955,0.6751,0.5802,0.5221,0.3169,0.4866,0.2666,0.5364,0.3081,0.2077,0.1658,0.3624,
1.0,0.9991,0.9685,0.9676,0.9706,0.997,0.9948,0.9904,0.9848,0.927,0.7381,0.9326,0.9101,0.8382,0.796,0.86,0.6797,0.8252,0.9435,0.7856,0.6175,0.95,0.7236,0.6281,0.6041,0.6167,0.8547,0.5704,0.621,0.7834,0.5071,0.5541,0.3913,0.5869,0.6801,0.5869,0.5206,0.3224,0.4718,0.2609,0.5189,0.3125,0.2134,0.1621,0.3478,
1.0,0.9984,0.9642,0.9626,0.9716,0.9974,0.9947,0.9896,0.985,0.9209,0.7333,0.9281,0.9037,0.8376,0.7981,0.8507,0.6817,0.8243,0.9435,0.7821,0.6096,0.9525,0.7217,0.626,0.6126,0.6161,0.8529,0.5682,0.6226,0.7793,0.5072,0.5513,0.3904,0.5906,0.6751,0.5916,0.5231,0.313,0.4867,0.2609,0.5197,0.3182,0.2079,0.1645,0.3589,
1.0,0.9991,0.9725,0.9716,0.9714,0.9966,0.9945,0.9899,0.9839,0.9246,0.7368,0.9365,0.9062,0.8375,0.7961,0.8614,0.682,0.8236,0.9412,0.7801,0.6131,0.9521,0.7233,0.6299,0.6129,0.6132,0.8522,0.5671,0.6224,0.7862,0.5123,0.552,0.3939,0.6012,0.6768,0.5893,0.538,0.3218,0.4847,0.2655,0.523,0.3127,0.2052,0.1783,0.3517,
1.0,0.9994,0.9678,0.9672,0.9662,0.9971,0.9956,0.9902,0.9839,0.9247,0.7279,0.9279,0.9077,0.8319,0.792,0.8545,0.6752,0.8175,0.9397,0.7778,0.6086,0.9496,0.7234,0.6193,0.6004,0.6047,0.8531,0.5557,0.62,0.7784,0.5019,0.542,0.3899,0.5886,0.6718,0.5797,0.5152,0.3088,0.4774,0.2557,0.5232,0.3062,0.2074,0.1606,0.3455,
1.0,0.9995,0.9668,0.9663,0.9675,0.9967,0.9954,0.992,0.9867,0.9208,0.7375,0.9278,0.9043,0.8457,0.8088,0.8501,0.6928,0.8313,0.942,0.782,0.6098,0.9545,0.7161,0.6213,0.5996,0.6147,0.8555,0.5754,0.6122,0.7743,0.4987,0.5583,0.3833,0.5857,0.6771,0.5757,0.5243,0.3148,0.4776,0.2565,0.525,0.3025,0.2063,0.1609,0.3656,
1.0,0.9993,0.9669,0.9662,0.9687,0.9975,0.9957,0.9921,0.9869,0.9245,0.7409,0.9293,0.9096,0.8416,0.805,0.8554,0.6867,0.8281,0.941,0.7825,0.6145,0.9542,0.7192,0.6246,0.6018,0.6139,0.8541,0.5616,0.6242,0.7812,0.5044,0.5505,0.385,0.5922,0.6718,0.5896,0.5162,0.3091,0.4779,0.2654,0.5201,0.313,0.2077,0.1591,0.3581,
1.0,0.9983,0.9697,0.968,0.9712,0.9964,0.9939,0.9899,0.9846,0.9195,0.732,0.9329,0.9016,0.8394,0.8001,0.8546,0.6842,0.8269,0.9462,0.7778,0.6083,0.9542,0.7173,0.6255,0.6105,0.614,0.854,0.5716,0.6104,0.7827,0.5084,0.5528,0.3858,0.5894,0.6801,0.5807,0.5301,0.3251,0.4684,0.2564,0.5146,0.3064,0.2105,0.1619,0.3442,
1.0,0.9989,0.9646,0.9635,0.9677,0.9969,0.9946,0.9908,0.9868,0.9177,0.7321,0.9264,0.9022,0.8405,0.8011,0.8457,0.683,0.8285,0.9406,0.7743,0.6028,0.9543,0.7144,0.616,0.5957,0.605,0.8571,0.5678,0.6075,0.7729,0.4952,0.5471,0.3852,0.593,0.6702,0.5708,0.5214,0.3162,0.4851,0.252,0.5233,0.3081,0.1963,0.1652,0.3593,
1.0,0.9993,0.9659,0.9652,0.9706,0.9972,0.9955,0.9888,0.9841,0.9229,0.7308,0.9316,0.9061,0.8353,0.7976,0.8557,0.6844,0.8211,0.9404,0.7905,0.6069,0.946,0.7197,0.6206,0.6117,0.6133,0.8608,0.5738,0.6213,0.7818,0.5063,0.5492,0.3937,0.584,0.6725,0.5843,0.5259,0.3199,0.4848,0.263,0.5231,0.314,0.2069,0.1657,0.345,
1.0,0.9989,0.9661,0.965,0.9691,0.9968,0.9948,0.9899,0.9834,0.9244,0.7373,0.9281,0.9062,0.8405,0.7999,0.8537,0.6862,0.8269,0.9384,0.7831,0.6159,0.9525,0.7276,0.625,0.61,0.6148,0.8563,0.5662,0.6203,0.7786,0.5062,0.5467,0.3963,0.5886,0.6646,0.5785,0.5148,0.3143,0.4794,0.2643,0.5209,0.3218,0.2043,0.1587,0.3581,
1.0,0.9987,0.9653,0.964,0.9679,0.9974,0.9952,0.9902,0.9841,0.9245,0.736,0.9262,0.9086,0.8401,0.8035,0.8536,0.6809,0.8286,0.9457,0.7809,0.6188,0.9516,0.7204,0.6272,0.6029,0.6203,0.8529,0.5689,0.6201,0.7818,0.5043,0.5588,0.3826,0.5904,0.68,0.5823,0.5169,0.3167,0.4742,0.267,0.5188,0.3109,0.2071,0.1569,0.3536,
1.0,0.9986,0.9686,0.9672,0.9722,0.9969,0.9945,0.9914,0.9869,0.923,0.7377,0.9343,0.908,0.8357,0.7986,0.8586,0.6806,0.8235,0.9398,0.7801,0.6095,0.9522,0.7203,0.6195,0.6036,0.6085,0.8502,0.5603,0.6204,0.78,0.5012,0.545,0.3832,0.5801,0.6707,0.5793,0.5221,0.3064,0.4742,0.261,0.5238,0.3059,0.2075,0.1606,0.3504,
1.0,0.999,0.9681,0.9671,0.9648,0.9978,0.9954,0.9902,0.9868,0.9266,0.7376,0.9267,0.9112,0.8403,0.8031,0.855,0.6844,0.8286,0.94,0.7784,0.6138,0.9523,0.73,0.62,0.6103,0.6137,0.8582,0.5688,0.6253,0.7829,0.4963,0.5554,0.3861,0.5988,0.671,0.5867,0.5177,0.3121,0.4899,0.2617,0.5235,0.3092,0.206,0.1625,0.3597,
1.0,0.9992,0.9669,0.9661,0.9709,0.9968,0.9951,0.9899,0.9835,0.9267,0.7396,0.9316,0.91,0.8387,0.7981,0.859,0.6818,0.8241,0.9372,0.7841,0.6069,0.9513,0.7206,0.6162,0.6003,0.6131,0.8541,0.5658,0.6134,0.7896,0.5079,0.5466,0.3828,0.5911,0.6693,0.5798,0.5277,0.3134,0.4802,0.2561,0.5253,0.3211,0.2111,0.1688,0.3547,
1.0,0.9982,0.9681,0.9663,0.9681,0.9967,0.9939,0.991,0.9857,0.9254,0.7348,0.9275,0.9083,0.8392,0.8016,0.8543,0.6892,0.826,0.941,0.7844,0.611,0.9544,0.7241,0.6249,0.6055,0.6112,0.8554,0.5687,0.6264,0.7802,0.5016,0.5549,0.3857,0.5894,0.6822,0.5889,0.5225,0.3105,0.4799,0.263,0.5317,0.3079,0.2052,0.1598,0.3591,
1.0,0.9989,0.9666,0.9655,0.9706,0.9974,0.9953,0.991,0.9859,0.9251,0.735,0.9305,0.9089,0.8362,0.7965,0.856,0.682,0.8247,0.9442,0.7842,0.6127,0.9543,0.721,0.6239,0.6033,0.611,0.8584,0.5691,0.6199,0.7836,0.5128,0.5508,0.3856,0.5901,0.6754,0.5837,0.5217,0.318,0.4771,0.26,0.5206,0.3149,0.2142,0.1543,0.353,
1.0,0.999,0.9686,0.9676,0.9712,0.9978,0.9957,0.9895,0.9838,0.921,0.7267,0.9334,0.9049,0.8315,0.7917,0.8554,0.6724,0.818,0.942,0.7786,0.6022,0.9529,0.7128,0.6173,0.6027,0.6078,0.8493,0.5575,0.6178,0.7749,0.4984,0.5458,0.3796,0.5858,0.6767,0.5732,0.5177,0.3045,0.4729,0.2547,0.5186,0.3002,0.2087,0.1659,0.3415,
1.0,0.9992,0.9689,0.9681,0.9703,0.9973,0.9957,0.9902,0.9842,0.9217,0.7433,0.9332,0.9053,0.8493,0.8116,0.8564,0.6955,0.8353,0.9396,0.7835,0.6185,0.9514,0.7185,0.6342,0.6036,0.621,0.8554,0.5705,0.6204,0.7751,0.5048,0.5526,0.3906,0.5856,0.6766,0.5792,0.5242,0.3173,0.4762,0.2629,0.5275,0.3069,0.2102,0.1648,0.3488,
1.0,0.9989,0.9695,0.9684,0.9667,0.9968,0.9947,0.9898,0.9835,0.9271,0.7369,0.9309,0.911,0.8416,0.8029,0.8595,0.687,0.8262,0.9398,0.786,0.6142,0.9521,0.7264,0.6201,0.606,0.6108,0.8609,0.5747,0.6258,0.7859,0.51,0.5553,0.3852,0.5938,0.6772,0.5877,0.527,0.3217,0.4839,0.2619,0.5273,0.3157,0.208,0.161,0.3518,
1.0,0.9986,0.97,0.9686,0.9695,0.9978,0.9953,0.9912,0.9856,0.9225,0.7311,0.9337,0.9089,0.835,0.8,0.8567,0.6847,0.8208,0.9418,0.786,0.6053,0.9549,0.719,0.6204,0.5994,0.6103,0.8606,0.5644,0.6155,0.7832,0.5133,0.5488,0.3901,0.5899,0.6761,0.5798,0.525,0.317,0.4801,0.2548,0.5339,0.3175,0.2048,0.1608,0.3519,
1.0,0.9974,0.9667,0.9641,0.9665,0.9967,0.9932,0.9894,0.984,0.9203,0.7367,0.925,0.9036,0.8453,0.806,0.8462,0.6846,0.832,0.9421,0.775,0.6167,0.955,0.7231,0.6227,0.5987,0.6128,0.8515,0.5693,0.6136,0.7772,0.495,0.5563,0.3738,0.5893,0.6794,0.5804,0.5171,0.3157,0.4825,0.2548,0.526,0.304,0.2002,0.1645,0.3593,
1.0,0.9984,0.9669,0.9653,0.9696,0.9967,0.9943,0.9929,0.9872,0.9258,0.7399,0.9305,0.9123,0.8398,0.8038,0.8569,0.6858,0.8274,0.943,0.784,0.6146,0.952,0.7243,0.6241,0.605,0.6196,0.8577,0.5737,0.6247,0.7865,0.5031,0.5587,0.3914,0.591,0.6746,0.5815,0.5157,0.3152,0.4812,0.259,0.5234,0.3133,0.2051,0.1569,0.3575,
1.0,0.9989,0.9677,0.9666,0.9723,0.997,0.9948,0.9906,0.9863,0.925,0.745,0.9339,0.9092,0.8418,0.8032,0.8601,0.6829,0.8307,0.9434,0.7798,0.6136,0.9539,0.7213,0.6256,0.6051,0.6251,0.8527,0.5725,0.6147,0.7843,0.5107,0.5623,0.3995,0.5939,0.6753,0.58,0.5205,0.3247,0.4748,0.2564,0.5205,0.3151,0.2137,0.1647,0.3506,
1.0,0.9992,0.9658,0.965,0.9708,0.9978,0.996,0.9897,0.9845,0.9276,0.7391,0.9311,0.9114,0.8396,0.8012,0.8598,0.6891,0.8259,0.9405,0.7938,0.6121,0.9514,0.7232,0.6188,0.6081,0.6177,0.8636,0.5715,0.6169,0.7841,0.5054,0.5475,0.3808,0.5823,0.6699,0.5876,0.5384,0.31,0.4873,0.267,0.5331,0.312,0.2089,0.1629,0.3577,
1.0,0.9992,0.9653,0.9645,0.9681,0.997,0.9951,0.9896,0.9839,0.9265,0.7349,0.927,0.9084,0.8359,0.7987,0.8552,0.6831,0.8234,0.9394,0.7886,0.607,0.9546,0.7231,0.614,0.5999,0.6157,0.8601,0.5626,0.6169,0.7835,0.4998,0.5436,0.3805,0.5908,0.6705,0.5807,0.5262,0.3035,0.4873,0.2634,0.5241,0.3049,0.2038,0.1594,0.3534,
1.0,0.9991,0.9661,0.9652,0.9697,0.9976,0.9954,0.9892,0.9839,0.921,0.728,0.9287,0.9032,0.8332,0.7931,0.8497,0.6785,0.8194,0.9426,0.7808,0.5949,0.9498,0.7093,0.6075,0.5939,0.6088,0.8543,0.558,0.6101,0.7763,0.502,0.5369,0.3837,0.5886,0.6739,0.5701,0.5276,0.3154,0.4788,0.2526,0.5235,0.3077,0.2069,0.1624,0.3517,
1.0,0.999,0.963,0.962,0.9691,0.9972,0.9952,0.9904,0.9832,0.9206,0.7308,0.9261,0.905,0.836,0.7968,0.8492,0.6802,0.8226,0.9413,0.7846,0.6096,0.9526,0.7173,0.6181,0.5966,0.6094,0.8613,0.5684,0.609,0.7764,0.4942,0.5438,0.3802,0.5871,0.6628,0.5798,0.529,0.3127,0.4805,0.2606,0.5204,0.3054,0.1937,0.1665,0.3502,
1.0,0.9987,0.9678,0.9665,0.9699,0.9977,0.9954,0.9904,0.9854,0.9226,0.7302,0.9325,0.9086,0.8327,0.794,0.8565,0.6726,0.8204,0.9432,0.78,0.6072,0.9536,0.7232,0.62,0.6098,0.6062,0.8576,0.5587,0.626,0.7829,0.5005,0.5468,0.3819,0.5917,0.683,0.5829,0.5121,0.3136,0.4787,0.2564,0.5304,0.3076,0.2085,0.1545,0.35,
1.0,0.9987,0.9693,0.968,0.9712,0.9976,0.9951,0.9903,0.9825,0.9228,0.7358,0.935,0.9083,0.84,0.8012,0.8595,0.6866,0.8235,0.9365,0.7865,0.606,0.9515,0.7158,0.6178,0.6022,0.617,0.8609,0.5746,0.6155,0.7882,0.5062,0.5577,0.3913,0.5897,0.6757,0.5697,0.511,0.3224,0.4787,0.2529,0.5264,0.3128,0.2092,0.1568,0.3534,
1.0,0.9991,0.9713,0.9704,0.9709,0.9976,0.9953,0.9889,0.9831,0.9266,0.7395,0.9362,0.9091,0.8403,0.8027,0.863,0.6868,0.8268,0.943,0.7878,0.6189,0.9527,0.7271,0.6308,0.6138,0.6253,0.8534,0.5739,0.6217,0.7845,0.51,0.5617,0.4003,0.595,0.6816,0.5816,0.5185,0.3181,0.4799,0.2579,0.5235,0.3136,0.2101,0.1718,0.3603,
1.0,0.9984,0.967,0.9654,0.9705,0.9975,0.9953,0.9911,0.9856,0.9204,0.738,0.9297,0.9048,0.8423,0.8055,0.8512,0.6859,0.8291,0.9438,0.7771,0.6113,0.9512,0.7173,0.6266,0.6022,0.6179,0.8565,0.5662,0.6131,0.7809,0.505,0.5534,0.3925,0.5864,0.6768,0.573,0.5077,0.3195,0.4698,0.2497,0.5094,0.3033,0.2088,0.1531,0.3533,
1.0,0.9993,0.9667,0.966,0.9708,0.9973,0.9956,0.9899,0.9833,0.9273,0.726,0.9304,0.9094,0.827,0.7848,0.859,0.6663,0.8125,0.9405,0.7842,0.6082,0.9529,0.7285,0.6181,0.6036,0.601,0.8544,0.5534,0.6253,0.7867,0.5127,0.5458,0.3926,0.5892,0.6798,0.5848,0.514,0.3133,0.4741,0.2575,0.5274,0.3093,0.2164,0.1638,0.3431,
1.0,0.9993,0.9674,0.9667,0.9712,0.9978,0.9962,0.9906,0.9858,0.9216,0.7395,0.933,0.907,0.842,0.8047,0.855,0.6838,0.8297,0.9423,0.7783,0.6168,0.9552,0.7278,0.6324,0.6114,0.6174,0.8517,0.5684,0.6194,0.7843,0.5031,0.5524,0.3891,0.5893,0.6764,0.5893,0.5301,0.3171,0.4767,0.2683,0.5177,0.3157,0.2113,0.1738,0.357,
1.0,0.9989,0.9685,0.9674,0.9727,0.9975,0.9954,0.9904,0.9852,0.9264,0.7406,0.9348,0.9107,0.8373,0.7994,0.863,0.6848,0.825,0.9419,0.7867,0.6105,0.9548,0.7224,0.6216,0.605,0.6164,0.8533,0.5639,0.6183,0.7835,0.5075,0.5527,0.3871,0.5861,0.6786,0.5786,0.5262,0.3133,0.4694,0.2607,0.5226,0.3085,0.2102,0.1694,0.3467,
1.0,0.9993,0.9683,0.9676,0.9693,0.9979,0.9965,0.9922,0.9861,0.9292,0.7444,0.9328,0.9164,0.8443,0.8087,0.8631,0.6987,0.8302,0.9398,0.7969,0.6156,0.9534,0.7263,0.6242,0.6072,0.6219,0.8706,0.5797,0.6179,0.7882,0.506,0.5547,0.3883,0.5923,0.6743,0.5857,0.5367,0.3192,0.4894,0.2697,0.5367,0.3125,0.2101,0.1692,0.3622,
1.0,0.9989,0.9698,0.9687,0.9674,0.9961,0.9935,0.9897,0.9855,0.9263,0.7434,0.9305,0.9078,0.8481,0.8107,0.8582,0.6914,0.8351,0.9386,0.7811,0.6129,0.9514,0.7197,0.6235,0.5994,0.6182,0.8517,0.5668,0.6186,0.7799,0.4937,0.558,0.3745,0.5873,0.6769,0.5752,0.5109,0.3055,0.4729,0.2595,0.518,0.3051,0.2041,0.1512,0.3558,
1.0,0.999,0.9643,0.9633,0.9708,0.9973,0.9953,0.9892,0.9846,0.9261,0.7339,0.9292,0.9091,0.8362,0.7994,0.8569,0.6809,0.8238,0.9408,0.7896,0.6088,0.9492,0.7233,0.6155,0.6032,0.6156,0.8573,0.568,0.6236,0.7857,0.5096,0.5524,0.3875,0.5908,0.6746,0.5845,0.5212,0.3187,0.4774,0.2628,0.5298,0.3136,0.2061,0.1611,0.3589,
1.0,0.9992,0.967,0.9662,0.9681,0.997,0.9951,0.9909,0.9861,0.9262,0.7359,0.9282,0.9087,0.8357,0.7985,0.856,0.6826,0.8249,0.9435,0.7844,0.6065,0.9514,0.7184,0.6145,0.5964,0.6148,0.8575,0.5621,0.6101,0.7814,0.5004,0.5419,0.3829,0.5938,0.6674,0.5735,0.5178,0.312,0.4856,0.2538,0.5212,0.3151,0.2038,0.1625,0.3556,
1.0,0.9983,0.9646,0.9629,0.9677,0.9982,0.9955,0.9902,0.9849,0.9245,0.7361,0.9252,0.9097,0.8407,0.8032,0.851,0.6884,0.8268,0.9406,0.7864,0.6135,0.953,0.7235,0.6218,0.605,0.6173,0.8591,0.5754,0.6209,0.7821,0.4974,0.5527,0.386,0.5821,0.6714,0.5864,0.519,0.3121,0.4751,0.2669,0.5164,0.3046,0.2005,0.1584,0.356,
1.0,0.9985,0.966,0.9645,0.973,0.9966,0.9938,0.9895,0.9854,0.925,0.7405,0.9317,0.9078,0.8377,0.7989,0.8583,0.6776,0.8241,0.9432,0.7811,0.6159,0.953,0.726,0.6274,0.6194,0.6207,0.8515,0.5678,0.6278,0.7831,0.5124,0.5582,0.3977,0.5976,0.6803,0.5922,0.5202,0.3166,0.4884,0.2625,0.5303,0.3172,0.2111,0.1729,0.3587,
1.0,0.9991,0.9705,0.9696,0.9712,0.9978,0.9959,0.9898,0.9833,0.9181,0.7355,0.9354,0.9016,0.8433,0.801,0.8539,0.6876,0.8304,0.9424,0.7776,0.6108,0.9531,0.7153,0.6281,0.6062,0.6128,0.8535,0.5726,0.6147,0.7728,0.4936,0.558,0.3907,0.5883,0.673,0.5775,0.5201,0.3078,0.4784,0.2544,0.5249,0.3053,0.1996,0.1702,0.3573,
1.0,0.9989,0.9693,0.9682,0.9683,0.9975,0.9953,0.9891,0.9844,0.9235,0.7327,0.9309,0.9064,0.8375,0.7996,0.8557,0.6831,0.8251,0.9402,0.7818,0.6125,0.953,0.725,0.6254,0.6066,0.607,0.8563,0.5604,0.623,0.7862,0.5035,0.5516,0.3811,0.5939,0.6731,0.5878,0.5202,0.3115,0.4779,0.2632,0.5234,0.3134,0.2079,0.1572,0.359,
1.0,0.9986,0.9663,0.9649,0.9675,0.9976,0.9949,0.9906,0.9858,0.922,0.7301,0.9261,0.9055,0.8355,0.7944,0.8493,0.6751,0.8225,0.9421,0.7731,0.606,0.9552,0.7207,0.6158,0.5995,0.6083,0.8527,0.5606,0.6141,0.7744,0.4946,0.5506,0.3821,0.5904,0.679,0.5807,0.5209,0.3144,0.4773,0.2524,0.5245,0.3043,0.2052,0.1636,0.3504,
1.0,0.9986,0.9678,0.9664,0.968,0.997,0.9946,0.9903,0.9836,0.9231,0.7271,0.9298,0.9075,0.8317,0.7947,0.8532,0.6778,0.8174,0.9429,0.7837,0.6043,0.954,0.7202,0.6127,0.6013,0.6104,0.8587,0.5681,0.6159,0.7823,0.5035,0.5514,0.3871,0.5908,0.6713,0.5757,0.5203,0.3125,0.4786,0.249,0.527,0.3078,0.2004,0.1588,0.3501,
1.0,0.9991,0.9686,0.9677,0.9726,0.9978,0.9962,0.9914,0.984,0.9167,0.732,0.9349,0.9016,0.8382,0.7995,0.8531,0.6794,0.8234,0.9406,0.7744,0.6052,0.9562,0.7164,0.627,0.6094,0.6158,0.8508,0.5662,0.6162,0.7801,0.5079,0.5612,0.3936,0.5963,0.6829,0.5783,0.5216,0.3209,0.4761,0.2565,0.5273,0.3122,0.2098,0.1695,0.3514,
1.0,0.9991,0.9721,0.9712,0.9711,0.9961,0.9943,0.9911,0.9859,0.9276,0.7437,0.9374,0.9111,0.8409,0.8026,0.8662,0.6879,0.8297,0.9433,0.7866,0.6216,0.9531,0.731,0.6328,0.6124,0.6195,0.856,0.5735,0.6313,0.787,0.5166,0.557,0.3957,0.5969,0.6779,0.5894,0.5243,0.3195,0.4815,0.2693,0.5302,0.318,0.211,0.1723,0.3561,
1.0,0.9987,0.9691,0.9678,0.9699,0.9961,0.9935,0.9915,0.9873,0.9227,0.7361,0.9318,0.9062,0.837,0.8005,0.8561,0.6851,0.824,0.9406,0.7803,0.603,0.9522,0.7161,0.6175,0.6,0.6094,0.8608,0.5649,0.6135,0.7836,0.5081,0.5439,0.3867,0.5891,0.6704,0.5745,0.5191,0.314,0.4873,0.2556,0.5235,0.3109,0.2031,0.1599,0.356,
1.0,0.9992,0.9687,0.9679,0.9682,0.9962,0.9936,0.9905,0.9857,0.9222,0.7353,0.9313,0.9057,0.8371,0.8011,0.855,0.6818,0.8245,0.9405,0.78,0.6124,0.9545,0.7227,0.6225,0.5988,0.6085,0.8518,0.5629,0.6137,0.7794,0.5044,0.5443,0.3763,0.5813,0.6746,0.5768,0.5212,0.3073,0.4751,0.2593,0.5214,0.3065,0.2078,0.1587,0.3437,
1.0,0.9989,0.9672,0.9661,0.9733,0.997,0.9949,0.9886,0.9829,0.9243,0.7343,0.9338,0.9059,0.8347,0.7958,0.8602,0.677,0.822,0.9445,0.7872,0.6032,0.9508,0.7146,0.6172,0.6043,0.6216,0.85,0.5689,0.6129,0.7825,0.515,0.5549,0.3836,0.5824,0.6778,0.5717,0.5142,0.3179,0.4713,0.2529,0.5226,0.3104,0.2096,0.1605,0.3462,
1.0,0.9986,0.967,0.9656,0.9693,0.9975,0.995,0.9876,0.9833,0.9237,0.736,0.9283,0.9044,0.8391,0.7974,0.8528,0.6812,0.8273,0.9437,0.7802,0.6097,0.9515,0.7203,0.62,0.6057,0.6174,0.8525,0.5753,0.6166,0.7839,0.5098,0.5554,0.3799,0.587,0.6786,0.5821,0.5218,0.3178,0.4705,0.2543,0.5229,0.3073,0.2088,0.1575,0.3457,
1.0,0.9986,0.9665,0.9651,0.9703,0.9976,0.9955,0.9906,0.9833,0.9298,0.7365,0.9303,0.9146,0.8352,0.7964,0.8606,0.6799,0.8218,0.9432,0.7897,0.6116,0.953,0.725,0.6163,0.5959,0.6145,0.8565,0.5639,0.6198,0.7892,0.5063,0.5457,0.3732,0.5852,0.6762,0.5845,0.5295,0.3125,0.4657,0.261,0.5162,0.3054,0.211,0.1587,0.3454,
1.0,0.9991,0.9677,0.9668,0.9697,0.9973,0.995,0.9907,0.9842,0.9229,0.7338,0.9316,0.907,0.8409,0.8016,0.8556,0.6827,0.8258,0.9365,0.7798,0.6089,0.9503,0.719,0.6217,0.6041,0.6096,0.8582,0.5647,0.6149,0.7795,0.5063,0.5466,0.3941,0.5893,0.6675,0.5755,0.5131,0.3221,0.481,0.2488,0.517,0.3157,0.2052,0.1558,0.3494,
1.0,0.9987,0.9662,0.9649,0.971,0.9969,0.9941,0.9897,0.9843,0.9152,0.7309,0.9297,0.8975,0.8411,0.8002,0.8465,0.6878,0.8271,0.9374,0.7775,0.6081,0.9509,0.7161,0.6277,0.6049,0.6099,0.8586,0.5778,0.6042,0.7777,0.4984,0.5496,0.3879,0.5794,0.6619,0.5717,0.5149,0.32,0.4819,0.2467,0.519,0.3068,0.1996,0.1621,0.3512,
1.0,0.9989,0.9657,0.9646,0.9697,0.9972,0.9952,0.9898,0.9843,0.9218,0.7277,0.9282,0.9049,0.8335,0.794,0.8526,0.6723,0.8214,0.9392,0.7778,0.5965,0.9535,0.7158,0.6091,0.5996,0.6034,0.8541,0.5578,0.6129,0.7801,0.4995,0.541,0.3839,0.591,0.6757,0.5751,0.5176,0.3099,0.4816,0.2507,0.5235,0.3109,0.2039,0.1594,0.3568,
1.0,0.9992,0.9678,0.967,0.9703,0.9971,0.9951,0.9921,0.9875,0.9234,0.7347,0.9326,0.9089,0.835,0.7994,0.8573,0.6784,0.8221,0.9426,0.7794,0.6098,0.9513,0.722,0.621,0.6157,0.6156,0.8528,0.5687,0.6273,0.7842,0.5136,0.5585,0.3973,0.5867,0.6773,0.5865,0.5145,0.3188,0.4732,0.258,0.5207,0.3152,0.2136,0.1621,0.3476,
1.0,0.9992,0.966,0.9652,0.9686,0.997,0.9946,0.9902,0.9863,0.9272,0.7429,0.9275,0.9093,0.8411,0.8031,0.8564,0.686,0.828,0.9441,0.7839,0.6161,0.9545,0.7284,0.6241,0.6066,0.6244,0.8543,0.575,0.6195,0.7837,0.5092,0.5568,0.3862,0.587,0.6749,0.5889,0.5289,0.3218,0.4779,0.266,0.5183,0.307,0.2036,0.1655,0.3564,
1.0,0.9989,0.9691,0.968,0.9697,0.9969,0.9948,0.9918,0.9844,0.9184,0.7362,0.9327,0.9039,0.8459,0.809,0.8529,0.6888,0.8316,0.9392,0.7784,0.608,0.9554,0.7138,0.6251,0.6011,0.6175,0.853,0.578,0.6089,0.7795,0.5011,0.5614,0.382,0.5897,0.6783,0.578,0.5221,0.3204,0.474,0.2534,0.5186,0.3088,0.21,0.1596,0.3502,
1.0,0.9983,0.9669,0.9652,0.9701,0.9963,0.9929,0.9884,0.9829,0.9244,0.7345,0.9308,0.9066,0.8373,0.7992,0.8554,0.6767,0.8223,0.9372,0.7822,0.6098,0.9482,0.7232,0.6195,0.602,0.6121,0.8511,0.5649,0.6199,0.7838,0.5012,0.547,0.377,0.5814,0.6675,0.5788,0.5139,0.3095,0.4739,0.2545,0.5267,0.3055,0.2023,0.1639,0.3408,
1.0,0.9992,0.9685,0.9677,0.9703,0.9977,0.9958,0.991,0.9851,0.925,0.7373,0.9326,0.9095,0.8391,0.7994,0.8584,0.683,0.8263,0.9385,0.7825,0.6126,0.952,0.7272,0.6233,0.612,0.6108,0.857,0.5621,0.6284,0.782,0.4991,0.5447,0.3925,0.5886,0.6659,0.5815,0.5211,0.3173,0.4745,0.2678,0.5227,0.3083,0.2007,0.1683,0.3474,
1.0,0.9992,0.9659,0.9651,0.9694,0.9974,0.9957,0.9903,0.9845,0.9233,0.7284,0.928,0.9056,0.8342,0.7947,0.8525,0.6737,0.8222,0.9396,0.7789,0.6136,0.9561,0.7383,0.6258,0.623,0.6093,0.8536,0.5617,0.6343,0.7845,0.501,0.5547,0.3915,0.5979,0.6775,0.5967,0.5237,0.32,0.4722,0.2665,0.5201,0.3105,0.209,0.1771,0.3513,
1.0,0.999,0.9686,0.9676,0.9688,0.998,0.9957,0.9884,0.9838,0.9219,0.7208,0.9318,0.905,0.8276,0.7884,0.8547,0.6714,0.8139,0.9402,0.7796,0.6017,0.9507,0.724,0.6153,0.6064,0.5971,0.8524,0.5538,0.6258,0.7752,0.5012,0.5437,0.3917,0.5885,0.6771,0.5838,0.5221,0.3045,0.4854,0.2569,0.5322,0.3119,0.2056,0.1655,0.3487,
1.0,0.9995,0.968,0.9675,0.9699,0.9977,0.9961,0.9915,0.9855,0.9258,0.7354,0.9315,0.9098,0.8356,0.7978,0.8573,0.6749,0.8202,0.9401,0.7773,0.6092,0.9514,0.7204,0.6182,0.6013,0.6109,0.8513,0.5574,0.6181,0.7889,0.5163,0.5523,0.3914,0.5909,0.676,0.5826,0.5219,0.3239,0.4748,0.2542,0.5173,0.3165,0.2185,0.1662,0.348,
1.0,0.9992,0.9674,0.9666,0.9722,0.9972,0.9954,0.991,0.9858,0.928,0.7452,0.9333,0.9121,0.8429,0.8068,0.8627,0.6859,0.8295,0.9427,0.7869,0.6181,0.9565,0.7261,0.6292,0.6074,0.6252,0.8505,0.568,0.62,0.7853,0.5149,0.5556,0.3908,0.586,0.6807,0.5919,0.5277,0.3148,0.4738,0.2702,0.5185,0.316,0.2085,0.1704,0.3471,
1.0,0.9983,0.9681,0.9664,0.9705,0.9973,0.9948,0.9903,0.985,0.9275,0.742,0.9319,0.9126,0.8427,0.8054,0.8597,0.6865,0.8289,0.9403,0.7849,0.619,0.9542,0.7298,0.6263,0.6076,0.616,0.8537,0.5619,0.6241,0.7868,0.5072,0.5481,0.3867,0.5915,0.68,0.5853,0.5201,0.312,0.4774,0.264,0.5213,0.3127,0.2104,0.1652,0.354,
1.0,0.9986,0.9685,0.9671,0.9661,0.9974,0.9955,0.9902,0.9834,0.9282,0.7383,0.9272,0.9119,0.8445,0.8062,0.8572,0.6917,0.8306,0.9386,0.7878,0.6133,0.9534,0.7271,0.6204,0.5986,0.6123,0.8596,0.5693,0.6259,0.7902,0.5159,0.5536,0.3875,0.5964,0.6759,0.5863,0.5272,0.3252,0.4814,0.2688,0.5279,0.3244,0.2128,0.1684,0.3616,
1.0,0.9988,0.969,0.9678,0.9717,0.9978,0.9958,0.9895,0.9836,0.9188,0.7296,0.9349,0.9032,0.835,0.7952,0.8552,0.6817,0.821,0.9386,0.7818,0.6125,0.95,0.7243,0.6278,0.6099,0.605,0.8562,0.5614,0.6298,0.7742,0.5009,0.544,0.3941,0.5855,0.6711,0.5836,0.5157,0.3084,0.4698,0.2631,0.5277,0.3032,0.2061,0.1635,0.3426,
1.0,0.9994,0.9682,0.9676,0.9693,0.9968,0.9958,0.9931,0.9851,0.9236,0.7347,0.9321,0.9098,0.8383,0.801,0.8574,0.6879,0.8222,0.9355,0.7867,0.6063,0.9555,0.7224,0.6191,0.6078,0.6071,0.8595,0.5635,0.6208,0.7815,0.5066,0.5476,0.3923,0.5956,0.6725,0.5801,0.5184,0.3138,0.4886,0.2599,0.5303,0.3136,0.204,0.1635,0.3562,
1.0,0.9988,0.9688,0.9676,0.9694,0.9984,0.9956,0.9886,0.983,0.9223,0.735,0.9312,0.9049,0.8413,0.8027,0.8547,0.6883,0.828,0.9429,0.7823,0.6145,0.9532,0.7236,0.629,0.6126,0.6217,0.861,0.5773,0.6182,0.7856,0.509,0.5649,0.393,0.5955,0.6727,0.5826,0.5207,0.3161,0.4827,0.2603,0.5254,0.3145,0.2103,0.167,0.3583,
1.0,0.999,0.9703,0.9693,0.9721,0.9974,0.9948,0.9881,0.9832,0.9207,0.7348,0.9365,0.9029,0.8421,0.8034,0.8576,0.6888,0.8285,0.9432,0.7838,0.6121,0.9495,0.7194,0.6307,0.6024,0.6153,0.8561,0.5664,0.6131,0.7786,0.504,0.5551,0.3918,0.5903,0.677,0.5783,0.529,0.3167,0.4697,0.2611,0.518,0.3049,0.2073,0.1655,0.3477,
1.0,0.9994,0.9667,0.9661,0.9693,0.9961,0.9941,0.9927,0.9882,0.9247,0.7446,0.9303,0.9091,0.8442,0.8086,0.8571,0.688,0.8315,0.945,0.7813,0.6206,0.9567,0.7287,0.6295,0.608,0.6154,0.8568,0.5674,0.6252,0.7786,0.5043,0.5492,0.3844,0.598,0.6812,0.5914,0.5282,0.3132,0.485,0.2692,0.5253,0.3124,0.2081,0.1649,0.3641,
1.0,0.9994,0.9648,0.9642,0.9677,0.9969,0.9953,0.9915,0.9871,0.9208,0.7394,0.9264,0.9049,0.8444,0.8081,0.8495,0.6899,0.8318,0.9443,0.778,0.6154,0.9527,0.7156,0.6249,0.5954,0.6125,0.8559,0.5705,0.6125,0.7743,0.5033,0.5486,0.3806,0.5911,0.6794,0.5822,0.5236,0.3203,0.4835,0.2568,0.5264,0.3122,0.2007,0.1617,0.3627,
1.0,0.9988,0.9669,0.9657,0.9698,0.9965,0.994,0.9906,0.9847,0.9258,0.7404,0.9292,0.9086,0.8404,0.8026,0.8563,0.6822,0.826,0.943,0.7812,0.614,0.9533,0.7258,0.6233,0.6121,0.6241,0.854,0.5712,0.6205,0.7867,0.5124,0.5524,0.385,0.5912,0.6697,0.5875,0.5187,0.3235,0.4814,0.257,0.5124,0.3174,0.1998,0.1672,0.3531,
1.0,0.9994,0.9682,0.9676,0.9722,0.9958,0.9943,0.9913,0.9862,0.9238,0.7385,0.9344,0.9063,0.8384,0.8009,0.8603,0.6863,0.8253,0.9385,0.7887,0.6061,0.9522,0.7173,0.6177,0.5995,0.6087,0.8572,0.5615,0.6134,0.7787,0.5064,0.5419,0.3883,0.5879,0.6742,0.5792,0.5265,0.311,0.4842,0.2585,0.5328,0.3178,0.2051,0.168,0.359,
1.0,0.9994,0.9667,0.9661,0.9701,0.997,0.9958,0.9911,0.9846,0.9244,0.7344,0.9311,0.9086,0.8354,0.7972,0.8564,0.6789,0.821,0.9414,0.7826,0.6116,0.9519,0.7239,0.6213,0.6051,0.6104,0.8552,0.5684,0.6186,0.7869,0.5076,0.5498,0.3897,0.5883,0.6742,0.5855,0.5175,0.3205,0.478,0.2602,0.5231,0.3141,0.2061,0.1675,0.3456,
1.0,0.9983,0.969,0.9673,0.9715,0.9974,0.9948,0.9896,0.9846,0.9224,0.7353,0.9323,0.9053,0.838,0.8003,0.8558,0.6904,0.8259,0.9428,0.788,0.6035,0.957,0.7148,0.6172,0.6079,0.6196,0.8592,0.5739,0.6168,0.7822,0.5132,0.5574,0.3934,0.5986,0.6868,0.5826,0.535,0.3163,0.4903,0.2629,0.5359,0.3243,0.2159,0.1684,0.3672,
1.0,0.9989,0.9643,0.9632,0.9692,0.997,0.9948,0.9897,0.9837,0.9218,0.7299,0.9272,0.9054,0.8348,0.7957,0.85,0.6795,0.8206,0.9406,0.7815,0.6098,0.9505,0.7197,0.6193,0.6002,0.6091,0.8597,0.5623,0.6121,0.7788,0.5034,0.5416,0.3846,0.5868,0.667,0.58,0.5176,0.316,0.4769,0.2579,0.5217,0.3118,0.2059,0.1576,0.3503,
1.0,0.998,0.9662,0.9642,0.9712,0.9975,0.9948,0.9896,0.9837,0.9233,0.7254,0.9306,0.9077,0.8269,0.7869,0.8551,0.6654,0.8127,0.9417,0.7785,0.6012,0.9516,0.7206,0.6108,0.6039,0.6046,0.8525,0.5545,0.6166,0.7844,0.501,0.5429,0.3889,0.5929,0.6713,0.5893,0.5217,0.3044,0.4744,0.2505,0.5119,0.3098,0.1988,0.1674,0.342,
1.0,0.9993,0.969,0.9683,0.969,0.9981,0.9961,0.9897,0.984,0.9191,0.7302,0.9322,0.9031,0.8384,0.7995,0.8519,0.6862,0.8263,0.9437,0.7797,0.6099,0.9554,0.72,0.6256,0.6101,0.6138,0.8557,0.5713,0.6202,0.773,0.5011,0.5539,0.388,0.5894,0.6755,0.5763,0.5247,0.3153,0.4781,0.264,0.5208,0.3037,0.2053,0.1647,0.3541,
1.0,0.999,0.969,0.968,0.9701,0.9975,0.9953,0.9907,0.9855,0.9209,0.7296,0.932,0.904,0.8354,0.7945,0.8537,0.6759,0.8209,0.942,0.7728,0.598,0.9537,0.7158,0.614,0.607,0.6064,0.8494,0.5633,0.6229,0.7838,0.5023,0.5558,0.3858,0.5954,0.6783,0.5828,0.521,0.3137,0.4749,0.2564,0.5207,0.3134,0.2067,0.1605,0.3539,
1.0,0.999,0.9682,0.9672,0.9719,0.9974,0.9951,0.9892,0.9835,0.9201,0.7329,0.9342,0.9033,0.8383,0.7983,0.8558,0.6815,0.8248,0.9413,0.7797,0.6078,0.9522,0.7188,0.6243,0.6038,0.6087,0.8554,0.5645,0.6226,0.7802,0.5052,0.5523,0.3887,0.5923,0.6804,0.5785,0.5211,0.3188,0.4793,0.2585,0.5281,0.3104,0.2108,0.1649,0.3528,
1.0,0.9989,0.9725,0.9714,0.9691,0.9968,0.9949,0.9902,0.9835,0.9236,0.7382,0.9358,0.9074,0.8436,0.8036,0.8601,0.6875,0.8304,0.9375,0.7793,0.6117,0.9501,0.7198,0.6238,0.6012,0.6162,0.8539,0.5743,0.6194,0.7854,0.5,0.5595,0.3884,0.5918,0.6742,0.5743,0.5079,0.3204,0.4764,0.2549,0.5251,0.3084,0.2087,0.1625,0.3484,
1.0,0.9989,0.9708,0.9697,0.9725,0.9978,0.9951,0.9889,0.9836,0.92,0.731,0.9364,0.9026,0.8352,0.7944,0.8583,0.6827,0.8217,0.9378,0.7833,0.6041,0.9546,0.7219,0.6256,0.6122,0.6044,0.8563,0.5548,0.6209,0.7747,0.5022,0.5414,0.3901,0.5907,0.6779,0.5799,0.5194,0.3067,0.4766,0.2579,0.5191,0.3104,0.2115,0.1611,0.3505,
1.0,0.9989,0.9675,0.9664,0.9672,0.9977,0.9955,0.9906,0.9855,0.924,0.7322,0.9285,0.909,0.835,0.7989,0.8547,0.6823,0.8193,0.9405,0.7818,0.6141,0.9526,0.7272,0.6226,0.6122,0.6098,0.8575,0.5687,0.6306,0.7821,0.4971,0.5507,0.3846,0.591,0.6791,0.5907,0.5262,0.3069,0.4756,0.2653,0.5201,0.3065,0.2086,0.1661,0.3518,
1.0,0.9985,0.9674,0.9659,0.9697,0.9967,0.994,0.9879,0.9821,0.9227,0.7331,0.9277,0.9012,0.8406,0.7963,0.8511,0.6817,0.8263,0.9409,0.7787,0.605,0.9486,0.7115,0.6202,0.5934,0.6093,0.85,0.5642,0.6059,0.7804,0.5023,0.5485,0.3742,0.5792,0.6616,0.5636,0.5189,0.3159,0.468,0.2454,0.5123,0.3023,0.201,0.158,0.3459,
1.0,0.999,0.966,0.965,0.9714,0.9974,0.995,0.9905,0.986,0.9229,0.7322,0.9303,0.9059,0.8334,0.7957,0.8549,0.6785,0.8207,0.9426,0.7837,0.6051,0.9532,0.7198,0.6211,0.6046,0.6122,0.8543,0.5577,0.6131,0.782,0.5096,0.5448,0.3849,0.5837,0.6682,0.5742,0.5188,0.3149,0.4681,0.2514,0.5175,0.3059,0.2044,0.1604,0.3496,
1.0,0.999,0.9674,0.9664,0.9709,0.9969,0.9945,0.9902,0.9854,0.9297,0.7412,0.9325,0.9132,0.8361,0.798,0.8636,0.6743,0.8231,0.9415,0.7851,0.6154,0.951,0.7325,0.6235,0.608,0.6178,0.8525,0.5637,0.6301,0.7878,0.5104,0.5508,0.3909,0.5915,0.6823,0.59,0.5167,0.3174,0.4743,0.258,0.5222,0.3206,0.2146,0.1693,0.3454,
1.0,0.9988,0.9686,0.9674,0.9698,0.9974,0.9955,0.9912,0.9847,0.926,0.7361,0.9319,0.9112,0.8376,0.8002,0.8594,0.6863,0.8248,0.9427,0.7877,0.6138,0.9544,0.7276,0.6259,0.6129,0.616,0.8591,0.5696,0.6319,0.7874,0.5121,0.5561,0.3932,0.5972,0.6808,0.5935,0.519,0.319,0.4816,0.2613,0.5322,0.3225,0.2144,0.1621,0.3586,
1.0,0.9991,0.9719,0.971,0.9675,0.9975,0.9959,0.9915,0.986,0.9215,0.7331,0.9326,0.9057,0.8383,0.7998,0.8538,0.6872,0.8265,0.9405,0.7766,0.6013,0.9541,0.7192,0.6197,0.6115,0.6105,0.858,0.5638,0.6203,0.778,0.4941,0.5509,0.3802,0.5928,0.6789,0.5806,0.5201,0.3197,0.4737,0.2606,0.5188,0.3055,0.2072,0.1601,0.351,
1.0,0.9993,0.9668,0.9661,0.969,0.997,0.9954,0.9915,0.9858,0.9217,0.7323,0.9291,0.9057,0.836,0.7982,0.8522,0.6792,0.8245,0.9416,0.7784,0.6031,0.9529,0.7152,0.6131,0.6058,0.6149,0.854,0.5647,0.6083,0.7755,0.5008,0.5471,0.385,0.5887,0.6768,0.5755,0.5182,0.3224,0.4775,0.2511,0.5255,0.3086,0.206,0.1604,0.3525,
1.0,0.9985,0.9678,0.9663,0.9701,0.997,0.9947,0.9916,0.9872,0.9238,0.7357,0.9313,0.9093,0.8375,0.8009,0.8575,0.6823,0.825,0.9397,0.7831,0.6063,0.9564,0.7241,0.619,0.6023,0.6082,0.8574,0.5655,0.6228,0.7848,0.5073,0.5507,0.3838,0.5902,0.6803,0.5837,0.5291,0.319,0.4686,0.2583,0.5221,0.3034,0.2091,0.1606,0.3485,
1.0,0.9992,0.9648,0.964,0.9719,0.9971,0.9952,0.9904,0.9836,0.9216,0.7305,0.9308,0.9052,0.8346,0.7955,0.8536,0.6844,0.8203,0.9391,0.7885,0.6079,0.9516,0.719,0.6224,0.597,0.61,0.8596,0.5667,0.6167,0.7838,0.5016,0.55,0.3849,0.5904,0.6748,0.5752,0.5199,0.3082,0.4746,0.261,0.5246,0.3026,0.2094,0.1654,0.3515,
1.0,0.9989,0.9697,0.9686,0.9677,0.9978,0.9959,0.9912,0.9861,0.9201,0.7306,0.9321,0.9062,0.8362,0.8026,0.8536,0.6896,0.8241,0.9397,0.7823,0.6097,0.9571,0.7278,0.6232,0.6091,0.6077,0.8605,0.5638,0.6231,0.7805,0.5048,0.5508,0.3949,0.5982,0.682,0.5845,0.5219,0.3132,0.4869,0.264,0.5325,0.3107,0.2151,0.1683,0.3608,
1.0,0.9995,0.9691,0.9686,0.9688,0.9975,0.9962,0.9912,0.9851,0.9234,0.7351,0.9315,0.9071,0.8405,0.8027,0.8569,0.6852,0.8276,0.9409,0.7828,0.6096,0.954,0.7223,0.6259,0.6044,0.6077,0.8556,0.5642,0.6266,0.7822,0.5049,0.549,0.3901,0.5985,0.6779,0.5858,0.5217,0.3138,0.4882,0.2641,0.5263,0.3207,0.2113,0.1618,0.3625,
1.0,0.9989,0.969,0.9679,0.9718,0.9973,0.9953,0.9918,0.9867,0.9259,0.7381,0.9341,0.9108,0.8348,0.7996,0.8615,0.6872,0.8215,0.9367,0.7899,0.6001,0.9546,0.7185,0.612,0.5958,0.6052,0.8598,0.5538,0.6165,0.7879,0.5091,0.5414,0.3816,0.5862,0.6722,0.5712,0.5167,0.3064,0.4751,0.2583,0.5293,0.3095,0.2111,0.1535,0.3562,
1.0,0.9989,0.9709,0.9698,0.9679,0.9973,0.9953,0.9895,0.9845,0.9213,0.7352,0.9314,0.9035,0.8435,0.8019,0.8535,0.6906,0.8306,0.9385,0.7799,0.6087,0.9495,0.7168,0.6244,0.6038,0.6063,0.8554,0.5633,0.6264,0.7717,0.4911,0.5514,0.3855,0.5976,0.6794,0.5789,0.5229,0.3138,0.4721,0.2691,0.5315,0.3045,0.2087,0.1635,0.3568,
1.0,0.9992,0.9682,0.9674,0.9707,0.9976,0.9958,0.9907,0.9851,0.9212,0.7317,0.9331,0.9059,0.8346,0.7968,0.8535,0.6777,0.8202,0.9397,0.7788,0.6086,0.9518,0.7175,0.6219,0.6042,0.6099,0.8486,0.5638,0.6209,0.7806,0.5075,0.5498,0.3903,0.5968,0.6809,0.5826,0.5151,0.314,0.4728,0.2547,0.5261,0.3099,0.2119,0.1584,0.3504,
1.0,0.9992,0.9663,0.9655,0.9684,0.9971,0.9956,0.992,0.9866,0.9218,0.7361,0.9294,0.9079,0.8381,0.8024,0.8525,0.6857,0.8249,0.9409,0.7812,0.6085,0.952,0.7175,0.6186,0.5993,0.6121,0.8627,0.5675,0.6142,0.7834,0.5065,0.5473,0.3833,0.5838,0.6743,0.5797,0.5219,0.3211,0.477,0.2567,0.5287,0.3097,0.2131,0.154,0.3523,
1.0,0.9988,0.9666,0.9654,0.9719,0.9981,0.9958,0.9911,0.9872,0.9207,0.7388,0.9311,0.9055,0.8414,0.8052,0.8526,0.6877,0.8283,0.9423,0.78,0.6104,0.9496,0.7173,0.6267,0.6065,0.6152,0.8555,0.5651,0.6249,0.7804,0.5007,0.5541,0.3887,0.5969,0.6803,0.5864,0.5225,0.3146,0.4842,0.2646,0.5289,0.3128,0.2072,0.167,0.3633,
1.0,0.9993,0.966,0.9653,0.9671,0.9974,0.9954,0.9916,0.9852,0.9216,0.7304,0.927,0.9063,0.8349,0.798,0.8501,0.6801,0.8202,0.9401,0.7796,0.6062,0.955,0.7254,0.6143,0.5995,0.6082,0.8602,0.5631,0.6188,0.7826,0.4997,0.5475,0.3879,0.5971,0.6763,0.5769,0.5185,0.3172,0.4896,0.2603,0.5272,0.3131,0.2074,0.162,0.3633,
1.0,0.9987,0.9667,0.9654,0.9719,0.9967,0.9937,0.9891,0.9839,0.9241,0.7359,0.9328,0.9071,0.8371,0.7982,0.8578,0.6841,0.8237,0.9405,0.7906,0.6074,0.9568,0.728,0.6182,0.6062,0.6181,0.8629,0.5708,0.609,0.7808,0.509,0.5472,0.3863,0.5871,0.6724,0.5785,0.5256,0.3127,0.4844,0.2515,0.5289,0.3118,0.2037,0.1654,0.3522,
1.0,0.999,0.9691,0.9681,0.9697,0.9973,0.9948,0.9882,0.9828,0.9266,0.7372,0.9334,0.9094,0.8377,0.7988,0.8608,0.6889,0.8243,0.939,0.7927,0.6107,0.9515,0.7254,0.6167,0.6109,0.6148,0.8627,0.5743,0.6217,0.7854,0.5017,0.5413,0.3871,0.5928,0.674,0.5912,0.5318,0.3162,0.4925,0.2681,0.5295,0.314,0.2075,0.1663,0.3551,
1.0,0.999,0.9653,0.9643,0.9681,0.998,0.9953,0.9893,0.985,0.9263,0.7375,0.927,0.9103,0.8392,0.7989,0.8547,0.6839,0.8263,0.9395,0.7837,0.6115,0.9528,0.7256,0.6195,0.6064,0.613,0.8593,0.5731,0.6196,0.781,0.5051,0.5514,0.3902,0.5971,0.6782,0.5817,0.5222,0.3139,0.4873,0.2599,0.5337,0.3158,0.2045,0.1596,0.3536,
1.0,0.9987,0.9669,0.9656,0.9703,0.9976,0.995,0.9902,0.9834,0.9271,0.7352,0.9305,0.911,0.8354,0.7952,0.8593,0.6824,0.8211,0.9421,0.7876,0.6112,0.9516,0.7195,0.6215,0.6004,0.6124,0.8585,0.566,0.6277,0.7871,0.507,0.5514,0.3825,0.591,0.6745,0.5834,0.5079,0.3101,0.4832,0.2585,0.534,0.3112,0.2103,0.1555,0.3544,
1.0,0.9989,0.9664,0.9653,0.972,0.9978,0.9955,0.9897,0.9849,0.9219,0.7411,0.9322,0.9061,0.8451,0.8091,0.8554,0.6888,0.8321,0.9449,0.7839,0.6194,0.9557,0.7243,0.6352,0.6151,0.6298,0.8533,0.5823,0.624,0.7874,0.5137,0.5695,0.3915,0.5928,0.6811,0.5892,0.526,0.3228,0.4777,0.2663,0.5256,0.312,0.212,0.1695,0.3556,
1.0,0.9986,0.9707,0.9693,0.9708,0.9972,0.9947,0.9898,0.9865,0.9245,0.7421,0.9354,0.9098,0.8425,0.8043,0.8616,0.6918,0.8307,0.9462,0.7863,0.6174,0.951,0.7224,0.6332,0.6159,0.6227,0.8601,0.5813,0.6235,0.7865,0.5068,0.5647,0.3954,0.5911,0.6764,0.5897,0.5326,0.3206,0.48,0.2664,0.5214,0.3152,0.2054,0.1697,0.3506,
1.0,0.9988,0.9659,0.9647,0.9702,0.9973,0.9949,0.9892,0.9843,0.9271,0.7357,0.9294,0.9101,0.8375,0.7992,0.858,0.6807,0.8246,0.9368,0.788,0.6072,0.9532,0.7251,0.6147,0.6066,0.6123,0.8562,0.5601,0.6186,0.7807,0.5045,0.5395,0.3899,0.5855,0.6654,0.5829,0.5185,0.3106,0.4768,0.2584,0.5121,0.3109,0.2039,0.1576,0.352,
1.0,0.9988,0.9646,0.9634,0.9684,0.9976,0.9949,0.99,0.9843,0.9267,0.7356,0.9256,0.9093,0.8374,0.798,0.8536,0.6847,0.8224,0.9391,0.7874,0.6152,0.953,0.7267,0.6238,0.6052,0.6154,0.86,0.5664,0.6234,0.7836,0.5083,0.5467,0.3873,0.5908,0.667,0.5859,0.5225,0.3133,0.486,0.2656,0.5208,0.3173,0.1996,0.1672,0.358,
1.0,0.9988,0.9687,0.9675,0.9698,0.9977,0.9959,0.9914,0.9855,0.9183,0.7346,0.9323,0.9044,0.8418,0.8056,0.8529,0.6872,0.8289,0.9413,0.7778,0.6061,0.9552,0.7142,0.6227,0.6069,0.615,0.8597,0.5707,0.6134,0.7812,0.4929,0.5557,0.388,0.5876,0.6712,0.5693,0.5179,0.3127,0.4792,0.2538,0.5209,0.3066,0.2027,0.1613,0.3563,
1.0,0.9987,0.9675,0.9662,0.9716,0.9969,0.9948,0.9887,0.9836,0.9261,0.7407,0.9316,0.9074,0.8408,0.801,0.8587,0.6835,0.8281,0.9402,0.7862,0.6115,0.9522,0.724,0.6224,0.6027,0.6158,0.8518,0.5655,0.624,0.7854,0.5083,0.5562,0.3794,0.5927,0.6778,0.5813,0.5187,0.3085,0.4714,0.2659,0.5207,0.3109,0.2091,0.1575,0.3519,
1.0,0.9989,0.9701,0.969,0.9748,0.9968,0.9944,0.9904,0.9861,0.9219,0.7444,0.9386,0.9054,0.8441,0.8091,0.8616,0.6968,0.8308,0.9428,0.7907,0.6138,0.9521,0.7209,0.6315,0.6114,0.6259,0.8626,0.5771,0.6226,0.7866,0.5087,0.5564,0.3949,0.5948,0.6741,0.5821,0.5285,0.3202,0.4804,0.2671,0.5313,0.3088,0.206,0.174,0.3648,
1.0,0.9988,0.9656,0.9644,0.9703,0.9971,0.9947,0.9905,0.9858,0.9239,0.7387,0.9293,0.9076,0.8394,0.8012,0.855,0.6764,0.8265,0.9385,0.778,0.6154,0.9547,0.7272,0.6249,0.6135,0.6133,0.8488,0.5619,0.6314,0.7797,0.5072,0.5469,0.3933,0.5938,0.672,0.5893,0.5186,0.3152,0.473,0.2675,0.5148,0.3127,0.2052,0.1665,0.3556,
1.0,0.9989,0.9701,0.969,0.9695,0.9968,0.9948,0.9917,0.9857,0.9236,0.732,0.9325,0.9075,0.8366,0.797,0.8572,0.6842,0.8229,0.9404,0.782,0.6067,0.9527,0.7168,0.6181,0.602,0.6058,0.8555,0.5601,0.617,0.7758,0.4983,0.5476,0.3896,0.5963,0.6774,0.5814,0.5166,0.3115,0.4824,0.252,0.5331,0.308,0.2087,0.1592,0.3573,
1.0,0.999,0.9682,0.9672,0.9702,0.9979,0.996,0.9904,0.9861,0.9225,0.7327,0.9326,0.9084,0.8349,0.7991,0.8561,0.6859,0.823,0.9456,0.7854,0.6067,0.9497,0.7176,0.6197,0.5968,0.6078,0.8612,0.5666,0.6191,0.7836,0.5044,0.5462,0.3882,0.5884,0.6774,0.5813,0.5291,0.3113,0.4853,0.2566,0.5321,0.3145,0.2107,0.1618,0.3595,
1.0,0.9986,0.9661,0.9647,0.9681,0.9963,0.9936,0.99,0.984,0.9233,0.7359,0.9266,0.9044,0.8432,0.8006,0.8517,0.6806,0.8283,0.9381,0.7787,0.6086,0.9488,0.7161,0.6186,0.5991,0.6144,0.8545,0.572,0.6154,0.7729,0.4983,0.5547,0.3788,0.5897,0.6716,0.5818,0.5254,0.3237,0.4759,0.2657,0.5243,0.307,0.207,0.1636,0.3506,
1.0,0.9985,0.9666,0.9651,0.9719,0.9974,0.995,0.9902,0.9845,0.9265,0.7387,0.9317,0.911,0.8382,0.7994,0.8592,0.6827,0.8252,0.9389,0.788,0.6107,0.9528,0.7231,0.6197,0.5972,0.6085,0.8541,0.5584,0.6179,0.7823,0.5045,0.5401,0.377,0.5855,0.6723,0.5803,0.5177,0.3075,0.4705,0.2582,0.5252,0.3062,0.2042,0.152,0.3529,
1.0,0.9994,0.9696,0.969,0.9684,0.9963,0.995,0.9895,0.9834,0.929,0.7409,0.932,0.9105,0.8416,0.8015,0.8625,0.6886,0.8285,0.9415,0.7872,0.6145,0.9513,0.7261,0.6207,0.6074,0.6176,0.858,0.5674,0.6251,0.7807,0.4977,0.5556,0.3815,0.5949,0.6797,0.5832,0.5206,0.3137,0.4779,0.2624,0.5349,0.3053,0.2029,0.1643,0.3616,
1.0,0.9987,0.965,0.9637,0.9694,0.9973,0.9946,0.9893,0.9832,0.9217,0.7228,0.9277,0.9053,0.829,0.7881,0.8524,0.6707,0.8141,0.9412,0.78,0.6035,0.9506,0.7164,0.6157,0.6009,0.5991,0.8549,0.5568,0.6193,0.773,0.4965,0.5391,0.3884,0.5917,0.672,0.5793,0.5147,0.3092,0.4795,0.2512,0.5205,0.3104,0.1993,0.1572,0.3445,
1.0,0.9991,0.9674,0.9665,0.9682,0.9978,0.9956,0.9908,0.987,0.9215,0.7387,0.9278,0.9049,0.8435,0.8078,0.8509,0.6903,0.8321,0.9431,0.7795,0.6088,0.9579,0.7185,0.6231,0.6026,0.6163,0.8546,0.5702,0.6111,0.7811,0.5017,0.5565,0.3853,0.5944,0.6809,0.5809,0.524,0.3205,0.4824,0.2543,0.526,0.3078,0.2055,0.1609,0.3589,
1.0,0.9994,0.9652,0.9646,0.9708,0.9978,0.9963,0.9913,0.9853,0.9218,0.7408,0.9305,0.9069,0.843,0.8061,0.8545,0.6868,0.8284,0.9412,0.7816,0.6116,0.9526,0.7203,0.624,0.6059,0.6193,0.8565,0.5684,0.6187,0.7805,0.5037,0.5502,0.3852,0.5897,0.6769,0.5834,0.5209,0.3192,0.4754,0.2619,0.5184,0.3073,0.2073,0.1586,0.3538,
1.0,0.9988,0.9679,0.9667,0.9714,0.997,0.9955,0.9919,0.9853,0.9228,0.7398,0.9327,0.9076,0.8399,0.8014,0.8563,0.6882,0.8276,0.943,0.7855,0.6159,0.955,0.7318,0.6301,0.6202,0.6208,0.8634,0.5752,0.6261,0.7876,0.5091,0.5593,0.3917,0.5903,0.6813,0.5935,0.5231,0.3215,0.478,0.2619,0.5294,0.3137,0.2107,0.1688,0.3601,
1.0,0.999,0.9672,0.9662,0.9687,0.9971,0.995,0.9903,0.9853,0.9249,0.7384,0.9287,0.9085,0.8411,0.8024,0.8563,0.6878,0.8276,0.9419,0.7825,0.6098,0.9518,0.718,0.6224,0.606,0.6201,0.8574,0.5757,0.6157,0.782,0.5085,0.5554,0.3876,0.5819,0.6748,0.5788,0.5221,0.3218,0.478,0.2584,0.5192,0.3113,0.2087,0.1612,0.3517,
1.0,0.9989,0.966,0.9649,0.9692,0.9965,0.9947,0.9909,0.9863,0.9269,0.7401,0.9286,0.9105,0.8401,0.803,0.8565,0.6823,0.8286,0.9415,0.7814,0.6143,0.9482,0.7216,0.6225,0.5958,0.6113,0.8539,0.5641,0.6182,0.7837,0.5046,0.5515,0.3875,0.5841,0.6703,0.5786,0.5132,0.3089,0.4699,0.2577,0.5143,0.3121,0.2091,0.1574,0.353,
1.0,0.999,0.9699,0.9689,0.9689,0.9971,0.9954,0.9922,0.988,0.9254,0.7433,0.9319,0.9101,0.8428,0.8097,0.8577,0.6921,0.8309,0.9426,0.7831,0.6145,0.9539,0.7234,0.6252,0.6147,0.6213,0.8564,0.5715,0.6303,0.7867,0.5071,0.5585,0.386,0.5936,0.6778,0.5918,0.5245,0.3191,0.478,0.2726,0.5268,0.312,0.207,0.1636,0.3568,
1.0,0.9993,0.9652,0.9645,0.9728,0.9971,0.9951,0.9913,0.9865,0.927,0.7488,0.9317,0.9104,0.8466,0.8097,0.8594,0.6883,0.8325,0.9379,0.7852,0.6155,0.9493,0.7223,0.6259,0.6058,0.6219,0.854,0.5685,0.6229,0.7896,0.5088,0.5521,0.3882,0.5877,0.6654,0.5853,0.5186,0.3141,0.4721,0.268,0.515,0.3081,0.2076,0.1613,0.3499,
1.0,0.9989,0.9649,0.9638,0.9727,0.9973,0.9951,0.9902,0.9851,0.9221,0.7388,0.9313,0.9062,0.8407,0.802,0.8555,0.68,0.8265,0.9399,0.7799,0.6097,0.9522,0.7199,0.6213,0.6072,0.6142,0.8562,0.5621,0.6135,0.7814,0.4917,0.5459,0.3862,0.5871,0.667,0.5778,0.5151,0.307,0.4801,0.2564,0.5121,0.2996,0.2005,0.1593,0.3502,
1.0,0.9985,0.9671,0.9656,0.9711,0.998,0.9958,0.9906,0.9854,0.9241,0.7391,0.9307,0.9092,0.8393,0.8001,0.8569,0.6867,0.8261,0.9399,0.7856,0.6084,0.952,0.7183,0.6182,0.6002,0.6153,0.8604,0.5671,0.6121,0.7816,0.5013,0.5473,0.3976,0.5874,0.6758,0.5786,0.5226,0.3175,0.4836,0.2563,0.524,0.3142,0.2129,0.1718,0.3548,
1.0,0.9988,0.9702,0.969,0.97,0.9976,0.9955,0.9914,0.9869,0.9227,0.741,0.9326,0.907,0.8441,0.807,0.8554,0.6924,0.8324,0.9431,0.7822,0.6105,0.9532,0.7144,0.6247,0.6057,0.6206,0.8586,0.5733,0.6142,0.781,0.5068,0.5604,0.3887,0.5871,0.6829,0.5781,0.521,0.3315,0.4755,0.2575,0.5296,0.314,0.2129,0.1653,0.356,
1.0,0.9988,0.968,0.9668,0.9705,0.9977,0.9952,0.9905,0.9863,0.9213,0.7392,0.9321,0.9062,0.8415,0.8069,0.8547,0.6939,0.8279,0.9437,0.7847,0.6105,0.9524,0.72,0.6289,0.6018,0.6167,0.8597,0.5698,0.6153,0.7801,0.5064,0.5511,0.3893,0.5903,0.6741,0.5819,0.5258,0.3164,0.4831,0.2619,0.5216,0.308,0.2085,0.1663,0.362,
1.0,0.999,0.9659,0.9649,0.9687,0.9975,0.9957,0.9924,0.9873,0.9274,0.7444,0.928,0.9136,0.8447,0.8059,0.8562,0.6909,0.8307,0.9394,0.7844,0.6086,0.9518,0.7181,0.6158,0.5937,0.6129,0.8604,0.5674,0.6181,0.7867,0.5042,0.5546,0.3762,0.5891,0.675,0.5784,0.5206,0.3135,0.4831,0.2684,0.5271,0.3118,0.2119,0.1582,0.3606,
1.0,0.9989,0.9679,0.9668,0.972,0.9964,0.9946,0.9927,0.988,0.9236,0.7371,0.9344,0.9095,0.8347,0.8025,0.8582,0.6894,0.8221,0.9409,0.7904,0.6064,0.9531,0.7199,0.6188,0.6067,0.6122,0.8598,0.5609,0.6228,0.7856,0.5085,0.5449,0.3822,0.5924,0.6794,0.5837,0.528,0.3142,0.486,0.2681,0.5316,0.3122,0.2114,0.1726,0.3591,
1.0,0.9988,0.9656,0.9644,0.9699,0.9969,0.9949,0.9914,0.9858,0.9233,0.734,0.9283,0.9068,0.8371,0.7985,0.8519,0.6781,0.8249,0.941,0.778,0.601,0.953,0.7135,0.6092,0.5945,0.608,0.852,0.561,0.6115,0.7838,0.5051,0.5483,0.3826,0.5906,0.6728,0.5686,0.5114,0.3217,0.471,0.2561,0.5208,0.3134,0.2075,0.1562,0.3477,
1.0,0.999,0.9666,0.9656,0.9709,0.9965,0.9947,0.9903,0.9855,0.9237,0.7378,0.9305,0.9065,0.8394,0.799,0.8546,0.6808,0.8276,0.9409,0.7792,0.6084,0.9523,0.7219,0.6192,0.5984,0.6072,0.8524,0.5593,0.6135,0.7773,0.507,0.5416,0.3854,0.5801,0.67,0.5788,0.5217,0.3169,0.4799,0.2583,0.5233,0.3106,0.2106,0.1635,0.3521,
1.0,0.999,0.9688,0.9678,0.9697,0.998,0.9956,0.99,0.9857,0.9187,0.7265,0.9321,0.9027,0.8339,0.7967,0.8525,0.6884,0.8219,0.9439,0.7849,0.6012,0.9564,0.7166,0.6178,0.6028,0.5997,0.8609,0.5627,0.6138,0.7763,0.497,0.5456,0.3725,0.5913,0.6801,0.5826,0.5319,0.3051,0.4767,0.2547,0.5336,0.3077,0.2085,0.1611,0.3508,
1.0,0.999,0.9671,0.9661,0.9715,0.997,0.9949,0.9912,0.9858,0.9258,0.738,0.9325,0.9106,0.8376,0.802,0.86,0.6897,0.8248,0.9381,0.793,0.6128,0.9548,0.7338,0.6243,0.6079,0.6085,0.8636,0.5624,0.6238,0.7903,0.5132,0.5388,0.3923,0.5816,0.6647,0.5831,0.5214,0.316,0.4844,0.2632,0.5247,0.3182,0.2071,0.166,0.3552,
1.0,0.9993,0.9715,0.9708,0.9709,0.9965,0.9952,0.9912,0.984,0.925,0.7338,0.9365,0.909,0.8346,0.7973,0.8627,0.6778,0.8201,0.9419,0.7818,0.6095,0.9531,0.7221,0.622,0.6085,0.6174,0.853,0.5634,0.6144,0.7884,0.5064,0.5536,0.3903,0.5951,0.6765,0.5813,0.5206,0.313,0.4788,0.2513,0.5181,0.3125,0.2058,0.1708,0.3478,
1.0,0.9987,0.968,0.9667,0.9712,0.9978,0.9956,0.9892,0.984,0.9259,0.7344,0.9334,0.9107,0.8349,0.7953,0.8595,0.6829,0.8229,0.9442,0.7886,0.6139,0.9531,0.7267,0.6241,0.6115,0.6154,0.8619,0.569,0.6268,0.7868,0.5091,0.5552,0.3842,0.5955,0.6859,0.5912,0.534,0.3116,0.4813,0.2676,0.5224,0.3136,0.2159,0.164,0.3569,
1.0,0.9989,0.9633,0.9622,0.9711,0.997,0.9954,0.9887,0.9824,0.9254,0.7329,0.9278,0.9077,0.8359,0.7962,0.855,0.6713,0.8235,0.9413,0.7804,0.6116,0.9539,0.7254,0.6171,0.6035,0.6169,0.8511,0.5632,0.6136,0.7871,0.5109,0.5446,0.3807,0.5874,0.6679,0.5845,0.5215,0.3136,0.4781,0.2562,0.515,0.3212,0.2085,0.1613,0.3524,
1.0,0.9983,0.9685,0.9668,0.9714,0.997,0.9947,0.9917,0.9858,0.9236,0.7313,0.9335,0.9098,0.8331,0.7975,0.8586,0.6778,0.8195,0.9376,0.7841,0.6019,0.955,0.7201,0.6116,0.606,0.6072,0.8563,0.5574,0.619,0.7843,0.4987,0.543,0.3823,0.5953,0.6743,0.5789,0.514,0.3131,0.4782,0.2549,0.5231,0.3057,0.1982,0.1676,0.3567,
1.0,0.9988,0.9666,0.9654,0.97,0.9974,0.9954,0.9914,0.9863,0.9241,0.7348,0.9296,0.9088,0.8363,0.7981,0.8558,0.6846,0.8247,0.9433,0.783,0.6117,0.954,0.723,0.6225,0.6091,0.6143,0.8581,0.564,0.6255,0.7799,0.498,0.5514,0.3927,0.5996,0.6806,0.587,0.5185,0.3149,0.4835,0.2641,0.5261,0.3085,0.2028,0.1565,0.3578,
1.0,0.9993,0.9678,0.9671,0.9697,0.9961,0.9942,0.9899,0.9846,0.9217,0.7343,0.9328,0.9055,0.8386,0.7985,0.8566,0.6809,0.824,0.9396,0.7824,0.6088,0.9485,0.7178,0.6231,0.6071,0.6077,0.8545,0.5709,0.625,0.7753,0.5006,0.5536,0.3934,0.5968,0.6799,0.5865,0.5142,0.3123,0.4912,0.2612,0.5355,0.3026,0.211,0.1661,0.3585,
1.0,0.9988,0.9706,0.9694,0.9699,0.9965,0.9943,0.9918,0.9873,0.924,0.7411,0.9339,0.9085,0.8432,0.8084,0.8592,0.6945,0.8316,0.9408,0.7857,0.6114,0.9561,0.7275,0.6243,0.6127,0.6174,0.8639,0.5724,0.6198,0.789,0.5092,0.5653,0.3894,0.592,0.6859,0.5819,0.5271,0.3249,0.4855,0.2685,0.529,0.3169,0.2146,0.1637,0.358,
1.0,0.9986,0.9674,0.966,0.9729,0.9972,0.9947,0.9903,0.986,0.924,0.7448,0.9344,0.9088,0.8422,0.8057,0.8603,0.6886,0.8294,0.9396,0.789,0.616,0.9532,0.7289,0.6318,0.6167,0.6183,0.8583,0.5736,0.6298,0.7848,0.5126,0.5554,0.3952,0.5947,0.6814,0.5926,0.5234,0.322,0.4819,0.2663,0.5294,0.3167,0.2186,0.1679,0.3623,
1.0,0.9991,0.9669,0.966,0.97,0.9972,0.9955,0.9912,0.9856,0.9254,0.7388,0.9307,0.9095,0.8375,0.8017,0.8571,0.6831,0.8236,0.9423,0.784,0.6146,0.9532,0.7219,0.624,0.5995,0.6138,0.8549,0.5656,0.6159,0.7905,0.5143,0.5523,0.3867,0.5894,0.6759,0.5862,0.5229,0.3159,0.476,0.2638,0.5231,0.3116,0.2103,0.1612,0.3508,
1.0,0.9989,0.9712,0.9701,0.9675,0.9975,0.9957,0.9894,0.9832,0.9181,0.7255,0.9321,0.9013,0.8361,0.7941,0.8509,0.6781,0.8227,0.9412,0.7739,0.6071,0.9488,0.7113,0.6225,0.5939,0.601,0.8531,0.5564,0.6105,0.7678,0.4905,0.5413,0.3779,0.5813,0.6781,0.5712,0.5106,0.3052,0.4743,0.249,0.5276,0.2931,0.2014,0.1576,0.3397,
1.0,0.9991,0.9707,0.9698,0.9697,0.9967,0.9945,0.9907,0.9861,0.9233,0.738,0.9346,0.9076,0.8398,0.8038,0.8587,0.6909,0.8262,0.9385,0.7856,0.6084,0.9503,0.7204,0.6213,0.6142,0.6148,0.8592,0.572,0.6217,0.7814,0.4985,0.5576,0.3929,0.5981,0.6734,0.5836,0.5121,0.3164,0.4785,0.2584,0.5257,0.3094,0.2082,0.1581,0.3519,
1.0,0.9986,0.9653,0.9639,0.9677,0.9973,0.9952,0.99,0.9835,0.9311,0.7379,0.9255,0.9145,0.8388,0.7991,0.8583,0.6848,0.8254,0.9387,0.7897,0.605,0.9548,0.7255,0.6086,0.5939,0.6103,0.8617,0.5597,0.6166,0.7867,0.5019,0.5405,0.3747,0.5899,0.6738,0.5833,0.5208,0.3074,0.4848,0.2579,0.5239,0.3164,0.2069,0.1537,0.356,
1.0,0.999,0.9674,0.9664,0.9695,0.9974,0.9959,0.991,0.9844,0.9227,0.7353,0.9313,0.9081,0.8391,0.8003,0.8548,0.6849,0.8257,0.9439,0.7817,0.613,0.9569,0.7202,0.6231,0.6022,0.6131,0.8551,0.5658,0.6145,0.7765,0.5007,0.5475,0.3831,0.5949,0.6759,0.5818,0.5244,0.3105,0.4802,0.2555,0.5142,0.3138,0.1985,0.1602,0.3531,
1.0,0.9988,0.9672,0.966,0.9708,0.997,0.9953,0.9901,0.984,0.9257,0.729,0.9322,0.9097,0.8295,0.7919,0.861,0.6716,0.8175,0.9423,0.7848,0.6058,0.9539,0.7302,0.6166,0.6119,0.6111,0.8572,0.5622,0.6242,0.7911,0.5075,0.5506,0.3896,0.5923,0.6755,0.589,0.5219,0.3136,0.4842,0.2572,0.5328,0.314,0.2106,0.169,0.3514,
1.0,0.9987,0.9688,0.9675,0.9692,0.9971,0.9941,0.9892,0.9837,0.9215,0.7334,0.9315,0.9045,0.841,0.8045,0.855,0.6906,0.8263,0.9385,0.7882,0.6057,0.9504,0.7145,0.6188,0.5999,0.612,0.8605,0.5705,0.6123,0.7802,0.5039,0.5517,0.3888,0.5906,0.6765,0.5758,0.521,0.3231,0.4848,0.2543,0.5329,0.3131,0.212,0.1656,0.3597,
1.0,0.9986,0.9658,0.9644,0.9692,0.997,0.9946,0.9902,0.9842,0.925,0.7366,0.9288,0.9094,0.8419,0.8044,0.8557,0.6901,0.829,0.9393,0.7895,0.6132,0.9512,0.7204,0.6214,0.6029,0.6152,0.8589,0.5697,0.6203,0.7778,0.505,0.5501,0.3894,0.5917,0.673,0.5826,0.518,0.3149,0.483,0.2623,0.5377,0.3138,0.2078,0.1636,0.3603,
1.0,0.9989,0.9693,0.9682,0.9704,0.9969,0.9945,0.99,0.9851,0.9217,0.7407,0.9338,0.906,0.8448,0.8095,0.8571,0.6872,0.8311,0.9383,0.778,0.6095,0.9523,0.7199,0.6239,0.6056,0.6185,0.8503,0.5641,0.6206,0.7801,0.5011,0.5514,0.3882,0.5931,0.6791,0.5818,0.5199,0.3124,0.4819,0.2618,0.5189,0.318,0.2108,0.1662,0.358,
1.0,0.9993,0.9693,0.9686,0.9708,0.9978,0.9957,0.9904,0.9849,0.9234,0.7336,0.9329,0.9072,0.8348,0.7955,0.8567,0.6835,0.8206,0.9417,0.7827,0.6138,0.9502,0.728,0.6283,0.6134,0.614,0.8576,0.5653,0.6264,0.7827,0.4984,0.5534,0.394,0.5903,0.6825,0.5847,0.5225,0.3103,0.4743,0.2616,0.5278,0.3094,0.2104,0.1744,0.3528,
1.0,0.9985,0.9676,0.9661,0.9677,0.998,0.9957,0.9893,0.9839,0.9219,0.7291,0.9277,0.9047,0.8367,0.7966,0.8501,0.6831,0.8242,0.946,0.7818,0.6146,0.9499,0.719,0.626,0.6057,0.6156,0.8559,0.5754,0.6187,0.7759,0.5053,0.5606,0.3906,0.5811,0.6818,0.5855,0.52,0.3251,0.4788,0.2605,0.5307,0.3076,0.2069,0.1662,0.3487,
1.0,0.9989,0.9704,0.9693,0.9676,0.9977,0.9961,0.9911,0.9867,0.9227,0.7393,0.9311,0.9072,0.8438,0.81,0.8555,0.6963,0.8311,0.9407,0.7841,0.6158,0.9524,0.7247,0.6291,0.6131,0.6175,0.8558,0.5739,0.6264,0.7792,0.5039,0.5597,0.3909,0.587,0.6838,0.5904,0.5275,0.3182,0.4706,0.2721,0.5288,0.3062,0.2091,0.1749,0.3508,
1.0,0.999,0.9666,0.9656,0.9703,0.997,0.9948,0.9912,0.986,0.9195,0.7332,0.9295,0.9025,0.8366,0.7967,0.8506,0.6776,0.8241,0.9436,0.7737,0.6084,0.9544,0.7217,0.6251,0.6073,0.608,0.853,0.5606,0.6193,0.7758,0.4948,0.5488,0.388,0.5964,0.6788,0.5836,0.5147,0.3079,0.4824,0.2509,0.5207,0.3101,0.2003,0.1629,0.3596,
1.0,0.9993,0.968,0.9673,0.9672,0.9974,0.9952,0.9895,0.9846,0.9241,0.7385,0.9297,0.9073,0.8443,0.8063,0.8548,0.6936,0.8309,0.9404,0.786,0.611,0.9532,0.7229,0.6227,0.6017,0.6159,0.8622,0.5714,0.616,0.7788,0.5041,0.5552,0.3868,0.5957,0.6764,0.574,0.5203,0.319,0.4757,0.2592,0.525,0.3109,0.202,0.1589,0.3619,
1.0,0.999,0.9685,0.9675,0.9699,0.9977,0.996,0.9897,0.985,0.9259,0.743,0.9311,0.908,0.8452,0.8062,0.8577,0.6934,0.8331,0.9375,0.7857,0.6114,0.9556,0.7262,0.625,0.6171,0.6177,0.857,0.5687,0.6259,0.7831,0.5065,0.5603,0.3841,0.5998,0.6792,0.5896,0.5142,0.316,0.4871,0.263,0.5303,0.3107,0.2121,0.1568,0.3608,
1.0,0.9994,0.9663,0.9657,0.9694,0.9981,0.9962,0.991,0.986,0.9234,0.7359,0.9297,0.908,0.8386,0.8014,0.8544,0.6916,0.8262,0.942,0.7863,0.6154,0.9536,0.7285,0.6256,0.6129,0.6176,0.8615,0.5793,0.6246,0.7868,0.5087,0.5615,0.3916,0.5908,0.6728,0.5873,0.5135,0.3214,0.4858,0.2641,0.5312,0.3176,0.2117,0.1598,0.3613,
1.0,0.9989,0.9664,0.9653,0.9685,0.9975,0.9956,0.9896,0.9838,0.9257,0.7284,0.9291,0.9088,0.8323,0.7946,0.8557,0.6735,0.8194,0.9406,0.7805,0.611,0.9557,0.7354,0.6185,0.611,0.6124,0.851,0.5624,0.6249,0.7841,0.5112,0.5499,0.3868,0.5862,0.6792,0.5955,0.5252,0.309,0.4756,0.2591,0.5257,0.3131,0.213,0.1678,0.3477,
1.0,0.9984,0.9663,0.9647,0.9689,0.9975,0.9945,0.9897,0.9836,0.9234,0.7342,0.9278,0.9065,0.8375,0.7978,0.8527,0.6822,0.8232,0.9397,0.7831,0.6088,0.9549,0.7202,0.6157,0.5982,0.6084,0.8586,0.561,0.6143,0.7827,0.5057,0.5397,0.3814,0.5938,0.6715,0.576,0.5174,0.314,0.4877,0.2553,0.5214,0.319,0.2089,0.1577,0.3567,
1.0,0.9993,0.9685,0.9678,0.9713,0.9981,0.9965,0.991,0.9841,0.9248,0.7394,0.9347,0.9112,0.8429,0.8036,0.8599,0.6864,0.8281,0.9379,0.783,0.6165,0.955,0.7305,0.6293,0.6155,0.6203,0.8571,0.5689,0.6255,0.7866,0.5035,0.5554,0.3943,0.5988,0.6734,0.5876,0.5157,0.3201,0.4827,0.2618,0.5266,0.3108,0.2051,0.164,0.3574,
1.0,0.999,0.9671,0.9661,0.9696,0.9972,0.9949,0.9897,0.9836,0.9214,0.7314,0.9293,0.9038,0.8376,0.7967,0.8524,0.6805,0.8231,0.9362,0.7776,0.6006,0.9541,0.7161,0.6136,0.5995,0.6095,0.8542,0.558,0.6116,0.7782,0.5032,0.548,0.3813,0.5898,0.6777,0.5713,0.5117,0.3141,0.483,0.2485,0.5254,0.3105,0.2059,0.1589,0.3539,
1.0,0.9984,0.9693,0.9677,0.9708,0.9976,0.9947,0.9899,0.9847,0.9256,0.7411,0.9332,0.9092,0.8418,0.8021,0.8607,0.6833,0.8273,0.9417,0.7805,0.6143,0.9529,0.7182,0.6268,0.5986,0.6136,0.8505,0.5667,0.6233,0.7876,0.5102,0.5556,0.3836,0.5877,0.6718,0.5821,0.5215,0.3104,0.4715,0.2647,0.5163,0.3129,0.1996,0.1584,0.3505,
1.0,0.9985,0.9657,0.9642,0.9693,0.9965,0.9936,0.9887,0.9827,0.9253,0.7403,0.9277,0.9076,0.8425,0.8022,0.8548,0.682,0.8293,0.9402,0.7821,0.618,0.9506,0.7276,0.624,0.6013,0.6176,0.8526,0.5632,0.6154,0.7814,0.4881,0.5461,0.3793,0.5825,0.6663,0.5782,0.5093,0.3123,0.4718,0.2562,0.5177,0.2982,0.1933,0.159,0.3425,
1.0,0.9984,0.9678,0.9662,0.971,0.9973,0.995,0.99,0.9846,0.9244,0.7427,0.9328,0.9089,0.8449,0.8074,0.8578,0.6867,0.8323,0.9415,0.7806,0.6177,0.9516,0.7261,0.6312,0.603,0.6217,0.8533,0.57,0.6215,0.7832,0.5099,0.5607,0.3911,0.5858,0.6781,0.5831,0.5195,0.3135,0.4741,0.2614,0.5158,0.3146,0.1988,0.1621,0.3505,
1.0,0.9987,0.9634,0.9621,0.9706,0.9969,0.9946,0.991,0.9855,0.9247,0.7338,0.9275,0.9097,0.835,0.7969,0.8525,0.6802,0.8218,0.9376,0.7854,0.6113,0.954,0.7287,0.6199,0.6097,0.6115,0.8604,0.5614,0.6192,0.7846,0.5067,0.5427,0.3849,0.58,0.6668,0.5869,0.5196,0.3117,0.4751,0.2635,0.5192,0.31,0.2085,0.1627,0.3487,
1.0,0.9992,0.9668,0.966,0.9698,0.9971,0.9952,0.9896,0.9852,0.9217,0.7339,0.9305,0.9049,0.8376,0.801,0.8536,0.6837,0.8272,0.9421,0.7813,0.613,0.9524,0.7218,0.623,0.5982,0.6114,0.8534,0.5659,0.6143,0.778,0.5017,0.5464,0.3851,0.5816,0.6749,0.579,0.516,0.3108,0.4715,0.254,0.5212,0.3097,0.2136,0.1602,0.351,
1.0,0.9994,0.9642,0.9636,0.9689,0.9969,0.9958,0.9917,0.9853,0.9237,0.734,0.9282,0.9095,0.8374,0.8019,0.8539,0.6849,0.8241,0.9409,0.7872,0.6157,0.9522,0.7277,0.6207,0.6109,0.6167,0.8643,0.5737,0.6211,0.7879,0.5106,0.5511,0.3956,0.5857,0.6674,0.5862,0.525,0.3232,0.4912,0.2614,0.5316,0.3205,0.2147,0.163,0.3614,
1.0,0.9988,0.9714,0.9702,0.9701,0.9973,0.9956,0.9905,0.9859,0.9254,0.7348,0.9338,0.9084,0.8346,0.7957,0.86,0.6831,0.8239,0.9414,0.7835,0.6062,0.9526,0.7208,0.6213,0.6083,0.613,0.8539,0.5658,0.6233,0.7831,0.5067,0.5526,0.3901,0.5915,0.6682,0.5779,0.5116,0.3127,0.4795,0.2558,0.5274,0.3075,0.2058,0.1637,0.3447,
1.0,0.9992,0.9684,0.9676,0.9674,0.9977,0.9958,0.9919,0.9857,0.9235,0.7321,0.9299,0.9097,0.8384,0.8025,0.855,0.689,0.8242,0.9424,0.7843,0.6139,0.9542,0.7224,0.6227,0.6021,0.6142,0.8608,0.5735,0.6198,0.7823,0.5017,0.557,0.386,0.5868,0.6797,0.5814,0.5192,0.32,0.476,0.2585,0.5313,0.3024,0.2092,0.1633,0.3523,
1.0,0.9993,0.9694,0.9687,0.9734,0.9969,0.9944,0.9903,0.9863,0.9256,0.7412,0.9378,0.9095,0.8402,0.8001,0.864,0.6795,0.8267,0.9348,0.7802,0.6102,0.9529,0.7291,0.626,0.6201,0.6073,0.8528,0.5629,0.6285,0.7807,0.4942,0.548,0.3937,0.5937,0.6736,0.5918,0.525,0.3072,0.4849,0.2688,0.5228,0.3194,0.207,0.1663,0.3523,
1.0,0.9991,0.9679,0.967,0.9691,0.9974,0.9961,0.9906,0.9844,0.9251,0.7367,0.9315,0.9104,0.8382,0.7993,0.8574,0.6826,0.8247,0.9391,0.7838,0.6072,0.9523,0.7213,0.6198,0.6015,0.6092,0.8575,0.5654,0.6237,0.7828,0.5034,0.5514,0.3839,0.5948,0.6796,0.587,0.5233,0.3136,0.4833,0.262,0.5237,0.3082,0.2124,0.1626,0.3462,
1.0,0.9985,0.9668,0.9653,0.9711,0.9975,0.995,0.9906,0.9854,0.9234,0.7451,0.9307,0.9082,0.8471,0.8075,0.8562,0.6909,0.8334,0.9461,0.7825,0.6223,0.9521,0.7187,0.635,0.6019,0.6257,0.8569,0.5814,0.6217,0.7839,0.5096,0.5655,0.3845,0.5885,0.6813,0.5857,0.524,0.3194,0.4736,0.2628,0.5212,0.313,0.2086,0.1608,0.3598,
1.0,0.9987,0.9697,0.9684,0.9694,0.9967,0.9943,0.9908,0.9849,0.9212,0.7342,0.9329,0.9059,0.8398,0.8033,0.8537,0.6859,0.8267,0.9459,0.7788,0.6187,0.9557,0.7318,0.6344,0.6161,0.617,0.8564,0.5694,0.6273,0.7826,0.5058,0.5546,0.3944,0.5991,0.6775,0.5908,0.5277,0.3187,0.4784,0.264,0.5243,0.3124,0.2123,0.1703,0.3607,
1.0,0.9989,0.966,0.9649,0.9683,0.9972,0.9949,0.9895,0.9833,0.9209,0.7313,0.9288,0.9054,0.8393,0.7978,0.8511,0.6785,0.8231,0.938,0.7761,0.608,0.9499,0.7146,0.617,0.6009,0.6088,0.8545,0.5732,0.6157,0.7817,0.5056,0.5515,0.3835,0.5858,0.6734,0.5799,0.5181,0.3193,0.4815,0.2498,0.5259,0.3102,0.2077,0.1625,0.3476,
1.0,0.9983,0.9661,0.9644,0.9705,0.9982,0.9957,0.991,0.9842,0.9175,0.7311,0.9292,0.9031,0.8388,0.7975,0.8479,0.6849,0.8245,0.9394,0.7814,0.6022,0.9495,0.7116,0.6175,0.5951,0.6027,0.8605,0.5671,0.6057,0.7757,0.4939,0.5448,0.3841,0.5831,0.6662,0.5681,0.5172,0.3158,0.4753,0.2502,0.5217,0.3059,0.1948,0.1577,0.3485,
1.0,0.9989,0.9682,0.9671,0.9703,0.9972,0.995,0.9886,0.9827,0.9268,0.7386,0.9316,0.9087,0.8398,0.7964,0.8597,0.6807,0.8243,0.9343,0.7821,0.611,0.9482,0.7243,0.6209,0.5968,0.6061,0.8547,0.5576,0.6171,0.7857,0.5042,0.5469,0.3885,0.5864,0.6709,0.5738,0.5163,0.3061,0.4728,0.2606,0.5221,0.3079,0.2081,0.1565,0.3507,
1.0,0.9989,0.9641,0.963,0.9717,0.9976,0.9954,0.9899,0.9846,0.9182,0.7339,0.9291,0.9016,0.842,0.8021,0.8485,0.6876,0.8283,0.9385,0.7811,0.6089,0.9523,0.7217,0.6245,0.6114,0.6049,0.86,0.564,0.6187,0.7769,0.5028,0.5435,0.3948,0.5937,0.6684,0.5821,0.5148,0.3214,0.4902,0.2609,0.525,0.3123,0.2069,0.1606,0.3618,
1.0,0.9988,0.9663,0.9651,0.9739,0.9964,0.9945,0.9908,0.984,0.9223,0.7373,0.9353,0.9078,0.8382,0.8008,0.8596,0.6761,0.8254,0.9408,0.7823,0.6098,0.9528,0.7256,0.6249,0.6123,0.6173,0.8527,0.5665,0.6247,0.7884,0.5069,0.5556,0.3922,0.5984,0.6804,0.5818,0.5206,0.3144,0.4809,0.2619,0.5313,0.3201,0.2064,0.1587,0.3615,
1.0,0.9992,0.966,0.9652,0.9741,0.9977,0.9956,0.9906,0.984,0.9228,0.738,0.9332,0.9062,0.8378,0.7978,0.8579,0.6799,0.8228,0.9413,0.784,0.6143,0.9542,0.7258,0.6297,0.6109,0.6182,0.855,0.5622,0.6192,0.7828,0.5133,0.5454,0.4039,0.5883,0.6755,0.5867,0.5271,0.3193,0.4844,0.2612,0.5178,0.3235,0.2059,0.1715,0.3522,
1.0,0.9988,0.9671,0.9659,0.9691,0.9981,0.9957,0.9894,0.9838,0.915,0.7306,0.9292,0.8992,0.8425,0.8023,0.8453,0.6862,0.8275,0.9427,0.7726,0.6042,0.953,0.7116,0.6232,0.6028,0.6134,0.8556,0.5747,0.6084,0.7716,0.4952,0.5588,0.3838,0.5916,0.6801,0.5748,0.5256,0.3179,0.4798,0.2568,0.5277,0.2999,0.1994,0.1683,0.3542,
1.0,0.9992,0.9677,0.9669,0.9719,0.9966,0.9952,0.9909,0.9865,0.9236,0.7435,0.9326,0.9068,0.8437,0.8067,0.8574,0.6941,0.8321,0.9386,0.789,0.6087,0.956,0.7225,0.6226,0.6058,0.6141,0.8612,0.5676,0.615,0.7853,0.5068,0.5446,0.3789,0.588,0.6799,0.5788,0.5276,0.3173,0.48,0.2651,0.5289,0.3155,0.2104,0.1591,0.3603,
1.0,0.9992,0.9697,0.9689,0.9705,0.9975,0.9956,0.9913,0.9861,0.9249,0.7378,0.9349,0.9101,0.8392,0.8043,0.8612,0.6901,0.8261,0.9407,0.7886,0.6143,0.9533,0.7215,0.6257,0.6017,0.6138,0.8573,0.571,0.621,0.7834,0.5132,0.5574,0.3904,0.5946,0.6758,0.58,0.5306,0.3148,0.4783,0.2626,0.5213,0.3148,0.2075,0.1705,0.3601,
1.0,0.9986,0.9682,0.9668,0.9735,0.9968,0.994,0.9889,0.9843,0.9256,0.7433,0.9358,0.9093,0.8409,0.801,0.8623,0.6837,0.8287,0.9409,0.7877,0.6168,0.9506,0.7257,0.6286,0.6109,0.6145,0.8564,0.5665,0.629,0.7839,0.507,0.5532,0.3946,0.5984,0.6779,0.5869,0.5152,0.3144,0.4815,0.2662,0.5285,0.3177,0.2155,0.1645,0.3551,
1.0,0.9991,0.9662,0.9653,0.9711,0.9978,0.9956,0.9911,0.9861,0.9288,0.7391,0.9302,0.9129,0.8354,0.7993,0.8607,0.6867,0.8212,0.9371,0.7923,0.6086,0.9525,0.7243,0.616,0.6025,0.6113,0.8596,0.5606,0.6204,0.792,0.5157,0.5439,0.3848,0.5841,0.6744,0.5877,0.5206,0.3151,0.4779,0.2621,0.5291,0.3194,0.2171,0.1649,0.3588,
1.0,0.999,0.9657,0.9647,0.9679,0.9984,0.9962,0.9905,0.9862,0.9235,0.7405,0.9278,0.9091,0.8466,0.8103,0.8526,0.6921,0.8353,0.9433,0.7825,0.612,0.9541,0.7156,0.6219,0.6027,0.6202,0.857,0.5785,0.6212,0.7798,0.5,0.5602,0.3784,0.595,0.6838,0.5808,0.5205,0.3244,0.4838,0.2644,0.5322,0.3114,0.2121,0.161,0.3639,
1.0,0.9991,0.9682,0.9673,0.9685,0.997,0.9954,0.99,0.9832,0.9222,0.7275,0.93,0.9055,0.8362,0.7962,0.8536,0.6774,0.8222,0.9398,0.7793,0.6053,0.9513,0.7172,0.6187,0.6076,0.6067,0.8535,0.5674,0.6172,0.7796,0.4986,0.547,0.3876,0.5922,0.6733,0.5798,0.5242,0.3135,0.4793,0.2572,0.5214,0.3156,0.2065,0.1581,0.3505,
1.0,0.9986,0.968,0.9666,0.9661,0.9975,0.9951,0.9903,0.9843,0.9269,0.7316,0.9274,0.9111,0.8362,0.7984,0.8549,0.6846,0.8232,0.9393,0.7834,0.6064,0.9559,0.7254,0.6119,0.6035,0.6039,0.8577,0.5604,0.6219,0.7838,0.5012,0.5436,0.3808,0.5994,0.676,0.5859,0.5295,0.3124,0.4862,0.267,0.5241,0.3152,0.2099,0.1622,0.3544,
1.0,0.9991,0.9666,0.9657,0.9707,0.9966,0.9949,0.9913,0.9835,0.9279,0.7416,0.9299,0.9105,0.8393,0.798,0.8586,0.6787,0.8238,0.9367,0.7831,0.6067,0.9531,0.72,0.6154,0.6036,0.6135,0.8575,0.5598,0.6185,0.789,0.5113,0.5467,0.3876,0.598,0.6762,0.5782,0.5252,0.3211,0.4834,0.2615,0.5205,0.324,0.2143,0.1657,0.3594,
1.0,0.9989,0.9684,0.9673,0.9701,0.9979,0.9962,0.9907,0.9853,0.9209,0.736,0.9319,0.9056,0.84,0.8022,0.8533,0.6964,0.8291,0.9437,0.7895,0.608,0.9566,0.7155,0.6254,0.6023,0.6135,0.8638,0.5761,0.6168,0.7767,0.5055,0.5551,0.3886,0.592,0.6768,0.5807,0.5256,0.3182,0.4879,0.2628,0.5394,0.3078,0.2114,0.1653,0.3598,
1.0,0.9986,0.9645,0.9631,0.9712,0.9976,0.9957,0.9913,0.9857,0.9251,0.7452,0.9285,0.911,0.8454,0.8072,0.8559,0.6873,0.8318,0.9405,0.7832,0.6148,0.9529,0.7215,0.6242,0.5982,0.6184,0.8537,0.571,0.6195,0.7867,0.5032,0.5559,0.3818,0.5791,0.6755,0.5807,0.5231,0.3142,0.4713,0.2631,0.5222,0.3063,0.2107,0.1616,0.3493,
1.0,0.9986,0.9696,0.9682,0.9716,0.997,0.995,0.9905,0.986,0.9185,0.7373,0.9342,0.9029,0.8429,0.8049,0.8541,0.6892,0.8318,0.9444,0.7788,0.6048,0.9496,0.7135,0.6273,0.5967,0.6146,0.8557,0.5717,0.6086,0.7768,0.4987,0.5566,0.3857,0.5859,0.6837,0.5691,0.5288,0.3145,0.4686,0.2552,0.53,0.3029,0.2147,0.1657,0.3538,
1.0,0.9993,0.9708,0.9701,0.9691,0.9969,0.9954,0.9912,0.986,0.9242,0.7339,0.9326,0.9071,0.8361,0.796,0.8584,0.6758,0.822,0.9388,0.7764,0.6161,0.9499,0.7299,0.6288,0.6175,0.6086,0.8493,0.5554,0.6275,0.7769,0.4932,0.5484,0.3955,0.5871,0.6683,0.5843,0.5086,0.311,0.4774,0.2557,0.5192,0.2993,0.2019,0.1703,0.3444,
1.0,0.9989,0.9657,0.9646,0.9663,0.9965,0.9947,0.9907,0.9863,0.9285,0.7389,0.9252,0.9118,0.8416,0.8057,0.8554,0.6845,0.83,0.9384,0.7846,0.6096,0.9481,0.7221,0.6166,0.5951,0.6133,0.8537,0.5682,0.6173,0.7844,0.4987,0.555,0.3869,0.5916,0.6717,0.5749,0.519,0.3158,0.4792,0.2641,0.5244,0.3153,0.2086,0.1631,0.3632,
1.0,0.999,0.9676,0.9666,0.9727,0.9976,0.9954,0.9905,0.985,0.9226,0.7355,0.9354,0.9089,0.8359,0.7988,0.8597,0.675,0.8221,0.9379,0.7782,0.6036,0.9518,0.7202,0.6173,0.6015,0.6061,0.853,0.549,0.6208,0.778,0.496,0.5399,0.3844,0.5933,0.6711,0.5784,0.5175,0.3088,0.474,0.256,0.5208,0.3041,0.2039,0.1556,0.3514,
1.0,0.9981,0.9662,0.9643,0.9701,0.9974,0.9945,0.9892,0.9841,0.9205,0.7306,0.9293,0.9049,0.8374,0.8006,0.8504,0.6843,0.8252,0.9428,0.7845,0.6129,0.9529,0.7254,0.6265,0.6108,0.6119,0.8578,0.5685,0.6205,0.7832,0.5021,0.5514,0.3872,0.588,0.6785,0.5855,0.5291,0.3125,0.4826,0.2623,0.5328,0.3104,0.2063,0.1673,0.3547,
1.0,0.9991,0.9674,0.9665,0.9678,0.9977,0.9964,0.9928,0.9868,0.9246,0.7398,0.9289,0.9102,0.8425,0.8047,0.8543,0.6931,0.8292,0.9427,0.7859,0.6159,0.9552,0.7258,0.6274,0.6086,0.6158,0.8635,0.5753,0.6204,0.7877,0.503,0.5588,0.3879,0.589,0.681,0.586,0.5242,0.3184,0.4838,0.2644,0.5256,0.3117,0.206,0.1611,0.3638,
1.0,0.9989,0.9664,0.9653,0.9722,0.9972,0.9955,0.9904,0.9852,0.927,0.7428,0.9317,0.9105,0.8395,0.8001,0.8606,0.6849,0.8262,0.9418,0.7877,0.6143,0.9492,0.7207,0.6269,0.6116,0.6223,0.8553,0.5746,0.6255,0.7859,0.5095,0.5566,0.3901,0.587,0.6729,0.5862,0.5257,0.3209,0.4754,0.2691,0.5243,0.3089,0.2069,0.1724,0.3454,
1.0,0.9991,0.9701,0.9692,0.9701,0.9982,0.9965,0.9897,0.9831,0.9202,0.7378,0.934,0.904,0.844,0.8039,0.8553,0.6914,0.8301,0.9392,0.7828,0.6181,0.9519,0.7239,0.6348,0.6158,0.6136,0.8567,0.5693,0.6335,0.7788,0.5061,0.5578,0.392,0.5987,0.6787,0.5932,0.5234,0.3167,0.4864,0.2745,0.5342,0.3177,0.2113,0.1696,0.3584,
1.0,0.9991,0.9651,0.9642,0.9723,0.9971,0.9949,0.9909,0.9862,0.9233,0.744,0.9314,0.9077,0.842,0.8042,0.8566,0.6829,0.8289,0.9406,0.7827,0.6168,0.952,0.7247,0.6292,0.61,0.6186,0.8552,0.5644,0.6188,0.7777,0.5,0.5462,0.3926,0.5893,0.6704,0.584,0.5197,0.3124,0.4791,0.2633,0.5239,0.309,0.1975,0.1716,0.3558,
1.0,0.999,0.969,0.968,0.9653,0.997,0.995,0.9905,0.9857,0.9252,0.7389,0.928,0.9087,0.8441,0.8034,0.8544,0.6866,0.833,0.9451,0.7773,0.6185,0.9514,0.7209,0.6255,0.6016,0.6154,0.8575,0.577,0.6263,0.7759,0.4964,0.5621,0.3801,0.5951,0.6779,0.5861,0.5241,0.318,0.4766,0.2636,0.5262,0.3058,0.2039,0.1602,0.36,
1.0,0.9988,0.9683,0.9671,0.9707,0.9972,0.9954,0.9894,0.9831,0.9268,0.7393,0.9308,0.9086,0.8429,0.8018,0.8589,0.6798,0.8303,0.9398,0.7778,0.6088,0.9512,0.7191,0.6205,0.6,0.6155,0.8445,0.561,0.6128,0.7846,0.5079,0.5559,0.3815,0.587,0.6751,0.5712,0.5135,0.3239,0.4585,0.2506,0.5139,0.3115,0.2132,0.1592,0.3435,
1.0,0.999,0.9673,0.9663,0.9685,0.9978,0.996,0.9915,0.9863,0.9222,0.7366,0.9308,0.91,0.8399,0.8049,0.8543,0.69,0.8282,0.9424,0.7858,0.6115,0.9537,0.7232,0.622,0.6048,0.6126,0.8624,0.573,0.6194,0.7807,0.4992,0.5472,0.3891,0.5836,0.6651,0.5796,0.5188,0.3115,0.4844,0.2628,0.5222,0.303,0.2002,0.1635,0.347,
1.0,0.9986,0.9695,0.9681,0.97,0.9973,0.9954,0.9894,0.9846,0.9246,0.7352,0.9337,0.9085,0.8359,0.7952,0.8586,0.6741,0.8244,0.9433,0.7744,0.6161,0.9553,0.7319,0.6289,0.6176,0.6128,0.8487,0.5614,0.6285,0.7793,0.5061,0.5528,0.3913,0.5949,0.6801,0.596,0.519,0.3173,0.4718,0.262,0.5166,0.3087,0.2006,0.1635,0.3465,
1.0,0.9992,0.9675,0.9667,0.9692,0.9977,0.9963,0.9915,0.9841,0.9231,0.7365,0.9303,0.9076,0.8424,0.8023,0.854,0.685,0.8274,0.9403,0.7793,0.6121,0.9563,0.7222,0.6242,0.6092,0.6183,0.8537,0.5761,0.6227,0.7803,0.5048,0.5634,0.3916,0.5964,0.6823,0.5835,0.5228,0.3205,0.4833,0.2567,0.5237,0.3114,0.2124,0.1662,0.3598,
1.0,0.9986,0.965,0.9636,0.9689,0.9973,0.9946,0.9896,0.9834,0.9242,0.7335,0.9275,0.9075,0.8359,0.7975,0.8536,0.6772,0.8205,0.9349,0.7844,0.6008,0.9557,0.7168,0.6082,0.5955,0.6082,0.8538,0.5575,0.6207,0.7824,0.5075,0.5427,0.3818,0.5945,0.6728,0.5786,0.5168,0.3144,0.4814,0.2585,0.5207,0.3146,0.2076,0.1585,0.3579,
1.0,0.9987,0.9676,0.9663,0.9694,0.9973,0.9945,0.9885,0.9835,0.9176,0.7259,0.9293,0.8985,0.8343,0.7954,0.8485,0.6791,0.8196,0.9356,0.7783,0.5989,0.9529,0.7211,0.6159,0.609,0.6002,0.8549,0.5615,0.6171,0.7794,0.5039,0.5428,0.3896,0.5964,0.6714,0.5757,0.5098,0.3129,0.4801,0.2518,0.5256,0.3108,0.2029,0.1592,0.3574,
1.0,0.9987,0.965,0.9637,0.9719,0.9967,0.9945,0.991,0.9844,0.921,0.739,0.9304,0.9049,0.8427,0.8016,0.8528,0.6802,0.8284,0.944,0.7798,0.6177,0.9548,0.7264,0.63,0.6083,0.6174,0.8585,0.5708,0.6152,0.7817,0.5069,0.5518,0.3875,0.5947,0.6786,0.5876,0.5251,0.3193,0.4849,0.2584,0.5253,0.3133,0.2069,0.1634,0.3556,
1.0,0.9987,0.9671,0.9658,0.9693,0.9972,0.9951,0.9904,0.983,0.9241,0.7352,0.9291,0.9077,0.8396,0.7973,0.855,0.6835,0.8244,0.9389,0.7813,0.6125,0.9535,0.7255,0.6244,0.6033,0.6115,0.8573,0.5716,0.6198,0.7866,0.506,0.5563,0.3804,0.5836,0.6737,0.5846,0.516,0.3212,0.4792,0.2581,0.5243,0.3071,0.2082,0.161,0.3508,
1.0,0.998,0.9687,0.9667,0.9692,0.9968,0.9938,0.9883,0.9825,0.9254,0.7367,0.9311,0.9089,0.8412,0.8013,0.8581,0.6857,0.8288,0.9413,0.7846,0.6138,0.9518,0.7233,0.6246,0.6065,0.6204,0.8538,0.5746,0.6238,0.7763,0.4987,0.5582,0.3833,0.5861,0.6782,0.5794,0.5274,0.3104,0.4737,0.2661,0.526,0.309,0.2082,0.1645,0.3604,
1.0,0.9988,0.9662,0.965,0.9723,0.9983,0.9958,0.9922,0.987,0.9221,0.7418,0.9321,0.9088,0.8437,0.8073,0.855,0.6922,0.8308,0.9433,0.7857,0.6137,0.9553,0.7192,0.6279,0.6081,0.6209,0.862,0.5749,0.6142,0.7804,0.511,0.5518,0.3916,0.5817,0.67,0.5794,0.5255,0.3256,0.4757,0.264,0.518,0.3076,0.2064,0.1607,0.3558,
1.0,0.9989,0.9656,0.9645,0.9694,0.9964,0.9934,0.99,0.9857,0.9251,0.7388,0.9289,0.9085,0.8412,0.8021,0.8543,0.6846,0.8287,0.9408,0.7829,0.613,0.9554,0.725,0.6219,0.6022,0.6124,0.8579,0.5695,0.6093,0.7842,0.5079,0.5502,0.3814,0.5851,0.6729,0.5819,0.5247,0.317,0.4799,0.2582,0.5232,0.3162,0.2054,0.1595,0.3519,
1.0,0.9986,0.9687,0.9673,0.97,0.9971,0.995,0.9903,0.9845,0.9242,0.7394,0.9323,0.9079,0.8429,0.8051,0.8589,0.6925,0.8298,0.9413,0.7891,0.6135,0.9512,0.7153,0.6236,0.5946,0.6126,0.862,0.5687,0.6146,0.7817,0.4927,0.5511,0.381,0.5938,0.6774,0.577,0.5239,0.3057,0.4808,0.2593,0.5347,0.3056,0.2022,0.1584,0.3691,
1.0,0.9988,0.9688,0.9676,0.968,0.9975,0.9954,0.9899,0.9854,0.9242,0.7298,0.9299,0.9076,0.8324,0.7948,0.855,0.678,0.8201,0.9394,0.7803,0.6057,0.9519,0.7217,0.6153,0.6049,0.602,0.853,0.555,0.6208,0.7809,0.505,0.5414,0.3815,0.5872,0.6742,0.5859,0.5185,0.3125,0.4824,0.2578,0.5295,0.315,0.2104,0.1617,0.3541,
1.0,0.9994,0.9668,0.9662,0.9689,0.9968,0.9955,0.9908,0.9858,0.9237,0.7414,0.9289,0.9066,0.8421,0.8031,0.8543,0.6901,0.8305,0.9444,0.7822,0.6199,0.9541,0.7241,0.6297,0.6063,0.619,0.8565,0.5725,0.6211,0.7818,0.5017,0.5585,0.3825,0.5947,0.6813,0.5916,0.5261,0.3106,0.4779,0.2674,0.5182,0.306,0.2127,0.1592,0.3573,
1.0,0.9991,0.9684,0.9675,0.9731,0.9979,0.996,0.9908,0.9851,0.9241,0.7373,0.936,0.9093,0.8374,0.7992,0.8618,0.6827,0.8256,0.9425,0.7839,0.6155,0.9574,0.7275,0.631,0.6131,0.6154,0.8522,0.5607,0.629,0.7824,0.4929,0.5497,0.3853,0.5938,0.6785,0.5894,0.5225,0.3077,0.476,0.2631,0.5203,0.3016,0.203,0.1705,0.3494,
1.0,0.9991,0.9679,0.967,0.97,0.9967,0.9949,0.9908,0.9861,0.9221,0.7333,0.9304,0.9045,0.8381,0.8002,0.8537,0.6847,0.8259,0.9439,0.7806,0.6077,0.9531,0.7182,0.6249,0.6054,0.6133,0.8552,0.5689,0.6145,0.7794,0.4997,0.5507,0.386,0.5874,0.675,0.5769,0.5241,0.3128,0.4806,0.2556,0.5222,0.3094,0.2027,0.165,0.3555,
1.0,0.9993,0.9665,0.9658,0.9681,0.9978,0.9963,0.9909,0.9844,0.9244,0.7331,0.9284,0.9093,0.8372,0.8002,0.8543,0.6843,0.8241,0.9406,0.7851,0.6049,0.9548,0.7181,0.617,0.5984,0.6166,0.8577,0.5727,0.6117,0.784,0.4987,0.5551,0.3744,0.5932,0.6801,0.5721,0.5175,0.3115,0.4746,0.2568,0.5254,0.308,0.2012,0.156,0.3517,
1.0,0.999,0.9694,0.9684,0.9726,0.9973,0.996,0.9907,0.983,0.9256,0.7343,0.9355,0.9094,0.8335,0.7948,0.8616,0.6792,0.8197,0.9396,0.7872,0.6073,0.9529,0.7275,0.6236,0.6126,0.6097,0.8552,0.5565,0.6263,0.7869,0.5104,0.5425,0.394,0.5956,0.6763,0.5882,0.5141,0.3173,0.4786,0.2582,0.5254,0.3203,0.2052,0.1613,0.3489,
1.0,0.9993,0.9706,0.9699,0.9709,0.9963,0.995,0.9917,0.9859,0.924,0.7411,0.9353,0.9075,0.8409,0.8048,0.8605,0.694,0.8272,0.9402,0.7878,0.6112,0.9549,0.7218,0.6248,0.615,0.6227,0.8592,0.5753,0.6217,0.7857,0.5108,0.5565,0.3923,0.5968,0.6832,0.5856,0.5266,0.3196,0.4827,0.2632,0.527,0.3223,0.2171,0.163,0.3632,
1.0,0.9984,0.9666,0.965,0.9726,0.9974,0.9954,0.9909,0.9829,0.9272,0.7306,0.9323,0.9121,0.8316,0.7933,0.8615,0.6693,0.8177,0.9381,0.7848,0.6033,0.9563,0.7239,0.6112,0.6079,0.6126,0.8519,0.5564,0.6194,0.7907,0.5198,0.5423,0.3944,0.5902,0.668,0.5796,0.5099,0.3204,0.4792,0.2495,0.5081,0.3231,0.2122,0.1627,0.3516,
1.0,0.9987,0.9699,0.9686,0.9704,0.9981,0.9954,0.9884,0.9823,0.9231,0.7374,0.9352,0.9082,0.8433,0.8011,0.8594,0.6837,0.8298,0.9385,0.7803,0.6213,0.9498,0.7254,0.6325,0.6055,0.6139,0.8495,0.5673,0.6301,0.7788,0.4965,0.5588,0.3893,0.5939,0.6744,0.5836,0.5193,0.3059,0.4722,0.2675,0.52,0.3037,0.2108,0.166,0.3499,
1.0,0.9987,0.9705,0.9692,0.9715,0.9986,0.9961,0.9919,0.9868,0.9215,0.7347,0.9341,0.9072,0.8349,0.797,0.8578,0.6819,0.8219,0.9393,0.7783,0.6097,0.956,0.7235,0.6282,0.6144,0.6074,0.8536,0.5591,0.6289,0.7849,0.504,0.555,0.3971,0.5986,0.6803,0.5884,0.5189,0.3128,0.4806,0.2639,0.5278,0.3099,0.2139,0.1704,0.3566,
1.0,0.9986,0.9678,0.9664,0.9712,0.9971,0.9948,0.9894,0.9826,0.923,0.7371,0.932,0.9064,0.8433,0.8035,0.8563,0.6898,0.829,0.9396,0.7861,0.6169,0.9537,0.7275,0.6301,0.6169,0.6198,0.8597,0.5767,0.6242,0.7829,0.5123,0.5603,0.3972,0.5949,0.6765,0.5857,0.5298,0.321,0.484,0.2691,0.5309,0.3165,0.2098,0.1697,0.3582,
1.0,0.9979,0.9661,0.964,0.9697,0.9974,0.9944,0.9888,0.9836,0.9247,0.7378,0.9289,0.9092,0.8418,0.8025,0.8539,0.6852,0.8273,0.9411,0.7847,0.6188,0.9494,0.7241,0.6268,0.6038,0.6184,0.8584,0.5674,0.6189,0.7819,0.5071,0.55,0.3944,0.5881,0.6804,0.5803,0.5191,0.3213,0.4799,0.2619,0.5274,0.3142,0.2118,0.1603,0.3519,
1.0,0.9992,0.9662,0.9654,0.9702,0.9984,0.9961,0.9889,0.9847,0.925,0.7349,0.9311,0.9092,0.8372,0.7976,0.858,0.6832,0.8235,0.9365,0.7862,0.6109,0.9499,0.7239,0.6202,0.6059,0.6023,0.8605,0.5561,0.6242,0.7792,0.503,0.5344,0.3901,0.593,0.6677,0.5866,0.5217,0.3065,0.4869,0.2655,0.5277,0.3132,0.2047,0.168,0.3567,
1.0,0.999,0.9689,0.9679,0.9683,0.9976,0.9956,0.9911,0.9855,0.9222,0.7383,0.9311,0.9074,0.8435,0.805,0.8541,0.6858,0.8289,0.9345,0.7746,0.6087,0.9508,0.7199,0.6199,0.6002,0.6139,0.8513,0.5663,0.6135,0.7778,0.4966,0.5519,0.3878,0.5765,0.6671,0.5755,0.5163,0.3156,0.4685,0.2554,0.5213,0.3017,0.2066,0.1589,0.3444,
1.0,0.9994,0.9691,0.9685,0.9699,0.998,0.9962,0.99,0.9848,0.9216,0.733,0.9341,0.9065,0.8409,0.8034,0.8582,0.6925,0.8283,0.9402,0.7884,0.6143,0.9537,0.7307,0.6308,0.6134,0.6104,0.8609,0.573,0.6272,0.7785,0.5027,0.5528,0.39,0.5905,0.6776,0.5916,0.5238,0.3131,0.4813,0.2688,0.5315,0.3116,0.209,0.166,0.3531,
1.0,0.999,0.9647,0.9637,0.9708,0.9973,0.9953,0.9915,0.9874,0.9221,0.737,0.9287,0.9065,0.8383,0.801,0.8517,0.6849,0.8253,0.9442,0.7815,0.6132,0.9518,0.724,0.624,0.6099,0.6157,0.858,0.5671,0.6185,0.7818,0.5085,0.5491,0.3908,0.5834,0.6786,0.5891,0.5217,0.3185,0.4805,0.2575,0.522,0.3126,0.2037,0.163,0.3576,
1.0,0.9988,0.9687,0.9675,0.9705,0.9982,0.9962,0.9898,0.9842,0.9229,0.7299,0.9331,0.9077,0.832,0.7946,0.8576,0.6799,0.8193,0.9383,0.7865,0.6097,0.9586,0.7273,0.6224,0.6155,0.6068,0.8568,0.5573,0.626,0.7793,0.502,0.5453,0.3935,0.5984,0.6805,0.5884,0.5252,0.3044,0.4826,0.2665,0.5328,0.3137,0.2111,0.176,0.3522,
1.0,0.999,0.9692,0.9682,0.9699,0.9976,0.9953,0.9893,0.9842,0.9221,0.7416,0.9324,0.9048,0.8473,0.8098,0.8557,0.6921,0.8341,0.941,0.7816,0.6192,0.9499,0.7178,0.6345,0.6051,0.6216,0.8529,0.576,0.6213,0.7796,0.5075,0.5587,0.3896,0.5878,0.6721,0.5806,0.5207,0.3144,0.4755,0.2644,0.5182,0.3121,0.2085,0.1646,0.3579,
1.0,0.9993,0.9695,0.9688,0.9701,0.997,0.9953,0.9909,0.9852,0.9232,0.7355,0.9347,0.908,0.8395,0.8013,0.8588,0.687,0.8265,0.9417,0.7832,0.6176,0.9527,0.7271,0.6315,0.6074,0.609,0.8592,0.5685,0.6242,0.7804,0.5069,0.5507,0.391,0.5928,0.6779,0.5839,0.5197,0.3187,0.4849,0.2568,0.5343,0.3136,0.2064,0.1668,0.3533,
1.0,0.9988,0.9696,0.9684,0.9704,0.9976,0.9956,0.9908,0.9847,0.9225,0.737,0.9345,0.9085,0.8406,0.8036,0.859,0.684,0.8267,0.9439,0.7791,0.6197,0.9535,0.7255,0.6331,0.6089,0.618,0.8524,0.5666,0.6279,0.7777,0.5057,0.5542,0.3887,0.5907,0.6821,0.5904,0.5248,0.3135,0.4675,0.262,0.5226,0.306,0.2047,0.166,0.3447,
1.0,0.9988,0.9686,0.9674,0.9703,0.9978,0.9957,0.9897,0.9845,0.9209,0.7305,0.9324,0.9048,0.8352,0.7985,0.8544,0.6804,0.8233,0.9444,0.7802,0.6096,0.9543,0.7222,0.6241,0.6074,0.6129,0.8527,0.5629,0.6192,0.7784,0.5086,0.5519,0.3931,0.5922,0.6814,0.5839,0.5244,0.3204,0.4736,0.2521,0.5229,0.3134,0.211,0.1666,0.351,
1.0,0.9989,0.9697,0.9686,0.9692,0.9978,0.9956,0.9895,0.9839,0.923,0.7332,0.9311,0.9054,0.8357,0.7959,0.8553,0.6804,0.8231,0.9412,0.7784,0.6098,0.9515,0.7244,0.6237,0.6043,0.61,0.8571,0.5599,0.6176,0.7858,0.5008,0.547,0.3871,0.5927,0.6774,0.5764,0.5166,0.3136,0.4841,0.2566,0.523,0.3097,0.2074,0.1669,0.3509,
1.0,0.9989,0.9635,0.9624,0.9715,0.9976,0.9958,0.9912,0.9854,0.9195,0.7378,0.9279,0.904,0.8435,0.8051,0.8508,0.6786,0.8313,0.9423,0.7743,0.6138,0.9557,0.7234,0.6297,0.614,0.6188,0.8534,0.5657,0.6169,0.7794,0.499,0.5526,0.3874,0.5919,0.6745,0.5838,0.5196,0.3158,0.4788,0.2643,0.5182,0.3185,0.2098,0.1634,0.3582,
1.0,0.9989,0.9668,0.9657,0.9695,0.9977,0.9956,0.9907,0.9855,0.9217,0.7364,0.9305,0.907,0.8416,0.8041,0.8544,0.6803,0.829,0.9402,0.7767,0.6134,0.9539,0.7257,0.6269,0.6036,0.6116,0.8532,0.5602,0.6199,0.7768,0.4962,0.5491,0.3857,0.5884,0.6798,0.5799,0.5191,0.3148,0.4779,0.2591,0.5296,0.3082,0.211,0.1633,0.3574,
1.0,0.9991,0.97,0.9691,0.9723,0.9977,0.9962,0.9903,0.9851,0.9244,0.7423,0.9366,0.9095,0.8427,0.8068,0.8627,0.6992,0.8306,0.9413,0.7947,0.6142,0.9508,0.7178,0.6264,0.6076,0.621,0.8623,0.5747,0.624,0.7825,0.5064,0.553,0.3904,0.5874,0.6784,0.584,0.5265,0.3174,0.4812,0.2647,0.5302,0.3131,0.214,0.1677,0.3583,
1.0,0.9991,0.9704,0.9695,0.9696,0.9978,0.9955,0.9907,0.9855,0.9261,0.7389,0.9334,0.91,0.8394,0.7999,0.8596,0.6869,0.8251,0.9408,0.7831,0.6086,0.9518,0.722,0.6235,0.5988,0.6147,0.8578,0.568,0.6226,0.7867,0.5104,0.5562,0.3855,0.5891,0.6793,0.5792,0.5202,0.318,0.4744,0.2539,0.5289,0.3176,0.2134,0.1612,0.3462,
1.0,0.9988,0.9682,0.967,0.9658,0.9981,0.996,0.9896,0.9847,0.9273,0.7342,0.9274,0.9111,0.8374,0.8006,0.8568,0.689,0.8257,0.9419,0.7897,0.6107,0.9509,0.7227,0.615,0.6015,0.6163,0.8608,0.5762,0.6207,0.7833,0.5006,0.5525,0.3823,0.5913,0.6736,0.5827,0.521,0.3129,0.4895,0.2625,0.5382,0.3079,0.2092,0.1681,0.3543,
1.0,0.9986,0.9672,0.9658,0.9687,0.9976,0.9954,0.9903,0.9849,0.9256,0.7393,0.9296,0.9105,0.8431,0.8023,0.8561,0.6801,0.8299,0.9387,0.7774,0.6137,0.9537,0.7291,0.6216,0.6123,0.6117,0.8547,0.564,0.6287,0.7841,0.5074,0.5514,0.3893,0.5931,0.6682,0.5899,0.514,0.3171,0.4761,0.2589,0.5166,0.3166,0.2116,0.1617,0.3559,
1.0,0.9992,0.9662,0.9654,0.9715,0.9964,0.994,0.991,0.9862,0.9186,0.736,0.9311,0.902,0.839,0.8044,0.8517,0.6879,0.8249,0.9437,0.7815,0.6095,0.9543,0.7193,0.628,0.611,0.6206,0.8583,0.5734,0.6148,0.7797,0.5056,0.557,0.392,0.5926,0.6758,0.5803,0.5262,0.3176,0.4779,0.2603,0.5232,0.311,0.2041,0.1642,0.3537,
1.0,0.9989,0.9668,0.9657,0.9679,0.9975,0.9953,0.9892,0.9822,0.9238,0.7319,0.9282,0.9073,0.8372,0.7952,0.8536,0.6762,0.8237,0.9391,0.779,0.6066,0.9524,0.7192,0.6173,0.6016,0.61,0.8528,0.5664,0.6165,0.7779,0.4975,0.5512,0.3814,0.592,0.678,0.5799,0.5199,0.3199,0.4779,0.2563,0.5229,0.308,0.2092,0.1665,0.3517,
1.0,0.9993,0.968,0.9673,0.969,0.9981,0.9962,0.9904,0.9849,0.9248,0.7328,0.9299,0.9084,0.8358,0.7956,0.8562,0.6766,0.8232,0.9428,0.7758,0.6098,0.9544,0.7199,0.6207,0.5988,0.6145,0.8519,0.5648,0.6179,0.7811,0.5075,0.5545,0.3891,0.59,0.6784,0.5774,0.5266,0.316,0.4725,0.2555,0.5246,0.3112,0.2137,0.1664,0.3491,
1.0,0.9983,0.9659,0.9642,0.968,0.9978,0.9953,0.991,0.9857,0.9249,0.738,0.9264,0.9102,0.8408,0.803,0.8534,0.6811,0.8269,0.941,0.7784,0.6141,0.9477,0.7209,0.6195,0.5964,0.6096,0.8553,0.5552,0.6186,0.776,0.4942,0.541,0.3865,0.5815,0.671,0.5814,0.5099,0.3142,0.4684,0.2573,0.5164,0.3092,0.2044,0.1549,0.347,
1.0,0.999,0.9697,0.9687,0.9728,0.9976,0.9954,0.9898,0.9832,0.9233,0.7364,0.9366,0.907,0.8381,0.8003,0.8602,0.6833,0.8245,0.9395,0.785,0.6075,0.9541,0.7218,0.6239,0.6086,0.6145,0.8556,0.5635,0.6206,0.7871,0.5082,0.554,0.3885,0.6041,0.6874,0.58,0.5257,0.3136,0.4884,0.2592,0.5321,0.3229,0.22,0.1648,0.3619,
1.0,0.9989,0.9673,0.9662,0.9721,0.997,0.9948,0.9906,0.9857,0.9247,0.7428,0.9326,0.908,0.8434,0.8077,0.8593,0.6922,0.8307,0.9376,0.7888,0.6083,0.9514,0.7196,0.6215,0.6103,0.6183,0.8591,0.5714,0.6184,0.7864,0.5068,0.5527,0.3899,0.5849,0.6674,0.5789,0.5222,0.3178,0.4693,0.2646,0.5184,0.313,0.2024,0.1594,0.3486,
1.0,0.9987,0.9675,0.9662,0.9703,0.9972,0.9951,0.9886,0.9834,0.9219,0.7415,0.9321,0.9051,0.846,0.806,0.8558,0.6875,0.8336,0.94,0.7822,0.6154,0.9531,0.7258,0.628,0.6084,0.6177,0.8566,0.5699,0.6206,0.7803,0.4926,0.5545,0.3863,0.5947,0.681,0.5875,0.5299,0.3171,0.4872,0.2654,0.5355,0.3061,0.2047,0.1737,0.3598,
1.0,0.9992,0.9699,0.9691,0.9717,0.9968,0.9945,0.9899,0.9861,0.9208,0.7358,0.9357,0.9041,0.8357,0.7974,0.8578,0.6811,0.8236,0.9453,0.7801,0.616,0.9485,0.7243,0.6305,0.6131,0.6139,0.8559,0.5637,0.6251,0.7754,0.5061,0.5489,0.3961,0.589,0.6781,0.5877,0.5267,0.3163,0.4764,0.2671,0.5235,0.3081,0.21,0.1664,0.3503,
1.0,0.9989,0.9689,0.9678,0.9707,0.9976,0.9957,0.9903,0.9842,0.9205,0.7382,0.9326,0.9041,0.8442,0.8034,0.855,0.6867,0.8304,0.9405,0.7764,0.6114,0.9536,0.722,0.6311,0.6094,0.6131,0.8544,0.5675,0.6248,0.7766,0.4988,0.5576,0.3899,0.5934,0.6867,0.5836,0.522,0.3149,0.4754,0.2566,0.5295,0.3112,0.2086,0.1629,0.3624,
1.0,0.9995,0.9677,0.9672,0.9697,0.9969,0.9947,0.9912,0.9853,0.921,0.7318,0.9296,0.9023,0.8362,0.7955,0.8516,0.6809,0.8207,0.9393,0.7779,0.6087,0.9519,0.7231,0.6256,0.6127,0.6076,0.854,0.564,0.6152,0.7793,0.4987,0.5489,0.387,0.5835,0.679,0.5816,0.5254,0.3138,0.4741,0.2566,0.5231,0.3029,0.2072,0.1643,0.3465,
1.0,0.9988,0.9654,0.9642,0.9682,0.9965,0.9943,0.9902,0.9845,0.9234,0.7328,0.9279,0.9068,0.8374,0.7995,0.8521,0.6792,0.8227,0.9419,0.7803,0.6096,0.9506,0.7218,0.6162,0.6057,0.6127,0.8557,0.5711,0.618,0.7802,0.503,0.5552,0.3882,0.5932,0.6765,0.5818,0.5186,0.3173,0.4859,0.2596,0.5315,0.3117,0.2052,0.1622,0.3562,
1.0,0.9991,0.9675,0.9666,0.9699,0.9977,0.9957,0.9911,0.9864,0.9254,0.736,0.931,0.9104,0.8361,0.7999,0.8577,0.6786,0.8221,0.9381,0.7815,0.6069,0.9486,0.7132,0.614,0.5979,0.6072,0.8513,0.5542,0.6216,0.7834,0.5033,0.5463,0.3746,0.5855,0.676,0.5778,0.5126,0.3121,0.4591,0.2603,0.5172,0.3036,0.2111,0.1518,0.3385,
1.0,0.9989,0.9676,0.9665,0.9656,0.9977,0.9956,0.9897,0.9826,0.9216,0.7243,0.9265,0.9057,0.8329,0.7928,0.8503,0.6789,0.8176,0.9394,0.7788,0.61,0.9527,0.728,0.6177,0.6124,0.6056,0.8608,0.5598,0.6226,0.775,0.5022,0.5374,0.3895,0.5834,0.6693,0.5874,0.518,0.3125,0.4897,0.2578,0.5217,0.3123,0.203,0.1583,0.3558,
1.0,0.9987,0.9662,0.9649,0.9678,0.9975,0.995,0.9909,0.9859,0.9236,0.7335,0.9267,0.9081,0.8382,0.8011,0.8523,0.6792,0.8255,0.9385,0.7767,0.6009,0.9549,0.7188,0.6125,0.6082,0.6093,0.8557,0.5662,0.6198,0.78,0.4983,0.5487,0.3843,0.5885,0.672,0.5803,0.5112,0.3143,0.4772,0.2507,0.5194,0.3132,0.2044,0.1571,0.3503,
1.0,0.9984,0.9682,0.9666,0.9705,0.9975,0.9948,0.9902,0.9837,0.9244,0.7359,0.9328,0.9101,0.8396,0.8012,0.8575,0.6879,0.8249,0.9392,0.7864,0.6131,0.9542,0.7236,0.6237,0.6081,0.6171,0.8609,0.571,0.6215,0.7823,0.4934,0.5519,0.3869,0.5942,0.679,0.5839,0.5268,0.3117,0.4914,0.2669,0.5295,0.3113,0.204,0.1639,0.3628,
1.0,0.9992,0.9687,0.9679,0.9714,0.9972,0.9957,0.9893,0.9822,0.9209,0.7326,0.9344,0.9037,0.8404,0.7983,0.8548,0.6806,0.8254,0.939,0.7792,0.6076,0.9499,0.7188,0.6235,0.6033,0.6126,0.8522,0.565,0.6146,0.7792,0.4989,0.5568,0.3892,0.5916,0.6764,0.5743,0.5135,0.3135,0.4761,0.2495,0.5214,0.3126,0.2064,0.1646,0.3533,
1.0,0.9994,0.9679,0.9673,0.9686,0.9976,0.9958,0.9905,0.9852,0.9242,0.7372,0.9301,0.9071,0.8409,0.8022,0.8544,0.6843,0.8268,0.9356,0.7782,0.6045,0.9493,0.716,0.6157,0.5992,0.6077,0.85,0.5572,0.6172,0.7746,0.4917,0.5472,0.3826,0.589,0.6819,0.5785,0.5107,0.3112,0.4779,0.2521,0.5298,0.3062,0.2109,0.1571,0.3516,
1.0,0.9993,0.9693,0.9686,0.9688,0.998,0.9965,0.9922,0.9879,0.9221,0.7261,0.9319,0.9086,0.8281,0.7944,0.8553,0.6806,0.8158,0.9417,0.7825,0.5934,0.9513,0.7202,0.6094,0.6075,0.6017,0.8629,0.5658,0.6192,0.7919,0.5109,0.5489,0.3913,0.5893,0.6769,0.5799,0.5245,0.3189,0.473,0.2523,0.5271,0.3146,0.2114,0.1593,0.3502,
1.0,0.9981,0.9694,0.9675,0.9699,0.9966,0.9938,0.9886,0.9837,0.9234,0.7328,0.9317,0.9053,0.8369,0.7978,0.8564,0.6818,0.8245,0.9412,0.7821,0.6065,0.9518,0.7207,0.6179,0.6105,0.6128,0.8556,0.5611,0.6159,0.7822,0.5015,0.5455,0.382,0.5914,0.6743,0.5786,0.5188,0.3015,0.4851,0.2524,0.5218,0.3135,0.2019,0.159,0.3578,
1.0,0.9985,0.9684,0.9669,0.9692,0.9966,0.9942,0.9902,0.9847,0.9246,0.7408,0.931,0.9084,0.8433,0.8033,0.857,0.6911,0.8312,0.9414,0.7862,0.6108,0.9532,0.7208,0.6227,0.6069,0.6183,0.862,0.5766,0.6227,0.7823,0.5061,0.5581,0.3832,0.5916,0.6781,0.5845,0.5325,0.3182,0.4886,0.2718,0.5306,0.3139,0.2115,0.1637,0.3577,
1.0,0.9984,0.9684,0.9668,0.9691,0.9966,0.9941,0.9907,0.9843,0.9231,0.7373,0.9305,0.9074,0.8407,0.8032,0.8547,0.6899,0.8279,0.9441,0.7833,0.6186,0.9525,0.7231,0.6316,0.6035,0.6185,0.8554,0.5739,0.6267,0.7789,0.5097,0.559,0.3944,0.5869,0.6785,0.5838,0.5223,0.3236,0.4727,0.263,0.5275,0.3125,0.2091,0.1716,0.3543,
1.0,0.9981,0.9707,0.9688,0.971,0.997,0.9945,0.991,0.9855,0.9278,0.7419,0.934,0.9122,0.8402,0.8035,0.8626,0.6878,0.8278,0.9384,0.7895,0.6085,0.9529,0.7186,0.6179,0.5981,0.6122,0.855,0.5617,0.6189,0.7863,0.5067,0.5449,0.3848,0.5825,0.6697,0.5726,0.5054,0.3101,0.4725,0.249,0.5236,0.3095,0.2085,0.1538,0.351,
1.0,0.9993,0.9675,0.9668,0.9702,0.9967,0.9949,0.9911,0.9857,0.9214,0.7374,0.9303,0.9036,0.8416,0.801,0.8535,0.6853,0.8291,0.941,0.7798,0.6094,0.9547,0.7248,0.6265,0.6104,0.6132,0.8609,0.569,0.6155,0.7818,0.5026,0.5513,0.4011,0.5959,0.673,0.5786,0.5205,0.3171,0.4836,0.2597,0.5224,0.3193,0.2028,0.1656,0.3676,
1.0,0.999,0.9685,0.9675,0.9707,0.9982,0.9961,0.9893,0.9845,0.9285,0.7368,0.9322,0.9121,0.8363,0.7994,0.862,0.6857,0.8241,0.9441,0.7913,0.6127,0.9538,0.7255,0.6249,0.6046,0.6175,0.8583,0.5702,0.627,0.7909,0.5176,0.5586,0.3931,0.5973,0.6886,0.5894,0.5269,0.3173,0.487,0.2609,0.5257,0.3204,0.2196,0.1708,0.3597,
1.0,0.9993,0.9697,0.969,0.9705,0.998,0.9962,0.9918,0.9873,0.9229,0.7389,0.9341,0.9081,0.8397,0.8043,0.8578,0.6978,0.8277,0.9382,0.7884,0.6075,0.9568,0.7262,0.6249,0.6099,0.6127,0.8654,0.5699,0.622,0.7837,0.5004,0.5478,0.3897,0.5896,0.6738,0.5834,0.5274,0.3134,0.492,0.2632,0.5362,0.3161,0.2077,0.1632,0.3665,
1.0,0.9989,0.9676,0.9665,0.9664,0.997,0.995,0.9912,0.9841,0.9241,0.7351,0.9283,0.9102,0.8414,0.8044,0.8527,0.6903,0.8267,0.94,0.784,0.6119,0.9501,0.7251,0.6215,0.6065,0.6131,0.8607,0.5722,0.6276,0.7846,0.5016,0.556,0.388,0.5952,0.6784,0.5913,0.5224,0.3179,0.4861,0.2655,0.5274,0.313,0.2053,0.164,0.3604,
1.0,0.9992,0.967,0.9662,0.9726,0.9973,0.996,0.9915,0.9838,0.9235,0.7378,0.9338,0.9087,0.8407,0.8007,0.8597,0.6877,0.8259,0.9401,0.7887,0.6142,0.9518,0.7229,0.6266,0.6054,0.6166,0.8623,0.5701,0.6193,0.7844,0.5026,0.5517,0.3928,0.5915,0.6726,0.582,0.5275,0.3202,0.4842,0.2658,0.5322,0.3139,0.2085,0.1682,0.3584,
1.0,0.999,0.9667,0.9657,0.9707,0.9963,0.9944,0.9904,0.9845,0.9206,0.7349,0.9306,0.9032,0.8432,0.8022,0.8521,0.682,0.8301,0.9374,0.7775,0.6036,0.9525,0.7229,0.6204,0.61,0.6093,0.8549,0.5661,0.6165,0.7815,0.5031,0.5524,0.3841,0.5865,0.6716,0.5749,0.517,0.3182,0.4764,0.262,0.521,0.3114,0.2067,0.158,0.3491,
1.0,0.9991,0.9675,0.9666,0.9694,0.9972,0.995,0.9902,0.9842,0.9255,0.7363,0.931,0.9091,0.8373,0.7988,0.8569,0.6879,0.8224,0.94,0.7885,0.6139,0.9508,0.7232,0.6219,0.6076,0.6168,0.8601,0.5724,0.6227,0.7824,0.5056,0.5534,0.3914,0.5945,0.6787,0.5925,0.5243,0.3207,0.4833,0.2679,0.5312,0.3138,0.2123,0.1722,0.3543,
1.0,0.9994,0.97,0.9694,0.9706,0.9977,0.9957,0.9905,0.9872,0.9222,0.7396,0.9352,0.9061,0.8423,0.8045,0.8591,0.6917,0.8303,0.9428,0.7825,0.6133,0.9541,0.7255,0.63,0.6063,0.6133,0.8599,0.5731,0.6194,0.7799,0.5038,0.5534,0.3967,0.5882,0.6828,0.5815,0.5252,0.3198,0.489,0.2583,0.5311,0.3121,0.2083,0.1668,0.3596,
1.0,0.9992,0.967,0.9662,0.9705,0.9972,0.9951,0.9906,0.9864,0.9268,0.7406,0.9314,0.9113,0.8379,0.8028,0.8584,0.6816,0.8246,0.9398,0.7846,0.614,0.9515,0.7239,0.624,0.604,0.6131,0.85,0.5583,0.6175,0.7812,0.5027,0.5408,0.387,0.5857,0.6725,0.5888,0.5236,0.3039,0.4751,0.2631,0.5167,0.3113,0.2118,0.1672,0.3507,
1.0,0.9991,0.9708,0.9699,0.9684,0.9973,0.9956,0.9905,0.9839,0.9267,0.742,0.9337,0.911,0.844,0.8046,0.8613,0.6842,0.8293,0.9379,0.7793,0.618,0.9535,0.7287,0.6284,0.6139,0.6166,0.8537,0.5645,0.6286,0.7794,0.5048,0.5559,0.3931,0.5969,0.6854,0.5897,0.5193,0.3163,0.4879,0.2631,0.5253,0.3173,0.2141,0.1578,0.3584,
1.0,0.9981,0.968,0.9661,0.9693,0.9974,0.9942,0.9899,0.986,0.9297,0.7431,0.9298,0.9144,0.8414,0.805,0.8617,0.6879,0.8287,0.9383,0.7862,0.6136,0.9524,0.7313,0.6222,0.6136,0.6219,0.8555,0.5667,0.6317,0.7885,0.512,0.5552,0.3919,0.5932,0.6702,0.5866,0.5114,0.3215,0.4706,0.2652,0.5086,0.3142,0.211,0.1557,0.35,
1.0,0.9992,0.9685,0.9677,0.971,0.9971,0.9952,0.9902,0.9849,0.9229,0.7373,0.933,0.9063,0.8386,0.8022,0.857,0.6864,0.8255,0.9418,0.7852,0.6051,0.951,0.7144,0.6208,0.6086,0.6197,0.8547,0.5698,0.6185,0.7829,0.506,0.5537,0.382,0.5932,0.6726,0.5831,0.5228,0.3154,0.476,0.2601,0.5225,0.3131,0.207,0.1602,0.3519,
1.0,0.9989,0.9668,0.9657,0.9704,0.9974,0.9951,0.9897,0.983,0.9203,0.7356,0.9305,0.9042,0.8405,0.7997,0.8523,0.6837,0.8252,0.9399,0.7801,0.6143,0.9523,0.7229,0.6285,0.6101,0.6165,0.8559,0.5736,0.6199,0.7784,0.5066,0.5556,0.3966,0.5926,0.6763,0.5814,0.5169,0.321,0.4811,0.2595,0.5291,0.3095,0.2094,0.1646,0.3563,
1.0,0.9989,0.9694,0.9683,0.9714,0.9966,0.9949,0.9895,0.9832,0.919,0.7303,0.9362,0.9036,0.8361,0.7988,0.8562,0.6851,0.8227,0.9434,0.7835,0.6077,0.9513,0.7187,0.624,0.6052,0.6124,0.8596,0.5676,0.6131,0.7786,0.5049,0.5508,0.3899,0.5922,0.6805,0.5842,0.5309,0.3159,0.4838,0.2595,0.5297,0.3167,0.2076,0.1699,0.3522,
1.0,0.9991,0.9683,0.9674,0.9677,0.9979,0.996,0.9919,0.9865,0.9214,0.7357,0.9284,0.9062,0.841,0.8019,0.8518,0.684,0.8276,0.9411,0.7728,0.6122,0.9531,0.7179,0.6245,0.6053,0.6101,0.8523,0.5653,0.6187,0.7694,0.491,0.5539,0.3831,0.5829,0.6822,0.5854,0.5279,0.3113,0.4694,0.2657,0.5242,0.2941,0.2044,0.1641,0.3498,
1.0,0.9997,0.9683,0.968,0.9689,0.9967,0.9953,0.9927,0.988,0.9175,0.7334,0.9313,0.9022,0.8387,0.803,0.8504,0.6856,0.8257,0.9421,0.7748,0.6066,0.9521,0.7162,0.6238,0.6032,0.6043,0.858,0.5596,0.614,0.7728,0.4932,0.5459,0.3866,0.5907,0.6714,0.5764,0.5222,0.3144,0.474,0.2555,0.5214,0.3024,0.1959,0.1589,0.3514,
1.0,0.9989,0.9653,0.9642,0.9682,0.9975,0.9952,0.9896,0.9848,0.9234,0.7326,0.9275,0.9071,0.8373,0.8002,0.8515,0.6792,0.8236,0.9409,0.7812,0.6093,0.9531,0.7202,0.6176,0.5971,0.6094,0.8505,0.5671,0.6185,0.7809,0.5083,0.5537,0.3824,0.5878,0.674,0.579,0.5222,0.3116,0.4747,0.2629,0.5239,0.3048,0.2055,0.1621,0.3502,
1.0,0.999,0.9687,0.9677,0.9687,0.9974,0.9952,0.9906,0.9843,0.9223,0.7352,0.9315,0.9062,0.8416,0.8008,0.8539,0.6895,0.8268,0.9367,0.782,0.6108,0.9522,0.7215,0.6227,0.6037,0.6111,0.8584,0.5666,0.6164,0.7724,0.4974,0.5471,0.3869,0.5828,0.6788,0.5758,0.5156,0.3172,0.4749,0.2565,0.53,0.3042,0.2112,0.1566,0.3497,
1.0,0.9983,0.9678,0.9661,0.9686,0.9975,0.9949,0.9879,0.9826,0.9186,0.733,0.9292,0.9011,0.8433,0.8028,0.8489,0.6843,0.8305,0.9389,0.7726,0.6048,0.9468,0.7149,0.6191,0.5976,0.6068,0.8528,0.5647,0.6113,0.772,0.5008,0.5485,0.3853,0.5859,0.671,0.5699,0.5186,0.3151,0.4721,0.2523,0.5277,0.3075,0.2072,0.1543,0.3478,
1.0,0.9987,0.9661,0.9648,0.9683,0.9979,0.9953,0.9898,0.9844,0.9269,0.7374,0.9282,0.9112,0.8394,0.8009,0.8557,0.6805,0.8254,0.943,0.7815,0.6188,0.9531,0.7248,0.624,0.612,0.6245,0.8519,0.5774,0.6304,0.7854,0.5186,0.5613,0.3937,0.5959,0.6812,0.5963,0.524,0.337,0.4811,0.2678,0.52,0.3191,0.2191,0.1676,0.3476,
1.0,0.9988,0.9672,0.966,0.9696,0.9966,0.9942,0.9907,0.985,0.9249,0.7325,0.931,0.9094,0.8337,0.7988,0.8567,0.6823,0.8189,0.9333,0.787,0.6013,0.9518,0.7222,0.6105,0.6049,0.6112,0.8558,0.5535,0.6228,0.7833,0.5018,0.5399,0.3852,0.59,0.6654,0.5787,0.515,0.3026,0.4827,0.2597,0.5249,0.3106,0.2073,0.1585,0.351,
1.0,0.9991,0.9685,0.9676,0.971,0.9968,0.995,0.9904,0.9843,0.9246,0.7332,0.9333,0.9078,0.8359,0.7941,0.8603,0.6729,0.8203,0.9403,0.7759,0.6149,0.9512,0.7314,0.6287,0.6158,0.6081,0.8515,0.5576,0.6319,0.7797,0.4995,0.5474,0.3846,0.5955,0.6828,0.5948,0.5185,0.3113,0.4731,0.2617,0.5247,0.3105,0.2082,0.1597,0.3475,
1.0,0.9985,0.9685,0.967,0.9697,0.998,0.9951,0.988,0.983,0.9234,0.7313,0.9304,0.9051,0.8365,0.7981,0.8553,0.684,0.8247,0.9404,0.7849,0.61,0.9552,0.7206,0.6213,0.6107,0.6114,0.852,0.5603,0.6201,0.7771,0.4982,0.5435,0.3891,0.5959,0.6802,0.5843,0.5171,0.3141,0.4787,0.2546,0.5255,0.3092,0.209,0.1612,0.3557,
1.0,0.9993,0.97,0.9693,0.971,0.9978,0.9955,0.9912,0.9849,0.9251,0.7416,0.9351,0.9105,0.8419,0.8043,0.8612,0.6909,0.8272,0.9402,0.7893,0.6174,0.9561,0.7256,0.6257,0.6065,0.6194,0.8606,0.5718,0.6191,0.7896,0.5117,0.5515,0.392,0.5924,0.6751,0.5862,0.5238,0.3208,0.4829,0.2638,0.5222,0.3189,0.2106,0.168,0.3576,
1.0,0.999,0.9709,0.9699,0.9715,0.9959,0.9935,0.9909,0.9861,0.9222,0.7389,0.9359,0.9054,0.841,0.8028,0.859,0.6861,0.8288,0.943,0.78,0.6084,0.9506,0.718,0.6265,0.6083,0.6198,0.8534,0.5722,0.6189,0.7788,0.5056,0.5582,0.3884,0.5858,0.6761,0.574,0.516,0.321,0.47,0.2544,0.523,0.31,0.2113,0.1593,0.3508,
1.0,0.9994,0.9693,0.9687,0.9706,0.9981,0.9964,0.9894,0.9843,0.9226,0.7375,0.934,0.9061,0.8405,0.7996,0.8588,0.6872,0.828,0.9395,0.7823,0.611,0.9532,0.7228,0.6224,0.6163,0.6093,0.8631,0.5671,0.6239,0.7795,0.5026,0.5448,0.3901,0.5987,0.6764,0.583,0.5151,0.3117,0.4937,0.2604,0.5286,0.316,0.206,0.1648,0.3606,
1.0,0.9992,0.9664,0.9656,0.971,0.9972,0.9959,0.9901,0.9841,0.92,0.7257,0.9315,0.9034,0.831,0.7925,0.8532,0.6762,0.8174,0.9379,0.7825,0.5999,0.9506,0.7179,0.6161,0.6159,0.6079,0.8585,0.5609,0.6195,0.7754,0.4953,0.5455,0.39,0.5869,0.6684,0.5816,0.5224,0.3034,0.4778,0.255,0.5245,0.3071,0.2015,0.1678,0.349,
1.0,0.9983,0.9687,0.967,0.9686,0.997,0.9942,0.9905,0.9856,0.9254,0.7377,0.9301,0.9093,0.8379,0.8009,0.8566,0.6872,0.8252,0.9424,0.7854,0.6114,0.9501,0.7225,0.6204,0.6063,0.6167,0.8606,0.5685,0.6251,0.7831,0.5012,0.5548,0.3952,0.5983,0.6779,0.5814,0.5175,0.3175,0.4847,0.2694,0.5315,0.3196,0.2171,0.1635,0.3598,
1.0,0.9989,0.9675,0.9664,0.9675,0.9968,0.9935,0.9889,0.9863,0.9225,0.7388,0.927,0.9036,0.8395,0.8034,0.8506,0.6829,0.8284,0.9406,0.7765,0.6131,0.9534,0.7283,0.6239,0.6091,0.6127,0.8524,0.5626,0.6228,0.7837,0.5037,0.5485,0.3859,0.5913,0.6735,0.5853,0.5286,0.3115,0.4767,0.2738,0.5194,0.312,0.2062,0.1713,0.3542,
1.0,0.9989,0.9651,0.964,0.971,0.9972,0.995,0.9905,0.9855,0.9222,0.7384,0.9302,0.9067,0.8418,0.8038,0.8543,0.6852,0.8293,0.9423,0.7834,0.6166,0.9508,0.7251,0.6271,0.6086,0.6185,0.8555,0.5726,0.6212,0.7803,0.4982,0.5543,0.3908,0.5806,0.6715,0.5858,0.5287,0.3126,0.476,0.2677,0.5184,0.3021,0.199,0.1734,0.349,
1.0,0.9986,0.9691,0.9677,0.9683,0.9976,0.9953,0.9888,0.9832,0.9249,0.7367,0.9317,0.9093,0.8417,0.8034,0.8585,0.6882,0.8298,0.9455,0.7842,0.6196,0.9531,0.7271,0.6297,0.6088,0.6196,0.8573,0.5745,0.6193,0.7825,0.5029,0.5541,0.3865,0.592,0.6748,0.5813,0.5236,0.3191,0.4764,0.2521,0.5202,0.3109,0.2083,0.1583,0.3502,
1.0,0.9987,0.9688,0.9675,0.9689,0.9971,0.9944,0.9892,0.9858,0.9222,0.7392,0.931,0.9052,0.8434,0.8067,0.8551,0.6904,0.8319,0.9398,0.7824,0.6129,0.9523,0.7221,0.6234,0.6023,0.6096,0.8575,0.5671,0.6241,0.7785,0.5005,0.5469,0.3832,0.5966,0.6824,0.5835,0.5301,0.3142,0.4864,0.2651,0.5282,0.3123,0.2115,0.1661,0.3591,
1.0,0.9984,0.9696,0.968,0.9675,0.9974,0.9955,0.9898,0.984,0.922,0.7291,0.9297,0.9055,0.8354,0.7964,0.8529,0.6838,0.8228,0.9414,0.7808,0.6099,0.9499,0.7225,0.6233,0.6023,0.6025,0.8572,0.5565,0.6251,0.7792,0.5116,0.545,0.3905,0.5889,0.669,0.5856,0.5166,0.3115,0.4771,0.2597,0.5195,0.3128,0.2071,0.1608,0.3476,
1.0,0.9991,0.9658,0.9649,0.9712,0.9964,0.9949,0.9904,0.9828,0.928,0.7356,0.9311,0.9107,0.8342,0.7932,0.8609,0.6789,0.8199,0.9413,0.7889,0.6144,0.9525,0.7293,0.6251,0.6095,0.6129,0.8595,0.5676,0.6212,0.7882,0.5016,0.5483,0.3876,0.5941,0.6762,0.5909,0.5235,0.3103,0.4782,0.2622,0.5174,0.312,0.2039,0.1625,0.3519,
1.0,0.9993,0.9669,0.9662,0.9734,0.9966,0.9951,0.9897,0.9836,0.9207,0.7356,0.9337,0.9023,0.8396,0.8008,0.8569,0.6802,0.8254,0.9372,0.7815,0.6011,0.9504,0.7142,0.6203,0.6018,0.6079,0.8506,0.5634,0.6089,0.7812,0.5036,0.5522,0.3836,0.5855,0.6775,0.5734,0.5161,0.3142,0.4687,0.2511,0.5205,0.3123,0.207,0.1515,0.3436,
1.0,0.9988,0.9677,0.9665,0.9698,0.9972,0.9954,0.9901,0.9846,0.9209,0.7311,0.9317,0.905,0.8391,0.8022,0.8537,0.6821,0.827,0.9408,0.7789,0.6114,0.955,0.7238,0.6248,0.6152,0.6153,0.8523,0.5684,0.6222,0.778,0.5057,0.5539,0.3947,0.591,0.6795,0.585,0.5201,0.3188,0.48,0.2639,0.5211,0.3141,0.2108,0.1632,0.3498,
1.0,0.9989,0.9663,0.9652,0.9716,0.9969,0.995,0.991,0.9852,0.9174,0.7436,0.9318,0.9021,0.8496,0.8133,0.8504,0.6962,0.8366,0.9385,0.7823,0.613,0.9515,0.7157,0.6294,0.6022,0.6174,0.8605,0.5777,0.6096,0.7828,0.5042,0.5553,0.3899,0.5903,0.6646,0.5745,0.5186,0.3222,0.4837,0.2628,0.5223,0.3093,0.2092,0.1604,0.3617,
1.0,0.9989,0.9674,0.9663,0.9679,0.9972,0.9952,0.9913,0.9854,0.926,0.739,0.93,0.912,0.841,0.8017,0.856,0.6824,0.8285,0.9426,0.7798,0.6159,0.9528,0.7227,0.6202,0.6002,0.6191,0.8544,0.5652,0.6197,0.7766,0.4981,0.5548,0.3886,0.5935,0.6742,0.5868,0.5242,0.3158,0.4797,0.26,0.5204,0.3053,0.2015,0.1624,0.3531,
1.0,0.9988,0.9696,0.9684,0.9669,0.9969,0.994,0.9893,0.9854,0.9271,0.7362,0.93,0.909,0.8389,0.803,0.8586,0.6867,0.8261,0.943,0.7846,0.6146,0.9532,0.7276,0.6232,0.6081,0.6216,0.8527,0.5772,0.6221,0.7861,0.5066,0.5606,0.3921,0.5986,0.6838,0.5849,0.5231,0.3192,0.4797,0.2648,0.5312,0.3091,0.2106,0.1745,0.3543,
1.0,0.9988,0.9669,0.9657,0.972,0.9975,0.9948,0.9894,0.9832,0.9259,0.7366,0.9324,0.9097,0.8371,0.7967,0.8602,0.6803,0.8211,0.9382,0.7867,0.6111,0.9478,0.7182,0.6234,0.5986,0.6095,0.8535,0.5615,0.6233,0.7848,0.5101,0.548,0.3876,0.5906,0.6726,0.5827,0.5151,0.3097,0.4716,0.2601,0.5217,0.3153,0.2091,0.1592,0.3446,
1.0,0.9987,0.9693,0.968,0.9694,0.9977,0.9952,0.991,0.9867,0.9224,0.7374,0.9326,0.9083,0.8395,0.8041,0.8562,0.6865,0.8289,0.9446,0.7806,0.6138,0.9585,0.7211,0.6248,0.6034,0.6182,0.855,0.5667,0.616,0.7798,0.5085,0.5553,0.3848,0.5914,0.6843,0.5837,0.5201,0.32,0.4771,0.2571,0.5303,0.3122,0.2145,0.1629,0.3516,
1.0,0.999,0.9715,0.9705,0.9689,0.9971,0.9947,0.9905,0.9858,0.9252,0.7344,0.9345,0.909,0.8369,0.7981,0.8604,0.6829,0.8231,0.9384,0.7822,0.6091,0.9549,0.7244,0.6207,0.6118,0.6106,0.8543,0.5702,0.6262,0.7798,0.506,0.5571,0.3898,0.5942,0.6756,0.5818,0.5203,0.3176,0.4794,0.258,0.5274,0.3072,0.2024,0.1661,0.3559,
1.0,0.9987,0.968,0.9667,0.9713,0.9977,0.9954,0.9899,0.9839,0.9221,0.7355,0.9332,0.9068,0.841,0.8037,0.8572,0.6903,0.8274,0.9399,0.7863,0.6084,0.9523,0.7166,0.6223,0.6056,0.615,0.8575,0.5692,0.6174,0.7812,0.503,0.5517,0.3839,0.5865,0.68,0.5833,0.5265,0.3149,0.4786,0.2596,0.5324,0.3143,0.2102,0.1611,0.3565,
1.0,0.9984,0.9648,0.9632,0.973,0.9966,0.9935,0.9879,0.9839,0.9271,0.7442,0.9309,0.9089,0.8432,0.8034,0.8592,0.6867,0.8301,0.945,0.79,0.6233,0.9491,0.7308,0.6309,0.6104,0.6209,0.8575,0.5763,0.6261,0.787,0.5144,0.5555,0.3943,0.5954,0.6796,0.598,0.528,0.3184,0.4902,0.265,0.5273,0.3225,0.2146,0.1724,0.3644,
1.0,0.999,0.9716,0.9706,0.9688,0.9976,0.996,0.9905,0.9845,0.9243,0.7382,0.9324,0.9066,0.8399,0.7981,0.8572,0.6886,0.8279,0.9429,0.7788,0.6097,0.9555,0.7164,0.6231,0.6037,0.6152,0.8551,0.568,0.6149,0.7782,0.4946,0.5542,0.3797,0.5904,0.6748,0.5804,0.5306,0.2984,0.4777,0.2605,0.5196,0.3007,0.201,0.1656,0.3524,
1.0,0.999,0.9663,0.9653,0.9727,0.9967,0.9948,0.9903,0.9843,0.9232,0.7364,0.9334,0.907,0.8394,0.8005,0.8577,0.6819,0.8247,0.9395,0.7836,0.6105,0.9515,0.7257,0.6217,0.6092,0.6136,0.8566,0.564,0.6201,0.7845,0.5051,0.5437,0.3892,0.5826,0.6689,0.5886,0.525,0.3166,0.4719,0.2603,0.5147,0.3126,0.2049,0.1712,0.3542,
1.0,0.999,0.9662,0.9652,0.97,0.9972,0.9946,0.99,0.9856,0.9262,0.7391,0.9295,0.9087,0.8374,0.8002,0.8559,0.6815,0.8246,0.943,0.7824,0.6155,0.9533,0.7264,0.6241,0.6014,0.6153,0.8542,0.5647,0.6175,0.7883,0.5117,0.5544,0.3824,0.5862,0.6803,0.5863,0.5226,0.3171,0.4821,0.254,0.5293,0.3148,0.2129,0.1633,0.3495,
1.0,0.9988,0.9684,0.9672,0.9709,0.9981,0.9958,0.9894,0.9833,0.9228,0.7383,0.9328,0.9065,0.8427,0.8014,0.8568,0.6896,0.8295,0.9415,0.7843,0.619,0.9547,0.7288,0.6319,0.6078,0.6157,0.8608,0.5761,0.6241,0.783,0.5064,0.5614,0.3948,0.5926,0.6806,0.5846,0.5214,0.3187,0.4817,0.2631,0.5288,0.3112,0.212,0.1652,0.3571,
1.0,0.9992,0.9658,0.965,0.9708,0.9967,0.9951,0.9906,0.9856,0.9249,0.7368,0.9298,0.9082,0.8362,0.7981,0.8563,0.6853,0.8226,0.9424,0.7877,0.6097,0.9507,0.7233,0.6175,0.6019,0.6125,0.8612,0.5681,0.6178,0.7838,0.5093,0.545,0.3936,0.5886,0.6733,0.585,0.5257,0.32,0.4755,0.2561,0.5149,0.3132,0.2115,0.1615,0.3545,
1.0,0.9992,0.9627,0.9619,0.972,0.9973,0.9956,0.9904,0.9847,0.9276,0.7447,0.9295,0.9119,0.8423,0.8034,0.8568,0.6833,0.83,0.9422,0.7907,0.6191,0.9538,0.7234,0.6211,0.6017,0.6191,0.857,0.5693,0.617,0.7817,0.511,0.5474,0.3842,0.5857,0.6725,0.587,0.5242,0.3143,0.4773,0.2623,0.5231,0.3184,0.2063,0.1619,0.3479,
1.0,0.9991,0.9678,0.9669,0.9689,0.9964,0.9945,0.9901,0.9846,0.925,0.7374,0.9309,0.908,0.8401,0.8027,0.857,0.6844,0.826,0.9405,0.7844,0.6131,0.9493,0.7205,0.623,0.6033,0.6156,0.8521,0.5674,0.6257,0.7805,0.4984,0.552,0.3867,0.593,0.6767,0.5869,0.5138,0.3135,0.4752,0.255,0.5207,0.3094,0.2018,0.164,0.3614,
1.0,0.9993,0.9679,0.9672,0.9691,0.9965,0.9951,0.991,0.986,0.9211,0.728,0.9313,0.9047,0.8331,0.7971,0.8556,0.6768,0.8221,0.9429,0.7809,0.6044,0.9556,0.7242,0.617,0.6156,0.6092,0.8552,0.5622,0.6196,0.7787,0.4973,0.5476,0.386,0.5959,0.6706,0.5849,0.5178,0.3072,0.4836,0.2593,0.5201,0.306,0.198,0.1706,0.3518,
1.0,0.9993,0.9655,0.9648,0.9717,0.9973,0.9954,0.9914,0.9857,0.9186,0.7338,0.9312,0.9028,0.8384,0.7997,0.8514,0.6777,0.826,0.9427,0.7729,0.6124,0.9535,0.7196,0.6261,0.6119,0.6149,0.8519,0.5654,0.6134,0.7766,0.4995,0.5492,0.3856,0.5801,0.6786,0.5801,0.5261,0.3109,0.4774,0.2558,0.5246,0.3102,0.2109,0.1651,0.3459,
1.0,0.9986,0.9704,0.969,0.9703,0.9973,0.9951,0.9891,0.9843,0.9267,0.7405,0.9329,0.9091,0.8414,0.8007,0.861,0.6906,0.8298,0.9442,0.786,0.6169,0.949,0.7258,0.6319,0.6137,0.623,0.8592,0.5786,0.6285,0.7857,0.5163,0.563,0.4006,0.5918,0.6788,0.588,0.5278,0.3299,0.4782,0.2691,0.5273,0.3227,0.2202,0.1639,0.3553,
1.0,0.9985,0.9689,0.9674,0.9719,0.9977,0.9955,0.9909,0.9844,0.9256,0.7298,0.9341,0.9109,0.831,0.7929,0.8607,0.6777,0.8168,0.9395,0.7858,0.6048,0.9535,0.7231,0.6169,0.6086,0.6071,0.8549,0.5579,0.6214,0.7857,0.511,0.5422,0.3934,0.5877,0.6752,0.5877,0.5166,0.3159,0.4757,0.2602,0.5225,0.3174,0.2148,0.1702,0.3474,
1.0,0.9987,0.9663,0.965,0.969,0.9981,0.9963,0.9904,0.9826,0.9279,0.7373,0.9277,0.9118,0.84,0.8003,0.8569,0.6825,0.8263,0.9402,0.7878,0.6161,0.9552,0.726,0.6226,0.607,0.6185,0.8549,0.5649,0.6234,0.7819,0.509,0.5485,0.3894,0.5906,0.6707,0.5913,0.5271,0.3134,0.4773,0.2641,0.5192,0.3148,0.205,0.1683,0.3501,
1.0,0.9985,0.969,0.9675,0.968,0.9976,0.9949,0.9912,0.9862,0.9228,0.7381,0.9292,0.907,0.8418,0.8023,0.8533,0.6881,0.8292,0.9412,0.7753,0.6097,0.9556,0.7179,0.6212,0.6069,0.6174,0.8575,0.5691,0.6179,0.78,0.501,0.5592,0.3909,0.5999,0.677,0.5781,0.5181,0.3191,0.4785,0.2537,0.5234,0.3131,0.2107,0.1632,0.3638,
1.0,0.999,0.969,0.968,0.9704,0.9969,0.9953,0.9906,0.9851,0.9263,0.7379,0.933,0.9102,0.839,0.7994,0.8602,0.6762,0.8273,0.9444,0.7787,0.6165,0.9526,0.7338,0.6297,0.6135,0.6133,0.8516,0.5602,0.6303,0.7874,0.5105,0.55,0.3948,0.5931,0.6791,0.5962,0.5183,0.3185,0.4757,0.259,0.5126,0.3229,0.2116,0.1666,0.3489,
1.0,0.9989,0.9637,0.9626,0.9702,0.9974,0.9955,0.9897,0.9835,0.9237,0.7341,0.927,0.9071,0.8373,0.7969,0.8535,0.6767,0.8249,0.9445,0.7826,0.6143,0.9522,0.7257,0.6223,0.6072,0.6171,0.8581,0.5704,0.6135,0.7817,0.5044,0.5483,0.3898,0.5863,0.6753,0.5788,0.5144,0.3267,0.4745,0.2511,0.5129,0.3084,0.2057,0.1591,0.3485,
1.0,0.9995,0.9681,0.9676,0.9691,0.9976,0.9963,0.9903,0.9842,0.9235,0.7334,0.9319,0.9075,0.8375,0.7994,0.8565,0.6854,0.824,0.9405,0.7843,0.6081,0.9527,0.7213,0.6194,0.6119,0.6122,0.8581,0.5674,0.6282,0.7792,0.5076,0.5508,0.389,0.5957,0.6767,0.5892,0.522,0.3114,0.4852,0.2637,0.5282,0.3166,0.2115,0.1578,0.361,
1.0,0.9993,0.9685,0.9678,0.9713,0.9974,0.9956,0.9897,0.9848,0.9212,0.7334,0.9326,0.9034,0.8384,0.7973,0.8551,0.6879,0.8268,0.9437,0.7838,0.6134,0.95,0.7256,0.6314,0.6201,0.616,0.8596,0.5743,0.6289,0.7783,0.4961,0.5604,0.3974,0.5949,0.6815,0.5875,0.5232,0.3178,0.4749,0.2687,0.5297,0.3104,0.2042,0.1658,0.3549,
1.0,0.9994,0.9706,0.97,0.9691,0.9972,0.9953,0.9917,0.9868,0.9243,0.7355,0.9322,0.9071,0.8393,0.8007,0.8576,0.6872,0.8263,0.9413,0.781,0.6075,0.9501,0.7138,0.6212,0.6066,0.6131,0.8531,0.5625,0.6199,0.7775,0.4976,0.5547,0.394,0.6002,0.6802,0.5841,0.5094,0.3168,0.4897,0.2565,0.5285,0.3168,0.2109,0.1669,0.3613,
1.0,0.9988,0.9672,0.966,0.9701,0.9977,0.9956,0.9903,0.9843,0.924,0.736,0.9305,0.9074,0.8398,0.8023,0.8555,0.685,0.8263,0.9395,0.7841,0.6112,0.9514,0.7226,0.6221,0.6056,0.62,0.857,0.5671,0.6174,0.7843,0.4945,0.5526,0.3891,0.582,0.6702,0.5783,0.5199,0.3083,0.4822,0.2602,0.5228,0.3077,0.2038,0.1609,0.3531,
1.0,0.9988,0.9689,0.9677,0.9712,0.9983,0.9962,0.9909,0.9848,0.9192,0.7354,0.9338,0.9052,0.8406,0.8025,0.8542,0.6851,0.8274,0.9449,0.7786,0.6146,0.957,0.7244,0.6326,0.6133,0.6186,0.8542,0.571,0.6185,0.7821,0.5079,0.5579,0.3983,0.5934,0.6827,0.5857,0.5195,0.3149,0.4864,0.2514,0.5269,0.3143,0.2057,0.1681,0.356,
1.0,0.9991,0.9681,0.9672,0.9721,0.9982,0.9964,0.9902,0.9847,0.9263,0.745,0.935,0.912,0.8444,0.8077,0.8618,0.6908,0.8316,0.9383,0.7886,0.6219,0.954,0.7343,0.6337,0.6119,0.6185,0.8559,0.5654,0.6331,0.7848,0.5042,0.5479,0.3933,0.5887,0.6775,0.5909,0.5185,0.3104,0.476,0.2709,0.5277,0.3143,0.2097,0.165,0.3606,
1.0,0.9989,0.9669,0.9658,0.971,0.9968,0.9945,0.9896,0.9861,0.9209,0.7373,0.9323,0.9047,0.8403,0.8025,0.8552,0.6854,0.8279,0.942,0.7817,0.6065,0.9512,0.7191,0.6202,0.6071,0.6142,0.8585,0.5742,0.6167,0.7803,0.4993,0.553,0.3856,0.5842,0.671,0.5781,0.5196,0.3156,0.481,0.2507,0.5248,0.3069,0.2025,0.1629,0.3517,
1.0,0.9986,0.9668,0.9654,0.9691,0.9974,0.995,0.9878,0.9839,0.9256,0.7344,0.9301,0.9085,0.8356,0.7977,0.8562,0.6782,0.8244,0.9461,0.785,0.6169,0.9489,0.7273,0.6219,0.6053,0.6175,0.8562,0.565,0.6171,0.7831,0.5108,0.5446,0.3928,0.591,0.679,0.5892,0.5207,0.3141,0.4804,0.2531,0.5176,0.3244,0.203,0.1632,0.3529,
1.0,0.9991,0.9684,0.9675,0.9729,0.9967,0.9952,0.9901,0.9849,0.9204,0.7343,0.9357,0.9042,0.8358,0.7969,0.8572,0.6786,0.8236,0.9441,0.7817,0.6047,0.9549,0.7239,0.6207,0.613,0.6121,0.8587,0.5627,0.6099,0.7879,0.5086,0.5476,0.3869,0.5876,0.6711,0.5758,0.5186,0.3137,0.4739,0.248,0.5187,0.3116,0.2054,0.1602,0.3429,
1.0,0.9989,0.9669,0.9658,0.9694,0.9982,0.9958,0.9896,0.9855,0.9228,0.7326,0.9302,0.9077,0.8341,0.7974,0.854,0.6797,0.8209,0.9435,0.7829,0.6095,0.9484,0.7185,0.6192,0.6035,0.6105,0.8542,0.5601,0.6258,0.7778,0.4994,0.5428,0.3812,0.5912,0.675,0.5851,0.5176,0.3063,0.4772,0.2612,0.5305,0.3053,0.2058,0.1623,0.348,
1.0,0.9988,0.9667,0.9655,0.9685,0.997,0.9945,0.9896,0.984,0.9192,0.7301,0.9278,0.9016,0.8402,0.8019,0.8495,0.6865,0.8245,0.9384,0.7774,0.6008,0.9514,0.7125,0.6194,0.6,0.6081,0.8528,0.5662,0.6107,0.7727,0.4964,0.5512,0.3824,0.5795,0.673,0.5728,0.5231,0.3125,0.4819,0.2547,0.5268,0.3036,0.2008,0.1684,0.3486,
1.0,0.9989,0.9671,0.966,0.9688,0.9979,0.9956,0.9902,0.9843,0.9181,0.73,0.9288,0.9018,0.8413,0.8007,0.8482,0.6815,0.8284,0.9433,0.7699,0.6132,0.9549,0.7237,0.6314,0.6146,0.6136,0.8538,0.5648,0.6194,0.774,0.5038,0.5571,0.3963,0.5909,0.6712,0.5821,0.5174,0.3246,0.4736,0.2596,0.5175,0.3077,0.2015,0.162,0.3509,
1.0,0.9985,0.967,0.9655,0.9685,0.9975,0.9943,0.9876,0.9829,0.9235,0.7362,0.9285,0.9053,0.841,0.7995,0.8527,0.6828,0.8291,0.9434,0.7796,0.6157,0.9536,0.7268,0.6266,0.6048,0.6134,0.8541,0.5687,0.6201,0.7799,0.5026,0.5521,0.3824,0.5901,0.6794,0.5793,0.5164,0.3132,0.4769,0.2578,0.5234,0.3134,0.2086,0.1598,0.3547,
1.0,0.999,0.9669,0.9659,0.9669,0.9963,0.9949,0.9907,0.9856,0.9255,0.7312,0.9274,0.9087,0.8341,0.7962,0.854,0.68,0.8211,0.9396,0.7841,0.6031,0.9507,0.7203,0.6097,0.5974,0.607,0.8559,0.5639,0.6131,0.7811,0.4992,0.5394,0.3835,0.5842,0.6727,0.5796,0.5268,0.3114,0.4796,0.2574,0.5279,0.3099,0.2073,0.1663,0.3468,
1.0,0.9986,0.9689,0.9675,0.969,0.9962,0.9941,0.9896,0.9846,0.9218,0.7358,0.9311,0.9039,0.8395,0.7997,0.8536,0.6773,0.8271,0.9387,0.7748,0.6084,0.9514,0.7239,0.6212,0.6101,0.6117,0.8505,0.5609,0.617,0.7794,0.506,0.551,0.3944,0.5945,0.6713,0.5821,0.5195,0.3228,0.476,0.2575,0.5158,0.3145,0.2039,0.1665,0.3471,
1.0,0.9982,0.9698,0.968,0.9718,0.9966,0.9938,0.9901,0.9834,0.9261,0.7403,0.9349,0.9107,0.8415,0.8,0.8623,0.6871,0.827,0.9384,0.7872,0.6182,0.9525,0.7312,0.6323,0.6212,0.6221,0.861,0.5713,0.6285,0.7838,0.5005,0.5528,0.394,0.5986,0.6788,0.59,0.5161,0.3159,0.4785,0.2613,0.5223,0.3114,0.2076,0.1621,0.3609,
1.0,0.999,0.9671,0.9661,0.968,0.9972,0.995,0.9899,0.9867,0.9257,0.7385,0.9278,0.908,0.8391,0.8026,0.855,0.6836,0.8275,0.9386,0.7802,0.6063,0.947,0.719,0.6155,0.6024,0.6119,0.8531,0.5618,0.6198,0.7779,0.5006,0.5469,0.3944,0.5914,0.6709,0.5749,0.5067,0.3124,0.4806,0.2553,0.5297,0.3088,0.2114,0.1573,0.3572,
1.0,0.9984,0.9677,0.9661,0.9699,0.9969,0.9942,0.9914,0.9861,0.9236,0.739,0.9302,0.9084,0.8436,0.8069,0.8555,0.6907,0.831,0.9395,0.7841,0.6107,0.9545,0.7224,0.6241,0.6079,0.6178,0.8594,0.5737,0.6183,0.7815,0.501,0.5553,0.39,0.5885,0.6719,0.5788,0.5214,0.3237,0.4806,0.2595,0.5223,0.3103,0.2046,0.1653,0.3631,
1.0,0.9991,0.9676,0.9667,0.9693,0.9967,0.9951,0.9895,0.9839,0.9222,0.7303,0.931,0.905,0.8348,0.7957,0.8554,0.6818,0.8224,0.9424,0.7829,0.6069,0.9537,0.7228,0.6165,0.6115,0.6137,0.8603,0.5724,0.615,0.7794,0.4988,0.5498,0.3911,0.5938,0.6786,0.5872,0.534,0.313,0.4792,0.2606,0.5245,0.3112,0.2077,0.1683,0.3562,
1.0,0.999,0.9683,0.9673,0.9688,0.9981,0.9958,0.9904,0.9848,0.923,0.74,0.93,0.9073,0.8456,0.8075,0.8544,0.6951,0.8326,0.9406,0.7835,0.612,0.9508,0.715,0.6251,0.599,0.6191,0.8593,0.5774,0.6155,0.7813,0.502,0.5619,0.3853,0.5938,0.6751,0.5754,0.5219,0.3181,0.4817,0.2631,0.5287,0.3126,0.2135,0.1628,0.3583,
1.0,0.9991,0.9659,0.965,0.972,0.9976,0.9958,0.9902,0.9851,0.9265,0.7408,0.9314,0.9106,0.8372,0.7983,0.8595,0.678,0.8259,0.9419,0.7843,0.6141,0.9524,0.7289,0.6267,0.6082,0.6167,0.8544,0.5667,0.6222,0.7903,0.5124,0.551,0.3908,0.5835,0.672,0.588,0.5178,0.3148,0.4745,0.2566,0.5175,0.3134,0.2099,0.1637,0.3447,
1.0,0.9988,0.9661,0.9649,0.9668,0.9971,0.9952,0.9901,0.9843,0.9244,0.7345,0.9256,0.9066,0.8391,0.7988,0.8511,0.6904,0.8259,0.9397,0.7869,0.6104,0.9505,0.7206,0.6214,0.602,0.6139,0.86,0.5786,0.6174,0.7795,0.5049,0.5551,0.3812,0.5814,0.6716,0.5808,0.5246,0.3207,0.4706,0.2643,0.5262,0.3082,0.2032,0.1619,0.3526,
1.0,0.9993,0.9684,0.9677,0.9697,0.9977,0.9959,0.9904,0.9837,0.9279,0.7342,0.9321,0.9123,0.8356,0.7966,0.8602,0.6828,0.8203,0.9392,0.7881,0.6087,0.9512,0.7228,0.6146,0.6035,0.6159,0.8554,0.5708,0.6204,0.7854,0.5044,0.5572,0.3867,0.5892,0.6775,0.5814,0.5269,0.3148,0.4782,0.263,0.5279,0.3048,0.2128,0.1648,0.3499,
1.0,0.9991,0.9692,0.9683,0.97,0.9976,0.9959,0.9917,0.9847,0.9244,0.7387,0.9328,0.9095,0.8369,0.797,0.8575,0.6821,0.8222,0.9375,0.782,0.6136,0.9528,0.7239,0.6238,0.6102,0.6068,0.8597,0.5649,0.6286,0.7885,0.5077,0.5448,0.3977,0.6004,0.6739,0.5822,0.5165,0.314,0.4858,0.2624,0.5272,0.321,0.2132,0.1635,0.3596,
1.0,0.9991,0.9642,0.9633,0.9674,0.9975,0.9958,0.9911,0.9864,0.9266,0.7388,0.9256,0.9116,0.8397,0.8049,0.8539,0.6868,0.8279,0.9426,0.7848,0.6207,0.9579,0.7357,0.6274,0.6095,0.6162,0.8614,0.5676,0.6233,0.7847,0.5069,0.5456,0.3901,0.5968,0.6772,0.5916,0.5275,0.3169,0.4852,0.2667,0.5147,0.3216,0.2078,0.1644,0.3646,
1.0,0.9993,0.969,0.9683,0.9713,0.997,0.9949,0.9914,0.986,0.9226,0.7311,0.9341,0.9065,0.8342,0.7964,0.8583,0.6813,0.8212,0.9397,0.7834,0.6059,0.9543,0.7198,0.62,0.6155,0.61,0.8574,0.5654,0.6226,0.7827,0.5091,0.5515,0.3949,0.6026,0.6753,0.5855,0.5199,0.3238,0.4842,0.2579,0.5224,0.3196,0.2076,0.1673,0.3517,
1.0,0.9992,0.9687,0.9679,0.9673,0.9971,0.9945,0.9902,0.9847,0.9251,0.7316,0.9304,0.9094,0.8359,0.7978,0.8558,0.6829,0.8225,0.939,0.7837,0.6035,0.9519,0.7156,0.6123,0.592,0.6085,0.8561,0.5643,0.6115,0.7827,0.503,0.5492,0.3754,0.5891,0.6685,0.5712,0.5173,0.3151,0.48,0.2537,0.5239,0.3087,0.212,0.1584,0.3537,
1.0,0.9987,0.9695,0.9682,0.9699,0.9968,0.9943,0.9907,0.9858,0.9237,0.7377,0.932,0.9066,0.8381,0.7993,0.8567,0.6837,0.8249,0.9403,0.7792,0.6048,0.9529,0.7143,0.6177,0.6061,0.6145,0.8536,0.5681,0.6163,0.7818,0.5083,0.555,0.3842,0.5917,0.6775,0.578,0.5174,0.3189,0.4738,0.2559,0.5201,0.3107,0.2113,0.1544,0.3486,
1.0,0.9988,0.9678,0.9666,0.9695,0.9963,0.9935,0.9904,0.9849,0.926,0.7345,0.9312,0.9098,0.8352,0.7973,0.8578,0.677,0.8211,0.9389,0.782,0.6125,0.9514,0.7274,0.621,0.6113,0.616,0.8528,0.5666,0.62,0.788,0.5123,0.5534,0.3949,0.5908,0.667,0.5866,0.5216,0.3174,0.4757,0.267,0.5125,0.3208,0.2058,0.1696,0.348,
1.0,0.9988,0.9709,0.9697,0.9712,0.9967,0.9947,0.9897,0.9835,0.9195,0.7365,0.9361,0.9031,0.8426,0.7999,0.8562,0.6855,0.8297,0.941,0.7771,0.6131,0.9515,0.7208,0.6292,0.6079,0.6087,0.856,0.5697,0.6178,0.7754,0.4939,0.5506,0.3899,0.5945,0.6739,0.5785,0.5238,0.3117,0.4817,0.2589,0.5274,0.3093,0.1954,0.1678,0.3491,
1.0,0.9983,0.9678,0.9661,0.967,0.9969,0.9944,0.9906,0.9856,0.9232,0.7393,0.9286,0.9086,0.8454,0.8081,0.8545,0.6883,0.8346,0.9454,0.7786,0.6162,0.9547,0.725,0.6262,0.6054,0.62,0.8586,0.576,0.6175,0.781,0.504,0.5566,0.3828,0.5782,0.6746,0.5811,0.5232,0.3188,0.4717,0.2627,0.5164,0.3039,0.2003,0.1607,0.3494,
1.0,0.9988,0.9679,0.9667,0.9701,0.9978,0.996,0.991,0.9865,0.9224,0.737,0.9306,0.9065,0.8408,0.8033,0.8545,0.6852,0.829,0.9422,0.775,0.6144,0.9542,0.7276,0.6288,0.6108,0.6136,0.8533,0.565,0.6193,0.7816,0.5006,0.5511,0.3963,0.5892,0.6803,0.5852,0.5149,0.3156,0.4735,0.2545,0.5169,0.3097,0.2043,0.1623,0.3535,
1.0,0.9991,0.965,0.9641,0.9682,0.9972,0.9951,0.989,0.983,0.9182,0.727,0.9262,0.8994,0.8365,0.7964,0.8451,0.679,0.8224,0.9367,0.7757,0.6023,0.9516,0.715,0.6153,0.6053,0.6036,0.8514,0.5648,0.6127,0.7789,0.5006,0.5509,0.3867,0.5945,0.6688,0.5775,0.5236,0.3119,0.4891,0.2672,0.5235,0.3154,0.2039,0.1651,0.3558,
1.0,0.9989,0.9698,0.9687,0.9705,0.9964,0.9946,0.9915,0.9856,0.9235,0.7421,0.9325,0.9063,0.843,0.8051,0.8581,0.6872,0.8299,0.94,0.7808,0.6067,0.953,0.7152,0.6227,0.6044,0.6182,0.8534,0.5664,0.6135,0.7763,0.4989,0.5481,0.3827,0.5877,0.6719,0.5746,0.5139,0.309,0.4788,0.2553,0.5199,0.3074,0.2083,0.1605,0.3515,
1.0,0.9986,0.968,0.9666,0.9704,0.9968,0.9941,0.9904,0.9834,0.926,0.7368,0.9311,0.9098,0.838,0.7959,0.8574,0.6786,0.8224,0.9365,0.7811,0.6064,0.9511,0.7187,0.6164,0.6011,0.6129,0.8561,0.5675,0.618,0.7854,0.505,0.5538,0.3805,0.5837,0.6772,0.5753,0.5158,0.3205,0.4695,0.2537,0.5304,0.3094,0.2151,0.156,0.3427,
1.0,0.9989,0.9649,0.9638,0.968,0.9978,0.9953,0.9904,0.985,0.9199,0.7316,0.9275,0.9053,0.8411,0.8035,0.8478,0.6819,0.8274,0.9416,0.7747,0.6132,0.9567,0.726,0.6231,0.6038,0.6078,0.8531,0.5686,0.62,0.7821,0.5097,0.5508,0.3887,0.5995,0.6752,0.5846,0.5213,0.3153,0.4839,0.2606,0.5132,0.3203,0.2099,0.1599,0.3556,
1.0,0.9993,0.9664,0.9657,0.971,0.9981,0.9968,0.9906,0.9852,0.9274,0.7477,0.9316,0.9128,0.8453,0.8085,0.8605,0.6958,0.8324,0.9408,0.7919,0.6182,0.9535,0.7236,0.6256,0.6094,0.6266,0.8621,0.5776,0.6227,0.7897,0.5084,0.56,0.3881,0.5944,0.6811,0.5888,0.53,0.3236,0.4908,0.2734,0.5323,0.3157,0.2175,0.1655,0.366,
1.0,0.9985,0.9678,0.9663,0.9697,0.9965,0.9935,0.9898,0.9839,0.9223,0.7321,0.9304,0.9053,0.8386,0.7985,0.8536,0.6843,0.8235,0.9386,0.7837,0.6051,0.9522,0.7195,0.6187,0.6098,0.6108,0.8598,0.5705,0.6204,0.7817,0.5037,0.5523,0.3901,0.6031,0.6782,0.579,0.5198,0.3196,0.4865,0.2557,0.5233,0.3143,0.2088,0.16,0.3589,
1.0,0.999,0.9656,0.9646,0.9697,0.9968,0.9946,0.9904,0.9844,0.9239,0.7344,0.9295,0.9078,0.8351,0.7965,0.8548,0.6753,0.8221,0.9387,0.7836,0.6112,0.9565,0.7314,0.619,0.6095,0.6131,0.8525,0.5622,0.6192,0.7782,0.5076,0.5382,0.3916,0.5872,0.6747,0.587,0.5288,0.315,0.4808,0.2627,0.517,0.3181,0.2089,0.1644,0.3491,
1.0,0.9986,0.9654,0.964,0.9712,0.997,0.9946,0.9892,0.9835,0.9261,0.7441,0.9305,0.9099,0.8461,0.8062,0.8561,0.6846,0.8328,0.9398,0.7813,0.6136,0.954,0.7221,0.6216,0.5994,0.6199,0.8522,0.5673,0.6164,0.7828,0.5092,0.554,0.392,0.6043,0.6765,0.5839,0.5153,0.3219,0.4863,0.2613,0.5119,0.3179,0.2063,0.1613,0.3666,
1.0,0.9987,0.967,0.9657,0.9639,0.997,0.9948,0.9915,0.9868,0.9233,0.7352,0.9264,0.9104,0.8425,0.8091,0.8512,0.6923,0.8302,0.9426,0.7824,0.6103,0.9537,0.719,0.6172,0.5974,0.6109,0.8562,0.5746,0.6233,0.777,0.5048,0.5617,0.385,0.5965,0.6735,0.5874,0.5299,0.3171,0.4867,0.27,0.5272,0.3093,0.2065,0.1657,0.3597,
1.0,0.9989,0.9695,0.9684,0.969,0.9972,0.9955,0.9904,0.9843,0.9248,0.7368,0.933,0.9099,0.8396,0.7991,0.8588,0.6862,0.8272,0.9409,0.7828,0.6116,0.955,0.7201,0.6227,0.6075,0.6137,0.8564,0.5627,0.6203,0.7756,0.4963,0.551,0.3849,0.5957,0.6742,0.5879,0.5319,0.3138,0.4796,0.2637,0.5267,0.3062,0.2035,0.1627,0.348,
1.0,0.9989,0.9672,0.9661,0.9685,0.9977,0.996,0.991,0.9848,0.9237,0.733,0.9294,0.9085,0.8366,0.7994,0.8553,0.6836,0.8241,0.9402,0.7837,0.6077,0.9531,0.7199,0.6162,0.6016,0.6107,0.8558,0.5628,0.6207,0.7778,0.5053,0.5443,0.3891,0.5924,0.672,0.5805,0.5131,0.3145,0.4832,0.2631,0.5258,0.3153,0.2057,0.1592,0.3573,
1.0,0.999,0.9647,0.9637,0.9718,0.9976,0.9953,0.9911,0.9863,0.9223,0.7295,0.9301,0.9073,0.8299,0.7921,0.8537,0.6726,0.816,0.9408,0.7825,0.6029,0.9491,0.7166,0.6114,0.5975,0.6017,0.8551,0.5541,0.6199,0.7808,0.5109,0.5356,0.3821,0.5823,0.6678,0.5853,0.518,0.3167,0.4724,0.2569,0.5155,0.3091,0.2072,0.1574,0.3417,
1.0,0.9988,0.9677,0.9665,0.9701,0.9969,0.9946,0.9895,0.984,0.9225,0.7399,0.9316,0.9052,0.8437,0.8051,0.8558,0.6946,0.8309,0.9433,0.787,0.6122,0.9513,0.7178,0.6259,0.6049,0.6219,0.8584,0.5797,0.6194,0.7776,0.4983,0.5579,0.3821,0.5847,0.6725,0.5786,0.5262,0.3212,0.4748,0.2635,0.5183,0.305,0.1971,0.1641,0.356,
1.0,0.9995,0.9676,0.9671,0.971,0.9975,0.9957,0.9913,0.9861,0.9266,0.7406,0.9325,0.9109,0.8407,0.8033,0.8593,0.6873,0.8275,0.9387,0.7858,0.6094,0.9535,0.7204,0.6196,0.6065,0.6168,0.8573,0.5696,0.6173,0.7889,0.5128,0.5552,0.3908,0.5924,0.6718,0.5794,0.5143,0.324,0.4812,0.2559,0.5263,0.3206,0.2158,0.1577,0.3573,
1.0,0.9994,0.9637,0.9631,0.9696,0.9973,0.9956,0.9912,0.9863,0.9239,0.7356,0.9276,0.908,0.8363,0.7994,0.8537,0.6836,0.8233,0.9407,0.785,0.6086,0.9512,0.7196,0.6139,0.5978,0.6116,0.8609,0.5702,0.6108,0.7827,0.5078,0.5392,0.3897,0.5834,0.6724,0.5807,0.5263,0.3147,0.4837,0.2613,0.5241,0.3189,0.2056,0.1629,0.3528,
1.0,0.9989,0.9684,0.9673,0.9675,0.9972,0.9955,0.991,0.9853,0.9228,0.7308,0.9297,0.908,0.837,0.7994,0.8536,0.6837,0.8242,0.9413,0.7796,0.6074,0.951,0.7218,0.6185,0.6042,0.605,0.8621,0.5629,0.6196,0.7806,0.4908,0.5493,0.3868,0.5969,0.6799,0.5767,0.5227,0.3102,0.4774,0.2577,0.5232,0.3045,0.2071,0.1647,0.3549,
1.0,0.9985,0.967,0.9655,0.9681,0.9976,0.9946,0.9888,0.9829,0.9225,0.7332,0.9269,0.9044,0.8394,0.7995,0.8509,0.6862,0.8252,0.9392,0.785,0.6115,0.9511,0.7202,0.6245,0.6075,0.6149,0.8591,0.5755,0.6162,0.7852,0.5083,0.5561,0.3939,0.59,0.6719,0.5769,0.5186,0.3222,0.4825,0.2607,0.5241,0.3169,0.2048,0.1643,0.3578,
1.0,0.9986,0.9692,0.9678,0.9696,0.9975,0.9953,0.9905,0.9845,0.9236,0.7381,0.9318,0.9079,0.8417,0.806,0.8566,0.6907,0.8281,0.9403,0.7853,0.6166,0.9532,0.724,0.6306,0.6081,0.6153,0.855,0.5655,0.6241,0.7837,0.5031,0.5543,0.3823,0.5851,0.6764,0.5858,0.5232,0.311,0.4703,0.2646,0.52,0.3029,0.2072,0.1657,0.341,
1.0,0.999,0.9674,0.9664,0.9694,0.998,0.9961,0.9906,0.9849,0.9199,0.7405,0.9308,0.9054,0.8468,0.8086,0.8532,0.6913,0.8325,0.9424,0.7791,0.6155,0.9524,0.7191,0.6292,0.6035,0.6177,0.8595,0.5774,0.6197,0.7782,0.5004,0.5598,0.391,0.5884,0.6746,0.582,0.5263,0.3205,0.4784,0.2645,0.5257,0.2999,0.2059,0.1669,0.358,
1.0,0.9985,0.9685,0.967,0.9714,0.9972,0.9946,0.9904,0.9843,0.9256,0.742,0.9345,0.9114,0.8414,0.8012,0.8612,0.6867,0.8281,0.938,0.7859,0.6111,0.9527,0.7254,0.6221,0.6081,0.6157,0.8606,0.5761,0.6202,0.7879,0.4985,0.5567,0.3858,0.5951,0.677,0.5821,0.5177,0.3174,0.4767,0.2588,0.5266,0.31,0.2118,0.1566,0.361,
1.0,0.9989,0.9692,0.9681,0.9691,0.9968,0.9944,0.9905,0.9853,0.9257,0.7367,0.9308,0.9076,0.8388,0.8001,0.8582,0.6883,0.8258,0.9418,0.7874,0.6079,0.951,0.7187,0.6223,0.6025,0.6134,0.8565,0.5652,0.6192,0.7797,0.504,0.5458,0.386,0.5949,0.6789,0.5866,0.5278,0.3089,0.4875,0.2645,0.5315,0.317,0.2079,0.1622,0.3626,
1.0,0.9986,0.9679,0.9665,0.9667,0.9968,0.9945,0.9894,0.9831,0.9208,0.7305,0.929,0.9049,0.8405,0.8011,0.8503,0.6796,0.8262,0.9421,0.7739,0.6133,0.9487,0.722,0.6248,0.5991,0.6064,0.8513,0.5603,0.6189,0.7719,0.497,0.5461,0.3795,0.5852,0.6772,0.5874,0.5261,0.3069,0.4743,0.2586,0.5222,0.3035,0.2037,0.1652,0.3441,
1.0,0.9987,0.971,0.9697,0.9716,0.9981,0.9953,0.9888,0.9833,0.9235,0.7398,0.9363,0.9073,0.8429,0.8033,0.861,0.6889,0.8292,0.9405,0.7847,0.6125,0.9537,0.7206,0.6284,0.609,0.6225,0.8563,0.5755,0.6171,0.7853,0.5128,0.5605,0.3924,0.5892,0.6806,0.5797,0.5218,0.319,0.4815,0.26,0.5296,0.3174,0.2191,0.164,0.3482,
1.0,0.9992,0.9684,0.9676,0.9694,0.9968,0.9951,0.9909,0.9849,0.9218,0.727,0.9309,0.9046,0.8311,0.7913,0.8551,0.6762,0.8173,0.9412,0.7789,0.6054,0.9532,0.7252,0.6177,0.6065,0.6023,0.8546,0.5527,0.623,0.775,0.4956,0.5446,0.3925,0.5917,0.6723,0.5802,0.5175,0.3129,0.4742,0.2557,0.5179,0.3067,0.1994,0.1659,0.3454,
1.0,0.9984,0.9656,0.964,0.9712,0.9972,0.9947,0.9901,0.9846,0.9217,0.7352,0.9304,0.9063,0.8392,0.8014,0.8525,0.6855,0.8254,0.9398,0.7835,0.6096,0.9555,0.7211,0.6196,0.6065,0.6153,0.8575,0.5714,0.6151,0.7803,0.5019,0.5536,0.3916,0.5893,0.6731,0.5827,0.5269,0.3135,0.4803,0.2572,0.5195,0.3105,0.2037,0.1648,0.3531,
1.0,0.9991,0.9682,0.9673,0.97,0.9971,0.9955,0.9916,0.9862,0.9227,0.7398,0.9316,0.9072,0.843,0.8077,0.8557,0.6936,0.8307,0.9443,0.7863,0.6116,0.9508,0.7142,0.6246,0.5986,0.6192,0.861,0.5781,0.6121,0.7845,0.5102,0.5569,0.3815,0.5854,0.6804,0.5743,0.5203,0.3171,0.4721,0.2581,0.5263,0.3086,0.2098,0.1571,0.3558,
1.0,0.999,0.9696,0.9686,0.9699,0.9968,0.9947,0.99,0.9857,0.9258,0.7361,0.9328,0.9082,0.8372,0.7968,0.8585,0.6792,0.8249,0.9418,0.7799,0.6107,0.9528,0.7273,0.6245,0.6047,0.6089,0.8532,0.5596,0.6202,0.7824,0.5051,0.5489,0.395,0.5956,0.6791,0.5895,0.5245,0.3175,0.4835,0.2616,0.525,0.3109,0.2161,0.1687,0.3499,
1.0,0.9989,0.9686,0.9675,0.9695,0.9977,0.9955,0.9911,0.9858,0.9225,0.7409,0.9307,0.9066,0.8426,0.806,0.8542,0.6922,0.8299,0.9388,0.7844,0.6107,0.9562,0.7189,0.6204,0.6093,0.614,0.858,0.567,0.6209,0.7845,0.5028,0.5545,0.3858,0.5971,0.6728,0.581,0.5105,0.3171,0.4815,0.2554,0.5264,0.3124,0.2056,0.1541,0.3641,
1.0,0.9988,0.9678,0.9666,0.9677,0.9974,0.9952,0.9896,0.9845,0.924,0.7326,0.9295,0.9077,0.8373,0.7988,0.8554,0.6771,0.8248,0.94,0.7765,0.6146,0.9503,0.7274,0.6235,0.6074,0.6099,0.8551,0.5662,0.6203,0.7868,0.5036,0.5516,0.3942,0.5917,0.6653,0.5802,0.5138,0.3222,0.4744,0.2529,0.5231,0.312,0.2106,0.1624,0.3494,
1.0,0.9982,0.9661,0.9643,0.9699,0.9958,0.9931,0.989,0.983,0.9288,0.7433,0.9287,0.9102,0.8439,0.8028,0.8587,0.6844,0.8306,0.9378,0.7868,0.6176,0.9509,0.7281,0.6245,0.6008,0.6161,0.8555,0.565,0.6214,0.7838,0.5111,0.5481,0.3864,0.5886,0.6758,0.5854,0.525,0.3148,0.4749,0.2691,0.5211,0.3233,0.2123,0.162,0.3549,
1.0,0.9987,0.9655,0.9642,0.9718,0.9972,0.9947,0.9895,0.984,0.9293,0.7466,0.9308,0.912,0.8449,0.8068,0.8617,0.6859,0.8299,0.9368,0.789,0.6181,0.9518,0.7312,0.6275,0.6057,0.6205,0.8548,0.5671,0.6252,0.7921,0.5077,0.5516,0.385,0.581,0.6693,0.5877,0.522,0.3115,0.4753,0.2661,0.5199,0.3147,0.2112,0.1598,0.3509,
1.0,0.9988,0.9667,0.9655,0.9738,0.998,0.9958,0.9902,0.9842,0.9202,0.7394,0.9334,0.9044,0.8426,0.804,0.8555,0.6897,0.8287,0.9382,0.7828,0.6019,0.9544,0.7123,0.6181,0.6049,0.6175,0.8554,0.5721,0.6128,0.7823,0.5079,0.5543,0.3884,0.593,0.6695,0.5753,0.5198,0.3187,0.4743,0.2532,0.5207,0.3097,0.2082,0.1562,0.3586,
1.0,0.9989,0.9667,0.9656,0.969,0.9976,0.9958,0.9917,0.9869,0.926,0.7324,0.9293,0.912,0.8311,0.7924,0.8572,0.6728,0.819,0.9453,0.7776,0.6113,0.9512,0.7292,0.6192,0.6093,0.6123,0.8566,0.5647,0.6231,0.7875,0.5068,0.5484,0.3955,0.5942,0.6753,0.5874,0.5256,0.3194,0.4726,0.2606,0.5184,0.309,0.205,0.1634,0.3442,
1.0,0.9991,0.9676,0.9667,0.9708,0.9977,0.996,0.9907,0.9849,0.9213,0.7368,0.9323,0.906,0.8443,0.8069,0.8549,0.6905,0.8317,0.9446,0.7833,0.6136,0.9563,0.7207,0.6271,0.6092,0.6186,0.8605,0.5736,0.6178,0.7806,0.5031,0.5587,0.3893,0.5955,0.6805,0.5831,0.5297,0.3292,0.4789,0.2628,0.5229,0.3064,0.2026,0.1665,0.3623,
1.0,0.9992,0.9666,0.9658,0.9692,0.9961,0.9942,0.9895,0.9844,0.9251,0.7277,0.93,0.9073,0.8292,0.7892,0.856,0.6725,0.816,0.9422,0.7836,0.61,0.9514,0.7291,0.6188,0.6142,0.6087,0.855,0.5628,0.6206,0.7809,0.5006,0.5443,0.3862,0.5872,0.6744,0.5871,0.5347,0.3117,0.4802,0.2621,0.5227,0.3085,0.2082,0.1694,0.3429,
1.0,0.9993,0.9652,0.9645,0.9709,0.9961,0.9945,0.9909,0.9861,0.9219,0.738,0.93,0.9048,0.8419,0.8051,0.8539,0.6943,0.8312,0.9418,0.7908,0.6112,0.9544,0.7219,0.6227,0.6059,0.6157,0.8649,0.5774,0.6179,0.7824,0.5043,0.5543,0.3861,0.5859,0.6761,0.5786,0.5251,0.3156,0.4819,0.2682,0.5305,0.3117,0.198,0.1639,0.3694,
1.0,0.9988,0.9685,0.9673,0.9697,0.9974,0.9954,0.9915,0.9871,0.9221,0.7338,0.9313,0.9068,0.8364,0.7981,0.8545,0.6771,0.8252,0.9426,0.7747,0.6068,0.9537,0.7184,0.6209,0.6072,0.6123,0.8523,0.5606,0.6125,0.7753,0.496,0.5495,0.3923,0.5889,0.6776,0.5732,0.5166,0.3079,0.4778,0.2519,0.5206,0.3031,0.2017,0.1637,0.3541,
1.0,0.999,0.9686,0.9676,0.9706,0.9973,0.9956,0.9917,0.9852,0.9234,0.7332,0.9333,0.9092,0.8353,0.7985,0.8579,0.6813,0.8204,0.937,0.7813,0.6046,0.9502,0.7181,0.6183,0.6084,0.6091,0.8568,0.5582,0.626,0.7809,0.4981,0.5467,0.3899,0.5894,0.6705,0.5835,0.5181,0.3112,0.4777,0.2637,0.5196,0.3116,0.2007,0.1631,0.3541,
1.0,0.9988,0.9699,0.9687,0.9696,0.9969,0.9943,0.9886,0.9842,0.9242,0.7375,0.9324,0.9058,0.8417,0.8018,0.8581,0.6846,0.8298,0.9425,0.7797,0.6109,0.9532,0.7248,0.6257,0.6129,0.6177,0.8525,0.5727,0.6223,0.7823,0.5079,0.5544,0.386,0.5939,0.6768,0.588,0.5192,0.3164,0.4789,0.2561,0.5154,0.3158,0.2123,0.1615,0.3517,
1.0,0.999,0.97,0.969,0.9696,0.9976,0.9954,0.9902,0.985,0.9214,0.734,0.9334,0.9057,0.8374,0.8002,0.8563,0.6846,0.8242,0.9408,0.7819,0.6068,0.9539,0.7177,0.6196,0.6053,0.6128,0.8543,0.5664,0.6194,0.7804,0.5024,0.5546,0.3855,0.5878,0.6837,0.5798,0.5212,0.3163,0.4717,0.2574,0.5277,0.306,0.2072,0.1656,0.3472,
1.0,0.9991,0.9694,0.9685,0.9706,0.9982,0.9964,0.992,0.987,0.9209,0.7329,0.9324,0.9061,0.8357,0.7989,0.8543,0.6788,0.8231,0.9417,0.7727,0.6064,0.9541,0.7198,0.6206,0.6086,0.6103,0.8535,0.5622,0.6171,0.7849,0.5053,0.5523,0.4023,0.5985,0.676,0.5797,0.5161,0.3182,0.4741,0.2546,0.5167,0.3154,0.2057,0.17,0.347,
1.0,0.999,0.9642,0.9632,0.9713,0.9975,0.9953,0.99,0.9851,0.9224,0.7363,0.9291,0.9057,0.8386,0.8023,0.8538,0.6817,0.8246,0.9402,0.782,0.606,0.9523,0.7205,0.619,0.6027,0.6121,0.855,0.5632,0.6192,0.7828,0.502,0.5481,0.3862,0.5978,0.6814,0.5821,0.5213,0.3171,0.4818,0.2624,0.5211,0.3081,0.2134,0.1633,0.3597,
1.0,0.9994,0.9661,0.9655,0.9697,0.9967,0.9953,0.9901,0.9829,0.9249,0.7393,0.9306,0.909,0.8425,0.8061,0.8562,0.69,0.8279,0.939,0.79,0.6157,0.9497,0.7189,0.6263,0.6008,0.6152,0.8561,0.5676,0.6203,0.7781,0.5049,0.5484,0.3862,0.5863,0.6676,0.5832,0.5219,0.3105,0.4787,0.264,0.52,0.3096,0.2089,0.1598,0.3582,
1.0,0.9993,0.9668,0.9661,0.9669,0.9976,0.9961,0.9901,0.9847,0.9245,0.7307,0.9275,0.9081,0.8349,0.7967,0.853,0.6796,0.8214,0.9408,0.7821,0.6071,0.9493,0.7223,0.617,0.607,0.6074,0.8571,0.5665,0.6191,0.7824,0.5033,0.5473,0.3829,0.5914,0.6726,0.5872,0.5229,0.3146,0.4789,0.2601,0.5233,0.3124,0.2064,0.1616,0.3467,
1.0,0.9994,0.9717,0.9711,0.9697,0.9964,0.9954,0.9898,0.9828,0.9265,0.7415,0.9349,0.9083,0.8423,0.801,0.862,0.6883,0.8281,0.9369,0.7869,0.6109,0.9518,0.7183,0.6259,0.5991,0.6148,0.8558,0.5683,0.6183,0.7809,0.5012,0.5515,0.3843,0.5921,0.6756,0.5771,0.5235,0.3063,0.4772,0.2591,0.5231,0.3103,0.2057,0.1586,0.3555,
1.0,0.9988,0.9686,0.9674,0.9681,0.9978,0.9955,0.9915,0.9861,0.9255,0.7371,0.9309,0.9116,0.8373,0.7989,0.8579,0.6792,0.8225,0.9395,0.7786,0.6117,0.9525,0.7227,0.6213,0.6057,0.6104,0.858,0.5638,0.62,0.7833,0.4985,0.5506,0.3837,0.5913,0.6754,0.5832,0.5188,0.3108,0.4821,0.2557,0.5235,0.3077,0.2018,0.1634,0.3467,
1.0,0.9987,0.9687,0.9674,0.9691,0.9982,0.9957,0.9918,0.9872,0.9256,0.7378,0.9307,0.9116,0.8373,0.8014,0.8586,0.6798,0.8241,0.9409,0.7767,0.6104,0.9566,0.7236,0.6212,0.6106,0.6136,0.8496,0.561,0.6315,0.7844,0.5099,0.5573,0.3902,0.5952,0.6877,0.5918,0.5234,0.3141,0.475,0.2634,0.5238,0.3124,0.2136,0.1667,0.3563,
1.0,0.9986,0.9661,0.9647,0.9673,0.9973,0.9946,0.9896,0.984,0.9232,0.7296,0.927,0.9081,0.8361,0.7986,0.8515,0.6831,0.8215,0.9383,0.784,0.6047,0.9515,0.7231,0.6157,0.6003,0.609,0.8596,0.5663,0.6196,0.7836,0.4986,0.5468,0.3801,0.5899,0.6669,0.5724,0.5152,0.3095,0.4878,0.2577,0.5279,0.3065,0.2058,0.1599,0.3535,
1.0,0.9986,0.965,0.9636,0.9735,0.9969,0.9947,0.9894,0.9841,0.927,0.7414,0.9299,0.908,0.8399,0.8008,0.8586,0.6879,0.828,0.941,0.793,0.6169,0.9534,0.7315,0.6274,0.619,0.6217,0.8574,0.5728,0.6262,0.792,0.5154,0.5514,0.3994,0.5912,0.6662,0.5917,0.5247,0.3167,0.4814,0.2704,0.5149,0.3205,0.2144,0.1721,0.3576,
1.0,0.9988,0.9682,0.967,0.9668,0.9968,0.9948,0.9899,0.984,0.9204,0.7325,0.9284,0.9029,0.8432,0.8044,0.8501,0.6865,0.829,0.9414,0.7756,0.6117,0.9535,0.719,0.623,0.6057,0.6139,0.855,0.57,0.6157,0.7739,0.4979,0.5551,0.3804,0.5978,0.6805,0.5818,0.5202,0.3132,0.483,0.2588,0.5278,0.3123,0.1999,0.164,0.359,
1.0,0.9986,0.9682,0.9668,0.966,0.9977,0.9952,0.9895,0.9844,0.9281,0.7361,0.927,0.9121,0.8388,0.8006,0.8575,0.6895,0.8256,0.9383,0.7877,0.6181,0.9545,0.7344,0.6239,0.6116,0.6163,0.8616,0.568,0.6299,0.7811,0.5022,0.5502,0.3858,0.5918,0.677,0.5899,0.5202,0.3106,0.4799,0.2618,0.5253,0.3086,0.2079,0.1667,0.3544,
1.0,0.999,0.9666,0.9656,0.9701,0.9975,0.9956,0.9902,0.9835,0.921,0.7269,0.9311,0.9056,0.835,0.7952,0.8527,0.6742,0.8219,0.9432,0.7786,0.6027,0.9544,0.7148,0.6177,0.6048,0.6134,0.8511,0.569,0.6138,0.7771,0.5057,0.5559,0.3844,0.5903,0.6763,0.5772,0.5235,0.314,0.4771,0.2523,0.5209,0.3118,0.2099,0.1664,0.3523,
1.0,0.9988,0.9689,0.9677,0.9731,0.9973,0.9953,0.9901,0.9845,0.9237,0.7329,0.935,0.9072,0.8342,0.7951,0.86,0.6792,0.8193,0.9388,0.7866,0.6063,0.9519,0.7224,0.6193,0.6115,0.6098,0.8551,0.5594,0.6164,0.7838,0.5141,0.5415,0.3957,0.5842,0.675,0.5825,0.516,0.3182,0.4781,0.2549,0.5247,0.3163,0.2093,0.1697,0.3437,
1.0,0.999,0.9691,0.9681,0.9691,0.9971,0.9953,0.9895,0.9836,0.924,0.7387,0.9317,0.907,0.8439,0.8024,0.8571,0.6887,0.8303,0.941,0.7806,0.615,0.9519,0.7216,0.6253,0.6052,0.6176,0.8588,0.5758,0.6217,0.7828,0.5065,0.5612,0.3904,0.5929,0.6819,0.5762,0.5188,0.3248,0.4902,0.2582,0.5387,0.3109,0.2149,0.1674,0.3598,
1.0,0.999,0.9684,0.9674,0.9697,0.9981,0.9959,0.9914,0.9859,0.9279,0.7429,0.9308,0.9129,0.8429,0.8043,0.8594,0.6888,0.8292,0.9398,0.7822,0.6167,0.9567,0.7295,0.6303,0.6134,0.6193,0.855,0.565,0.6313,0.7863,0.5112,0.5589,0.3859,0.5965,0.6793,0.5972,0.526,0.3202,0.4771,0.2757,0.5255,0.3156,0.2105,0.1696,0.3571,
1.0,0.9992,0.9704,0.9696,0.9707,0.9981,0.9961,0.9921,0.986,0.9229,0.7375,0.9348,0.9093,0.8389,0.8003,0.8585,0.6856,0.8248,0.9371,0.7802,0.6083,0.956,0.7213,0.623,0.6088,0.6137,0.8548,0.566,0.6205,0.7819,0.5003,0.553,0.3938,0.5897,0.6752,0.5779,0.5209,0.3171,0.4738,0.2627,0.5294,0.3067,0.2078,0.1677,0.3446,
1.0,0.9989,0.9704,0.9693,0.973,0.9962,0.994,0.9921,0.987,0.9228,0.7424,0.9373,0.9072,0.8415,0.8077,0.862,0.6918,0.8281,0.9403,0.7865,0.6165,0.9542,0.7232,0.6338,0.6119,0.6186,0.8603,0.567,0.6199,0.7852,0.5053,0.5515,0.3951,0.5897,0.6855,0.5868,0.5239,0.3184,0.4801,0.2623,0.5276,0.3186,0.2112,0.1646,0.3599,
1.0,0.9988,0.9676,0.9664,0.9722,0.9968,0.9945,0.9908,0.9852,0.9245,0.7424,0.9334,0.9083,0.8413,0.8013,0.8596,0.6894,0.8291,0.9409,0.7872,0.6108,0.9518,0.7184,0.6237,0.6059,0.619,0.8603,0.5767,0.6193,0.7848,0.5052,0.5573,0.3836,0.5863,0.6731,0.5782,0.5204,0.3175,0.4732,0.2631,0.5315,0.3077,0.2085,0.1564,0.3507,
1.0,0.9988,0.9663,0.9651,0.9708,0.9973,0.9947,0.9908,0.9874,0.9193,0.7355,0.9293,0.9028,0.8391,0.8052,0.8511,0.6898,0.8275,0.9427,0.7827,0.6061,0.9545,0.7183,0.6252,0.6029,0.6159,0.8574,0.5682,0.6136,0.7833,0.5113,0.5528,0.3912,0.5941,0.6788,0.5794,0.5253,0.3218,0.4806,0.2601,0.521,0.3189,0.207,0.1656,0.3552,
1.0,0.9991,0.9671,0.9662,0.9714,0.9981,0.9957,0.9911,0.9868,0.9251,0.7397,0.9324,0.9106,0.8375,0.8031,0.8588,0.6794,0.8252,0.9436,0.7794,0.6199,0.952,0.7291,0.6322,0.61,0.6179,0.8498,0.5606,0.6296,0.7905,0.5114,0.5507,0.3922,0.5875,0.6756,0.5923,0.5213,0.3167,0.4739,0.2677,0.5159,0.3158,0.2191,0.1714,0.353,
1.0,0.9989,0.9687,0.9676,0.9709,0.9973,0.9949,0.9902,0.9839,0.9179,0.7308,0.9339,0.9021,0.8395,0.8007,0.8532,0.6842,0.8254,0.9435,0.7768,0.61,0.9507,0.7163,0.628,0.6006,0.6107,0.8552,0.5672,0.6138,0.7777,0.5041,0.5532,0.3894,0.585,0.6703,0.5704,0.5177,0.3176,0.4756,0.2525,0.5274,0.3089,0.206,0.1636,0.3488,
1.0,0.9989,0.9658,0.9647,0.9689,0.9974,0.9954,0.9901,0.9846,0.9198,0.7339,0.9268,0.9021,0.8417,0.8022,0.8484,0.6841,0.829,0.9345,0.7751,0.6036,0.9511,0.7132,0.6171,0.6016,0.6067,0.8529,0.5605,0.6155,0.7739,0.4995,0.5503,0.3933,0.5947,0.6719,0.5696,0.5126,0.3236,0.4725,0.262,0.5235,0.3144,0.2091,0.1572,0.3603,
1.0,0.9989,0.9655,0.9644,0.9737,0.9965,0.9945,0.9907,0.9863,0.9244,0.7506,0.9322,0.9083,0.8497,0.8125,0.858,0.6958,0.8391,0.9423,0.7909,0.6208,0.9553,0.7229,0.6351,0.61,0.6295,0.8594,0.5847,0.6171,0.7869,0.5107,0.5634,0.3899,0.5889,0.6741,0.5877,0.5163,0.3223,0.4902,0.2577,0.529,0.3193,0.2051,0.1675,0.3646,
1.0,0.9989,0.9669,0.9658,0.9698,0.9975,0.9956,0.9916,0.985,0.9291,0.7363,0.9301,0.9144,0.8347,0.795,0.8608,0.678,0.8196,0.9384,0.7867,0.6044,0.9533,0.725,0.6127,0.603,0.6109,0.8575,0.5642,0.6232,0.7901,0.5128,0.5485,0.3853,0.5883,0.679,0.5858,0.5178,0.3159,0.4676,0.2544,0.5237,0.3182,0.2178,0.153,0.3469,
1.0,0.999,0.9681,0.9671,0.9724,0.9974,0.9949,0.9897,0.9844,0.9272,0.7433,0.9335,0.9101,0.8412,0.8024,0.8627,0.6835,0.8269,0.9427,0.7845,0.6255,0.9509,0.7324,0.635,0.618,0.6269,0.8528,0.5677,0.6314,0.7851,0.5169,0.5528,0.403,0.5924,0.6726,0.5965,0.5206,0.3244,0.474,0.2635,0.5201,0.3179,0.2098,0.1725,0.35,
1.0,0.9985,0.9671,0.9656,0.9662,0.9976,0.995,0.9895,0.9842,0.9245,0.7297,0.9263,0.908,0.8357,0.7964,0.8525,0.6809,0.8227,0.9426,0.7812,0.6062,0.9521,0.7206,0.6163,0.598,0.6078,0.8583,0.5626,0.6149,0.7763,0.4967,0.5457,0.3796,0.5964,0.6775,0.5768,0.5224,0.3061,0.4777,0.2544,0.5198,0.3066,0.2009,0.1575,0.3511,
1.0,0.9994,0.9678,0.9672,0.9727,0.9976,0.996,0.9924,0.9876,0.9256,0.7401,0.9344,0.9112,0.8356,0.7996,0.8613,0.6813,0.8226,0.9471,0.7871,0.615,0.9523,0.7221,0.626,0.6127,0.6231,0.8568,0.5712,0.6259,0.7861,0.5097,0.559,0.396,0.5923,0.6832,0.5896,0.5325,0.318,0.4727,0.2671,0.5209,0.3104,0.2094,0.1684,0.3498,
1.0,0.999,0.9657,0.9647,0.9757,0.9967,0.9949,0.9906,0.9834,0.9237,0.7366,0.936,0.9081,0.8371,0.7989,0.8612,0.6778,0.8221,0.941,0.789,0.6134,0.9496,0.7257,0.6272,0.6112,0.6164,0.8542,0.5619,0.6274,0.7844,0.5057,0.5454,0.3893,0.5849,0.6779,0.5892,0.5183,0.3105,0.4823,0.2609,0.5352,0.3112,0.2098,0.1683,0.3563,
1.0,0.999,0.9647,0.9637,0.97,0.9977,0.9955,0.9901,0.9848,0.9248,0.7366,0.9283,0.9085,0.8375,0.7974,0.8558,0.6774,0.8235,0.9392,0.7799,0.6158,0.952,0.7279,0.6223,0.6099,0.6104,0.8521,0.562,0.6302,0.7794,0.4988,0.5461,0.3898,0.5867,0.6673,0.5918,0.5154,0.3134,0.4784,0.2616,0.5176,0.3079,0.2023,0.1664,0.3524,
1.0,0.9994,0.965,0.9644,0.9712,0.9981,0.9973,0.9909,0.9853,0.92,0.7364,0.9308,0.9054,0.8405,0.8023,0.8525,0.6851,0.8289,0.9449,0.7811,0.6142,0.9551,0.7209,0.6288,0.6067,0.6133,0.857,0.5664,0.6187,0.7762,0.5008,0.5503,0.3859,0.5935,0.6887,0.5808,0.5262,0.3145,0.485,0.2604,0.5323,0.3077,0.2117,0.1653,0.3566,
1.0,0.999,0.9669,0.9659,0.972,0.9971,0.995,0.9906,0.9845,0.9261,0.7382,0.9328,0.9105,0.8379,0.8006,0.8594,0.6819,0.823,0.9392,0.7882,0.6145,0.9468,0.7236,0.6272,0.6057,0.6155,0.8556,0.5643,0.6252,0.7859,0.5052,0.5483,0.3876,0.5854,0.6637,0.5843,0.5139,0.3143,0.4708,0.2675,0.5171,0.3126,0.2071,0.1666,0.3444,
1.0,0.9981,0.9651,0.9632,0.9727,0.9977,0.9947,0.9889,0.9845,0.9222,0.7356,0.9299,0.9052,0.8375,0.7971,0.8539,0.6779,0.8242,0.9381,0.7817,0.6058,0.9533,0.7232,0.6209,0.6054,0.6046,0.8532,0.554,0.6182,0.7779,0.4983,0.5401,0.3813,0.5865,0.6758,0.5841,0.5185,0.3083,0.4752,0.2563,0.5178,0.3008,0.207,0.16,0.3519,
1.0,0.9994,0.9682,0.9676,0.9701,0.9972,0.9949,0.9906,0.9838,0.9221,0.7369,0.932,0.9058,0.8405,0.8031,0.8551,0.6866,0.8251,0.9365,0.7837,0.6113,0.9512,0.7232,0.6263,0.6097,0.6165,0.8563,0.5675,0.615,0.7836,0.5025,0.549,0.3881,0.5873,0.6638,0.5808,0.519,0.3129,0.4768,0.259,0.5203,0.3178,0.2066,0.1647,0.3578,
1.0,0.9995,0.9705,0.97,0.97,0.9973,0.9956,0.991,0.9855,0.9206,0.7354,0.9334,0.9031,0.8395,0.8002,0.8546,0.6866,0.8263,0.9444,0.778,0.6096,0.9489,0.7155,0.6295,0.6026,0.6175,0.8528,0.576,0.6193,0.7822,0.4952,0.5622,0.385,0.5873,0.6788,0.5753,0.5246,0.318,0.4715,0.2566,0.5308,0.3013,0.2053,0.1696,0.3582,
1.0,0.9991,0.968,0.9671,0.9738,0.9976,0.9953,0.9911,0.9873,0.9275,0.7487,0.9343,0.9109,0.8417,0.8043,0.8636,0.6846,0.8288,0.9394,0.7858,0.6171,0.9524,0.7234,0.6285,0.6017,0.6186,0.8503,0.5584,0.6204,0.7886,0.5171,0.5493,0.3932,0.5854,0.6755,0.5774,0.5173,0.3159,0.4733,0.2621,0.5257,0.3182,0.2171,0.1689,0.3499,
1.0,0.9995,0.9671,0.9666,0.9692,0.9982,0.9969,0.9912,0.9853,0.9197,0.7342,0.9304,0.9045,0.8395,0.8018,0.8511,0.6763,0.8275,0.9388,0.7726,0.608,0.9552,0.7176,0.6217,0.5999,0.6097,0.8492,0.5544,0.6116,0.7774,0.4937,0.5455,0.3814,0.592,0.6674,0.5762,0.5135,0.3076,0.4729,0.2604,0.5181,0.3035,0.198,0.162,0.3523,
1.0,0.9982,0.9656,0.9638,0.9693,0.9971,0.9949,0.9905,0.9831,0.9237,0.7303,0.9293,0.9098,0.8375,0.7991,0.854,0.6795,0.8233,0.937,0.7819,0.6039,0.9539,0.7179,0.6127,0.5999,0.6115,0.8562,0.5679,0.6143,0.7827,0.5062,0.5497,0.384,0.5902,0.6749,0.5773,0.5159,0.3209,0.4738,0.2538,0.5156,0.3135,0.21,0.1573,0.3517,
1.0,0.9988,0.9673,0.9661,0.969,0.9973,0.9946,0.9905,0.9858,0.9238,0.7307,0.9299,0.9076,0.8344,0.7967,0.854,0.6835,0.8221,0.9427,0.7843,0.6137,0.9534,0.7294,0.6249,0.6116,0.6096,0.8599,0.5658,0.6285,0.7833,0.5024,0.5457,0.3877,0.5936,0.6748,0.5936,0.5215,0.3134,0.489,0.2663,0.5252,0.3145,0.2045,0.165,0.3531,
1.0,0.9987,0.9679,0.9666,0.9685,0.9962,0.9941,0.9907,0.9846,0.9272,0.7347,0.9307,0.9115,0.8361,0.8003,0.8588,0.6823,0.8218,0.9345,0.7858,0.6093,0.9497,0.7284,0.6125,0.6017,0.6081,0.856,0.5583,0.6229,0.7868,0.5084,0.5408,0.3899,0.5897,0.67,0.5771,0.5136,0.3128,0.4771,0.2632,0.52,0.3172,0.2137,0.1598,0.3564,
1.0,0.9985,0.9694,0.9679,0.97,0.9972,0.995,0.9902,0.9852,0.9242,0.7365,0.9321,0.9087,0.8367,0.8001,0.8573,0.6849,0.825,0.9434,0.7837,0.6058,0.9572,0.7224,0.6181,0.6059,0.6136,0.8551,0.5609,0.6175,0.7838,0.5076,0.5455,0.383,0.6,0.6868,0.5841,0.529,0.3145,0.4881,0.262,0.5334,0.3162,0.2115,0.1659,0.3539,
1.0,0.999,0.9688,0.9678,0.9694,0.9975,0.9947,0.9891,0.9858,0.9203,0.7372,0.9325,0.9034,0.8418,0.8046,0.8549,0.6807,0.8302,0.9415,0.7736,0.6158,0.9543,0.7291,0.6306,0.619,0.6125,0.8515,0.5703,0.6263,0.7826,0.4937,0.5557,0.3915,0.5998,0.6786,0.5894,0.5177,0.3179,0.4881,0.258,0.5199,0.3083,0.2027,0.1706,0.357,
1.0,0.9989,0.9677,0.9666,0.9703,0.9978,0.9956,0.9903,0.9843,0.9238,0.7381,0.931,0.9073,0.8406,0.8013,0.8572,0.6833,0.826,0.9395,0.7829,0.6136,0.9519,0.7199,0.6234,0.6079,0.6182,0.8554,0.5674,0.6227,0.7813,0.4962,0.5507,0.386,0.5883,0.6745,0.5795,0.5092,0.3183,0.4703,0.2571,0.5225,0.3069,0.2092,0.1577,0.3486,
1.0,0.999,0.9677,0.9667,0.9683,0.9977,0.9957,0.9892,0.9844,0.9205,0.7312,0.9305,0.9039,0.8379,0.8006,0.8536,0.6883,0.8247,0.9461,0.7823,0.6076,0.9522,0.7156,0.6189,0.6031,0.6154,0.8618,0.5722,0.6177,0.7768,0.4984,0.5574,0.3807,0.5975,0.6853,0.5784,0.5257,0.3204,0.4886,0.2574,0.5308,0.3097,0.2071,0.1633,0.3603,
1.0,0.9977,0.969,0.9667,0.9678,0.9973,0.9935,0.9891,0.9842,0.924,0.7348,0.9286,0.9074,0.8394,0.8,0.8544,0.6835,0.8254,0.9417,0.78,0.6097,0.955,0.7223,0.6215,0.6044,0.6127,0.857,0.5659,0.6199,0.778,0.502,0.55,0.3871,0.5981,0.6846,0.5806,0.5211,0.3219,0.4867,0.26,0.5308,0.3131,0.2165,0.1607,0.3558,
1.0,0.9984,0.9703,0.9687,0.9722,0.9972,0.9944,0.9905,0.9871,0.9248,0.7403,0.9355,0.9096,0.8386,0.8005,0.8628,0.6865,0.8268,0.9373,0.7846,0.6088,0.952,0.7256,0.6231,0.6131,0.608,0.8615,0.5659,0.6239,0.7873,0.5071,0.5463,0.3966,0.5983,0.6756,0.5804,0.5199,0.3195,0.4901,0.2689,0.5342,0.3254,0.2116,0.1686,0.3654,
1.0,0.999,0.9683,0.9673,0.9685,0.9971,0.9952,0.9907,0.9851,0.9207,0.7301,0.9305,0.9045,0.8379,0.7997,0.853,0.6895,0.8233,0.9401,0.7839,0.6131,0.9554,0.7318,0.6278,0.6118,0.6062,0.8635,0.5667,0.6237,0.7782,0.4981,0.5512,0.3806,0.5893,0.6818,0.5912,0.5269,0.311,0.4877,0.2604,0.527,0.3098,0.1985,0.1656,0.3553,
1.0,0.9985,0.9697,0.9682,0.9671,0.9973,0.9951,0.9909,0.9853,0.9219,0.7358,0.9299,0.9061,0.8413,0.8036,0.8525,0.6861,0.8272,0.9407,0.7757,0.6142,0.9532,0.7222,0.6263,0.6105,0.6168,0.8575,0.5681,0.6206,0.7814,0.5028,0.5564,0.3873,0.5955,0.6762,0.5825,0.5121,0.3125,0.4789,0.2541,0.5164,0.3135,0.2091,0.158,0.3519,
1.0,0.9987,0.9651,0.9638,0.9712,0.9972,0.9947,0.9895,0.9846,0.9243,0.7356,0.9304,0.9088,0.8378,0.8007,0.8568,0.6783,0.8239,0.941,0.7835,0.61,0.9491,0.7243,0.6212,0.6047,0.6154,0.8575,0.5663,0.6195,0.7866,0.5139,0.5496,0.3974,0.5876,0.6677,0.5785,0.5154,0.3233,0.4845,0.2549,0.52,0.3205,0.2089,0.1622,0.3517,
1.0,0.9987,0.9674,0.9661,0.9697,0.9976,0.9951,0.992,0.9883,0.9231,0.7348,0.9308,0.9092,0.8339,0.7988,0.8548,0.6866,0.8225,0.9434,0.7857,0.6046,0.9535,0.7187,0.6164,0.5991,0.6079,0.8638,0.567,0.6146,0.7837,0.5063,0.5482,0.3835,0.5849,0.6755,0.5797,0.525,0.312,0.4775,0.2605,0.5297,0.3058,0.2071,0.1581,0.3556,
1.0,0.999,0.9639,0.9629,0.9684,0.9966,0.9943,0.9895,0.9849,0.9233,0.7279,0.9248,0.9041,0.8335,0.7931,0.8481,0.6759,0.8211,0.9454,0.7808,0.6078,0.951,0.7186,0.6154,0.5925,0.6055,0.8548,0.5576,0.6186,0.7746,0.5089,0.5402,0.3815,0.5934,0.6852,0.5854,0.5261,0.3067,0.4876,0.2624,0.5324,0.3179,0.2107,0.1617,0.3629,
1.0,0.9997,0.9686,0.9683,0.9659,0.9973,0.9958,0.9888,0.9851,0.9264,0.7353,0.9291,0.9085,0.8397,0.8011,0.856,0.6836,0.8278,0.9406,0.7819,0.6101,0.9487,0.7239,0.6187,0.5964,0.6075,0.8528,0.5635,0.6156,0.7793,0.5021,0.5427,0.3843,0.5897,0.6721,0.5745,0.5185,0.3129,0.4783,0.2612,0.5206,0.3069,0.2035,0.1587,0.3528,
1.0,0.9986,0.9689,0.9675,0.9685,0.997,0.995,0.9914,0.9847,0.9204,0.7275,0.9322,0.9072,0.835,0.7978,0.854,0.6864,0.822,0.941,0.786,0.6027,0.9528,0.7174,0.6155,0.6066,0.6046,0.869,0.5662,0.6182,0.7816,0.4952,0.5474,0.3775,0.594,0.6706,0.573,0.5224,0.3077,0.4859,0.2523,0.5329,0.314,0.203,0.1565,0.3577,
1.0,0.999,0.9703,0.9693,0.969,0.9976,0.9957,0.9901,0.9862,0.9216,0.7311,0.9318,0.9041,0.8349,0.7973,0.8553,0.679,0.8235,0.9436,0.7729,0.6058,0.9557,0.722,0.6218,0.6131,0.6093,0.8496,0.555,0.6229,0.7814,0.5041,0.5517,0.3897,0.602,0.6859,0.587,0.5214,0.3128,0.4812,0.2595,0.5265,0.312,0.2063,0.1656,0.3587,
1.0,0.9994,0.9711,0.9705,0.9685,0.9965,0.9952,0.9896,0.984,0.9228,0.7297,0.9353,0.9068,0.8349,0.7947,0.8602,0.6794,0.8221,0.9381,0.7804,0.6021,0.9501,0.7241,0.6176,0.6077,0.6006,0.8553,0.5586,0.6248,0.7748,0.4986,0.5441,0.387,0.5903,0.6701,0.5839,0.5238,0.3036,0.4784,0.2634,0.5233,0.3059,0.198,0.1633,0.3434,
1.0,0.9982,0.9683,0.9665,0.9669,0.9973,0.9948,0.9902,0.9851,0.9231,0.7314,0.9274,0.9069,0.8366,0.7969,0.8514,0.6795,0.822,0.9383,0.7755,0.6043,0.9557,0.7235,0.6152,0.6039,0.6042,0.8565,0.5612,0.6152,0.7822,0.506,0.5435,0.3837,0.588,0.6714,0.5826,0.5277,0.3093,0.4817,0.2543,0.5105,0.3119,0.2009,0.1657,0.3528,
1.0,0.9988,0.9685,0.9673,0.9698,0.9972,0.995,0.9909,0.9858,0.9246,0.7379,0.9316,0.9081,0.8399,0.8038,0.8576,0.6945,0.8286,0.9447,0.7911,0.6116,0.957,0.7224,0.6269,0.6075,0.6189,0.8595,0.5746,0.6239,0.7807,0.5047,0.5602,0.3862,0.5956,0.6875,0.5864,0.5346,0.319,0.4816,0.2637,0.5373,0.3127,0.211,0.1679,0.3633,
1.0,0.9993,0.9674,0.9667,0.9702,0.9971,0.9954,0.9907,0.9857,0.9191,0.7302,0.9321,0.9036,0.8367,0.7999,0.8526,0.6868,0.8232,0.9385,0.7821,0.6053,0.95,0.7203,0.6224,0.6136,0.6077,0.8568,0.5659,0.6264,0.7781,0.5026,0.5507,0.3896,0.5958,0.6752,0.5834,0.5144,0.3176,0.4744,0.2658,0.5252,0.3104,0.2077,0.163,0.3561,
1.0,0.9987,0.9695,0.9682,0.9702,0.9981,0.9958,0.9897,0.9843,0.9216,0.732,0.934,0.9071,0.8376,0.8012,0.8572,0.6801,0.8249,0.9412,0.7778,0.606,0.9525,0.7144,0.6177,0.6002,0.6117,0.8524,0.5614,0.6143,0.7774,0.4949,0.5487,0.3858,0.5884,0.6703,0.5695,0.5139,0.303,0.4747,0.246,0.5211,0.3048,0.2,0.1566,0.3521,
1.0,0.9993,0.9682,0.9675,0.968,0.9969,0.9956,0.9916,0.9862,0.9275,0.7433,0.9294,0.9108,0.8419,0.8033,0.8577,0.6856,0.8307,0.9389,0.7806,0.6226,0.9556,0.7342,0.6293,0.6213,0.6196,0.8527,0.5708,0.6361,0.788,0.514,0.5623,0.3905,0.5958,0.6732,0.5913,0.5112,0.3271,0.4763,0.2687,0.5157,0.318,0.2128,0.166,0.3546,
1.0,0.9993,0.9684,0.9677,0.964,0.9968,0.9956,0.9929,0.9884,0.9263,0.7304,0.9279,0.9131,0.8327,0.7987,0.8562,0.684,0.8215,0.9459,0.7829,0.6089,0.9577,0.7265,0.618,0.6028,0.6111,0.8625,0.5682,0.621,0.7785,0.5007,0.5487,0.38,0.5875,0.6788,0.5882,0.533,0.3119,0.4814,0.2643,0.5208,0.3061,0.1993,0.1622,0.348,
1.0,0.999,0.9696,0.9686,0.971,0.9973,0.9952,0.9909,0.9863,0.9215,0.7414,0.9336,0.9055,0.8414,0.8048,0.8566,0.6932,0.8285,0.9396,0.7854,0.6151,0.9521,0.7182,0.6294,0.6116,0.6183,0.8587,0.573,0.6229,0.7791,0.5103,0.5486,0.3922,0.5857,0.6733,0.5839,0.5265,0.3131,0.482,0.2655,0.5316,0.3129,0.2117,0.1637,0.3612,
1.0,0.9982,0.966,0.9642,0.9665,0.997,0.9944,0.9905,0.9857,0.9242,0.7285,0.9256,0.9086,0.8331,0.7933,0.8513,0.6768,0.8207,0.939,0.7782,0.6074,0.9526,0.7242,0.6118,0.6016,0.5988,0.8593,0.56,0.6181,0.7794,0.4903,0.5376,0.3773,0.5825,0.6664,0.5784,0.5219,0.3082,0.4688,0.2601,0.5187,0.305,0.1963,0.157,0.3488,
1.0,0.9987,0.9667,0.9654,0.9699,0.9975,0.9948,0.9885,0.9835,0.9191,0.7301,0.9307,0.9024,0.8384,0.8002,0.8508,0.6861,0.8254,0.9409,0.7855,0.6115,0.9503,0.7245,0.6256,0.6101,0.6124,0.8599,0.5714,0.6201,0.7769,0.496,0.5522,0.3971,0.5961,0.6773,0.5804,0.5228,0.3069,0.4904,0.2577,0.5332,0.3092,0.2078,0.1663,0.3617,
1.0,0.999,0.9681,0.9671,0.966,0.9974,0.9955,0.9899,0.9839,0.9286,0.7381,0.9272,0.9115,0.8425,0.8051,0.8574,0.6905,0.829,0.9379,0.7889,0.6184,0.9503,0.7259,0.623,0.6028,0.6172,0.8569,0.5702,0.6304,0.7822,0.4987,0.549,0.3794,0.5782,0.6675,0.5882,0.514,0.3142,0.4728,0.2718,0.5285,0.3012,0.2083,0.1569,0.3508,
1.0,0.9989,0.9693,0.9682,0.9718,0.9978,0.9957,0.9918,0.9866,0.9203,0.7414,0.9344,0.9058,0.8442,0.8095,0.8565,0.6973,0.8316,0.9414,0.7873,0.6118,0.9521,0.7152,0.6274,0.6046,0.6212,0.8626,0.5748,0.6155,0.7824,0.5005,0.5505,0.3933,0.5888,0.673,0.5764,0.5246,0.3207,0.475,0.264,0.526,0.3074,0.2017,0.163,0.3578,
1.0,0.999,0.9693,0.9683,0.9703,0.9971,0.9953,0.9915,0.9859,0.9176,0.7286,0.9327,0.9019,0.8341,0.7963,0.8513,0.6827,0.8224,0.9432,0.7777,0.6027,0.955,0.7188,0.6209,0.6082,0.6057,0.8576,0.5638,0.6163,0.775,0.4953,0.5481,0.3879,0.5936,0.679,0.5787,0.5146,0.3132,0.4788,0.2506,0.5258,0.3032,0.2057,0.1563,0.3538,
1.0,0.9986,0.9701,0.9687,0.9672,0.9973,0.9953,0.9921,0.9866,0.9204,0.7383,0.9313,0.9067,0.8436,0.8059,0.853,0.6934,0.8308,0.9442,0.7803,0.6152,0.9552,0.7174,0.6283,0.5981,0.6121,0.8588,0.5662,0.6203,0.7706,0.5028,0.549,0.3811,0.5896,0.6832,0.5857,0.5263,0.3175,0.4828,0.2624,0.5301,0.3089,0.2051,0.1627,0.359,
1.0,0.9994,0.9671,0.9665,0.9684,0.9973,0.9952,0.9915,0.9875,0.9242,0.7368,0.929,0.9084,0.8369,0.8002,0.8542,0.6825,0.8241,0.942,0.7808,0.6116,0.9535,0.7228,0.6208,0.6094,0.6107,0.8589,0.5677,0.6196,0.7795,0.4965,0.5468,0.3856,0.5897,0.6686,0.5871,0.5308,0.3077,0.4848,0.2655,0.5232,0.3014,0.1986,0.17,0.3459,
1.0,0.999,0.9678,0.9668,0.9705,0.9979,0.9961,0.991,0.9852,0.9251,0.7408,0.9324,0.9102,0.8422,0.8016,0.8587,0.6867,0.8289,0.9411,0.7827,0.6186,0.9508,0.7259,0.6313,0.6132,0.6193,0.8565,0.5726,0.6287,0.7834,0.5054,0.5591,0.3899,0.5915,0.6714,0.5918,0.5193,0.3174,0.4704,0.2693,0.5218,0.3121,0.2092,0.1624,0.3489,
1.0,0.9991,0.9663,0.9654,0.9686,0.9971,0.995,0.9905,0.9854,0.9275,0.7403,0.9283,0.9109,0.8405,0.8012,0.8584,0.6787,0.8285,0.9435,0.7797,0.6193,0.9531,0.7266,0.6256,0.606,0.6188,0.8515,0.5631,0.6267,0.7796,0.5036,0.5522,0.3868,0.587,0.668,0.587,0.5143,0.3155,0.4709,0.2613,0.5152,0.3094,0.202,0.1571,0.3476,
1.0,0.9987,0.9682,0.9669,0.9669,0.9977,0.9949,0.9895,0.9841,0.9277,0.7362,0.9297,0.9129,0.8398,0.8012,0.8575,0.6865,0.8252,0.9403,0.7854,0.6162,0.953,0.7288,0.6184,0.601,0.6135,0.8591,0.5678,0.6284,0.7808,0.4975,0.5529,0.3737,0.5854,0.678,0.5885,0.5241,0.3093,0.4725,0.2654,0.5261,0.3057,0.2118,0.1603,0.3509,
1.0,0.9995,0.9705,0.97,0.9689,0.9979,0.9961,0.9911,0.9878,0.9262,0.7442,0.933,0.9096,0.8437,0.8102,0.8603,0.6947,0.8324,0.9466,0.7839,0.6245,0.9518,0.7266,0.6363,0.6113,0.6215,0.8556,0.5692,0.6302,0.784,0.5059,0.5561,0.3934,0.5949,0.681,0.59,0.5201,0.314,0.4861,0.2667,0.5208,0.3121,0.2076,0.1658,0.3592,
1.0,0.9984,0.9639,0.9623,0.9685,0.9979,0.9947,0.9898,0.9854,0.9249,0.7382,0.9237,0.9083,0.8399,0.8018,0.8504,0.6823,0.8263,0.9385,0.782,0.6102,0.9526,0.7227,0.6151,0.6053,0.6147,0.8539,0.5591,0.6157,0.7814,0.4957,0.5409,0.3824,0.5881,0.6719,0.5834,0.523,0.3124,0.4806,0.2612,0.5171,0.309,0.2027,0.1614,0.3643,
1.0,0.9989,0.9669,0.9658,0.9706,0.9975,0.9956,0.9901,0.9856,0.9201,0.7361,0.9308,0.9036,0.8411,0.8057,0.8523,0.6869,0.8292,0.9413,0.7822,0.6056,0.953,0.7153,0.62,0.6087,0.6126,0.8539,0.5723,0.6144,0.7858,0.5132,0.553,0.3851,0.5865,0.6717,0.5838,0.5275,0.3262,0.4707,0.2593,0.5179,0.3175,0.2105,0.1615,0.3471,
1.0,0.9991,0.9678,0.9669,0.9715,0.9967,0.9948,0.9919,0.9863,0.9235,0.7371,0.9336,0.9083,0.8374,0.8004,0.8578,0.6836,0.8232,0.9382,0.7817,0.6107,0.9543,0.7263,0.6254,0.6141,0.6161,0.854,0.5686,0.6214,0.7831,0.5058,0.5516,0.3932,0.5878,0.6767,0.5826,0.5193,0.3075,0.4798,0.2625,0.5251,0.3128,0.21,0.1647,0.356,
1.0,0.9991,0.9647,0.9638,0.9708,0.9983,0.9965,0.9923,0.9867,0.9245,0.7466,0.9292,0.9109,0.8483,0.8131,0.8543,0.6988,0.8345,0.9389,0.79,0.6155,0.952,0.7211,0.6284,0.5983,0.6174,0.8633,0.568,0.6203,0.7834,0.5125,0.5482,0.389,0.5923,0.669,0.586,0.5223,0.325,0.4837,0.2753,0.527,0.3153,0.2138,0.1606,0.3632,
1.0,0.9993,0.9686,0.9679,0.9706,0.9974,0.9961,0.9911,0.9856,0.9215,0.7343,0.9335,0.9064,0.8365,0.7979,0.8559,0.6732,0.8248,0.9427,0.7743,0.6099,0.9543,0.7251,0.6257,0.612,0.6127,0.851,0.5652,0.6227,0.7875,0.5102,0.5619,0.3932,0.5962,0.6747,0.5884,0.5122,0.3194,0.4744,0.2537,0.5192,0.3157,0.2144,0.1647,0.3465,
1.0,0.9993,0.9689,0.9682,0.9687,0.9974,0.9954,0.9904,0.9866,0.9239,0.7358,0.9311,0.9071,0.8356,0.7976,0.8554,0.6799,0.8224,0.9417,0.7801,0.6079,0.9513,0.7204,0.6202,0.6044,0.6126,0.8541,0.5705,0.6174,0.7852,0.508,0.5597,0.3925,0.5942,0.6884,0.5816,0.5225,0.3175,0.4747,0.2574,0.526,0.3184,0.2131,0.1579,0.3503,
1.0,0.9991,0.9686,0.9677,0.9691,0.9971,0.9954,0.9922,0.9849,0.923,0.7383,0.9317,0.9085,0.8427,0.8032,0.8556,0.689,0.8279,0.9387,0.7809,0.6115,0.9531,0.7226,0.6273,0.6103,0.6194,0.8603,0.5796,0.6216,0.7813,0.4957,0.5662,0.3954,0.5965,0.6782,0.5791,0.5134,0.3198,0.4815,0.2571,0.5296,0.3052,0.2033,0.1622,0.3526,
1.0,0.9991,0.966,0.9651,0.9704,0.9972,0.9955,0.9915,0.9856,0.9164,0.7284,0.93,0.9015,0.836,0.7991,0.8487,0.6809,0.8223,0.9453,0.7758,0.6097,0.9532,0.7205,0.6257,0.6106,0.6112,0.8579,0.5702,0.615,0.7785,0.5021,0.5518,0.3944,0.5888,0.6796,0.5795,0.5224,0.319,0.4797,0.2533,0.5238,0.312,0.2036,0.1686,0.3553,
1.0,0.9989,0.9696,0.9685,0.9678,0.9973,0.995,0.9916,0.9845,0.9247,0.737,0.9306,0.9093,0.843,0.8037,0.8545,0.6903,0.8274,0.9418,0.7815,0.622,0.956,0.7306,0.6322,0.6137,0.6193,0.8609,0.5731,0.625,0.7812,0.5044,0.5566,0.3956,0.5978,0.6805,0.5894,0.5172,0.3194,0.4899,0.2576,0.5255,0.3161,0.209,0.168,0.3628,
1.0,0.9989,0.9687,0.9676,0.9688,0.9974,0.9951,0.9911,0.986,0.926,0.7371,0.9318,0.912,0.8377,0.8011,0.8588,0.6865,0.8242,0.9407,0.786,0.613,0.9532,0.7278,0.6227,0.608,0.6145,0.8609,0.5725,0.6288,0.7842,0.5029,0.5537,0.3935,0.5935,0.6778,0.586,0.5215,0.3184,0.4892,0.2598,0.5303,0.3147,0.2133,0.1678,0.3605,
1.0,0.9989,0.966,0.9649,0.9682,0.9976,0.9956,0.9907,0.9854,0.925,0.7389,0.9285,0.9102,0.8412,0.8022,0.8549,0.6878,0.8286,0.9442,0.7838,0.6199,0.9544,0.7305,0.6245,0.6112,0.6168,0.8622,0.5785,0.6249,0.7861,0.5068,0.554,0.3952,0.5952,0.671,0.5901,0.519,0.3211,0.4972,0.2635,0.5283,0.3205,0.2013,0.1743,0.3602,
1.0,0.9985,0.9675,0.966,0.9697,0.9978,0.9953,0.9903,0.9852,0.9226,0.7302,0.9304,0.9077,0.834,0.7959,0.8537,0.68,0.8223,0.9462,0.7824,0.6171,0.9572,0.7299,0.6288,0.615,0.6115,0.8558,0.5658,0.6196,0.7821,0.5081,0.5504,0.3948,0.5847,0.6762,0.587,0.5317,0.3164,0.4746,0.2658,0.5146,0.3105,0.2051,0.1681,0.3511,
1.0,0.9991,0.9647,0.9638,0.9689,0.9968,0.9948,0.9905,0.9852,0.9235,0.7404,0.9282,0.9078,0.842,0.8035,0.8528,0.6879,0.8282,0.9411,0.7849,0.6132,0.9506,0.7197,0.6196,0.6047,0.6193,0.8609,0.5736,0.6205,0.7764,0.4955,0.5555,0.3797,0.5886,0.6722,0.5844,0.5234,0.3167,0.4886,0.2654,0.5342,0.3049,0.2051,0.1644,0.36,
1.0,0.9983,0.9704,0.9687,0.9692,0.9969,0.9939,0.9901,0.9853,0.9217,0.7359,0.933,0.9061,0.8417,0.802,0.8545,0.6862,0.8283,0.9389,0.78,0.6103,0.9534,0.7281,0.6256,0.6173,0.6107,0.8587,0.5706,0.6235,0.7812,0.5036,0.5566,0.3932,0.6006,0.6836,0.5909,0.5244,0.3193,0.4856,0.2662,0.5348,0.3152,0.2099,0.1681,0.3594,
1.0,0.9991,0.9674,0.9665,0.9703,0.9976,0.9958,0.9915,0.986,0.9207,0.7379,0.9324,0.9064,0.8405,0.8047,0.8547,0.6886,0.8272,0.9406,0.786,0.6117,0.9532,0.7166,0.623,0.6011,0.614,0.8612,0.5712,0.6199,0.7798,0.4996,0.5551,0.3815,0.5854,0.6799,0.5792,0.5188,0.3136,0.4753,0.2625,0.5346,0.304,0.2075,0.1585,0.355,
1.0,0.9977,0.9684,0.9661,0.9701,0.996,0.9927,0.9885,0.9825,0.9216,0.7305,0.9305,0.9031,0.8388,0.7984,0.853,0.6834,0.8248,0.9382,0.7827,0.6073,0.9509,0.7191,0.6198,0.6069,0.6103,0.8583,0.5691,0.6144,0.7783,0.5007,0.5499,0.386,0.5892,0.6766,0.5783,0.524,0.3198,0.4799,0.2634,0.527,0.31,0.2069,0.1632,0.3521,
1.0,0.999,0.9696,0.9686,0.9697,0.9975,0.9949,0.988,0.984,0.9238,0.735,0.9322,0.9043,0.8366,0.7962,0.8572,0.683,0.822,0.9386,0.7794,0.6092,0.951,0.7237,0.6218,0.6152,0.6127,0.8546,0.5658,0.6276,0.7789,0.5008,0.5522,0.3863,0.5964,0.6707,0.5898,0.5277,0.3074,0.4834,0.2623,0.5273,0.3048,0.2034,0.1727,0.3563,
1.0,0.999,0.967,0.966,0.9716,0.9975,0.9952,0.9912,0.984,0.928,0.7384,0.9326,0.9128,0.8377,0.8003,0.8614,0.6856,0.8226,0.9389,0.792,0.6203,0.9526,0.7317,0.6285,0.612,0.6196,0.8596,0.5706,0.6273,0.7888,0.5073,0.5517,0.4009,0.5953,0.6708,0.5926,0.5258,0.3156,0.4848,0.2688,0.5247,0.3182,0.2088,0.171,0.3614,
1.0,0.9989,0.9682,0.9671,0.9683,0.9972,0.995,0.9894,0.9829,0.9184,0.7306,0.9294,0.9006,0.8425,0.8036,0.8497,0.6844,0.8287,0.9371,0.7761,0.6104,0.9522,0.7174,0.6258,0.6059,0.6108,0.8513,0.5678,0.6171,0.7786,0.4935,0.5545,0.3822,0.5872,0.6664,0.5749,0.5112,0.3101,0.4776,0.2518,0.521,0.303,0.2007,0.1647,0.3512,
1.0,0.9991,0.9707,0.9698,0.9684,0.9962,0.9944,0.9906,0.9858,0.9234,0.7312,0.9326,0.9066,0.834,0.796,0.8573,0.6872,0.822,0.9408,0.784,0.6043,0.9512,0.7183,0.621,0.6093,0.6064,0.8596,0.5632,0.6219,0.7776,0.4961,0.5432,0.391,0.5972,0.6761,0.5806,0.5213,0.3122,0.4843,0.2553,0.5308,0.3086,0.2143,0.1646,0.3575,
1.0,0.9986,0.9696,0.9682,0.9688,0.9967,0.9944,0.9897,0.9837,0.9216,0.7341,0.9329,0.9062,0.8407,0.8027,0.8555,0.6801,0.8274,0.9385,0.7744,0.6088,0.9515,0.7177,0.6213,0.5947,0.6097,0.8511,0.561,0.6073,0.7776,0.5077,0.5476,0.3856,0.5804,0.6705,0.5692,0.5108,0.3225,0.4758,0.2416,0.5246,0.3094,0.2083,0.1609,0.3391,
1.0,0.9988,0.9677,0.9665,0.9725,0.9962,0.993,0.9895,0.9856,0.9267,0.7413,0.9344,0.9093,0.839,0.8038,0.8626,0.6845,0.8267,0.9431,0.789,0.6186,0.9518,0.7287,0.6293,0.6097,0.6197,0.8554,0.5672,0.6261,0.7863,0.5059,0.5536,0.3889,0.5972,0.682,0.592,0.5207,0.313,0.4804,0.264,0.5247,0.3147,0.2091,0.169,0.3602,
1.0,0.9989,0.9696,0.9685,0.9703,0.998,0.996,0.9901,0.9829,0.9249,0.7351,0.9336,0.9093,0.841,0.8008,0.8579,0.6846,0.826,0.9348,0.7851,0.6064,0.9532,0.7193,0.6178,0.6042,0.6144,0.8519,0.5709,0.6194,0.7855,0.5018,0.5535,0.3825,0.5832,0.6727,0.5768,0.5165,0.3204,0.4753,0.253,0.526,0.314,0.2085,0.162,0.3511,
1.0,0.9991,0.9705,0.9696,0.9686,0.9972,0.9948,0.9911,0.9857,0.9264,0.7362,0.934,0.9124,0.8371,0.8019,0.8619,0.6882,0.8217,0.9382,0.7873,0.6119,0.9527,0.7239,0.6227,0.6037,0.6106,0.8586,0.5652,0.6218,0.7806,0.5073,0.5471,0.3929,0.5865,0.6737,0.5837,0.5235,0.3124,0.4829,0.2582,0.5334,0.3115,0.2067,0.1635,0.3531,
1.0,0.9985,0.9669,0.9654,0.9715,0.9969,0.9946,0.9907,0.985,0.9298,0.7424,0.9314,0.9137,0.836,0.7993,0.8613,0.6805,0.8236,0.9426,0.7877,0.6173,0.9549,0.7299,0.6239,0.6082,0.6242,0.8536,0.5664,0.6223,0.7897,0.5039,0.5512,0.387,0.5875,0.6779,0.5858,0.5185,0.3057,0.4738,0.2583,0.5208,0.3076,0.2081,0.1626,0.3532,
1.0,0.9979,0.971,0.9689,0.9719,0.9981,0.9946,0.9888,0.9842,0.9247,0.7418,0.9346,0.9082,0.8444,0.8059,0.8592,0.693,0.8316,0.943,0.786,0.6118,0.9509,0.7181,0.6277,0.6029,0.6247,0.8554,0.5789,0.6199,0.792,0.5177,0.574,0.3944,0.599,0.6842,0.5766,0.5216,0.3244,0.4831,0.2644,0.533,0.3203,0.2193,0.1685,0.362,
1.0,0.999,0.9692,0.9682,0.9704,0.9978,0.9957,0.9927,0.9877,0.9258,0.741,0.9331,0.9126,0.8401,0.8057,0.8607,0.6902,0.8276,0.9408,0.7878,0.611,0.9539,0.7248,0.624,0.6103,0.6197,0.8634,0.5697,0.6238,0.7912,0.5151,0.5553,0.3996,0.5955,0.6737,0.5863,0.5207,0.3271,0.4823,0.2657,0.5285,0.3217,0.2155,0.1635,0.3612,
1.0,0.9982,0.9668,0.965,0.9696,0.9985,0.9948,0.9892,0.9862,0.9262,0.7411,0.9289,0.9106,0.8393,0.8011,0.8554,0.6887,0.8267,0.941,0.7833,0.6145,0.9541,0.7225,0.6242,0.6072,0.6185,0.8519,0.567,0.6298,0.7796,0.5061,0.5593,0.3854,0.6,0.6846,0.5955,0.5204,0.3087,0.4785,0.2656,0.5303,0.3146,0.2116,0.167,0.3544,
1.0,0.9988,0.9687,0.9675,0.9671,0.9973,0.9951,0.9911,0.9852,0.924,0.7299,0.9294,0.9091,0.8351,0.7972,0.8552,0.6846,0.8213,0.9379,0.7836,0.6034,0.9521,0.7242,0.6144,0.6054,0.6059,0.8629,0.5642,0.6217,0.7797,0.5031,0.5468,0.3885,0.5878,0.6732,0.5816,0.5144,0.3183,0.4827,0.2567,0.5324,0.3086,0.204,0.1625,0.3534,
1.0,0.9991,0.9684,0.9675,0.9672,0.9971,0.9951,0.9893,0.9837,0.9229,0.7353,0.929,0.9051,0.8402,0.8005,0.8523,0.6859,0.8275,0.9377,0.7765,0.6108,0.9502,0.7207,0.623,0.6016,0.6107,0.8538,0.5631,0.6241,0.7762,0.5027,0.5567,0.3808,0.5951,0.6825,0.5757,0.5064,0.313,0.4707,0.262,0.5349,0.3068,0.21,0.1541,0.3564,
1.0,0.9994,0.9667,0.9661,0.9709,0.9975,0.9958,0.992,0.9876,0.9249,0.7409,0.9315,0.9095,0.8413,0.805,0.8582,0.6916,0.8294,0.9416,0.7887,0.6114,0.958,0.7251,0.6264,0.6127,0.6185,0.8617,0.5774,0.6235,0.7862,0.5087,0.5599,0.3934,0.5985,0.6768,0.5851,0.5349,0.3178,0.4866,0.2706,0.5309,0.3179,0.2063,0.1689,0.3657,
1.0,0.999,0.9687,0.9677,0.9695,0.9963,0.9939,0.9902,0.9861,0.9239,0.7349,0.9308,0.9056,0.8364,0.7984,0.8556,0.6806,0.8239,0.9454,0.7793,0.6107,0.9528,0.7238,0.6236,0.6072,0.615,0.8531,0.5678,0.6202,0.7815,0.5066,0.5488,0.3807,0.5868,0.6725,0.5909,0.5259,0.3138,0.4726,0.2606,0.5161,0.3061,0.2032,0.1626,0.3474,
1.0,0.9988,0.9702,0.969,0.9707,0.9965,0.9939,0.991,0.9858,0.925,0.7373,0.934,0.9088,0.8379,0.7999,0.8593,0.6846,0.8238,0.9441,0.7847,0.6111,0.9525,0.719,0.6225,0.6012,0.6152,0.8562,0.5671,0.6131,0.7859,0.503,0.5554,0.3769,0.5871,0.6826,0.5817,0.523,0.3137,0.4722,0.2526,0.5217,0.3072,0.2116,0.1647,0.3503,
1.0,0.9988,0.9665,0.9653,0.9697,0.9979,0.9955,0.9906,0.9862,0.9242,0.7407,0.9298,0.9094,0.8431,0.8083,0.8561,0.6924,0.8306,0.944,0.7864,0.6115,0.9536,0.7174,0.622,0.5982,0.6167,0.86,0.566,0.6148,0.779,0.5052,0.5484,0.3873,0.5878,0.6759,0.5808,0.5296,0.3174,0.4803,0.2605,0.5278,0.3092,0.2111,0.1609,0.356,
1.0,0.9993,0.9689,0.9682,0.9681,0.9974,0.9959,0.9908,0.9855,0.9216,0.7357,0.9305,0.9047,0.8419,0.8021,0.8532,0.6861,0.8279,0.939,0.7776,0.6046,0.9518,0.7182,0.6183,0.6014,0.608,0.8545,0.5636,0.6131,0.7768,0.4995,0.5532,0.3917,0.5931,0.6771,0.5731,0.5192,0.3163,0.4781,0.2529,0.5279,0.3084,0.2064,0.1625,0.3508,
1.0,0.9993,0.9693,0.9686,0.9698,0.9968,0.9951,0.9907,0.9856,0.9191,0.7376,0.9327,0.902,0.8431,0.8042,0.8537,0.6865,0.8315,0.94,0.7767,0.6142,0.9559,0.7237,0.6318,0.6162,0.6152,0.8545,0.5739,0.6207,0.7763,0.5024,0.5607,0.3998,0.6053,0.6794,0.5829,0.5207,0.3161,0.4853,0.2678,0.5231,0.3104,0.2015,0.1632,0.368,
1.0,0.9993,0.9705,0.9698,0.9721,0.9977,0.9962,0.9899,0.9845,0.9218,0.737,0.937,0.9059,0.84,0.8018,0.8593,0.6897,0.827,0.9406,0.785,0.6112,0.9515,0.7229,0.6295,0.6148,0.6159,0.8564,0.5686,0.623,0.782,0.5056,0.5555,0.4021,0.5949,0.6767,0.5801,0.5227,0.3205,0.4818,0.2623,0.5307,0.3128,0.2105,0.1692,0.3559,
1.0,0.9992,0.9704,0.9696,0.9719,0.9979,0.9963,0.9903,0.9856,0.92,0.7347,0.9364,0.9042,0.8381,0.8016,0.858,0.6837,0.8257,0.9438,0.778,0.6115,0.9518,0.7201,0.6282,0.6107,0.6135,0.8546,0.5661,0.6175,0.7835,0.5092,0.5506,0.3949,0.5895,0.6748,0.5844,0.5198,0.3186,0.4738,0.2541,0.5159,0.3199,0.2113,0.164,0.3561,
1.0,0.9992,0.9656,0.9648,0.9718,0.9968,0.9952,0.9913,0.9847,0.9245,0.7351,0.9314,0.9088,0.8345,0.7966,0.8571,0.6802,0.8202,0.9388,0.7855,0.6076,0.9532,0.7189,0.6176,0.6086,0.6153,0.8573,0.571,0.6188,0.7894,0.508,0.5512,0.3846,0.5957,0.6733,0.5775,0.5166,0.312,0.4807,0.2591,0.5262,0.3126,0.2068,0.1561,0.3547,
1.0,0.9993,0.969,0.9683,0.9704,0.9973,0.996,0.9905,0.9853,0.9245,0.7369,0.9339,0.9087,0.8375,0.8005,0.8593,0.6884,0.8253,0.94,0.7897,0.6128,0.9517,0.7247,0.6237,0.61,0.6132,0.8626,0.5691,0.624,0.7848,0.4993,0.551,0.3931,0.5928,0.6785,0.5891,0.5297,0.3101,0.4893,0.2616,0.5333,0.3141,0.2136,0.1707,0.3608,
1.0,0.9988,0.966,0.9648,0.9674,0.9977,0.9956,0.99,0.9843,0.9234,0.7314,0.9277,0.9076,0.8386,0.8015,0.8523,0.6816,0.8241,0.9405,0.7806,0.6129,0.9525,0.723,0.6194,0.6001,0.6141,0.8525,0.567,0.6201,0.7788,0.5097,0.5554,0.3916,0.5832,0.6805,0.5862,0.5205,0.3174,0.4767,0.2584,0.5248,0.3102,0.2092,0.1616,0.3514,
1.0,0.999,0.9691,0.9681,0.9696,0.9971,0.9951,0.991,0.9854,0.9203,0.7308,0.9325,0.9053,0.836,0.7987,0.8541,0.6804,0.8228,0.9391,0.778,0.6013,0.9542,0.7217,0.6206,0.6098,0.605,0.8579,0.56,0.6154,0.7825,0.496,0.546,0.3926,0.5913,0.6698,0.5795,0.5155,0.3058,0.4796,0.2511,0.5215,0.3112,0.2001,0.1598,0.3521,
1.0,0.9984,0.9693,0.9677,0.9698,0.9972,0.995,0.9907,0.9842,0.9243,0.7388,0.9336,0.9106,0.8416,0.8025,0.8599,0.6825,0.8269,0.9385,0.7815,0.6158,0.9486,0.7234,0.6275,0.6113,0.6153,0.8569,0.567,0.6286,0.7817,0.503,0.555,0.3964,0.5916,0.6647,0.5826,0.5188,0.3255,0.4725,0.271,0.5189,0.3103,0.2031,0.1649,0.347,
1.0,0.9983,0.9696,0.9679,0.9711,0.9958,0.9935,0.9905,0.9867,0.9203,0.7362,0.9329,0.903,0.8401,0.8035,0.854,0.6864,0.8291,0.9435,0.7782,0.6102,0.9514,0.7209,0.6301,0.6078,0.6111,0.8518,0.5631,0.6181,0.7808,0.5019,0.5465,0.3904,0.586,0.6758,0.5787,0.5265,0.3144,0.4802,0.2597,0.5298,0.3094,0.2071,0.1677,0.3558,
1.0,0.9987,0.9659,0.9646,0.9696,0.997,0.9952,0.9888,0.9828,0.9217,0.7263,0.9283,0.9037,0.8319,0.7913,0.8497,0.6796,0.8193,0.9428,0.7866,0.6084,0.9528,0.7235,0.6179,0.6057,0.608,0.8605,0.5648,0.6135,0.7812,0.5063,0.5464,0.3863,0.5852,0.674,0.5802,0.5221,0.3138,0.4804,0.2551,0.5209,0.3058,0.2002,0.1636,0.3548,
1.0,0.9984,0.9709,0.9693,0.9722,0.9973,0.9949,0.9909,0.9832,0.9222,0.7339,0.9365,0.9074,0.8353,0.7942,0.8599,0.6787,0.8195,0.9385,0.7822,0.6098,0.9498,0.7222,0.6241,0.6122,0.61,0.8586,0.5642,0.627,0.7832,0.5066,0.5523,0.3934,0.591,0.6735,0.5811,0.5176,0.3156,0.4737,0.262,0.5199,0.3145,0.212,0.1605,0.3507,
1.0,0.9993,0.9681,0.9674,0.9715,0.9985,0.9966,0.9909,0.9851,0.9276,0.7446,0.9342,0.9133,0.843,0.8049,0.8617,0.687,0.8288,0.9406,0.7852,0.6188,0.9495,0.7265,0.6277,0.6066,0.6264,0.8549,0.5664,0.6201,0.7872,0.5023,0.5557,0.391,0.5828,0.675,0.5777,0.5219,0.3223,0.4635,0.2665,0.5193,0.3103,0.2041,0.165,0.3447,
1.0,0.9981,0.9704,0.9685,0.9717,0.9969,0.9937,0.9903,0.984,0.9252,0.7386,0.9347,0.9092,0.8399,0.8007,0.8614,0.6825,0.8237,0.9337,0.7845,0.6131,0.951,0.7336,0.627,0.6191,0.6122,0.8578,0.5591,0.635,0.7883,0.5036,0.547,0.4022,0.5941,0.6673,0.584,0.5092,0.3148,0.4726,0.2648,0.5251,0.3105,0.2071,0.1668,0.3508,
1.0,0.9988,0.9673,0.9661,0.973,0.9977,0.995,0.989,0.9857,0.9203,0.7343,0.9338,0.9033,0.8341,0.7947,0.8562,0.6767,0.822,0.9414,0.7799,0.6092,0.9508,0.7239,0.6247,0.6142,0.6052,0.8542,0.561,0.6218,0.7845,0.498,0.5484,0.3869,0.584,0.6745,0.5841,0.5212,0.3156,0.473,0.2619,0.5184,0.305,0.2062,0.1692,0.3407,
1.0,0.9993,0.9681,0.9674,0.9688,0.997,0.995,0.9898,0.9861,0.9219,0.7402,0.9304,0.9044,0.8439,0.808,0.8529,0.6968,0.8314,0.9413,0.7844,0.6163,0.9505,0.7203,0.6271,0.6088,0.6205,0.8578,0.5817,0.6197,0.7801,0.5034,0.5556,0.3886,0.5914,0.6818,0.5798,0.5176,0.3138,0.4869,0.2639,0.5326,0.3081,0.2113,0.1618,0.3591,
1.0,0.999,0.969,0.968,0.9712,0.9972,0.9946,0.9878,0.9825,0.9239,0.7397,0.9349,0.9067,0.8422,0.8018,0.8592,0.6781,0.829,0.9441,0.7784,0.6231,0.9485,0.7254,0.6348,0.6129,0.6245,0.8448,0.5686,0.6288,0.779,0.5078,0.5622,0.3926,0.586,0.6791,0.5917,0.5214,0.3214,0.4697,0.266,0.5163,0.3094,0.2114,0.1682,0.3431,
1.0,0.9988,0.9686,0.9674,0.9674,0.9972,0.995,0.9897,0.9855,0.922,0.7278,0.9299,0.9052,0.8343,0.7957,0.853,0.6784,0.8232,0.9429,0.7774,0.6056,0.9555,0.7217,0.6165,0.6039,0.6087,0.8557,0.5621,0.6156,0.7747,0.5035,0.5448,0.3867,0.5893,0.6684,0.5769,0.5214,0.3125,0.4758,0.2516,0.5168,0.3031,0.2024,0.1621,0.345,
1.0,0.9987,0.9675,0.9662,0.9699,0.9972,0.9954,0.9903,0.9834,0.9199,0.7363,0.9302,0.904,0.8443,0.8041,0.8515,0.6821,0.8321,0.9453,0.7744,0.6161,0.9533,0.7202,0.6309,0.609,0.6208,0.8527,0.5732,0.6167,0.7811,0.5106,0.5563,0.392,0.5924,0.6715,0.5855,0.5208,0.3294,0.475,0.2548,0.5122,0.3137,0.206,0.1618,0.3537,
1.0,0.9993,0.9664,0.9657,0.9695,0.9976,0.9961,0.9916,0.9852,0.9271,0.7378,0.929,0.9115,0.8398,0.8021,0.8564,0.6867,0.825,0.9399,0.786,0.6161,0.9504,0.7237,0.6234,0.6002,0.6154,0.8565,0.5638,0.6234,0.7867,0.503,0.5504,0.3834,0.5916,0.6712,0.5829,0.5141,0.31,0.4751,0.2612,0.5272,0.3051,0.2081,0.1605,0.3527,
1.0,0.999,0.9654,0.9644,0.9677,0.9971,0.9953,0.991,0.9846,0.926,0.7384,0.9271,0.91,0.8433,0.8048,0.8539,0.687,0.8303,0.9385,0.7844,0.6142,0.9547,0.7227,0.6173,0.5951,0.6103,0.8552,0.5696,0.6179,0.7801,0.5071,0.5478,0.3829,0.5918,0.6759,0.5835,0.5197,0.323,0.485,0.2584,0.5311,0.3123,0.2086,0.1594,0.3596,
1.0,0.9991,0.9666,0.9657,0.9685,0.9976,0.9959,0.9901,0.9835,0.9263,0.737,0.9283,0.9097,0.84,0.7986,0.8553,0.6851,0.8276,0.9411,0.784,0.6155,0.9487,0.7189,0.6227,0.5987,0.6113,0.8591,0.5682,0.6136,0.7809,0.4981,0.5454,0.3841,0.5866,0.6657,0.577,0.5231,0.3155,0.4765,0.2618,0.5219,0.3098,0.2084,0.1613,0.3543,
1.0,0.999,0.9645,0.9635,0.972,0.9966,0.9948,0.9924,0.9865,0.9225,0.7433,0.9285,0.9059,0.8431,0.8043,0.8519,0.6861,0.8308,0.9433,0.7809,0.6163,0.9513,0.7163,0.6276,0.5961,0.6266,0.8522,0.5709,0.6132,0.7841,0.5098,0.5534,0.3871,0.5786,0.6667,0.5763,0.516,0.3229,0.4645,0.2569,0.5185,0.3067,0.2071,0.1651,0.3438,
1.0,0.9994,0.9655,0.9649,0.9687,0.9973,0.9959,0.9911,0.9862,0.9199,0.7374,0.9284,0.9043,0.8422,0.8086,0.8505,0.6879,0.8306,0.941,0.7793,0.6154,0.9545,0.7254,0.6289,0.6106,0.6141,0.8548,0.5676,0.6238,0.7796,0.5023,0.5488,0.3924,0.5972,0.6728,0.5867,0.5177,0.3147,0.4783,0.2666,0.5213,0.3063,0.2069,0.1638,0.3671,
1.0,0.9983,0.9686,0.9669,0.9703,0.9973,0.9945,0.9892,0.9843,0.9263,0.7409,0.9325,0.9105,0.8432,0.8038,0.8607,0.6875,0.8302,0.941,0.7876,0.6183,0.9508,0.7215,0.6263,0.5944,0.6096,0.8559,0.5679,0.6251,0.784,0.5029,0.5519,0.3821,0.5906,0.6782,0.5816,0.5221,0.3126,0.4751,0.2683,0.5328,0.3085,0.2131,0.158,0.3477,
1.0,0.9996,0.9656,0.9652,0.9726,0.9965,0.9952,0.9924,0.9863,0.9208,0.743,0.9317,0.9046,0.8455,0.8079,0.854,0.687,0.8317,0.9392,0.7788,0.6078,0.9565,0.7143,0.6235,0.6063,0.6173,0.8533,0.5674,0.611,0.7807,0.497,0.5539,0.3835,0.5951,0.6739,0.5758,0.5201,0.3125,0.4822,0.2609,0.5251,0.3057,0.2048,0.1656,0.3618,
1.0,0.9992,0.97,0.9692,0.9725,0.9977,0.9959,0.9916,0.9855,0.926,0.7451,0.9364,0.9114,0.844,0.8078,0.8634,0.6913,0.8296,0.9413,0.7868,0.6201,0.9519,0.7207,0.6341,0.6078,0.6208,0.855,0.5744,0.6237,0.7909,0.5146,0.557,0.3943,0.5924,0.6856,0.5864,0.5233,0.3219,0.4801,0.2679,0.5326,0.318,0.2185,0.1695,0.3622,
1.0,0.999,0.9693,0.9683,0.9738,0.9977,0.995,0.9903,0.985,0.9233,0.7411,0.9372,0.9082,0.8414,0.8032,0.8609,0.6902,0.8276,0.9411,0.7877,0.613,0.9533,0.7233,0.6307,0.6084,0.6144,0.8593,0.5713,0.6221,0.7864,0.501,0.5532,0.3902,0.5946,0.6778,0.5847,0.5214,0.3109,0.4915,0.2585,0.5338,0.3165,0.2069,0.1682,0.3671,
1.0,0.9987,0.9652,0.9639,0.9707,0.998,0.9957,0.99,0.9827,0.9222,0.738,0.9293,0.9067,0.8425,0.801,0.8531,0.6785,0.8278,0.9393,0.7768,0.61,0.953,0.7176,0.6193,0.6061,0.6197,0.8529,0.5676,0.6156,0.7809,0.5054,0.5512,0.3883,0.5965,0.672,0.5833,0.5233,0.3188,0.4794,0.2568,0.5163,0.3179,0.2112,0.1623,0.3523,
1.0,0.9985,0.9712,0.9697,0.9699,0.9976,0.9951,0.9898,0.9843,0.9274,0.7451,0.9332,0.9105,0.8417,0.8024,0.8626,0.6895,0.8284,0.9354,0.787,0.6141,0.9531,0.7262,0.6254,0.6037,0.614,0.8579,0.5642,0.622,0.7853,0.5031,0.5507,0.3855,0.5861,0.676,0.5771,0.5176,0.3207,0.4699,0.2584,0.529,0.308,0.2159,0.1611,0.3472,
1.0,0.999,0.9674,0.9664,0.9712,0.9971,0.9946,0.988,0.9836,0.9257,0.7336,0.9326,0.9069,0.8345,0.7978,0.8597,0.6795,0.8217,0.9421,0.7877,0.607,0.9464,0.7222,0.6178,0.6096,0.6212,0.8544,0.5654,0.6262,0.79,0.5085,0.5541,0.384,0.5935,0.6799,0.5837,0.5199,0.3211,0.4761,0.2653,0.5285,0.3121,0.2138,0.1661,0.3498,
1.0,0.9984,0.9691,0.9675,0.969,0.9974,0.9945,0.9893,0.9833,0.9254,0.7339,0.9307,0.9086,0.8364,0.7961,0.8567,0.6764,0.8228,0.9411,0.7792,0.6103,0.9503,0.7208,0.6217,0.6027,0.6106,0.8531,0.5634,0.6207,0.7808,0.503,0.5469,0.3839,0.5888,0.671,0.5822,0.5133,0.3154,0.4719,0.2566,0.518,0.3082,0.2103,0.162,0.3522,
1.0,0.9988,0.9645,0.9633,0.9705,0.997,0.9948,0.992,0.9859,0.923,0.7429,0.9288,0.9087,0.8445,0.806,0.8536,0.6898,0.831,0.9418,0.7826,0.6125,0.9533,0.7176,0.6216,0.5998,0.6151,0.8615,0.5751,0.619,0.7848,0.5088,0.559,0.3891,0.5953,0.6726,0.5813,0.5261,0.3259,0.4869,0.2663,0.5351,0.3177,0.2098,0.1629,0.3622,
1.0,0.9987,0.9679,0.9666,0.9694,0.998,0.9958,0.991,0.9859,0.9249,0.7389,0.9304,0.91,0.841,0.804,0.856,0.6886,0.828,0.9413,0.784,0.6106,0.9557,0.7206,0.623,0.6084,0.6153,0.8578,0.5701,0.6217,0.7838,0.4983,0.5547,0.3747,0.5961,0.677,0.5858,0.5168,0.3079,0.4804,0.2599,0.5198,0.3103,0.2055,0.1612,0.3598,
1.0,0.9992,0.9679,0.9671,0.9706,0.9974,0.9955,0.9926,0.9867,0.9193,0.7388,0.9331,0.906,0.844,0.8086,0.8545,0.6909,0.8287,0.9408,0.7822,0.6155,0.9536,0.7217,0.6336,0.6049,0.6146,0.864,0.5701,0.6131,0.7804,0.4995,0.5508,0.3878,0.5818,0.6778,0.5704,0.5169,0.3141,0.4741,0.253,0.5296,0.3011,0.1994,0.1599,0.3534,
1.0,0.9991,0.9713,0.9704,0.9686,0.9965,0.9948,0.9915,0.9851,0.924,0.7388,0.9327,0.907,0.8425,0.8021,0.8571,0.6883,0.8297,0.94,0.7806,0.6137,0.9542,0.725,0.6275,0.6046,0.6094,0.8539,0.5658,0.6242,0.7818,0.503,0.5526,0.3857,0.5921,0.6848,0.5877,0.5285,0.3084,0.4673,0.2626,0.5206,0.3116,0.2085,0.1637,0.3522,
1.0,0.9991,0.9701,0.9692,0.9702,0.9973,0.9957,0.9919,0.9869,0.9248,0.7375,0.9335,0.9098,0.8353,0.7988,0.8589,0.6854,0.8233,0.9391,0.7857,0.6086,0.9533,0.7234,0.6197,0.6121,0.6111,0.8597,0.5636,0.6229,0.7858,0.5043,0.5524,0.3974,0.5967,0.6758,0.581,0.5253,0.317,0.475,0.264,0.5295,0.3137,0.2126,0.166,0.3548,
1.0,0.999,0.963,0.962,0.9705,0.9967,0.9943,0.9895,0.9859,0.9227,0.742,0.9262,0.9048,0.8449,0.8076,0.8509,0.687,0.8308,0.9354,0.7822,0.6117,0.9469,0.7207,0.6233,0.6044,0.6161,0.8585,0.5699,0.6112,0.7862,0.5014,0.5529,0.3917,0.5737,0.6611,0.5734,0.5153,0.3198,0.4725,0.2599,0.5153,0.3085,0.2065,0.1641,0.3522,
1.0,0.999,0.9681,0.9671,0.9688,0.9972,0.9952,0.9911,0.9843,0.9246,0.7376,0.9307,0.909,0.8433,0.8038,0.8558,0.682,0.8279,0.9399,0.777,0.6133,0.9521,0.7245,0.6255,0.6028,0.6192,0.8523,0.5641,0.6174,0.7795,0.4912,0.5535,0.3877,0.5904,0.6719,0.5782,0.5165,0.3091,0.4726,0.2584,0.5244,0.3018,0.198,0.1646,0.3482,
1.0,0.998,0.9678,0.9658,0.9701,0.9974,0.9946,0.9889,0.9838,0.9279,0.7353,0.9313,0.9122,0.8346,0.7952,0.8601,0.6825,0.8223,0.9406,0.7911,0.6193,0.9505,0.7299,0.6259,0.6099,0.6123,0.8609,0.5631,0.636,0.7838,0.505,0.5431,0.3869,0.5973,0.68,0.5957,0.5133,0.3093,0.4842,0.2616,0.5336,0.3185,0.2139,0.1639,0.3592,
1.0,0.9991,0.9676,0.9667,0.9709,0.9981,0.9955,0.9894,0.9852,0.9237,0.737,0.9331,0.908,0.8385,0.8019,0.8582,0.683,0.8253,0.9443,0.782,0.6142,0.951,0.7211,0.6246,0.6088,0.6239,0.8556,0.5697,0.6219,0.7818,0.5085,0.5498,0.3967,0.5955,0.6784,0.5778,0.5247,0.3205,0.4826,0.267,0.5276,0.3122,0.213,0.1701,0.3617,
1.0,0.9988,0.969,0.9678,0.9725,0.9972,0.9952,0.9895,0.9838,0.9242,0.739,0.9349,0.9079,0.8403,0.8012,0.8607,0.6872,0.8279,0.9377,0.7873,0.6149,0.9533,0.7287,0.6304,0.6098,0.6089,0.8574,0.5587,0.6223,0.7842,0.5,0.5436,0.3911,0.5896,0.6689,0.5784,0.508,0.3016,0.4837,0.2606,0.5233,0.3122,0.2059,0.1625,0.3581,
1.0,0.9987,0.9679,0.9666,0.9715,0.9981,0.9962,0.9903,0.9839,0.923,0.7381,0.933,0.9085,0.8393,0.8001,0.8564,0.6827,0.8254,0.9424,0.7838,0.6107,0.9556,0.7227,0.6227,0.6081,0.618,0.8559,0.5695,0.6167,0.786,0.5077,0.5523,0.3929,0.5949,0.6764,0.5795,0.5193,0.3211,0.475,0.2575,0.5168,0.3119,0.2099,0.1594,0.351,
1.0,0.9988,0.9702,0.969,0.9689,0.9978,0.9958,0.9901,0.9844,0.9246,0.7363,0.9329,0.9089,0.8377,0.7976,0.8582,0.6801,0.8241,0.9407,0.776,0.6113,0.9519,0.7216,0.6243,0.6072,0.6125,0.8507,0.5658,0.6273,0.7781,0.4999,0.5545,0.3877,0.5921,0.6816,0.5824,0.5209,0.3119,0.4742,0.263,0.5243,0.3077,0.2074,0.162,0.3548,
1.0,0.9988,0.9686,0.9674,0.9711,0.9964,0.9943,0.9909,0.9848,0.9252,0.742,0.9334,0.9088,0.8432,0.8044,0.8603,0.6816,0.8296,0.9409,0.7795,0.6116,0.9518,0.7128,0.624,0.5986,0.6126,0.8468,0.5609,0.6189,0.7777,0.5046,0.5536,0.3816,0.592,0.6851,0.5796,0.5222,0.3082,0.474,0.2625,0.5274,0.315,0.2092,0.1601,0.3489,
1.0,0.9985,0.9687,0.9672,0.9685,0.9973,0.9945,0.9897,0.9855,0.9294,0.733,0.9298,0.9127,0.8289,0.7906,0.861,0.6715,0.8166,0.9378,0.7819,0.6002,0.9541,0.7218,0.607,0.5962,0.6053,0.8514,0.5502,0.6172,0.7835,0.5109,0.5372,0.3831,0.5857,0.6763,0.5831,0.5199,0.3084,0.478,0.254,0.5269,0.3192,0.2198,0.1603,0.3491,
1.0,0.9986,0.9712,0.9698,0.9715,0.9973,0.9946,0.9894,0.9846,0.9254,0.7376,0.9355,0.9084,0.8371,0.7986,0.8616,0.6806,0.8224,0.9431,0.783,0.6143,0.949,0.724,0.634,0.6034,0.6115,0.8533,0.5608,0.6247,0.7859,0.5012,0.5528,0.3855,0.5914,0.6792,0.5842,0.5249,0.3059,0.4816,0.263,0.5244,0.3044,0.2047,0.1713,0.3482,
1.0,0.9988,0.9658,0.9646,0.9662,0.9974,0.9961,0.9913,0.9848,0.9264,0.7298,0.9249,0.9102,0.8327,0.7929,0.8533,0.6805,0.8199,0.9436,0.7845,0.6119,0.9526,0.7248,0.617,0.5987,0.608,0.8599,0.5625,0.6219,0.7803,0.5108,0.5452,0.385,0.5866,0.6694,0.5867,0.52,0.3181,0.481,0.261,0.5295,0.3127,0.2083,0.1634,0.3539,
1.0,0.9982,0.9711,0.9693,0.9692,0.9975,0.995,0.9898,0.9852,0.9213,0.7317,0.9321,0.9046,0.8383,0.7996,0.8541,0.6856,0.8255,0.9453,0.7773,0.6113,0.952,0.7222,0.629,0.6138,0.6135,0.857,0.5721,0.6192,0.7817,0.5031,0.5594,0.3929,0.5908,0.6836,0.5839,0.5308,0.3241,0.4746,0.2603,0.5231,0.307,0.2068,0.1681,0.3478,
1.0,0.9989,0.9663,0.9652,0.9664,0.9967,0.9941,0.9908,0.9865,0.9283,0.7361,0.9259,0.9115,0.8363,0.7994,0.8561,0.6836,0.8243,0.9454,0.7845,0.6144,0.9548,0.7239,0.6173,0.5973,0.6175,0.8562,0.5686,0.6138,0.7813,0.5015,0.5497,0.3768,0.5855,0.6775,0.5826,0.5273,0.3121,0.4778,0.2592,0.5319,0.3053,0.2024,0.1649,0.3503,
1.0,0.999,0.966,0.965,0.9695,0.9969,0.9949,0.9906,0.9859,0.9249,0.7407,0.9294,0.9085,0.84,0.8017,0.8558,0.686,0.8271,0.9424,0.786,0.6156,0.9481,0.7215,0.6231,0.5981,0.6145,0.8609,0.5689,0.6133,0.7831,0.5027,0.5513,0.3867,0.5833,0.6708,0.5818,0.5201,0.3146,0.4772,0.2601,0.5242,0.3093,0.204,0.1553,0.3541,
1.0,0.9988,0.967,0.9658,0.9723,0.9979,0.9956,0.9914,0.9855,0.9238,0.7402,0.9323,0.9091,0.8415,0.8056,0.8578,0.6889,0.8281,0.9378,0.7879,0.6119,0.9548,0.7233,0.6276,0.6092,0.6144,0.8579,0.5653,0.6241,0.7841,0.4956,0.5497,0.3873,0.5937,0.6719,0.5844,0.5145,0.3097,0.4867,0.2656,0.5267,0.3052,0.2076,0.1634,0.3561,
1.0,0.9988,0.9638,0.9626,0.9721,0.9961,0.9942,0.9897,0.9847,0.9275,0.741,0.9298,0.9101,0.8383,0.7985,0.8581,0.6769,0.8268,0.9474,0.7845,0.6157,0.9504,0.7225,0.6262,0.6021,0.6193,0.8506,0.5738,0.6166,0.7879,0.5125,0.5569,0.3786,0.5831,0.674,0.5877,0.5211,0.3134,0.4743,0.2579,0.517,0.311,0.2117,0.1612,0.3481,
1.0,0.9993,0.9636,0.9629,0.9667,0.9975,0.9956,0.9889,0.9837,0.9207,0.7285,0.9242,0.9026,0.8382,0.7979,0.8468,0.6799,0.8268,0.9414,0.7769,0.6086,0.9551,0.7214,0.6163,0.5963,0.6058,0.8562,0.5661,0.6098,0.7763,0.4996,0.5483,0.3814,0.5925,0.6712,0.5787,0.5157,0.3181,0.4771,0.248,0.5152,0.3078,0.1979,0.1589,0.3505,
1.0,0.9992,0.968,0.9672,0.9683,0.9968,0.9947,0.99,0.9847,0.9263,0.7365,0.9309,0.9099,0.8383,0.7988,0.8581,0.6858,0.8239,0.936,0.7861,0.6081,0.949,0.7296,0.618,0.6112,0.6133,0.8608,0.5657,0.6304,0.7834,0.4985,0.551,0.388,0.592,0.6705,0.5887,0.5161,0.3131,0.4712,0.2619,0.5244,0.3117,0.2121,0.163,0.3549,
1.0,0.9993,0.9703,0.9696,0.9699,0.9979,0.9962,0.9902,0.9848,0.9246,0.7372,0.9332,0.9076,0.8404,0.8043,0.8589,0.691,0.8281,0.9398,0.7874,0.6127,0.9544,0.7234,0.6277,0.6056,0.616,0.8537,0.5749,0.6228,0.7873,0.5111,0.5609,0.3911,0.5924,0.6781,0.5837,0.5171,0.3158,0.4751,0.2576,0.5331,0.3147,0.2146,0.1644,0.3606,
1.0,0.9992,0.968,0.9672,0.9702,0.9967,0.995,0.9913,0.9861,0.9275,0.7439,0.9321,0.9118,0.8426,0.8048,0.8597,0.6878,0.8306,0.9415,0.7849,0.617,0.9553,0.727,0.6255,0.6049,0.6136,0.854,0.5693,0.6173,0.7864,0.5132,0.549,0.3894,0.5882,0.6758,0.5886,0.524,0.3214,0.4783,0.263,0.525,0.3128,0.2133,0.1659,0.351,
1.0,0.9988,0.9698,0.9686,0.9666,0.9967,0.9943,0.9871,0.9804,0.9233,0.7246,0.9294,0.9036,0.8334,0.7898,0.8541,0.6751,0.8188,0.9381,0.78,0.6093,0.9468,0.7214,0.6197,0.6125,0.6069,0.8532,0.5621,0.6259,0.7757,0.4951,0.5486,0.383,0.5902,0.6714,0.5844,0.5068,0.308,0.48,0.2583,0.5304,0.304,0.2046,0.1629,0.3482,
1.0,0.9985,0.9688,0.9673,0.9701,0.998,0.9954,0.9908,0.985,0.9233,0.7313,0.9322,0.9083,0.8364,0.7982,0.8571,0.6864,0.8204,0.9366,0.7893,0.6098,0.9528,0.7254,0.6216,0.6099,0.6054,0.8612,0.5648,0.6248,0.7817,0.5042,0.5486,0.3945,0.5957,0.6745,0.5862,0.5268,0.3105,0.4853,0.2694,0.5228,0.3086,0.212,0.1684,0.3539,
1.0,0.9993,0.9667,0.966,0.972,0.9967,0.9954,0.9899,0.9819,0.9197,0.7302,0.9331,0.9035,0.8355,0.7955,0.8546,0.6711,0.8209,0.9408,0.7774,0.6063,0.9505,0.7169,0.6195,0.6062,0.6114,0.8526,0.5653,0.6119,0.7835,0.5087,0.545,0.3921,0.5903,0.6629,0.5746,0.5181,0.3175,0.4747,0.2495,0.5152,0.3151,0.2041,0.1673,0.3461,
1.0,0.9991,0.9689,0.968,0.9688,0.9962,0.994,0.9902,0.9863,0.921,0.73,0.9321,0.9046,0.8335,0.7954,0.8535,0.6786,0.8204,0.9397,0.7781,0.6024,0.9511,0.7186,0.6135,0.6027,0.6051,0.8547,0.5612,0.6196,0.7767,0.5013,0.5475,0.3863,0.5913,0.6763,0.5773,0.5215,0.3132,0.4698,0.2567,0.5209,0.3062,0.2078,0.1555,0.3498,
1.0,0.9988,0.966,0.9648,0.9687,0.9974,0.9949,0.9912,0.9845,0.9177,0.7266,0.9278,0.9018,0.8354,0.7993,0.8477,0.6824,0.82,0.934,0.7818,0.6005,0.9545,0.7197,0.612,0.6091,0.6072,0.8608,0.5679,0.613,0.7808,0.4987,0.5451,0.3866,0.5873,0.666,0.5741,0.5255,0.3077,0.4756,0.2562,0.5198,0.3091,0.2024,0.1621,0.3524,
1.0,0.9991,0.971,0.9701,0.97,0.9972,0.9955,0.9897,0.9846,0.9261,0.7353,0.934,0.9084,0.8363,0.7955,0.8601,0.6798,0.8246,0.9431,0.7803,0.6139,0.9525,0.7256,0.628,0.6109,0.6116,0.8509,0.5631,0.625,0.7818,0.5073,0.5468,0.385,0.588,0.6707,0.5884,0.5133,0.3098,0.4698,0.2592,0.5119,0.3073,0.2049,0.1619,0.3464,
1.0,0.9989,0.9656,0.9645,0.9687,0.997,0.995,0.99,0.9844,0.9203,0.7332,0.9275,0.9028,0.8411,0.8032,0.8499,0.6864,0.8284,0.9408,0.7806,0.6058,0.956,0.7225,0.6184,0.6026,0.6143,0.8582,0.5695,0.6085,0.7828,0.5015,0.5535,0.3865,0.5932,0.6803,0.5744,0.5258,0.3201,0.4764,0.2548,0.5193,0.3115,0.2089,0.1633,0.354,
1.0,0.9995,0.9666,0.9661,0.9713,0.9978,0.9962,0.9927,0.9883,0.9267,0.7425,0.9332,0.9134,0.8368,0.8024,0.8601,0.682,0.8235,0.9358,0.7851,0.6071,0.9527,0.7209,0.6174,0.5981,0.6081,0.8551,0.5567,0.6152,0.7839,0.5075,0.5379,0.3963,0.5787,0.6662,0.5787,0.5172,0.3163,0.4813,0.2591,0.5222,0.3152,0.2142,0.1652,0.3504,
1.0,0.999,0.9674,0.9664,0.9683,0.9973,0.9958,0.992,0.9877,0.9274,0.7453,0.9297,0.9133,0.8425,0.8054,0.8583,0.6895,0.8309,0.9427,0.7843,0.613,0.9528,0.7212,0.6206,0.599,0.6155,0.8604,0.5706,0.6212,0.7861,0.5027,0.5552,0.384,0.5952,0.6846,0.5826,0.5233,0.3135,0.4856,0.2647,0.5291,0.3173,0.2114,0.1618,0.3629,
1.0,0.9987,0.9691,0.9678,0.9694,0.9975,0.9953,0.9907,0.9853,0.9244,0.7381,0.933,0.9101,0.8398,0.8032,0.8583,0.6865,0.8269,0.9394,0.7832,0.61,0.9525,0.7185,0.6199,0.6048,0.6133,0.8553,0.5677,0.6239,0.7838,0.5095,0.5558,0.3866,0.5963,0.6746,0.5799,0.5103,0.3176,0.4786,0.2616,0.5262,0.316,0.2105,0.1517,0.3579,
1.0,0.9989,0.9663,0.9652,0.9751,0.9973,0.995,0.9913,0.985,0.9218,0.7411,0.9358,0.9075,0.8442,0.8069,0.8596,0.6864,0.8291,0.9381,0.7844,0.6146,0.9533,0.7211,0.6305,0.607,0.6179,0.8584,0.5708,0.6153,0.7847,0.5072,0.5486,0.3891,0.5899,0.6733,0.5785,0.5065,0.3184,0.4761,0.2557,0.514,0.3132,0.2109,0.156,0.3516,
1.0,0.9986,0.9656,0.9642,0.9711,0.9971,0.9943,0.99,0.9849,0.9213,0.7307,0.9305,0.9055,0.8334,0.7962,0.8544,0.6797,0.8193,0.9454,0.7852,0.6055,0.9506,0.7135,0.6188,0.5993,0.6137,0.8593,0.5713,0.6138,0.7828,0.502,0.5452,0.3802,0.589,0.6741,0.583,0.5354,0.3136,0.4851,0.259,0.5267,0.3115,0.2098,0.1676,0.3517,
1.0,0.999,0.9676,0.9666,0.9694,0.9975,0.9958,0.9916,0.9861,0.9253,0.7346,0.9297,0.9096,0.8375,0.7998,0.8557,0.6814,0.8234,0.9404,0.7827,0.605,0.9514,0.7148,0.6169,0.6021,0.6159,0.8548,0.567,0.6118,0.7851,0.4996,0.5529,0.3845,0.5867,0.6723,0.5754,0.5204,0.3179,0.4709,0.2588,0.5159,0.3042,0.2084,0.1655,0.3452,
1.0,0.9987,0.966,0.9647,0.9704,0.9971,0.9945,0.9908,0.9843,0.9256,0.7353,0.9301,0.9103,0.8373,0.7982,0.8562,0.6807,0.8226,0.9355,0.7853,0.6097,0.9521,0.7249,0.617,0.6046,0.6111,0.8564,0.5637,0.6227,0.7865,0.5149,0.5512,0.3907,0.5872,0.6708,0.5796,0.5174,0.3181,0.4756,0.2657,0.527,0.3143,0.2183,0.1636,0.3545,
1.0,0.9986,0.9677,0.9663,0.9689,0.9976,0.9953,0.9896,0.9846,0.9235,0.7361,0.9296,0.9074,0.8377,0.8016,0.8543,0.6846,0.824,0.9371,0.7845,0.6051,0.9542,0.7168,0.6137,0.6047,0.6155,0.8511,0.5679,0.6182,0.7838,0.5126,0.5529,0.3875,0.5891,0.6775,0.5857,0.5286,0.311,0.4734,0.2562,0.5199,0.3203,0.2124,0.1653,0.3485,
1.0,0.9987,0.9671,0.9658,0.9703,0.9979,0.9957,0.9898,0.9837,0.9225,0.7357,0.9302,0.9064,0.8393,0.7993,0.8544,0.6857,0.8261,0.9425,0.7833,0.6121,0.9551,0.7256,0.6241,0.6101,0.6161,0.8619,0.5723,0.6191,0.7853,0.5024,0.5579,0.3869,0.5905,0.6791,0.5852,0.5296,0.319,0.4812,0.2651,0.5227,0.3121,0.2076,0.1628,0.3623,
1.0,0.9988,0.966,0.9648,0.9703,0.9976,0.995,0.99,0.9857,0.9212,0.738,0.9312,0.9068,0.8421,0.808,0.8538,0.6912,0.8292,0.9398,0.7863,0.6097,0.9505,0.7174,0.6215,0.598,0.6148,0.859,0.568,0.6168,0.7817,0.5026,0.5495,0.3845,0.5856,0.6708,0.5725,0.5175,0.3163,0.4794,0.2573,0.5277,0.3113,0.2072,0.1601,0.3564,
1.0,0.9986,0.968,0.9666,0.9687,0.9978,0.9954,0.9896,0.9836,0.9233,0.7343,0.9299,0.9072,0.8405,0.8008,0.8544,0.6868,0.8255,0.9386,0.7822,0.6146,0.9513,0.7297,0.627,0.6166,0.6141,0.8591,0.5694,0.6264,0.7814,0.5047,0.5504,0.3985,0.596,0.6801,0.5944,0.5162,0.3179,0.4887,0.2566,0.5325,0.3232,0.2103,0.1611,0.3617,
1.0,0.9988,0.9699,0.9687,0.9702,0.9976,0.9956,0.989,0.9837,0.9249,0.7294,0.9336,0.9081,0.8313,0.7914,0.8596,0.6733,0.8179,0.9416,0.7811,0.6044,0.9485,0.7195,0.6192,0.6065,0.6087,0.8508,0.558,0.6269,0.7832,0.5067,0.5489,0.39,0.5934,0.6844,0.5868,0.519,0.312,0.4711,0.2583,0.5296,0.3198,0.21,0.1631,0.3501,
1.0,0.999,0.9667,0.9657,0.9692,0.9971,0.9951,0.9896,0.9843,0.9234,0.7375,0.9301,0.907,0.8409,0.8016,0.8543,0.6858,0.8276,0.9384,0.7817,0.6113,0.9556,0.7255,0.6222,0.6105,0.6155,0.8585,0.5723,0.6188,0.7847,0.5067,0.5538,0.3886,0.594,0.6693,0.5819,0.5208,0.3221,0.4839,0.2622,0.5187,0.3141,0.206,0.1665,0.3552,
1.0,0.9992,0.9679,0.9671,0.9705,0.9983,0.9966,0.9908,0.9853,0.9229,0.739,0.9326,0.9085,0.8406,0.8022,0.8557,0.6913,0.8257,0.9355,0.7863,0.6129,0.9508,0.7266,0.6256,0.6123,0.6131,0.8619,0.5671,0.6294,0.7819,0.4981,0.5467,0.3981,0.5948,0.6751,0.5873,0.524,0.3108,0.4824,0.2722,0.5318,0.3174,0.2078,0.1684,0.3593,
1.0,0.9986,0.9667,0.9653,0.9693,0.9976,0.9949,0.99,0.9845,0.9284,0.7331,0.9287,0.9116,0.8332,0.7951,0.8584,0.6758,0.8198,0.9403,0.7862,0.6126,0.9534,0.7292,0.6192,0.6123,0.6174,0.8566,0.5634,0.6245,0.7877,0.5066,0.5492,0.3977,0.5939,0.6789,0.585,0.5212,0.3148,0.4867,0.2626,0.5256,0.3193,0.2105,0.1709,0.3563,
1.0,0.9983,0.9687,0.967,0.97,0.9975,0.9948,0.9889,0.9836,0.9265,0.737,0.9324,0.9104,0.8404,0.8032,0.8603,0.6866,0.8275,0.9415,0.7889,0.6149,0.9508,0.7221,0.6235,0.6073,0.6156,0.8569,0.5696,0.6252,0.7885,0.5116,0.5522,0.3838,0.5935,0.6745,0.5849,0.5202,0.3156,0.4798,0.2638,0.529,0.3155,0.2113,0.1625,0.3521,
1.0,0.9993,0.9665,0.9658,0.97,0.9976,0.9961,0.9902,0.9841,0.924,0.7359,0.9304,0.9078,0.84,0.8047,0.8563,0.6809,0.8266,0.9391,0.7812,0.6094,0.9539,0.7181,0.6213,0.5981,0.6161,0.8484,0.5626,0.6197,0.7823,0.5054,0.5506,0.3801,0.5896,0.678,0.5824,0.519,0.3105,0.4773,0.2581,0.5269,0.3127,0.21,0.1627,0.3521,
1.0,0.999,0.97,0.969,0.9682,0.9966,0.9945,0.9895,0.985,0.9271,0.7414,0.9329,0.9111,0.8425,0.8041,0.861,0.6875,0.8294,0.9411,0.7843,0.6201,0.9509,0.7267,0.6306,0.6027,0.6146,0.8557,0.5665,0.6257,0.7792,0.5089,0.5502,0.3906,0.5933,0.6794,0.5948,0.5373,0.3165,0.4787,0.2721,0.5256,0.3113,0.2143,0.1711,0.3514,
1.0,0.999,0.9686,0.9676,0.9727,0.9971,0.9954,0.9905,0.9861,0.9207,0.7436,0.9346,0.9041,0.8464,0.8086,0.8556,0.6965,0.8345,0.9412,0.7852,0.6094,0.9545,0.7183,0.6289,0.6147,0.6209,0.8583,0.5759,0.6186,0.7864,0.5069,0.5596,0.3847,0.5971,0.6778,0.5832,0.5204,0.3178,0.4746,0.263,0.5247,0.3157,0.2049,0.1588,0.359,
1.0,0.9986,0.9683,0.9669,0.9678,0.9977,0.995,0.9893,0.9863,0.9241,0.7327,0.9285,0.9067,0.8368,0.7988,0.8543,0.6853,0.8263,0.9377,0.7818,0.6024,0.9544,0.7257,0.6136,0.6105,0.6076,0.8588,0.5634,0.6231,0.78,0.4973,0.5492,0.3854,0.5993,0.6773,0.581,0.514,0.3127,0.488,0.2611,0.5321,0.3094,0.2034,0.1648,0.3578,
1.0,0.9991,0.966,0.9651,0.9714,0.9975,0.9955,0.991,0.9859,0.9232,0.7393,0.9327,0.9092,0.8398,0.8042,0.858,0.6848,0.8268,0.937,0.7843,0.6094,0.9561,0.7263,0.6227,0.6029,0.6125,0.8561,0.5621,0.6195,0.7829,0.5021,0.548,0.3852,0.5955,0.6834,0.5807,0.5152,0.3116,0.4782,0.2576,0.5342,0.3115,0.2118,0.159,0.3543,
1.0,0.9989,0.9686,0.9675,0.9695,0.9978,0.9961,0.9913,0.9852,0.9291,0.7407,0.9318,0.9146,0.8392,0.7994,0.8619,0.6816,0.8269,0.9405,0.7835,0.6165,0.953,0.7315,0.6246,0.612,0.6155,0.8592,0.567,0.6294,0.7889,0.5085,0.554,0.3914,0.5884,0.6713,0.5901,0.5167,0.324,0.4846,0.2604,0.5237,0.3152,0.2102,0.1634,0.3485,
1.0,0.9991,0.9647,0.9638,0.971,0.9974,0.9955,0.9915,0.9845,0.9306,0.7432,0.9297,0.9161,0.8385,0.8016,0.8624,0.6869,0.8243,0.9409,0.7952,0.6172,0.9568,0.7376,0.6244,0.616,0.6203,0.8618,0.5701,0.6345,0.7938,0.5124,0.5528,0.3916,0.5949,0.6688,0.5998,0.5295,0.3169,0.4845,0.2737,0.5282,0.3156,0.2098,0.1681,0.3622,
1.0,0.9987,0.9663,0.965,0.9715,0.9961,0.9942,0.9909,0.9843,0.9265,0.7366,0.9295,0.9085,0.8357,0.7961,0.8575,0.6793,0.824,0.9392,0.7858,0.609,0.9567,0.7275,0.6174,0.6103,0.612,0.855,0.5582,0.6182,0.7863,0.5051,0.5431,0.3901,0.6008,0.6682,0.5854,0.5138,0.3123,0.4869,0.2605,0.5211,0.3194,0.2061,0.1589,0.3656,
1.0,0.999,0.9674,0.9664,0.9696,0.9974,0.9952,0.9906,0.9849,0.9237,0.7382,0.9307,0.9077,0.8403,0.8009,0.8547,0.6881,0.8255,0.9398,0.7835,0.6107,0.9525,0.7184,0.6224,0.603,0.6158,0.8557,0.5694,0.6148,0.7759,0.5025,0.5521,0.3883,0.5894,0.6801,0.5828,0.5236,0.3166,0.4799,0.2617,0.5256,0.3072,0.2079,0.1625,0.3547,
1.0,0.9989,0.9663,0.9652,0.9702,0.997,0.995,0.9909,0.9857,0.9196,0.7334,0.9305,0.9045,0.84,0.8025,0.8521,0.6861,0.8276,0.943,0.7806,0.6135,0.953,0.725,0.6277,0.609,0.6094,0.8625,0.571,0.6222,0.7776,0.487,0.55,0.3829,0.5863,0.6746,0.5836,0.5258,0.3135,0.485,0.2699,0.5289,0.295,0.1939,0.1671,0.3562,
1.0,0.9991,0.97,0.9691,0.97,0.9975,0.9956,0.9904,0.9843,0.927,0.7403,0.933,0.9101,0.8429,0.8044,0.8606,0.6876,0.8294,0.9456,0.7838,0.6192,0.9527,0.7264,0.6329,0.6126,0.6277,0.8532,0.5789,0.6265,0.7868,0.5148,0.5601,0.3963,0.5931,0.6724,0.5893,0.5189,0.3275,0.4738,0.2597,0.5151,0.3132,0.2053,0.1704,0.3475,
1.0,0.999,0.9658,0.9648,0.9717,0.9978,0.9958,0.991,0.9868,0.9232,0.7367,0.9312,0.9081,0.8372,0.8012,0.8555,0.6847,0.8249,0.9388,0.7843,0.6075,0.9566,0.7257,0.6215,0.6101,0.6128,0.8578,0.5648,0.6171,0.7805,0.5051,0.5518,0.3951,0.5924,0.6839,0.5856,0.5275,0.3111,0.4807,0.2616,0.53,0.3161,0.2105,0.1726,0.3478,
1.0,0.9985,0.9686,0.9671,0.9695,0.997,0.9937,0.9898,0.9845,0.925,0.7379,0.9316,0.9088,0.8392,0.8029,0.8582,0.6843,0.8244,0.936,0.7834,0.6097,0.9535,0.7246,0.6227,0.6103,0.6135,0.8556,0.5641,0.6209,0.7853,0.5061,0.5494,0.3862,0.5951,0.6737,0.5869,0.5157,0.3132,0.4751,0.2589,0.5181,0.3144,0.2092,0.1547,0.3555,
1.0,0.9989,0.9701,0.969,0.968,0.9966,0.9944,0.9916,0.987,0.9265,0.7424,0.9319,0.9109,0.841,0.8039,0.8594,0.6953,0.83,0.9409,0.7893,0.6173,0.9545,0.7292,0.6294,0.6127,0.6184,0.8665,0.5764,0.6295,0.7835,0.5011,0.5575,0.3805,0.5946,0.6797,0.5923,0.5254,0.3134,0.4867,0.277,0.5338,0.3074,0.2097,0.1616,0.3664,
1.0,0.9993,0.9661,0.9654,0.9682,0.9975,0.9949,0.9903,0.9859,0.9283,0.7404,0.9283,0.912,0.8398,0.8003,0.8586,0.6838,0.8264,0.9412,0.7833,0.6138,0.9504,0.7244,0.6189,0.5971,0.6099,0.8557,0.5606,0.6204,0.7814,0.4982,0.5434,0.3786,0.5881,0.6758,0.5856,0.5182,0.3061,0.4762,0.2648,0.5237,0.309,0.2125,0.156,0.3573,
1.0,0.9994,0.9642,0.9636,0.9711,0.9979,0.9965,0.9915,0.9858,0.922,0.7369,0.9292,0.9071,0.8393,0.8028,0.8527,0.6819,0.8261,0.9378,0.7814,0.6026,0.9523,0.7119,0.6125,0.5954,0.6112,0.8528,0.5612,0.6078,0.778,0.5084,0.5434,0.387,0.5843,0.6663,0.5718,0.5175,0.319,0.4719,0.2524,0.5213,0.3103,0.2095,0.1603,0.3496,
1.0,0.9985,0.967,0.9655,0.9678,0.9979,0.9947,0.9891,0.9821,0.9273,0.7381,0.9278,0.9112,0.8422,0.8029,0.8559,0.6801,0.8266,0.9403,0.7801,0.6185,0.953,0.7295,0.6263,0.6026,0.6163,0.8533,0.5644,0.6236,0.7859,0.5057,0.5539,0.3827,0.5897,0.6738,0.5782,0.5195,0.3209,0.4733,0.2588,0.5211,0.3088,0.2023,0.1621,0.3544,
1.0,0.9982,0.9646,0.9628,0.9673,0.997,0.9941,0.9908,0.9852,0.9268,0.7266,0.9239,0.9103,0.8284,0.7901,0.8518,0.6735,0.8157,0.9417,0.7821,0.6032,0.9531,0.726,0.6079,0.594,0.6007,0.858,0.5545,0.615,0.7844,0.5061,0.5377,0.3851,0.5845,0.6694,0.5788,0.5243,0.3147,0.4778,0.2574,0.5207,0.3121,0.2063,0.1598,0.3528,
1.0,0.9989,0.9697,0.9686,0.9673,0.9974,0.9956,0.9913,0.9855,0.9188,0.7271,0.9309,0.9042,0.8356,0.7983,0.8511,0.6829,0.821,0.9384,0.7789,0.5974,0.9535,0.7139,0.6123,0.6036,0.6018,0.8592,0.5611,0.6094,0.7734,0.4933,0.55,0.3807,0.5871,0.6835,0.5728,0.5242,0.3079,0.482,0.2544,0.5354,0.3064,0.2075,0.1634,0.3548,
1.0,0.9987,0.968,0.9667,0.9667,0.9976,0.995,0.99,0.9848,0.9227,0.7266,0.928,0.9068,0.8358,0.7986,0.8522,0.6851,0.8217,0.9409,0.7832,0.6063,0.953,0.7242,0.6194,0.6065,0.6094,0.8611,0.5715,0.6191,0.7794,0.4997,0.5489,0.3846,0.5879,0.6698,0.5776,0.5225,0.3154,0.4793,0.2572,0.5235,0.3047,0.2004,0.161,0.3585,
1.0,0.999,0.9654,0.9644,0.9687,0.997,0.9943,0.9889,0.9855,0.9247,0.742,0.9276,0.9069,0.8441,0.8066,0.8532,0.6864,0.8316,0.9386,0.7791,0.6072,0.9519,0.7193,0.6159,0.5986,0.6158,0.8571,0.5653,0.6105,0.7846,0.4968,0.5544,0.3761,0.5915,0.6758,0.5791,0.5229,0.3185,0.4817,0.2583,0.5307,0.3121,0.2097,0.164,0.3562,
1.0,0.999,0.9682,0.9672,0.9681,0.9977,0.9957,0.9904,0.9851,0.9227,0.7317,0.9284,0.9055,0.8359,0.7962,0.8527,0.6776,0.8226,0.9436,0.777,0.611,0.9533,0.7224,0.6233,0.6095,0.6108,0.8521,0.5628,0.6248,0.7771,0.5007,0.5505,0.3891,0.5918,0.6835,0.5842,0.5225,0.3159,0.4791,0.264,0.5208,0.3083,0.2024,0.1656,0.3496,
1.0,0.9992,0.9654,0.9646,0.9715,0.9977,0.9962,0.9916,0.9857,0.9228,0.7358,0.9321,0.9092,0.8367,0.8,0.8557,0.6862,0.8251,0.9403,0.7871,0.609,0.9571,0.7205,0.6173,0.6031,0.6134,0.8581,0.5693,0.6171,0.7814,0.509,0.5513,0.3826,0.588,0.6773,0.5829,0.5261,0.3147,0.4804,0.2637,0.5267,0.3136,0.2126,0.1602,0.3552,
1.0,0.9988,0.9684,0.9672,0.9692,0.9972,0.9948,0.9908,0.9855,0.9193,0.73,0.9308,0.9029,0.8379,0.8002,0.8518,0.6875,0.8219,0.9383,0.7817,0.5977,0.9507,0.7087,0.6169,0.5951,0.6058,0.8567,0.5594,0.6042,0.7748,0.4959,0.5449,0.3821,0.5911,0.6772,0.5681,0.5196,0.3168,0.4773,0.2489,0.5208,0.3011,0.2043,0.1589,0.3505,
1.0,0.9985,0.9691,0.9676,0.9695,0.9965,0.994,0.9893,0.9837,0.9272,0.7354,0.9326,0.9108,0.8353,0.797,0.8621,0.6802,0.822,0.9365,0.7857,0.6102,0.9512,0.7294,0.6188,0.6092,0.6057,0.8583,0.5618,0.6286,0.7865,0.5026,0.5455,0.3902,0.5963,0.6693,0.5864,0.5156,0.3086,0.4839,0.2673,0.5312,0.3159,0.2041,0.1594,0.3546,
1.0,0.9989,0.9683,0.9672,0.9697,0.9975,0.9959,0.9912,0.9861,0.9239,0.7361,0.9316,0.9087,0.8379,0.803,0.8564,0.6897,0.8255,0.941,0.786,0.6087,0.9519,0.7208,0.6182,0.5995,0.6112,0.8593,0.5621,0.6211,0.7854,0.5009,0.5496,0.3817,0.589,0.6795,0.5783,0.5168,0.3039,0.4715,0.2565,0.5318,0.3037,0.2085,0.1598,0.3586,
1.0,0.9988,0.9693,0.9681,0.9703,0.9976,0.9952,0.9911,0.9841,0.9267,0.7379,0.9335,0.9121,0.8383,0.8031,0.8612,0.6908,0.8231,0.9381,0.7934,0.6144,0.9543,0.7229,0.6249,0.6099,0.6199,0.8573,0.57,0.6313,0.783,0.5054,0.5593,0.3826,0.5888,0.6792,0.586,0.5186,0.3092,0.4753,0.2683,0.5318,0.3054,0.2085,0.1615,0.3551,
1.0,0.9995,0.967,0.9665,0.9676,0.9976,0.9963,0.9927,0.9877,0.9182,0.7287,0.9295,0.9045,0.8358,0.8023,0.8492,0.6872,0.8236,0.9376,0.7804,0.6036,0.9538,0.7229,0.6182,0.6139,0.6057,0.8618,0.5655,0.6176,0.7807,0.4929,0.5467,0.3936,0.5929,0.6685,0.5855,0.5256,0.3144,0.485,0.2663,0.5299,0.3095,0.2022,0.1703,0.3587,
1.0,0.999,0.9711,0.9701,0.9683,0.9975,0.9957,0.9912,0.986,0.9272,0.7425,0.9326,0.911,0.8415,0.8032,0.8607,0.6983,0.8278,0.9408,0.7917,0.6142,0.9501,0.723,0.6254,0.6033,0.616,0.8672,0.5762,0.6225,0.7886,0.5077,0.5562,0.3949,0.5945,0.6751,0.5819,0.5285,0.319,0.4804,0.2684,0.5267,0.3127,0.2046,0.1656,0.3576,
1.0,0.9992,0.9679,0.9671,0.9696,0.9972,0.9954,0.9919,0.986,0.9255,0.7402,0.9306,0.91,0.8417,0.8039,0.8564,0.6923,0.8275,0.9414,0.7871,0.6109,0.9522,0.7218,0.6214,0.6106,0.6187,0.8585,0.5775,0.6256,0.7842,0.5009,0.5633,0.3863,0.5929,0.6763,0.5859,0.5251,0.3175,0.4835,0.2707,0.5312,0.3076,0.2075,0.1651,0.3654,
1.0,0.9992,0.9658,0.965,0.9699,0.9971,0.9951,0.9919,0.987,0.9272,0.7459,0.9296,0.9123,0.8439,0.8066,0.8569,0.6946,0.8311,0.9419,0.7893,0.6221,0.9568,0.7318,0.6279,0.6183,0.6252,0.864,0.5793,0.6261,0.7855,0.503,0.5575,0.3923,0.5968,0.6738,0.5942,0.5347,0.3209,0.4904,0.2726,0.5266,0.3154,0.2073,0.173,0.3655,
1.0,0.9992,0.9697,0.9689,0.9696,0.9978,0.9959,0.9894,0.9842,0.9246,0.7355,0.9328,0.9082,0.8412,0.802,0.8592,0.6846,0.8282,0.9375,0.7804,0.6065,0.9504,0.7244,0.621,0.613,0.6166,0.8565,0.57,0.6182,0.7858,0.5022,0.5553,0.3951,0.5889,0.666,0.5729,0.5106,0.3184,0.4817,0.2524,0.5274,0.31,0.2057,0.1659,0.3553,
1.0,0.9983,0.9683,0.9666,0.9698,0.9973,0.9946,0.9885,0.9851,0.9207,0.7299,0.9303,0.9026,0.8356,0.7994,0.8521,0.6871,0.824,0.9435,0.7845,0.6028,0.9512,0.7173,0.618,0.6029,0.611,0.8605,0.5665,0.6099,0.7798,0.5065,0.5492,0.389,0.5846,0.6748,0.5712,0.5241,0.3195,0.4752,0.2534,0.5242,0.3075,0.208,0.1633,0.3467,
1.0,0.9985,0.9651,0.9636,0.9664,0.9968,0.9943,0.9888,0.9838,0.9225,0.7319,0.9248,0.9049,0.8403,0.8018,0.8485,0.684,0.8275,0.942,0.7796,0.6169,0.9513,0.7252,0.622,0.6064,0.611,0.855,0.5664,0.6222,0.7755,0.4974,0.5543,0.3899,0.5994,0.6774,0.5889,0.523,0.314,0.49,0.2671,0.5282,0.3095,0.202,0.1713,0.3618,
1.0,0.9984,0.9686,0.967,0.9702,0.9969,0.9945,0.9906,0.985,0.927,0.7394,0.931,0.9098,0.837,0.7999,0.8591,0.6872,0.8222,0.9398,0.7857,0.6048,0.9506,0.7173,0.6158,0.6004,0.6153,0.8547,0.5612,0.6209,0.7886,0.5169,0.5497,0.384,0.59,0.6819,0.5789,0.5201,0.3139,0.4733,0.2612,0.5286,0.3192,0.2185,0.1584,0.3523,
1.0,0.999,0.9689,0.9679,0.9691,0.9972,0.995,0.9912,0.9858,0.9261,0.7398,0.9322,0.9113,0.8399,0.8017,0.8601,0.6816,0.8254,0.9412,0.7798,0.6184,0.9529,0.7298,0.6279,0.6128,0.6126,0.8545,0.5612,0.6315,0.7802,0.5061,0.5444,0.3944,0.5895,0.6763,0.592,0.52,0.3124,0.4823,0.2635,0.5249,0.3187,0.2062,0.1617,0.3554,
1.0,0.9986,0.9659,0.9645,0.9679,0.9973,0.9944,0.9898,0.9849,0.9236,0.732,0.9273,0.9076,0.8377,0.8011,0.8524,0.6842,0.8254,0.9394,0.786,0.6069,0.9531,0.7248,0.6133,0.6031,0.61,0.8597,0.5685,0.6213,0.7819,0.5003,0.5484,0.3854,0.5891,0.6735,0.578,0.5187,0.3208,0.4786,0.2579,0.5204,0.3122,0.2019,0.1568,0.3537,
1.0,0.9989,0.9681,0.967,0.9713,0.9966,0.995,0.9915,0.9849,0.9229,0.7307,0.9337,0.908,0.8295,0.7907,0.8579,0.6738,0.816,0.9415,0.7826,0.6069,0.9531,0.7292,0.6188,0.6187,0.6106,0.8591,0.5627,0.6265,0.7835,0.5019,0.5443,0.3933,0.5943,0.6708,0.5879,0.5235,0.3171,0.4793,0.263,0.521,0.3051,0.2011,0.1694,0.3493,
1.0,0.9987,0.965,0.9637,0.9703,0.9974,0.9954,0.9872,0.9807,0.9269,0.7359,0.9286,0.9081,0.8413,0.7998,0.8563,0.6773,0.8268,0.9387,0.7846,0.6111,0.9469,0.715,0.6171,0.5901,0.6125,0.8461,0.556,0.6158,0.7794,0.5109,0.5461,0.3778,0.5852,0.674,0.5786,0.5118,0.308,0.4745,0.2568,0.5238,0.3159,0.2076,0.1575,0.3502,
1.0,0.9991,0.9698,0.9689,0.9686,0.9972,0.9954,0.9907,0.985,0.9223,0.7388,0.9326,0.9068,0.8445,0.8087,0.8562,0.6954,0.8309,0.9412,0.7849,0.6133,0.953,0.716,0.6244,0.6061,0.6153,0.8589,0.5755,0.6162,0.783,0.5084,0.5551,0.3831,0.5961,0.6816,0.5848,0.5298,0.3192,0.4898,0.2608,0.5273,0.3212,0.2101,0.1589,0.36,
1.0,0.999,0.9671,0.9661,0.9683,0.9978,0.9954,0.9898,0.9852,0.9257,0.7348,0.93,0.911,0.8369,0.8003,0.8572,0.6855,0.824,0.9391,0.7854,0.6075,0.9509,0.7238,0.6173,0.6078,0.6114,0.8601,0.5654,0.6262,0.7846,0.5057,0.5513,0.3877,0.598,0.6769,0.5858,0.5156,0.3161,0.4797,0.2604,0.5285,0.3179,0.2151,0.1573,0.3625,
1.0,0.999,0.9657,0.9647,0.9695,0.9977,0.996,0.9903,0.9849,0.9264,0.7417,0.9307,0.9127,0.8415,0.8056,0.8589,0.69,0.8289,0.9387,0.7905,0.6212,0.9526,0.7299,0.6276,0.6057,0.6152,0.8616,0.5713,0.6271,0.7855,0.5144,0.5491,0.3972,0.589,0.6709,0.5895,0.5176,0.3222,0.486,0.263,0.5291,0.3206,0.2124,0.1624,0.3607,
1.0,0.9991,0.9689,0.968,0.9705,0.9971,0.995,0.9904,0.9842,0.928,0.7415,0.9331,0.9121,0.8391,0.8004,0.8615,0.6859,0.8243,0.9401,0.7906,0.6169,0.9527,0.7272,0.6264,0.6111,0.6184,0.8601,0.5672,0.6235,0.784,0.5063,0.5499,0.3934,0.589,0.672,0.5882,0.5243,0.3092,0.4771,0.2669,0.5206,0.3117,0.2047,0.1665,0.3515,
1.0,0.9986,0.9654,0.964,0.969,0.9979,0.9958,0.9898,0.9839,0.9275,0.7363,0.9267,0.9104,0.8361,0.7959,0.8556,0.6761,0.8224,0.9398,0.7845,0.6104,0.9528,0.7242,0.6167,0.599,0.613,0.855,0.5581,0.6221,0.7809,0.4993,0.5451,0.3819,0.5891,0.6781,0.5881,0.5173,0.3067,0.4752,0.2634,0.5249,0.3055,0.21,0.1609,0.3535,
1.0,0.9989,0.9663,0.9652,0.9673,0.9969,0.9949,0.9893,0.9836,0.9221,0.7313,0.9275,0.9058,0.8394,0.7985,0.8503,0.6843,0.8263,0.9432,0.7819,0.6078,0.9514,0.7165,0.6162,0.5957,0.614,0.856,0.5744,0.6111,0.7757,0.5058,0.5586,0.3832,0.5938,0.6709,0.5777,0.5268,0.3206,0.4812,0.2615,0.5219,0.3138,0.2017,0.1625,0.3595,
1.0,0.9983,0.9705,0.9688,0.9716,0.9972,0.9943,0.9894,0.9833,0.9283,0.7386,0.935,0.9119,0.8389,0.8009,0.8654,0.6839,0.8239,0.9368,0.7883,0.6081,0.9479,0.7181,0.6193,0.5984,0.6168,0.8541,0.5623,0.6196,0.788,0.4993,0.5532,0.387,0.5887,0.678,0.5753,0.5111,0.3068,0.465,0.2533,0.5244,0.3068,0.2237,0.1511,0.3493,
1.0,0.9988,0.9683,0.9671,0.9703,0.9975,0.9954,0.9895,0.9825,0.9254,0.7347,0.9307,0.9075,0.8389,0.7956,0.8566,0.6831,0.8231,0.9403,0.7834,0.6101,0.9519,0.7204,0.6214,0.6024,0.6151,0.855,0.5683,0.6176,0.7788,0.4994,0.5454,0.3872,0.5882,0.6741,0.5811,0.5254,0.3089,0.4849,0.2647,0.5264,0.3111,0.2079,0.17,0.3508,
1.0,0.9987,0.9659,0.9646,0.9701,0.9969,0.9945,0.9886,0.9837,0.9238,0.7268,0.9304,0.9076,0.8304,0.7895,0.8549,0.6694,0.8179,0.9397,0.7801,0.6036,0.9537,0.7262,0.6124,0.606,0.6032,0.8508,0.5587,0.6163,0.7787,0.5027,0.537,0.3772,0.5843,0.6711,0.5873,0.5132,0.3116,0.4784,0.2467,0.5255,0.3114,0.2041,0.1614,0.34,
1.0,0.9988,0.9677,0.9665,0.9685,0.997,0.9951,0.9911,0.9853,0.9231,0.7343,0.93,0.9077,0.8382,0.8034,0.8537,0.6899,0.8238,0.9425,0.7868,0.6063,0.9525,0.718,0.615,0.5934,0.6125,0.8586,0.5625,0.609,0.7807,0.5083,0.5454,0.3852,0.5857,0.6755,0.5752,0.5312,0.3191,0.4738,0.2568,0.5197,0.3076,0.2106,0.161,0.3561,
1.0,0.9986,0.9687,0.9673,0.97,0.9974,0.9951,0.9896,0.9853,0.9218,0.7357,0.9318,0.9049,0.8407,0.803,0.8553,0.6867,0.8284,0.9419,0.7816,0.607,0.952,0.7184,0.625,0.6039,0.6138,0.8533,0.5642,0.6178,0.7778,0.5015,0.5514,0.3826,0.5861,0.6788,0.5781,0.519,0.3142,0.4773,0.2582,0.5257,0.3038,0.2092,0.1649,0.3448,
1.0,0.999,0.9682,0.9672,0.9671,0.9976,0.9954,0.99,0.985,0.9206,0.7357,0.9291,0.9048,0.8454,0.8074,0.8517,0.6941,0.8331,0.9417,0.7805,0.6094,0.9531,0.7175,0.6225,0.6028,0.6155,0.8596,0.58,0.6151,0.7765,0.4988,0.5567,0.3882,0.5903,0.6675,0.5767,0.527,0.3192,0.4849,0.2637,0.5195,0.3069,0.2037,0.1656,0.3631,
1.0,0.9985,0.9689,0.9674,0.9725,0.997,0.9942,0.9894,0.9842,0.9236,0.7335,0.9341,0.9065,0.8374,0.7987,0.8592,0.6817,0.8232,0.9393,0.7826,0.6086,0.9513,0.7239,0.6229,0.6156,0.6128,0.8536,0.5623,0.6273,0.7838,0.5045,0.5514,0.39,0.5904,0.6762,0.5862,0.5165,0.3134,0.4789,0.2631,0.5203,0.312,0.2052,0.1651,0.3524,
1.0,0.9989,0.9674,0.9663,0.9675,0.9976,0.9957,0.9897,0.9835,0.9245,0.7343,0.9288,0.9084,0.8389,0.7999,0.8558,0.681,0.8238,0.9373,0.7804,0.611,0.9481,0.7188,0.6182,0.6053,0.6112,0.8529,0.5627,0.6236,0.7785,0.5052,0.5495,0.3894,0.5893,0.6717,0.5807,0.5191,0.3191,0.4717,0.2669,0.5228,0.313,0.2118,0.161,0.3502,
1.0,0.9987,0.9677,0.9664,0.9703,0.9981,0.9954,0.9901,0.9851,0.9213,0.7327,0.9308,0.9056,0.8379,0.7973,0.8544,0.6813,0.8239,0.9394,0.7791,0.6043,0.9513,0.7128,0.6171,0.5966,0.6048,0.8569,0.5647,0.6141,0.7807,0.4965,0.549,0.3841,0.5977,0.6749,0.5718,0.5219,0.3139,0.4809,0.2528,0.5236,0.3086,0.2032,0.1582,0.3558,
1.0,0.9993,0.9653,0.9646,0.9715,0.9971,0.9955,0.9918,0.987,0.9258,0.7438,0.9309,0.9104,0.8399,0.8043,0.8593,0.6843,0.8272,0.9406,0.7844,0.6158,0.9522,0.7241,0.6226,0.6091,0.6212,0.8588,0.5709,0.6222,0.7861,0.5042,0.5505,0.3927,0.5875,0.6666,0.5819,0.521,0.3112,0.4839,0.2647,0.5166,0.3101,0.2042,0.1631,0.3539,
1.0,0.9992,0.9663,0.9655,0.9694,0.9966,0.995,0.9911,0.9867,0.9204,0.7379,0.9299,0.9039,0.8416,0.8088,0.852,0.689,0.8306,0.9393,0.7799,0.6084,0.948,0.7161,0.6207,0.597,0.618,0.8548,0.5698,0.6088,0.7877,0.5059,0.5584,0.3852,0.5776,0.6708,0.5738,0.5199,0.3234,0.4652,0.2617,0.5236,0.3105,0.2106,0.1626,0.3491,
1.0,0.9991,0.9675,0.9666,0.9714,0.9973,0.995,0.9913,0.9871,0.9253,0.7422,0.9315,0.9087,0.8402,0.8037,0.8572,0.6922,0.8275,0.944,0.79,0.615,0.9519,0.7195,0.6268,0.6007,0.6194,0.8572,0.5721,0.6197,0.7813,0.5123,0.5544,0.3931,0.5883,0.6782,0.5864,0.5299,0.315,0.4802,0.2666,0.5203,0.3167,0.2165,0.1637,0.359,
1.0,0.9986,0.9686,0.9672,0.9689,0.9976,0.9956,0.991,0.9855,0.9279,0.74,0.9326,0.9147,0.8386,0.8032,0.8618,0.6926,0.8247,0.9386,0.7947,0.6161,0.9557,0.7337,0.6215,0.6101,0.6155,0.8694,0.572,0.6271,0.7882,0.4997,0.5481,0.3798,0.5934,0.6831,0.5953,0.5377,0.3071,0.4925,0.2748,0.5362,0.3083,0.2048,0.1713,0.36,
1.0,0.9989,0.9675,0.9664,0.9711,0.9977,0.9959,0.9903,0.9826,0.9273,0.7377,0.9328,0.912,0.8395,0.7987,0.8606,0.6772,0.8258,0.9387,0.7838,0.6116,0.954,0.7263,0.621,0.6029,0.6156,0.8521,0.5653,0.621,0.7922,0.5119,0.5511,0.3838,0.5871,0.6746,0.5811,0.5069,0.3162,0.4814,0.2552,0.5256,0.3208,0.21,0.1593,0.3472,
1.0,0.9987,0.97,0.9687,0.9714,0.9978,0.9955,0.9907,0.9866,0.9216,0.7328,0.9336,0.9048,0.8333,0.7974,0.8555,0.6882,0.8219,0.9446,0.7875,0.6052,0.9528,0.7179,0.6217,0.6093,0.6124,0.8605,0.5623,0.6184,0.781,0.5034,0.547,0.3949,0.5936,0.6778,0.5765,0.5231,0.3069,0.4814,0.2598,0.5273,0.3091,0.207,0.1673,0.355,
1.0,0.9992,0.9681,0.9673,0.9683,0.9973,0.9951,0.9913,0.9861,0.9242,0.7375,0.9313,0.9102,0.8402,0.8036,0.8562,0.6931,0.8265,0.9381,0.7888,0.6118,0.9512,0.7277,0.6229,0.6115,0.6103,0.866,0.5745,0.6254,0.7863,0.5081,0.5512,0.3959,0.5901,0.6681,0.5805,0.5204,0.3223,0.4819,0.2657,0.523,0.3151,0.2089,0.1632,0.3562,
1.0,0.9991,0.9676,0.9667,0.9699,0.9966,0.994,0.9898,0.9851,0.922,0.7347,0.9317,0.905,0.8401,0.8032,0.8544,0.6902,0.8254,0.9412,0.788,0.6111,0.9509,0.7232,0.6249,0.6057,0.6152,0.8576,0.5752,0.6186,0.7824,0.5144,0.5573,0.3885,0.5835,0.6735,0.5837,0.5258,0.3207,0.4773,0.2609,0.5252,0.3162,0.2148,0.1614,0.3564,
1.0,0.9988,0.9687,0.9675,0.968,0.9978,0.995,0.989,0.985,0.9225,0.7246,0.9298,0.9051,0.8303,0.7941,0.8536,0.6766,0.8183,0.9432,0.7809,0.6089,0.9514,0.7229,0.6204,0.6139,0.6035,0.8509,0.5567,0.6318,0.7765,0.5099,0.5497,0.3878,0.5959,0.6834,0.5939,0.5229,0.3128,0.4747,0.2623,0.5221,0.319,0.2148,0.1663,0.3547,
1.0,0.9984,0.9701,0.9685,0.9685,0.9958,0.9933,0.9897,0.9844,0.9261,0.7401,0.9297,0.9072,0.843,0.8015,0.8565,0.6879,0.8296,0.9378,0.7805,0.6128,0.9512,0.732,0.6244,0.6131,0.6128,0.8557,0.567,0.6285,0.7847,0.5008,0.5563,0.3905,0.5974,0.6799,0.5899,0.5145,0.3184,0.4796,0.261,0.5294,0.3143,0.2063,0.17,0.3563,
1.0,0.9988,0.9654,0.9642,0.9731,0.9979,0.995,0.9888,0.9844,0.9214,0.7387,0.9311,0.9037,0.8414,0.8023,0.8537,0.6795,0.828,0.9397,0.778,0.6094,0.952,0.7195,0.6229,0.6063,0.6131,0.8519,0.5594,0.614,0.781,0.5031,0.5484,0.3903,0.5896,0.6687,0.5784,0.5152,0.3189,0.4718,0.2526,0.5152,0.3131,0.2051,0.1608,0.3539,
1.0,0.9989,0.9674,0.9663,0.971,0.9978,0.9954,0.9903,0.9857,0.9248,0.7422,0.9326,0.9094,0.8411,0.8033,0.8596,0.6882,0.8276,0.9424,0.7877,0.6162,0.9548,0.7286,0.6259,0.6089,0.6175,0.8611,0.5738,0.6246,0.7851,0.5114,0.5477,0.3901,0.5916,0.6717,0.5824,0.5247,0.3164,0.4886,0.2681,0.5233,0.3084,0.201,0.1665,0.3636,
1.0,0.9988,0.9661,0.9649,0.9677,0.9974,0.9952,0.9904,0.9851,0.92,0.7389,0.9271,0.904,0.8478,0.8095,0.8489,0.6904,0.8341,0.9395,0.7767,0.613,0.9542,0.7197,0.6267,0.6072,0.6186,0.857,0.5743,0.6138,0.7746,0.5003,0.5584,0.3913,0.5897,0.6709,0.5784,0.5217,0.3307,0.4777,0.2623,0.5233,0.3099,0.2032,0.1645,0.3607,
1.0,0.9986,0.9662,0.9648,0.9685,0.9965,0.9941,0.9901,0.9845,0.9203,0.7262,0.9276,0.9027,0.8314,0.7903,0.8491,0.6728,0.8196,0.9412,0.7752,0.6067,0.9528,0.7251,0.62,0.6128,0.6059,0.8514,0.559,0.6288,0.7726,0.4985,0.5507,0.3938,0.5984,0.6787,0.5892,0.5174,0.3152,0.4864,0.2592,0.5272,0.3112,0.2067,0.171,0.351,
1.0,0.9982,0.968,0.9662,0.9685,0.997,0.9937,0.9883,0.9838,0.9206,0.7389,0.9303,0.904,0.8456,0.8073,0.851,0.6884,0.8316,0.9425,0.7777,0.6134,0.9507,0.7134,0.6239,0.5978,0.6189,0.8538,0.5692,0.6096,0.7739,0.494,0.5573,0.3744,0.59,0.6791,0.5776,0.5268,0.3073,0.4744,0.2614,0.5236,0.3002,0.2047,0.1626,0.3626,
1.0,0.9989,0.9689,0.9678,0.9702,0.9967,0.9948,0.9918,0.9855,0.927,0.7425,0.9333,0.9125,0.843,0.8052,0.86,0.6878,0.8308,0.9417,0.7848,0.6232,0.9534,0.7299,0.6325,0.6065,0.6189,0.8558,0.5674,0.628,0.7856,0.5043,0.5538,0.3884,0.5881,0.6751,0.5865,0.5153,0.3174,0.4754,0.2689,0.5299,0.3113,0.2072,0.1652,0.3554,
1.0,0.9985,0.9668,0.9653,0.9695,0.9974,0.9946,0.9895,0.9842,0.9303,0.7434,0.9293,0.9141,0.8426,0.8047,0.8618,0.6868,0.829,0.9398,0.789,0.6159,0.9465,0.7213,0.6203,0.6019,0.6248,0.8555,0.5737,0.6269,0.7881,0.5126,0.557,0.3908,0.5857,0.6735,0.5817,0.5152,0.3253,0.4758,0.2727,0.5288,0.3185,0.215,0.1644,0.3586,
1.0,0.9993,0.9664,0.9657,0.9703,0.9971,0.9952,0.9897,0.9841,0.9284,0.7409,0.9305,0.9111,0.8391,0.8035,0.8599,0.6885,0.8251,0.9403,0.7928,0.6138,0.9496,0.7273,0.6219,0.6029,0.6206,0.8594,0.5658,0.6224,0.7853,0.5095,0.5499,0.3895,0.5928,0.6786,0.5826,0.5287,0.3122,0.4794,0.2694,0.5241,0.3132,0.2084,0.1684,0.3532,
1.0,0.9993,0.9687,0.968,0.9682,0.9972,0.9955,0.9908,0.9846,0.926,0.7367,0.9305,0.91,0.8376,0.7987,0.857,0.6837,0.8244,0.9398,0.7841,0.6076,0.9537,0.7189,0.6208,0.6004,0.61,0.8546,0.5642,0.6153,0.7804,0.5014,0.5483,0.3806,0.5847,0.6739,0.5761,0.5117,0.3116,0.4787,0.2532,0.5275,0.3094,0.204,0.1583,0.3506,
1.0,0.9988,0.9696,0.9684,0.9687,0.9978,0.9957,0.9905,0.9851,0.9243,0.7341,0.9322,0.9093,0.838,0.7987,0.8574,0.6819,0.8244,0.9344,0.7797,0.6094,0.95,0.719,0.6191,0.5965,0.6033,0.8565,0.5538,0.62,0.7784,0.4997,0.5435,0.3911,0.589,0.6682,0.5721,0.5102,0.3057,0.4723,0.2535,0.5206,0.3083,0.207,0.1546,0.3534,
1.0,0.999,0.9671,0.9661,0.9696,0.9972,0.9954,0.9906,0.9846,0.9233,0.733,0.9301,0.907,0.8367,0.7986,0.8552,0.6847,0.8234,0.9383,0.7849,0.6058,0.9528,0.7207,0.6184,0.6068,0.6109,0.8563,0.5655,0.6233,0.7816,0.5016,0.5537,0.3861,0.5954,0.6785,0.5835,0.5166,0.3164,0.4818,0.2593,0.5304,0.3107,0.2146,0.1621,0.3571,
1.0,0.9995,0.9675,0.967,0.9717,0.9975,0.9962,0.9913,0.9847,0.9236,0.7412,0.933,0.9073,0.8431,0.8053,0.8588,0.6897,0.8301,0.9421,0.7859,0.6169,0.9546,0.7245,0.6315,0.6079,0.6196,0.8564,0.5706,0.6238,0.7836,0.5083,0.5553,0.3915,0.5961,0.6835,0.5919,0.525,0.3203,0.4843,0.2672,0.5292,0.3186,0.2148,0.1659,0.364,
1.0,0.9992,0.9668,0.966,0.9734,0.9976,0.996,0.9922,0.9868,0.9254,0.7358,0.9335,0.9103,0.8307,0.7936,0.8594,0.6745,0.8177,0.9389,0.7819,0.603,0.9572,0.7289,0.6143,0.6083,0.6067,0.8556,0.5487,0.617,0.7886,0.5073,0.5332,0.3896,0.5856,0.6706,0.5861,0.5118,0.3072,0.4798,0.2499,0.5194,0.3115,0.2054,0.1599,0.3497,
1.0,0.999,0.9691,0.9681,0.9696,0.9977,0.996,0.9912,0.9853,0.9214,0.7306,0.9322,0.907,0.8349,0.796,0.855,0.678,0.8219,0.9408,0.7789,0.604,0.9528,0.7187,0.618,0.6033,0.6076,0.8551,0.5633,0.6123,0.7835,0.5033,0.5482,0.3914,0.5897,0.6802,0.5724,0.5199,0.3208,0.4721,0.2509,0.5219,0.3117,0.2086,0.1611,0.3501,
1.0,0.9992,0.9678,0.967,0.9693,0.9975,0.9958,0.9909,0.9855,0.9203,0.7304,0.9308,0.9045,0.8375,0.7994,0.8529,0.6831,0.8259,0.9398,0.7782,0.6038,0.9546,0.7237,0.6206,0.6077,0.606,0.8552,0.5636,0.6179,0.7751,0.4985,0.5458,0.3834,0.5887,0.6716,0.5825,0.5162,0.3088,0.4648,0.2501,0.5206,0.3071,0.2077,0.1559,0.3497,
1.0,0.9989,0.971,0.9699,0.9699,0.997,0.9946,0.991,0.9864,0.9292,0.7449,0.9341,0.9136,0.8422,0.8019,0.8634,0.693,0.8287,0.9408,0.7873,0.6214,0.9517,0.7249,0.6313,0.6068,0.6186,0.8586,0.5695,0.6287,0.7804,0.5038,0.5547,0.39,0.59,0.6797,0.5849,0.5213,0.3135,0.4786,0.2658,0.5296,0.3123,0.1988,0.1671,0.3516,
1.0,0.9986,0.9691,0.9677,0.9705,0.9968,0.9948,0.9902,0.9837,0.9263,0.7403,0.9325,0.9099,0.839,0.7987,0.8592,0.6853,0.8252,0.9395,0.7835,0.6096,0.9552,0.7212,0.6209,0.6001,0.6165,0.8539,0.5653,0.6145,0.7821,0.5137,0.5505,0.3812,0.5908,0.6795,0.5828,0.5236,0.3163,0.4829,0.2535,0.5257,0.3113,0.2105,0.1712,0.3527,
1.0,0.9989,0.9678,0.9667,0.9695,0.9974,0.9949,0.9883,0.9847,0.9275,0.7364,0.9308,0.9094,0.8371,0.7972,0.8605,0.6792,0.8251,0.9399,0.7842,0.6157,0.9536,0.7332,0.6239,0.6072,0.6112,0.8538,0.5651,0.6229,0.783,0.5061,0.5477,0.3854,0.5838,0.6766,0.5899,0.5194,0.3115,0.4718,0.261,0.519,0.3049,0.2058,0.162,0.3446,
1.0,0.9988,0.9716,0.9704,0.9718,0.9974,0.9953,0.9907,0.9847,0.9264,0.7369,0.9367,0.9107,0.8385,0.7975,0.8629,0.6906,0.8256,0.9374,0.7903,0.6053,0.9506,0.7167,0.622,0.6034,0.6092,0.8619,0.5733,0.6223,0.7883,0.5016,0.5556,0.3849,0.5952,0.6755,0.5775,0.5178,0.3098,0.4833,0.263,0.5384,0.312,0.2162,0.1609,0.3532,
1.0,0.9984,0.9663,0.9647,0.9676,0.9963,0.9937,0.9892,0.9839,0.9309,0.7374,0.9271,0.9129,0.8373,0.7977,0.8589,0.6806,0.8235,0.9403,0.7859,0.6103,0.9518,0.7246,0.6143,0.6003,0.6122,0.8532,0.5653,0.6174,0.7848,0.5153,0.5481,0.384,0.5907,0.6728,0.5836,0.5255,0.3141,0.4832,0.2659,0.5257,0.3157,0.2151,0.1621,0.3527,
1.0,0.9987,0.9659,0.9646,0.9682,0.9971,0.9953,0.9915,0.9861,0.9275,0.7328,0.9268,0.911,0.8334,0.7958,0.8552,0.6709,0.8211,0.9402,0.7765,0.6047,0.9522,0.7193,0.6135,0.5973,0.6044,0.8478,0.5513,0.6147,0.7812,0.5019,0.5375,0.3833,0.5897,0.6667,0.5767,0.5047,0.304,0.4731,0.2539,0.5128,0.3086,0.2048,0.1588,0.3503,
1.0,0.9988,0.9647,0.9635,0.9686,0.9961,0.994,0.991,0.985,0.9176,0.7329,0.9268,0.9011,0.8419,0.801,0.8461,0.6835,0.8286,0.936,0.7755,0.6033,0.9523,0.7108,0.6166,0.5989,0.6044,0.8565,0.5682,0.611,0.7707,0.4878,0.5453,0.376,0.5829,0.6683,0.5718,0.5119,0.3067,0.4736,0.2605,0.5242,0.296,0.1977,0.1483,0.3572,
1.0,0.9989,0.9667,0.9656,0.9665,0.9973,0.9952,0.9914,0.9856,0.9254,0.7359,0.9275,0.9109,0.838,0.8028,0.854,0.6875,0.8242,0.9381,0.7853,0.6118,0.9548,0.725,0.6184,0.6009,0.6103,0.8594,0.5631,0.6208,0.7815,0.503,0.5443,0.386,0.5894,0.6771,0.5828,0.5211,0.3116,0.4832,0.2579,0.5292,0.3117,0.2044,0.1598,0.3565,
1.0,0.9985,0.9672,0.9657,0.9701,0.9967,0.9938,0.9889,0.9855,0.9252,0.7422,0.9296,0.907,0.8427,0.8057,0.8559,0.6839,0.8291,0.9375,0.7824,0.6144,0.9497,0.7223,0.6249,0.606,0.6119,0.851,0.5575,0.6223,0.7816,0.5046,0.5455,0.3866,0.5928,0.6738,0.5833,0.5175,0.3113,0.4798,0.2591,0.5172,0.3128,0.2084,0.1659,0.3572,
1.0,0.9992,0.9685,0.9677,0.9683,0.9971,0.9948,0.9903,0.9846,0.9213,0.7281,0.93,0.9037,0.8342,0.795,0.8519,0.6784,0.8198,0.9378,0.7782,0.6027,0.9536,0.7181,0.6161,0.5997,0.601,0.8529,0.558,0.6156,0.7776,0.5017,0.5438,0.3807,0.5868,0.6745,0.5784,0.516,0.3101,0.4792,0.2484,0.5223,0.3136,0.2076,0.1611,0.3516,
1.0,0.9978,0.9675,0.9653,0.9692,0.9973,0.9942,0.9897,0.9845,0.9246,0.731,0.9284,0.9085,0.8325,0.7918,0.8551,0.6779,0.8197,0.9419,0.7827,0.6105,0.9548,0.7266,0.6221,0.6066,0.6102,0.8587,0.5659,0.6228,0.7848,0.5082,0.5473,0.3831,0.5858,0.6799,0.5888,0.5286,0.3148,0.4758,0.2626,0.527,0.312,0.2153,0.1653,0.3494,
1.0,0.999,0.9687,0.9677,0.97,0.9967,0.9953,0.9909,0.9859,0.9239,0.7317,0.9317,0.908,0.8326,0.7949,0.8561,0.6816,0.8197,0.9433,0.7845,0.6082,0.9527,0.7269,0.6202,0.6115,0.6096,0.8605,0.5642,0.6187,0.7845,0.5061,0.5422,0.3883,0.595,0.6795,0.593,0.526,0.3072,0.4863,0.2595,0.5251,0.3217,0.2078,0.1632,0.3572,
1.0,0.9984,0.9684,0.9668,0.9726,0.9973,0.9945,0.989,0.9837,0.9194,0.7368,0.9354,0.9041,0.8415,0.8044,0.8566,0.6838,0.8268,0.9377,0.7828,0.604,0.9503,0.7087,0.6183,0.5983,0.612,0.8534,0.5664,0.6104,0.7803,0.5105,0.5544,0.3906,0.5906,0.677,0.5761,0.5221,0.3189,0.4749,0.2536,0.521,0.3153,0.21,0.1621,0.3464,
1.0,0.9985,0.9695,0.968,0.9667,0.9969,0.9946,0.9901,0.9839,0.9244,0.7352,0.9295,0.9085,0.8416,0.8037,0.855,0.6891,0.8284,0.9423,0.7827,0.6206,0.9521,0.7231,0.6259,0.6068,0.6174,0.8612,0.5797,0.6205,0.7853,0.5027,0.5602,0.3836,0.5898,0.677,0.585,0.5233,0.3245,0.4807,0.2636,0.526,0.3059,0.2081,0.164,0.3523,
1.0,0.9994,0.9669,0.9663,0.969,0.9971,0.9957,0.9922,0.9884,0.9253,0.7442,0.9304,0.9105,0.8419,0.8096,0.8571,0.6919,0.8314,0.9442,0.788,0.6134,0.956,0.7235,0.621,0.5992,0.6199,0.8595,0.572,0.618,0.7859,0.508,0.5556,0.3817,0.5904,0.6782,0.5848,0.5204,0.3133,0.4831,0.2603,0.5297,0.3133,0.2095,0.16,0.3598,
1.0,0.999,0.9685,0.9675,0.9691,0.9971,0.9946,0.9894,0.9845,0.9224,0.7406,0.9311,0.9052,0.8464,0.8074,0.8547,0.6969,0.8333,0.9424,0.7846,0.6174,0.9531,0.7225,0.6317,0.6117,0.6246,0.8599,0.5827,0.6199,0.7794,0.5106,0.558,0.3954,0.5933,0.6661,0.5874,0.5171,0.3291,0.4872,0.261,0.5186,0.3203,0.2053,0.1611,0.3615,
1.0,0.9993,0.9702,0.9695,0.9696,0.9975,0.9961,0.9913,0.9852,0.9258,0.7353,0.9337,0.9104,0.8369,0.8008,0.8612,0.6847,0.8235,0.9373,0.7845,0.6101,0.9553,0.7271,0.6234,0.6128,0.6105,0.8564,0.5621,0.6274,0.7835,0.5086,0.5492,0.3911,0.5897,0.6725,0.5841,0.5267,0.3168,0.4714,0.2647,0.521,0.3113,0.2053,0.1611,0.3493,
1.0,0.9986,0.9682,0.9668,0.9687,0.9978,0.9955,0.9895,0.9838,0.9246,0.7352,0.9295,0.9075,0.8385,0.7994,0.8546,0.6794,0.8241,0.9397,0.7782,0.6103,0.9539,0.7237,0.6215,0.6041,0.6154,0.8477,0.56,0.6175,0.7795,0.5014,0.5466,0.3847,0.5875,0.6713,0.5852,0.5159,0.3021,0.4725,0.2521,0.5107,0.3044,0.2068,0.1615,0.3462,
1.0,0.9991,0.9661,0.9652,0.9686,0.9974,0.9949,0.9891,0.9845,0.9235,0.7382,0.9284,0.9062,0.8412,0.8033,0.8547,0.6872,0.8281,0.9419,0.7834,0.6155,0.9503,0.7186,0.6214,0.5953,0.6164,0.8579,0.5669,0.6124,0.7831,0.5124,0.5481,0.3905,0.5844,0.6665,0.5732,0.5188,0.3225,0.4827,0.2566,0.5229,0.3207,0.203,0.1562,0.3528,
1.0,0.9987,0.9677,0.9664,0.9673,0.9972,0.9947,0.9887,0.9848,0.9259,0.7345,0.9274,0.9067,0.8373,0.7969,0.8553,0.685,0.8262,0.9447,0.7852,0.6141,0.9523,0.7259,0.6222,0.6066,0.6107,0.8572,0.5688,0.6278,0.778,0.5043,0.5532,0.3854,0.5947,0.6805,0.5934,0.5218,0.315,0.483,0.2643,0.5278,0.3132,0.2061,0.1675,0.3608,
1.0,0.999,0.9682,0.9672,0.9685,0.9976,0.9955,0.9911,0.9863,0.9214,0.7371,0.929,0.9049,0.8408,0.8039,0.852,0.6952,0.8293,0.9397,0.7855,0.6148,0.9542,0.7267,0.6288,0.611,0.6134,0.8618,0.5702,0.6244,0.7844,0.4961,0.5534,0.3883,0.5908,0.678,0.5797,0.5201,0.3075,0.4812,0.2666,0.5267,0.3093,0.2068,0.1582,0.3643,
1.0,0.9992,0.9717,0.9709,0.9712,0.9978,0.9958,0.9899,0.984,0.9261,0.7425,0.937,0.9102,0.8407,0.8036,0.8639,0.6839,0.8279,0.9413,0.7845,0.6158,0.9518,0.7259,0.6268,0.6139,0.6243,0.8533,0.5739,0.6318,0.7933,0.5078,0.5683,0.3835,0.5917,0.6826,0.5845,0.5174,0.3214,0.4698,0.2661,0.5224,0.3152,0.2123,0.1617,0.3527,
1.0,0.9989,0.9682,0.9671,0.9685,0.9972,0.9949,0.9898,0.9847,0.9205,0.7312,0.9306,0.9043,0.8391,0.8015,0.8522,0.6826,0.825,0.9424,0.7785,0.6115,0.9529,0.7215,0.6245,0.6047,0.6119,0.8547,0.569,0.6143,0.7754,0.5009,0.5501,0.3839,0.5842,0.6728,0.5825,0.5253,0.3116,0.4776,0.2598,0.5208,0.3062,0.2025,0.1664,0.3481,
1.0,0.9987,0.9687,0.9674,0.9705,0.9977,0.9951,0.99,0.9847,0.923,0.7457,0.9315,0.9059,0.8511,0.8123,0.8568,0.7011,0.8366,0.9417,0.785,0.6211,0.9546,0.7262,0.6393,0.61,0.6252,0.8598,0.5835,0.6233,0.7842,0.4962,0.5645,0.3854,0.5936,0.6775,0.5852,0.5254,0.3068,0.4802,0.2645,0.5252,0.3036,0.2024,0.1658,0.3684,
1.0,0.9989,0.9665,0.9654,0.9672,0.996,0.9944,0.9923,0.9876,0.9198,0.7378,0.927,0.904,0.845,0.8106,0.8475,0.6938,0.8345,0.9421,0.781,0.6161,0.9494,0.7238,0.6281,0.611,0.6166,0.8609,0.5803,0.6202,0.7831,0.502,0.5596,0.3963,0.5904,0.6624,0.5812,0.5213,0.3256,0.4845,0.2667,0.5308,0.312,0.2084,0.1682,0.3633,
1.0,0.9983,0.9684,0.9667,0.9726,0.9979,0.9951,0.9894,0.9862,0.924,0.74,0.9341,0.9084,0.84,0.8015,0.8593,0.6832,0.8274,0.9396,0.7826,0.6133,0.9481,0.7227,0.626,0.6097,0.6098,0.854,0.5621,0.6278,0.7808,0.5013,0.5462,0.3895,0.5913,0.6803,0.5828,0.5176,0.3178,0.4832,0.2659,0.5288,0.3091,0.2097,0.1723,0.3543,
1.0,0.999,0.9683,0.9673,0.9702,0.9975,0.9953,0.9891,0.9856,0.9203,0.7319,0.9323,0.9035,0.8359,0.7997,0.8538,0.6775,0.8246,0.9415,0.7769,0.6031,0.9537,0.7177,0.6187,0.6053,0.61,0.8499,0.5589,0.613,0.7795,0.5123,0.5509,0.3929,0.5936,0.6734,0.5742,0.5173,0.3272,0.4761,0.2565,0.5251,0.3153,0.2104,0.1655,0.3517,
1.0,0.9992,0.9682,0.9674,0.9702,0.9971,0.9957,0.9907,0.9847,0.9237,0.7347,0.9319,0.907,0.8395,0.8,0.8575,0.6816,0.8248,0.9376,0.7798,0.6084,0.9501,0.7218,0.6226,0.6064,0.6065,0.8553,0.5619,0.6166,0.7817,0.5042,0.5421,0.3968,0.5837,0.6654,0.5767,0.5182,0.3186,0.4813,0.2532,0.5201,0.3142,0.2076,0.1603,0.3443,
1.0,0.9992,0.9678,0.967,0.9696,0.9981,0.9958,0.99,0.9838,0.9246,0.7322,0.9319,0.9096,0.8349,0.796,0.8587,0.6786,0.8199,0.9377,0.7826,0.6048,0.9532,0.7212,0.6156,0.6026,0.6098,0.8572,0.5555,0.6188,0.7789,0.5006,0.5423,0.3808,0.5832,0.676,0.5814,0.5213,0.3095,0.4784,0.2559,0.5246,0.309,0.21,0.1638,0.3482,
1.0,0.9988,0.966,0.9648,0.9672,0.9973,0.9952,0.9891,0.9833,0.9226,0.7349,0.9264,0.9051,0.8421,0.8018,0.85,0.6876,0.8288,0.9405,0.7812,0.6153,0.953,0.7226,0.6269,0.6062,0.6124,0.8555,0.5651,0.6225,0.7727,0.4977,0.5464,0.3802,0.5931,0.6768,0.5907,0.5227,0.3141,0.4845,0.2655,0.5207,0.3131,0.207,0.1687,0.3597,
1.0,0.999,0.9675,0.9665,0.9668,0.9978,0.9958,0.9913,0.9863,0.9217,0.7357,0.9278,0.9062,0.8396,0.8015,0.8516,0.6881,0.827,0.941,0.7797,0.6083,0.9527,0.7182,0.62,0.6024,0.6089,0.8624,0.5638,0.6208,0.7736,0.4953,0.5485,0.385,0.5976,0.6774,0.582,0.5216,0.3084,0.4788,0.2597,0.5235,0.306,0.2012,0.1639,0.3577,
1.0,0.9988,0.9671,0.9659,0.9692,0.9975,0.9956,0.9923,0.9868,0.9257,0.742,0.9297,0.9117,0.8416,0.8062,0.857,0.6882,0.8285,0.9446,0.7852,0.6173,0.953,0.7203,0.6229,0.6022,0.6185,0.8584,0.5717,0.6194,0.7844,0.5048,0.5491,0.386,0.5832,0.6713,0.5821,0.522,0.3161,0.4766,0.2597,0.5234,0.3102,0.2037,0.1648,0.3573,
1.0,0.9982,0.9694,0.9676,0.9684,0.9972,0.9946,0.9899,0.9836,0.9273,0.7353,0.9291,0.9103,0.8372,0.7984,0.8586,0.6855,0.8238,0.944,0.7848,0.614,0.9554,0.7283,0.6248,0.6117,0.6221,0.8563,0.5693,0.6213,0.787,0.5063,0.5495,0.3873,0.589,0.6736,0.5896,0.5315,0.3127,0.4803,0.2642,0.5212,0.3114,0.2096,0.165,0.3535,
1.0,0.9993,0.9674,0.9667,0.9706,0.9978,0.9964,0.9907,0.9849,0.92,0.7295,0.9312,0.9041,0.8333,0.7919,0.8527,0.6745,0.8215,0.9406,0.7747,0.6034,0.9569,0.7197,0.6185,0.6104,0.6071,0.8545,0.5639,0.6147,0.7793,0.5043,0.5498,0.3919,0.5968,0.675,0.5821,0.5225,0.3101,0.4846,0.2551,0.5195,0.3117,0.203,0.162,0.3555,
1.0,0.9988,0.9691,0.9679,0.9691,0.9973,0.995,0.9894,0.9851,0.9253,0.7346,0.9324,0.9091,0.8363,0.8005,0.8586,0.6836,0.8224,0.9399,0.7871,0.6155,0.9522,0.7287,0.6233,0.6134,0.6116,0.8576,0.5638,0.6306,0.7788,0.5013,0.5453,0.391,0.5941,0.6832,0.5929,0.5274,0.3089,0.4768,0.271,0.5262,0.3104,0.205,0.1679,0.3513,
1.0,0.9985,0.9713,0.9698,0.9701,0.9972,0.9943,0.9905,0.9858,0.9257,0.7319,0.9351,0.9106,0.8333,0.7994,0.8619,0.6873,0.8194,0.938,0.792,0.6076,0.9536,0.7273,0.6204,0.6099,0.6085,0.8594,0.5643,0.6304,0.7866,0.5086,0.55,0.3947,0.5995,0.6831,0.5872,0.5196,0.3108,0.4836,0.2668,0.5291,0.3164,0.2111,0.1607,0.3624,
1.0,0.998,0.9699,0.9679,0.97,0.9962,0.9931,0.9897,0.9844,0.9244,0.737,0.9328,0.9078,0.8404,0.8017,0.8585,0.68,0.8277,0.9374,0.7769,0.6123,0.9544,0.7271,0.624,0.6087,0.6141,0.8493,0.5631,0.618,0.7803,0.5052,0.5498,0.3947,0.5881,0.6797,0.5827,0.5184,0.3174,0.4838,0.2599,0.5265,0.3222,0.2131,0.1678,0.3476,
1.0,0.9989,0.9672,0.9661,0.9714,0.9967,0.9952,0.9904,0.9848,0.9216,0.7424,0.9316,0.9046,0.846,0.8064,0.8548,0.6914,0.8337,0.9451,0.7856,0.6168,0.9537,0.7194,0.6333,0.6011,0.6216,0.8586,0.5793,0.6108,0.78,0.5008,0.5543,0.3844,0.5888,0.6838,0.583,0.5339,0.315,0.4834,0.2625,0.5301,0.31,0.2067,0.1668,0.3576,
1.0,0.9991,0.9682,0.9673,0.9709,0.9981,0.9967,0.9898,0.9836,0.9256,0.7405,0.9328,0.9096,0.8411,0.8006,0.8596,0.6873,0.8286,0.9427,0.7871,0.6125,0.9527,0.7195,0.625,0.6032,0.6201,0.8597,0.5767,0.6197,0.787,0.5101,0.5558,0.3851,0.5922,0.6776,0.5819,0.5286,0.3238,0.4775,0.2626,0.5256,0.3142,0.2118,0.1661,0.3555,
1.0,0.9991,0.9646,0.9637,0.9679,0.9958,0.9934,0.9892,0.9846,0.9262,0.7344,0.9263,0.9072,0.8362,0.7986,0.8537,0.6837,0.8222,0.9426,0.7855,0.6106,0.9441,0.7193,0.6173,0.5932,0.6138,0.8563,0.5639,0.613,0.7795,0.5009,0.5425,0.3834,0.5817,0.6677,0.5788,0.5216,0.3083,0.4787,0.2528,0.5232,0.3094,0.2016,0.1594,0.3501,
1.0,0.9987,0.9661,0.9648,0.9702,0.9975,0.9957,0.9914,0.9861,0.9283,0.7476,0.9289,0.9127,0.8458,0.812,0.8595,0.6954,0.8349,0.9472,0.792,0.6162,0.9536,0.722,0.6277,0.5991,0.6317,0.8576,0.577,0.6163,0.7888,0.5183,0.5549,0.394,0.5902,0.6703,0.5838,0.5238,0.3195,0.4824,0.2596,0.5205,0.3216,0.206,0.1631,0.361,
1.0,0.9994,0.9682,0.9676,0.9688,0.9978,0.9959,0.9912,0.9858,0.9266,0.7348,0.9306,0.9106,0.8338,0.7974,0.8567,0.6873,0.8203,0.9422,0.7876,0.612,0.9515,0.7237,0.6211,0.6041,0.6157,0.8577,0.5708,0.6256,0.787,0.5103,0.5553,0.3826,0.5866,0.6803,0.5881,0.5196,0.3195,0.4803,0.2672,0.5389,0.31,0.2119,0.1647,0.354,
1.0,0.9989,0.9662,0.9651,0.9744,0.9971,0.9953,0.9907,0.9854,0.926,0.734,0.9339,0.9096,0.8322,0.796,0.8614,0.6823,0.8211,0.9431,0.7925,0.6023,0.953,0.7202,0.617,0.6063,0.6168,0.8603,0.5652,0.614,0.7913,0.5091,0.5454,0.3897,0.5945,0.6707,0.578,0.5321,0.3174,0.4828,0.2616,0.5245,0.3167,0.2032,0.1749,0.3509,
1.0,0.9988,0.9671,0.9659,0.9682,0.9978,0.9954,0.9892,0.985,0.9221,0.7314,0.9293,0.9057,0.8364,0.7963,0.8536,0.6701,0.8252,0.9418,0.7689,0.6056,0.9513,0.7165,0.6132,0.5992,0.6044,0.8485,0.5561,0.6189,0.7756,0.5046,0.5439,0.386,0.5924,0.6707,0.5812,0.5201,0.3108,0.4723,0.2531,0.5091,0.3117,0.2028,0.1566,0.3587,
1.0,0.999,0.9661,0.9651,0.9707,0.9969,0.9945,0.9899,0.9845,0.9215,0.7314,0.9295,0.9039,0.8369,0.7968,0.8521,0.6819,0.8227,0.9395,0.7811,0.6061,0.9524,0.7228,0.6202,0.6085,0.6088,0.8578,0.5666,0.6178,0.78,0.503,0.5502,0.3905,0.5898,0.6745,0.5813,0.528,0.3143,0.4826,0.2622,0.5255,0.3104,0.2046,0.1615,0.3525,
1.0,0.9987,0.966,0.9647,0.9698,0.9968,0.9942,0.9892,0.9849,0.9199,0.7363,0.9301,0.9034,0.8423,0.8043,0.8521,0.6837,0.8282,0.9389,0.779,0.6082,0.9518,0.7207,0.6188,0.6053,0.6092,0.8579,0.5637,0.6212,0.7792,0.5043,0.5447,0.3929,0.5977,0.6698,0.5813,0.5132,0.3204,0.4873,0.261,0.518,0.3183,0.2035,0.1606,0.3644,
1.0,0.9993,0.9671,0.9664,0.9705,0.9974,0.9955,0.9901,0.9842,0.9255,0.7374,0.9304,0.9083,0.8378,0.7966,0.8565,0.6833,0.8227,0.9343,0.7816,0.6076,0.9497,0.7214,0.6185,0.5966,0.603,0.854,0.5523,0.62,0.7794,0.4939,0.5439,0.3759,0.5856,0.6742,0.5821,0.5244,0.3053,0.4761,0.2673,0.529,0.3033,0.2069,0.1596,0.3477,
1.0,0.9985,0.9682,0.9667,0.9711,0.9978,0.9953,0.9906,0.9845,0.9227,0.7391,0.9324,0.9079,0.8402,0.8013,0.8568,0.6892,0.8265,0.9378,0.7874,0.6124,0.9548,0.7282,0.6259,0.6088,0.6114,0.8626,0.5625,0.624,0.7789,0.5036,0.5452,0.3917,0.5903,0.6707,0.5826,0.5181,0.3115,0.4839,0.264,0.5185,0.3091,0.2069,0.161,0.3579,
1.0,0.9993,0.9671,0.9664,0.969,0.9962,0.9948,0.9912,0.9853,0.9222,0.737,0.9276,0.9034,0.8399,0.8011,0.851,0.688,0.826,0.9444,0.7831,0.613,0.9486,0.7128,0.6254,0.6035,0.621,0.8571,0.5743,0.6117,0.78,0.5045,0.5563,0.3867,0.5855,0.6736,0.5777,0.522,0.3192,0.474,0.2653,0.5272,0.3057,0.2053,0.1655,0.3551,
1.0,0.9988,0.9665,0.9653,0.9707,0.9972,0.9948,0.9914,0.9871,0.9203,0.7278,0.9301,0.9046,0.8288,0.7934,0.8517,0.6847,0.8163,0.9436,0.7875,0.6021,0.9531,0.7195,0.6158,0.6042,0.6056,0.8631,0.5665,0.6145,0.784,0.5075,0.5431,0.388,0.5861,0.6767,0.5827,0.5246,0.3182,0.4807,0.2519,0.5293,0.3123,0.2036,0.1648,0.3486,
1.0,0.999,0.9675,0.9665,0.9709,0.997,0.9954,0.9903,0.9854,0.9252,0.7374,0.9319,0.9092,0.8381,0.8024,0.8591,0.6824,0.8256,0.9385,0.7848,0.6097,0.9515,0.7267,0.6219,0.6131,0.6143,0.8529,0.5613,0.627,0.784,0.5067,0.5434,0.3899,0.5921,0.6731,0.5859,0.5147,0.321,0.4749,0.2611,0.5231,0.3103,0.2073,0.1649,0.3549,
1.0,0.9985,0.9685,0.967,0.9724,0.9968,0.9942,0.9906,0.9846,0.9267,0.7379,0.9345,0.9118,0.8352,0.7981,0.8622,0.6799,0.8227,0.9418,0.7869,0.6133,0.9555,0.7323,0.6225,0.6106,0.6181,0.8578,0.5577,0.6232,0.7895,0.5095,0.5466,0.3886,0.5918,0.6764,0.5885,0.5119,0.3151,0.4762,0.253,0.5165,0.3172,0.2093,0.1589,0.3559,
1.0,0.9988,0.9669,0.9657,0.9674,0.9969,0.9949,0.9924,0.9861,0.9256,0.737,0.9267,0.9097,0.8428,0.8039,0.8531,0.6906,0.8287,0.9406,0.7836,0.6104,0.9527,0.7177,0.616,0.5958,0.6127,0.855,0.5722,0.6163,0.7769,0.506,0.5543,0.3851,0.5842,0.6715,0.5834,0.5197,0.3198,0.4695,0.2552,0.5263,0.3038,0.2121,0.1571,0.3559,
1.0,0.9991,0.968,0.9671,0.9663,0.9982,0.9965,0.9914,0.9855,0.9232,0.7323,0.9282,0.9079,0.8376,0.8002,0.8528,0.6848,0.8234,0.9421,0.7793,0.6125,0.9538,0.7245,0.6229,0.6109,0.6146,0.8592,0.5639,0.6237,0.7764,0.5032,0.5513,0.3959,0.5901,0.6733,0.584,0.5242,0.3172,0.4803,0.2684,0.5197,0.3075,0.2101,0.164,0.3541,
1.0,0.9994,0.9669,0.9663,0.9703,0.9979,0.9961,0.9922,0.9868,0.9186,0.7311,0.9314,0.9048,0.8356,0.7996,0.8503,0.6832,0.822,0.9401,0.7779,0.6013,0.9566,0.7171,0.6172,0.6056,0.6092,0.8571,0.5636,0.6168,0.7772,0.4956,0.5452,0.3934,0.5909,0.668,0.5723,0.5159,0.3124,0.482,0.2553,0.5187,0.3071,0.1964,0.1641,0.3572,
1.0,0.9977,0.9668,0.9645,0.9709,0.997,0.9933,0.9895,0.9855,0.922,0.7315,0.9308,0.9067,0.8359,0.8006,0.854,0.6839,0.8224,0.9351,0.7865,0.6006,0.9506,0.7221,0.6147,0.6058,0.6106,0.86,0.5673,0.6178,0.7847,0.5027,0.5424,0.3897,0.581,0.6602,0.5746,0.511,0.3111,0.478,0.2585,0.5172,0.3123,0.2078,0.1583,0.3522,
1.0,0.999,0.9663,0.9653,0.9689,0.9976,0.9954,0.9902,0.9836,0.9183,0.7324,0.9295,0.9033,0.8393,0.8003,0.8497,0.6811,0.8258,0.9437,0.776,0.6173,0.9523,0.7252,0.631,0.6127,0.6139,0.8571,0.5667,0.6272,0.7786,0.4974,0.5561,0.3874,0.5904,0.6796,0.5847,0.5185,0.3202,0.4779,0.2582,0.528,0.3095,0.2031,0.1642,0.3579,
1.0,0.9992,0.9679,0.9671,0.9705,0.9975,0.9958,0.9903,0.9841,0.9256,0.7392,0.933,0.9102,0.8416,0.8039,0.8598,0.6862,0.8274,0.9378,0.784,0.6146,0.9517,0.7274,0.6248,0.6085,0.6152,0.8571,0.5682,0.6262,0.7881,0.5008,0.5519,0.39,0.591,0.6672,0.5866,0.5216,0.3117,0.4858,0.2673,0.5324,0.3136,0.2072,0.1705,0.3532,
1.0,0.9991,0.9681,0.9672,0.969,0.9981,0.9965,0.992,0.9848,0.9235,0.7287,0.9311,0.91,0.8343,0.7963,0.8562,0.675,0.8203,0.9404,0.7783,0.6057,0.9559,0.7198,0.6209,0.6092,0.611,0.8509,0.5639,0.6258,0.7826,0.5114,0.5474,0.3907,0.5863,0.6709,0.5834,0.5208,0.3146,0.4671,0.2591,0.5122,0.3121,0.2114,0.1619,0.3446,
1.0,0.9988,0.9663,0.9651,0.9654,0.9978,0.9957,0.9912,0.9848,0.9226,0.7373,0.9248,0.9077,0.8441,0.806,0.8492,0.6852,0.8302,0.94,0.7743,0.6115,0.9557,0.7198,0.62,0.6007,0.6145,0.8525,0.5673,0.6211,0.777,0.5049,0.5568,0.3873,0.5931,0.6776,0.5822,0.5219,0.3226,0.4787,0.2638,0.5232,0.3124,0.2063,0.163,0.3545,
1.0,0.9988,0.9686,0.9674,0.9712,0.9965,0.9943,0.99,0.9838,0.9299,0.7396,0.9338,0.9134,0.8374,0.7978,0.8645,0.6824,0.8237,0.9378,0.7892,0.6064,0.9494,0.7208,0.6153,0.603,0.6171,0.8557,0.5661,0.6271,0.7877,0.5101,0.5471,0.3859,0.5941,0.6674,0.5851,0.5157,0.3177,0.4824,0.2556,0.5228,0.313,0.2124,0.1601,0.3536,
1.0,0.9995,0.9707,0.9702,0.9703,0.9976,0.9957,0.991,0.9843,0.9286,0.7412,0.9366,0.9141,0.839,0.8019,0.8673,0.6825,0.8245,0.9403,0.7872,0.6124,0.9538,0.7239,0.6217,0.6038,0.6178,0.858,0.5669,0.6245,0.7928,0.5132,0.549,0.3874,0.6006,0.6759,0.5848,0.5199,0.3186,0.4859,0.2591,0.5242,0.325,0.2124,0.1579,0.3601,
1.0,0.9986,0.9669,0.9655,0.9716,0.9965,0.994,0.9888,0.9845,0.9205,0.7373,0.9308,0.9018,0.8422,0.8018,0.8529,0.6832,0.8313,0.944,0.7784,0.611,0.9523,0.7186,0.6284,0.6097,0.617,0.8504,0.5735,0.6133,0.779,0.5063,0.5566,0.3919,0.5875,0.674,0.5824,0.5216,0.32,0.4812,0.2549,0.5172,0.3168,0.2027,0.1628,0.3524,
1.0,0.9991,0.968,0.9671,0.9722,0.9974,0.9958,0.9901,0.9838,0.9242,0.734,0.9348,0.9085,0.8336,0.7947,0.8607,0.6781,0.8199,0.9431,0.7869,0.6154,0.9492,0.7262,0.625,0.6152,0.618,0.858,0.5725,0.6273,0.7895,0.5132,0.5606,0.3951,0.5905,0.6814,0.5883,0.5234,0.319,0.4802,0.2626,0.53,0.3184,0.2187,0.1666,0.3481,
1.0,0.9986,0.9628,0.9614,0.9693,0.9973,0.9952,0.9901,0.9853,0.9281,0.7409,0.9248,0.9113,0.8407,0.8016,0.855,0.6828,0.8282,0.9412,0.7856,0.6167,0.9528,0.732,0.6235,0.6066,0.6159,0.8559,0.5652,0.6245,0.7886,0.5059,0.5477,0.3821,0.5876,0.6744,0.5911,0.5172,0.3149,0.4834,0.2669,0.5232,0.3173,0.1986,0.164,0.358,
1.0,0.9987,0.9693,0.968,0.9688,0.9972,0.9948,0.9885,0.9828,0.921,0.7328,0.9303,0.9025,0.8394,0.7962,0.8521,0.6812,0.8249,0.9408,0.7764,0.6122,0.9478,0.7207,0.6272,0.6124,0.6147,0.8548,0.57,0.6212,0.7791,0.5059,0.5578,0.3964,0.5962,0.6734,0.5846,0.5215,0.3195,0.4794,0.2657,0.529,0.3173,0.2124,0.1663,0.3543,
1.0,0.9992,0.9704,0.9696,0.9698,0.9977,0.9958,0.9907,0.9847,0.9207,0.737,0.9337,0.9042,0.8436,0.8062,0.8555,0.6954,0.8299,0.9434,0.784,0.6157,0.9506,0.7192,0.632,0.6031,0.6147,0.862,0.575,0.6201,0.7852,0.5029,0.5602,0.3855,0.5935,0.68,0.5776,0.5248,0.3187,0.4808,0.2663,0.5364,0.308,0.2136,0.1655,0.3661,
1.0,0.9992,0.9683,0.9675,0.9696,0.9964,0.9952,0.9918,0.9849,0.9233,0.7346,0.9321,0.9081,0.8389,0.7999,0.8557,0.6879,0.8253,0.9401,0.7875,0.6114,0.9533,0.7264,0.6267,0.613,0.615,0.8608,0.575,0.6257,0.7816,0.5054,0.5548,0.3883,0.5914,0.6732,0.588,0.5157,0.3203,0.4848,0.26,0.5245,0.3095,0.2042,0.1607,0.3549,
1.0,0.9985,0.966,0.9645,0.972,0.9963,0.9936,0.9907,0.987,0.9188,0.7355,0.9309,0.9026,0.8398,0.8031,0.8513,0.6832,0.8286,0.9469,0.7786,0.6121,0.9522,0.7195,0.6291,0.6062,0.6129,0.8544,0.5715,0.6138,0.7744,0.5037,0.5532,0.3864,0.5815,0.6843,0.5858,0.5258,0.3174,0.4757,0.2554,0.5202,0.303,0.2126,0.1629,0.3512,
1.0,0.9993,0.9669,0.9662,0.9692,0.9975,0.9957,0.9912,0.9849,0.9248,0.7381,0.93,0.9097,0.8416,0.8048,0.856,0.6912,0.8265,0.9389,0.7858,0.608,0.9517,0.7196,0.6201,0.6038,0.6188,0.8615,0.5709,0.6166,0.787,0.5098,0.5541,0.389,0.5952,0.6746,0.5751,0.5239,0.3209,0.4794,0.2629,0.5263,0.3159,0.216,0.1614,0.3587,
1.0,0.9988,0.9675,0.9663,0.9703,0.9986,0.9963,0.9903,0.9852,0.9229,0.7402,0.9309,0.9076,0.8432,0.8054,0.8553,0.6909,0.8304,0.9414,0.7819,0.6099,0.9518,0.7161,0.6209,0.6032,0.6198,0.8596,0.5764,0.6179,0.7878,0.5105,0.557,0.3902,0.5915,0.6786,0.5777,0.5132,0.3255,0.4834,0.2575,0.528,0.3109,0.2183,0.1599,0.3596,
1.0,0.9986,0.9684,0.967,0.9676,0.9979,0.9953,0.9891,0.9845,0.9251,0.7434,0.929,0.9084,0.8476,0.8098,0.8565,0.6942,0.8338,0.94,0.784,0.6204,0.9527,0.7247,0.6303,0.6055,0.6219,0.8517,0.5738,0.6243,0.7785,0.507,0.555,0.3951,0.5882,0.6731,0.5864,0.526,0.3249,0.4808,0.2724,0.5218,0.3073,0.2077,0.1722,0.3531,
1.0,0.9986,0.9663,0.9649,0.9687,0.9974,0.9947,0.9884,0.9834,0.921,0.734,0.9289,0.9043,0.8395,0.8017,0.8504,0.6849,0.8247,0.9385,0.781,0.6092,0.9491,0.7212,0.6206,0.6023,0.6091,0.8565,0.5622,0.617,0.7811,0.5011,0.5509,0.381,0.5901,0.6772,0.579,0.5167,0.3141,0.475,0.2596,0.5253,0.3107,0.2067,0.1575,0.3506,
1.0,0.9983,0.9638,0.9621,0.9686,0.9977,0.9948,0.9898,0.9841,0.9242,0.7342,0.9255,0.9088,0.8391,0.8003,0.851,0.6786,0.8248,0.9398,0.782,0.6108,0.953,0.7228,0.6193,0.5982,0.608,0.8539,0.563,0.6191,0.7795,0.5018,0.5464,0.3821,0.5876,0.6715,0.5835,0.5173,0.3124,0.4757,0.262,0.5212,0.3069,0.2046,0.1603,0.3518,
1.0,0.9992,0.9695,0.9687,0.9708,0.9972,0.9955,0.992,0.9867,0.9235,0.7395,0.9353,0.9097,0.8393,0.8051,0.8603,0.6908,0.8261,0.9426,0.7893,0.619,0.9505,0.7242,0.6333,0.609,0.6162,0.8593,0.5689,0.6294,0.7813,0.5065,0.5486,0.3939,0.5869,0.6693,0.5888,0.5236,0.3172,0.4753,0.2626,0.5278,0.3096,0.2017,0.1726,0.3484,
1.0,0.9992,0.9653,0.9645,0.9718,0.9973,0.9959,0.99,0.9832,0.9259,0.7363,0.9304,0.9086,0.8353,0.7955,0.8577,0.6795,0.821,0.9415,0.7871,0.6061,0.9515,0.722,0.6159,0.6018,0.6181,0.858,0.5667,0.6176,0.7864,0.5136,0.5538,0.3903,0.5956,0.6812,0.5821,0.5281,0.3188,0.4766,0.2622,0.5316,0.3196,0.2157,0.1658,0.3602,
1.0,0.9993,0.9686,0.9679,0.9712,0.9973,0.9955,0.9911,0.9852,0.9254,0.7411,0.9342,0.9102,0.8419,0.8038,0.8604,0.6867,0.8279,0.9412,0.7847,0.6072,0.9578,0.7205,0.6185,0.6023,0.6198,0.8552,0.5707,0.6085,0.7845,0.5206,0.5531,0.3853,0.585,0.6724,0.5793,0.5237,0.3217,0.473,0.2506,0.5198,0.3168,0.2081,0.1576,0.3512,
1.0,0.9983,0.9666,0.9649,0.966,0.9961,0.9935,0.991,0.9844,0.9263,0.7328,0.9256,0.9107,0.8383,0.7994,0.8532,0.6849,0.8229,0.9371,0.7849,0.6106,0.9517,0.7254,0.6163,0.6002,0.6086,0.8602,0.5698,0.6187,0.7831,0.5029,0.5509,0.3826,0.5822,0.6743,0.5798,0.5219,0.3141,0.4797,0.2554,0.5281,0.3103,0.2137,0.1607,0.3557,
1.0,0.9987,0.9694,0.9681,0.9713,0.9976,0.9957,0.9917,0.9851,0.9191,0.7358,0.934,0.9039,0.8425,0.8063,0.8541,0.6914,0.8281,0.9394,0.783,0.6123,0.9544,0.722,0.6303,0.6194,0.62,0.8585,0.5774,0.6217,0.7863,0.5118,0.5595,0.4011,0.5946,0.6757,0.5804,0.5282,0.327,0.4794,0.2675,0.5217,0.3124,0.2096,0.1753,0.3615,
1.0,0.9988,0.9684,0.9672,0.9712,0.997,0.9944,0.9892,0.9848,0.9245,0.7346,0.9329,0.9079,0.8337,0.795,0.8587,0.6785,0.8208,0.9412,0.7831,0.6124,0.9467,0.726,0.6215,0.61,0.6149,0.8547,0.56,0.6281,0.7864,0.504,0.5468,0.3963,0.5873,0.6718,0.5832,0.5109,0.3153,0.4723,0.2609,0.5237,0.3128,0.2086,0.1611,0.3514,
1.0,0.9995,0.9677,0.9672,0.9684,0.9984,0.9971,0.9913,0.9863,0.9223,0.7389,0.93,0.9077,0.8438,0.8051,0.8541,0.6876,0.831,0.9413,0.7752,0.6105,0.9542,0.7193,0.6232,0.6002,0.6126,0.8556,0.5698,0.6144,0.7762,0.5001,0.5544,0.3822,0.5882,0.6894,0.5768,0.5276,0.3179,0.4798,0.2596,0.5323,0.3108,0.21,0.1645,0.3624,
1.0,0.9987,0.9664,0.9651,0.9674,0.9978,0.9957,0.9896,0.9834,0.9204,0.7299,0.9278,0.9048,0.8401,0.8017,0.8497,0.6812,0.8264,0.9433,0.7749,0.6113,0.9555,0.7188,0.6228,0.6045,0.6149,0.8503,0.5665,0.6133,0.7743,0.5038,0.5526,0.3832,0.5825,0.6688,0.5785,0.5272,0.3151,0.4731,0.2596,0.5165,0.308,0.1955,0.1646,0.3477,
1.0,0.9987,0.9656,0.9643,0.9706,0.9975,0.9954,0.991,0.9845,0.9242,0.7389,0.9292,0.9087,0.8423,0.8018,0.8536,0.686,0.8301,0.9407,0.783,0.6145,0.9557,0.7212,0.6236,0.6049,0.6154,0.857,0.5676,0.6174,0.7821,0.497,0.5525,0.3783,0.5931,0.6808,0.5886,0.5215,0.3106,0.486,0.2612,0.5283,0.3117,0.2057,0.1641,0.3569,
1.0,0.9988,0.9699,0.9687,0.9708,0.9977,0.9951,0.99,0.9858,0.9264,0.7418,0.9341,0.9099,0.8417,0.8039,0.8617,0.692,0.8286,0.9373,0.7911,0.6109,0.947,0.7169,0.6255,0.604,0.6178,0.8564,0.5708,0.6203,0.7833,0.5012,0.5535,0.3903,0.5856,0.6689,0.5748,0.513,0.3152,0.4724,0.2667,0.5229,0.3058,0.2144,0.1641,0.351,
1.0,0.9988,0.9667,0.9655,0.972,0.9964,0.9944,0.9917,0.9863,0.9234,0.7448,0.9314,0.9072,0.8454,0.8065,0.8557,0.6909,0.832,0.9408,0.7842,0.6148,0.9536,0.7179,0.629,0.6075,0.6189,0.8561,0.5756,0.6154,0.7851,0.5088,0.5552,0.3908,0.5973,0.68,0.5895,0.526,0.3188,0.4813,0.2662,0.5216,0.3138,0.2123,0.1661,0.3557,
1.0,0.9982,0.9684,0.9666,0.9678,0.9973,0.9949,0.9896,0.983,0.9254,0.7296,0.9285,0.909,0.8345,0.794,0.8551,0.6763,0.8207,0.9369,0.7801,0.6035,0.952,0.7209,0.615,0.6003,0.6059,0.8526,0.5541,0.6196,0.779,0.4995,0.542,0.3865,0.5916,0.6758,0.5757,0.5121,0.3121,0.4784,0.2544,0.5213,0.3037,0.2113,0.1598,0.3526,
1.0,0.9987,0.9678,0.9665,0.9729,0.9966,0.9939,0.9902,0.9845,0.9209,0.7392,0.9343,0.9048,0.842,0.8016,0.8551,0.6848,0.8269,0.9367,0.7791,0.6136,0.9499,0.7251,0.6297,0.6121,0.6155,0.8522,0.5671,0.6263,0.7788,0.4962,0.5543,0.3883,0.5835,0.6774,0.5833,0.5167,0.3133,0.4788,0.2643,0.5284,0.3103,0.21,0.1633,0.3498,
1.0,0.9989,0.9682,0.9671,0.9695,0.9973,0.9958,0.9907,0.985,0.9198,0.7323,0.9325,0.9051,0.8392,0.799,0.8538,0.679,0.8274,0.9421,0.7741,0.6109,0.9527,0.7189,0.6242,0.6122,0.6095,0.8538,0.5656,0.6205,0.775,0.5013,0.5519,0.3958,0.5922,0.6681,0.5803,0.5262,0.32,0.4787,0.2569,0.5193,0.3094,0.2012,0.1627,0.3463,
1.0,0.9991,0.9678,0.9669,0.967,0.9976,0.9955,0.9908,0.9853,0.9295,0.7353,0.9285,0.9131,0.8354,0.7965,0.8591,0.6799,0.821,0.9422,0.7849,0.6135,0.951,0.7245,0.6174,0.603,0.6147,0.8577,0.5662,0.6217,0.7821,0.5018,0.547,0.3919,0.59,0.6743,0.5886,0.5225,0.3177,0.4784,0.2616,0.5224,0.3149,0.2068,0.1668,0.3495,
1.0,0.9991,0.9678,0.9669,0.9705,0.9969,0.9955,0.9914,0.9861,0.9196,0.7337,0.9337,0.9061,0.8384,0.8011,0.8549,0.6833,0.8267,0.942,0.7785,0.6028,0.9531,0.7171,0.6174,0.6037,0.6117,0.8562,0.5633,0.6151,0.7732,0.4972,0.5474,0.3867,0.5872,0.6739,0.5762,0.5226,0.3181,0.4794,0.2546,0.5266,0.3065,0.2067,0.1654,0.3567,
1.0,0.999,0.9697,0.9687,0.9663,0.9972,0.9955,0.9893,0.9846,0.9233,0.735,0.9302,0.9072,0.8409,0.8043,0.8546,0.6861,0.8279,0.9375,0.7799,0.6031,0.951,0.7196,0.6114,0.604,0.6133,0.8544,0.5631,0.6192,0.7758,0.5002,0.5493,0.3879,0.5847,0.6782,0.5792,0.5241,0.3143,0.4726,0.2586,0.5229,0.3108,0.2119,0.1594,0.3549,
1.0,0.9987,0.9684,0.9671,0.97,0.9969,0.9954,0.9917,0.9845,0.9252,0.7402,0.9318,0.9109,0.8419,0.8023,0.8578,0.6836,0.8287,0.9405,0.7822,0.6131,0.9539,0.7239,0.62,0.6084,0.6196,0.8556,0.5705,0.6217,0.783,0.5077,0.5573,0.3871,0.5947,0.6836,0.5819,0.5222,0.3231,0.4775,0.2606,0.5267,0.3145,0.2171,0.1641,0.3585,
1.0,0.9989,0.9699,0.9688,0.9685,0.9974,0.9951,0.9903,0.9849,0.9229,0.7357,0.9315,0.9063,0.8386,0.7971,0.8556,0.6805,0.8235,0.939,0.7737,0.6106,0.9496,0.7183,0.6225,0.6059,0.607,0.8503,0.5586,0.6244,0.7761,0.4991,0.5459,0.383,0.5913,0.6743,0.5855,0.5174,0.3112,0.4703,0.2561,0.5178,0.3028,0.2043,0.1662,0.346,
1.0,0.9991,0.9674,0.9665,0.9714,0.9978,0.9954,0.9909,0.9861,0.9197,0.7389,0.9337,0.9059,0.8408,0.805,0.8533,0.6915,0.827,0.9401,0.7839,0.6135,0.9514,0.7196,0.6271,0.6015,0.6081,0.8605,0.5653,0.6196,0.783,0.5047,0.5474,0.3926,0.5958,0.6771,0.5761,0.5147,0.3123,0.4824,0.2605,0.5266,0.3145,0.2044,0.1566,0.3569,
1.0,0.9984,0.9673,0.9657,0.9699,0.998,0.995,0.9881,0.9831,0.9211,0.7295,0.9294,0.9033,0.8347,0.7949,0.8528,0.6848,0.8201,0.9384,0.787,0.6005,0.9474,0.7127,0.6133,0.5999,0.6055,0.8608,0.5629,0.6197,0.7764,0.5007,0.5414,0.3861,0.5872,0.669,0.578,0.5183,0.3054,0.4771,0.2633,0.525,0.3136,0.2061,0.1558,0.3577,
1.0,0.9989,0.9694,0.9683,0.9736,0.9972,0.9949,0.9899,0.984,0.9207,0.7354,0.9361,0.9039,0.8388,0.7994,0.8583,0.6894,0.8249,0.9359,0.7867,0.6072,0.953,0.7229,0.6279,0.616,0.6097,0.8571,0.5661,0.6267,0.7843,0.5138,0.5534,0.395,0.5886,0.6727,0.5868,0.5248,0.3162,0.4744,0.2663,0.5255,0.3186,0.2133,0.1694,0.3558,
1.0,0.9992,0.9675,0.9667,0.9696,0.9971,0.995,0.9899,0.9831,0.9235,0.7381,0.9317,0.9067,0.8427,0.8032,0.8566,0.6895,0.8271,0.9398,0.7855,0.6185,0.9515,0.7279,0.6325,0.6115,0.6201,0.8586,0.575,0.6288,0.7807,0.5003,0.5611,0.3896,0.594,0.6752,0.5853,0.5234,0.3209,0.4752,0.2732,0.5304,0.3037,0.2072,0.1664,0.3516,
1.0,0.9992,0.9671,0.9663,0.9706,0.9973,0.9957,0.9908,0.9851,0.9229,0.7394,0.9327,0.9086,0.842,0.8058,0.8567,0.6821,0.829,0.9399,0.7818,0.6125,0.9508,0.7204,0.6242,0.6018,0.6122,0.8529,0.5645,0.6265,0.7878,0.509,0.5561,0.3845,0.5994,0.6802,0.5827,0.5155,0.3179,0.4762,0.2645,0.5223,0.3138,0.215,0.1584,0.3555,
1.0,0.9992,0.9666,0.9658,0.971,0.9977,0.9957,0.9914,0.9873,0.927,0.7365,0.9292,0.9093,0.8319,0.7957,0.8573,0.6784,0.818,0.9366,0.7841,0.6031,0.9504,0.7187,0.6141,0.6051,0.6084,0.8528,0.554,0.6229,0.7897,0.5022,0.5407,0.3831,0.5833,0.6724,0.5808,0.5096,0.3014,0.4672,0.2549,0.5175,0.3105,0.2065,0.1561,0.3413,
1.0,0.9987,0.9678,0.9665,0.9704,0.9985,0.9962,0.9904,0.9856,0.925,0.7399,0.9323,0.9113,0.8415,0.8047,0.8583,0.6888,0.8288,0.9428,0.7879,0.6153,0.9542,0.7285,0.6265,0.6063,0.6167,0.8601,0.5693,0.6246,0.7861,0.5067,0.5536,0.3831,0.584,0.6795,0.5903,0.5231,0.3175,0.4725,0.265,0.5285,0.3102,0.2142,0.1598,0.3562,
1.0,0.9992,0.9683,0.9675,0.9698,0.9979,0.9959,0.9925,0.986,0.9215,0.7333,0.9314,0.9069,0.836,0.7987,0.854,0.6896,0.8216,0.9395,0.7853,0.6061,0.9552,0.7202,0.6224,0.6027,0.6045,0.8653,0.5678,0.619,0.7865,0.5016,0.5474,0.3882,0.6002,0.6804,0.5779,0.5281,0.3143,0.4923,0.2634,0.5412,0.3172,0.2063,0.1688,0.3688,
1.0,0.9987,0.9679,0.9666,0.9689,0.9978,0.995,0.9895,0.9838,0.9227,0.7368,0.9296,0.9059,0.8426,0.8025,0.8528,0.6853,0.8293,0.9407,0.7802,0.606,0.9515,0.7145,0.6163,0.5967,0.6184,0.8553,0.5719,0.6047,0.7795,0.5013,0.5547,0.382,0.5869,0.6733,0.5682,0.5151,0.3187,0.4697,0.2505,0.5186,0.3009,0.1999,0.1577,0.3465,
1.0,0.9993,0.9669,0.9662,0.9714,0.9971,0.9953,0.9902,0.9866,0.924,0.7407,0.9312,0.9063,0.8413,0.804,0.857,0.6885,0.8293,0.9404,0.7841,0.6121,0.9508,0.7146,0.6225,0.5997,0.616,0.853,0.5679,0.6151,0.7784,0.5092,0.5527,0.3903,0.5789,0.6712,0.5769,0.5269,0.316,0.4705,0.2653,0.5235,0.308,0.2124,0.1576,0.3506,
1.0,0.9987,0.9675,0.9662,0.9708,0.9975,0.9952,0.9908,0.9849,0.9244,0.7374,0.9326,0.9101,0.8386,0.8008,0.8585,0.6821,0.8246,0.9408,0.7827,0.6139,0.9522,0.7245,0.626,0.6144,0.6181,0.8553,0.5685,0.6274,0.7833,0.5023,0.5567,0.3925,0.5921,0.6779,0.5901,0.5229,0.3118,0.4842,0.2665,0.5246,0.3122,0.2153,0.1641,0.3596,
1.0,0.999,0.9642,0.9632,0.9709,0.9972,0.9948,0.9895,0.9849,0.9215,0.7332,0.9284,0.9036,0.8402,0.7983,0.851,0.675,0.8269,0.9391,0.7728,0.6018,0.9486,0.7166,0.6174,0.5933,0.6057,0.8517,0.5595,0.6077,0.7785,0.4879,0.5454,0.3731,0.5784,0.6598,0.5646,0.5059,0.3078,0.4586,0.2424,0.5114,0.2936,0.1893,0.1509,0.3356,
1.0,0.9987,0.9695,0.9682,0.9676,0.9975,0.9953,0.9912,0.9841,0.9302,0.7376,0.9292,0.9137,0.8401,0.8007,0.8594,0.6884,0.8255,0.9374,0.7871,0.6144,0.9513,0.7232,0.6203,0.6025,0.6103,0.8562,0.5589,0.6287,0.7834,0.5053,0.5489,0.3833,0.5935,0.6734,0.5853,0.5119,0.3116,0.4761,0.2646,0.5248,0.311,0.2051,0.1564,0.3507,
1.0,0.9988,0.9671,0.9659,0.9713,0.9977,0.9956,0.9919,0.9858,0.9268,0.7409,0.9311,0.9117,0.8404,0.8023,0.8585,0.6834,0.8268,0.9395,0.7835,0.6163,0.9558,0.7294,0.6269,0.6154,0.6153,0.855,0.564,0.627,0.7834,0.5021,0.5506,0.3898,0.5828,0.6801,0.5954,0.5263,0.3092,0.4776,0.2644,0.5211,0.3113,0.2071,0.1659,0.3569,
1.0,0.9988,0.9711,0.9699,0.9715,0.9975,0.9953,0.9888,0.9823,0.9241,0.7368,0.9353,0.906,0.8383,0.7972,0.8602,0.6865,0.8242,0.939,0.7858,0.6123,0.9508,0.7207,0.6262,0.6099,0.6182,0.8572,0.5695,0.6244,0.7846,0.5049,0.5572,0.3925,0.5917,0.674,0.5777,0.5268,0.3152,0.4729,0.2611,0.5283,0.3111,0.2104,0.1672,0.352,
1.0,0.999,0.9673,0.9663,0.9684,0.9974,0.9955,0.99,0.984,0.924,0.7323,0.9288,0.9074,0.8359,0.7972,0.8548,0.6812,0.8214,0.9375,0.7803,0.603,0.9512,0.7185,0.6146,0.6014,0.6066,0.8551,0.5626,0.6202,0.7826,0.5059,0.5438,0.3807,0.5862,0.6717,0.5778,0.5162,0.3142,0.4666,0.2522,0.5175,0.306,0.2076,0.1475,0.3466,
1.0,0.9986,0.9657,0.9643,0.9693,0.9978,0.9954,0.9904,0.9847,0.922,0.7354,0.9282,0.907,0.84,0.7995,0.8508,0.6821,0.8265,0.9444,0.7781,0.6144,0.9524,0.7243,0.6242,0.6045,0.6158,0.858,0.5688,0.6129,0.779,0.4863,0.5494,0.38,0.585,0.6659,0.5846,0.5269,0.3058,0.4779,0.2557,0.5198,0.3006,0.1955,0.1675,0.3485,
1.0,0.9988,0.9676,0.9664,0.9674,0.9968,0.9951,0.9902,0.9841,0.9272,0.7331,0.9292,0.9117,0.8365,0.7987,0.8573,0.6803,0.8243,0.9434,0.7826,0.6172,0.9551,0.7309,0.6241,0.6092,0.6146,0.8538,0.5676,0.6253,0.7835,0.5093,0.5522,0.3866,0.5955,0.678,0.5897,0.5245,0.3232,0.4807,0.2622,0.5263,0.31,0.2145,0.1695,0.358,
1.0,0.9988,0.9696,0.9684,0.968,0.9975,0.9943,0.9905,0.9856,0.9222,0.738,0.9309,0.9064,0.8442,0.8057,0.8539,0.6966,0.8291,0.9398,0.7832,0.6154,0.9552,0.7236,0.6294,0.6086,0.6172,0.86,0.5774,0.625,0.7803,0.5014,0.5605,0.3918,0.5937,0.6782,0.577,0.5223,0.3226,0.4767,0.2617,0.5244,0.3127,0.2058,0.1628,0.3577,
1.0,0.9989,0.9642,0.9631,0.97,0.9969,0.9949,0.9906,0.985,0.9223,0.7424,0.9267,0.905,0.8447,0.8052,0.8508,0.6882,0.8318,0.9429,0.7794,0.621,0.9504,0.7246,0.6352,0.6082,0.6192,0.8585,0.5681,0.6215,0.7766,0.4966,0.5505,0.3823,0.5818,0.6727,0.5881,0.5257,0.3161,0.4754,0.2676,0.5155,0.303,0.2051,0.1617,0.3456,
1.0,0.9984,0.9689,0.9673,0.97,0.9974,0.9949,0.9893,0.9842,0.9221,0.7295,0.9315,0.9048,0.8348,0.7965,0.8541,0.6813,0.8219,0.9401,0.7837,0.6054,0.9486,0.7173,0.6182,0.6052,0.6071,0.8565,0.5653,0.6234,0.7839,0.5055,0.5495,0.3855,0.5915,0.679,0.5791,0.5181,0.3191,0.4737,0.2623,0.5309,0.3109,0.2144,0.1602,0.3571,
1.0,0.9989,0.9694,0.9683,0.9683,0.9971,0.9949,0.9896,0.9837,0.9254,0.7377,0.9303,0.9067,0.8411,0.8008,0.8566,0.6836,0.8287,0.9423,0.7804,0.612,0.9562,0.7259,0.6245,0.6074,0.6184,0.8526,0.573,0.6199,0.7849,0.5105,0.5587,0.3777,0.5961,0.6812,0.5832,0.5207,0.3223,0.4812,0.2555,0.5265,0.3091,0.2024,0.1628,0.3559,
1.0,0.9989,0.9685,0.9674,0.9703,0.9971,0.995,0.9921,0.9869,0.9239,0.7374,0.9309,0.908,0.8357,0.7998,0.8558,0.6853,0.8242,0.9423,0.7859,0.6061,0.9551,0.7249,0.6192,0.6102,0.6148,0.8606,0.5634,0.6119,0.7882,0.5008,0.5513,0.3875,0.5908,0.6794,0.5843,0.5271,0.3133,0.48,0.2614,0.5223,0.3118,0.2127,0.1666,0.3519,
1.0,0.9987,0.9695,0.9682,0.9683,0.9971,0.9949,0.9895,0.9837,0.9289,0.7399,0.9313,0.9124,0.8401,0.7981,0.8608,0.6813,0.8262,0.941,0.7817,0.6148,0.9505,0.7255,0.6223,0.6003,0.6151,0.8555,0.5648,0.623,0.782,0.5058,0.5481,0.3835,0.585,0.6665,0.5831,0.517,0.3103,0.4755,0.2558,0.5187,0.3096,0.2064,0.1572,0.3502,
1.0,0.9986,0.969,0.9676,0.9698,0.9968,0.9949,0.9912,0.9856,0.9251,0.7387,0.9318,0.9093,0.8404,0.8025,0.8584,0.684,0.8277,0.9388,0.7808,0.6095,0.9516,0.7158,0.6199,0.5992,0.6152,0.8528,0.5652,0.6154,0.7838,0.5001,0.5529,0.3859,0.5924,0.6736,0.5749,0.5041,0.3212,0.4764,0.2545,0.523,0.3091,0.2056,0.1639,0.3561,
1.0,0.9989,0.9697,0.9686,0.9709,0.9962,0.9939,0.9903,0.9848,0.9212,0.7354,0.934,0.9042,0.8399,0.8017,0.856,0.6866,0.8267,0.94,0.7818,0.6087,0.951,0.7237,0.6264,0.61,0.6097,0.8593,0.5663,0.6214,0.7827,0.5013,0.554,0.3928,0.5993,0.6812,0.5824,0.5208,0.3095,0.4853,0.2597,0.5312,0.3095,0.2069,0.161,0.3644,
1.0,0.999,0.9679,0.9669,0.9689,0.9979,0.9956,0.9905,0.9856,0.9248,0.7344,0.9308,0.91,0.8362,0.7969,0.8572,0.6779,0.8228,0.9413,0.7799,0.6058,0.9525,0.7238,0.6182,0.6115,0.6152,0.8561,0.5637,0.6271,0.782,0.5076,0.5554,0.395,0.6012,0.682,0.5862,0.5216,0.3215,0.4768,0.2603,0.5248,0.32,0.2116,0.1645,0.3563,
1.0,0.9979,0.9701,0.968,0.9661,0.9972,0.9936,0.9891,0.9836,0.9249,0.7293,0.9291,0.909,0.8337,0.7958,0.8559,0.6826,0.8186,0.9355,0.7847,0.6075,0.951,0.7283,0.6144,0.6046,0.6034,0.8635,0.5642,0.6175,0.7874,0.4985,0.5413,0.3888,0.5881,0.6694,0.5766,0.5127,0.3116,0.4775,0.2537,0.5226,0.3118,0.2019,0.1595,0.3527,
1.0,0.9986,0.9683,0.9669,0.9697,0.9975,0.9955,0.9913,0.9841,0.925,0.7313,0.9296,0.9082,0.8319,0.7904,0.8558,0.6799,0.8174,0.9396,0.7841,0.6048,0.9542,0.7217,0.6189,0.609,0.609,0.8601,0.5609,0.6182,0.7824,0.4991,0.545,0.3867,0.5921,0.6723,0.5813,0.5274,0.3084,0.4774,0.2621,0.5213,0.3038,0.2036,0.1668,0.3478,
1.0,0.9991,0.9665,0.9656,0.9664,0.9971,0.9957,0.9909,0.9855,0.9256,0.7375,0.9251,0.9085,0.8432,0.8048,0.852,0.6928,0.8311,0.9415,0.7831,0.6129,0.9536,0.7198,0.6206,0.6029,0.6137,0.857,0.5736,0.6219,0.7815,0.5024,0.5583,0.3841,0.5982,0.6801,0.5909,0.523,0.3239,0.4828,0.2677,0.5288,0.312,0.2142,0.1587,0.3655,
1.0,0.999,0.9696,0.9686,0.9752,0.9977,0.996,0.9917,0.9861,0.9266,0.7446,0.9377,0.9107,0.8392,0.8015,0.865,0.6873,0.8259,0.9422,0.7899,0.6199,0.9546,0.7301,0.6338,0.6175,0.6226,0.8575,0.5688,0.63,0.7939,0.5162,0.5568,0.4021,0.5995,0.6837,0.5846,0.5172,0.3159,0.4855,0.2672,0.5275,0.3203,0.2155,0.1682,0.3573,
1.0,0.9985,0.9679,0.9664,0.9682,0.997,0.9942,0.9917,0.9856,0.9223,0.7328,0.9292,0.9074,0.8386,0.8021,0.8529,0.685,0.8236,0.9396,0.7827,0.6047,0.9531,0.7154,0.6159,0.5975,0.6114,0.8554,0.5656,0.6171,0.7826,0.5115,0.551,0.3877,0.5914,0.6759,0.5746,0.5171,0.3208,0.486,0.2553,0.5357,0.3148,0.212,0.1618,0.3565,
1.0,0.9988,0.9677,0.9665,0.9677,0.9974,0.9947,0.9902,0.9858,0.9236,0.7353,0.9293,0.9077,0.8391,0.8039,0.8536,0.6854,0.825,0.9354,0.7809,0.6069,0.9516,0.7219,0.6149,0.6027,0.6106,0.8611,0.5632,0.6136,0.7851,0.5024,0.5446,0.3893,0.5925,0.6692,0.5739,0.5144,0.3101,0.4786,0.2549,0.5237,0.319,0.2124,0.1586,0.3596,
1.0,0.9993,0.968,0.9673,0.9726,0.9971,0.9954,0.991,0.9854,0.9247,0.7379,0.9334,0.9079,0.8382,0.7995,0.8597,0.6839,0.8251,0.9412,0.7839,0.6062,0.9496,0.7177,0.6216,0.6004,0.6167,0.858,0.5626,0.615,0.7884,0.5153,0.549,0.393,0.5894,0.6741,0.5733,0.5195,0.3253,0.4725,0.2613,0.5269,0.3193,0.2089,0.1618,0.3463,
1.0,0.9985,0.9696,0.9681,0.9698,0.9975,0.9949,0.9895,0.9846,0.9219,0.7366,0.9326,0.9061,0.8416,0.8033,0.8548,0.6831,0.8284,0.9395,0.7793,0.615,0.9533,0.7245,0.6271,0.6103,0.6103,0.8502,0.5615,0.6191,0.7786,0.5003,0.5444,0.3994,0.5908,0.6717,0.575,0.5196,0.3216,0.4756,0.2553,0.5208,0.3101,0.199,0.1687,0.3512,
1.0,0.9987,0.9683,0.967,0.969,0.998,0.9956,0.9902,0.9852,0.9213,0.7287,0.9298,0.905,0.8345,0.7931,0.8525,0.6798,0.8219,0.9391,0.7786,0.6028,0.9549,0.7209,0.6158,0.6089,0.6036,0.8596,0.5642,0.62,0.7749,0.4981,0.545,0.3904,0.5906,0.6701,0.5781,0.5197,0.3182,0.4765,0.253,0.5236,0.3093,0.1959,0.1624,0.35,
1.0,0.9983,0.9687,0.967,0.9693,0.9979,0.9952,0.9892,0.9836,0.9247,0.7339,0.931,0.9089,0.8378,0.7996,0.8574,0.6825,0.823,0.9402,0.7838,0.6118,0.9514,0.7265,0.6238,0.612,0.6126,0.8588,0.5677,0.622,0.7847,0.5077,0.5501,0.3919,0.5847,0.6762,0.5864,0.5226,0.316,0.4819,0.255,0.5306,0.3136,0.2076,0.1654,0.3528,
1.0,0.9992,0.9708,0.97,0.9701,0.9981,0.9961,0.9904,0.9843,0.9264,0.7403,0.9344,0.9103,0.8416,0.8015,0.8612,0.6857,0.8281,0.938,0.7809,0.6151,0.9538,0.7303,0.6261,0.6174,0.619,0.855,0.5698,0.6306,0.7869,0.5008,0.5589,0.3909,0.5903,0.6747,0.5816,0.513,0.3181,0.4816,0.2656,0.5289,0.3076,0.2036,0.1634,0.3565,
1.0,0.999,0.9642,0.9632,0.9704,0.9976,0.996,0.9916,0.9865,0.9258,0.7357,0.9285,0.9111,0.8346,0.7981,0.8547,0.6816,0.8203,0.9419,0.7848,0.6076,0.9504,0.7208,0.6172,0.6,0.61,0.8565,0.5579,0.6177,0.7847,0.5145,0.5405,0.3933,0.5847,0.6696,0.583,0.5199,0.3139,0.475,0.2635,0.5154,0.3201,0.2043,0.1566,0.3503,
1.0,0.9986,0.9685,0.9671,0.9701,0.9978,0.9954,0.9895,0.984,0.9277,0.7404,0.9315,0.9113,0.8416,0.8,0.8602,0.6847,0.8293,0.9401,0.7826,0.6157,0.9533,0.7278,0.6263,0.6071,0.616,0.8587,0.5695,0.6206,0.7856,0.5044,0.5534,0.3948,0.5871,0.6647,0.5791,0.5134,0.3215,0.4727,0.2539,0.5173,0.3089,0.2085,0.1652,0.3522,
1.0,0.9986,0.9699,0.9685,0.9699,0.9978,0.9947,0.9891,0.986,0.9241,0.7346,0.933,0.9072,0.837,0.7993,0.8577,0.6849,0.8244,0.9401,0.7843,0.6047,0.9519,0.7204,0.6176,0.6056,0.6108,0.8576,0.5662,0.6148,0.7833,0.5036,0.5526,0.3881,0.5885,0.6672,0.5749,0.5152,0.3115,0.474,0.2499,0.5164,0.3097,0.2026,0.1569,0.351,
1.0,0.9993,0.9656,0.9649,0.9652,0.9974,0.9955,0.9915,0.9857,0.9201,0.7346,0.9245,0.9043,0.8445,0.8068,0.8462,0.6872,0.8291,0.9413,0.7742,0.6129,0.9512,0.7207,0.6219,0.6084,0.6186,0.856,0.58,0.6174,0.7785,0.4983,0.565,0.3946,0.5924,0.6692,0.5822,0.5196,0.3176,0.4814,0.2648,0.5231,0.3084,0.2056,0.1676,0.3594,
1.0,0.9987,0.965,0.9637,0.9702,0.9968,0.9948,0.9908,0.9853,0.9204,0.7352,0.9279,0.9042,0.8413,0.8043,0.8498,0.6821,0.8283,0.939,0.7747,0.6076,0.9523,0.7201,0.6227,0.6079,0.6153,0.8522,0.5637,0.6121,0.7815,0.5039,0.5491,0.3922,0.5895,0.6667,0.5783,0.5171,0.3163,0.4697,0.2562,0.5086,0.3096,0.1981,0.1617,0.3501,
1.0,0.9987,0.9648,0.9635,0.9711,0.9968,0.9947,0.99,0.984,0.9247,0.7347,0.9282,0.9062,0.8395,0.8002,0.8535,0.6822,0.8282,0.9432,0.7855,0.6133,0.9504,0.7232,0.6265,0.6076,0.6199,0.8553,0.5716,0.616,0.7836,0.5085,0.5584,0.39,0.5866,0.6716,0.5826,0.525,0.3189,0.4791,0.2625,0.5278,0.3114,0.2119,0.1627,0.3543,
1.0,0.9993,0.9688,0.9681,0.9664,0.9967,0.9949,0.9915,0.9861,0.9214,0.7323,0.9306,0.907,0.8399,0.7998,0.8527,0.6825,0.8262,0.9392,0.7752,0.6089,0.9536,0.723,0.6202,0.6066,0.6022,0.8583,0.5679,0.6214,0.7752,0.4993,0.5521,0.386,0.5901,0.6718,0.5841,0.5204,0.3161,0.4795,0.2619,0.5237,0.3061,0.2053,0.1614,0.3552,
1.0,0.9986,0.9704,0.969,0.9687,0.9977,0.9949,0.9901,0.9852,0.9213,0.7357,0.9311,0.9047,0.8423,0.8028,0.853,0.6852,0.8274,0.94,0.7739,0.6183,0.9518,0.7227,0.6316,0.6089,0.6092,0.851,0.5583,0.6264,0.7749,0.4966,0.5476,0.3902,0.5906,0.6804,0.5879,0.5178,0.3144,0.4743,0.2637,0.5191,0.3106,0.205,0.1615,0.3558,
1.0,0.9987,0.9649,0.9636,0.9698,0.9975,0.9957,0.9911,0.9865,0.926,0.7358,0.9282,0.9109,0.834,0.7983,0.855,0.6743,0.8215,0.9414,0.7814,0.6065,0.9564,0.7229,0.6122,0.5999,0.6141,0.8495,0.5597,0.6217,0.7873,0.5131,0.5454,0.3867,0.5934,0.674,0.5885,0.5269,0.3152,0.4835,0.2656,0.5243,0.3179,0.2094,0.1656,0.3528,
1.0,0.9992,0.9693,0.9685,0.9677,0.9969,0.9955,0.9915,0.9865,0.9292,0.7367,0.9301,0.9129,0.834,0.7989,0.8603,0.6843,0.8215,0.9376,0.7896,0.6108,0.9514,0.7334,0.6171,0.6077,0.6064,0.8599,0.5534,0.6314,0.7899,0.5169,0.538,0.3972,0.6001,0.6787,0.5925,0.5214,0.3195,0.4852,0.2717,0.5356,0.3262,0.222,0.1612,0.3635,
1.0,0.999,0.9678,0.9668,0.9691,0.9973,0.9956,0.9911,0.9855,0.9233,0.7384,0.9297,0.9072,0.8406,0.804,0.854,0.6914,0.8283,0.9429,0.7861,0.6152,0.9527,0.7282,0.6306,0.6142,0.6226,0.8621,0.5776,0.6238,0.786,0.5069,0.5617,0.3955,0.5902,0.6805,0.5922,0.526,0.3297,0.481,0.2628,0.5276,0.3193,0.2038,0.1638,0.3577,
1.0,0.9991,0.9676,0.9667,0.9699,0.9976,0.9952,0.9895,0.9836,0.9208,0.7347,0.9315,0.9043,0.8411,0.8017,0.8541,0.6871,0.8273,0.9369,0.7829,0.6122,0.95,0.7162,0.6264,0.6023,0.6123,0.8559,0.5647,0.6155,0.7756,0.5005,0.5461,0.3884,0.5806,0.6648,0.571,0.5164,0.3135,0.4685,0.26,0.5124,0.2996,0.2086,0.1597,0.3456,
1.0,0.999,0.967,0.966,0.9716,0.9975,0.9956,0.9923,0.988,0.9279,0.7464,0.9332,0.9147,0.8418,0.8074,0.8612,0.6907,0.8287,0.9434,0.7885,0.6205,0.9533,0.7297,0.6297,0.6081,0.6229,0.8597,0.5689,0.6237,0.7905,0.5095,0.5524,0.3906,0.5843,0.67,0.59,0.5282,0.3204,0.4749,0.2621,0.5189,0.3139,0.2081,0.1666,0.3536,
1.0,0.9993,0.9662,0.9655,0.9668,0.9972,0.9953,0.9907,0.9848,0.9232,0.731,0.9264,0.906,0.8397,0.802,0.851,0.6838,0.8253,0.9388,0.7824,0.6136,0.9509,0.7267,0.6239,0.6003,0.6054,0.855,0.568,0.6216,0.782,0.5017,0.5457,0.3791,0.5812,0.6668,0.5866,0.5163,0.3127,0.4767,0.2609,0.5153,0.3088,0.2021,0.1594,0.3517,
1.0,0.9984,0.9687,0.9671,0.9676,0.9969,0.9941,0.9893,0.9829,0.9254,0.7346,0.9288,0.9077,0.8412,0.8013,0.8546,0.683,0.8263,0.9416,0.7804,0.6132,0.9507,0.7205,0.624,0.6042,0.6198,0.8522,0.5741,0.6201,0.784,0.5128,0.5637,0.3882,0.5939,0.6771,0.5842,0.524,0.3287,0.4796,0.2621,0.5255,0.3167,0.2122,0.1639,0.3555,
1.0,0.9989,0.9672,0.9661,0.9699,0.9972,0.9951,0.9917,0.987,0.9244,0.7398,0.9314,0.9102,0.8419,0.8063,0.8567,0.6892,0.8277,0.9421,0.7847,0.6108,0.949,0.7116,0.6206,0.5983,0.6225,0.858,0.576,0.6103,0.7797,0.5035,0.5556,0.3882,0.5834,0.6692,0.5758,0.5233,0.3207,0.4746,0.2527,0.5281,0.3105,0.2049,0.1655,0.3486,
1.0,0.9987,0.9682,0.9669,0.9698,0.9975,0.995,0.9899,0.9855,0.926,0.7343,0.9314,0.9094,0.8365,0.7998,0.8584,0.6798,0.8251,0.9382,0.7847,0.61,0.9554,0.7304,0.6215,0.6129,0.6124,0.8536,0.568,0.6226,0.7907,0.5062,0.5514,0.3855,0.5923,0.6753,0.588,0.5205,0.3164,0.4843,0.2669,0.531,0.3203,0.211,0.1661,0.3564,
1.0,0.9982,0.9681,0.9663,0.9701,0.9976,0.9945,0.9893,0.9837,0.9258,0.7322,0.9307,0.9096,0.8352,0.7952,0.8576,0.6766,0.821,0.94,0.7835,0.6043,0.9537,0.7206,0.6139,0.6028,0.608,0.8569,0.5588,0.6116,0.7868,0.5084,0.5395,0.3868,0.5895,0.6713,0.579,0.5144,0.3156,0.4814,0.252,0.5119,0.3149,0.212,0.1581,0.3494,
1.0,0.9995,0.9715,0.971,0.9709,0.9961,0.9941,0.9919,0.9867,0.9173,0.7347,0.9354,0.9001,0.843,0.8051,0.8538,0.6946,0.8287,0.9366,0.7794,0.5994,0.9524,0.71,0.6233,0.5996,0.6062,0.8565,0.5673,0.6041,0.7723,0.4979,0.5474,0.3824,0.5774,0.6742,0.563,0.5275,0.3061,0.4706,0.254,0.525,0.2986,0.2094,0.1636,0.3534,
1.0,0.9995,0.9699,0.9694,0.9686,0.9969,0.9952,0.9895,0.9843,0.929,0.7432,0.9336,0.9125,0.841,0.8015,0.8628,0.6845,0.8269,0.9413,0.7847,0.6174,0.9525,0.7306,0.6253,0.6068,0.6211,0.8551,0.5711,0.6242,0.7818,0.5035,0.5591,0.3851,0.5882,0.6849,0.5855,0.5186,0.3116,0.4829,0.2576,0.5246,0.3079,0.2118,0.1674,0.3582,
1.0,0.9987,0.9661,0.9648,0.9699,0.9973,0.995,0.9906,0.9857,0.925,0.7365,0.93,0.9098,0.8367,0.7998,0.8565,0.6811,0.8235,0.9401,0.7829,0.6111,0.9529,0.723,0.6183,0.5951,0.6078,0.8578,0.5618,0.6145,0.7896,0.5069,0.5436,0.386,0.5928,0.6695,0.5793,0.5207,0.3134,0.4748,0.2619,0.5199,0.3123,0.2071,0.1572,0.3541,
1.0,0.9987,0.9696,0.9683,0.9664,0.9976,0.9958,0.9906,0.9837,0.9256,0.7323,0.9295,0.91,0.8381,0.798,0.8557,0.6835,0.8232,0.9363,0.7819,0.6117,0.9526,0.7302,0.6215,0.612,0.6092,0.861,0.5649,0.6264,0.7837,0.5051,0.5529,0.3905,0.5903,0.68,0.5892,0.5232,0.3201,0.4834,0.2654,0.5304,0.314,0.215,0.1713,0.352,
1.0,0.9983,0.9684,0.9667,0.9698,0.9974,0.9942,0.9912,0.9861,0.9212,0.7317,0.931,0.906,0.8367,0.8004,0.8543,0.6872,0.8231,0.941,0.7854,0.6049,0.9558,0.7185,0.616,0.6104,0.6109,0.8592,0.5701,0.6163,0.7818,0.5024,0.5526,0.3884,0.5937,0.6754,0.5819,0.5308,0.3189,0.482,0.2627,0.5272,0.3052,0.2039,0.1687,0.3525,
1.0,0.9985,0.9681,0.9666,0.9721,0.9977,0.9955,0.9912,0.9859,0.924,0.7365,0.9335,0.9096,0.8348,0.7992,0.8579,0.6787,0.8223,0.9407,0.7819,0.6034,0.9547,0.7197,0.6144,0.61,0.6128,0.8554,0.5621,0.6216,0.7891,0.5048,0.5519,0.3888,0.5944,0.6731,0.5831,0.5244,0.3075,0.4832,0.2603,0.525,0.3186,0.2127,0.1616,0.3583,
1.0,0.9987,0.9684,0.9671,0.9703,0.9972,0.9947,0.9902,0.9848,0.9291,0.7417,0.9313,0.9117,0.8388,0.7997,0.8613,0.6881,0.8246,0.9381,0.7912,0.6144,0.9524,0.7301,0.6236,0.614,0.6177,0.8591,0.569,0.6344,0.7889,0.5068,0.5573,0.3929,0.5984,0.6784,0.5958,0.5261,0.3128,0.4799,0.2755,0.5313,0.3202,0.2093,0.1699,0.3603,
1.0,0.9991,0.9659,0.965,0.9685,0.9979,0.9959,0.991,0.9844,0.9207,0.7309,0.9283,0.9064,0.8383,0.8008,0.8514,0.6854,0.8238,0.9383,0.7821,0.6051,0.9516,0.7151,0.6179,0.6018,0.612,0.8582,0.5719,0.6203,0.7723,0.4956,0.5483,0.3808,0.5824,0.6735,0.5808,0.5257,0.3179,0.4752,0.2581,0.5354,0.2989,0.2096,0.1634,0.3507,
1.0,0.9995,0.9666,0.9661,0.9693,0.9964,0.9948,0.99,0.9843,0.9238,0.7408,0.9303,0.906,0.8425,0.8048,0.855,0.6859,0.8304,0.9413,0.7812,0.6202,0.9498,0.7274,0.6274,0.6055,0.6177,0.8524,0.5705,0.6277,0.7854,0.509,0.5562,0.3869,0.5893,0.6669,0.5876,0.5204,0.3193,0.4681,0.2696,0.5233,0.3081,0.21,0.1614,0.3527,
1.0,0.9986,0.9673,0.9659,0.9711,0.9971,0.995,0.99,0.9829,0.9218,0.7335,0.9317,0.9056,0.838,0.7991,0.8555,0.6845,0.8239,0.9389,0.7859,0.6098,0.9538,0.7207,0.6216,0.6132,0.6158,0.8606,0.5719,0.6194,0.7822,0.5126,0.549,0.3966,0.5903,0.6754,0.5808,0.5239,0.3264,0.4771,0.2621,0.5257,0.3147,0.2119,0.1636,0.3578,
1.0,0.9985,0.9696,0.9681,0.9693,0.9963,0.9942,0.9914,0.9854,0.9289,0.7398,0.9312,0.9121,0.8381,0.8003,0.8602,0.6921,0.8259,0.9433,0.791,0.6189,0.9544,0.7276,0.6253,0.6095,0.622,0.8608,0.5765,0.6317,0.7882,0.5145,0.5588,0.3919,0.5961,0.6826,0.5886,0.5252,0.3175,0.4782,0.2671,0.5333,0.3135,0.2144,0.1644,0.3514,
1.0,0.999,0.9692,0.9682,0.9718,0.9975,0.9947,0.99,0.9834,0.9241,0.7413,0.9334,0.9065,0.8448,0.8046,0.86,0.6908,0.8293,0.9347,0.7859,0.6129,0.9548,0.7271,0.6275,0.6159,0.6178,0.8582,0.5727,0.6212,0.7828,0.4992,0.5576,0.3929,0.5952,0.6702,0.5818,0.5131,0.3126,0.4833,0.2599,0.5251,0.3096,0.2066,0.1598,0.3634,
1.0,0.9991,0.9664,0.9655,0.9693,0.997,0.9953,0.9903,0.9832,0.9229,0.7338,0.9299,0.9068,0.8372,0.7959,0.8549,0.6807,0.8233,0.9407,0.7821,0.6129,0.9521,0.7249,0.6246,0.605,0.6164,0.859,0.5701,0.6154,0.7792,0.5034,0.5482,0.3919,0.5867,0.668,0.5821,0.5241,0.3179,0.479,0.2583,0.5249,0.3126,0.2003,0.1658,0.3509,
1.0,0.9995,0.9658,0.9653,0.9699,0.9967,0.9954,0.991,0.984,0.9239,0.7388,0.9304,0.9076,0.8414,0.801,0.8546,0.686,0.8275,0.9381,0.7862,0.6191,0.9549,0.7318,0.6296,0.6209,0.6168,0.8597,0.573,0.6293,0.7774,0.4987,0.5536,0.3915,0.5913,0.6703,0.5926,0.5156,0.3133,0.4846,0.2655,0.5229,0.3094,0.2031,0.1588,0.3551,
1.0,0.9985,0.9657,0.9642,0.971,0.9978,0.9953,0.9905,0.9846,0.9217,0.7354,0.9296,0.9062,0.8386,0.7985,0.8533,0.6792,0.8254,0.9453,0.7809,0.6096,0.9562,0.7184,0.6208,0.6115,0.6201,0.857,0.5732,0.6153,0.7793,0.5077,0.5548,0.3831,0.5926,0.6782,0.5855,0.5264,0.3267,0.4794,0.2571,0.5218,0.3118,0.2028,0.166,0.3488,
1.0,0.999,0.9688,0.9678,0.9691,0.9967,0.9945,0.9899,0.9845,0.9268,0.7349,0.9325,0.9099,0.8355,0.7971,0.8602,0.6765,0.824,0.9401,0.7809,0.6132,0.9503,0.7256,0.6185,0.6075,0.6133,0.8498,0.5636,0.629,0.782,0.504,0.5497,0.3868,0.5901,0.6644,0.5811,0.5149,0.3171,0.4754,0.2629,0.5156,0.3083,0.2044,0.1556,0.342,
1.0,0.999,0.9691,0.9681,0.9688,0.9979,0.9959,0.9897,0.9838,0.9231,0.7264,0.9312,0.9067,0.831,0.7914,0.8548,0.6764,0.8183,0.9394,0.7812,0.6026,0.9546,0.722,0.6142,0.6068,0.6036,0.8546,0.5581,0.6228,0.7809,0.5057,0.5446,0.3887,0.6029,0.6768,0.5836,0.5244,0.3101,0.4779,0.2636,0.5231,0.3144,0.2065,0.1628,0.3569,
1.0,0.9993,0.9663,0.9656,0.9702,0.9962,0.9946,0.9906,0.9845,0.9239,0.739,0.9311,0.9076,0.8433,0.8041,0.8567,0.6842,0.8283,0.9371,0.7805,0.6132,0.9503,0.7244,0.6263,0.6074,0.6162,0.8518,0.5718,0.6226,0.7806,0.5053,0.5609,0.3866,0.5915,0.6795,0.5897,0.5206,0.322,0.4742,0.263,0.5261,0.3099,0.205,0.1688,0.3488,
1.0,0.9987,0.9692,0.9679,0.9697,0.9972,0.9947,0.99,0.9843,0.9224,0.7378,0.9316,0.9053,0.8423,0.802,0.8553,0.6833,0.8282,0.9433,0.778,0.6173,0.9516,0.7227,0.6315,0.606,0.6199,0.8517,0.5701,0.6135,0.7802,0.5085,0.5583,0.3916,0.5833,0.6732,0.5861,0.5208,0.321,0.4735,0.2589,0.5159,0.3108,0.2013,0.1688,0.346,
1.0,0.9986,0.9668,0.9654,0.9699,0.998,0.9955,0.9898,0.9848,0.9233,0.7383,0.93,0.9077,0.8422,0.8018,0.8555,0.683,0.8276,0.9406,0.7788,0.6102,0.9508,0.7185,0.6213,0.6073,0.6138,0.8507,0.563,0.6252,0.7743,0.5048,0.5516,0.4006,0.5954,0.6734,0.5856,0.5168,0.322,0.4845,0.2574,0.52,0.3128,0.2079,0.1677,0.3581,
1.0,0.9987,0.9679,0.9666,0.9719,0.9977,0.9957,0.9906,0.9853,0.9202,0.733,0.9342,0.9058,0.8366,0.8011,0.8562,0.6857,0.8251,0.9425,0.7851,0.6047,0.9537,0.7191,0.6192,0.6083,0.6102,0.8639,0.5658,0.6199,0.7828,0.4986,0.5474,0.3909,0.5958,0.6711,0.5777,0.5277,0.321,0.4922,0.26,0.526,0.3105,0.204,0.1684,0.3579,
1.0,0.9994,0.9644,0.9638,0.9676,0.9985,0.997,0.9919,0.9876,0.9233,0.7368,0.9264,0.9098,0.8394,0.8026,0.8497,0.679,0.8265,0.9435,0.774,0.6123,0.9554,0.7238,0.6193,0.6036,0.6148,0.8568,0.5693,0.6169,0.7902,0.5032,0.5542,0.3874,0.5952,0.6747,0.5791,0.5198,0.3227,0.4818,0.259,0.5174,0.3122,0.202,0.1702,0.3578,
1.0,0.9988,0.9668,0.9656,0.9714,0.9965,0.9945,0.9905,0.985,0.9287,0.7447,0.9317,0.9127,0.8426,0.8052,0.8629,0.6831,0.8311,0.9428,0.7859,0.6189,0.9549,0.7293,0.6272,0.6115,0.62,0.8511,0.5682,0.6313,0.7851,0.5117,0.551,0.3894,0.5965,0.676,0.5889,0.5143,0.3219,0.4806,0.264,0.5316,0.3156,0.2134,0.159,0.3618,
1.0,0.9989,0.9676,0.9665,0.9734,0.9971,0.9956,0.9907,0.9857,0.9274,0.7444,0.9344,0.9117,0.8416,0.805,0.8628,0.6885,0.8288,0.9398,0.7914,0.6107,0.9525,0.7195,0.6201,0.6037,0.6175,0.8585,0.564,0.6187,0.7856,0.5093,0.5467,0.3871,0.5949,0.6812,0.5834,0.5282,0.3122,0.4892,0.2667,0.5346,0.317,0.2177,0.1644,0.361,
1.0,0.9991,0.9687,0.9678,0.9687,0.9972,0.9954,0.9908,0.9858,0.9244,0.7342,0.9305,0.9081,0.8363,0.799,0.8571,0.6811,0.8231,0.9411,0.7806,0.6104,0.9539,0.7248,0.6199,0.6079,0.6103,0.8542,0.559,0.6256,0.7838,0.5063,0.5494,0.3902,0.5972,0.6871,0.5943,0.5231,0.3088,0.48,0.2604,0.5244,0.3158,0.2146,0.1619,0.3505,
1.0,0.9993,0.9649,0.9642,0.9694,0.9976,0.9959,0.9911,0.9868,0.9222,0.7322,0.9295,0.908,0.835,0.797,0.851,0.68,0.8231,0.9405,0.7842,0.6005,0.9556,0.7211,0.6112,0.6055,0.6061,0.8567,0.5619,0.6123,0.7749,0.4971,0.5436,0.3812,0.587,0.6782,0.5861,0.5214,0.3087,0.4794,0.2578,0.5207,0.3052,0.2021,0.1588,0.3491,
1.0,0.9983,0.9666,0.9649,0.9728,0.9981,0.9959,0.9898,0.9835,0.9244,0.7295,0.9327,0.9097,0.8306,0.7924,0.8593,0.6768,0.8169,0.9408,0.7911,0.603,0.9539,0.7231,0.6148,0.6046,0.6081,0.8608,0.5559,0.6198,0.7879,0.5047,0.5411,0.3811,0.5895,0.6785,0.5827,0.5219,0.3021,0.4838,0.2604,0.5297,0.3124,0.2017,0.16,0.3495,
1.0,0.9987,0.9698,0.9685,0.9693,0.997,0.9942,0.9901,0.9845,0.9225,0.7346,0.9331,0.906,0.8393,0.8001,0.8581,0.6843,0.8241,0.9387,0.7815,0.6097,0.951,0.7187,0.6257,0.604,0.6115,0.8574,0.5719,0.6198,0.7795,0.5086,0.5543,0.3861,0.5848,0.6751,0.5754,0.5168,0.3223,0.4738,0.2552,0.5275,0.3041,0.2085,0.156,0.3532,
1.0,0.9981,0.9686,0.9667,0.9658,0.9974,0.995,0.9909,0.9855,0.9279,0.7395,0.926,0.912,0.8402,0.8015,0.856,0.6874,0.8254,0.9416,0.783,0.6139,0.9519,0.722,0.618,0.6052,0.6159,0.8615,0.5748,0.6229,0.7912,0.513,0.5612,0.3864,0.5935,0.6799,0.5889,0.5259,0.3266,0.4824,0.2686,0.5296,0.3188,0.2094,0.1666,0.3558,
1.0,0.9993,0.9678,0.9671,0.9701,0.9979,0.9965,0.9913,0.9849,0.9234,0.7341,0.9306,0.9072,0.8371,0.8006,0.8554,0.6853,0.8237,0.9431,0.7849,0.6083,0.9534,0.7166,0.6219,0.604,0.6178,0.8563,0.5642,0.6136,0.7824,0.5042,0.5516,0.3962,0.5964,0.6819,0.5775,0.5254,0.3234,0.4815,0.2617,0.5221,0.3158,0.2025,0.1693,0.3573,
1.0,0.9992,0.9673,0.9665,0.9732,0.9971,0.9959,0.9907,0.9848,0.9209,0.7437,0.9353,0.9059,0.8451,0.8081,0.858,0.6888,0.8328,0.9429,0.785,0.6176,0.9525,0.7246,0.6325,0.6094,0.6217,0.857,0.5769,0.6204,0.7853,0.5082,0.5578,0.3916,0.5912,0.6757,0.5835,0.5295,0.3235,0.475,0.272,0.5287,0.3102,0.2059,0.1673,0.3598,
1.0,0.9989,0.9706,0.9695,0.9683,0.9971,0.9948,0.9917,0.9862,0.9267,0.7384,0.9315,0.9107,0.8393,0.8004,0.8587,0.6887,0.8266,0.9406,0.7836,0.6052,0.951,0.7144,0.6169,0.5981,0.6144,0.8584,0.5698,0.6172,0.7845,0.5044,0.5556,0.383,0.5968,0.6845,0.578,0.5265,0.3178,0.4823,0.262,0.535,0.3221,0.2178,0.1655,0.3622,
1.0,0.9984,0.9645,0.9629,0.9689,0.997,0.9945,0.9909,0.986,0.9274,0.7362,0.926,0.911,0.8358,0.7994,0.8549,0.6852,0.8232,0.9372,0.7903,0.6084,0.9534,0.7278,0.6137,0.5995,0.6076,0.8599,0.563,0.6216,0.7873,0.5121,0.5402,0.385,0.591,0.6697,0.5887,0.5282,0.3146,0.4854,0.269,0.5267,0.3186,0.2069,0.174,0.3596,
1.0,0.9987,0.9701,0.9688,0.9688,0.9971,0.9947,0.9897,0.9844,0.9134,0.723,0.9315,0.8965,0.8371,0.7962,0.8453,0.685,0.8242,0.9393,0.7736,0.5957,0.9548,0.7139,0.618,0.6091,0.603,0.8574,0.5652,0.6132,0.7684,0.4861,0.5555,0.3824,0.5977,0.6809,0.5767,0.5233,0.302,0.48,0.2559,0.5251,0.297,0.1972,0.1617,0.3589,
1.0,0.9991,0.9691,0.9682,0.969,0.9965,0.9944,0.9899,0.9841,0.9273,0.7422,0.9314,0.9099,0.8425,0.8015,0.8593,0.6873,0.8276,0.9406,0.785,0.6148,0.9491,0.7202,0.6242,0.6017,0.6217,0.8572,0.5756,0.6194,0.7818,0.5003,0.5594,0.386,0.5884,0.6761,0.5818,0.5188,0.3093,0.4771,0.2624,0.5262,0.3085,0.2042,0.1602,0.3586,
1.0,0.9993,0.9659,0.9652,0.9693,0.9981,0.9965,0.9914,0.9858,0.9259,0.7396,0.9295,0.9117,0.8389,0.8008,0.857,0.6858,0.8273,0.9425,0.7868,0.6113,0.9554,0.7222,0.6203,0.6058,0.6187,0.8613,0.5716,0.6175,0.7815,0.5087,0.55,0.3948,0.5954,0.6785,0.5836,0.5281,0.3182,0.4849,0.2561,0.5267,0.32,0.2152,0.1654,0.3603,
1.0,0.9987,0.9697,0.9684,0.971,0.998,0.9958,0.9906,0.9839,0.9196,0.7265,0.9333,0.9038,0.832,0.7923,0.8532,0.6802,0.8168,0.9398,0.7801,0.6074,0.9537,0.726,0.6232,0.6161,0.6051,0.8574,0.5581,0.6238,0.7813,0.5064,0.5433,0.3962,0.5928,0.6779,0.5884,0.5323,0.3135,0.4806,0.2676,0.5301,0.3183,0.2136,0.1768,0.3498,
1.0,0.999,0.9656,0.9646,0.9717,0.9974,0.9957,0.9898,0.9852,0.9223,0.7404,0.9313,0.9065,0.8421,0.8062,0.855,0.6861,0.831,0.9429,0.7827,0.6034,0.9536,0.7117,0.6166,0.5984,0.6176,0.8512,0.5681,0.615,0.7832,0.5137,0.5544,0.3876,0.5975,0.6822,0.5778,0.5253,0.314,0.4831,0.2612,0.5273,0.3237,0.2116,0.1616,0.3666,
1.0,0.9988,0.9688,0.9676,0.9697,0.9974,0.9953,0.9917,0.9857,0.9191,0.7316,0.9328,0.9051,0.8346,0.7983,0.8531,0.6782,0.8222,0.9411,0.7779,0.6085,0.9584,0.7224,0.6233,0.6133,0.6108,0.8581,0.5635,0.6156,0.7792,0.5043,0.5494,0.3952,0.5943,0.6798,0.5781,0.5202,0.3193,0.4813,0.2528,0.5251,0.3127,0.2062,0.1697,0.3526,
1.0,0.9991,0.9675,0.9666,0.9709,0.9981,0.9965,0.9905,0.9862,0.925,0.7369,0.9309,0.9086,0.8363,0.7965,0.8569,0.684,0.8244,0.9383,0.7852,0.6087,0.9539,0.7213,0.6175,0.6076,0.6089,0.8587,0.5571,0.6215,0.7777,0.5008,0.5401,0.3871,0.5885,0.6733,0.5839,0.5238,0.3089,0.4761,0.2643,0.5246,0.3075,0.2005,0.159,0.3534,
1.0,0.9988,0.9664,0.9652,0.971,0.9979,0.9959,0.9901,0.9848,0.9203,0.7374,0.9307,0.9044,0.8435,0.8041,0.8527,0.6885,0.8302,0.9384,0.7803,0.6073,0.9486,0.7194,0.6244,0.6025,0.6095,0.8568,0.5695,0.6173,0.7826,0.4977,0.5555,0.382,0.5795,0.6706,0.5753,0.5185,0.3124,0.4744,0.2604,0.5216,0.3029,0.1994,0.1613,0.3465,
1.0,0.9985,0.9698,0.9683,0.9667,0.9977,0.9951,0.9903,0.986,0.9217,0.7314,0.9303,0.9073,0.8365,0.8014,0.8533,0.6859,0.8253,0.9403,0.7811,0.6044,0.9565,0.7187,0.6151,0.6031,0.606,0.8577,0.5602,0.6188,0.7823,0.5034,0.5461,0.3804,0.5911,0.6727,0.5778,0.5184,0.3109,0.4825,0.2611,0.526,0.309,0.1994,0.161,0.3529,
1.0,0.9988,0.9659,0.9647,0.9688,0.9974,0.9951,0.9898,0.985,0.9251,0.7382,0.9282,0.9091,0.8393,0.8021,0.8556,0.684,0.8277,0.9415,0.7807,0.6127,0.9562,0.7215,0.6177,0.6079,0.6216,0.8535,0.5718,0.6208,0.7817,0.5027,0.5496,0.3826,0.5949,0.6686,0.5815,0.5209,0.307,0.4789,0.2612,0.524,0.3097,0.2078,0.1622,0.36,
1.0,0.9986,0.9682,0.9668,0.9706,0.9981,0.9961,0.991,0.9842,0.9191,0.7312,0.9328,0.9057,0.8379,0.803,0.8531,0.6925,0.8237,0.9426,0.7903,0.6051,0.9508,0.7151,0.6205,0.6056,0.6138,0.8675,0.5727,0.618,0.7817,0.4989,0.553,0.3938,0.5919,0.6742,0.5731,0.5197,0.3173,0.4808,0.258,0.5203,0.3012,0.2124,0.1593,0.3589,
1.0,0.9987,0.9703,0.969,0.9685,0.9978,0.9955,0.9902,0.9849,0.9208,0.7326,0.9322,0.9056,0.8374,0.8,0.8543,0.6837,0.8253,0.9384,0.7787,0.6051,0.955,0.7207,0.6175,0.613,0.6166,0.8556,0.5718,0.6147,0.7838,0.4997,0.5555,0.3932,0.5922,0.6743,0.5782,0.5194,0.3273,0.4725,0.2509,0.5202,0.3119,0.209,0.1652,0.35,
1.0,0.9991,0.97,0.9691,0.9683,0.997,0.9943,0.9908,0.9857,0.9235,0.7373,0.9329,0.9079,0.8401,0.8025,0.8577,0.6892,0.825,0.9381,0.7847,0.61,0.9534,0.7213,0.6211,0.6073,0.6171,0.8599,0.5728,0.6247,0.7782,0.504,0.5591,0.3976,0.6019,0.6803,0.5817,0.5209,0.3195,0.4784,0.2615,0.5345,0.3196,0.2135,0.1615,0.3652,
1.0,0.9992,0.9641,0.9633,0.9705,0.9977,0.9963,0.9915,0.9842,0.9276,0.7355,0.9295,0.914,0.8356,0.7982,0.8593,0.6798,0.8204,0.9394,0.7883,0.6126,0.9528,0.7268,0.6193,0.6053,0.6114,0.8629,0.5658,0.624,0.7933,0.5123,0.5441,0.3924,0.5945,0.6729,0.5869,0.5212,0.3258,0.4888,0.2589,0.5206,0.3227,0.2107,0.1668,0.3574,
1.0,0.9991,0.9671,0.9662,0.9691,0.9965,0.9949,0.9914,0.9856,0.9215,0.7326,0.9314,0.907,0.8385,0.8013,0.8545,0.6815,0.8267,0.9445,0.7787,0.609,0.9533,0.7184,0.6229,0.5993,0.6137,0.8542,0.5695,0.6183,0.7761,0.5012,0.5577,0.3762,0.5835,0.6833,0.5817,0.5238,0.313,0.4742,0.2576,0.5273,0.3056,0.2045,0.1651,0.3505,
1.0,0.9993,0.9705,0.9698,0.9686,0.9979,0.9964,0.9919,0.9869,0.924,0.7359,0.9327,0.9093,0.8383,0.8023,0.8574,0.6867,0.8268,0.9449,0.7802,0.6144,0.9543,0.7247,0.6291,0.6124,0.6141,0.8566,0.5662,0.6246,0.7832,0.5084,0.5546,0.392,0.5951,0.6813,0.5906,0.5279,0.3213,0.4815,0.2636,0.5297,0.3075,0.209,0.1662,0.3506,
1.0,0.999,0.9654,0.9644,0.9712,0.9974,0.9948,0.9896,0.9851,0.9249,0.7362,0.9302,0.9083,0.8357,0.7977,0.857,0.6781,0.8225,0.9392,0.7849,0.6057,0.9522,0.721,0.6184,0.6031,0.6122,0.8553,0.5635,0.6127,0.7821,0.5,0.5443,0.3806,0.5828,0.6673,0.5742,0.5159,0.3096,0.4723,0.2551,0.5127,0.3019,0.2011,0.1601,0.3435,
1.0,0.9987,0.9693,0.968,0.9679,0.9972,0.9948,0.9908,0.9839,0.922,0.7302,0.9297,0.9059,0.8362,0.7981,0.8524,0.6754,0.8211,0.9404,0.7747,0.6109,0.9548,0.7225,0.6229,0.6078,0.6093,0.8486,0.5609,0.6268,0.7796,0.5033,0.5552,0.3881,0.5998,0.6847,0.5862,0.5108,0.3179,0.4692,0.2587,0.5233,0.3074,0.2112,0.1628,0.3494,
1.0,0.9986,0.9674,0.966,0.9683,0.997,0.9944,0.9895,0.9844,0.9224,0.7433,0.9299,0.9071,0.8494,0.8093,0.8539,0.6953,0.8352,0.9424,0.7803,0.621,0.9486,0.718,0.6325,0.5989,0.6231,0.8598,0.5798,0.6129,0.774,0.4898,0.5644,0.3817,0.5891,0.6728,0.5748,0.5176,0.3192,0.4755,0.2636,0.5207,0.3018,0.195,0.1553,0.3545,
1.0,0.9989,0.9689,0.9678,0.9701,0.9978,0.9958,0.9914,0.9851,0.9201,0.7301,0.932,0.9045,0.8351,0.7972,0.8522,0.6822,0.8222,0.9383,0.78,0.5994,0.9545,0.7144,0.6121,0.6017,0.6083,0.856,0.5633,0.6083,0.783,0.506,0.5493,0.3871,0.5868,0.6675,0.5683,0.5138,0.31,0.4727,0.2495,0.5208,0.3085,0.2075,0.1578,0.3471,
1.0,0.9994,0.9669,0.9663,0.971,0.9979,0.9962,0.9929,0.9881,0.9276,0.743,0.932,0.9141,0.8395,0.8067,0.861,0.6928,0.8261,0.9376,0.7929,0.6131,0.9505,0.7237,0.6233,0.6079,0.6155,0.8609,0.5623,0.6287,0.7881,0.5027,0.5424,0.3866,0.5869,0.6669,0.5855,0.5157,0.3099,0.4758,0.2718,0.5269,0.311,0.2078,0.1663,0.3539,
1.0,0.999,0.9649,0.9639,0.9704,0.9978,0.9961,0.9915,0.9845,0.9213,0.7335,0.9293,0.9069,0.84,0.8024,0.8515,0.6832,0.8256,0.9421,0.7815,0.6083,0.9547,0.7207,0.6225,0.6006,0.6125,0.8544,0.5706,0.6162,0.7838,0.5058,0.5521,0.3844,0.5874,0.6726,0.5808,0.5225,0.3154,0.4793,0.2544,0.526,0.311,0.2035,0.1578,0.3501,
1.0,0.999,0.966,0.965,0.9746,0.9974,0.9954,0.9909,0.9841,0.9226,0.7439,0.9348,0.9073,0.844,0.8046,0.859,0.6842,0.8294,0.941,0.783,0.6141,0.954,0.721,0.6285,0.6063,0.6246,0.8519,0.5759,0.6178,0.7852,0.5052,0.5617,0.3852,0.5865,0.6808,0.5852,0.523,0.3139,0.4735,0.2625,0.5215,0.308,0.2082,0.1608,0.3517,
1.0,0.9991,0.9683,0.9674,0.9703,0.9966,0.9946,0.9904,0.9845,0.9242,0.7396,0.9313,0.9061,0.8426,0.804,0.8566,0.6884,0.8279,0.9385,0.7831,0.6079,0.9534,0.7181,0.6228,0.6063,0.6192,0.8524,0.5709,0.6167,0.7858,0.5085,0.5588,0.3904,0.5936,0.6737,0.58,0.5229,0.3167,0.4767,0.2594,0.5181,0.3115,0.2098,0.1622,0.3544,
1.0,0.9993,0.9648,0.9641,0.9722,0.9972,0.9957,0.9886,0.9836,0.9163,0.7303,0.9324,0.8996,0.8382,0.7985,0.8499,0.6759,0.825,0.9427,0.776,0.6052,0.9522,0.7165,0.6224,0.6076,0.6108,0.8532,0.5666,0.6108,0.774,0.5027,0.5491,0.3885,0.5889,0.6744,0.5779,0.5279,0.3183,0.4801,0.256,0.5176,0.3085,0.206,0.1691,0.345,
1.0,0.9995,0.9654,0.9649,0.9698,0.9969,0.9958,0.9907,0.9859,0.9249,0.7361,0.93,0.9086,0.8376,0.8027,0.8565,0.684,0.8251,0.9429,0.7887,0.6154,0.9504,0.7254,0.6248,0.6065,0.6163,0.8598,0.5657,0.6215,0.7802,0.5009,0.5456,0.3909,0.5871,0.673,0.5877,0.5243,0.314,0.4771,0.2671,0.5237,0.3028,0.208,0.1628,0.3555,
1.0,0.9989,0.9685,0.9674,0.9728,0.997,0.995,0.9899,0.9835,0.9198,0.7336,0.9342,0.9024,0.8398,0.8011,0.8557,0.6817,0.8254,0.9388,0.7801,0.6094,0.9525,0.7231,0.6284,0.6113,0.6096,0.855,0.565,0.6134,0.7859,0.509,0.5492,0.3976,0.5915,0.6798,0.5803,0.5286,0.3222,0.4745,0.261,0.5166,0.3163,0.2099,0.174,0.3497,
1.0,0.9985,0.9685,0.967,0.9668,0.9972,0.9947,0.989,0.9833,0.9239,0.7307,0.9294,0.9077,0.8346,0.7963,0.8545,0.681,0.8205,0.9323,0.782,0.5997,0.9485,0.7137,0.6047,0.5937,0.6021,0.8539,0.5551,0.6226,0.7793,0.4981,0.5338,0.3757,0.5823,0.6675,0.5784,0.5094,0.3017,0.4726,0.2548,0.5188,0.3136,0.2097,0.1491,0.3533,
1.0,0.9983,0.9695,0.9678,0.9679,0.9978,0.9953,0.9897,0.9845,0.9234,0.7329,0.9302,0.9074,0.8393,0.8025,0.8547,0.689,0.8269,0.9391,0.7833,0.6084,0.9529,0.7228,0.6221,0.5959,0.6074,0.8567,0.5591,0.6229,0.7836,0.5064,0.55,0.3855,0.5913,0.6738,0.5785,0.5133,0.3046,0.4762,0.2615,0.5215,0.3101,0.2141,0.1553,0.3589,
1.0,0.9985,0.9622,0.9607,0.9701,0.9975,0.9951,0.9907,0.986,0.9243,0.7385,0.9275,0.9109,0.8396,0.8031,0.8542,0.6811,0.828,0.94,0.7862,0.612,0.9546,0.7262,0.6161,0.6049,0.6136,0.8624,0.5702,0.6234,0.788,0.5034,0.5496,0.3782,0.5915,0.6684,0.5854,0.5193,0.3158,0.4852,0.2641,0.5305,0.3125,0.2033,0.1552,0.3632,
1.0,0.999,0.9723,0.9713,0.9732,0.9974,0.9946,0.9907,0.9881,0.9188,0.7394,0.9399,0.9039,0.8402,0.8053,0.8595,0.6939,0.8275,0.9395,0.7826,0.6093,0.9515,0.719,0.6311,0.6141,0.6086,0.8598,0.5632,0.6245,0.7791,0.5007,0.5498,0.3909,0.5943,0.6778,0.5857,0.5155,0.3114,0.4776,0.2556,0.5258,0.3118,0.2107,0.156,0.3565,
1.0,0.999,0.9688,0.9678,0.97,0.9975,0.9955,0.9901,0.9841,0.9221,0.7376,0.9321,0.9058,0.8407,0.8009,0.8555,0.6852,0.8267,0.9417,0.7794,0.6143,0.952,0.7216,0.6276,0.61,0.6188,0.8544,0.5704,0.6184,0.7797,0.5013,0.5547,0.3902,0.5859,0.6768,0.5836,0.5284,0.3207,0.4768,0.266,0.526,0.3118,0.2077,0.1695,0.3508,
1.0,0.9986,0.9684,0.967,0.9711,0.9982,0.9956,0.9904,0.9845,0.9263,0.7362,0.9326,0.9111,0.8374,0.8015,0.8605,0.6862,0.8233,0.9375,0.7886,0.6138,0.9531,0.7237,0.6243,0.6087,0.6159,0.8564,0.5712,0.627,0.7942,0.5147,0.558,0.4012,0.597,0.6744,0.5845,0.5125,0.3189,0.4783,0.2604,0.5245,0.324,0.2127,0.1649,0.3558,
1.0,0.9987,0.969,0.9677,0.9677,0.997,0.9943,0.9899,0.9854,0.9285,0.7389,0.9301,0.9114,0.8394,0.799,0.8594,0.6844,0.8268,0.9426,0.782,0.6162,0.9535,0.7285,0.6247,0.6027,0.6138,0.8559,0.5653,0.6259,0.7786,0.5037,0.5542,0.385,0.5893,0.6857,0.5871,0.5206,0.3191,0.4684,0.2588,0.5252,0.3079,0.2086,0.1561,0.3513,
1.0,0.9991,0.9657,0.9648,0.9706,0.9977,0.9953,0.9906,0.9847,0.9245,0.7395,0.9296,0.9088,0.841,0.8032,0.8557,0.6821,0.8264,0.9408,0.7803,0.6157,0.9566,0.7267,0.625,0.6024,0.6176,0.8529,0.5615,0.6189,0.784,0.5148,0.5481,0.3915,0.595,0.6756,0.5847,0.5218,0.3168,0.4827,0.262,0.5206,0.3196,0.21,0.1602,0.3518,
1.0,0.9991,0.9648,0.9639,0.9709,0.9974,0.9957,0.9913,0.9852,0.9227,0.7416,0.9299,0.9079,0.8439,0.8075,0.8553,0.6888,0.8312,0.9398,0.7864,0.6169,0.9521,0.7232,0.6283,0.6107,0.6173,0.8579,0.5731,0.6246,0.7813,0.5054,0.5537,0.3932,0.5907,0.6667,0.585,0.5232,0.3255,0.4828,0.2722,0.5242,0.3143,0.2126,0.1625,0.3614,
1.0,0.9987,0.9658,0.9645,0.9662,0.997,0.9946,0.9899,0.9854,0.9262,0.7334,0.9243,0.9087,0.8359,0.7991,0.8517,0.677,0.8229,0.9423,0.777,0.6106,0.9511,0.7192,0.6147,0.5964,0.6086,0.8474,0.5553,0.6173,0.778,0.4983,0.5427,0.3774,0.5839,0.6695,0.5817,0.5187,0.3072,0.4691,0.2582,0.5128,0.3038,0.1925,0.1598,0.3497,
1.0,0.9993,0.9662,0.9655,0.9673,0.9965,0.9947,0.9914,0.9858,0.9247,0.7365,0.928,0.909,0.8401,0.8026,0.8535,0.6847,0.8266,0.9374,0.7829,0.617,0.9528,0.7317,0.6221,0.6106,0.6102,0.8578,0.5681,0.6305,0.7777,0.4939,0.548,0.3934,0.5962,0.6765,0.593,0.5208,0.3078,0.4841,0.2705,0.5221,0.3099,0.2033,0.1629,0.3617,
1.0,0.9987,0.969,0.9677,0.9713,0.9974,0.9946,0.9904,0.9866,0.9275,0.7412,0.9342,0.9129,0.8393,0.8028,0.8626,0.6884,0.827,0.9395,0.7897,0.6177,0.9556,0.7348,0.6281,0.6123,0.6138,0.8601,0.5669,0.6265,0.7885,0.5071,0.5543,0.3904,0.5875,0.6807,0.582,0.5221,0.3153,0.4837,0.2696,0.5333,0.3167,0.2085,0.1706,0.3597,
1.0,0.9987,0.9668,0.9655,0.9703,0.9966,0.9946,0.9912,0.9849,0.9232,0.7385,0.9306,0.9076,0.8417,0.8061,0.8562,0.6888,0.8289,0.9416,0.7852,0.6173,0.9516,0.7244,0.6287,0.6072,0.6186,0.8583,0.5728,0.6226,0.7847,0.5146,0.554,0.3963,0.5917,0.677,0.5834,0.5207,0.3267,0.4789,0.2687,0.5253,0.3249,0.2141,0.162,0.3561,
1.0,0.9993,0.9686,0.9679,0.9693,0.9966,0.9953,0.9914,0.9835,0.9259,0.7446,0.9327,0.9106,0.8487,0.8106,0.8592,0.6903,0.8346,0.9379,0.7806,0.62,0.9573,0.7268,0.6305,0.6054,0.6256,0.8521,0.5735,0.6176,0.7851,0.5066,0.5588,0.387,0.5898,0.6744,0.5815,0.5176,0.322,0.4755,0.2641,0.5158,0.3103,0.2104,0.1616,0.3569,
1.0,0.9987,0.9675,0.9662,0.9701,0.9972,0.9948,0.9897,0.9842,0.9223,0.7398,0.9294,0.9045,0.843,0.8024,0.8535,0.6824,0.8302,0.9409,0.7762,0.6106,0.9516,0.7208,0.6201,0.6056,0.6159,0.8538,0.5688,0.6113,0.7837,0.5032,0.5503,0.3932,0.5875,0.6694,0.5776,0.5151,0.327,0.4778,0.2509,0.5127,0.3194,0.2061,0.1664,0.352,
1.0,0.9986,0.97,0.9686,0.9674,0.997,0.9946,0.9899,0.9852,0.9266,0.7332,0.9305,0.9097,0.8364,0.7981,0.858,0.6833,0.8236,0.9442,0.7832,0.616,0.9492,0.725,0.6239,0.6064,0.6152,0.8544,0.5645,0.6279,0.7807,0.5001,0.5525,0.3922,0.5906,0.6756,0.5856,0.52,0.308,0.4696,0.2588,0.5168,0.302,0.205,0.167,0.3465,
1.0,0.9995,0.9679,0.9674,0.9715,0.9974,0.9958,0.9904,0.9859,0.9221,0.7412,0.9331,0.9053,0.8419,0.8041,0.856,0.6906,0.8292,0.937,0.7828,0.6082,0.9516,0.7234,0.6218,0.6154,0.6149,0.8598,0.5731,0.6222,0.7869,0.5017,0.5541,0.397,0.6001,0.6718,0.585,0.5176,0.3187,0.4875,0.2572,0.5249,0.3183,0.2145,0.1671,0.363,
1.0,0.9984,0.9676,0.966,0.9679,0.9969,0.9945,0.9905,0.9837,0.924,0.7289,0.9296,0.9089,0.8349,0.7955,0.8547,0.6766,0.8194,0.9395,0.7778,0.6022,0.9514,0.7148,0.6105,0.5977,0.6036,0.8542,0.5564,0.6202,0.7787,0.4981,0.542,0.3802,0.5922,0.6751,0.5779,0.5199,0.3116,0.4826,0.2528,0.5268,0.3091,0.2047,0.1614,0.3557,
1.0,0.9992,0.9674,0.9666,0.9698,0.997,0.9952,0.9906,0.9844,0.9272,0.7352,0.9304,0.9102,0.8362,0.7989,0.8599,0.6778,0.824,0.9441,0.7842,0.6137,0.9536,0.7219,0.6231,0.6032,0.6172,0.8504,0.5664,0.6228,0.7858,0.5088,0.5563,0.3902,0.595,0.6784,0.5829,0.5211,0.306,0.4737,0.2604,0.5215,0.3118,0.2088,0.1658,0.3549,
1.0,0.9991,0.97,0.9691,0.9679,0.9978,0.9959,0.9904,0.9861,0.9264,0.7333,0.9318,0.9113,0.8328,0.7935,0.8581,0.6758,0.8204,0.9424,0.7772,0.6087,0.9542,0.7246,0.6159,0.6074,0.6098,0.8535,0.5635,0.628,0.784,0.5051,0.5501,0.3786,0.5889,0.6817,0.5875,0.5235,0.3133,0.4771,0.2547,0.5234,0.3118,0.2093,0.1599,0.3501,
1.0,0.9989,0.9673,0.9662,0.9668,0.9978,0.9958,0.9899,0.9851,0.9196,0.7333,0.9272,0.9033,0.8431,0.8038,0.8487,0.6881,0.83,0.9422,0.7757,0.6108,0.9514,0.7195,0.6235,0.6008,0.6078,0.8575,0.5675,0.6166,0.7714,0.491,0.5484,0.3795,0.5921,0.6844,0.5854,0.5269,0.3125,0.484,0.2645,0.5343,0.3008,0.2036,0.1671,0.3625,
1.0,0.9995,0.968,0.9675,0.9674,0.9971,0.9955,0.9901,0.9833,0.925,0.7299,0.9294,0.9079,0.8336,0.794,0.8564,0.6842,0.8186,0.9418,0.786,0.6112,0.9497,0.7231,0.6209,0.6095,0.6127,0.8619,0.5701,0.6276,0.7802,0.5054,0.5471,0.3843,0.5828,0.6712,0.5857,0.522,0.3121,0.4778,0.265,0.5231,0.3093,0.2083,0.1572,0.3536,
1.0,0.9991,0.9664,0.9655,0.9691,0.9975,0.9957,0.9899,0.9846,0.9281,0.7451,0.9297,0.9118,0.8428,0.8053,0.8589,0.6864,0.8297,0.9421,0.7854,0.6201,0.9527,0.7316,0.6256,0.6042,0.6257,0.8558,0.5722,0.6233,0.7872,0.5122,0.5544,0.3899,0.5889,0.682,0.5896,0.5244,0.3207,0.4778,0.2688,0.5291,0.32,0.2155,0.1671,0.3605,
1.0,0.9993,0.9699,0.9692,0.9687,0.9981,0.9957,0.9899,0.9851,0.9218,0.7413,0.9326,0.9054,0.8461,0.8093,0.8558,0.696,0.8327,0.9408,0.7816,0.614,0.9506,0.7145,0.6278,0.6067,0.626,0.855,0.577,0.6199,0.777,0.4984,0.5628,0.3907,0.5957,0.6775,0.5838,0.518,0.3164,0.4851,0.2578,0.5291,0.3106,0.2042,0.1661,0.361,
1.0,0.9986,0.9669,0.9655,0.969,0.9972,0.9949,0.9908,0.9854,0.9251,0.7424,0.9282,0.9089,0.843,0.8022,0.8554,0.6848,0.8304,0.9367,0.7783,0.6112,0.954,0.7224,0.6211,0.6053,0.6124,0.8558,0.5606,0.6258,0.7767,0.5002,0.5499,0.3875,0.5966,0.68,0.5791,0.5165,0.3108,0.4807,0.2689,0.5269,0.3101,0.2104,0.1605,0.3607,
1.0,0.999,0.9708,0.9698,0.9676,0.9976,0.9958,0.9908,0.9866,0.9266,0.7344,0.9309,0.9101,0.8343,0.7978,0.8578,0.6802,0.8233,0.9451,0.7807,0.6082,0.9522,0.7194,0.6183,0.6048,0.6108,0.8518,0.5585,0.6273,0.7807,0.5034,0.5507,0.3836,0.5955,0.6796,0.5815,0.5197,0.3056,0.4761,0.2632,0.5278,0.308,0.2085,0.1614,0.3533,
1.0,0.9986,0.9659,0.9645,0.9709,0.997,0.9939,0.9902,0.987,0.9224,0.7374,0.929,0.9056,0.8407,0.8045,0.8525,0.6837,0.8298,0.9418,0.7822,0.6102,0.9555,0.721,0.6254,0.6064,0.6119,0.8525,0.5636,0.6178,0.782,0.5073,0.5496,0.3928,0.5948,0.6796,0.5835,0.5225,0.3165,0.4815,0.2623,0.5238,0.3144,0.2109,0.173,0.3543,
1.0,0.9994,0.971,0.9704,0.9704,0.9956,0.9942,0.9917,0.9866,0.9213,0.739,0.9349,0.9038,0.8412,0.8042,0.8564,0.6882,0.8284,0.9433,0.7787,0.6081,0.9518,0.7178,0.626,0.6079,0.6181,0.8545,0.5659,0.6151,0.7796,0.4993,0.5537,0.3874,0.5934,0.6746,0.5782,0.5242,0.3114,0.475,0.258,0.5143,0.3083,0.2051,0.1693,0.3554,
1.0,0.9995,0.9686,0.9681,0.9665,0.9968,0.9953,0.9894,0.9837,0.9228,0.7328,0.9296,0.9051,0.8394,0.8005,0.8533,0.6805,0.8252,0.94,0.7773,0.6111,0.9498,0.7196,0.619,0.5986,0.6099,0.8521,0.5588,0.616,0.7767,0.4987,0.5482,0.3794,0.5863,0.6745,0.5795,0.5219,0.3145,0.4678,0.2589,0.5195,0.306,0.2023,0.156,0.3429,
1.0,0.9988,0.9694,0.9682,0.9727,0.9975,0.9958,0.9907,0.9844,0.923,0.7389,0.9356,0.9079,0.8405,0.8024,0.8599,0.6898,0.8277,0.9414,0.7879,0.6118,0.9549,0.7251,0.6288,0.612,0.6153,0.8609,0.5679,0.6195,0.7844,0.5063,0.5532,0.3894,0.5921,0.6767,0.5818,0.5221,0.3189,0.48,0.2615,0.5252,0.3087,0.21,0.1634,0.3547,
1.0,0.9993,0.9702,0.9695,0.971,0.9972,0.9953,0.9901,0.9869,0.9227,0.7311,0.9353,0.9064,0.8323,0.7991,0.8591,0.6854,0.8212,0.9412,0.7882,0.6,0.9511,0.718,0.6187,0.6102,0.6118,0.8575,0.5662,0.6234,0.7877,0.5075,0.5528,0.3927,0.603,0.6828,0.5811,0.5254,0.3102,0.4766,0.2634,0.5277,0.3223,0.2095,0.1681,0.3611,
1.0,0.9987,0.9679,0.9666,0.9698,0.9981,0.9964,0.9907,0.9828,0.9227,0.7395,0.9308,0.9073,0.8473,0.8039,0.8547,0.6885,0.8323,0.9406,0.7779,0.6153,0.9547,0.7245,0.6286,0.6075,0.6158,0.8582,0.5708,0.6223,0.7761,0.5014,0.5552,0.3908,0.59,0.6773,0.5879,0.5247,0.3252,0.483,0.2581,0.525,0.312,0.2057,0.1687,0.3594,
1.0,0.9989,0.9672,0.9661,0.9682,0.998,0.9961,0.9913,0.9866,0.92,0.735,0.9294,0.9061,0.8412,0.8054,0.8507,0.6888,0.8292,0.9409,0.7811,0.6068,0.9531,0.7203,0.6191,0.6026,0.6119,0.8613,0.5731,0.6182,0.7835,0.5054,0.5558,0.3881,0.5912,0.6767,0.5709,0.5196,0.3216,0.4887,0.2611,0.5409,0.309,0.2078,0.1641,0.3623,
1.0,0.9989,0.967,0.9659,0.9683,0.9967,0.9949,0.9899,0.9835,0.9267,0.7376,0.9272,0.9083,0.8383,0.7972,0.8537,0.6779,0.8246,0.9422,0.7798,0.6085,0.9516,0.7226,0.6159,0.602,0.6177,0.8529,0.5679,0.6155,0.7864,0.5076,0.5547,0.3808,0.587,0.6719,0.5803,0.5221,0.3176,0.4704,0.2602,0.516,0.3105,0.2052,0.1608,0.3532,
1.0,0.9986,0.9636,0.9622,0.97,0.9972,0.9949,0.9883,0.9836,0.9234,0.7325,0.926,0.905,0.8358,0.7956,0.8521,0.669,0.8236,0.9379,0.7747,0.6067,0.9509,0.7229,0.6139,0.6038,0.6022,0.8452,0.5547,0.6244,0.7834,0.5076,0.5403,0.383,0.5884,0.6721,0.5891,0.5154,0.3146,0.4738,0.2628,0.516,0.315,0.211,0.1617,0.3459,
1.0,0.9992,0.9666,0.9658,0.9672,0.9977,0.9961,0.9908,0.984,0.9266,0.7308,0.9271,0.9109,0.8331,0.7929,0.8554,0.676,0.8187,0.9394,0.7833,0.6076,0.9537,0.7245,0.6153,0.6008,0.6051,0.8568,0.5603,0.6239,0.7828,0.5058,0.543,0.3868,0.5967,0.6756,0.5808,0.5121,0.3112,0.4866,0.2564,0.527,0.3115,0.2028,0.1636,0.3547,
1.0,0.9992,0.9674,0.9666,0.969,0.9977,0.996,0.9903,0.9839,0.9268,0.7425,0.9305,0.9115,0.8419,0.8042,0.8585,0.6852,0.8284,0.937,0.782,0.6112,0.9517,0.7223,0.6175,0.5996,0.619,0.852,0.565,0.6216,0.7871,0.5054,0.5535,0.3814,0.5885,0.6679,0.5817,0.5142,0.314,0.4727,0.2564,0.5167,0.3144,0.2133,0.1624,0.3547,
1.0,0.9987,0.9667,0.9654,0.971,0.9987,0.996,0.9889,0.9842,0.9198,0.7316,0.9311,0.9038,0.8384,0.8008,0.8527,0.6903,0.8269,0.9415,0.7878,0.6083,0.9562,0.7268,0.6223,0.6068,0.6077,0.8647,0.5715,0.6179,0.7877,0.504,0.5534,0.3811,0.5942,0.6782,0.579,0.5387,0.3158,0.4782,0.2677,0.5267,0.3097,0.2093,0.1666,0.3547,
1.0,0.9993,0.9689,0.9682,0.9712,0.9972,0.9958,0.9908,0.9854,0.9259,0.7373,0.935,0.9106,0.8351,0.7979,0.8614,0.6796,0.8215,0.9394,0.7849,0.6064,0.9521,0.7184,0.6168,0.5953,0.6063,0.8528,0.5603,0.6212,0.7849,0.5035,0.5438,0.383,0.5934,0.6749,0.5758,0.5185,0.3038,0.4701,0.2617,0.5167,0.3047,0.2077,0.1581,0.3477,
1.0,0.9995,0.9683,0.9678,0.9697,0.9974,0.9957,0.9898,0.9839,0.9184,0.7324,0.9329,0.9023,0.8399,0.8015,0.8522,0.6837,0.8273,0.9409,0.7782,0.6105,0.953,0.7181,0.6267,0.6089,0.6132,0.8544,0.5679,0.6138,0.7742,0.5011,0.5494,0.386,0.5843,0.677,0.575,0.5201,0.314,0.476,0.2559,0.5234,0.3037,0.2024,0.1586,0.3487,
1.0,0.9996,0.9708,0.9704,0.9682,0.9974,0.9958,0.9892,0.984,0.9194,0.7397,0.9339,0.9023,0.8494,0.8084,0.8538,0.6876,0.8368,0.941,0.771,0.6144,0.9511,0.7181,0.6322,0.6107,0.6174,0.8507,0.5692,0.623,0.7745,0.4943,0.562,0.3872,0.5973,0.6783,0.5778,0.5133,0.3158,0.4793,0.2615,0.5162,0.3096,0.2065,0.1641,0.3608,
1.0,0.9985,0.9658,0.9643,0.9735,0.9972,0.9943,0.989,0.9851,0.9215,0.7335,0.9317,0.9036,0.8352,0.7964,0.856,0.6808,0.8235,0.9429,0.7851,0.6015,0.9542,0.7198,0.6159,0.6081,0.6106,0.8581,0.5638,0.6181,0.7836,0.5032,0.5468,0.3885,0.6026,0.6779,0.5818,0.5298,0.3119,0.487,0.2609,0.5296,0.3176,0.2019,0.171,0.3585,
1.0,0.9985,0.9686,0.9671,0.971,0.9972,0.9946,0.9908,0.9849,0.9256,0.7394,0.9324,0.9108,0.8423,0.8036,0.859,0.6852,0.8286,0.9446,0.7814,0.6197,0.957,0.728,0.6325,0.6087,0.6197,0.8536,0.5694,0.6208,0.7869,0.5082,0.5579,0.3898,0.5944,0.6812,0.5914,0.5305,0.3202,0.4779,0.2638,0.5249,0.3072,0.2079,0.172,0.3534,
1.0,0.9991,0.9676,0.9667,0.966,0.9976,0.9956,0.989,0.9827,0.9211,0.7259,0.9287,0.9054,0.838,0.7991,0.8524,0.6799,0.8236,0.9404,0.7774,0.6055,0.9488,0.7158,0.6166,0.5952,0.6078,0.8566,0.5698,0.6121,0.7817,0.497,0.5538,0.3807,0.5857,0.6765,0.5763,0.5212,0.3195,0.4749,0.2523,0.5242,0.3064,0.207,0.1608,0.3493,
1.0,0.999,0.9662,0.9652,0.9698,0.9974,0.9953,0.9909,0.9857,0.9202,0.7361,0.9306,0.9057,0.8397,0.8044,0.8537,0.6921,0.8262,0.9402,0.7864,0.6068,0.9538,0.7195,0.621,0.6029,0.6114,0.8653,0.5741,0.6168,0.7804,0.5004,0.551,0.3812,0.5883,0.6768,0.5754,0.524,0.3145,0.4831,0.2563,0.5336,0.3058,0.2045,0.1577,0.3533,
1.0,0.999,0.966,0.965,0.967,0.9959,0.9938,0.9916,0.9867,0.9254,0.7412,0.9257,0.9084,0.8424,0.8047,0.8515,0.6832,0.8296,0.9386,0.7783,0.6113,0.9547,0.723,0.6183,0.5979,0.6119,0.8527,0.5617,0.6171,0.7762,0.5049,0.5446,0.3832,0.5869,0.6749,0.5846,0.5221,0.319,0.4781,0.2651,0.5167,0.3166,0.2126,0.1607,0.3533,
1.0,0.999,0.9681,0.9671,0.9741,0.9974,0.9952,0.9913,0.9877,0.9218,0.74,0.9365,0.9074,0.8381,0.8044,0.8588,0.6906,0.8255,0.9417,0.7871,0.6105,0.9523,0.7215,0.6271,0.6161,0.6187,0.8593,0.5741,0.6259,0.7897,0.5195,0.5611,0.3989,0.5903,0.6817,0.5904,0.5235,0.3268,0.4791,0.2632,0.532,0.3162,0.2182,0.1637,0.3562,
1.0,0.9987,0.9662,0.9649,0.9692,0.9971,0.9949,0.99,0.9837,0.9258,0.7339,0.9273,0.9079,0.8385,0.7988,0.8541,0.6859,0.8246,0.9417,0.7859,0.61,0.9512,0.7218,0.6206,0.6045,0.6168,0.8593,0.5718,0.6127,0.787,0.5085,0.5562,0.3865,0.5882,0.6761,0.5782,0.5164,0.3238,0.4769,0.2556,0.5232,0.3152,0.21,0.1577,0.3563,
1.0,0.9991,0.9705,0.9696,0.9671,0.9977,0.9961,0.9913,0.9854,0.9252,0.7263,0.9305,0.9093,0.8302,0.7909,0.857,0.6742,0.8177,0.9377,0.7777,0.5965,0.9559,0.7226,0.6091,0.601,0.6033,0.853,0.552,0.6201,0.7805,0.4991,0.5441,0.3881,0.5991,0.6844,0.5803,0.5207,0.3069,0.478,0.2532,0.5256,0.3134,0.2172,0.1607,0.3525,
1.0,0.9982,0.9693,0.9675,0.9711,0.998,0.9948,0.989,0.9846,0.9215,0.7366,0.9313,0.9038,0.8402,0.7999,0.8531,0.6904,0.828,0.9387,0.7806,0.6075,0.955,0.7204,0.6228,0.6039,0.6111,0.8579,0.5681,0.619,0.785,0.5058,0.5572,0.389,0.6007,0.6831,0.5755,0.5291,0.3157,0.4814,0.2691,0.5241,0.3149,0.2188,0.1662,0.3624,
1.0,0.9992,0.9679,0.9671,0.974,0.9966,0.9946,0.9909,0.9862,0.9237,0.7422,0.9358,0.9073,0.8416,0.8034,0.8614,0.6851,0.8284,0.9408,0.7821,0.6106,0.9511,0.72,0.6275,0.6083,0.6146,0.8519,0.5674,0.6248,0.7852,0.5029,0.5551,0.3867,0.5903,0.677,0.5821,0.5243,0.3095,0.4754,0.2629,0.53,0.3096,0.2094,0.1674,0.3529,
1.0,0.9985,0.967,0.9655,0.9696,0.9976,0.9953,0.9898,0.9839,0.9218,0.7305,0.9296,0.906,0.8374,0.7978,0.8522,0.6828,0.8241,0.9409,0.7831,0.6099,0.9538,0.7243,0.6239,0.6053,0.6095,0.8555,0.5644,0.6219,0.7825,0.5055,0.5544,0.3886,0.5914,0.6818,0.5835,0.5167,0.3137,0.4834,0.2607,0.524,0.3132,0.2117,0.1565,0.3574,
1.0,0.9987,0.9681,0.9668,0.9666,0.9966,0.9942,0.9896,0.9852,0.9209,0.7315,0.9287,0.9044,0.8389,0.801,0.8505,0.681,0.826,0.9381,0.7735,0.6042,0.9518,0.7189,0.6162,0.5996,0.6031,0.8504,0.555,0.6165,0.7735,0.4978,0.5418,0.3808,0.5887,0.6725,0.5826,0.5199,0.3101,0.4759,0.2655,0.5173,0.3082,0.2094,0.1619,0.3525,
1.0,0.9986,0.9657,0.9643,0.9673,0.9972,0.9952,0.9912,0.9843,0.9234,0.7345,0.9258,0.9079,0.8401,0.8004,0.8509,0.6791,0.8266,0.9429,0.7764,0.6118,0.9508,0.7187,0.6215,0.5992,0.6134,0.8528,0.5663,0.6152,0.7794,0.4973,0.5529,0.3804,0.5919,0.6686,0.5819,0.5171,0.3158,0.4754,0.2532,0.5126,0.3039,0.2019,0.1583,0.3424,
1.0,0.9993,0.9681,0.9674,0.9691,0.998,0.9966,0.9914,0.9849,0.9243,0.7329,0.9318,0.9102,0.837,0.7986,0.8571,0.6795,0.8233,0.9398,0.7816,0.6101,0.9528,0.7253,0.6214,0.6044,0.6033,0.8563,0.557,0.6197,0.7799,0.502,0.5424,0.3928,0.5918,0.6692,0.5833,0.5188,0.3108,0.4803,0.2549,0.5152,0.3112,0.2085,0.1634,0.3491,
1.0,0.9993,0.9663,0.9656,0.973,0.9972,0.9951,0.9901,0.9841,0.9271,0.7423,0.9338,0.9109,0.8414,0.8022,0.8634,0.6815,0.8272,0.9408,0.7861,0.6164,0.9524,0.7253,0.628,0.602,0.6181,0.8538,0.5678,0.6177,0.7885,0.5038,0.5439,0.3851,0.5782,0.6616,0.5829,0.5183,0.3089,0.4706,0.2573,0.5116,0.3039,0.2013,0.1608,0.3428,
1.0,0.999,0.9704,0.9694,0.969,0.9973,0.9958,0.9898,0.9843,0.9271,0.7376,0.9325,0.9094,0.8392,0.799,0.8601,0.6836,0.8275,0.9419,0.783,0.6132,0.949,0.7215,0.6244,0.609,0.6162,0.8562,0.5624,0.6255,0.7823,0.4997,0.5513,0.3812,0.5898,0.6747,0.5834,0.5111,0.3179,0.4725,0.2587,0.5325,0.3025,0.2091,0.1586,0.3512,
1.0,0.9989,0.9681,0.967,0.9658,0.9972,0.9949,0.9898,0.9843,0.9206,0.7363,0.9263,0.9031,0.8455,0.8023,0.8476,0.6893,0.8312,0.939,0.7738,0.6092,0.9495,0.7147,0.6202,0.6007,0.612,0.8581,0.5741,0.6152,0.768,0.4915,0.5494,0.3839,0.5907,0.6649,0.5679,0.5132,0.3231,0.4774,0.2577,0.5166,0.2959,0.1916,0.1571,0.3558,
1.0,0.9984,0.9675,0.9659,0.968,0.9973,0.9954,0.9924,0.9855,0.9165,0.7348,0.9275,0.902,0.8429,0.8063,0.8466,0.6872,0.8302,0.9429,0.773,0.6136,0.9573,0.7194,0.6297,0.6106,0.6191,0.8568,0.5722,0.6177,0.7747,0.5034,0.5556,0.3959,0.591,0.6762,0.5852,0.5227,0.3227,0.479,0.2581,0.5198,0.315,0.2047,0.1623,0.3593,
1.0,0.9988,0.9686,0.9674,0.97,0.9971,0.9948,0.9899,0.985,0.9254,0.7376,0.932,0.909,0.8396,0.8007,0.8593,0.685,0.828,0.938,0.7841,0.6089,0.9516,0.7249,0.6213,0.6054,0.6146,0.8574,0.563,0.6198,0.7787,0.4982,0.5458,0.387,0.5957,0.6722,0.5815,0.5192,0.3102,0.4818,0.2604,0.5323,0.3097,0.208,0.1586,0.3541,
1.0,0.9986,0.9658,0.9644,0.9696,0.997,0.9945,0.9897,0.9844,0.9272,0.7433,0.929,0.911,0.8456,0.8049,0.8569,0.689,0.8337,0.9436,0.7863,0.6183,0.9518,0.722,0.6264,0.6005,0.6225,0.8573,0.5753,0.6186,0.7818,0.5002,0.5601,0.3818,0.5886,0.6752,0.5855,0.5231,0.3134,0.4795,0.2625,0.5254,0.3092,0.2124,0.1602,0.3594,
1.0,0.9988,0.9696,0.9684,0.9684,0.9975,0.9954,0.9906,0.9857,0.924,0.7325,0.9309,0.9082,0.8341,0.7944,0.8569,0.6798,0.8229,0.9415,0.7795,0.6101,0.9526,0.7209,0.6199,0.6023,0.6052,0.8571,0.558,0.618,0.7782,0.4998,0.5429,0.386,0.5894,0.6782,0.5766,0.5225,0.3115,0.4712,0.2585,0.5231,0.3085,0.2085,0.1585,0.3492,
1.0,0.9991,0.9642,0.9633,0.9666,0.9976,0.9955,0.9906,0.9864,0.9259,0.7391,0.9247,0.9099,0.8425,0.8034,0.8516,0.6807,0.8293,0.9428,0.7759,0.6141,0.9544,0.727,0.6199,0.5957,0.6119,0.8532,0.565,0.6186,0.7795,0.5065,0.5503,0.3818,0.59,0.6781,0.5876,0.5264,0.3153,0.4733,0.2608,0.517,0.313,0.2027,0.1601,0.3572,
1.0,0.9984,0.9697,0.9681,0.9686,0.9974,0.9949,0.9895,0.9833,0.9198,0.7338,0.9313,0.9033,0.8422,0.8036,0.8535,0.6929,0.8285,0.9385,0.7822,0.6073,0.9537,0.72,0.626,0.6093,0.6093,0.8592,0.5666,0.6178,0.7743,0.4998,0.55,0.3932,0.5987,0.6723,0.5794,0.5199,0.3176,0.4856,0.2632,0.5308,0.3122,0.2062,0.1589,0.3599,
1.0,0.9989,0.9665,0.9654,0.9665,0.9966,0.9947,0.9913,0.9866,0.9254,0.7404,0.9276,0.91,0.8441,0.8089,0.8545,0.6908,0.8326,0.9428,0.7859,0.617,0.9534,0.7242,0.6239,0.5978,0.614,0.8584,0.5741,0.6259,0.7821,0.4981,0.5588,0.3874,0.5962,0.6782,0.5858,0.5236,0.3136,0.4855,0.2642,0.5247,0.3122,0.2021,0.1587,0.3663,
1.0,0.9989,0.9694,0.9683,0.9692,0.9969,0.9948,0.9906,0.9857,0.9251,0.7433,0.9321,0.9088,0.8448,0.8092,0.859,0.6926,0.8332,0.9452,0.7856,0.6207,0.9536,0.7208,0.6316,0.6034,0.623,0.8572,0.5757,0.6266,0.7828,0.5086,0.5637,0.385,0.5973,0.6855,0.5802,0.5269,0.3178,0.4764,0.2725,0.5306,0.315,0.2115,0.1638,0.362,
1.0,0.9986,0.9713,0.9699,0.9693,0.9976,0.9953,0.9884,0.9837,0.9212,0.7324,0.9334,0.9034,0.84,0.8003,0.8563,0.6823,0.8274,0.943,0.7764,0.6113,0.9538,0.7251,0.6289,0.6186,0.61,0.8534,0.5648,0.6266,0.778,0.5023,0.5561,0.3924,0.6037,0.6883,0.5865,0.5246,0.3197,0.4828,0.2609,0.5287,0.3161,0.2109,0.1661,0.3589,
1.0,0.9989,0.9667,0.9656,0.9699,0.9956,0.9938,0.9918,0.9859,0.9274,0.7422,0.93,0.9114,0.8418,0.8035,0.8581,0.6875,0.8288,0.9429,0.7874,0.6219,0.9535,0.7309,0.6297,0.607,0.6197,0.8585,0.5763,0.6211,0.787,0.5136,0.557,0.3891,0.5866,0.6775,0.5851,0.5261,0.318,0.4779,0.2662,0.5238,0.3147,0.2121,0.1644,0.3566,
1.0,0.998,0.9689,0.9669,0.9717,0.9978,0.994,0.988,0.984,0.9276,0.7387,0.9335,0.9112,0.8356,0.7932,0.8618,0.6793,0.8217,0.9383,0.7846,0.6086,0.9526,0.7279,0.6169,0.6129,0.6106,0.8579,0.5614,0.6255,0.7846,0.5052,0.5496,0.3904,0.5968,0.6841,0.5851,0.5219,0.3127,0.4828,0.2612,0.5321,0.3133,0.2143,0.1666,0.357,
1.0,0.9989,0.9684,0.9673,0.9718,0.9962,0.9944,0.9892,0.9829,0.9264,0.7361,0.9333,0.9074,0.8373,0.7982,0.8618,0.6798,0.825,0.9422,0.7869,0.6114,0.9531,0.7223,0.6245,0.6021,0.6169,0.8491,0.5617,0.6164,0.7788,0.5084,0.5498,0.3853,0.5791,0.6746,0.583,0.5234,0.3081,0.4693,0.2543,0.5241,0.3065,0.2171,0.1608,0.3463,
1.0,0.999,0.9689,0.9679,0.9718,0.9968,0.9948,0.9912,0.9866,0.921,0.7348,0.9355,0.906,0.8382,0.8041,0.8578,0.6892,0.8256,0.9443,0.7874,0.6092,0.9516,0.7169,0.6258,0.6057,0.6134,0.8594,0.5629,0.6193,0.7798,0.5095,0.5499,0.3847,0.5946,0.6811,0.5824,0.5246,0.3172,0.4807,0.2671,0.5292,0.3159,0.2069,0.1616,0.3569,
1.0,0.999,0.968,0.967,0.9695,0.998,0.996,0.9911,0.9851,0.9244,0.742,0.9318,0.9099,0.8461,0.8079,0.8574,0.6981,0.8319,0.9392,0.7898,0.6164,0.9503,0.7203,0.6283,0.6016,0.6186,0.862,0.5778,0.62,0.7796,0.5052,0.5598,0.3962,0.592,0.6754,0.5813,0.531,0.3168,0.4798,0.2707,0.5303,0.3115,0.2098,0.1627,0.3624,
1.0,0.9986,0.968,0.9666,0.9717,0.9969,0.9944,0.9904,0.9845,0.9212,0.7371,0.933,0.9052,0.8422,0.8021,0.8557,0.6744,0.8296,0.9438,0.7723,0.6109,0.9559,0.719,0.625,0.5982,0.6155,0.8458,0.5653,0.6074,0.7805,0.514,0.5612,0.3901,0.5883,0.6753,0.5732,0.5101,0.3264,0.4709,0.2449,0.5181,0.3124,0.2074,0.1603,0.3446,
1.0,0.9993,0.9671,0.9664,0.9698,0.9969,0.9949,0.9911,0.988,0.9263,0.7416,0.9305,0.9102,0.8397,0.8042,0.8579,0.6884,0.8281,0.9433,0.7853,0.6146,0.9522,0.7243,0.6221,0.6039,0.6174,0.8584,0.5724,0.6151,0.7868,0.5097,0.5514,0.3864,0.5814,0.6683,0.5819,0.5228,0.3173,0.4798,0.2541,0.5224,0.3124,0.2016,0.1653,0.353,
1.0,0.9995,0.9716,0.9711,0.9686,0.9974,0.9956,0.9914,0.986,0.9225,0.7396,0.9343,0.907,0.8432,0.8071,0.8575,0.6984,0.829,0.9352,0.7847,0.6092,0.9548,0.7237,0.6231,0.6083,0.612,0.8637,0.5659,0.6216,0.7817,0.5044,0.5496,0.3964,0.5975,0.6802,0.5735,0.5245,0.3143,0.4822,0.2665,0.5322,0.3125,0.2107,0.1639,0.3586,
1.0,0.999,0.967,0.966,0.9687,0.9973,0.9955,0.9894,0.9843,0.9194,0.7329,0.9294,0.9026,0.8422,0.804,0.8501,0.6865,0.8304,0.9402,0.7794,0.6076,0.9539,0.7207,0.6219,0.6036,0.6112,0.8561,0.5722,0.6105,0.7806,0.4979,0.5537,0.3831,0.5881,0.673,0.5768,0.5201,0.3162,0.4774,0.2516,0.5249,0.3061,0.201,0.1598,0.3587,
1.0,0.999,0.9684,0.9674,0.9692,0.997,0.9954,0.9909,0.9838,0.9213,0.7358,0.9315,0.9057,0.8424,0.8031,0.8544,0.6867,0.8283,0.9357,0.7811,0.6111,0.9547,0.7229,0.6235,0.6076,0.6081,0.8576,0.5655,0.6263,0.7807,0.4993,0.5536,0.3831,0.5943,0.6783,0.5808,0.5215,0.3174,0.4818,0.2696,0.5338,0.3091,0.2115,0.1626,0.3572,
1.0,0.9994,0.9687,0.9681,0.9709,0.9978,0.9958,0.9912,0.986,0.9198,0.7388,0.934,0.9049,0.842,0.8039,0.8552,0.6925,0.8283,0.9385,0.7809,0.6064,0.9516,0.7213,0.6249,0.6136,0.6169,0.8648,0.5724,0.62,0.7804,0.4952,0.5602,0.3924,0.5926,0.6795,0.5811,0.5203,0.3239,0.4885,0.26,0.532,0.314,0.2119,0.1653,0.3583,
1.0,0.999,0.9687,0.9677,0.9711,0.9978,0.9953,0.9904,0.9852,0.927,0.739,0.9327,0.9105,0.8372,0.7974,0.8599,0.6833,0.8235,0.9425,0.785,0.6135,0.9513,0.7252,0.6248,0.6038,0.6201,0.8563,0.5629,0.6185,0.7846,0.51,0.5535,0.3905,0.5888,0.6765,0.5835,0.5213,0.317,0.474,0.259,0.5305,0.3047,0.2104,0.167,0.3482,
1.0,0.9986,0.9708,0.9694,0.9707,0.9973,0.9949,0.9905,0.9864,0.9253,0.7364,0.9332,0.908,0.8368,0.7983,0.8589,0.6853,0.8246,0.9442,0.7842,0.6147,0.9529,0.7215,0.629,0.6052,0.618,0.8512,0.5585,0.6202,0.7743,0.5041,0.5487,0.3935,0.5864,0.6812,0.5885,0.5204,0.314,0.4753,0.2617,0.5167,0.3076,0.2094,0.1693,0.3462,
1.0,0.9991,0.965,0.9641,0.9673,0.9967,0.9948,0.9905,0.9846,0.9274,0.7415,0.9254,0.9104,0.8435,0.8042,0.8536,0.6866,0.8281,0.9382,0.7841,0.6194,0.9498,0.7264,0.6214,0.6005,0.6167,0.8536,0.5657,0.6275,0.78,0.5043,0.5509,0.3855,0.5906,0.6739,0.5858,0.5161,0.316,0.474,0.2649,0.5228,0.3099,0.209,0.1609,0.3583,
1.0,0.9992,0.9713,0.9705,0.9688,0.9971,0.9954,0.9917,0.9875,0.9199,0.7313,0.9337,0.9041,0.8361,0.7985,0.8541,0.6907,0.8239,0.9428,0.7807,0.6037,0.9538,0.7139,0.6204,0.6034,0.6051,0.8613,0.5653,0.6198,0.7746,0.4968,0.5496,0.3772,0.5912,0.6863,0.5803,0.5265,0.3164,0.4772,0.2585,0.5383,0.2986,0.2082,0.1605,0.352,
1.0,0.9994,0.9671,0.9665,0.9694,0.9974,0.9959,0.9897,0.9848,0.9268,0.7391,0.9313,0.9108,0.8407,0.8038,0.8593,0.6894,0.8288,0.9415,0.7875,0.6137,0.9533,0.7233,0.6211,0.6027,0.616,0.8589,0.576,0.6196,0.7865,0.5157,0.5563,0.3867,0.5906,0.6791,0.5833,0.5249,0.3136,0.4848,0.2624,0.5311,0.3189,0.2148,0.158,0.3632,
1.0,0.9986,0.9662,0.9648,0.9717,0.9969,0.9949,0.9903,0.9847,0.9256,0.7404,0.9305,0.9084,0.8431,0.8038,0.8572,0.6845,0.8314,0.9452,0.783,0.6151,0.9538,0.724,0.628,0.6139,0.6252,0.854,0.5766,0.6165,0.7853,0.5108,0.5558,0.3923,0.5901,0.6723,0.5895,0.5275,0.3284,0.4838,0.2626,0.522,0.3209,0.2028,0.169,0.3544,
1.0,0.9987,0.9655,0.9642,0.97,0.9973,0.9953,0.9911,0.9864,0.9231,0.7335,0.9287,0.9076,0.8364,0.8001,0.8525,0.6843,0.825,0.9401,0.7823,0.6112,0.9531,0.7241,0.6228,0.611,0.6104,0.8554,0.5622,0.6193,0.7783,0.5073,0.5448,0.3959,0.5866,0.6645,0.5799,0.5142,0.3133,0.4819,0.2599,0.5204,0.3189,0.203,0.1643,0.357,
1.0,0.9986,0.9695,0.9681,0.9692,0.9973,0.9948,0.9902,0.9859,0.923,0.7358,0.9331,0.9078,0.8389,0.8018,0.8575,0.6808,0.826,0.9412,0.7802,0.612,0.9504,0.724,0.6232,0.6078,0.6117,0.8546,0.5624,0.6176,0.7783,0.4977,0.5475,0.3924,0.5923,0.6756,0.5831,0.5201,0.3139,0.4797,0.2529,0.5197,0.3099,0.2046,0.168,0.3463,
1.0,0.9988,0.9679,0.9667,0.9685,0.9964,0.9943,0.9905,0.9848,0.9206,0.7324,0.9304,0.9041,0.8396,0.8004,0.8517,0.6789,0.8267,0.9406,0.7752,0.616,0.9545,0.7268,0.6268,0.6033,0.6061,0.8545,0.5641,0.6147,0.7792,0.4997,0.5485,0.3888,0.5875,0.6752,0.5803,0.5212,0.3191,0.4749,0.2558,0.5247,0.3064,0.2069,0.171,0.3519,
1.0,0.9988,0.9682,0.967,0.9681,0.9971,0.9949,0.9918,0.9861,0.9249,0.7361,0.9289,0.9085,0.838,0.803,0.8554,0.6854,0.8254,0.9386,0.7825,0.6091,0.9524,0.7212,0.6217,0.6032,0.6138,0.8587,0.5635,0.6196,0.7871,0.5006,0.5513,0.3848,0.6014,0.6756,0.5791,0.5184,0.3098,0.4821,0.2617,0.5264,0.3114,0.2087,0.1589,0.3528,
1.0,0.9984,0.9718,0.9702,0.9671,0.9963,0.9942,0.9895,0.9827,0.9252,0.7301,0.9319,0.9085,0.8351,0.7957,0.8587,0.6778,0.8217,0.9389,0.7784,0.6077,0.9512,0.7321,0.6206,0.6129,0.6093,0.8578,0.5626,0.6281,0.7861,0.5065,0.5473,0.3987,0.5974,0.673,0.5863,0.5168,0.3131,0.4739,0.2588,0.5146,0.3121,0.211,0.1592,0.3519,
1.0,0.9991,0.9662,0.9653,0.971,0.9966,0.9945,0.9907,0.9858,0.926,0.744,0.9326,0.9114,0.8434,0.8083,0.8599,0.6933,0.8301,0.9389,0.794,0.6178,0.9524,0.7302,0.6274,0.613,0.6216,0.8628,0.5762,0.6264,0.788,0.5164,0.5548,0.3955,0.5925,0.6747,0.5954,0.5258,0.3257,0.4889,0.2716,0.5345,0.3262,0.213,0.1664,0.3625,
1.0,0.999,0.9688,0.9678,0.9657,0.9971,0.9946,0.9888,0.9838,0.9229,0.724,0.9271,0.9041,0.8295,0.7894,0.8506,0.6735,0.8155,0.9384,0.778,0.6011,0.9515,0.7259,0.6111,0.6057,0.5975,0.8575,0.5526,0.6217,0.7815,0.504,0.5436,0.387,0.6019,0.6847,0.5818,0.5217,0.3151,0.4813,0.2575,0.522,0.3193,0.2135,0.164,0.3586,
1.0,0.9989,0.9686,0.9675,0.9734,0.997,0.9947,0.991,0.9858,0.9242,0.7368,0.9347,0.9071,0.8355,0.7972,0.8605,0.6817,0.8213,0.9392,0.7855,0.6009,0.9505,0.7142,0.6155,0.6046,0.6091,0.8552,0.5583,0.6174,0.7841,0.5058,0.5458,0.384,0.5956,0.6718,0.5786,0.5155,0.3088,0.4817,0.2587,0.5207,0.3184,0.205,0.1567,0.3564,
1.0,0.9994,0.9675,0.9669,0.9726,0.9969,0.9958,0.9915,0.9859,0.9263,0.7366,0.9323,0.9086,0.8371,0.7981,0.8596,0.6806,0.8234,0.9415,0.7862,0.6064,0.954,0.7266,0.6235,0.6107,0.6084,0.853,0.5594,0.6244,0.7899,0.5127,0.5517,0.3829,0.5921,0.6844,0.5922,0.5222,0.3128,0.4759,0.2594,0.5185,0.3125,0.216,0.1645,0.3513,
1.0,0.9992,0.9669,0.9661,0.9712,0.9974,0.9956,0.9929,0.9882,0.9217,0.7365,0.9307,0.9067,0.8366,0.8004,0.8555,0.6877,0.8239,0.9418,0.7871,0.6067,0.957,0.7193,0.6221,0.6045,0.6105,0.8614,0.5661,0.6142,0.7803,0.5068,0.5455,0.3804,0.5852,0.6806,0.5834,0.5238,0.307,0.4792,0.2562,0.5264,0.3081,0.2039,0.1623,0.351,
1.0,0.9994,0.9694,0.9688,0.9691,0.9964,0.995,0.9911,0.9852,0.9245,0.7372,0.9329,0.9079,0.8394,0.8006,0.8581,0.6831,0.8257,0.942,0.7793,0.6114,0.9496,0.7195,0.6235,0.6079,0.6145,0.8522,0.5657,0.6244,0.7805,0.5,0.5508,0.3935,0.5897,0.6723,0.5785,0.5213,0.3154,0.4774,0.2607,0.5291,0.3121,0.2046,0.1675,0.3509,
1.0,0.9985,0.9648,0.9633,0.9709,0.9982,0.9953,0.9909,0.9859,0.9248,0.7352,0.9295,0.9112,0.836,0.7989,0.8571,0.6811,0.8217,0.94,0.7857,0.6096,0.9523,0.7274,0.6195,0.6115,0.6137,0.8612,0.5694,0.6199,0.7882,0.5044,0.5452,0.3925,0.5876,0.6653,0.5879,0.5276,0.3166,0.4806,0.2561,0.5216,0.3132,0.2015,0.173,0.3517,
1.0,0.999,0.9668,0.9658,0.97,0.9969,0.9949,0.9905,0.9863,0.924,0.7398,0.9309,0.9075,0.8406,0.801,0.8559,0.6789,0.8277,0.937,0.7777,0.6064,0.9511,0.7188,0.6152,0.6051,0.6081,0.8501,0.5598,0.6194,0.778,0.4959,0.5446,0.3826,0.5938,0.6733,0.5831,0.5184,0.314,0.4779,0.2588,0.5168,0.306,0.2027,0.1619,0.3529,
1.0,0.999,0.971,0.97,0.9723,0.9975,0.995,0.9889,0.9833,0.9261,0.739,0.9369,0.9083,0.84,0.7977,0.8637,0.6891,0.8252,0.9382,0.7906,0.6127,0.9507,0.7252,0.6268,0.6142,0.6204,0.8628,0.5699,0.6308,0.7811,0.4956,0.5602,0.389,0.6042,0.6888,0.5853,0.5179,0.3082,0.4889,0.2629,0.5381,0.306,0.2124,0.1586,0.3618,
1.0,0.999,0.9643,0.9633,0.9705,0.9966,0.9951,0.9929,0.9854,0.9176,0.7356,0.9284,0.9029,0.8422,0.8039,0.8474,0.6816,0.827,0.9373,0.7754,0.6063,0.9537,0.7163,0.6186,0.6056,0.611,0.8571,0.567,0.6107,0.7803,0.4949,0.5489,0.3861,0.5832,0.6644,0.5733,0.517,0.315,0.4837,0.2533,0.5181,0.3067,0.1961,0.1637,0.3526,
1.0,0.9986,0.9663,0.9649,0.9695,0.9985,0.996,0.9894,0.9838,0.923,0.7358,0.9296,0.9078,0.8423,0.8026,0.8545,0.6849,0.8286,0.9423,0.7839,0.6135,0.9557,0.7216,0.6253,0.6023,0.6139,0.8567,0.5734,0.617,0.7829,0.5081,0.5536,0.3893,0.5898,0.6781,0.5844,0.5263,0.3213,0.4826,0.2609,0.5232,0.3128,0.2071,0.1655,0.3556,
1.0,0.9983,0.9693,0.9676,0.9683,0.9974,0.9943,0.9896,0.9846,0.9255,0.7365,0.9297,0.9083,0.8408,0.8017,0.8553,0.6863,0.8278,0.9382,0.7831,0.6145,0.9527,0.7288,0.6229,0.6131,0.6162,0.8558,0.5645,0.6255,0.7819,0.503,0.5496,0.3985,0.5955,0.6752,0.5857,0.5224,0.3203,0.4823,0.2651,0.5264,0.312,0.2104,0.1687,0.3577,
1.0,0.9984,0.9655,0.9639,0.9699,0.9973,0.9952,0.9904,0.9847,0.9227,0.7388,0.9281,0.9072,0.8425,0.8039,0.8524,0.6883,0.8287,0.9354,0.7855,0.6055,0.953,0.7239,0.6193,0.6009,0.6106,0.8609,0.5714,0.6148,0.7831,0.5099,0.5495,0.3903,0.5854,0.6708,0.5764,0.5194,0.3157,0.4883,0.2588,0.5311,0.3186,0.2083,0.1669,0.3508,
1.0,0.9989,0.9662,0.9651,0.972,0.9968,0.9944,0.9901,0.9852,0.9273,0.7413,0.9314,0.9107,0.8406,0.8033,0.8607,0.6867,0.8273,0.9421,0.7901,0.6183,0.9515,0.7269,0.6276,0.6063,0.6179,0.8579,0.5703,0.6211,0.7884,0.511,0.546,0.3873,0.5839,0.6713,0.5872,0.5225,0.3135,0.4779,0.266,0.52,0.3174,0.2093,0.1664,0.3532,
1.0,0.9991,0.9677,0.9668,0.9688,0.9967,0.9948,0.9904,0.9845,0.9255,0.7331,0.9314,0.9099,0.8356,0.7985,0.8576,0.6762,0.8228,0.9374,0.7817,0.6045,0.9516,0.7225,0.6141,0.5948,0.6037,0.8517,0.5547,0.6202,0.7816,0.5018,0.5441,0.3815,0.5886,0.6809,0.5774,0.5189,0.3089,0.4741,0.2565,0.5248,0.31,0.2132,0.1605,0.3504,
1.0,0.9988,0.9651,0.9639,0.969,0.998,0.9958,0.99,0.9854,0.9231,0.7329,0.9265,0.9065,0.8362,0.7985,0.8519,0.6809,0.824,0.9413,0.7821,0.607,0.9528,0.7214,0.6169,0.6047,0.611,0.8556,0.5646,0.6225,0.78,0.4947,0.5453,0.384,0.5914,0.6687,0.5859,0.5185,0.3058,0.4786,0.2583,0.5167,0.3076,0.2006,0.1598,0.3577,
1.0,0.9988,0.9655,0.9643,0.9679,0.9977,0.9956,0.9904,0.9848,0.9242,0.7342,0.9268,0.9084,0.8378,0.7996,0.8528,0.6786,0.8252,0.938,0.7804,0.6094,0.9544,0.7289,0.6184,0.6065,0.611,0.858,0.5699,0.6232,0.7893,0.5073,0.5572,0.3947,0.5934,0.6704,0.5798,0.5162,0.3214,0.48,0.2544,0.5262,0.3164,0.2073,0.1626,0.359,
1.0,0.9985,0.967,0.9655,0.9703,0.9974,0.995,0.9895,0.9834,0.9233,0.7376,0.9313,0.9076,0.8442,0.8053,0.8557,0.692,0.8297,0.9333,0.7883,0.6048,0.9556,0.7199,0.6151,0.6012,0.6108,0.8575,0.567,0.6123,0.7799,0.5084,0.5433,0.3875,0.5871,0.6656,0.5786,0.5168,0.3193,0.4754,0.2557,0.525,0.3145,0.2036,0.161,0.351,
1.0,0.9991,0.9687,0.9678,0.9676,0.9976,0.9954,0.989,0.983,0.9233,0.7353,0.9302,0.9065,0.8415,0.8004,0.8547,0.6904,0.8261,0.936,0.7842,0.6053,0.9493,0.7146,0.6198,0.6005,0.6171,0.8614,0.5804,0.614,0.7788,0.5017,0.5578,0.388,0.5852,0.6738,0.5736,0.5249,0.3204,0.4809,0.2558,0.5308,0.3127,0.2105,0.1627,0.3489,
1.0,0.9986,0.9701,0.9687,0.9679,0.9976,0.9952,0.9885,0.9834,0.9244,0.7313,0.9313,0.9076,0.8372,0.7955,0.8565,0.6825,0.8245,0.9399,0.7813,0.6097,0.9519,0.7244,0.62,0.6061,0.6073,0.8586,0.5636,0.6217,0.7767,0.5004,0.5457,0.3906,0.5996,0.6777,0.586,0.5244,0.3153,0.4871,0.2578,0.5291,0.3108,0.2115,0.1633,0.3592,
1.0,0.9988,0.9689,0.9677,0.9717,0.9972,0.9953,0.9912,0.9856,0.9242,0.7336,0.9345,0.9093,0.8338,0.7958,0.8591,0.6807,0.8196,0.9414,0.7837,0.6083,0.9501,0.7225,0.6218,0.6067,0.6097,0.858,0.5637,0.6204,0.7827,0.5066,0.5444,0.3932,0.5837,0.674,0.5838,0.5264,0.3155,0.4768,0.2593,0.5253,0.3078,0.2089,0.1625,0.3406,
1.0,0.9989,0.968,0.9669,0.9687,0.9974,0.9951,0.9902,0.9861,0.9251,0.7421,0.9299,0.9092,0.8446,0.8052,0.857,0.6895,0.8323,0.9418,0.7792,0.6114,0.952,0.7207,0.6222,0.5995,0.6132,0.8584,0.5729,0.6183,0.7878,0.4976,0.5603,0.3806,0.5861,0.6766,0.5794,0.5123,0.317,0.4767,0.2533,0.5245,0.307,0.2103,0.1579,0.352,
1.0,0.9988,0.9668,0.9656,0.972,0.997,0.995,0.9895,0.9829,0.9232,0.7325,0.9327,0.906,0.8375,0.7954,0.8573,0.674,0.8243,0.9413,0.7778,0.6128,0.9525,0.7258,0.6253,0.6147,0.6137,0.8508,0.5634,0.6231,0.7822,0.5069,0.5512,0.3885,0.5878,0.6691,0.5872,0.5162,0.3157,0.4824,0.2561,0.5167,0.323,0.2049,0.1638,0.351,
1.0,0.9996,0.9687,0.9683,0.9675,0.9964,0.9951,0.99,0.9831,0.9296,0.7357,0.9309,0.9124,0.837,0.7975,0.8613,0.68,0.8198,0.9383,0.7865,0.6121,0.9478,0.7254,0.6201,0.5999,0.6094,0.8551,0.562,0.6213,0.7826,0.5116,0.5456,0.3895,0.5904,0.6754,0.5862,0.5249,0.3148,0.4762,0.2634,0.5218,0.3129,0.207,0.1643,0.3511,
1.0,0.9981,0.9646,0.9627,0.9704,0.9977,0.9952,0.9904,0.9858,0.9206,0.7293,0.9269,0.9046,0.8348,0.7965,0.8495,0.6782,0.8236,0.9415,0.7796,0.6016,0.954,0.7161,0.6142,0.5988,0.6041,0.8573,0.559,0.6114,0.7816,0.5103,0.5381,0.3875,0.5901,0.6709,0.5758,0.5214,0.32,0.4783,0.2498,0.5152,0.316,0.1997,0.1586,0.3544,
1.0,0.9985,0.967,0.9655,0.9695,0.9974,0.9948,0.992,0.9861,0.9256,0.7424,0.9285,0.9108,0.8431,0.8051,0.8554,0.6823,0.8296,0.9388,0.7764,0.6201,0.9524,0.7258,0.6278,0.603,0.6157,0.8498,0.5622,0.6213,0.787,0.5067,0.5497,0.3866,0.5856,0.674,0.5866,0.5147,0.3188,0.4707,0.2668,0.5156,0.316,0.2106,0.1615,0.3439,
1.0,0.999,0.97,0.969,0.9729,0.9968,0.9945,0.9907,0.9855,0.9279,0.7389,0.9359,0.9115,0.8345,0.7958,0.8649,0.6794,0.8201,0.9416,0.7878,0.613,0.9508,0.7257,0.625,0.6045,0.6125,0.8522,0.5597,0.6225,0.7832,0.5005,0.5471,0.3915,0.5893,0.678,0.5899,0.5203,0.3027,0.4752,0.2588,0.5232,0.3088,0.2093,0.17,0.3457,
1.0,0.9985,0.9705,0.969,0.9691,0.9983,0.9961,0.9917,0.9874,0.9242,0.7388,0.9331,0.9106,0.8408,0.8067,0.8596,0.6941,0.8296,0.9421,0.786,0.6155,0.9531,0.7238,0.6276,0.6015,0.6127,0.8616,0.5649,0.6273,0.7859,0.5047,0.5473,0.3897,0.5914,0.6771,0.5831,0.5212,0.3147,0.4814,0.2685,0.5347,0.3065,0.2098,0.164,0.3569,
1.0,0.9987,0.9663,0.965,0.9667,0.9968,0.9947,0.9923,0.9867,0.9278,0.7439,0.9259,0.9131,0.8417,0.8053,0.8548,0.6844,0.8289,0.9409,0.7828,0.6208,0.9547,0.7335,0.6248,0.6064,0.6136,0.8559,0.5619,0.6278,0.7862,0.5073,0.5486,0.3835,0.5903,0.671,0.5942,0.5133,0.3073,0.4783,0.2659,0.5229,0.3129,0.2085,0.1584,0.3522,
1.0,0.9989,0.9675,0.9664,0.9685,0.9975,0.9958,0.9903,0.9854,0.9243,0.734,0.9298,0.9087,0.8372,0.8009,0.8552,0.6881,0.826,0.9385,0.7862,0.6051,0.9546,0.7225,0.6155,0.5981,0.6087,0.8609,0.5698,0.6134,0.7881,0.5049,0.5472,0.3781,0.5858,0.6778,0.5769,0.5249,0.3149,0.4822,0.2603,0.5259,0.3094,0.2142,0.1599,0.3527,
1.0,0.9989,0.9685,0.9674,0.9677,0.9968,0.9951,0.9896,0.9837,0.9266,0.7412,0.9303,0.91,0.845,0.806,0.8582,0.6933,0.8324,0.9423,0.7871,0.6242,0.951,0.7301,0.6335,0.6146,0.623,0.8613,0.5787,0.631,0.7842,0.51,0.5606,0.3921,0.5926,0.6772,0.5972,0.5267,0.3284,0.4906,0.2699,0.5274,0.319,0.2124,0.1685,0.3605,
1.0,0.9987,0.9664,0.9651,0.9688,0.9974,0.9951,0.9897,0.9849,0.9239,0.7274,0.9295,0.9083,0.8313,0.7933,0.8534,0.6805,0.8185,0.9423,0.7865,0.6016,0.9479,0.7151,0.6101,0.5935,0.6025,0.8611,0.5606,0.6151,0.781,0.4988,0.5403,0.3805,0.5913,0.6745,0.5773,0.5168,0.3151,0.4881,0.2567,0.5257,0.3128,0.2068,0.1645,0.3512,
1.0,0.999,0.9655,0.9645,0.9713,0.9972,0.9947,0.9893,0.9854,0.9215,0.7439,0.9303,0.9038,0.8458,0.8091,0.8537,0.6945,0.8316,0.9398,0.7862,0.611,0.947,0.7107,0.6231,0.5993,0.6259,0.8596,0.5817,0.6125,0.7846,0.511,0.5613,0.3895,0.5857,0.6704,0.5711,0.5158,0.3233,0.4765,0.2583,0.5228,0.3162,0.2125,0.1524,0.3641,
1.0,0.9984,0.971,0.9694,0.972,0.9973,0.9951,0.989,0.9832,0.9239,0.737,0.936,0.9066,0.8393,0.7996,0.8611,0.6865,0.8262,0.9448,0.7861,0.6128,0.9526,0.7205,0.6257,0.6138,0.6221,0.8558,0.5707,0.6242,0.7818,0.5093,0.5579,0.3967,0.6049,0.6865,0.5883,0.5285,0.3154,0.4843,0.2611,0.5316,0.3158,0.2187,0.167,0.3629,
1.0,0.9986,0.9682,0.9668,0.9692,0.9975,0.9958,0.9921,0.9871,0.9257,0.7411,0.9305,0.9121,0.8402,0.804,0.8577,0.6885,0.8292,0.9452,0.7834,0.6241,0.9572,0.7328,0.6332,0.6118,0.616,0.8614,0.5685,0.6259,0.7884,0.5116,0.5518,0.3933,0.5952,0.6758,0.5963,0.5325,0.3192,0.4926,0.2736,0.5253,0.3188,0.1985,0.1762,0.3625,
1.0,0.9991,0.9666,0.9657,0.9723,0.9975,0.996,0.9901,0.9835,0.9216,0.7391,0.9318,0.9043,0.8426,0.803,0.8544,0.6869,0.8306,0.9427,0.7831,0.6089,0.9534,0.7147,0.6266,0.6008,0.619,0.8546,0.5695,0.6147,0.7866,0.511,0.5533,0.3824,0.5919,0.6726,0.5744,0.5213,0.3214,0.4831,0.2685,0.5207,0.3171,0.2089,0.1554,0.3593,
1.0,0.9985,0.9695,0.968,0.9668,0.9964,0.9939,0.9901,0.9848,0.9246,0.7352,0.9293,0.9078,0.8399,0.8018,0.8557,0.6846,0.8252,0.937,0.7816,0.6118,0.951,0.7249,0.621,0.5982,0.6054,0.856,0.5614,0.6264,0.7806,0.5037,0.5492,0.3862,0.5898,0.6799,0.5864,0.5205,0.3196,0.481,0.267,0.5318,0.3101,0.2117,0.1692,0.3516,
1.0,0.9993,0.9685,0.9678,0.9693,0.9983,0.9963,0.9913,0.9867,0.9287,0.7418,0.9319,0.9148,0.8386,0.8033,0.862,0.6893,0.8254,0.9413,0.7883,0.6147,0.9568,0.7297,0.6243,0.609,0.616,0.8599,0.5665,0.6308,0.788,0.5104,0.5533,0.3918,0.5967,0.6825,0.595,0.5242,0.3125,0.4828,0.2655,0.5289,0.3192,0.2074,0.1601,0.364,
1.0,0.9984,0.9673,0.9657,0.97,0.9981,0.9955,0.9894,0.9845,0.9238,0.7311,0.9306,0.9091,0.8354,0.7967,0.8567,0.6765,0.8247,0.9398,0.78,0.6114,0.9517,0.725,0.6228,0.6066,0.6083,0.8532,0.5594,0.6234,0.7823,0.5028,0.5489,0.3958,0.593,0.6703,0.5812,0.5192,0.3177,0.4729,0.2599,0.5209,0.3111,0.211,0.1656,0.3514,
1.0,0.9988,0.9688,0.9676,0.9725,0.9975,0.9956,0.9897,0.9832,0.9234,0.7398,0.9348,0.9071,0.8421,0.8024,0.8594,0.684,0.8284,0.9392,0.7823,0.6095,0.9506,0.7175,0.6256,0.5999,0.6164,0.8517,0.5686,0.6135,0.7849,0.5077,0.5563,0.3916,0.5935,0.6744,0.5767,0.5221,0.3173,0.4709,0.259,0.5225,0.3181,0.2112,0.1661,0.3477,
1.0,0.9989,0.9668,0.9657,0.9703,0.9974,0.9951,0.9886,0.9816,0.9259,0.731,0.9305,0.9087,0.8348,0.7912,0.8573,0.6737,0.8213,0.9397,0.7823,0.6087,0.957,0.7248,0.62,0.6061,0.6074,0.8509,0.562,0.6217,0.7827,0.5036,0.5486,0.3758,0.5881,0.6783,0.5815,0.5182,0.3041,0.4766,0.252,0.5228,0.3109,0.2067,0.1576,0.345,
1.0,0.999,0.9676,0.9666,0.9708,0.9972,0.9953,0.9914,0.9864,0.9233,0.732,0.9322,0.9082,0.8343,0.796,0.8564,0.6827,0.8214,0.9408,0.7842,0.6037,0.9545,0.7228,0.6156,0.6091,0.6134,0.8605,0.5689,0.6154,0.7843,0.5078,0.5522,0.3885,0.5851,0.6695,0.577,0.5242,0.3268,0.4769,0.2565,0.5198,0.3044,0.203,0.1651,0.3441,
1.0,0.9984,0.9661,0.9645,0.9647,0.9972,0.9943,0.9892,0.9844,0.9272,0.7327,0.9246,0.9112,0.8363,0.7998,0.8541,0.6817,0.8228,0.9379,0.7832,0.6115,0.9501,0.73,0.6163,0.604,0.61,0.8598,0.5619,0.6312,0.7834,0.5041,0.5474,0.3811,0.5875,0.6756,0.5885,0.5257,0.3128,0.481,0.2694,0.527,0.3174,0.211,0.16,0.3606,
1.0,0.999,0.9671,0.9661,0.9715,0.9971,0.9951,0.9907,0.9858,0.9253,0.7441,0.9317,0.9088,0.8456,0.8062,0.858,0.6906,0.8317,0.9355,0.7846,0.6114,0.9526,0.7248,0.6239,0.6045,0.6108,0.8559,0.5673,0.6219,0.7845,0.513,0.5483,0.3948,0.5862,0.6675,0.5871,0.5173,0.3204,0.4872,0.2593,0.5187,0.3172,0.2144,0.1614,0.36,
1.0,0.9993,0.9675,0.9668,0.9714,0.998,0.9964,0.9918,0.9864,0.9223,0.7387,0.9328,0.9077,0.8385,0.8015,0.8578,0.6872,0.8251,0.9397,0.7836,0.6109,0.9549,0.7242,0.6249,0.6083,0.6175,0.8597,0.5681,0.619,0.7822,0.51,0.549,0.3937,0.5849,0.6715,0.5811,0.5208,0.3213,0.4778,0.257,0.5196,0.3094,0.2117,0.1664,0.3498,
1.0,0.9982,0.9686,0.9668,0.975,0.9969,0.9936,0.9913,0.9874,0.9275,0.7413,0.9376,0.913,0.8355,0.7995,0.8649,0.6842,0.8225,0.944,0.791,0.6169,0.9556,0.7297,0.6285,0.6155,0.6178,0.8565,0.5685,0.6265,0.7944,0.5213,0.5542,0.3951,0.599,0.6842,0.5899,0.5269,0.3161,0.4856,0.2612,0.5297,0.3273,0.2171,0.1722,0.3607,
1.0,0.9991,0.968,0.9671,0.97,0.9964,0.9941,0.9897,0.9842,0.9276,0.7365,0.9314,0.9089,0.8352,0.7954,0.8605,0.6832,0.8208,0.9411,0.7916,0.6108,0.9493,0.7212,0.6195,0.6023,0.6153,0.8568,0.5644,0.6209,0.7838,0.5074,0.5464,0.3794,0.589,0.6778,0.5801,0.5226,0.3119,0.4793,0.2675,0.5332,0.3094,0.2076,0.165,0.3503,
1.0,0.999,0.9668,0.9658,0.971,0.9977,0.9956,0.9902,0.9844,0.9258,0.7368,0.9317,0.9099,0.8364,0.7991,0.8596,0.6807,0.8209,0.9379,0.7883,0.6077,0.9539,0.7231,0.617,0.611,0.614,0.8591,0.5654,0.6237,0.7893,0.5129,0.5501,0.3866,0.5945,0.6794,0.586,0.5224,0.3159,0.4854,0.2625,0.5296,0.3166,0.2125,0.1601,0.3542,
1.0,0.9989,0.9714,0.9703,0.9706,0.9968,0.9948,0.9907,0.9857,0.9223,0.735,0.9362,0.9068,0.8373,0.799,0.8591,0.6776,0.8257,0.938,0.7738,0.6059,0.9514,0.7172,0.6192,0.6064,0.6036,0.8505,0.5564,0.6199,0.7811,0.5015,0.5464,0.3897,0.5906,0.6743,0.576,0.5124,0.3243,0.4704,0.2563,0.5174,0.3089,0.2117,0.159,0.3428,
1.0,0.999,0.9695,0.9685,0.9712,0.9976,0.9958,0.9903,0.9839,0.9207,0.7275,0.934,0.904,0.8328,0.7937,0.8567,0.6813,0.8186,0.9396,0.7836,0.6088,0.9524,0.7234,0.6256,0.6116,0.6082,0.8595,0.5623,0.6209,0.7777,0.5009,0.5431,0.3911,0.5841,0.6764,0.5804,0.5266,0.3152,0.4775,0.2601,0.5289,0.3065,0.2072,0.1684,0.3524,
1.0,0.9992,0.9712,0.9704,0.9673,0.9973,0.9952,0.9907,0.9853,0.9195,0.7291,0.9337,0.9047,0.8366,0.8007,0.854,0.6836,0.822,0.9408,0.7798,0.6135,0.9492,0.7204,0.6269,0.6052,0.6049,0.8569,0.5635,0.6267,0.7786,0.4985,0.5505,0.3885,0.5901,0.6803,0.5808,0.5146,0.311,0.4759,0.2605,0.5312,0.3087,0.2087,0.1619,0.3498,
1.0,0.9989,0.9681,0.967,0.9684,0.9969,0.9949,0.9903,0.9853,0.9107,0.7274,0.9298,0.8944,0.8423,0.8048,0.8429,0.6828,0.8296,0.9398,0.7644,0.605,0.9508,0.7114,0.6245,0.6029,0.6027,0.8526,0.5637,0.6056,0.7637,0.4831,0.5465,0.3853,0.5902,0.6694,0.5648,0.5147,0.3062,0.4746,0.2546,0.5158,0.2958,0.1946,0.1596,0.3455,
1.0,0.9989,0.9699,0.9688,0.9673,0.9974,0.9949,0.9895,0.9859,0.9232,0.7432,0.9296,0.9054,0.8483,0.812,0.8538,0.6975,0.8377,0.9424,0.7799,0.62,0.9563,0.7281,0.6333,0.6127,0.6254,0.8526,0.5768,0.6225,0.7806,0.5081,0.5668,0.398,0.5958,0.68,0.5845,0.5156,0.3255,0.4808,0.2687,0.5234,0.3113,0.2097,0.1656,0.3624,
1.0,0.9988,0.9695,0.9683,0.9721,0.9971,0.9953,0.991,0.9857,0.9268,0.7359,0.9357,0.9117,0.8353,0.7996,0.8633,0.6867,0.8224,0.9393,0.7908,0.6084,0.9502,0.7213,0.6217,0.6041,0.6085,0.8562,0.557,0.6275,0.7835,0.5047,0.5404,0.3887,0.5913,0.6739,0.5881,0.5207,0.3077,0.4855,0.2615,0.5213,0.3144,0.2082,0.1644,0.361,
1.0,0.9983,0.9654,0.9637,0.9705,0.9978,0.9951,0.9905,0.9846,0.9223,0.7367,0.9286,0.9071,0.8414,0.8031,0.8523,0.6873,0.8271,0.9376,0.785,0.6075,0.9518,0.7203,0.6184,0.6014,0.6098,0.8609,0.5689,0.6165,0.7847,0.4989,0.5535,0.3852,0.5835,0.6719,0.5731,0.5217,0.3104,0.4755,0.259,0.5276,0.3118,0.2049,0.1543,0.3553,
1.0,0.9987,0.9705,0.9692,0.9682,0.9976,0.9949,0.9905,0.9862,0.9255,0.7358,0.9323,0.9097,0.8381,0.7995,0.8592,0.6853,0.8243,0.9399,0.7831,0.6144,0.9532,0.7288,0.6267,0.6064,0.6079,0.8551,0.5606,0.6295,0.7801,0.5119,0.5484,0.3941,0.5968,0.6794,0.5922,0.5153,0.32,0.479,0.2626,0.5278,0.3145,0.2143,0.1625,0.3514,
1.0,0.999,0.9675,0.9665,0.9697,0.9977,0.9958,0.9907,0.9847,0.9215,0.7302,0.9314,0.9065,0.8356,0.7967,0.8551,0.6815,0.8228,0.9404,0.7829,0.6115,0.9556,0.7245,0.624,0.604,0.6019,0.8599,0.5654,0.6159,0.7829,0.5006,0.5489,0.389,0.5855,0.6732,0.5812,0.5215,0.3119,0.4767,0.2578,0.5268,0.3114,0.2099,0.1587,0.3527,
1.0,0.9995,0.9675,0.967,0.9702,0.9973,0.9959,0.9911,0.9844,0.9262,0.733,0.9331,0.9112,0.8358,0.796,0.8605,0.6783,0.8198,0.9365,0.783,0.6104,0.9542,0.7328,0.6222,0.612,0.6083,0.8565,0.5595,0.6294,0.7843,0.5085,0.5428,0.4015,0.6045,0.6781,0.5919,0.5188,0.3106,0.4929,0.2606,0.5224,0.3194,0.2092,0.1668,0.3638,
1.0,0.9991,0.9641,0.9632,0.9687,0.9968,0.9948,0.9904,0.9845,0.9223,0.7425,0.9257,0.9045,0.8471,0.8077,0.8493,0.6907,0.8338,0.9421,0.7806,0.6166,0.9522,0.7209,0.6269,0.6023,0.6293,0.8546,0.5809,0.616,0.7802,0.4995,0.5658,0.3904,0.5901,0.6792,0.5831,0.5251,0.3214,0.4709,0.2663,0.5209,0.311,0.2083,0.1663,0.3553,
1.0,0.9981,0.968,0.9661,0.9679,0.9977,0.9945,0.9901,0.9862,0.9249,0.7328,0.9289,0.9108,0.8339,0.7965,0.8547,0.6856,0.8221,0.9456,0.7864,0.6126,0.9567,0.7294,0.6227,0.6064,0.6098,0.8621,0.5643,0.621,0.7801,0.5018,0.5427,0.3906,0.5961,0.6784,0.5892,0.5328,0.3109,0.4877,0.2615,0.526,0.3135,0.2048,0.1735,0.3607,
1.0,0.9991,0.968,0.9671,0.9674,0.9978,0.9956,0.9896,0.9853,0.9241,0.7372,0.9305,0.9092,0.8409,0.8023,0.856,0.6862,0.8278,0.9399,0.7799,0.6117,0.951,0.7262,0.6214,0.6027,0.6136,0.862,0.5659,0.6193,0.7778,0.5045,0.5503,0.3878,0.5865,0.6767,0.579,0.5256,0.3193,0.4722,0.2611,0.526,0.3114,0.2054,0.1557,0.3489,
1.0,0.9988,0.9703,0.9691,0.9674,0.9973,0.9951,0.9911,0.9859,0.9238,0.7283,0.9309,0.9083,0.8324,0.7946,0.8552,0.6822,0.8212,0.9443,0.782,0.606,0.9576,0.7264,0.6191,0.6081,0.6115,0.86,0.5701,0.6208,0.7849,0.5038,0.5558,0.387,0.5984,0.6868,0.587,0.5216,0.3146,0.4835,0.2544,0.5298,0.3115,0.2109,0.1637,0.3618,
1.0,0.999,0.9703,0.9693,0.9702,0.9973,0.9951,0.9898,0.9839,0.9254,0.7378,0.934,0.9084,0.8396,0.7997,0.8602,0.6833,0.8243,0.9379,0.7815,0.616,0.9501,0.7254,0.6286,0.6089,0.6173,0.8501,0.5627,0.6251,0.7809,0.5106,0.5544,0.3966,0.5836,0.6749,0.5805,0.5094,0.3176,0.4741,0.2581,0.5223,0.313,0.2144,0.1612,0.3478,
1.0,0.9981,0.9679,0.966,0.9705,0.9972,0.9943,0.989,0.9834,0.9213,0.7329,0.9305,0.9041,0.8374,0.7973,0.8523,0.6837,0.824,0.9393,0.7833,0.6072,0.948,0.7181,0.62,0.6042,0.6103,0.8599,0.5616,0.6185,0.7806,0.5003,0.5451,0.3924,0.5916,0.6702,0.5749,0.5148,0.3105,0.4863,0.2613,0.5319,0.3116,0.2052,0.1625,0.3527,
1.0,0.9982,0.9676,0.9658,0.9684,0.9979,0.9953,0.9892,0.9849,0.9268,0.7378,0.9277,0.9098,0.8384,0.7998,0.8549,0.6837,0.8259,0.9444,0.7799,0.6118,0.9526,0.7205,0.6169,0.592,0.6153,0.8522,0.5611,0.6156,0.7858,0.5058,0.5515,0.3773,0.589,0.6844,0.579,0.5244,0.3065,0.478,0.2559,0.5235,0.3097,0.2114,0.1655,0.3544,
1.0,0.9993,0.9684,0.9677,0.9716,0.998,0.9964,0.9903,0.9847,0.9246,0.7361,0.9344,0.9093,0.8384,0.7985,0.8593,0.685,0.8268,0.9433,0.7838,0.6223,0.9543,0.7305,0.6351,0.6148,0.6109,0.8567,0.565,0.6333,0.7843,0.5026,0.5519,0.3948,0.5992,0.6784,0.5879,0.5192,0.3042,0.4907,0.2672,0.5312,0.3147,0.2041,0.1723,0.3616,
1.0,0.9994,0.968,0.9674,0.9708,0.9978,0.996,0.9914,0.9872,0.923,0.7281,0.9327,0.908,0.8293,0.7942,0.8564,0.6803,0.8165,0.9419,0.7828,0.5987,0.9512,0.7158,0.6133,0.5982,0.6013,0.8575,0.552,0.6177,0.7813,0.5027,0.5401,0.3843,0.5869,0.6782,0.5773,0.5175,0.3084,0.4756,0.2536,0.5259,0.309,0.2123,0.159,0.3481,
1.0,0.9991,0.9652,0.9643,0.9689,0.9975,0.9962,0.9922,0.9855,0.9204,0.7273,0.9278,0.9062,0.8324,0.7924,0.8492,0.6775,0.8198,0.9428,0.7788,0.6044,0.9557,0.7165,0.6157,0.5987,0.6065,0.8537,0.5654,0.6162,0.774,0.5006,0.5477,0.3841,0.5858,0.6719,0.5801,0.5188,0.3102,0.4804,0.253,0.5255,0.3078,0.2029,0.1643,0.3497,
1.0,0.9992,0.9653,0.9645,0.9694,0.9975,0.996,0.9911,0.9859,0.9249,0.7379,0.9278,0.9082,0.8385,0.7986,0.8548,0.6819,0.8265,0.9398,0.7815,0.6057,0.9542,0.7196,0.6157,0.6034,0.6119,0.8585,0.5674,0.6194,0.7804,0.5096,0.5517,0.3879,0.5904,0.6792,0.5794,0.5139,0.3207,0.4792,0.2591,0.5294,0.3174,0.2168,0.1594,0.3606,
1.0,0.9992,0.9696,0.9688,0.9687,0.9975,0.9955,0.9902,0.9841,0.9208,0.7285,0.9315,0.9046,0.8359,0.7955,0.8535,0.6806,0.822,0.9411,0.7789,0.6076,0.9537,0.7212,0.6191,0.6075,0.6046,0.8567,0.5576,0.6198,0.7762,0.5073,0.5458,0.3916,0.5983,0.6828,0.5846,0.528,0.3173,0.4894,0.2627,0.5292,0.318,0.2146,0.1665,0.3594,
1.0,0.9989,0.9689,0.9678,0.9693,0.9982,0.9957,0.9887,0.9845,0.933,0.7448,0.9305,0.9152,0.8423,0.8012,0.8647,0.6881,0.83,0.9418,0.7906,0.616,0.9537,0.7287,0.6219,0.6076,0.6192,0.8536,0.572,0.6308,0.789,0.5107,0.555,0.3881,0.599,0.678,0.5909,0.5288,0.3139,0.4779,0.2683,0.5274,0.3164,0.2158,0.1661,0.3592,
1.0,0.999,0.9691,0.9681,0.9672,0.9971,0.9954,0.9906,0.9842,0.9215,0.7327,0.9306,0.9059,0.8417,0.8029,0.8543,0.6896,0.8283,0.9386,0.7811,0.609,0.9539,0.7233,0.623,0.609,0.6086,0.8604,0.568,0.6231,0.7756,0.5013,0.5547,0.3905,0.593,0.679,0.5809,0.5199,0.3206,0.4813,0.2612,0.5307,0.3166,0.2089,0.1587,0.359,
1.0,0.9986,0.9676,0.9662,0.9695,0.9977,0.9956,0.9904,0.9852,0.9233,0.738,0.9298,0.9073,0.8413,0.8031,0.8541,0.6926,0.8295,0.9458,0.7846,0.6144,0.955,0.7207,0.6258,0.6046,0.6134,0.8591,0.5696,0.6199,0.7803,0.5155,0.5498,0.388,0.5948,0.683,0.5858,0.5304,0.3232,0.4867,0.2646,0.531,0.3201,0.2101,0.1638,0.3544,
1.0,0.9987,0.9673,0.966,0.966,0.9968,0.9946,0.9897,0.9842,0.9195,0.7303,0.9251,0.9014,0.8406,0.801,0.8454,0.6864,0.8271,0.9426,0.776,0.6049,0.9564,0.7169,0.6186,0.6072,0.6124,0.8569,0.5736,0.6116,0.7795,0.5051,0.5576,0.3865,0.6016,0.6825,0.5812,0.5329,0.3217,0.4858,0.2577,0.5195,0.3177,0.2089,0.1628,0.3623,
1.0,0.9992,0.9672,0.9664,0.9706,0.9975,0.996,0.9901,0.9837,0.9217,0.7399,0.9312,0.9049,0.8447,0.8034,0.854,0.684,0.8306,0.9417,0.7761,0.6144,0.9517,0.7178,0.6272,0.6006,0.6174,0.8508,0.5725,0.6136,0.7767,0.505,0.5574,0.3773,0.5755,0.6731,0.5787,0.5257,0.3122,0.4679,0.2571,0.5188,0.3039,0.2091,0.1602,0.3448,
1.0,0.9991,0.9679,0.967,0.9722,0.9978,0.9963,0.9917,0.9859,0.9253,0.7369,0.9349,0.912,0.8369,0.8019,0.8618,0.6887,0.8228,0.9405,0.7917,0.6089,0.9533,0.7207,0.622,0.6064,0.6139,0.8612,0.5681,0.6205,0.7863,0.5016,0.5442,0.3833,0.5875,0.672,0.5867,0.5251,0.307,0.4851,0.2614,0.5273,0.3125,0.2057,0.1665,0.354,
1.0,0.9995,0.9656,0.9651,0.9693,0.9979,0.9964,0.9895,0.984,0.9227,0.7405,0.9285,0.9059,0.8459,0.808,0.8524,0.6907,0.8327,0.9411,0.7807,0.6107,0.947,0.7141,0.6242,0.5987,0.6225,0.8528,0.5726,0.614,0.7829,0.5038,0.5621,0.3887,0.5959,0.6773,0.5825,0.5184,0.3237,0.4737,0.2615,0.5261,0.3134,0.2117,0.1639,0.3567,
1.0,0.9985,0.9684,0.9669,0.9714,0.9968,0.9948,0.9891,0.9824,0.9227,0.7323,0.9321,0.9045,0.837,0.7968,0.8563,0.6818,0.8242,0.9419,0.7847,0.6105,0.9551,0.7229,0.6261,0.6112,0.6123,0.8533,0.5636,0.6225,0.7812,0.5032,0.5531,0.383,0.5945,0.6876,0.5912,0.5214,0.3095,0.4793,0.2566,0.5277,0.3138,0.2132,0.1608,0.3519,
1.0,0.999,0.9705,0.9695,0.9707,0.9973,0.9952,0.9888,0.9829,0.9248,0.7383,0.935,0.9076,0.8427,0.8007,0.8605,0.6915,0.8288,0.9398,0.7882,0.6187,0.9539,0.7291,0.6336,0.6109,0.6161,0.8565,0.5724,0.6227,0.7766,0.507,0.5544,0.392,0.5847,0.6755,0.5934,0.5222,0.3064,0.4775,0.2584,0.5288,0.3062,0.209,0.1659,0.3498,
1.0,0.9984,0.9683,0.9667,0.9671,0.9973,0.9952,0.9908,0.9846,0.9218,0.7316,0.9286,0.9065,0.8385,0.7994,0.8516,0.6806,0.8265,0.9432,0.7737,0.6129,0.9542,0.7242,0.6248,0.6051,0.6127,0.8531,0.5674,0.6182,0.778,0.4988,0.5521,0.3896,0.5852,0.6726,0.5863,0.521,0.314,0.4724,0.2564,0.5193,0.3094,0.2038,0.1685,0.3483,
1.0,0.9985,0.9687,0.9672,0.9707,0.9976,0.9952,0.9896,0.9822,0.9225,0.7366,0.9324,0.9065,0.8417,0.8024,0.8564,0.6856,0.8269,0.9381,0.7813,0.6133,0.9531,0.7258,0.6283,0.6103,0.6215,0.853,0.5664,0.6247,0.7852,0.5086,0.5583,0.3927,0.5917,0.672,0.584,0.5113,0.318,0.4748,0.2596,0.525,0.3139,0.2062,0.1608,0.3489,
1.0,0.9994,0.9652,0.9646,0.9696,0.997,0.9958,0.991,0.9846,0.9258,0.7385,0.9293,0.9099,0.8401,0.8016,0.8565,0.6817,0.8272,0.9378,0.784,0.6138,0.9521,0.7269,0.6197,0.6056,0.6142,0.8562,0.5684,0.617,0.7863,0.5053,0.5449,0.3907,0.5891,0.666,0.5784,0.5114,0.3124,0.4762,0.2571,0.5194,0.3128,0.2019,0.1583,0.3513,
1.0,0.999,0.9666,0.9656,0.972,0.997,0.9951,0.9896,0.9851,0.9201,0.7371,0.9328,0.9036,0.8416,0.8036,0.8538,0.6831,0.8295,0.9402,0.7814,0.6082,0.9519,0.7169,0.6221,0.6024,0.6145,0.8524,0.5667,0.6109,0.7749,0.4992,0.5479,0.3869,0.5852,0.6693,0.5788,0.5219,0.3122,0.4707,0.2534,0.5178,0.3074,0.2003,0.1651,0.3542,
1.0,0.9983,0.9681,0.9664,0.9683,0.9974,0.9941,0.9891,0.9843,0.9226,0.7361,0.9281,0.9046,0.8417,0.8006,0.8515,0.6832,0.828,0.9398,0.7737,0.6115,0.9488,0.717,0.6246,0.6109,0.6172,0.8484,0.5697,0.6272,0.7737,0.5076,0.5565,0.393,0.5907,0.6663,0.5802,0.5164,0.3192,0.4635,0.2659,0.5101,0.3117,0.2084,0.1612,0.3516,
1.0,0.9988,0.9688,0.9676,0.9697,0.9973,0.9948,0.9898,0.9843,0.9223,0.7404,0.932,0.9052,0.8427,0.806,0.8553,0.6844,0.828,0.9405,0.7772,0.6125,0.9504,0.7176,0.6251,0.6014,0.6159,0.8518,0.5631,0.6189,0.7808,0.509,0.5464,0.394,0.5984,0.679,0.577,0.5203,0.3149,0.4823,0.2598,0.5172,0.3276,0.2041,0.16,0.3632,
1.0,0.9993,0.9639,0.9632,0.9693,0.9968,0.9951,0.9913,0.9851,0.9236,0.7448,0.9264,0.9067,0.8483,0.8106,0.8524,0.6902,0.8347,0.9427,0.7817,0.619,0.9529,0.7214,0.6278,0.6041,0.6265,0.8536,0.5755,0.6164,0.7826,0.5061,0.5609,0.3815,0.5881,0.6732,0.5834,0.5259,0.3212,0.4721,0.2667,0.5185,0.3093,0.2093,0.1626,0.3594,
1.0,0.9988,0.9678,0.9666,0.9699,0.9971,0.9953,0.9908,0.985,0.9248,0.733,0.9327,0.9103,0.8359,0.7981,0.8591,0.6776,0.8217,0.9372,0.7833,0.6094,0.951,0.7259,0.6195,0.6072,0.6088,0.8547,0.5625,0.6233,0.7845,0.503,0.5461,0.3831,0.5827,0.674,0.5828,0.5177,0.3208,0.4757,0.2634,0.5244,0.3124,0.2156,0.1646,0.3477,
1.0,0.9992,0.9705,0.9697,0.9706,0.9962,0.9949,0.9927,0.9864,0.9217,0.7333,0.9345,0.9064,0.8338,0.7963,0.8569,0.6826,0.8202,0.9435,0.7817,0.6024,0.9505,0.706,0.6166,0.5914,0.6106,0.8548,0.5661,0.6138,0.7843,0.5109,0.5533,0.3818,0.5887,0.6763,0.5723,0.5213,0.31,0.47,0.2562,0.5239,0.3062,0.2157,0.1578,0.3477,
1.0,0.9989,0.9652,0.9641,0.9717,0.9978,0.996,0.9906,0.9848,0.9232,0.7428,0.9291,0.9067,0.8453,0.8082,0.8533,0.6869,0.8326,0.944,0.7817,0.6159,0.9548,0.7192,0.6296,0.6044,0.6233,0.8504,0.5777,0.6131,0.7906,0.5103,0.5618,0.3833,0.588,0.6726,0.5823,0.5194,0.3176,0.4759,0.2595,0.5234,0.3122,0.2026,0.1659,0.356,
1.0,0.9992,0.9655,0.9647,0.9705,0.9971,0.9951,0.9907,0.9859,0.9272,0.7419,0.9299,0.9113,0.8405,0.8055,0.8583,0.686,0.8278,0.9428,0.7877,0.6165,0.955,0.7297,0.6246,0.6063,0.621,0.8561,0.5713,0.6221,0.7909,0.5182,0.5573,0.3911,0.5971,0.684,0.5877,0.5252,0.3258,0.4881,0.2719,0.5284,0.3198,0.2139,0.1656,0.3593,
1.0,0.9996,0.9671,0.9667,0.9688,0.9971,0.9957,0.9908,0.9849,0.9258,0.7389,0.9298,0.9091,0.8408,0.7988,0.8567,0.6782,0.8277,0.9421,0.7777,0.6153,0.9553,0.7301,0.6248,0.6093,0.6161,0.855,0.568,0.6212,0.7788,0.5049,0.5547,0.3878,0.5953,0.6782,0.5837,0.5184,0.3203,0.4774,0.2568,0.5263,0.3088,0.2077,0.168,0.3508,
1.0,0.9991,0.9694,0.9685,0.9718,0.9974,0.995,0.9899,0.9858,0.9202,0.7321,0.9346,0.9037,0.837,0.8004,0.8566,0.6821,0.824,0.9415,0.7808,0.6075,0.9514,0.7212,0.6246,0.6158,0.6127,0.8549,0.5648,0.6211,0.7882,0.5019,0.5553,0.3904,0.5949,0.6781,0.577,0.5187,0.3188,0.4805,0.2606,0.5249,0.315,0.203,0.1665,0.3543,
1.0,0.998,0.9702,0.9682,0.9703,0.9968,0.9941,0.9909,0.9851,0.9241,0.7419,0.9325,0.9088,0.843,0.8025,0.8592,0.6862,0.8315,0.943,0.7786,0.6105,0.9557,0.7204,0.6236,0.6068,0.6204,0.8586,0.5771,0.6178,0.7852,0.5088,0.5616,0.3945,0.5924,0.6745,0.5748,0.5237,0.3212,0.4866,0.257,0.5253,0.3224,0.2082,0.1649,0.3559,
1.0,0.999,0.9654,0.9644,0.9686,0.9969,0.9951,0.9894,0.9835,0.9199,0.7328,0.9271,0.9019,0.8411,0.7993,0.8482,0.6844,0.8275,0.9413,0.7777,0.6097,0.951,0.7167,0.6246,0.6026,0.6101,0.8586,0.5716,0.6142,0.7746,0.4914,0.5495,0.3777,0.5924,0.6696,0.5754,0.5202,0.3108,0.4852,0.2584,0.5236,0.3051,0.1956,0.1613,0.3637,
1.0,0.9994,0.968,0.9674,0.9683,0.9969,0.9948,0.99,0.9853,0.9241,0.7346,0.9298,0.9061,0.8388,0.8008,0.8557,0.6887,0.8248,0.9428,0.7864,0.6074,0.9498,0.7184,0.6195,0.5973,0.611,0.8585,0.5687,0.6129,0.7803,0.5024,0.548,0.3862,0.5827,0.6676,0.5796,0.5292,0.3091,0.4783,0.2613,0.5239,0.3048,0.1974,0.1631,0.348,
1.0,0.9985,0.9704,0.9689,0.9734,0.9975,0.9947,0.9893,0.9838,0.928,0.745,0.9361,0.9103,0.8433,0.8011,0.8651,0.6894,0.8299,0.9439,0.7887,0.6199,0.9516,0.725,0.6336,0.6068,0.6224,0.8575,0.57,0.6181,0.7837,0.5066,0.5521,0.3912,0.5876,0.6778,0.5804,0.5244,0.318,0.4791,0.2635,0.5259,0.3116,0.2069,0.1719,0.3498,
1.0,0.9987,0.9696,0.9683,0.9701,0.9975,0.9948,0.9896,0.9835,0.929,0.7333,0.9343,0.913,0.8342,0.7961,0.8646,0.681,0.8192,0.9382,0.7912,0.6058,0.9521,0.7238,0.6122,0.6046,0.6045,0.8586,0.5586,0.6233,0.7882,0.5064,0.5424,0.3793,0.5907,0.6765,0.5874,0.5288,0.3146,0.4813,0.2645,0.5267,0.3185,0.2085,0.1626,0.355,
1.0,0.999,0.9696,0.9686,0.9705,0.9975,0.9956,0.9903,0.9845,0.9243,0.7395,0.9343,0.9088,0.8416,0.8036,0.8596,0.6922,0.8263,0.9374,0.7885,0.6092,0.9526,0.7229,0.6247,0.6068,0.6123,0.8607,0.5648,0.6269,0.7832,0.5023,0.5496,0.3855,0.5892,0.6826,0.5866,0.5238,0.3127,0.48,0.2671,0.5278,0.309,0.212,0.1607,0.3519,
1.0,0.9991,0.9716,0.9707,0.9737,0.9975,0.9958,0.9901,0.9845,0.921,0.738,0.9394,0.9054,0.8393,0.8019,0.862,0.6871,0.8267,0.9407,0.7854,0.609,0.9521,0.7235,0.6306,0.6212,0.6177,0.8599,0.5697,0.624,0.7888,0.5115,0.5604,0.397,0.5949,0.6828,0.5812,0.5231,0.3252,0.4811,0.26,0.5278,0.3181,0.215,0.1701,0.3553,
1.0,0.9988,0.9657,0.9645,0.9711,0.9972,0.9949,0.9903,0.9844,0.9251,0.7369,0.9304,0.9087,0.839,0.7998,0.8566,0.6847,0.8246,0.9396,0.7872,0.6091,0.9512,0.7181,0.6195,0.6035,0.6161,0.8565,0.5725,0.6145,0.7842,0.5041,0.5517,0.3892,0.5855,0.6703,0.5822,0.517,0.3131,0.4828,0.2586,0.5219,0.312,0.2044,0.1605,0.3548,
1.0,0.9996,0.968,0.9676,0.9699,0.9977,0.9958,0.9907,0.9852,0.9283,0.7447,0.9312,0.9116,0.8448,0.8075,0.8605,0.6888,0.8311,0.9379,0.7842,0.6183,0.9556,0.727,0.6254,0.6006,0.619,0.8528,0.5646,0.6167,0.7844,0.5073,0.5524,0.3823,0.585,0.6745,0.5771,0.5089,0.3189,0.4752,0.2563,0.5237,0.3098,0.2076,0.1618,0.3502,
1.0,0.9989,0.9685,0.9674,0.9703,0.9977,0.9954,0.9902,0.9849,0.9253,0.7378,0.9331,0.91,0.8396,0.8037,0.8595,0.6846,0.8261,0.9394,0.785,0.6116,0.9512,0.7218,0.6224,0.6043,0.6145,0.8567,0.5625,0.6179,0.7811,0.5024,0.5437,0.3868,0.5935,0.6737,0.5854,0.5144,0.3163,0.4837,0.2567,0.5209,0.3138,0.2068,0.1625,0.3536,
1.0,0.9985,0.9677,0.9662,0.9735,0.997,0.9946,0.9903,0.9854,0.924,0.7441,0.9354,0.9088,0.8443,0.8077,0.8616,0.6883,0.8309,0.9415,0.7879,0.6148,0.9491,0.7164,0.6294,0.5967,0.6122,0.8568,0.563,0.6226,0.7818,0.5028,0.5473,0.3845,0.5913,0.6776,0.585,0.5179,0.3101,0.4755,0.2636,0.5248,0.3105,0.2123,0.1538,0.3575,
1.0,0.9986,0.9684,0.967,0.9695,0.9982,0.9957,0.99,0.9858,0.9207,0.7345,0.9317,0.9058,0.8415,0.8044,0.8537,0.6892,0.8302,0.9404,0.7808,0.6071,0.9519,0.7147,0.622,0.5918,0.6087,0.8566,0.5617,0.6108,0.7723,0.4942,0.5443,0.3819,0.5886,0.6772,0.5712,0.5134,0.3051,0.4774,0.2449,0.5248,0.3074,0.2099,0.1505,0.356,
1.0,0.9987,0.97,0.9687,0.9696,0.996,0.9935,0.9903,0.9861,0.9245,0.7374,0.9326,0.9069,0.837,0.7974,0.8575,0.6791,0.8247,0.9385,0.7771,0.6053,0.9495,0.7195,0.6185,0.6069,0.614,0.8528,0.5647,0.6171,0.7837,0.5028,0.5559,0.3871,0.5926,0.6789,0.5794,0.5178,0.3168,0.4775,0.2565,0.532,0.3117,0.2132,0.1608,0.3487,
1.0,0.9989,0.9661,0.965,0.9681,0.9966,0.9947,0.9916,0.9849,0.9268,0.7311,0.9287,0.9123,0.8329,0.7964,0.8566,0.678,0.8182,0.9383,0.788,0.6042,0.9509,0.7182,0.6108,0.594,0.6084,0.8599,0.5554,0.6151,0.7809,0.5062,0.5349,0.384,0.5818,0.6602,0.5744,0.5146,0.3038,0.4753,0.2528,0.5136,0.3043,0.2033,0.1572,0.3501,
1.0,0.9988,0.9666,0.9654,0.9707,0.9978,0.9957,0.9893,0.9841,0.9232,0.7393,0.9313,0.9068,0.842,0.7992,0.8559,0.6833,0.8295,0.9417,0.7823,0.6091,0.9514,0.712,0.6216,0.5972,0.6153,0.8555,0.5758,0.6123,0.7786,0.5088,0.5542,0.3833,0.586,0.6712,0.5733,0.5213,0.3208,0.4786,0.2567,0.5184,0.3128,0.2125,0.1588,0.3537,
1.0,0.9991,0.9698,0.9689,0.9684,0.9973,0.9949,0.9896,0.985,0.9197,0.7372,0.9315,0.9025,0.8459,0.8054,0.851,0.6947,0.8335,0.944,0.7788,0.6146,0.9531,0.7224,0.6307,0.607,0.6143,0.8543,0.575,0.6159,0.7723,0.49,0.5571,0.3816,0.587,0.6776,0.5828,0.5264,0.3145,0.4718,0.2617,0.5188,0.2971,0.2009,0.1645,0.3547,
1.0,0.9984,0.9665,0.9649,0.9668,0.9977,0.9953,0.9913,0.9867,0.9245,0.7338,0.9261,0.9096,0.8371,0.8012,0.8519,0.6852,0.8245,0.9456,0.7817,0.6107,0.956,0.7236,0.6178,0.603,0.6191,0.8584,0.5704,0.618,0.782,0.5041,0.5531,0.3879,0.5918,0.6811,0.589,0.5321,0.3141,0.4804,0.2601,0.5156,0.3097,0.2024,0.1722,0.3559,
1.0,0.999,0.97,0.969,0.9675,0.9966,0.9947,0.9914,0.9858,0.9196,0.731,0.9309,0.9037,0.8366,0.7997,0.8517,0.6855,0.8239,0.9386,0.7788,0.6,0.9567,0.7171,0.6149,0.5999,0.6022,0.8564,0.5592,0.6159,0.7746,0.5006,0.5436,0.3788,0.5919,0.6803,0.5766,0.5205,0.3112,0.4811,0.2544,0.5222,0.3097,0.2072,0.1598,0.3566,
1.0,0.9986,0.9708,0.9694,0.9696,0.9971,0.9943,0.99,0.9853,0.9249,0.7312,0.9334,0.9084,0.8339,0.7967,0.8596,0.6806,0.8204,0.944,0.7821,0.6148,0.9526,0.7269,0.628,0.6124,0.6117,0.8521,0.5594,0.6279,0.78,0.5105,0.5479,0.3951,0.5904,0.6835,0.5935,0.5203,0.3174,0.4776,0.2616,0.5279,0.3188,0.2137,0.1643,0.3547,
1.0,0.9992,0.9663,0.9655,0.9692,0.9981,0.9955,0.9895,0.9844,0.9234,0.7293,0.9303,0.9081,0.8337,0.797,0.8555,0.6736,0.8183,0.9397,0.7789,0.607,0.9494,0.7235,0.619,0.6066,0.6101,0.8549,0.5605,0.6227,0.7828,0.5074,0.5526,0.3865,0.587,0.676,0.582,0.5162,0.3197,0.4748,0.2567,0.5321,0.3118,0.2142,0.1577,0.3497,
1.0,0.9991,0.9684,0.9675,0.9697,0.9977,0.9957,0.9905,0.9841,0.9207,0.7339,0.9309,0.9038,0.8389,0.7997,0.8533,0.6854,0.8235,0.9355,0.7805,0.6138,0.953,0.7244,0.627,0.615,0.6114,0.8577,0.5672,0.6229,0.784,0.503,0.5552,0.4003,0.5965,0.6795,0.5888,0.5236,0.3162,0.4876,0.2665,0.5294,0.3173,0.2138,0.1704,0.3607,
1.0,0.9985,0.9683,0.9668,0.97,0.9971,0.9946,0.9902,0.985,0.9226,0.7401,0.9314,0.9064,0.8442,0.803,0.8551,0.6885,0.8308,0.9391,0.7805,0.6151,0.9523,0.727,0.6277,0.6082,0.6122,0.858,0.5666,0.6232,0.7801,0.5057,0.5472,0.3923,0.5945,0.6777,0.5859,0.5186,0.3173,0.4863,0.2604,0.5289,0.3168,0.2093,0.1675,0.3599,
1.0,0.9993,0.967,0.9663,0.97,0.9971,0.9951,0.99,0.9852,0.9226,0.7367,0.9316,0.9062,0.8422,0.8058,0.8565,0.688,0.8292,0.942,0.785,0.6152,0.9524,0.7257,0.6268,0.609,0.6152,0.857,0.5778,0.6248,0.7888,0.5119,0.5515,0.3842,0.588,0.6709,0.5918,0.5207,0.3159,0.4837,0.2635,0.5209,0.3149,0.2082,0.1608,0.3581,
1.0,0.9989,0.9696,0.9685,0.9703,0.9974,0.9953,0.9898,0.9846,0.9217,0.7341,0.9329,0.9049,0.8396,0.7998,0.8561,0.6853,0.8264,0.9446,0.7808,0.6105,0.9525,0.7182,0.6293,0.6033,0.6145,0.8548,0.5723,0.6142,0.7809,0.5033,0.5592,0.3919,0.5906,0.6795,0.579,0.5254,0.3184,0.4832,0.2557,0.5283,0.3057,0.2024,0.168,0.3527,
1.0,0.9988,0.968,0.9668,0.9727,0.9967,0.9946,0.992,0.9858,0.9211,0.7431,0.9334,0.9055,0.8428,0.8054,0.8566,0.6901,0.8299,0.9404,0.7848,0.6176,0.9543,0.7231,0.633,0.6185,0.6204,0.8584,0.5723,0.6273,0.7816,0.5042,0.5525,0.3928,0.5932,0.6761,0.5872,0.5262,0.3202,0.4812,0.2693,0.5286,0.3183,0.212,0.1673,0.3582,
1.0,0.9988,0.9685,0.9673,0.9712,0.9972,0.995,0.9914,0.9869,0.9239,0.7411,0.9343,0.9104,0.8406,0.808,0.86,0.6851,0.8289,0.9423,0.7845,0.6147,0.9568,0.7262,0.6252,0.605,0.6169,0.8558,0.5633,0.62,0.784,0.5106,0.5506,0.3876,0.5866,0.6745,0.5841,0.5271,0.317,0.4747,0.262,0.522,0.3136,0.2139,0.1663,0.3549,
1.0,0.9991,0.9684,0.9675,0.9704,0.9974,0.9959,0.9914,0.9858,0.9246,0.7416,0.933,0.9102,0.8415,0.8051,0.8593,0.6864,0.8282,0.9438,0.7809,0.6135,0.9563,0.7236,0.6232,0.6126,0.6196,0.8534,0.5692,0.6265,0.7803,0.5081,0.5503,0.3935,0.5987,0.6797,0.5928,0.5261,0.3137,0.4842,0.2656,0.5223,0.3208,0.2036,0.1671,0.3577,
1.0,0.9989,0.9678,0.9667,0.9699,0.9977,0.9954,0.9897,0.9843,0.9279,0.7436,0.9312,0.9118,0.8427,0.8018,0.8585,0.6876,0.8299,0.94,0.7844,0.6183,0.9527,0.726,0.6268,0.6048,0.6192,0.8572,0.5702,0.6206,0.7835,0.4977,0.5536,0.3813,0.5928,0.679,0.5841,0.5267,0.3167,0.4767,0.2661,0.5234,0.3083,0.2072,0.1682,0.3564,
1.0,0.9988,0.9681,0.9669,0.9711,0.9982,0.9962,0.9894,0.9823,0.9257,0.733,0.9335,0.9109,0.8356,0.7981,0.8602,0.6874,0.8206,0.9412,0.7951,0.6123,0.9536,0.7274,0.6221,0.6071,0.6164,0.8625,0.5656,0.6226,0.7818,0.5086,0.5399,0.3829,0.5885,0.6803,0.5907,0.5236,0.3119,0.4792,0.2575,0.5289,0.3058,0.2106,0.1615,0.3501,
1.0,0.9982,0.9669,0.9651,0.97,0.9973,0.9942,0.9898,0.9845,0.925,0.7428,0.9304,0.9096,0.8445,0.8084,0.8568,0.6918,0.8298,0.9416,0.7893,0.6129,0.9534,0.723,0.6234,0.6053,0.6268,0.8616,0.5791,0.6179,0.7924,0.5098,0.5626,0.3824,0.5917,0.6763,0.583,0.5336,0.3218,0.4829,0.2639,0.5226,0.3154,0.2129,0.1672,0.3576,
1.0,0.9981,0.9679,0.966,0.9717,0.9969,0.9939,0.9896,0.9846,0.9248,0.7398,0.9314,0.9073,0.8404,0.8018,0.8573,0.685,0.8291,0.9399,0.7852,0.6087,0.9537,0.7213,0.6213,0.6081,0.6166,0.8567,0.5653,0.6133,0.7849,0.5011,0.5448,0.3849,0.5881,0.6654,0.5747,0.5178,0.3176,0.4777,0.2611,0.5247,0.3089,0.2073,0.1589,0.3529,
1.0,0.9988,0.9683,0.9671,0.9694,0.9972,0.9957,0.9906,0.9834,0.9262,0.7393,0.9302,0.9102,0.8405,0.8015,0.8578,0.6834,0.8278,0.9405,0.7833,0.6118,0.9551,0.7199,0.6227,0.5929,0.614,0.851,0.5589,0.6167,0.7828,0.5087,0.5505,0.3846,0.5904,0.6789,0.5781,0.5217,0.3099,0.4727,0.258,0.5225,0.3095,0.2179,0.1609,0.3549,
1.0,0.9985,0.9673,0.9658,0.9666,0.9974,0.9952,0.9913,0.9832,0.92,0.7302,0.9262,0.9045,0.8429,0.8022,0.8473,0.6857,0.827,0.94,0.7764,0.6121,0.9548,0.7222,0.6257,0.6077,0.6152,0.8579,0.5754,0.614,0.7754,0.5008,0.5606,0.3905,0.5913,0.6782,0.5772,0.5203,0.3243,0.4703,0.2559,0.5195,0.3094,0.2079,0.1614,0.3519,
1.0,0.9991,0.9664,0.9655,0.9695,0.9979,0.9959,0.9928,0.9884,0.9241,0.7371,0.9293,0.9099,0.8361,0.801,0.855,0.6872,0.8229,0.938,0.7849,0.6032,0.9533,0.7131,0.6127,0.5954,0.6078,0.8617,0.5621,0.6093,0.7796,0.4922,0.546,0.3837,0.5933,0.6725,0.5731,0.5203,0.3093,0.4735,0.2547,0.5215,0.2981,0.2021,0.1573,0.3576,
1.0,0.9991,0.9684,0.9675,0.9696,0.9976,0.9952,0.9918,0.9857,0.9254,0.7422,0.9308,0.9093,0.8427,0.8021,0.8574,0.688,0.8285,0.9393,0.7806,0.6128,0.9543,0.7189,0.626,0.6047,0.6207,0.8564,0.5728,0.6197,0.7849,0.4945,0.5557,0.3825,0.5965,0.6819,0.5834,0.5186,0.3143,0.481,0.264,0.5275,0.3082,0.2099,0.1605,0.3586,
1.0,0.9991,0.967,0.9661,0.9684,0.9974,0.9953,0.9906,0.9846,0.9212,0.7348,0.9288,0.905,0.8397,0.8003,0.8517,0.687,0.8245,0.939,0.7805,0.6105,0.9542,0.7268,0.6232,0.6144,0.6143,0.8602,0.5704,0.6207,0.7824,0.5081,0.5544,0.3944,0.5944,0.6761,0.5778,0.5088,0.3219,0.483,0.2533,0.5289,0.3116,0.2098,0.1609,0.36,
1.0,0.9985,0.9681,0.9666,0.9699,0.9974,0.9955,0.9899,0.9847,0.9275,0.7397,0.9298,0.9102,0.8391,0.799,0.8589,0.6886,0.8279,0.9402,0.7882,0.6119,0.9537,0.7238,0.6199,0.6034,0.6145,0.8573,0.5679,0.6224,0.7857,0.5017,0.5489,0.3818,0.5832,0.6721,0.5833,0.5218,0.3106,0.4777,0.2643,0.5269,0.3048,0.2005,0.1643,0.3541,
1.0,0.9993,0.9665,0.9658,0.969,0.997,0.9947,0.9921,0.9866,0.9224,0.7342,0.9293,0.9072,0.8385,0.803,0.8531,0.6831,0.8252,0.9424,0.7781,0.6135,0.9562,0.7286,0.6265,0.6116,0.6149,0.8543,0.566,0.6245,0.7831,0.5114,0.5536,0.3873,0.5924,0.6747,0.5883,0.5176,0.3185,0.4763,0.2583,0.52,0.3156,0.2057,0.1649,0.3576,
1.0,0.9989,0.9694,0.9683,0.9733,0.9965,0.9947,0.9905,0.9849,0.9246,0.749,0.9363,0.9077,0.8482,0.809,0.8616,0.6984,0.8349,0.9411,0.791,0.6145,0.9513,0.7181,0.6314,0.6072,0.6253,0.8608,0.5807,0.6221,0.7853,0.5104,0.5639,0.3903,0.5859,0.6794,0.5867,0.5284,0.3206,0.4824,0.2697,0.5323,0.3188,0.2141,0.1643,0.3603,
1.0,0.9993,0.9691,0.9684,0.9695,0.998,0.996,0.9907,0.9855,0.92,0.7343,0.9328,0.9052,0.8414,0.8024,0.8532,0.6865,0.8278,0.9396,0.7775,0.6126,0.9546,0.7243,0.6278,0.6107,0.6115,0.858,0.567,0.6217,0.7768,0.5004,0.5515,0.3913,0.5901,0.6782,0.5832,0.5248,0.3152,0.4834,0.2581,0.5179,0.3125,0.2074,0.1624,0.3583,
1.0,0.9988,0.9664,0.9652,0.9723,0.9978,0.9955,0.9904,0.9843,0.9208,0.7314,0.9315,0.9046,0.8354,0.7944,0.8546,0.6776,0.82,0.939,0.7791,0.6061,0.9523,0.7216,0.622,0.6113,0.6098,0.8588,0.5672,0.6199,0.7817,0.5111,0.5514,0.398,0.5892,0.6727,0.5784,0.5182,0.3221,0.4782,0.2533,0.5253,0.3113,0.2095,0.1663,0.3472,
1.0,0.9988,0.9697,0.9685,0.9728,0.9975,0.9957,0.9905,0.985,0.9233,0.7383,0.9354,0.907,0.8375,0.7999,0.8607,0.6832,0.8247,0.9433,0.7845,0.611,0.9523,0.7167,0.6274,0.6044,0.6148,0.8518,0.5608,0.6202,0.7797,0.505,0.5473,0.3963,0.5937,0.6777,0.5841,0.5243,0.3094,0.4788,0.2641,0.5275,0.313,0.2079,0.1671,0.3539,
1.0,0.9993,0.9677,0.967,0.966,0.9964,0.9947,0.9915,0.9853,0.9193,0.7347,0.9277,0.9034,0.845,0.8068,0.8487,0.6892,0.8319,0.94,0.7751,0.6145,0.9546,0.7242,0.6268,0.6083,0.6114,0.8565,0.5641,0.6205,0.7702,0.5006,0.5522,0.3918,0.5949,0.674,0.5821,0.5234,0.3255,0.4824,0.2634,0.5219,0.3109,0.2099,0.1647,0.3613,
1.0,0.9987,0.9679,0.9666,0.97,0.9978,0.996,0.9894,0.9836,0.9247,0.7372,0.9315,0.9089,0.8392,0.7995,0.857,0.6823,0.826,0.9422,0.7826,0.6088,0.9501,0.7207,0.6205,0.6029,0.6135,0.8566,0.5667,0.6203,0.7807,0.5064,0.5506,0.3849,0.583,0.6768,0.5824,0.5205,0.3138,0.4793,0.2631,0.5276,0.3137,0.2141,0.1582,0.3574,
1.0,0.9985,0.967,0.9655,0.9701,0.9975,0.9951,0.9907,0.9859,0.9221,0.742,0.9307,0.9074,0.845,0.8077,0.8552,0.6909,0.8335,0.9404,0.7824,0.6174,0.9535,0.7206,0.6277,0.6062,0.6164,0.8594,0.5766,0.6226,0.7861,0.5037,0.5573,0.3895,0.5923,0.6721,0.5789,0.5168,0.3237,0.4761,0.2629,0.5169,0.3129,0.2058,0.1621,0.3572,
1.0,0.9994,0.9709,0.9703,0.971,0.9973,0.9958,0.9908,0.9844,0.9224,0.7281,0.937,0.907,0.8319,0.7943,0.8612,0.6755,0.8183,0.9386,0.7816,0.6038,0.9569,0.7282,0.6202,0.6089,0.6031,0.8539,0.554,0.6201,0.7814,0.505,0.5413,0.3909,0.5899,0.679,0.5816,0.5251,0.3096,0.473,0.2522,0.5185,0.3128,0.2076,0.1684,0.3444,
1.0,0.9989,0.9681,0.967,0.9693,0.9961,0.9939,0.9913,0.9848,0.9255,0.7272,0.9315,0.9098,0.8295,0.792,0.858,0.6701,0.8147,0.9389,0.7785,0.6047,0.9516,0.7212,0.6165,0.6012,0.6047,0.8493,0.5515,0.6211,0.7779,0.4969,0.5419,0.3814,0.5873,0.6752,0.5874,0.5252,0.3056,0.4741,0.2597,0.5199,0.3037,0.2044,0.1689,0.3403,
1.0,0.9991,0.9682,0.9673,0.9679,0.9972,0.9953,0.9912,0.9868,0.9295,0.7417,0.9303,0.9146,0.8387,0.802,0.8602,0.6842,0.8263,0.9405,0.784,0.618,0.9523,0.7336,0.6224,0.6052,0.611,0.8584,0.5563,0.6354,0.7853,0.5046,0.5426,0.3895,0.5986,0.6778,0.5915,0.522,0.3101,0.4826,0.2736,0.5243,0.3198,0.2083,0.1603,0.3607,
1.0,0.9992,0.9698,0.969,0.9669,0.9965,0.9942,0.9899,0.9858,0.925,0.7415,0.9306,0.9069,0.8451,0.809,0.8572,0.6963,0.8325,0.9409,0.7842,0.6175,0.9545,0.7237,0.6256,0.6136,0.6212,0.8576,0.5781,0.6288,0.7799,0.5047,0.5555,0.3846,0.5953,0.6741,0.5886,0.5218,0.311,0.4883,0.2601,0.5217,0.3117,0.2049,0.1606,0.3624,
1.0,0.9987,0.9695,0.9682,0.9724,0.9978,0.9951,0.9895,0.9851,0.9247,0.7377,0.9353,0.9091,0.8371,0.7993,0.8609,0.6825,0.8249,0.9429,0.7836,0.6115,0.9529,0.7227,0.6245,0.6103,0.6175,0.8541,0.5638,0.6223,0.784,0.5108,0.5546,0.4014,0.6012,0.6858,0.5881,0.5207,0.3213,0.4831,0.2578,0.5269,0.326,0.2196,0.1625,0.3583,
1.0,0.9986,0.9702,0.9688,0.9737,0.9979,0.9956,0.9912,0.9862,0.9198,0.7397,0.9372,0.9058,0.8399,0.8017,0.8576,0.6878,0.8282,0.9394,0.7802,0.6063,0.955,0.719,0.6248,0.6092,0.6101,0.8574,0.5621,0.6178,0.7851,0.4999,0.5516,0.392,0.5916,0.676,0.5767,0.5209,0.3142,0.4801,0.2598,0.5243,0.3154,0.2032,0.1631,0.3573,
1.0,0.999,0.9661,0.9651,0.9692,0.9983,0.9962,0.9879,0.9822,0.9217,0.7353,0.9279,0.9029,0.8425,0.7996,0.8513,0.684,0.8282,0.9385,0.7788,0.6125,0.9495,0.7185,0.6218,0.5997,0.6112,0.8549,0.5692,0.6193,0.7762,0.5001,0.5529,0.3866,0.5898,0.6723,0.5768,0.5228,0.3098,0.4801,0.2645,0.5236,0.3089,0.2034,0.1657,0.3546,
1.0,0.9986,0.9711,0.9697,0.9679,0.9976,0.9957,0.9912,0.9853,0.9235,0.7385,0.9331,0.9096,0.8436,0.8057,0.8583,0.6901,0.8309,0.9436,0.7806,0.6192,0.9538,0.7269,0.6324,0.6064,0.6094,0.858,0.5683,0.6308,0.7848,0.501,0.5579,0.3782,0.5963,0.6854,0.5882,0.5233,0.3094,0.4813,0.2684,0.5303,0.3024,0.2051,0.1547,0.3595,
1.0,0.9984,0.968,0.9664,0.9665,0.9978,0.9956,0.9889,0.9815,0.927,0.7303,0.9275,0.9107,0.8358,0.7948,0.8551,0.6762,0.8226,0.9379,0.781,0.614,0.9531,0.7299,0.6218,0.6029,0.6062,0.8519,0.5581,0.6267,0.782,0.5012,0.5434,0.387,0.5861,0.6662,0.5868,0.5145,0.306,0.4767,0.2621,0.5201,0.3092,0.1991,0.162,0.3461,
1.0,0.9992,0.9675,0.9667,0.9678,0.9967,0.995,0.9905,0.9842,0.9192,0.7288,0.9296,0.9034,0.8403,0.8027,0.8495,0.6896,0.8254,0.9408,0.7828,0.6068,0.9529,0.716,0.6198,0.604,0.6081,0.8603,0.573,0.6074,0.7745,0.4941,0.5463,0.3807,0.5843,0.6731,0.5773,0.5261,0.3143,0.4837,0.2544,0.5261,0.298,0.1966,0.1624,0.3524,
1.0,0.9992,0.9663,0.9655,0.9713,0.9974,0.9956,0.9895,0.9837,0.9265,0.7415,0.9309,0.9087,0.8435,0.8023,0.859,0.6877,0.8296,0.9421,0.7873,0.6197,0.9521,0.7261,0.6269,0.6064,0.621,0.8564,0.5705,0.6214,0.7836,0.5023,0.5543,0.3833,0.5918,0.6808,0.5824,0.5232,0.3174,0.4794,0.2659,0.5315,0.3084,0.2092,0.1651,0.3614,
1.0,0.9986,0.9634,0.962,0.9697,0.9971,0.9946,0.9903,0.9847,0.9258,0.7408,0.9263,0.91,0.8419,0.8015,0.853,0.6853,0.8292,0.9389,0.7859,0.6146,0.9521,0.7286,0.6251,0.6027,0.6145,0.8614,0.567,0.6202,0.7838,0.5038,0.5497,0.3882,0.5906,0.6624,0.5793,0.5183,0.3147,0.4788,0.2647,0.5212,0.3131,0.2008,0.1576,0.3591,
1.0,0.999,0.968,0.967,0.9673,0.9964,0.994,0.9893,0.9842,0.9256,0.7328,0.929,0.9079,0.8356,0.7969,0.8563,0.6769,0.8229,0.9412,0.7794,0.6125,0.9504,0.7296,0.6194,0.6103,0.6148,0.8526,0.5626,0.6278,0.78,0.5066,0.5496,0.3881,0.5907,0.6733,0.585,0.5191,0.3176,0.4746,0.2637,0.5228,0.3115,0.2094,0.159,0.3514,
1.0,0.9985,0.9668,0.9653,0.9729,0.9974,0.9946,0.99,0.9846,0.921,0.7335,0.9345,0.9066,0.8371,0.798,0.8576,0.6813,0.8241,0.9395,0.7839,0.6124,0.9556,0.7298,0.6253,0.6209,0.6144,0.8617,0.5667,0.6247,0.7804,0.4942,0.551,0.39,0.598,0.678,0.5901,0.5292,0.3055,0.4854,0.2628,0.5265,0.3047,0.2059,0.1663,0.3525,
1.0,0.9987,0.9666,0.9653,0.9706,0.9971,0.9951,0.9902,0.9835,0.9234,0.731,0.9301,0.9072,0.8334,0.7951,0.855,0.6725,0.8196,0.9366,0.7803,0.6024,0.9497,0.7156,0.613,0.5981,0.6069,0.8543,0.5563,0.6129,0.7859,0.5051,0.5405,0.3881,0.5836,0.6646,0.5709,0.5014,0.3144,0.477,0.2542,0.5178,0.3108,0.2046,0.1557,0.3444,
1.0,0.9989,0.9687,0.9676,0.9687,0.997,0.9948,0.99,0.9858,0.9196,0.7306,0.9298,0.9019,0.8366,0.8001,0.8508,0.6854,0.8247,0.9421,0.7792,0.6098,0.9515,0.7181,0.6249,0.6045,0.6073,0.856,0.5596,0.6157,0.7801,0.5026,0.541,0.3874,0.5952,0.6788,0.5764,0.5279,0.3147,0.4808,0.2631,0.5253,0.3178,0.2059,0.1631,0.3611,
1.0,0.9989,0.9673,0.9662,0.9699,0.9979,0.9957,0.9912,0.984,0.9231,0.7417,0.9305,0.9083,0.8462,0.8056,0.8539,0.6926,0.8316,0.9369,0.7836,0.6141,0.9542,0.7191,0.6265,0.606,0.6219,0.8597,0.5799,0.6181,0.7865,0.4964,0.5698,0.3838,0.5954,0.6805,0.5801,0.5209,0.3163,0.477,0.266,0.524,0.3059,0.209,0.1629,0.3592,
1.0,0.9984,0.9689,0.9673,0.9699,0.9971,0.9946,0.9908,0.9854,0.9174,0.7366,0.933,0.9027,0.8436,0.8067,0.853,0.6894,0.831,0.9387,0.7784,0.6086,0.9543,0.7203,0.6253,0.6127,0.6124,0.8621,0.5703,0.6186,0.7792,0.5001,0.5532,0.3923,0.5978,0.6746,0.5836,0.5334,0.3225,0.4844,0.2671,0.5274,0.3185,0.2108,0.1737,0.3641,
1.0,0.9982,0.9688,0.967,0.9705,0.9966,0.9943,0.9913,0.9854,0.9248,0.7397,0.9321,0.91,0.8397,0.8027,0.8574,0.6857,0.8269,0.9466,0.7843,0.6181,0.9522,0.7251,0.6314,0.6087,0.6236,0.8576,0.5757,0.6221,0.7886,0.5114,0.5611,0.3924,0.5885,0.6802,0.5877,0.519,0.322,0.474,0.2646,0.5205,0.3149,0.2085,0.1697,0.3576,
1.0,0.9992,0.9693,0.9685,0.9699,0.9968,0.9954,0.9907,0.9851,0.9302,0.7434,0.9339,0.9144,0.8403,0.8023,0.8644,0.6866,0.8282,0.9421,0.7901,0.6201,0.9528,0.7305,0.626,0.6104,0.6229,0.8562,0.5764,0.6269,0.7899,0.511,0.5567,0.3983,0.5945,0.6712,0.5903,0.5298,0.318,0.4857,0.2696,0.5217,0.3272,0.201,0.1711,0.3549,
1.0,0.9985,0.9667,0.9652,0.9715,0.9973,0.9943,0.9884,0.9837,0.9276,0.742,0.931,0.9099,0.8423,0.8037,0.8596,0.6896,0.8271,0.938,0.7909,0.6145,0.9512,0.7265,0.6235,0.6058,0.6177,0.8583,0.566,0.6225,0.7859,0.5094,0.5475,0.3863,0.5894,0.6726,0.5804,0.5211,0.3097,0.4777,0.2627,0.5212,0.3163,0.205,0.1616,0.35,
1.0,0.9993,0.968,0.9673,0.9686,0.9975,0.996,0.9908,0.9855,0.9241,0.7343,0.9298,0.9075,0.8364,0.7957,0.8553,0.6833,0.8241,0.9438,0.7814,0.6125,0.9523,0.7181,0.6211,0.5968,0.6074,0.8577,0.5621,0.6177,0.7747,0.5027,0.5445,0.3846,0.5864,0.6739,0.5813,0.5268,0.3131,0.4719,0.2563,0.5166,0.3033,0.2077,0.1536,0.3511,
1.0,0.9986,0.971,0.9696,0.9706,0.997,0.9948,0.9905,0.9854,0.9219,0.7396,0.9354,0.9065,0.8414,0.8055,0.8574,0.685,0.8286,0.9426,0.7776,0.6142,0.9553,0.7267,0.6306,0.6113,0.6203,0.8517,0.5646,0.6209,0.7835,0.508,0.5603,0.3936,0.5958,0.6791,0.5822,0.5286,0.3167,0.473,0.2668,0.5225,0.3126,0.2153,0.1721,0.3552,
1.0,0.9992,0.9634,0.9626,0.9672,0.9976,0.9959,0.9914,0.9854,0.9253,0.7324,0.925,0.9104,0.8329,0.7967,0.8526,0.6785,0.82,0.9421,0.7857,0.608,0.9535,0.7239,0.6137,0.6,0.6135,0.8595,0.5611,0.6179,0.779,0.5035,0.5463,0.3843,0.5834,0.6676,0.5803,0.5198,0.3101,0.4783,0.2589,0.5276,0.3083,0.2008,0.159,0.3498,
1.0,0.9986,0.9664,0.965,0.966,0.997,0.9947,0.9905,0.9838,0.9243,0.7337,0.9257,0.9082,0.8415,0.8033,0.8519,0.6903,0.8266,0.9369,0.7846,0.6131,0.9515,0.7241,0.6191,0.6038,0.6068,0.8598,0.569,0.6232,0.7778,0.5023,0.5487,0.3799,0.5797,0.6654,0.5859,0.519,0.311,0.4747,0.2623,0.5236,0.3047,0.2062,0.1561,0.3542,
1.0,0.999,0.9657,0.9647,0.9675,0.9974,0.995,0.9891,0.9845,0.9236,0.7345,0.9274,0.9069,0.8391,0.8027,0.8519,0.6816,0.8271,0.9439,0.7805,0.6164,0.9505,0.7242,0.6238,0.6012,0.6158,0.8509,0.5634,0.6197,0.7815,0.5067,0.5505,0.3903,0.586,0.6689,0.5823,0.5153,0.3195,0.4745,0.2596,0.5178,0.3122,0.2027,0.1562,0.3525,
1.0,0.9991,0.9637,0.9628,0.9708,0.9978,0.9962,0.9902,0.9842,0.9238,0.7348,0.928,0.9082,0.8377,0.7993,0.8534,0.6808,0.8244,0.9381,0.7839,0.6074,0.9536,0.721,0.6178,0.6055,0.6092,0.8563,0.5614,0.6218,0.7794,0.5006,0.5381,0.3817,0.5887,0.67,0.5828,0.519,0.3123,0.479,0.2599,0.5181,0.308,0.2058,0.1531,0.3542,
1.0,0.9992,0.9685,0.9677,0.9701,0.9976,0.996,0.9903,0.9849,0.9214,0.7372,0.9328,0.9053,0.8427,0.8028,0.8553,0.6918,0.8288,0.9424,0.7833,0.6088,0.9474,0.7168,0.6234,0.6,0.6127,0.8638,0.5757,0.6155,0.7781,0.4981,0.5542,0.3824,0.5787,0.6786,0.5756,0.5269,0.3184,0.481,0.2603,0.5358,0.3067,0.2048,0.1643,0.356,
1.0,0.9985,0.9675,0.966,0.9717,0.9967,0.9945,0.99,0.9837,0.9171,0.7324,0.9322,0.9011,0.8423,0.8027,0.8504,0.6898,0.8281,0.9431,0.7824,0.6087,0.9493,0.7143,0.6273,0.6065,0.6162,0.8598,0.574,0.6178,0.776,0.502,0.5578,0.3887,0.5947,0.6765,0.5809,0.5242,0.3203,0.4795,0.2602,0.5227,0.3035,0.2035,0.1607,0.3594,
1.0,0.9982,0.9664,0.9646,0.9698,0.9957,0.9931,0.9906,0.9859,0.9199,0.7358,0.929,0.9032,0.8403,0.8045,0.8493,0.6906,0.8286,0.9404,0.7842,0.6044,0.95,0.712,0.6164,0.6001,0.6104,0.8611,0.5699,0.6064,0.7787,0.5038,0.5448,0.3781,0.592,0.6713,0.5756,0.5205,0.3157,0.4808,0.2567,0.5254,0.314,0.199,0.157,0.3592,
1.0,0.9985,0.9678,0.9663,0.9695,0.998,0.9951,0.9907,0.9856,0.9289,0.7385,0.9313,0.9155,0.8359,0.7988,0.8617,0.6858,0.8228,0.9371,0.7902,0.609,0.9536,0.7247,0.6172,0.6055,0.6098,0.8624,0.5668,0.6301,0.7932,0.5109,0.5546,0.39,0.6057,0.679,0.5864,0.5238,0.3181,0.4884,0.2726,0.5267,0.3203,0.2186,0.1623,0.3648,
1.0,0.9992,0.9703,0.9695,0.9723,0.9973,0.9954,0.9909,0.9848,0.9232,0.7379,0.9373,0.9082,0.8387,0.8005,0.8614,0.6818,0.8256,0.9392,0.7821,0.6115,0.9563,0.7303,0.6282,0.6181,0.6158,0.858,0.5654,0.6261,0.7827,0.4993,0.5555,0.4026,0.6003,0.6862,0.5824,0.5245,0.3137,0.4834,0.259,0.5258,0.3111,0.211,0.1726,0.3544,
1.0,0.9985,0.9668,0.9653,0.9676,0.9973,0.9945,0.9884,0.9831,0.9256,0.7368,0.9284,0.9086,0.8409,0.7988,0.8542,0.6786,0.8272,0.9407,0.7809,0.6175,0.9515,0.7279,0.6257,0.6048,0.6138,0.8549,0.5689,0.6222,0.7809,0.5051,0.5517,0.3838,0.5916,0.6731,0.5872,0.51,0.3147,0.4792,0.2515,0.5211,0.309,0.2012,0.1583,0.3481,
1.0,0.9985,0.9681,0.9666,0.9684,0.9976,0.9946,0.99,0.9848,0.9216,0.7345,0.9291,0.9054,0.8409,0.8024,0.8515,0.6835,0.8255,0.9385,0.7771,0.6085,0.9502,0.7191,0.6234,0.6011,0.6061,0.8523,0.5551,0.6224,0.7718,0.4946,0.5428,0.3818,0.5903,0.6787,0.5822,0.522,0.3082,0.472,0.2632,0.5258,0.2986,0.1997,0.1663,0.3601,
1.0,0.9987,0.9661,0.9648,0.9686,0.9971,0.9949,0.9906,0.985,0.9247,0.7358,0.9295,0.9099,0.8371,0.8008,0.8554,0.6842,0.8244,0.9434,0.7851,0.617,0.9545,0.7276,0.6232,0.6068,0.6182,0.8587,0.5737,0.6174,0.783,0.5068,0.5517,0.3923,0.5846,0.6732,0.585,0.5363,0.3244,0.4863,0.2682,0.5274,0.3161,0.2043,0.1686,0.3518,
1.0,0.9993,0.9646,0.9639,0.9694,0.9966,0.9949,0.9906,0.9848,0.9231,0.7366,0.9292,0.9081,0.8387,0.8004,0.8534,0.6801,0.824,0.9425,0.7796,0.6164,0.9503,0.7263,0.622,0.6024,0.6137,0.8601,0.5669,0.6145,0.7846,0.5075,0.5468,0.3895,0.5844,0.6662,0.5875,0.5273,0.3139,0.4741,0.2639,0.5192,0.3104,0.1992,0.1612,0.3448,
1.0,0.9988,0.9677,0.9665,0.9676,0.9969,0.9949,0.99,0.983,0.9215,0.7319,0.9279,0.9039,0.8436,0.8032,0.8504,0.6893,0.8297,0.9429,0.779,0.6157,0.9529,0.7267,0.6284,0.6091,0.6148,0.8601,0.5757,0.6171,0.784,0.507,0.5573,0.3856,0.5974,0.6731,0.5793,0.517,0.3217,0.4829,0.2577,0.5255,0.3094,0.2028,0.1634,0.3559,
1.0,0.9987,0.969,0.9677,0.9684,0.9974,0.9956,0.9898,0.9842,0.9238,0.7298,0.9303,0.9067,0.8335,0.7935,0.8559,0.6811,0.8195,0.9353,0.7806,0.6055,0.9501,0.7277,0.6179,0.6094,0.5979,0.857,0.5506,0.6265,0.7819,0.4998,0.5398,0.3901,0.593,0.6719,0.5853,0.5126,0.3092,0.4862,0.2594,0.5286,0.3146,0.2102,0.1618,0.3556,
1.0,0.9996,0.9672,0.9668,0.9699,0.9974,0.9956,0.9908,0.9855,0.9261,0.7397,0.9308,0.9098,0.8397,0.8018,0.8577,0.6825,0.8247,0.9398,0.7813,0.6124,0.9518,0.7252,0.6224,0.6046,0.6168,0.8517,0.5649,0.62,0.7837,0.5075,0.5547,0.3951,0.589,0.6771,0.5805,0.5248,0.3139,0.4713,0.264,0.517,0.3118,0.2111,0.1693,0.3528,
1.0,0.9995,0.9662,0.9657,0.9692,0.9971,0.9962,0.9917,0.986,0.9224,0.7377,0.9294,0.9065,0.842,0.803,0.8532,0.6801,0.8298,0.9401,0.7741,0.6141,0.9538,0.7255,0.6252,0.6074,0.6128,0.8528,0.5615,0.6226,0.7807,0.501,0.552,0.3944,0.593,0.6802,0.5842,0.5163,0.3211,0.4777,0.2612,0.5218,0.3116,0.2087,0.1571,0.3555,
1.0,0.9989,0.9661,0.965,0.9696,0.9977,0.995,0.9907,0.9855,0.929,0.7335,0.9299,0.9145,0.8311,0.7952,0.8602,0.6738,0.8167,0.9372,0.7859,0.6003,0.9554,0.7234,0.6049,0.5939,0.6092,0.8582,0.5526,0.6131,0.7881,0.5077,0.5353,0.3825,0.5879,0.6698,0.579,0.5135,0.306,0.48,0.2498,0.5242,0.3127,0.2082,0.1574,0.3541,
1.0,0.9983,0.9655,0.9638,0.9694,0.9973,0.9944,0.9901,0.9864,0.9263,0.7396,0.9268,0.9095,0.8392,0.8026,0.8542,0.6887,0.8278,0.9419,0.789,0.6158,0.9552,0.7289,0.6228,0.6108,0.6157,0.8627,0.5687,0.6275,0.7875,0.5155,0.5481,0.3874,0.5906,0.6736,0.5942,0.5261,0.3228,0.4881,0.2697,0.5246,0.3206,0.2115,0.1614,0.3573,
1.0,0.9988,0.9647,0.9635,0.9696,0.997,0.9951,0.9901,0.9843,0.9292,0.7394,0.9281,0.913,0.8394,0.8,0.8586,0.6816,0.8264,0.9391,0.7896,0.6121,0.9543,0.725,0.6157,0.6016,0.6176,0.8556,0.5656,0.6221,0.7881,0.5123,0.5535,0.379,0.5891,0.6714,0.5853,0.5174,0.3122,0.4797,0.2674,0.5257,0.3135,0.2134,0.1571,0.356,
1.0,0.999,0.9686,0.9676,0.9698,0.9966,0.9954,0.9913,0.9863,0.9266,0.7378,0.9324,0.9109,0.8366,0.7985,0.86,0.6843,0.8254,0.9424,0.786,0.6149,0.9515,0.7313,0.6245,0.6182,0.6192,0.8593,0.5718,0.6272,0.7865,0.5096,0.5584,0.3989,0.5921,0.6765,0.5906,0.5246,0.3196,0.4747,0.2673,0.5234,0.3147,0.2083,0.1707,0.3484,
1.0,0.9989,0.967,0.9659,0.9676,0.9976,0.9961,0.9899,0.9835,0.925,0.7289,0.9289,0.91,0.8329,0.7948,0.8546,0.6772,0.821,0.9419,0.7817,0.6075,0.9534,0.7236,0.6158,0.6034,0.6101,0.8549,0.5695,0.6175,0.7823,0.5035,0.5472,0.3833,0.5835,0.6671,0.5809,0.5199,0.311,0.4788,0.2566,0.5207,0.3109,0.2117,0.1585,0.3487,
1.0,0.999,0.9669,0.9659,0.9676,0.9973,0.9955,0.9904,0.984,0.9243,0.7253,0.9296,0.9094,0.8275,0.7888,0.8575,0.6691,0.8134,0.9378,0.7805,0.6031,0.9527,0.7232,0.6074,0.599,0.5998,0.8588,0.5562,0.6232,0.782,0.5025,0.5448,0.3888,0.5992,0.6833,0.5842,0.5231,0.3099,0.4844,0.2628,0.5339,0.3103,0.2167,0.1632,0.3587,
1.0,0.9986,0.9695,0.9681,0.9713,0.9967,0.9949,0.9918,0.9858,0.9258,0.7452,0.9347,0.911,0.8453,0.8101,0.8624,0.6969,0.8331,0.9429,0.79,0.616,0.9589,0.7255,0.6306,0.6051,0.6213,0.86,0.5749,0.6278,0.789,0.5126,0.555,0.3846,0.5958,0.6818,0.5937,0.5399,0.3149,0.4819,0.2736,0.5254,0.3193,0.2158,0.1677,0.3624,
1.0,0.9988,0.9669,0.9657,0.9731,0.9983,0.9956,0.9882,0.9837,0.9206,0.7392,0.9346,0.9044,0.8446,0.8045,0.8572,0.6892,0.8315,0.9431,0.7858,0.6143,0.9544,0.7231,0.6327,0.6124,0.6239,0.8606,0.5822,0.6184,0.7824,0.5054,0.5644,0.3854,0.5939,0.6847,0.5891,0.5332,0.32,0.4822,0.2659,0.5243,0.3098,0.212,0.1713,0.3586,
1.0,0.9994,0.9682,0.9676,0.9712,0.9971,0.9952,0.9911,0.986,0.9251,0.7393,0.9325,0.9079,0.8393,0.8004,0.8593,0.6879,0.8268,0.9439,0.7852,0.6101,0.9547,0.7237,0.6249,0.6112,0.6184,0.86,0.568,0.6212,0.7763,0.4994,0.5555,0.3898,0.5938,0.6802,0.5881,0.5236,0.3119,0.4828,0.2594,0.53,0.3123,0.2003,0.1655,0.3614,
1.0,0.9984,0.9665,0.9649,0.9683,0.998,0.9947,0.9898,0.9848,0.9234,0.7324,0.9294,0.9097,0.8358,0.7979,0.8548,0.6798,0.8213,0.9389,0.7796,0.6079,0.9559,0.7236,0.6156,0.6066,0.6118,0.8536,0.5635,0.6194,0.7738,0.5047,0.5434,0.392,0.5911,0.6736,0.5839,0.52,0.3124,0.4837,0.2517,0.52,0.31,0.204,0.1615,0.3476,
1.0,0.9988,0.969,0.9678,0.9696,0.9966,0.994,0.9911,0.9853,0.9236,0.7333,0.9321,0.9083,0.8355,0.7994,0.8567,0.6831,0.8208,0.9382,0.7856,0.6055,0.9517,0.715,0.6168,0.5963,0.6103,0.8577,0.5621,0.6132,0.7855,0.5069,0.5511,0.39,0.5891,0.6707,0.5703,0.5193,0.3125,0.4791,0.255,0.5186,0.3076,0.2086,0.1587,0.3519,
1.0,0.9988,0.9672,0.966,0.9707,0.9976,0.9952,0.9906,0.9866,0.9222,0.7381,0.932,0.907,0.8402,0.8064,0.856,0.6886,0.8281,0.9416,0.7832,0.6136,0.9559,0.7273,0.626,0.6118,0.6168,0.8564,0.5642,0.6259,0.7846,0.5093,0.5512,0.3971,0.597,0.6789,0.5897,0.5307,0.316,0.4835,0.2681,0.5294,0.3215,0.2081,0.173,0.3585,
1.0,0.9983,0.9716,0.9699,0.9706,0.9971,0.9944,0.9886,0.9835,0.9243,0.7404,0.9345,0.9061,0.8452,0.8049,0.8597,0.6913,0.8306,0.9416,0.7805,0.6108,0.949,0.7155,0.6277,0.5911,0.6168,0.8537,0.5658,0.6048,0.7809,0.5099,0.5523,0.3852,0.586,0.676,0.5717,0.5209,0.3227,0.4726,0.2492,0.526,0.3117,0.2095,0.1621,0.3463,
1.0,0.9991,0.9684,0.9675,0.9699,0.9978,0.9958,0.9911,0.9849,0.924,0.7404,0.9329,0.9098,0.8413,0.8013,0.8574,0.6882,0.8261,0.9388,0.7829,0.6143,0.9544,0.7272,0.6247,0.6056,0.6119,0.8616,0.5681,0.6239,0.7845,0.5061,0.5513,0.3876,0.595,0.6779,0.5863,0.521,0.3176,0.4883,0.264,0.5344,0.3161,0.2145,0.1582,0.3527,
1.0,0.9992,0.9657,0.9649,0.9711,0.9978,0.9957,0.9911,0.9862,0.9221,0.7364,0.9302,0.9067,0.8396,0.8041,0.8533,0.6885,0.8243,0.9374,0.7857,0.6063,0.9527,0.7176,0.6183,0.6071,0.6157,0.8571,0.5704,0.6169,0.7843,0.5122,0.5564,0.3929,0.5871,0.6802,0.5826,0.5235,0.3216,0.4816,0.2651,0.5328,0.3176,0.2095,0.1645,0.3547,
1.0,0.9988,0.9681,0.9669,0.967,0.997,0.9945,0.9889,0.9833,0.9235,0.7299,0.9298,0.9075,0.836,0.7958,0.8545,0.6757,0.8227,0.938,0.7791,0.6063,0.9531,0.7262,0.618,0.604,0.6031,0.8554,0.559,0.621,0.7825,0.5066,0.5506,0.3853,0.6032,0.682,0.5837,0.5217,0.3158,0.4877,0.2628,0.5227,0.3219,0.2125,0.1673,0.3562,
1.0,0.9985,0.9675,0.966,0.9711,0.9983,0.9959,0.9896,0.9834,0.9257,0.7328,0.9327,0.9111,0.8375,0.7981,0.8601,0.6835,0.8232,0.9379,0.789,0.6095,0.9507,0.7243,0.6186,0.6083,0.6121,0.8607,0.5716,0.6262,0.7909,0.5106,0.5557,0.3928,0.5893,0.6738,0.5821,0.5151,0.3198,0.4779,0.259,0.5277,0.3123,0.2126,0.1607,0.3496,
1.0,0.999,0.9685,0.9675,0.9703,0.9971,0.9951,0.9909,0.986,0.9231,0.7355,0.9322,0.907,0.8365,0.7976,0.8564,0.6836,0.824,0.9423,0.7814,0.6103,0.9518,0.7207,0.623,0.6046,0.6089,0.8549,0.5625,0.6222,0.7783,0.5081,0.5518,0.3857,0.5908,0.681,0.5792,0.5263,0.314,0.4763,0.2616,0.5348,0.3056,0.209,0.1702,0.3511,
1.0,0.999,0.9662,0.9652,0.9686,0.9967,0.9947,0.9915,0.9865,0.9241,0.7366,0.928,0.9076,0.8384,0.7997,0.8527,0.6842,0.8261,0.9416,0.7796,0.6159,0.9538,0.7269,0.6262,0.6104,0.6142,0.8581,0.5716,0.6254,0.7817,0.4964,0.5571,0.3821,0.5939,0.671,0.5906,0.5238,0.3166,0.4819,0.2633,0.5236,0.3066,0.2017,0.1689,0.3653,
1.0,0.9986,0.9699,0.9685,0.9663,0.9964,0.9942,0.9909,0.9837,0.9248,0.7357,0.9294,0.9082,0.8417,0.8017,0.8556,0.6862,0.8269,0.9387,0.7795,0.6112,0.9531,0.7219,0.6214,0.6048,0.614,0.8579,0.569,0.6218,0.7787,0.4979,0.5529,0.3925,0.597,0.6734,0.5759,0.5145,0.3218,0.4819,0.2549,0.5193,0.3106,0.2067,0.1606,0.3545,
1.0,0.9982,0.9676,0.9658,0.9679,0.9972,0.9937,0.9891,0.9837,0.9213,0.7422,0.9281,0.9042,0.8509,0.8121,0.8509,0.695,0.8356,0.9334,0.7785,0.6155,0.951,0.7179,0.6275,0.6013,0.6166,0.8528,0.5764,0.6177,0.7785,0.4977,0.5587,0.38,0.5847,0.6673,0.5813,0.5157,0.3162,0.4764,0.268,0.5288,0.3036,0.2077,0.1616,0.3554,
1.0,0.9984,0.9657,0.9641,0.9686,0.9979,0.9949,0.9891,0.9855,0.9228,0.733,0.9285,0.9077,0.84,0.8038,0.852,0.6833,0.8285,0.9432,0.7792,0.6134,0.9532,0.7221,0.6214,0.605,0.6135,0.8527,0.5677,0.6243,0.7842,0.5097,0.5579,0.3859,0.5904,0.676,0.5844,0.521,0.3199,0.4789,0.2666,0.5267,0.3116,0.2087,0.1646,0.3582,
1.0,0.9983,0.9664,0.9647,0.971,0.9975,0.9947,0.9907,0.9852,0.9231,0.745,0.9314,0.9093,0.8458,0.8084,0.8562,0.6923,0.8322,0.9424,0.7868,0.6181,0.9558,0.7233,0.628,0.6088,0.6247,0.8615,0.5768,0.6218,0.7827,0.4994,0.5584,0.384,0.5924,0.6755,0.5836,0.5232,0.3233,0.4808,0.2677,0.5321,0.3048,0.2045,0.1684,0.3614,
1.0,0.9989,0.9645,0.9634,0.9672,0.9981,0.996,0.99,0.9845,0.9225,0.7312,0.9261,0.9077,0.8366,0.7975,0.85,0.6798,0.8232,0.9407,0.781,0.6056,0.9518,0.7201,0.614,0.598,0.6074,0.861,0.5626,0.6139,0.7767,0.5033,0.545,0.3875,0.5891,0.6713,0.5776,0.5167,0.3197,0.4832,0.2574,0.526,0.3064,0.2089,0.1597,0.3485,
1.0,0.9991,0.9676,0.9667,0.9687,0.9969,0.9952,0.9917,0.9859,0.923,0.7319,0.929,0.9059,0.8375,0.7998,0.8532,0.6879,0.8236,0.9384,0.7838,0.6066,0.9553,0.7237,0.6218,0.6069,0.6075,0.8584,0.5672,0.6224,0.784,0.5047,0.5493,0.3905,0.5917,0.6762,0.5833,0.5287,0.3162,0.4835,0.2677,0.5197,0.3208,0.2091,0.1702,0.3612,
1.0,0.9991,0.9679,0.967,0.9698,0.9972,0.9955,0.9915,0.9871,0.9221,0.7382,0.9311,0.9067,0.8416,0.8033,0.855,0.6816,0.8306,0.9429,0.7751,0.6093,0.954,0.7223,0.6225,0.6087,0.6149,0.8559,0.571,0.6159,0.7823,0.5007,0.554,0.3954,0.5929,0.6739,0.5805,0.5267,0.3238,0.4786,0.258,0.5223,0.3099,0.2095,0.1694,0.3569,
1.0,0.9988,0.9693,0.9681,0.968,0.9975,0.9949,0.9897,0.9849,0.924,0.7381,0.9311,0.9076,0.842,0.8063,0.8563,0.6927,0.8271,0.9415,0.7874,0.6178,0.9481,0.7267,0.6269,0.6051,0.6145,0.8618,0.5756,0.6242,0.7871,0.5034,0.5545,0.3831,0.5858,0.6722,0.5791,0.5258,0.3161,0.4805,0.2681,0.5341,0.3031,0.2044,0.1636,0.3584,
1.0,0.9987,0.9714,0.9701,0.9725,0.9968,0.9944,0.9905,0.9844,0.9215,0.7374,0.9381,0.906,0.8419,0.8025,0.8604,0.6858,0.8273,0.939,0.7813,0.6121,0.9556,0.7254,0.6295,0.6193,0.6199,0.8535,0.5711,0.6226,0.7789,0.5013,0.5622,0.3959,0.5896,0.6855,0.5846,0.5246,0.3136,0.478,0.2592,0.5276,0.3051,0.2082,0.1691,0.3579,
1.0,0.9989,0.9687,0.9676,0.9717,0.9972,0.9947,0.9899,0.9845,0.9224,0.7344,0.9358,0.9073,0.8363,0.7982,0.8608,0.6831,0.8232,0.9426,0.7855,0.6062,0.9536,0.7168,0.6186,0.5989,0.6145,0.86,0.5712,0.6146,0.7795,0.4991,0.5462,0.3815,0.5991,0.678,0.5777,0.5274,0.3103,0.4869,0.2541,0.5295,0.3102,0.209,0.1673,0.3529,
1.0,0.9988,0.9681,0.9669,0.9695,0.9976,0.9954,0.991,0.9865,0.9281,0.7407,0.931,0.9133,0.8388,0.8023,0.8605,0.685,0.8271,0.9424,0.7862,0.6107,0.9522,0.7246,0.6191,0.603,0.6174,0.8555,0.5677,0.6184,0.7921,0.5132,0.5527,0.3868,0.5865,0.6686,0.5826,0.5122,0.3163,0.4669,0.2564,0.516,0.3126,0.2104,0.1586,0.3539,
1.0,0.9989,0.9675,0.9664,0.9701,0.9979,0.9951,0.9908,0.9855,0.9261,0.7379,0.9311,0.9111,0.8386,0.8001,0.8591,0.6887,0.8232,0.9372,0.7897,0.6104,0.9504,0.7225,0.6207,0.6054,0.6094,0.8618,0.5634,0.6278,0.7837,0.499,0.5485,0.3878,0.5922,0.6746,0.5876,0.5142,0.3132,0.486,0.2596,0.5269,0.3108,0.2112,0.1634,0.36,
1.0,0.9986,0.9695,0.9681,0.9688,0.9984,0.9959,0.9898,0.9853,0.9193,0.734,0.9319,0.9041,0.842,0.8044,0.8538,0.6884,0.8298,0.9418,0.7758,0.6094,0.9535,0.7172,0.626,0.6113,0.6146,0.8561,0.5669,0.6233,0.7703,0.4906,0.5484,0.3884,0.5965,0.6708,0.5877,0.5194,0.3084,0.4828,0.2618,0.5182,0.3062,0.1981,0.1636,0.3589,
1.0,0.9992,0.9688,0.968,0.9719,0.9976,0.9963,0.9918,0.9867,0.9211,0.7368,0.9347,0.9066,0.8392,0.8022,0.8568,0.6871,0.8276,0.9425,0.7812,0.6098,0.9542,0.7211,0.6253,0.6109,0.6144,0.8587,0.57,0.6192,0.7833,0.5087,0.5538,0.3945,0.5952,0.6792,0.5835,0.5273,0.3237,0.4831,0.2618,0.5226,0.3184,0.2093,0.1705,0.3582,
1.0,0.9992,0.9683,0.9675,0.9722,0.9968,0.9946,0.991,0.985,0.9237,0.7433,0.9346,0.9078,0.8434,0.8037,0.8586,0.6876,0.8292,0.9398,0.7828,0.6127,0.9531,0.7223,0.6265,0.6073,0.6233,0.8538,0.5748,0.617,0.7856,0.5072,0.5625,0.3887,0.5851,0.6758,0.5746,0.5142,0.3201,0.4696,0.2571,0.523,0.3096,0.2055,0.1577,0.3514,
1.0,0.9987,0.9691,0.9678,0.968,0.9966,0.9946,0.9899,0.9854,0.9239,0.7299,0.9302,0.9066,0.8335,0.7979,0.8551,0.6891,0.8222,0.9405,0.7911,0.6121,0.9501,0.726,0.6232,0.6093,0.6062,0.8618,0.5645,0.6228,0.7842,0.5111,0.5393,0.3873,0.583,0.6717,0.5856,0.5216,0.3134,0.4807,0.2623,0.5328,0.3142,0.2137,0.1609,0.3499,
1.0,0.9989,0.9692,0.9681,0.9711,0.997,0.9952,0.9911,0.9847,0.9174,0.7339,0.9339,0.9023,0.8426,0.8054,0.8524,0.688,0.8292,0.9428,0.7771,0.6091,0.9525,0.7154,0.6283,0.606,0.6158,0.8576,0.567,0.6132,0.7788,0.5079,0.557,0.3955,0.5933,0.6804,0.5768,0.5181,0.3259,0.4768,0.2508,0.5203,0.3185,0.2097,0.1641,0.361,
1.0,0.999,0.9682,0.9672,0.9687,0.9979,0.9954,0.9904,0.985,0.9261,0.7341,0.9306,0.9107,0.836,0.7969,0.8585,0.6844,0.8214,0.938,0.7864,0.6049,0.9546,0.7218,0.6117,0.6008,0.6056,0.8602,0.5624,0.6165,0.7835,0.5074,0.543,0.3849,0.5891,0.6722,0.5781,0.5278,0.3183,0.4807,0.259,0.5245,0.3103,0.2112,0.1619,0.3482,
1.0,0.999,0.9663,0.9653,0.9712,0.9968,0.9943,0.9903,0.9854,0.9221,0.7423,0.9321,0.9066,0.8459,0.8084,0.8562,0.6875,0.8324,0.9371,0.7821,0.6089,0.9503,0.7168,0.619,0.6094,0.618,0.8543,0.5761,0.6132,0.7773,0.4946,0.55,0.3845,0.5817,0.6627,0.5721,0.5136,0.318,0.4756,0.2587,0.5163,0.3045,0.202,0.1606,0.3513,
1.0,0.9986,0.9697,0.9683,0.9711,0.9974,0.9953,0.992,0.9869,0.9209,0.736,0.9337,0.9062,0.8378,0.8021,0.8553,0.6885,0.8252,0.9433,0.7823,0.6112,0.9556,0.7259,0.6273,0.6149,0.6141,0.8556,0.5686,0.626,0.7831,0.5002,0.5618,0.3938,0.5949,0.6841,0.5858,0.5282,0.3109,0.4797,0.2656,0.5301,0.3122,0.2117,0.1703,0.3609,
1.0,0.9983,0.9671,0.9654,0.9681,0.9968,0.9941,0.9904,0.9851,0.9261,0.7356,0.9281,0.9102,0.8352,0.7962,0.8555,0.6795,0.8228,0.9422,0.7826,0.61,0.9551,0.7238,0.6181,0.6056,0.6141,0.8575,0.5651,0.6204,0.7848,0.503,0.55,0.3866,0.5965,0.6791,0.5826,0.524,0.3116,0.4891,0.2589,0.5328,0.3115,0.2067,0.1672,0.3543,
1.0,0.9988,0.9678,0.9666,0.9718,0.9972,0.995,0.9895,0.9838,0.9279,0.7456,0.9322,0.9107,0.8443,0.803,0.8608,0.6883,0.8307,0.9416,0.7846,0.6179,0.9528,0.7221,0.6296,0.6012,0.6191,0.8541,0.5659,0.6146,0.7825,0.5014,0.5502,0.3909,0.5933,0.6745,0.5827,0.5207,0.3123,0.4852,0.2595,0.5155,0.3103,0.2058,0.1688,0.3589,
1.0,0.9996,0.9707,0.9703,0.9701,0.9974,0.9964,0.9915,0.9861,0.9236,0.7294,0.9332,0.906,0.832,0.7936,0.8579,0.6795,0.8201,0.9446,0.7796,0.6003,0.9513,0.7158,0.6176,0.6062,0.6092,0.8547,0.5614,0.6131,0.7856,0.5074,0.5482,0.3843,0.5862,0.6714,0.5747,0.5208,0.318,0.4708,0.2498,0.5161,0.3063,0.2046,0.162,0.3475,
1.0,0.9989,0.9706,0.9695,0.9722,0.9969,0.9949,0.9901,0.9837,0.9241,0.7475,0.9361,0.9072,0.8502,0.8107,0.8614,0.6999,0.836,0.9392,0.7884,0.6171,0.9531,0.7156,0.6313,0.6058,0.6275,0.8595,0.5795,0.6207,0.7832,0.5074,0.5635,0.3868,0.5933,0.6786,0.5811,0.5305,0.3194,0.4807,0.2692,0.529,0.3126,0.2095,0.1686,0.3595,
1.0,0.9985,0.9709,0.9694,0.9676,0.998,0.9954,0.9917,0.987,0.921,0.7342,0.9316,0.9072,0.8413,0.8056,0.8541,0.6922,0.8289,0.9453,0.7803,0.6138,0.9541,0.7224,0.6308,0.6018,0.6095,0.8619,0.5676,0.615,0.7824,0.5023,0.5535,0.3865,0.5834,0.6825,0.5769,0.5282,0.3263,0.4749,0.2559,0.5254,0.309,0.2019,0.1658,0.351,
1.0,0.9992,0.9646,0.9638,0.9734,0.9979,0.9958,0.99,0.9842,0.9227,0.7341,0.9318,0.9062,0.8364,0.7978,0.8553,0.6825,0.823,0.9401,0.7884,0.6072,0.9539,0.7187,0.6208,0.6033,0.6133,0.8565,0.5661,0.6117,0.7838,0.5049,0.5437,0.3889,0.5841,0.6688,0.5786,0.5237,0.3164,0.4732,0.2574,0.5186,0.3156,0.2037,0.1598,0.3475,
1.0,0.9991,0.9662,0.9653,0.968,0.9977,0.9956,0.9909,0.9866,0.9222,0.7315,0.9273,0.9062,0.8354,0.7988,0.8497,0.6811,0.8229,0.9431,0.7789,0.6067,0.9532,0.7183,0.6163,0.6055,0.611,0.8543,0.5653,0.6207,0.7795,0.5035,0.5511,0.3855,0.5907,0.6778,0.5843,0.5244,0.3177,0.4721,0.2602,0.5234,0.306,0.2077,0.1596,0.3585,
1.0,0.9996,0.9631,0.9627,0.9689,0.9976,0.9957,0.9905,0.9848,0.9241,0.7316,0.9244,0.9064,0.8348,0.7956,0.85,0.6755,0.8211,0.9429,0.7826,0.6028,0.9514,0.7186,0.6151,0.6013,0.6156,0.8552,0.5647,0.6086,0.7809,0.5062,0.5457,0.39,0.5834,0.665,0.5763,0.5149,0.3224,0.4771,0.2519,0.5126,0.3093,0.2121,0.1599,0.3453,
1.0,0.9981,0.9662,0.9643,0.9726,0.9977,0.9949,0.9903,0.9861,0.9208,0.7338,0.9309,0.9057,0.8355,0.7977,0.8525,0.6801,0.823,0.9454,0.7807,0.6051,0.9557,0.7177,0.6236,0.6112,0.6161,0.8519,0.5695,0.6186,0.7794,0.506,0.556,0.3887,0.5921,0.6806,0.5883,0.5257,0.316,0.4765,0.2562,0.5225,0.3096,0.2045,0.1718,0.3538,
1.0,0.9987,0.9694,0.9681,0.9701,0.9976,0.9956,0.9907,0.9843,0.9251,0.7393,0.9324,0.9092,0.8412,0.8004,0.8588,0.6879,0.8274,0.9429,0.7839,0.6116,0.954,0.7219,0.6235,0.5965,0.6131,0.8601,0.5715,0.6165,0.7888,0.5197,0.5566,0.3837,0.5886,0.6774,0.5833,0.5239,0.3223,0.4837,0.256,0.5318,0.3166,0.2093,0.1654,0.3539,
1.0,0.9992,0.9701,0.9693,0.9671,0.9979,0.9959,0.9913,0.9865,0.9233,0.7337,0.9309,0.9078,0.8381,0.8025,0.8557,0.6835,0.8254,0.944,0.778,0.612,0.9541,0.7251,0.625,0.6103,0.6123,0.8521,0.568,0.6271,0.7834,0.5082,0.5544,0.3882,0.5949,0.6844,0.589,0.523,0.3148,0.4772,0.2659,0.5247,0.3114,0.2155,0.1612,0.3538,
1.0,0.9992,0.9667,0.9659,0.9665,0.9982,0.9965,0.9898,0.9837,0.9185,0.7282,0.9284,0.904,0.8387,0.8026,0.8494,0.6863,0.8253,0.9392,0.78,0.606,0.9481,0.7127,0.6181,0.5942,0.6103,0.8595,0.569,0.6112,0.7782,0.4975,0.5517,0.3835,0.5813,0.6678,0.5699,0.5181,0.3169,0.4749,0.2481,0.5246,0.3012,0.2107,0.1567,0.3516,
1.0,0.9989,0.9663,0.9652,0.9703,0.997,0.9946,0.9899,0.9843,0.9258,0.7405,0.9304,0.9095,0.842,0.8033,0.8574,0.6857,0.8278,0.9378,0.7828,0.616,0.9516,0.7296,0.6261,0.6128,0.6155,0.8552,0.5674,0.6283,0.7873,0.5092,0.5523,0.39,0.5927,0.6734,0.5849,0.5144,0.3171,0.4829,0.269,0.5239,0.3144,0.2118,0.1657,0.3653,
1.0,0.9987,0.9685,0.9672,0.969,0.9972,0.9944,0.9883,0.9834,0.9203,0.7301,0.9311,0.902,0.8378,0.7998,0.853,0.687,0.8247,0.9372,0.7828,0.6047,0.9529,0.721,0.6199,0.6043,0.6051,0.8587,0.5627,0.6125,0.775,0.4958,0.5487,0.3915,0.5965,0.6751,0.5749,0.5252,0.3107,0.4906,0.2614,0.5336,0.3105,0.2099,0.17,0.3581,
1.0,0.9986,0.9696,0.9682,0.9685,0.9974,0.9951,0.9908,0.9858,0.9283,0.7374,0.9321,0.9137,0.838,0.8005,0.8615,0.6862,0.8238,0.9401,0.7881,0.614,0.9518,0.7307,0.6223,0.614,0.6148,0.8617,0.5663,0.6299,0.7868,0.5034,0.5503,0.3984,0.596,0.6771,0.5886,0.5241,0.3124,0.4849,0.2639,0.5282,0.3146,0.2108,0.168,0.3572,
1.0,0.9988,0.9686,0.9674,0.9718,0.9979,0.9958,0.9892,0.9858,0.9236,0.7348,0.9339,0.9074,0.8364,0.7968,0.8587,0.6783,0.8256,0.941,0.7789,0.6033,0.9516,0.7156,0.618,0.6055,0.6089,0.8517,0.56,0.6189,0.7816,0.5016,0.5433,0.3797,0.589,0.6801,0.5823,0.5186,0.3099,0.4741,0.2569,0.5258,0.3088,0.2031,0.1621,0.3483,
1.0,0.9988,0.9677,0.9665,0.968,0.9978,0.9961,0.9919,0.9862,0.9269,0.7379,0.9287,0.9124,0.8371,0.8011,0.8569,0.6814,0.825,0.9425,0.78,0.6102,0.9541,0.7226,0.618,0.6016,0.6121,0.8535,0.5598,0.6261,0.7871,0.5077,0.5511,0.3878,0.5992,0.681,0.5817,0.513,0.3156,0.4784,0.2586,0.5262,0.3146,0.2133,0.1543,0.3545,
1.0,0.9994,0.9657,0.9651,0.9706,0.9977,0.9959,0.9892,0.9827,0.9225,0.7372,0.9289,0.9042,0.8409,0.7997,0.8538,0.6816,0.8257,0.9436,0.781,0.6136,0.951,0.7242,0.6276,0.6125,0.6212,0.8576,0.5683,0.6159,0.7829,0.5031,0.5483,0.3923,0.5906,0.6682,0.5875,0.5239,0.3153,0.4835,0.2545,0.5137,0.3138,0.2061,0.166,0.3539,
1.0,0.9991,0.9698,0.9689,0.9726,0.9975,0.9957,0.9908,0.9849,0.9252,0.7394,0.935,0.9086,0.8407,0.8015,0.8614,0.6853,0.8273,0.9404,0.7842,0.6114,0.9541,0.722,0.629,0.6054,0.6159,0.8536,0.5669,0.6216,0.7868,0.5118,0.5595,0.3913,0.5945,0.6877,0.5832,0.5148,0.3193,0.4715,0.2556,0.529,0.3166,0.2127,0.1591,0.361,
1.0,0.9982,0.9684,0.9666,0.9702,0.9975,0.9951,0.9897,0.9842,0.9222,0.7338,0.9318,0.907,0.8379,0.7977,0.8553,0.68,0.8255,0.9399,0.7792,0.6031,0.9524,0.7169,0.6161,0.6009,0.6113,0.8546,0.5613,0.6144,0.7751,0.4994,0.5457,0.3821,0.5894,0.674,0.5771,0.52,0.3116,0.4735,0.2493,0.5229,0.3055,0.2078,0.1655,0.3481,
1.0,0.9986,0.9652,0.9638,0.9711,0.9972,0.9948,0.9902,0.9837,0.922,0.7333,0.9307,0.9075,0.8366,0.8002,0.8535,0.6805,0.8217,0.9385,0.7847,0.6054,0.9547,0.7217,0.6164,0.6094,0.6164,0.8591,0.5672,0.6178,0.7884,0.5074,0.5509,0.3845,0.5928,0.68,0.5817,0.5175,0.3189,0.4865,0.2575,0.5209,0.3172,0.2099,0.1632,0.3618,
1.0,0.9986,0.9686,0.9672,0.9704,0.9969,0.9948,0.991,0.9853,0.9267,0.7385,0.9305,0.9096,0.8374,0.7997,0.858,0.6842,0.8253,0.9384,0.7836,0.6149,0.9527,0.728,0.6229,0.6067,0.6154,0.8513,0.5577,0.6241,0.7881,0.5083,0.5441,0.3917,0.5883,0.67,0.5846,0.5226,0.309,0.4713,0.2619,0.5166,0.3154,0.207,0.1675,0.3413,
1.0,0.9988,0.969,0.9678,0.9704,0.9972,0.9947,0.9929,0.9878,0.9173,0.7396,0.9324,0.9032,0.8462,0.8109,0.8512,0.6939,0.8322,0.9404,0.7759,0.611,0.9542,0.7119,0.6311,0.5991,0.6138,0.8553,0.5677,0.6131,0.7761,0.4937,0.5531,0.3826,0.5864,0.673,0.5724,0.5158,0.32,0.4732,0.2572,0.5274,0.2985,0.2004,0.1685,0.3484,
1.0,0.9985,0.9677,0.9662,0.9692,0.9967,0.9941,0.9904,0.9854,0.9256,0.7359,0.9299,0.9095,0.8363,0.8005,0.8575,0.6847,0.8228,0.9362,0.7905,0.6104,0.9503,0.7254,0.6186,0.609,0.6081,0.8595,0.5594,0.6244,0.7839,0.5008,0.5408,0.3871,0.587,0.6677,0.5831,0.5101,0.3116,0.4769,0.2643,0.5252,0.3112,0.2038,0.1578,0.3477,
1.0,0.999,0.968,0.967,0.9683,0.9973,0.9952,0.9903,0.9837,0.9247,0.7356,0.929,0.9077,0.8421,0.802,0.8559,0.6874,0.8278,0.9392,0.7848,0.6087,0.9501,0.7172,0.622,0.5997,0.6122,0.8564,0.575,0.6194,0.7816,0.5057,0.5573,0.3881,0.5869,0.6756,0.576,0.5144,0.3202,0.4766,0.2561,0.5274,0.3163,0.2125,0.1574,0.3547,
1.0,0.9986,0.968,0.9666,0.9687,0.9975,0.9955,0.9919,0.9862,0.9262,0.7385,0.9306,0.9128,0.8398,0.8031,0.8577,0.6801,0.8272,0.9404,0.7793,0.6128,0.953,0.7219,0.6209,0.6056,0.618,0.8541,0.5649,0.6139,0.7831,0.5043,0.5502,0.3843,0.5755,0.6741,0.5817,0.5079,0.3193,0.4707,0.2527,0.5234,0.3089,0.2088,0.1575,0.3471,
1.0,0.9986,0.9672,0.9658,0.9705,0.9981,0.9962,0.9908,0.9846,0.926,0.7343,0.931,0.9111,0.8355,0.7974,0.8585,0.6812,0.8231,0.9416,0.7868,0.6122,0.9538,0.7254,0.623,0.6004,0.6109,0.8557,0.5645,0.6227,0.7856,0.5097,0.5507,0.3798,0.5835,0.6808,0.5845,0.5273,0.3187,0.4753,0.2674,0.5255,0.3136,0.2148,0.1626,0.3497,
1.0,0.9987,0.967,0.9657,0.9681,0.9962,0.9939,0.9903,0.9861,0.9268,0.746,0.9278,0.9089,0.8453,0.8069,0.8556,0.6912,0.8344,0.9436,0.7838,0.6162,0.9551,0.7247,0.6245,0.6029,0.6222,0.8578,0.5774,0.6115,0.7897,0.5079,0.5563,0.3827,0.589,0.6761,0.5832,0.5231,0.3194,0.4871,0.2586,0.5212,0.3197,0.2124,0.1675,0.3637,
1.0,0.9991,0.9687,0.9678,0.9706,0.9972,0.9949,0.9899,0.9846,0.9265,0.7409,0.9328,0.9098,0.839,0.7999,0.8611,0.6838,0.824,0.9372,0.7842,0.6146,0.9521,0.7273,0.626,0.6099,0.6135,0.8554,0.5637,0.6281,0.79,0.5179,0.5535,0.39,0.588,0.6709,0.5867,0.5164,0.3186,0.4785,0.2685,0.5235,0.3215,0.2103,0.1582,0.3549,
1.0,0.9985,0.97,0.9685,0.9726,0.9979,0.9954,0.9896,0.9846,0.9238,0.7391,0.9344,0.9063,0.8418,0.8015,0.8592,0.6861,0.8292,0.9424,0.7816,0.6154,0.9575,0.73,0.6328,0.6201,0.6221,0.855,0.5752,0.6252,0.7846,0.5077,0.5642,0.3961,0.6023,0.6886,0.5924,0.522,0.3187,0.4787,0.2596,0.5289,0.3156,0.2127,0.1718,0.3646,
1.0,0.9991,0.9674,0.9665,0.9746,0.9976,0.9959,0.9927,0.9875,0.9247,0.742,0.9361,0.911,0.8383,0.802,0.8619,0.6886,0.8244,0.9399,0.7887,0.6113,0.9541,0.7222,0.6277,0.6089,0.6122,0.8613,0.5632,0.6234,0.7885,0.5137,0.5418,0.3953,0.5887,0.6708,0.5845,0.5272,0.3137,0.4879,0.2626,0.5297,0.32,0.2126,0.1665,0.3566,
1.0,0.9981,0.9702,0.9683,0.9702,0.9974,0.9946,0.99,0.9837,0.9248,0.7391,0.9319,0.9083,0.8434,0.8024,0.8587,0.6774,0.8289,0.9399,0.771,0.6115,0.9515,0.7183,0.6271,0.6042,0.6188,0.8441,0.5614,0.6223,0.7833,0.5077,0.5562,0.3909,0.5913,0.6801,0.5869,0.5119,0.3285,0.4703,0.2522,0.5219,0.3128,0.2099,0.1645,0.3478,
1.0,0.9987,0.97,0.9687,0.9696,0.9978,0.9959,0.9925,0.9863,0.9203,0.7366,0.9339,0.9077,0.8398,0.8025,0.8563,0.6872,0.8274,0.9442,0.7804,0.6153,0.9579,0.72,0.6315,0.6047,0.6154,0.8623,0.5731,0.6128,0.7808,0.5046,0.5576,0.3895,0.5884,0.6859,0.5812,0.5288,0.3249,0.4875,0.2549,0.5307,0.3077,0.2126,0.1686,0.3528,
1.0,0.9989,0.9691,0.968,0.9706,0.997,0.9948,0.9919,0.9868,0.9198,0.735,0.9339,0.9053,0.8388,0.8035,0.8547,0.6874,0.8257,0.9432,0.7822,0.6098,0.9512,0.7123,0.6267,0.599,0.6157,0.8585,0.5713,0.6137,0.7771,0.4936,0.5588,0.3807,0.5912,0.6744,0.5767,0.5256,0.3143,0.4725,0.2618,0.5258,0.2957,0.1988,0.1618,0.3489,
1.0,0.9991,0.9682,0.9673,0.9695,0.9968,0.9945,0.9903,0.9864,0.9214,0.7383,0.9313,0.9047,0.8423,0.8029,0.8547,0.6876,0.8301,0.9424,0.7787,0.6076,0.9522,0.716,0.624,0.6007,0.6163,0.8579,0.5695,0.6118,0.7728,0.4955,0.5559,0.3843,0.5846,0.6753,0.5694,0.5151,0.305,0.4787,0.2485,0.5214,0.3064,0.2004,0.162,0.3498,
1.0,0.999,0.9688,0.9678,0.9702,0.9965,0.9944,0.9912,0.9851,0.9249,0.74,0.9329,0.9089,0.8425,0.8034,0.8588,0.688,0.8278,0.9424,0.7827,0.6136,0.9528,0.7254,0.6272,0.6106,0.6209,0.8578,0.5768,0.6183,0.7869,0.5078,0.5606,0.3944,0.5912,0.6727,0.5802,0.5167,0.3225,0.4818,0.2553,0.5165,0.3135,0.2033,0.1623,0.3562,
1.0,0.999,0.9656,0.9646,0.9694,0.9974,0.9951,0.9899,0.9856,0.922,0.7347,0.9293,0.9066,0.8406,0.8032,0.8532,0.6804,0.8281,0.9406,0.7756,0.6055,0.9559,0.7205,0.6155,0.6026,0.6094,0.8529,0.5643,0.6132,0.7803,0.4982,0.546,0.3795,0.5922,0.6725,0.5766,0.5252,0.3168,0.4789,0.2547,0.515,0.3066,0.2019,0.1665,0.3563,
1.0,0.999,0.9681,0.9671,0.9696,0.9966,0.9951,0.99,0.9846,0.9237,0.741,0.9312,0.9061,0.8444,0.8035,0.8559,0.6886,0.8304,0.9418,0.7812,0.6141,0.9498,0.7204,0.6249,0.5989,0.6154,0.8552,0.5655,0.618,0.7727,0.5031,0.548,0.386,0.5857,0.6781,0.5858,0.5261,0.3153,0.4785,0.2583,0.5264,0.3114,0.2069,0.1639,0.3542,
1.0,0.9989,0.9692,0.9681,0.9669,0.9974,0.9947,0.9883,0.9848,0.9261,0.7377,0.9301,0.9094,0.8399,0.8013,0.8565,0.688,0.828,0.9416,0.7837,0.6122,0.9515,0.7214,0.6185,0.6004,0.6125,0.857,0.5688,0.6182,0.7789,0.5064,0.548,0.387,0.5906,0.6755,0.578,0.514,0.3163,0.4861,0.2547,0.5273,0.3109,0.2114,0.1564,0.3588,
1.0,0.9988,0.9696,0.9684,0.9721,0.9977,0.9953,0.9905,0.9867,0.9273,0.7407,0.9356,0.9121,0.8379,0.8028,0.8624,0.6897,0.827,0.9384,0.7904,0.6051,0.953,0.7215,0.6163,0.6019,0.6116,0.8579,0.562,0.622,0.7882,0.5049,0.5486,0.3806,0.5864,0.6728,0.5799,0.5136,0.311,0.4745,0.2585,0.5311,0.3088,0.2162,0.1577,0.35,
1.0,0.9993,0.9684,0.9677,0.968,0.9968,0.9947,0.9909,0.9849,0.9224,0.7293,0.9307,0.9065,0.8364,0.798,0.8556,0.6834,0.8219,0.9391,0.7828,0.6095,0.9544,0.7282,0.6245,0.6071,0.6037,0.8588,0.5633,0.6282,0.7775,0.5001,0.5444,0.3906,0.5962,0.6718,0.5857,0.5226,0.3099,0.4868,0.2627,0.5343,0.3051,0.2018,0.1638,0.3565,
1.0,0.9988,0.9679,0.9667,0.9688,0.9971,0.9948,0.9904,0.9839,0.927,0.7375,0.9283,0.9085,0.8401,0.8006,0.856,0.6851,0.826,0.9418,0.7833,0.6145,0.953,0.7264,0.6272,0.6082,0.6178,0.8555,0.5684,0.62,0.7887,0.5094,0.5545,0.3945,0.5937,0.6711,0.5837,0.5187,0.3181,0.4831,0.2585,0.5175,0.3159,0.2117,0.1624,0.3525,
1.0,0.9988,0.9666,0.9654,0.969,0.9982,0.9959,0.9915,0.9863,0.9258,0.7429,0.9294,0.9119,0.8434,0.8067,0.8565,0.6902,0.8301,0.939,0.7834,0.6111,0.9535,0.722,0.6213,0.6013,0.6198,0.856,0.5668,0.6229,0.7832,0.5071,0.5573,0.3838,0.5857,0.678,0.5809,0.517,0.3223,0.477,0.2669,0.5343,0.31,0.2112,0.1601,0.3492,
1.0,0.9989,0.9673,0.9662,0.9692,0.9969,0.9945,0.9913,0.9868,0.9231,0.7403,0.9305,0.9079,0.8431,0.809,0.855,0.6852,0.8304,0.9413,0.7777,0.6108,0.9555,0.7216,0.6203,0.6027,0.6162,0.8553,0.5672,0.613,0.7842,0.5014,0.5475,0.3813,0.5913,0.6751,0.5809,0.5215,0.3101,0.4852,0.259,0.5139,0.3111,0.2037,0.1591,0.3589,
1.0,0.9985,0.9675,0.966,0.9723,0.9975,0.9947,0.9902,0.9842,0.9209,0.7285,0.9321,0.905,0.8334,0.7947,0.8543,0.6819,0.8195,0.9389,0.7844,0.6057,0.9553,0.7274,0.6245,0.6167,0.6043,0.8571,0.5576,0.6283,0.7814,0.4985,0.5415,0.3889,0.6005,0.68,0.5872,0.5182,0.3035,0.4791,0.2629,0.5208,0.3053,0.209,0.1595,0.3531,
1.0,0.9983,0.9662,0.9645,0.9708,0.9976,0.9951,0.991,0.9848,0.9337,0.7478,0.9304,0.9188,0.8414,0.8043,0.8655,0.6887,0.8274,0.9391,0.7943,0.6258,0.9513,0.7304,0.6278,0.6026,0.6215,0.8588,0.5684,0.6291,0.7881,0.5084,0.5494,0.3919,0.5865,0.6749,0.5928,0.5199,0.3121,0.4735,0.2702,0.5242,0.3117,0.2126,0.1623,0.351,
1.0,0.999,0.9661,0.9651,0.9696,0.9967,0.9948,0.9905,0.9856,0.924,0.7335,0.9291,0.9072,0.8343,0.797,0.8548,0.6813,0.8212,0.945,0.7843,0.6094,0.9506,0.7189,0.618,0.6068,0.6171,0.8592,0.5717,0.6169,0.7834,0.5067,0.5497,0.3885,0.5963,0.6714,0.5885,0.5301,0.3164,0.4786,0.2613,0.514,0.3124,0.2052,0.1651,0.3579,
1.0,0.9986,0.9703,0.9689,0.9691,0.9968,0.9939,0.9893,0.9828,0.9237,0.7326,0.9323,0.9062,0.8399,0.8005,0.8571,0.6849,0.823,0.938,0.7825,0.6135,0.9524,0.7261,0.6305,0.6109,0.6145,0.8522,0.5664,0.6261,0.7806,0.5053,0.5597,0.3855,0.5907,0.6816,0.5908,0.5222,0.3114,0.4787,0.2604,0.5246,0.3056,0.2078,0.1687,0.3475,
1.0,0.9993,0.9658,0.9651,0.9693,0.9981,0.9961,0.9905,0.9854,0.9262,0.7385,0.9296,0.9114,0.8397,0.8042,0.8572,0.6864,0.827,0.941,0.7872,0.615,0.9551,0.7237,0.6226,0.6103,0.6192,0.8546,0.566,0.6258,0.7804,0.5074,0.5522,0.3893,0.5934,0.6739,0.5841,0.5207,0.3141,0.48,0.2685,0.5259,0.3103,0.2143,0.1606,0.3613,
1.0,0.9985,0.9691,0.9676,0.9717,0.9977,0.9955,0.9914,0.9866,0.9228,0.7334,0.9343,0.9088,0.833,0.796,0.8586,0.6785,0.8221,0.9444,0.7824,0.6107,0.958,0.7247,0.626,0.6109,0.6065,0.8542,0.5614,0.6263,0.7867,0.5102,0.5489,0.3879,0.5933,0.6917,0.594,0.5308,0.3129,0.4795,0.263,0.5303,0.319,0.2114,0.1693,0.3505,
1.0,0.999,0.9695,0.9685,0.9704,0.9972,0.9952,0.9908,0.986,0.9183,0.7374,0.9327,0.9011,0.8435,0.8041,0.8519,0.6882,0.8321,0.9415,0.774,0.6089,0.9549,0.7163,0.6278,0.6153,0.6205,0.8514,0.5757,0.6129,0.7807,0.5052,0.5675,0.3941,0.5972,0.6736,0.5737,0.5136,0.3219,0.4794,0.2581,0.5158,0.312,0.2052,0.1663,0.3616,
1.0,0.9989,0.9681,0.967,0.9696,0.9975,0.9955,0.9918,0.9857,0.9238,0.736,0.9325,0.9109,0.8372,0.8017,0.8592,0.6863,0.8243,0.936,0.7838,0.6084,0.9562,0.7263,0.6204,0.6117,0.6106,0.8602,0.5627,0.6245,0.7791,0.4957,0.5447,0.3932,0.5895,0.6693,0.5828,0.5164,0.3129,0.4832,0.257,0.5284,0.3141,0.2048,0.164,0.3521,
1.0,0.9989,0.9702,0.9691,0.9707,0.9973,0.995,0.9905,0.9853,0.921,0.7355,0.9332,0.904,0.8375,0.7974,0.8551,0.6868,0.8231,0.938,0.781,0.6078,0.9476,0.7216,0.6262,0.6137,0.6129,0.8618,0.5653,0.6159,0.7804,0.4984,0.5488,0.3902,0.5857,0.6751,0.5796,0.5195,0.3136,0.4794,0.2564,0.531,0.3144,0.2065,0.1673,0.3567,
1.0,0.9991,0.9681,0.9672,0.9708,0.9972,0.9949,0.9919,0.988,0.9252,0.7427,0.9325,0.9102,0.8379,0.8021,0.8593,0.6826,0.8257,0.9399,0.7804,0.6058,0.957,0.7173,0.6181,0.6012,0.6134,0.8497,0.5621,0.6141,0.7796,0.5078,0.55,0.3893,0.59,0.6691,0.5821,0.5165,0.3142,0.4726,0.2573,0.5173,0.3091,0.2084,0.1592,0.3492,
1.0,0.9991,0.9671,0.9662,0.9692,0.9978,0.9958,0.9905,0.9854,0.9192,0.7312,0.9301,0.9035,0.837,0.8018,0.851,0.681,0.8233,0.9389,0.7773,0.6007,0.9545,0.7154,0.6137,0.608,0.6096,0.8557,0.5607,0.617,0.7769,0.4935,0.5506,0.3855,0.6001,0.6815,0.5821,0.5231,0.3101,0.4824,0.263,0.5287,0.3116,0.2052,0.1641,0.3581,
1.0,0.9983,0.97,0.9683,0.9719,0.9975,0.994,0.9902,0.9866,0.9226,0.7348,0.9349,0.9068,0.8364,0.7989,0.8591,0.6778,0.823,0.9428,0.7782,0.6041,0.9524,0.7166,0.6231,0.608,0.6155,0.8505,0.5634,0.6204,0.782,0.5045,0.5566,0.3938,0.5941,0.6766,0.5781,0.5121,0.3155,0.4674,0.2535,0.5189,0.3078,0.2094,0.1597,0.3442,
1.0,0.9984,0.9692,0.9676,0.9679,0.9977,0.9951,0.9899,0.9843,0.9249,0.738,0.9299,0.909,0.8408,0.8005,0.8557,0.6856,0.8281,0.9412,0.7805,0.6199,0.954,0.7328,0.63,0.6163,0.6148,0.8593,0.5689,0.6335,0.7782,0.5031,0.5523,0.3966,0.6035,0.6818,0.5972,0.526,0.3159,0.4887,0.27,0.5239,0.3112,0.2181,0.1644,0.3705,
1.0,0.9988,0.9672,0.966,0.9706,0.9979,0.996,0.9911,0.9867,0.9245,0.7419,0.9323,0.9108,0.8411,0.8057,0.8576,0.6874,0.8293,0.942,0.7836,0.6115,0.9527,0.7207,0.6251,0.6041,0.6184,0.8567,0.566,0.6172,0.7813,0.5054,0.5548,0.3907,0.5901,0.6753,0.5851,0.5186,0.3206,0.4665,0.2611,0.522,0.304,0.2134,0.1633,0.3506,
1.0,0.9985,0.9682,0.9667,0.9693,0.9974,0.9948,0.9904,0.9844,0.9282,0.7399,0.9316,0.9135,0.8398,0.8045,0.8608,0.6855,0.8255,0.9403,0.7889,0.613,0.9541,0.7235,0.6189,0.6008,0.618,0.8569,0.5679,0.6248,0.7909,0.5063,0.5579,0.38,0.5962,0.6794,0.5853,0.5197,0.3235,0.474,0.2656,0.5214,0.3119,0.212,0.1605,0.3518,
1.0,0.9985,0.9704,0.9689,0.9697,0.9972,0.9942,0.9894,0.9838,0.9212,0.7327,0.9339,0.9052,0.841,0.8023,0.8568,0.6867,0.8266,0.9399,0.7813,0.6069,0.9493,0.7151,0.6244,0.6059,0.6146,0.8569,0.5726,0.6221,0.7773,0.4991,0.5585,0.391,0.5921,0.6788,0.5785,0.5174,0.3214,0.4777,0.259,0.5325,0.3101,0.2098,0.1633,0.3564,
1.0,0.9989,0.9684,0.9673,0.9736,0.9968,0.9949,0.991,0.9858,0.9229,0.7441,0.9349,0.9067,0.8461,0.8092,0.8591,0.6948,0.8342,0.9382,0.7876,0.6131,0.9532,0.7189,0.631,0.6102,0.6167,0.8551,0.5706,0.6207,0.7841,0.5058,0.5573,0.3897,0.5924,0.6774,0.5804,0.5193,0.3164,0.4793,0.264,0.5315,0.3177,0.2135,0.1609,0.3622,
1.0,0.999,0.9699,0.9689,0.9673,0.9971,0.995,0.9908,0.9852,0.9211,0.7294,0.9307,0.9045,0.836,0.7967,0.8538,0.6783,0.8234,0.941,0.7734,0.61,0.9534,0.7228,0.6208,0.6066,0.6046,0.8545,0.5606,0.6249,0.7782,0.4975,0.5508,0.3884,0.5976,0.6768,0.5833,0.5165,0.3124,0.4777,0.2613,0.519,0.3115,0.2073,0.1604,0.354,
1.0,0.999,0.9692,0.9682,0.9662,0.997,0.9948,0.9906,0.9851,0.921,0.7299,0.9293,0.9047,0.8393,0.8034,0.8516,0.6827,0.8253,0.94,0.7744,0.6131,0.952,0.723,0.6258,0.6034,0.6063,0.8515,0.5579,0.6225,0.7735,0.5009,0.5491,0.3847,0.5883,0.6698,0.5823,0.522,0.3101,0.4705,0.2652,0.5234,0.302,0.2111,0.1621,0.3494,
1.0,0.9985,0.9687,0.9672,0.9718,0.9972,0.9952,0.9897,0.9842,0.9224,0.736,0.9344,0.9065,0.8387,0.8017,0.8588,0.6865,0.8278,0.9473,0.7865,0.613,0.9532,0.7211,0.6286,0.6075,0.6244,0.8589,0.5789,0.6179,0.785,0.5176,0.5599,0.3924,0.5916,0.6827,0.5852,0.5258,0.3242,0.477,0.2549,0.5288,0.3125,0.2179,0.1665,0.353,
1.0,0.9992,0.9666,0.9658,0.9723,0.9975,0.9952,0.9909,0.9853,0.9202,0.7333,0.9307,0.9028,0.8343,0.7963,0.8526,0.6844,0.8186,0.9399,0.784,0.5983,0.9543,0.7089,0.613,0.5931,0.6085,0.857,0.5609,0.6061,0.7814,0.4986,0.5425,0.3731,0.581,0.6732,0.5705,0.5338,0.3022,0.4733,0.2555,0.524,0.3015,0.2063,0.1578,0.348,
1.0,0.9987,0.9685,0.9672,0.9689,0.9973,0.995,0.9895,0.9842,0.9216,0.7301,0.931,0.9056,0.837,0.7978,0.8537,0.6842,0.8244,0.9416,0.7832,0.6021,0.951,0.7147,0.6181,0.5976,0.603,0.8543,0.5656,0.62,0.7773,0.4934,0.5474,0.3748,0.5957,0.674,0.5783,0.5153,0.3003,0.4793,0.255,0.5289,0.3005,0.2014,0.1532,0.3559,
1.0,0.999,0.967,0.966,0.9724,0.9983,0.9964,0.9917,0.9864,0.9239,0.7428,0.9326,0.9098,0.8428,0.8052,0.8577,0.6914,0.831,0.9419,0.7878,0.6163,0.9536,0.7199,0.63,0.6058,0.6202,0.858,0.572,0.6255,0.781,0.5127,0.5586,0.3919,0.5888,0.6809,0.5845,0.5201,0.3221,0.4762,0.265,0.5359,0.315,0.2133,0.166,0.3566,
1.0,0.9982,0.9647,0.9629,0.9685,0.9981,0.9956,0.9896,0.9848,0.9283,0.7393,0.9271,0.9139,0.8385,0.8036,0.8584,0.6896,0.8267,0.9418,0.7928,0.6174,0.9544,0.7258,0.6201,0.5985,0.6124,0.8572,0.5687,0.6246,0.7847,0.5184,0.5432,0.3822,0.5857,0.6693,0.5943,0.5272,0.3199,0.4832,0.2697,0.5267,0.3179,0.2091,0.167,0.3557,
1.0,0.9994,0.97,0.9694,0.9716,0.9974,0.996,0.9921,0.9867,0.9206,0.7324,0.9346,0.9049,0.8335,0.7967,0.8573,0.6856,0.8212,0.9404,0.7804,0.5988,0.9538,0.7094,0.6152,0.6034,0.6038,0.8582,0.5602,0.6144,0.7809,0.4988,0.5464,0.3843,0.5978,0.6823,0.5714,0.5192,0.3128,0.4823,0.2505,0.5326,0.3102,0.2149,0.1654,0.3636,
1.0,0.9989,0.9671,0.966,0.9731,0.9973,0.9952,0.9901,0.9854,0.9287,0.7481,0.9339,0.9123,0.8436,0.8067,0.8631,0.6878,0.8303,0.9395,0.7909,0.6197,0.9509,0.7278,0.628,0.6094,0.6236,0.8545,0.5679,0.6259,0.7882,0.5147,0.5509,0.3904,0.5897,0.6703,0.5854,0.5164,0.3242,0.4803,0.2715,0.5177,0.318,0.2094,0.1662,0.3587,
1.0,0.999,0.9674,0.9664,0.969,0.9971,0.9952,0.9898,0.9844,0.9244,0.743,0.9301,0.9077,0.8461,0.8065,0.8561,0.6882,0.8315,0.9352,0.7827,0.6181,0.9509,0.7284,0.6284,0.6092,0.6189,0.8552,0.573,0.6228,0.7782,0.4975,0.5561,0.3919,0.5853,0.6726,0.5803,0.5206,0.3158,0.4726,0.2723,0.5232,0.3043,0.2061,0.1683,0.3515,
1.0,0.9987,0.9671,0.9658,0.9702,0.9979,0.9955,0.9898,0.9828,0.9217,0.732,0.9302,0.9049,0.8392,0.7972,0.8529,0.6809,0.8237,0.9393,0.7807,0.604,0.9505,0.7162,0.6171,0.6009,0.6142,0.8544,0.5677,0.6109,0.7767,0.4916,0.5581,0.3831,0.5838,0.6765,0.5713,0.5217,0.3084,0.4656,0.2538,0.5183,0.3001,0.2002,0.1626,0.3513,
1.0,0.9987,0.9666,0.9653,0.9689,0.9973,0.9946,0.9897,0.9859,0.9195,0.729,0.9293,0.9033,0.8359,0.8004,0.8508,0.683,0.8246,0.9426,0.7813,0.6063,0.9521,0.7208,0.6185,0.6006,0.6046,0.8589,0.5626,0.6195,0.7754,0.4939,0.5453,0.3798,0.5869,0.6804,0.5774,0.5247,0.31,0.474,0.259,0.5255,0.2968,0.2046,0.1617,0.3523,
1.0,0.9992,0.9706,0.9698,0.9684,0.9978,0.9962,0.9912,0.986,0.9217,0.7356,0.933,0.9069,0.84,0.8044,0.8562,0.69,0.8275,0.941,0.7805,0.6155,0.9536,0.7226,0.6286,0.6172,0.618,0.8578,0.5731,0.6247,0.7832,0.5029,0.5572,0.3942,0.5985,0.6809,0.5835,0.5163,0.3237,0.4865,0.2603,0.5237,0.3108,0.2079,0.165,0.3537,
1.0,0.9991,0.969,0.9681,0.9685,0.9968,0.9955,0.9913,0.9858,0.9262,0.7467,0.9312,0.9105,0.8488,0.8111,0.8583,0.6982,0.8355,0.9435,0.7875,0.6206,0.9515,0.7263,0.6338,0.6018,0.6187,0.8597,0.5766,0.6238,0.7869,0.5093,0.5612,0.3876,0.5948,0.6775,0.5895,0.5238,0.325,0.485,0.2682,0.5254,0.313,0.2106,0.1665,0.3677,
1.0,0.9986,0.9682,0.9668,0.9687,0.998,0.9957,0.9902,0.9849,0.9239,0.7381,0.9309,0.9095,0.8418,0.8058,0.8561,0.6907,0.8286,0.9422,0.7866,0.6171,0.9535,0.7259,0.6277,0.5995,0.6155,0.8619,0.5704,0.6195,0.7847,0.511,0.5516,0.3877,0.5861,0.6794,0.585,0.5173,0.3157,0.4753,0.2519,0.5279,0.3167,0.2087,0.1561,0.3582,
1.0,0.9995,0.9677,0.9672,0.9657,0.998,0.9969,0.9911,0.9849,0.9253,0.7346,0.9257,0.9076,0.8403,0.8011,0.8519,0.6816,0.8252,0.9376,0.7785,0.6128,0.9527,0.7213,0.6192,0.6009,0.6143,0.8487,0.5667,0.6179,0.7795,0.5028,0.5519,0.3896,0.5823,0.673,0.5832,0.524,0.3252,0.4704,0.2599,0.5188,0.3117,0.2079,0.1702,0.3488,
1.0,0.9986,0.9674,0.966,0.9692,0.9975,0.9952,0.9885,0.9839,0.9258,0.7316,0.9302,0.9092,0.8334,0.7933,0.8569,0.674,0.8219,0.9461,0.782,0.6154,0.9505,0.7252,0.6239,0.6123,0.6141,0.8516,0.5625,0.6252,0.7762,0.4995,0.5473,0.3922,0.59,0.6737,0.5934,0.5269,0.307,0.4745,0.2684,0.5235,0.3073,0.2017,0.1664,0.3487,
1.0,0.9987,0.9677,0.9664,0.9706,0.9971,0.9953,0.9897,0.9844,0.9177,0.7374,0.9324,0.9018,0.8439,0.8057,0.8512,0.6876,0.8309,0.9408,0.7769,0.6035,0.9489,0.7093,0.619,0.594,0.6149,0.8585,0.5723,0.6045,0.7776,0.4936,0.5538,0.3778,0.581,0.6737,0.5668,0.5174,0.315,0.4723,0.2522,0.519,0.3063,0.2014,0.1564,0.3538,
1.0,0.9993,0.9705,0.9698,0.9661,0.9973,0.9958,0.9914,0.9852,0.9264,0.7347,0.9316,0.9119,0.8374,0.8003,0.8594,0.6832,0.8232,0.9401,0.7813,0.6146,0.9476,0.7214,0.6242,0.5969,0.6073,0.8564,0.5621,0.6265,0.7815,0.4985,0.548,0.3808,0.5843,0.6735,0.5813,0.5181,0.3074,0.4726,0.2617,0.5328,0.3026,0.2126,0.1594,0.347,
1.0,0.9988,0.9667,0.9655,0.9691,0.9971,0.9948,0.9901,0.9849,0.9245,0.7381,0.929,0.9077,0.842,0.8055,0.8546,0.6878,0.8288,0.9399,0.7835,0.6139,0.9513,0.7232,0.6249,0.6137,0.6217,0.8551,0.5729,0.6247,0.7843,0.507,0.5592,0.3911,0.5923,0.6681,0.5819,0.5175,0.3191,0.4783,0.2613,0.5214,0.3095,0.2023,0.1659,0.3573,
1.0,0.9987,0.9704,0.9691,0.9714,0.9973,0.9946,0.9898,0.9851,0.9229,0.7295,0.9352,0.9063,0.8334,0.7975,0.8595,0.6824,0.8192,0.9428,0.7852,0.6101,0.9489,0.7221,0.6246,0.6083,0.6093,0.8562,0.5606,0.624,0.7827,0.5123,0.5481,0.3939,0.5881,0.6799,0.5832,0.5244,0.3182,0.4743,0.2596,0.5344,0.3153,0.2155,0.168,0.3517,
1.0,0.9989,0.9697,0.9686,0.9689,0.9965,0.9936,0.9893,0.9819,0.9258,0.7336,0.9321,0.9083,0.8387,0.7999,0.8593,0.6829,0.8204,0.9371,0.7857,0.6146,0.9486,0.7212,0.6242,0.6009,0.6104,0.8539,0.5663,0.6247,0.7838,0.5107,0.5508,0.3863,0.5897,0.6743,0.587,0.5198,0.3103,0.4773,0.2644,0.5236,0.3138,0.2056,0.1623,0.3539,
1.0,0.9986,0.9674,0.966,0.9694,0.9968,0.9945,0.9899,0.9853,0.9228,0.7289,0.9307,0.9069,0.8343,0.7978,0.8545,0.6843,0.8218,0.9378,0.7876,0.604,0.9513,0.7203,0.6161,0.6019,0.6036,0.8584,0.5611,0.6163,0.7787,0.5037,0.5436,0.3903,0.5882,0.6775,0.5828,0.5262,0.3109,0.4838,0.2627,0.5359,0.3112,0.2073,0.1664,0.3575,
1.0,0.9989,0.9676,0.9665,0.9742,0.9976,0.9957,0.9894,0.9849,0.924,0.7385,0.9339,0.906,0.8386,0.7978,0.8589,0.6874,0.8272,0.9449,0.7887,0.6077,0.9529,0.7231,0.6242,0.6065,0.614,0.8622,0.5682,0.6181,0.7861,0.5137,0.5499,0.3928,0.6027,0.683,0.5802,0.5259,0.323,0.4896,0.2607,0.5323,0.3187,0.2095,0.1643,0.3635,
1.0,0.9988,0.9658,0.9646,0.9702,0.9977,0.996,0.9904,0.9836,0.9236,0.7367,0.9296,0.9083,0.8395,0.7982,0.8547,0.6775,0.8249,0.9404,0.7812,0.6127,0.9535,0.7232,0.622,0.6086,0.614,0.8548,0.5681,0.6198,0.7847,0.5058,0.5557,0.3878,0.5942,0.6799,0.585,0.5177,0.3203,0.4788,0.2609,0.5206,0.3138,0.2018,0.1638,0.3514,
1.0,0.999,0.9674,0.9664,0.9694,0.9975,0.996,0.99,0.9843,0.9192,0.7269,0.9299,0.9026,0.8364,0.7966,0.8497,0.6839,0.8235,0.9438,0.7805,0.6093,0.9489,0.7192,0.6222,0.6075,0.6115,0.8585,0.5659,0.6183,0.7761,0.5028,0.5543,0.3943,0.5905,0.6842,0.5778,0.5227,0.3193,0.4812,0.2588,0.5363,0.3104,0.2184,0.1664,0.3543,
1.0,0.999,0.9668,0.9658,0.9702,0.9974,0.9946,0.9892,0.9852,0.9238,0.7347,0.9298,0.9058,0.8381,0.7975,0.8548,0.68,0.8245,0.9436,0.7788,0.611,0.9501,0.7189,0.6248,0.6044,0.6153,0.8555,0.57,0.6119,0.7774,0.5117,0.5528,0.3856,0.5841,0.6799,0.5834,0.5304,0.3235,0.4694,0.2561,0.5217,0.3154,0.2114,0.1619,0.3461,
1.0,0.9989,0.9676,0.9665,0.971,0.9973,0.9947,0.9899,0.9853,0.9204,0.7342,0.931,0.9025,0.8378,0.7983,0.8524,0.6845,0.8252,0.9445,0.7815,0.6112,0.9513,0.7193,0.6252,0.6034,0.6107,0.8583,0.5718,0.6059,0.7804,0.5011,0.5467,0.3829,0.5766,0.67,0.5759,0.5261,0.3125,0.4757,0.2541,0.521,0.2968,0.1985,0.1617,0.345,
1.0,0.9986,0.9679,0.9665,0.97,0.9962,0.9938,0.99,0.9843,0.9226,0.7333,0.9322,0.9065,0.8364,0.7958,0.8563,0.681,0.8228,0.941,0.7835,0.6111,0.9511,0.7258,0.625,0.6108,0.6132,0.8599,0.5663,0.6197,0.7772,0.4947,0.5497,0.3935,0.5881,0.669,0.5807,0.5213,0.3091,0.4754,0.2605,0.5207,0.3031,0.1974,0.1643,0.3551,
1.0,0.9993,0.967,0.9663,0.9679,0.9975,0.9955,0.9907,0.9852,0.9234,0.7393,0.9286,0.9075,0.8454,0.806,0.8533,0.6921,0.8309,0.9385,0.7815,0.6159,0.9514,0.7208,0.6263,0.597,0.6087,0.8593,0.5696,0.6181,0.7787,0.5041,0.5497,0.3916,0.5918,0.674,0.5803,0.5265,0.315,0.4839,0.262,0.5265,0.3171,0.2097,0.1599,0.3588,
1.0,0.9991,0.9651,0.9642,0.968,0.9966,0.9946,0.9906,0.9862,0.9184,0.735,0.9272,0.9017,0.8405,0.8037,0.8473,0.6849,0.8284,0.9453,0.775,0.6086,0.9507,0.7121,0.6198,0.6007,0.6194,0.8566,0.5793,0.609,0.7758,0.5003,0.5569,0.3809,0.5856,0.6679,0.5769,0.5175,0.3173,0.4759,0.2535,0.5195,0.3047,0.2003,0.1564,0.3493,
1.0,0.9995,0.9695,0.969,0.9685,0.9974,0.9953,0.9911,0.9859,0.9252,0.7338,0.9323,0.9098,0.8355,0.7985,0.8591,0.6785,0.8215,0.9374,0.7786,0.6074,0.9532,0.723,0.62,0.608,0.6089,0.8519,0.5573,0.6204,0.7806,0.4944,0.5458,0.3857,0.5798,0.6752,0.58,0.5149,0.3104,0.4651,0.2534,0.5143,0.3037,0.2118,0.1594,0.3465,
1.0,0.9988,0.9678,0.9666,0.9704,0.9978,0.9953,0.9893,0.9835,0.918,0.7289,0.9324,0.9028,0.8369,0.7983,0.8527,0.6864,0.8228,0.9382,0.7845,0.603,0.9512,0.7166,0.6226,0.6061,0.605,0.8636,0.5707,0.6211,0.7803,0.4956,0.5524,0.383,0.5932,0.6713,0.5744,0.5214,0.3117,0.4768,0.2625,0.5322,0.3068,0.2065,0.1623,0.3541,
1.0,0.9992,0.9691,0.9683,0.9695,0.9977,0.9957,0.9901,0.9843,0.9204,0.7364,0.9312,0.9038,0.842,0.8027,0.8522,0.6897,0.8257,0.9395,0.7794,0.6072,0.95,0.7111,0.6237,0.5991,0.6134,0.8539,0.5679,0.6145,0.7757,0.5068,0.5522,0.3845,0.5909,0.6751,0.5838,0.5213,0.3181,0.4827,0.2585,0.516,0.3119,0.2083,0.1662,0.3522,
1.0,0.9981,0.9681,0.9662,0.9716,0.997,0.9943,0.9923,0.9871,0.9241,0.7421,0.9317,0.9093,0.8421,0.8017,0.8574,0.6865,0.828,0.939,0.7808,0.6079,0.9567,0.7194,0.6204,0.6086,0.6114,0.8588,0.5689,0.6189,0.7807,0.5047,0.5513,0.3893,0.5942,0.6757,0.5829,0.5273,0.3137,0.4849,0.2678,0.5286,0.3124,0.2035,0.164,0.3642,
1.0,0.9986,0.9688,0.9674,0.9666,0.9967,0.9946,0.99,0.9841,0.9221,0.7301,0.928,0.9041,0.8404,0.7988,0.8507,0.6822,0.8271,0.9418,0.7751,0.611,0.9521,0.7247,0.6239,0.6038,0.6105,0.8535,0.5698,0.6148,0.7786,0.5067,0.5579,0.3913,0.5909,0.6804,0.5818,0.5127,0.3204,0.4667,0.2522,0.5202,0.312,0.2103,0.1621,0.3516,
1.0,0.9988,0.9657,0.9645,0.9721,0.9972,0.9952,0.9914,0.9854,0.9292,0.7448,0.9309,0.9134,0.8413,0.8044,0.8614,0.6828,0.8272,0.9403,0.786,0.6157,0.9536,0.7263,0.6241,0.607,0.6198,0.8541,0.5611,0.6256,0.7883,0.5115,0.549,0.3905,0.5955,0.6722,0.5867,0.5165,0.3129,0.48,0.2683,0.5157,0.3148,0.2078,0.1643,0.3544,
1.0,0.9988,0.9663,0.9651,0.9696,0.9979,0.9959,0.991,0.9855,0.9273,0.7422,0.9296,0.9128,0.8414,0.8045,0.8576,0.6921,0.828,0.9427,0.79,0.6182,0.9546,0.7244,0.6216,0.604,0.6239,0.8627,0.5765,0.6242,0.7876,0.5142,0.5594,0.3869,0.5894,0.6832,0.583,0.534,0.3245,0.4862,0.2677,0.5369,0.3152,0.2156,0.1628,0.3628,
1.0,0.9988,0.9665,0.9653,0.9722,0.9976,0.9954,0.9899,0.984,0.9224,0.7338,0.9315,0.9055,0.8339,0.7943,0.855,0.6806,0.819,0.9362,0.784,0.6043,0.9507,0.7226,0.6192,0.6117,0.6104,0.8597,0.5635,0.625,0.783,0.5069,0.5465,0.3926,0.5869,0.6702,0.5849,0.5205,0.3149,0.4852,0.264,0.5236,0.3168,0.2078,0.1648,0.349,
1.0,0.9984,0.9652,0.9636,0.9685,0.9977,0.9949,0.9906,0.9843,0.9241,0.7375,0.9276,0.9105,0.843,0.8054,0.8537,0.6879,0.8281,0.941,0.7841,0.6174,0.9523,0.728,0.6263,0.6036,0.6182,0.8598,0.5747,0.6192,0.7827,0.5064,0.553,0.3926,0.582,0.669,0.5841,0.5226,0.3174,0.4811,0.2589,0.524,0.3093,0.2024,0.1636,0.3585,
1.0,0.9992,0.9652,0.9644,0.9718,0.9968,0.9947,0.9911,0.9861,0.9261,0.74,0.9318,0.9105,0.8371,0.8002,0.859,0.6825,0.8235,0.9412,0.7882,0.6115,0.9515,0.7221,0.6215,0.6015,0.6191,0.8578,0.5702,0.6157,0.783,0.5088,0.5534,0.3905,0.5883,0.6793,0.5794,0.5211,0.3154,0.4816,0.2585,0.5339,0.3123,0.2134,0.1644,0.3501,
1.0,0.9989,0.9674,0.9663,0.9712,0.9968,0.995,0.9913,0.9851,0.9237,0.7418,0.9331,0.9094,0.8421,0.8051,0.858,0.6892,0.8295,0.9432,0.7869,0.6123,0.9499,0.7171,0.6229,0.6017,0.6215,0.8589,0.5773,0.6171,0.7878,0.5082,0.5604,0.3872,0.5867,0.6746,0.5764,0.5191,0.3226,0.4738,0.2585,0.523,0.3193,0.2121,0.1539,0.3504,
1.0,0.9996,0.9678,0.9674,0.9711,0.9979,0.9964,0.9922,0.9877,0.9227,0.7386,0.9338,0.9088,0.8406,0.8055,0.8584,0.6838,0.8287,0.941,0.7789,0.6116,0.9545,0.7248,0.626,0.6092,0.6149,0.8548,0.5631,0.622,0.7864,0.507,0.558,0.3944,0.5938,0.6839,0.5819,0.5218,0.3221,0.4748,0.2627,0.5254,0.3174,0.2109,0.165,0.3528,
1.0,0.9987,0.9667,0.9654,0.9679,0.9972,0.9949,0.9905,0.9858,0.9234,0.7356,0.9276,0.9077,0.8413,0.8048,0.8516,0.6828,0.8284,0.9403,0.7757,0.6021,0.9508,0.7118,0.6131,0.5933,0.6127,0.8529,0.5614,0.609,0.782,0.5007,0.5496,0.3766,0.5864,0.6664,0.5755,0.5189,0.3127,0.4741,0.2545,0.5151,0.3101,0.2004,0.156,0.3452,
1.0,0.9987,0.9695,0.9682,0.9688,0.9975,0.9952,0.9878,0.9834,0.9294,0.7318,0.9323,0.9115,0.8313,0.7926,0.8623,0.6793,0.8181,0.9399,0.7883,0.608,0.9505,0.7324,0.6175,0.6071,0.6066,0.8563,0.5549,0.6291,0.7863,0.509,0.5446,0.383,0.5895,0.674,0.5895,0.522,0.3046,0.4751,0.2622,0.5277,0.3113,0.2098,0.1609,0.3496,
1.0,0.9986,0.9646,0.9632,0.9697,0.9974,0.9945,0.9911,0.9877,0.925,0.7408,0.9278,0.9104,0.8398,0.8037,0.8545,0.6882,0.8279,0.9458,0.7844,0.6169,0.9555,0.7242,0.6255,0.6083,0.6193,0.8588,0.5722,0.6169,0.7783,0.5027,0.5498,0.3844,0.5822,0.6753,0.588,0.5297,0.319,0.4793,0.2589,0.5183,0.3086,0.205,0.1598,0.3518,
1.0,0.9988,0.9686,0.9674,0.9711,0.9981,0.9954,0.9888,0.9825,0.9279,0.7387,0.9325,0.91,0.8395,0.7984,0.8616,0.6882,0.8245,0.9406,0.7913,0.6154,0.9528,0.7306,0.6267,0.6145,0.6197,0.8606,0.5684,0.6305,0.7875,0.5102,0.5528,0.3883,0.5913,0.673,0.5906,0.5185,0.3164,0.4818,0.2603,0.5232,0.3161,0.2097,0.1649,0.3486,
1.0,0.9987,0.9706,0.9693,0.9667,0.9975,0.9953,0.9899,0.9838,0.9243,0.7366,0.9323,0.9103,0.8442,0.8075,0.8584,0.6914,0.8306,0.9403,0.7835,0.6182,0.9516,0.7271,0.6267,0.6097,0.6139,0.8574,0.5734,0.633,0.7796,0.5052,0.5623,0.3945,0.5901,0.6777,0.5891,0.5181,0.3227,0.485,0.2727,0.5405,0.3126,0.2056,0.1663,0.359,
1.0,0.9989,0.9662,0.9651,0.9675,0.9974,0.9954,0.99,0.9844,0.927,0.7366,0.927,0.91,0.8406,0.8043,0.8546,0.6894,0.8279,0.9421,0.7897,0.6139,0.9532,0.7226,0.6185,0.6005,0.619,0.8559,0.5727,0.6152,0.7857,0.5118,0.5509,0.3862,0.5856,0.6687,0.5821,0.5256,0.3168,0.4725,0.2645,0.5144,0.312,0.209,0.16,0.3559,
1.0,0.9995,0.9682,0.9677,0.9658,0.9977,0.9965,0.9924,0.9854,0.9238,0.7347,0.9284,0.9096,0.8395,0.8017,0.8544,0.685,0.8266,0.9436,0.7779,0.616,0.9563,0.7239,0.6263,0.6075,0.6153,0.8598,0.5729,0.628,0.7803,0.4965,0.5565,0.3832,0.6046,0.6841,0.5918,0.5325,0.3188,0.488,0.2701,0.5284,0.312,0.2022,0.1696,0.357,
1.0,0.9984,0.966,0.9644,0.9674,0.997,0.9936,0.9901,0.9861,0.9226,0.7306,0.9272,0.9074,0.8339,0.7961,0.8518,0.6762,0.8203,0.9395,0.7788,0.6106,0.9518,0.7284,0.6157,0.6029,0.5998,0.8595,0.551,0.6279,0.7752,0.4901,0.5364,0.3788,0.5936,0.6804,0.5863,0.5197,0.3061,0.486,0.2612,0.5301,0.306,0.2074,0.1656,0.3576,
1.0,0.9987,0.9664,0.9651,0.9699,0.9974,0.9947,0.9909,0.985,0.9294,0.7411,0.9294,0.9137,0.838,0.8011,0.8608,0.684,0.8241,0.9412,0.7902,0.6154,0.9535,0.7285,0.6225,0.5986,0.6148,0.8558,0.5585,0.6226,0.7902,0.5085,0.5462,0.3849,0.5855,0.6724,0.5822,0.5199,0.3116,0.4746,0.264,0.5206,0.3166,0.2078,0.1591,0.3562,
1.0,0.999,0.9692,0.9682,0.9697,0.9986,0.9969,0.9919,0.987,0.9249,0.7338,0.9322,0.9113,0.8336,0.7942,0.8585,0.6811,0.8206,0.9402,0.78,0.6049,0.9558,0.7201,0.6151,0.5956,0.6031,0.8565,0.5572,0.6208,0.7826,0.5028,0.5475,0.3758,0.589,0.69,0.5779,0.5212,0.3081,0.4766,0.2587,0.5384,0.3029,0.2134,0.1604,0.3481,
1.0,0.9992,0.9677,0.9669,0.9669,0.9973,0.9955,0.9905,0.9838,0.9202,0.729,0.9294,0.9052,0.8364,0.7963,0.8509,0.6782,0.8217,0.9354,0.7741,0.6001,0.9498,0.7118,0.6131,0.5953,0.6029,0.8519,0.5613,0.6154,0.7733,0.4929,0.5438,0.3802,0.5845,0.6696,0.5668,0.5152,0.3089,0.4753,0.2552,0.5174,0.3029,0.2033,0.1564,0.346,
1.0,0.9991,0.9669,0.966,0.9676,0.9972,0.9951,0.9917,0.9849,0.9225,0.7323,0.928,0.907,0.8387,0.801,0.8514,0.6854,0.8237,0.9381,0.7812,0.612,0.9517,0.7223,0.6215,0.6045,0.6089,0.8558,0.566,0.6196,0.7822,0.4999,0.5477,0.3845,0.5852,0.6681,0.5818,0.5173,0.3152,0.4769,0.2644,0.5304,0.312,0.2058,0.1662,0.356,
1.0,0.999,0.9685,0.9675,0.9698,0.9978,0.9957,0.99,0.9834,0.926,0.7343,0.9313,0.9086,0.8374,0.7958,0.8583,0.6855,0.8212,0.9358,0.7859,0.6057,0.9489,0.7207,0.6202,0.6018,0.6081,0.8613,0.566,0.6157,0.785,0.4998,0.5495,0.3875,0.5863,0.6717,0.5757,0.5235,0.3107,0.4784,0.2637,0.5328,0.3039,0.2056,0.1636,0.3425,
1.0,0.9986,0.9657,0.9643,0.9731,0.9974,0.995,0.9922,0.9864,0.9237,0.7423,0.9318,0.9089,0.8416,0.804,0.8571,0.6875,0.8281,0.9421,0.7858,0.614,0.9546,0.7264,0.6265,0.6099,0.6213,0.8621,0.5711,0.618,0.7833,0.5021,0.5501,0.3888,0.5885,0.6704,0.5892,0.516,0.3216,0.4778,0.2552,0.5178,0.3059,0.1989,0.1611,0.3541,
1.0,0.9986,0.9664,0.965,0.9678,0.9966,0.9937,0.9891,0.9849,0.9256,0.7402,0.9294,0.91,0.845,0.805,0.8566,0.6824,0.8318,0.9443,0.7782,0.6293,0.9503,0.7336,0.6351,0.6208,0.6198,0.8532,0.5783,0.6414,0.7807,0.5096,0.5587,0.3943,0.5949,0.6808,0.6028,0.5194,0.3283,0.4858,0.271,0.5272,0.322,0.2124,0.1662,0.3635,
1.0,0.9988,0.9672,0.966,0.9684,0.9966,0.994,0.9908,0.9852,0.9248,0.7424,0.9279,0.9068,0.8444,0.8058,0.853,0.688,0.8296,0.9415,0.7801,0.6134,0.9517,0.7151,0.624,0.5967,0.6213,0.8508,0.5716,0.6138,0.7809,0.5083,0.5612,0.3782,0.5869,0.6712,0.5758,0.5162,0.3169,0.4728,0.2585,0.5222,0.308,0.2063,0.1574,0.3556,
1.0,0.9994,0.9658,0.9652,0.9691,0.9961,0.9947,0.9923,0.9877,0.9218,0.7376,0.9289,0.9057,0.8396,0.8037,0.8511,0.6849,0.8274,0.9403,0.7776,0.609,0.9538,0.7211,0.6223,0.6083,0.6144,0.8498,0.5678,0.6182,0.7776,0.5107,0.5541,0.3995,0.5965,0.6756,0.5784,0.5186,0.3241,0.4787,0.2611,0.5224,0.3142,0.2103,0.1637,0.3624,
1.0,0.9986,0.9633,0.9619,0.9698,0.9961,0.9938,0.9893,0.9835,0.9211,0.733,0.9272,0.903,0.8394,0.7994,0.8501,0.6784,0.8257,0.94,0.7796,0.6116,0.9501,0.7227,0.6226,0.605,0.6113,0.854,0.5673,0.6208,0.7737,0.5019,0.5447,0.3832,0.5913,0.6729,0.5823,0.5211,0.318,0.4765,0.2594,0.5258,0.3135,0.2011,0.1612,0.3556,
1.0,0.9998,0.967,0.9668,0.97,0.9969,0.9959,0.9911,0.985,0.9264,0.7392,0.9317,0.9103,0.8387,0.8003,0.8594,0.6797,0.8266,0.9408,0.7826,0.6134,0.9572,0.7307,0.6221,0.6133,0.6113,0.8514,0.5592,0.6249,0.7822,0.5074,0.5448,0.3895,0.5934,0.6712,0.5903,0.5167,0.3107,0.4815,0.2652,0.5197,0.313,0.2088,0.162,0.3526,
1.0,0.999,0.9703,0.9693,0.9701,0.9974,0.9955,0.9909,0.9863,0.925,0.7421,0.9343,0.9093,0.8423,0.8069,0.8611,0.69,0.8293,0.9421,0.7837,0.6164,0.9519,0.7213,0.6281,0.6078,0.6197,0.8526,0.5676,0.6254,0.7796,0.5117,0.5539,0.3914,0.5899,0.6845,0.5898,0.5214,0.3244,0.4747,0.2621,0.525,0.3131,0.2189,0.1665,0.3556,
1.0,0.9985,0.9671,0.9656,0.9705,0.9966,0.9945,0.9906,0.9841,0.9243,0.7372,0.9305,0.9072,0.8412,0.8012,0.8552,0.6874,0.8288,0.9416,0.7858,0.6101,0.9524,0.7186,0.6209,0.6036,0.6176,0.8599,0.5746,0.6136,0.7869,0.4951,0.5574,0.3838,0.5895,0.6762,0.5801,0.5239,0.3144,0.4821,0.2561,0.5227,0.3069,0.204,0.1619,0.3564,
1.0,0.9988,0.969,0.9678,0.9703,0.9976,0.9959,0.99,0.9851,0.9272,0.7409,0.9325,0.9118,0.8408,0.8032,0.8612,0.6876,0.8297,0.9453,0.7859,0.619,0.9523,0.7244,0.6275,0.6079,0.6199,0.8574,0.5697,0.6183,0.7873,0.5188,0.5564,0.388,0.586,0.6724,0.5877,0.5169,0.3275,0.4662,0.2584,0.5137,0.3154,0.2086,0.1535,0.3501,
1.0,0.999,0.9678,0.9668,0.9657,0.9979,0.9956,0.9911,0.986,0.9227,0.729,0.9268,0.9074,0.8349,0.7965,0.8497,0.6818,0.8221,0.9405,0.7773,0.6103,0.9522,0.7269,0.6213,0.6091,0.6073,0.8585,0.5626,0.6256,0.7794,0.5014,0.5524,0.3989,0.5899,0.6724,0.5876,0.5207,0.3196,0.4786,0.2633,0.5317,0.3097,0.2078,0.1683,0.3557,
1.0,0.9985,0.9678,0.9663,0.969,0.9978,0.995,0.9896,0.9849,0.9226,0.7358,0.9305,0.9067,0.8396,0.8006,0.8536,0.6841,0.8266,0.9417,0.7804,0.6176,0.9531,0.7235,0.6265,0.605,0.6139,0.8546,0.5696,0.6225,0.7782,0.5004,0.5597,0.3887,0.5951,0.6827,0.5851,0.5193,0.317,0.4738,0.2566,0.5303,0.3064,0.2074,0.1649,0.3529,
1.0,0.999,0.9684,0.9674,0.9712,0.9974,0.9953,0.992,0.9855,0.9255,0.7367,0.9327,0.9105,0.8379,0.7985,0.8587,0.6834,0.8235,0.9402,0.7833,0.6106,0.952,0.7234,0.6203,0.6076,0.615,0.8587,0.571,0.6174,0.7914,0.515,0.5578,0.3938,0.592,0.6744,0.5812,0.5146,0.3207,0.4753,0.2591,0.5264,0.3159,0.2137,0.1648,0.3466,
1.0,0.9986,0.9665,0.9651,0.9697,0.9972,0.9952,0.9892,0.9839,0.926,0.7447,0.9285,0.908,0.8446,0.8065,0.8562,0.6921,0.8336,0.9444,0.788,0.62,0.9562,0.7244,0.6279,0.5992,0.6234,0.8568,0.5731,0.6158,0.7832,0.5154,0.5518,0.3835,0.5843,0.6706,0.5821,0.5247,0.3128,0.4852,0.2628,0.5249,0.312,0.2047,0.1646,0.3562,
1.0,0.9991,0.9687,0.9678,0.9701,0.997,0.9947,0.9916,0.986,0.9237,0.737,0.9328,0.9089,0.8387,0.802,0.8579,0.693,0.8245,0.9434,0.7896,0.6161,0.9495,0.72,0.6287,0.6035,0.6162,0.8632,0.5789,0.6224,0.7837,0.5066,0.5594,0.3889,0.5821,0.682,0.5805,0.5229,0.3186,0.4756,0.2627,0.532,0.3081,0.2138,0.1553,0.356,
1.0,0.9991,0.9646,0.9637,0.9693,0.9974,0.9956,0.9922,0.9877,0.9258,0.7439,0.9279,0.9116,0.8421,0.8058,0.8558,0.6881,0.8309,0.9449,0.7847,0.6203,0.9558,0.7265,0.6275,0.6028,0.6207,0.8598,0.5698,0.6225,0.7835,0.5108,0.5527,0.3869,0.5872,0.6811,0.5957,0.5336,0.3224,0.4833,0.2681,0.5243,0.3217,0.2139,0.166,0.3628,
1.0,0.9984,0.9664,0.9648,0.9719,0.9971,0.9943,0.9884,0.9825,0.924,0.7391,0.9296,0.9048,0.8418,0.7981,0.8555,0.6846,0.8287,0.9414,0.7844,0.6133,0.9527,0.7249,0.6284,0.6162,0.6198,0.8559,0.5721,0.626,0.7814,0.5101,0.556,0.3901,0.5907,0.6723,0.5842,0.5223,0.319,0.4801,0.2619,0.5231,0.3155,0.2138,0.1592,0.3564,
1.0,0.9992,0.9662,0.9654,0.9662,0.997,0.9947,0.9903,0.9856,0.9236,0.7339,0.9256,0.9066,0.8378,0.7975,0.8509,0.6754,0.8248,0.9403,0.7722,0.6093,0.9505,0.7202,0.6176,0.5923,0.6056,0.8513,0.5607,0.6139,0.7784,0.5047,0.5402,0.3809,0.5782,0.6627,0.5775,0.5191,0.3135,0.4635,0.2571,0.5092,0.3096,0.2028,0.1566,0.346,
1.0,0.9985,0.9704,0.9689,0.971,0.9976,0.9954,0.9904,0.9841,0.9217,0.7396,0.9354,0.9065,0.8449,0.8065,0.8586,0.6919,0.8313,0.9382,0.7844,0.6162,0.956,0.7275,0.6317,0.6174,0.6188,0.8582,0.5746,0.6224,0.784,0.5109,0.5588,0.4075,0.5981,0.6746,0.585,0.5292,0.3242,0.4818,0.2623,0.5283,0.3194,0.2098,0.1652,0.3589,
1.0,0.9994,0.9692,0.9686,0.9735,0.9971,0.9956,0.9907,0.9854,0.9243,0.7402,0.9362,0.9072,0.8411,0.8049,0.8612,0.689,0.8301,0.946,0.7845,0.6141,0.953,0.7261,0.6323,0.6174,0.6282,0.8543,0.5716,0.6209,0.7854,0.5137,0.5548,0.3966,0.5919,0.6777,0.5886,0.5251,0.3277,0.4804,0.2582,0.5206,0.3233,0.2126,0.1685,0.3584,
1.0,0.9993,0.9679,0.9672,0.9698,0.9971,0.9953,0.9894,0.984,0.9233,0.7337,0.9323,0.9063,0.8364,0.7972,0.8562,0.677,0.8237,0.9389,0.7783,0.6104,0.9541,0.7283,0.6189,0.6156,0.613,0.853,0.5634,0.6226,0.7825,0.5046,0.5488,0.3902,0.5954,0.6758,0.5872,0.5183,0.3162,0.4856,0.2554,0.5228,0.3164,0.2091,0.1693,0.3548,
1.0,0.9986,0.967,0.9656,0.9708,0.9977,0.9953,0.9915,0.986,0.9203,0.7361,0.932,0.9068,0.8404,0.801,0.8532,0.6845,0.8278,0.9408,0.7786,0.6097,0.9529,0.7176,0.6218,0.6024,0.6081,0.8615,0.5684,0.6149,0.7796,0.4974,0.5467,0.3803,0.5779,0.6701,0.5802,0.5209,0.3162,0.4677,0.2518,0.524,0.3033,0.2045,0.1579,0.3406,
1.0,0.9987,0.9666,0.9653,0.9688,0.998,0.9954,0.9886,0.9843,0.9189,0.7315,0.9284,0.9022,0.8387,0.7996,0.8485,0.6813,0.8253,0.9429,0.7778,0.6111,0.9521,0.7197,0.6258,0.6053,0.6108,0.8517,0.5658,0.6147,0.7694,0.4996,0.5473,0.3861,0.5873,0.6796,0.5787,0.5257,0.3134,0.4768,0.257,0.5223,0.3002,0.2015,0.1679,0.3531,
1.0,0.9993,0.9703,0.9696,0.9704,0.9976,0.9963,0.9906,0.984,0.9233,0.7366,0.9344,0.9072,0.8388,0.8003,0.8581,0.6802,0.8236,0.9378,0.7772,0.6016,0.9492,0.7134,0.6157,0.599,0.6088,0.8496,0.5586,0.6185,0.7863,0.4985,0.5502,0.3759,0.5899,0.6795,0.5766,0.5129,0.313,0.4612,0.257,0.5256,0.3097,0.2099,0.1554,0.3518,
1.0,0.9983,0.9655,0.9638,0.973,0.997,0.9946,0.9895,0.9846,0.9248,0.7417,0.9307,0.9081,0.8409,0.8041,0.8588,0.6883,0.8291,0.9435,0.7876,0.615,0.9518,0.7237,0.6277,0.6036,0.619,0.8575,0.5709,0.6229,0.792,0.51,0.5561,0.3884,0.599,0.682,0.585,0.522,0.3201,0.4828,0.2652,0.526,0.3178,0.2166,0.166,0.361,
1.0,0.9985,0.9683,0.9668,0.9693,0.9962,0.9937,0.9908,0.9858,0.9237,0.7364,0.9305,0.9071,0.8386,0.8011,0.8554,0.6851,0.8247,0.938,0.7837,0.6029,0.9533,0.7151,0.6136,0.5993,0.6095,0.8571,0.5677,0.6144,0.7838,0.5074,0.5435,0.3812,0.5884,0.6714,0.5782,0.5182,0.3151,0.4871,0.2505,0.5285,0.3109,0.2067,0.1596,0.3527,
1.0,0.9989,0.9678,0.9667,0.9712,0.9978,0.9956,0.9905,0.9856,0.9255,0.7416,0.9312,0.9083,0.8425,0.8041,0.8579,0.6889,0.8293,0.9385,0.785,0.6072,0.9529,0.7169,0.6218,0.6039,0.6169,0.8526,0.5707,0.6156,0.7851,0.511,0.5526,0.3894,0.5878,0.6671,0.5728,0.5158,0.3171,0.476,0.2572,0.5281,0.3172,0.2121,0.1629,0.3589,
1.0,0.999,0.9666,0.9656,0.9689,0.9968,0.9945,0.9882,0.9831,0.9183,0.7294,0.9296,0.8999,0.8396,0.8,0.849,0.681,0.825,0.9354,0.7761,0.604,0.9461,0.7156,0.6191,0.6054,0.6055,0.854,0.5594,0.6158,0.7725,0.4902,0.5425,0.3852,0.5857,0.6657,0.5758,0.5201,0.3081,0.4746,0.262,0.5148,0.3042,0.204,0.1555,0.3501,
1.0,0.9992,0.9717,0.9709,0.9688,0.9971,0.9954,0.9912,0.987,0.9249,0.7375,0.9349,0.9101,0.8375,0.8006,0.861,0.682,0.8254,0.9435,0.7793,0.6133,0.9533,0.7273,0.6266,0.6141,0.6156,0.8536,0.5664,0.6304,0.7796,0.5049,0.5561,0.3905,0.5924,0.6832,0.588,0.5209,0.3192,0.4817,0.261,0.5338,0.3072,0.2042,0.1685,0.3575,
1.0,0.9989,0.967,0.9659,0.9683,0.9979,0.9954,0.9906,0.9838,0.9219,0.7317,0.9291,0.9072,0.8396,0.801,0.8513,0.6811,0.8234,0.9375,0.7763,0.6038,0.951,0.7165,0.6169,0.6016,0.6091,0.854,0.5628,0.618,0.7804,0.4929,0.5512,0.3787,0.587,0.6749,0.5765,0.516,0.3134,0.4736,0.2529,0.5214,0.3093,0.205,0.1585,0.3553,
1.0,0.9985,0.9696,0.9681,0.9701,0.9973,0.9947,0.9907,0.9849,0.9254,0.7388,0.9319,0.909,0.8416,0.8014,0.858,0.6873,0.8277,0.9403,0.7807,0.6094,0.9516,0.714,0.6207,0.5965,0.6178,0.8539,0.5676,0.6149,0.7809,0.5018,0.554,0.3863,0.5962,0.6794,0.5751,0.5185,0.3111,0.4718,0.2571,0.5167,0.3018,0.2101,0.1554,0.3568,
1.0,0.9991,0.9662,0.9653,0.9676,0.9979,0.9963,0.9927,0.9872,0.9269,0.7428,0.9275,0.9135,0.8434,0.8083,0.8562,0.6929,0.8317,0.9416,0.7871,0.6178,0.9554,0.7238,0.6241,0.6015,0.617,0.8609,0.5698,0.6155,0.7811,0.4988,0.5521,0.3804,0.5794,0.6704,0.5827,0.5218,0.3146,0.4692,0.2632,0.5187,0.3018,0.2019,0.1596,0.3491,
1.0,0.9985,0.9667,0.9652,0.9681,0.9974,0.9951,0.9902,0.9845,0.9218,0.7341,0.9292,0.908,0.8404,0.8047,0.8532,0.6863,0.8276,0.9394,0.7843,0.6098,0.9554,0.7218,0.6182,0.603,0.6123,0.8586,0.5674,0.6173,0.7793,0.5036,0.5504,0.3838,0.597,0.6751,0.582,0.5249,0.3175,0.4805,0.2624,0.5308,0.3054,0.2103,0.1636,0.3568,
1.0,0.9987,0.9697,0.9684,0.9689,0.9984,0.996,0.9898,0.9852,0.9222,0.7374,0.9316,0.9063,0.8422,0.8053,0.8558,0.6929,0.8311,0.942,0.7837,0.6128,0.9538,0.7182,0.6236,0.6078,0.6174,0.86,0.5736,0.6186,0.7821,0.5022,0.5603,0.3961,0.5987,0.6776,0.5778,0.5172,0.319,0.4922,0.2613,0.5316,0.3134,0.2074,0.1615,0.3657,
1.0,0.9993,0.9696,0.9689,0.9712,0.9981,0.9961,0.9913,0.9846,0.9215,0.7335,0.935,0.9066,0.8372,0.8004,0.8582,0.6859,0.82,0.9326,0.7845,0.6041,0.9524,0.7198,0.6194,0.6112,0.606,0.8583,0.5613,0.6256,0.7845,0.5024,0.5472,0.393,0.5963,0.6776,0.5773,0.5188,0.3162,0.4784,0.2641,0.526,0.3156,0.2133,0.1607,0.3549,
1.0,0.9986,0.967,0.9656,0.9719,0.9974,0.9948,0.9884,0.9826,0.9257,0.7377,0.9313,0.9071,0.8382,0.7965,0.8579,0.6868,0.8237,0.9368,0.7904,0.6107,0.9506,0.7231,0.6219,0.6044,0.6117,0.8585,0.5636,0.6226,0.7799,0.5069,0.5474,0.3894,0.5923,0.6783,0.5817,0.5215,0.311,0.4819,0.2625,0.533,0.3096,0.2154,0.1664,0.3563,
1.0,0.9987,0.9713,0.97,0.971,0.9965,0.994,0.9895,0.9839,0.926,0.7361,0.9354,0.9079,0.8346,0.7939,0.8623,0.6798,0.822,0.9437,0.7835,0.613,0.953,0.7269,0.6261,0.6109,0.6148,0.854,0.558,0.6266,0.7772,0.4948,0.5481,0.3838,0.5978,0.6819,0.5853,0.5231,0.3011,0.4789,0.2587,0.5286,0.3007,0.2048,0.1688,0.353,
1.0,0.9993,0.9663,0.9656,0.9694,0.9983,0.9962,0.9912,0.9851,0.9193,0.7294,0.9288,0.9045,0.8391,0.8015,0.8499,0.6842,0.8248,0.9392,0.7797,0.6073,0.9543,0.7216,0.6214,0.607,0.6041,0.8575,0.5675,0.6154,0.7836,0.5051,0.549,0.3836,0.5825,0.6727,0.5834,0.5175,0.3188,0.4721,0.2582,0.5182,0.3143,0.2064,0.1603,0.3475,
1.0,0.9984,0.9652,0.9636,0.9719,0.9972,0.9946,0.9888,0.9819,0.9212,0.7311,0.9302,0.9041,0.8371,0.795,0.8533,0.6808,0.8232,0.9392,0.7845,0.6093,0.9521,0.7212,0.623,0.6041,0.6097,0.859,0.5656,0.6198,0.7804,0.5021,0.5488,0.3845,0.5885,0.6689,0.5764,0.5189,0.3102,0.4794,0.2582,0.5337,0.3049,0.2071,0.1556,0.346,
1.0,0.9984,0.9675,0.9659,0.9712,0.9979,0.9948,0.9883,0.9831,0.917,0.7253,0.9303,0.8984,0.8359,0.7941,0.8502,0.6764,0.8231,0.9418,0.7753,0.604,0.9545,0.7182,0.6219,0.61,0.6068,0.8498,0.5644,0.6157,0.7786,0.5033,0.5521,0.3929,0.5938,0.674,0.5742,0.5157,0.3131,0.4785,0.2495,0.5185,0.31,0.1983,0.1633,0.3487,
1.0,0.9983,0.9668,0.9651,0.9679,0.9977,0.995,0.9892,0.9846,0.9226,0.7374,0.9283,0.9069,0.844,0.8059,0.8523,0.6863,0.8321,0.941,0.7788,0.6165,0.9524,0.7261,0.6285,0.6066,0.6121,0.8544,0.5691,0.6306,0.7769,0.4974,0.5564,0.3852,0.6,0.679,0.586,0.5209,0.3198,0.4841,0.2706,0.5346,0.3111,0.2087,0.1657,0.3649,
1.0,0.9994,0.9687,0.9681,0.9698,0.9973,0.9956,0.9913,0.986,0.9178,0.7314,0.9325,0.9023,0.8375,0.7997,0.8518,0.688,0.8243,0.9381,0.7802,0.604,0.9534,0.7176,0.6186,0.6074,0.6036,0.8623,0.5669,0.6169,0.7797,0.5032,0.5459,0.3855,0.5899,0.6699,0.5743,0.5189,0.3126,0.4808,0.2593,0.5234,0.3099,0.2067,0.1568,0.354,
1.0,0.9984,0.9702,0.9686,0.968,0.9977,0.9953,0.9911,0.9861,0.9255,0.74,0.9318,0.9111,0.8429,0.8079,0.8581,0.6892,0.8297,0.9408,0.7809,0.6138,0.9561,0.7268,0.6234,0.6038,0.6174,0.854,0.565,0.6252,0.7839,0.5081,0.551,0.3836,0.5927,0.6806,0.5889,0.5207,0.3212,0.4754,0.2627,0.5214,0.3133,0.2101,0.1692,0.355,
1.0,0.9992,0.9667,0.9659,0.97,0.9978,0.9957,0.9912,0.9856,0.9249,0.733,0.9307,0.9102,0.8365,0.7992,0.8573,0.6792,0.8229,0.9435,0.7808,0.6155,0.9546,0.7289,0.626,0.612,0.6138,0.8585,0.5706,0.6217,0.79,0.5163,0.5569,0.3946,0.591,0.6729,0.5926,0.5338,0.3262,0.4792,0.2628,0.5196,0.3196,0.2073,0.1718,0.35,
1.0,0.9989,0.9656,0.9645,0.9671,0.997,0.9948,0.9902,0.9858,0.9235,0.7402,0.9259,0.9068,0.844,0.8064,0.8513,0.6831,0.8323,0.947,0.7764,0.6123,0.9517,0.7105,0.6182,0.5912,0.6208,0.8494,0.5718,0.6084,0.777,0.513,0.5524,0.3788,0.581,0.6692,0.5773,0.5229,0.3248,0.4753,0.2563,0.5154,0.3086,0.201,0.1644,0.3471,
1.0,0.9984,0.9663,0.9647,0.9714,0.998,0.9954,0.9897,0.984,0.9244,0.7441,0.9313,0.9091,0.847,0.8091,0.8574,0.6887,0.8336,0.9404,0.7847,0.6143,0.953,0.7217,0.6245,0.6036,0.6224,0.8563,0.5746,0.6186,0.7861,0.507,0.56,0.3861,0.5969,0.6742,0.582,0.5247,0.3147,0.4836,0.2634,0.5272,0.3138,0.2107,0.1643,0.3604,
1.0,0.9988,0.9646,0.9634,0.9702,0.9975,0.9948,0.9899,0.9859,0.922,0.7376,0.928,0.9056,0.8406,0.8039,0.8523,0.6809,0.8268,0.9411,0.7771,0.6115,0.9521,0.719,0.6233,0.6025,0.6147,0.8522,0.5685,0.6163,0.78,0.5004,0.551,0.3879,0.5885,0.674,0.5815,0.5199,0.3177,0.4829,0.2578,0.5272,0.3082,0.2008,0.1691,0.3553,
1.0,0.9987,0.9659,0.9646,0.9706,0.9966,0.9943,0.9913,0.9862,0.9249,0.7362,0.93,0.9093,0.8362,0.798,0.8563,0.6747,0.8234,0.9366,0.7763,0.6074,0.9527,0.7255,0.6188,0.6092,0.6059,0.8486,0.556,0.6259,0.7831,0.4992,0.5412,0.3925,0.591,0.6668,0.5872,0.5124,0.308,0.4859,0.2573,0.5251,0.3159,0.2019,0.1666,0.3561,
1.0,0.9985,0.9682,0.9667,0.9712,0.9972,0.9951,0.9891,0.9838,0.9234,0.7361,0.9325,0.9064,0.8386,0.7997,0.8584,0.6817,0.8265,0.9379,0.7834,0.612,0.957,0.7267,0.6222,0.6164,0.6123,0.8533,0.5626,0.6234,0.7788,0.5045,0.5509,0.3901,0.5941,0.6819,0.5868,0.526,0.3136,0.4865,0.2687,0.5359,0.3104,0.2116,0.1753,0.3537,
1.0,0.9985,0.9683,0.9668,0.9679,0.9977,0.9953,0.9904,0.9852,0.9256,0.7324,0.929,0.9095,0.8344,0.796,0.8563,0.6812,0.8221,0.9407,0.7826,0.6056,0.9558,0.7279,0.6147,0.6005,0.6076,0.8569,0.562,0.6186,0.7874,0.5048,0.5437,0.3814,0.5911,0.6755,0.5863,0.5227,0.3095,0.4823,0.2528,0.528,0.3182,0.213,0.1633,0.3551,
1.0,0.9982,0.9693,0.9675,0.9701,0.9979,0.9956,0.9897,0.9836,0.9248,0.7295,0.9329,0.9104,0.8312,0.7942,0.859,0.6786,0.8187,0.941,0.7853,0.6093,0.9547,0.7266,0.6201,0.6103,0.607,0.8586,0.5585,0.6207,0.7888,0.5076,0.5461,0.391,0.5944,0.6763,0.5913,0.5247,0.3097,0.4807,0.2599,0.5212,0.3187,0.2085,0.1617,0.3485,
1.0,0.9987,0.969,0.9677,0.974,0.9977,0.996,0.9913,0.9858,0.9204,0.739,0.9379,0.9076,0.8412,0.8041,0.8592,0.6868,0.829,0.9422,0.7839,0.6107,0.9543,0.7194,0.6273,0.6099,0.6172,0.8591,0.5722,0.6188,0.7864,0.5082,0.5611,0.3941,0.5952,0.685,0.5842,0.5242,0.3196,0.4799,0.2568,0.5299,0.3144,0.2175,0.165,0.3544,
1.0,0.9987,0.9682,0.9669,0.9684,0.9969,0.9948,0.9881,0.9824,0.9248,0.7265,0.9306,0.9072,0.8298,0.7887,0.8565,0.6745,0.8175,0.9414,0.7849,0.6033,0.951,0.7184,0.6105,0.5996,0.6077,0.8569,0.5664,0.6132,0.7804,0.5051,0.5438,0.3822,0.5852,0.6732,0.5801,0.522,0.3106,0.4801,0.2528,0.5229,0.3096,0.2093,0.1613,0.3486,
1.0,0.9993,0.9689,0.9682,0.9698,0.9981,0.9962,0.9914,0.9863,0.9219,0.7395,0.9321,0.9063,0.8424,0.8043,0.856,0.688,0.8272,0.9415,0.7764,0.6083,0.9545,0.7198,0.6253,0.608,0.62,0.854,0.5686,0.625,0.782,0.5012,0.5615,0.3902,0.5963,0.6751,0.5773,0.5194,0.3191,0.4759,0.2589,0.5218,0.3078,0.209,0.1651,0.362,
1.0,0.9996,0.9685,0.9681,0.9719,0.9972,0.9962,0.9923,0.9876,0.9222,0.7404,0.9348,0.9074,0.8377,0.8042,0.858,0.6873,0.8259,0.9365,0.786,0.6009,0.9539,0.719,0.6166,0.6067,0.6126,0.8592,0.5609,0.6156,0.7826,0.5012,0.5467,0.3855,0.5834,0.6714,0.5762,0.5226,0.31,0.475,0.2634,0.5265,0.3094,0.2098,0.1652,0.3449,
1.0,0.9991,0.9671,0.9662,0.9682,0.997,0.9952,0.9911,0.9834,0.9234,0.7331,0.9298,0.9081,0.8394,0.8002,0.8552,0.6796,0.8222,0.9347,0.7782,0.6041,0.951,0.7184,0.6156,0.61,0.6168,0.8542,0.5723,0.6168,0.7808,0.4932,0.5592,0.3909,0.5929,0.6723,0.5801,0.5152,0.3208,0.4821,0.2533,0.5249,0.3038,0.2073,0.1674,0.3603,
1.0,0.9994,0.9677,0.9671,0.973,0.9977,0.9965,0.9916,0.9856,0.9215,0.7431,0.9342,0.9059,0.8448,0.807,0.857,0.6892,0.8304,0.9365,0.784,0.61,0.9492,0.7153,0.6277,0.6038,0.6164,0.8569,0.5657,0.6182,0.7854,0.5019,0.5555,0.3887,0.5883,0.6745,0.5743,0.5151,0.3166,0.4737,0.2601,0.5296,0.3073,0.2149,0.1621,0.3555,
1.0,0.9987,0.9694,0.9681,0.9695,0.9966,0.9943,0.9914,0.9862,0.9252,0.738,0.9318,0.9089,0.8392,0.803,0.8587,0.6874,0.8253,0.9373,0.7829,0.6109,0.9511,0.7262,0.6243,0.61,0.6135,0.8556,0.566,0.6283,0.7842,0.504,0.5504,0.3897,0.5864,0.6723,0.5852,0.5188,0.3089,0.4719,0.2605,0.5305,0.3067,0.2093,0.1625,0.3513,
1.0,0.9988,0.9669,0.9657,0.9698,0.997,0.9947,0.9892,0.983,0.9214,0.736,0.9292,0.9027,0.8435,0.8027,0.8521,0.6864,0.8298,0.9385,0.7778,0.6114,0.9513,0.7181,0.6235,0.6098,0.6148,0.8508,0.5703,0.6262,0.773,0.498,0.554,0.382,0.5936,0.6804,0.586,0.5195,0.3085,0.4768,0.2674,0.5247,0.3073,0.2108,0.1606,0.3601,
1.0,0.9986,0.9653,0.9639,0.971,0.9975,0.9945,0.9901,0.9851,0.9277,0.7419,0.9303,0.9122,0.842,0.8037,0.8592,0.687,0.8277,0.937,0.7872,0.6138,0.9491,0.722,0.6205,0.5992,0.6133,0.8584,0.5664,0.6219,0.7902,0.511,0.5481,0.3906,0.5868,0.6629,0.5798,0.5212,0.3189,0.4839,0.2683,0.5185,0.3159,0.211,0.1566,0.3526,
1.0,0.9992,0.9709,0.9701,0.9685,0.9979,0.9963,0.9926,0.9864,0.9194,0.7305,0.9337,0.9057,0.8386,0.8019,0.8539,0.69,0.8256,0.9403,0.7796,0.605,0.9547,0.7188,0.6231,0.6074,0.6033,0.8602,0.5614,0.6211,0.7749,0.5011,0.5528,0.3934,0.5976,0.6833,0.578,0.5301,0.3172,0.4792,0.2649,0.5324,0.3125,0.2096,0.1668,0.3594,
1.0,0.999,0.9645,0.9635,0.9696,0.997,0.9954,0.9921,0.9865,0.9231,0.7357,0.9276,0.9082,0.8385,0.8019,0.8524,0.6783,0.8266,0.9422,0.7798,0.6144,0.9549,0.7254,0.6238,0.6113,0.6147,0.8539,0.5667,0.616,0.7829,0.504,0.5492,0.4003,0.5905,0.6637,0.581,0.5289,0.3203,0.471,0.2637,0.5084,0.3144,0.2003,0.1626,0.3538,
1.0,0.9984,0.9689,0.9673,0.9689,0.9975,0.9953,0.99,0.9841,0.9246,0.7386,0.9308,0.909,0.8419,0.8031,0.8564,0.6843,0.829,0.9357,0.7795,0.6026,0.9516,0.7137,0.6135,0.5959,0.6124,0.8515,0.5633,0.6108,0.7817,0.5006,0.5501,0.3847,0.5897,0.6676,0.5682,0.5169,0.3143,0.4782,0.2529,0.5255,0.31,0.2122,0.1512,0.3517,
1.0,0.9992,0.9692,0.9684,0.9697,0.9982,0.9967,0.9902,0.9846,0.9225,0.7339,0.9342,0.9081,0.8377,0.8012,0.858,0.6847,0.824,0.9425,0.7816,0.6136,0.953,0.7276,0.6273,0.6149,0.6158,0.8564,0.5664,0.6277,0.7825,0.5073,0.5524,0.3921,0.5893,0.6805,0.5865,0.5242,0.3155,0.4791,0.2616,0.5333,0.3066,0.2113,0.1684,0.3543,
1.0,0.9986,0.9707,0.9693,0.9673,0.9981,0.9949,0.9904,0.9871,0.9249,0.7336,0.9314,0.9096,0.8351,0.7965,0.857,0.6817,0.8217,0.9402,0.7792,0.6091,0.9522,0.7255,0.62,0.6132,0.6097,0.8587,0.5654,0.6312,0.7851,0.5059,0.5535,0.3974,0.6018,0.6737,0.5844,0.5154,0.317,0.4834,0.2596,0.5237,0.3181,0.2119,0.1704,0.3602,
1.0,0.9981,0.9655,0.9636,0.9695,0.9976,0.995,0.9894,0.9832,0.921,0.7309,0.9269,0.9044,0.8389,0.799,0.8488,0.6849,0.8267,0.9443,0.7819,0.6038,0.953,0.7127,0.6134,0.596,0.6163,0.8569,0.5755,0.6127,0.7807,0.5059,0.5608,0.3812,0.5966,0.677,0.5745,0.5243,0.3186,0.4712,0.259,0.5239,0.3112,0.2036,0.1599,0.3522,
1.0,0.9994,0.9706,0.97,0.9705,0.9977,0.9964,0.9914,0.9846,0.9217,0.7348,0.9353,0.9063,0.8378,0.7978,0.8576,0.685,0.8235,0.9378,0.7806,0.604,0.9553,0.7204,0.6226,0.6122,0.6119,0.8575,0.5675,0.6209,0.78,0.5056,0.5505,0.3946,0.5928,0.6779,0.5841,0.5273,0.325,0.4769,0.2547,0.5237,0.314,0.2071,0.1646,0.3496,
1.0,0.9993,0.9648,0.9641,0.9672,0.997,0.9945,0.9909,0.9853,0.9259,0.746,0.9253,0.9092,0.8486,0.8102,0.8524,0.6895,0.8329,0.9321,0.7801,0.6148,0.9499,0.7233,0.6209,0.6029,0.6183,0.856,0.5735,0.6202,0.7902,0.5054,0.5579,0.394,0.5918,0.6663,0.5749,0.5129,0.3203,0.482,0.2675,0.524,0.3205,0.2084,0.1601,0.3587,
1.0,0.9984,0.9657,0.9641,0.9688,0.9975,0.9946,0.9902,0.9851,0.9261,0.736,0.927,0.9104,0.8375,0.7992,0.8552,0.678,0.8259,0.9384,0.7812,0.608,0.9567,0.7268,0.6161,0.609,0.6094,0.8516,0.5633,0.6221,0.7867,0.5037,0.5499,0.3903,0.5967,0.6704,0.5847,0.5131,0.3146,0.4732,0.2586,0.5127,0.3151,0.209,0.1557,0.3496,
1.0,0.9992,0.9673,0.9665,0.9694,0.997,0.9952,0.9905,0.9838,0.9251,0.7339,0.9305,0.9089,0.8355,0.7969,0.8569,0.6741,0.8218,0.9389,0.7768,0.6097,0.9515,0.7219,0.6203,0.6041,0.6125,0.8491,0.5587,0.6229,0.7828,0.4971,0.5507,0.3776,0.582,0.6703,0.5799,0.5091,0.3095,0.4731,0.2536,0.5252,0.2984,0.212,0.1582,0.3444,
1.0,0.9985,0.9671,0.9656,0.9708,0.9973,0.9952,0.9915,0.9863,0.9268,0.7393,0.9299,0.9108,0.8363,0.7965,0.8578,0.6786,0.8241,0.9418,0.7826,0.6137,0.955,0.7325,0.622,0.6192,0.6148,0.8589,0.5602,0.633,0.7895,0.5066,0.5489,0.3908,0.6003,0.6742,0.5956,0.522,0.316,0.485,0.2735,0.5226,0.3171,0.2071,0.1643,0.355,
1.0,0.9987,0.9678,0.9665,0.9697,0.9969,0.9943,0.9918,0.985,0.9203,0.7344,0.9295,0.9037,0.8431,0.8027,0.8513,0.6845,0.8292,0.9408,0.7766,0.6072,0.9534,0.7099,0.6228,0.597,0.6144,0.8526,0.5696,0.6077,0.7796,0.4974,0.5542,0.3818,0.5849,0.6674,0.5703,0.5206,0.3178,0.4716,0.2569,0.518,0.3079,0.2038,0.1623,0.3527,
1.0,0.999,0.971,0.97,0.9676,0.9973,0.9957,0.992,0.9853,0.9229,0.7329,0.9334,0.9096,0.8381,0.8038,0.8583,0.6875,0.8242,0.9393,0.7819,0.6123,0.9553,0.7236,0.6222,0.6011,0.6057,0.8557,0.5573,0.6253,0.7772,0.4932,0.5461,0.3801,0.5987,0.6834,0.5884,0.5227,0.3049,0.4767,0.2659,0.5248,0.3048,0.2039,0.1616,0.3558,
1.0,0.9985,0.9635,0.962,0.9677,0.9968,0.994,0.9903,0.9856,0.9277,0.7363,0.923,0.9097,0.8379,0.8013,0.8521,0.684,0.8256,0.9421,0.7873,0.6157,0.952,0.7285,0.6211,0.6085,0.618,0.8566,0.5668,0.6328,0.7851,0.509,0.5551,0.386,0.5902,0.6707,0.593,0.5231,0.3179,0.4785,0.2739,0.5158,0.3176,0.2032,0.162,0.3631,
1.0,0.9982,0.9675,0.9657,0.9709,0.9978,0.9948,0.9866,0.9815,0.9274,0.7363,0.9317,0.9094,0.8394,0.7973,0.8601,0.681,0.8256,0.9416,0.7885,0.6159,0.9536,0.7285,0.6252,0.6072,0.6182,0.8521,0.5702,0.6265,0.7822,0.5157,0.5581,0.392,0.5871,0.6809,0.5876,0.529,0.3185,0.4781,0.2587,0.5238,0.3128,0.2149,0.1674,0.3547,
1.0,0.999,0.9654,0.9644,0.969,0.9967,0.9946,0.9894,0.9832,0.9244,0.7336,0.9282,0.907,0.8386,0.7991,0.8538,0.6791,0.8252,0.9369,0.7813,0.6127,0.953,0.7265,0.6205,0.6127,0.6167,0.8542,0.5678,0.6239,0.7788,0.4972,0.5516,0.3937,0.5897,0.6691,0.5884,0.5138,0.3124,0.4869,0.2621,0.5253,0.3085,0.2027,0.1656,0.3525,
1.0,0.9986,0.9684,0.967,0.9707,0.9983,0.9957,0.99,0.9837,0.9234,0.7313,0.9321,0.9076,0.8355,0.7955,0.8578,0.6848,0.8217,0.9385,0.7861,0.6066,0.9571,0.7262,0.6211,0.607,0.6054,0.8607,0.558,0.6214,0.7813,0.505,0.5477,0.3876,0.5966,0.6839,0.5833,0.5249,0.317,0.4867,0.2596,0.5342,0.3186,0.2138,0.1656,0.3556,
1.0,0.9992,0.9689,0.9681,0.9707,0.9973,0.9959,0.9907,0.9852,0.9275,0.7413,0.9335,0.9112,0.8377,0.8022,0.8613,0.6878,0.8265,0.9433,0.79,0.6192,0.9551,0.7336,0.6293,0.6186,0.6223,0.8566,0.5631,0.6294,0.7856,0.5089,0.5489,0.388,0.5942,0.6695,0.5955,0.5225,0.31,0.4819,0.267,0.5204,0.309,0.2017,0.1658,0.3548,
1.0,0.998,0.9675,0.9655,0.9698,0.9976,0.9944,0.9896,0.9846,0.9222,0.7385,0.9304,0.907,0.8408,0.8048,0.8531,0.6862,0.827,0.9426,0.7841,0.6112,0.9536,0.7189,0.6219,0.5991,0.6192,0.8559,0.5644,0.6136,0.7826,0.5098,0.5503,0.3819,0.5924,0.6718,0.5786,0.5234,0.3136,0.4851,0.2605,0.5223,0.3136,0.2033,0.163,0.3574,
1.0,0.9985,0.9686,0.9671,0.9699,0.9975,0.9949,0.9908,0.9858,0.9249,0.7392,0.9317,0.9105,0.8374,0.8007,0.8573,0.6844,0.8241,0.9417,0.7842,0.6143,0.9543,0.7224,0.6228,0.6078,0.6171,0.8544,0.5616,0.6276,0.7789,0.5049,0.5458,0.3949,0.5983,0.6799,0.5862,0.5241,0.3189,0.4819,0.267,0.5219,0.312,0.2054,0.171,0.3586,
1.0,0.9994,0.9694,0.9688,0.9686,0.998,0.9962,0.9909,0.9848,0.9292,0.7443,0.9313,0.913,0.8425,0.8028,0.861,0.6949,0.8291,0.9403,0.7899,0.6136,0.9543,0.7239,0.6222,0.5995,0.6215,0.8597,0.5774,0.6184,0.7892,0.504,0.5549,0.3837,0.5909,0.6733,0.5779,0.5227,0.3184,0.4812,0.2622,0.5264,0.3106,0.211,0.1588,0.3623,
1.0,0.9986,0.9693,0.9679,0.9692,0.9979,0.9956,0.9913,0.9856,0.92,0.7314,0.9301,0.9042,0.838,0.8003,0.8511,0.6861,0.8248,0.9405,0.7798,0.6071,0.9543,0.7175,0.622,0.61,0.6161,0.8602,0.5694,0.6164,0.7811,0.498,0.5558,0.3909,0.5914,0.6757,0.5816,0.52,0.3131,0.4744,0.2555,0.5214,0.3124,0.2066,0.1607,0.3564,
1.0,0.999,0.9655,0.9645,0.9712,0.9967,0.995,0.9904,0.9848,0.9244,0.7449,0.9292,0.9061,0.8459,0.8067,0.855,0.6876,0.832,0.9416,0.7809,0.6201,0.953,0.7249,0.6291,0.6059,0.621,0.8544,0.5711,0.6177,0.7863,0.5082,0.5556,0.3885,0.5892,0.6772,0.581,0.5223,0.3191,0.4844,0.2592,0.5165,0.316,0.205,0.1654,0.3633,
1.0,0.9989,0.9697,0.9686,0.9686,0.9971,0.9948,0.9895,0.9822,0.925,0.7369,0.93,0.9062,0.8416,0.7999,0.8566,0.684,0.8254,0.9379,0.7792,0.6094,0.9525,0.7213,0.6221,0.6035,0.6128,0.8508,0.5574,0.6189,0.7769,0.497,0.5477,0.3924,0.5952,0.6735,0.5749,0.5143,0.3077,0.4794,0.2579,0.5141,0.3094,0.2043,0.161,0.3557,
1.0,0.9983,0.9643,0.9626,0.9696,0.9971,0.9947,0.9905,0.9845,0.9244,0.7393,0.9269,0.9087,0.8419,0.8049,0.8533,0.6845,0.8276,0.9378,0.7848,0.609,0.9522,0.7206,0.6166,0.6053,0.6196,0.8554,0.5679,0.6198,0.7823,0.4991,0.5531,0.3844,0.5903,0.6739,0.5843,0.5259,0.31,0.474,0.2731,0.523,0.3084,0.2048,0.1631,0.3648,
1.0,0.9989,0.9704,0.9693,0.9681,0.9969,0.9949,0.9917,0.9851,0.9205,0.7349,0.9315,0.9051,0.8403,0.8018,0.8539,0.6821,0.826,0.9398,0.7723,0.6071,0.9526,0.7162,0.6226,0.605,0.6099,0.8536,0.5563,0.6172,0.7756,0.4956,0.5464,0.3915,0.5982,0.6769,0.5753,0.513,0.3177,0.4836,0.2596,0.5241,0.312,0.2008,0.1605,0.3601,
1.0,0.999,0.9688,0.9678,0.9695,0.9968,0.9942,0.99,0.9861,0.928,0.7389,0.9323,0.9112,0.8366,0.7993,0.8609,0.6808,0.8233,0.9386,0.785,0.6169,0.9526,0.7338,0.6245,0.6126,0.616,0.8562,0.5597,0.6254,0.7833,0.5027,0.548,0.3879,0.5885,0.6719,0.589,0.5182,0.3119,0.4772,0.2601,0.521,0.3059,0.2069,0.1632,0.3512,
1.0,0.9989,0.9721,0.971,0.9762,0.9977,0.9961,0.9903,0.9849,0.9228,0.7414,0.9425,0.9078,0.8411,0.8045,0.8663,0.6894,0.8287,0.9382,0.7887,0.606,0.9556,0.7198,0.6272,0.6158,0.6221,0.8524,0.5744,0.6171,0.7885,0.5186,0.5614,0.4017,0.5921,0.6737,0.5764,0.5231,0.3222,0.4779,0.2598,0.5146,0.3196,0.2109,0.1715,0.3606,
1.0,0.9988,0.9684,0.9672,0.969,0.9976,0.995,0.9895,0.9841,0.9177,0.7255,0.931,0.9015,0.8327,0.7912,0.8508,0.6746,0.8196,0.9408,0.7718,0.6007,0.9531,0.7186,0.617,0.6099,0.6036,0.8548,0.5638,0.6202,0.7735,0.5034,0.5486,0.389,0.591,0.6728,0.5808,0.5261,0.3158,0.4819,0.2532,0.5218,0.3105,0.2055,0.1664,0.3519,
1.0,0.9987,0.9704,0.9691,0.972,0.9976,0.9954,0.9906,0.9845,0.9276,0.744,0.9357,0.9125,0.8431,0.8052,0.8634,0.6964,0.8301,0.9423,0.7961,0.6165,0.9506,0.7192,0.6261,0.6035,0.6244,0.864,0.5779,0.6189,0.7893,0.5072,0.5554,0.3805,0.5873,0.6713,0.5804,0.5194,0.3152,0.4733,0.2619,0.5249,0.313,0.2056,0.1595,0.3573,
1.0,0.9988,0.9658,0.9646,0.968,0.9974,0.9955,0.9919,0.9852,0.922,0.7362,0.9275,0.9073,0.8388,0.8022,0.8524,0.6866,0.8247,0.9391,0.7827,0.6074,0.9565,0.7184,0.6158,0.5915,0.6086,0.8641,0.5614,0.6082,0.7816,0.4986,0.5432,0.3809,0.5852,0.6725,0.5704,0.5217,0.3129,0.4813,0.259,0.5321,0.3169,0.2026,0.1587,0.3567,
1.0,0.9986,0.9685,0.9671,0.9707,0.9975,0.9954,0.9907,0.9855,0.9247,0.7336,0.9325,0.9091,0.8333,0.7957,0.8581,0.6751,0.8212,0.9429,0.7804,0.6044,0.954,0.7183,0.615,0.6042,0.6119,0.8543,0.5642,0.6132,0.7858,0.5026,0.5494,0.3878,0.5881,0.6723,0.5797,0.5208,0.3126,0.4792,0.2517,0.5214,0.307,0.2128,0.1641,0.3393,
1.0,0.999,0.9698,0.9688,0.9694,0.9975,0.995,0.9902,0.9852,0.9261,0.7397,0.9333,0.9101,0.8413,0.8035,0.8601,0.6885,0.8275,0.9417,0.7855,0.6211,0.9519,0.7271,0.631,0.6091,0.6201,0.8547,0.5726,0.6263,0.7853,0.509,0.5573,0.3929,0.5862,0.6759,0.5919,0.5247,0.3199,0.4742,0.2668,0.5294,0.311,0.2124,0.1667,0.3468,
1.0,0.9992,0.9687,0.9679,0.9712,0.9976,0.9956,0.9907,0.9858,0.9251,0.7345,0.9343,0.9096,0.8347,0.7959,0.8602,0.6798,0.823,0.9447,0.7847,0.6119,0.9546,0.7234,0.6239,0.6046,0.6135,0.8559,0.5679,0.6213,0.7805,0.5056,0.5521,0.3868,0.5892,0.6863,0.5861,0.5267,0.3233,0.4695,0.2564,0.5274,0.3049,0.209,0.1679,0.3464,
1.0,0.9989,0.9706,0.9695,0.969,0.9977,0.9956,0.991,0.9863,0.9174,0.7285,0.9324,0.902,0.8393,0.8013,0.8518,0.6901,0.8265,0.9402,0.7779,0.604,0.9525,0.7158,0.6244,0.6031,0.6057,0.8592,0.5666,0.6113,0.7798,0.5075,0.5521,0.392,0.5853,0.6686,0.5721,0.5188,0.322,0.473,0.253,0.5193,0.3114,0.2059,0.1607,0.3524,
1.0,0.9989,0.9659,0.9648,0.9683,0.9969,0.9947,0.9908,0.9848,0.9233,0.7363,0.9283,0.9078,0.8398,0.8013,0.8518,0.686,0.8242,0.9358,0.7835,0.6055,0.9501,0.7188,0.6141,0.5964,0.6082,0.8602,0.567,0.6189,0.7858,0.5092,0.5498,0.3868,0.5939,0.6704,0.5751,0.5174,0.3252,0.4746,0.2636,0.5231,0.3122,0.2103,0.1503,0.3558,
1.0,0.9988,0.9665,0.9653,0.9713,0.9973,0.9951,0.9893,0.985,0.9265,0.7414,0.9317,0.9093,0.8407,0.803,0.8601,0.6807,0.828,0.9439,0.7849,0.6122,0.9512,0.7199,0.6217,0.5961,0.6184,0.8493,0.5599,0.6153,0.78,0.5049,0.5457,0.3832,0.5855,0.6768,0.5812,0.5194,0.3078,0.4722,0.2584,0.511,0.3086,0.2054,0.1575,0.3465,
1.0,0.9986,0.9665,0.9651,0.9695,0.9976,0.9956,0.9906,0.9839,0.9239,0.7302,0.9282,0.9073,0.8334,0.7925,0.853,0.6783,0.8201,0.9379,0.7801,0.6023,0.9551,0.7199,0.6146,0.6028,0.6041,0.8529,0.5582,0.6098,0.7797,0.5028,0.5417,0.382,0.5821,0.6694,0.5796,0.5132,0.3129,0.4724,0.2496,0.5234,0.3067,0.205,0.1586,0.3397,
1.0,0.9989,0.9706,0.9695,0.9702,0.9981,0.996,0.9902,0.9841,0.9238,0.7428,0.9349,0.9091,0.8441,0.8059,0.8599,0.6923,0.8302,0.939,0.7855,0.6156,0.9533,0.7223,0.6287,0.6175,0.6227,0.8599,0.5789,0.6337,0.7896,0.5063,0.5707,0.3931,0.6076,0.6836,0.5858,0.5214,0.3163,0.4834,0.2676,0.5377,0.3202,0.2216,0.1621,0.3686,
1.0,0.9985,0.9658,0.9643,0.9703,0.9964,0.9929,0.9892,0.9861,0.9155,0.7423,0.9287,0.8975,0.8489,0.8136,0.8466,0.6943,0.8353,0.9374,0.7757,0.6106,0.9519,0.7139,0.6283,0.6035,0.6154,0.8501,0.5704,0.6138,0.7705,0.4924,0.5577,0.3811,0.5901,0.6793,0.5785,0.5125,0.3131,0.4855,0.2585,0.5313,0.304,0.2072,0.1606,0.3568,
1.0,0.9988,0.9695,0.9683,0.9707,0.9975,0.9954,0.9895,0.9839,0.9258,0.7362,0.9335,0.909,0.8361,0.8002,0.861,0.689,0.8231,0.9414,0.7933,0.6096,0.9526,0.7231,0.622,0.607,0.6194,0.8614,0.5732,0.6226,0.7876,0.5104,0.5538,0.3913,0.5927,0.6825,0.5846,0.528,0.3177,0.4857,0.2638,0.5355,0.3161,0.2131,0.1688,0.358,
1.0,0.9989,0.9651,0.964,0.9697,0.9975,0.9951,0.9901,0.9852,0.9264,0.7411,0.9288,0.911,0.8425,0.8063,0.8557,0.6895,0.8283,0.941,0.7877,0.6191,0.9517,0.7277,0.6254,0.6076,0.6226,0.8582,0.5735,0.6185,0.787,0.5134,0.558,0.4019,0.5898,0.6747,0.5875,0.523,0.319,0.4828,0.2656,0.5287,0.3232,0.2177,0.1685,0.3578,
1.0,0.9991,0.9696,0.9687,0.9696,0.9977,0.9962,0.9897,0.9833,0.9231,0.7442,0.9326,0.9066,0.8506,0.8115,0.8572,0.7028,0.8363,0.9411,0.7877,0.6186,0.9526,0.7211,0.6332,0.6,0.6224,0.8622,0.5812,0.6154,0.7818,0.5092,0.5602,0.3821,0.5856,0.6767,0.5774,0.5262,0.3222,0.4785,0.2612,0.529,0.3101,0.2074,0.1618,0.3585,
1.0,0.9993,0.9659,0.9652,0.97,0.9973,0.9957,0.9903,0.9838,0.9209,0.73,0.9294,0.9039,0.8356,0.795,0.8519,0.6774,0.8212,0.9372,0.78,0.6026,0.9492,0.7173,0.6147,0.6037,0.6077,0.8571,0.5652,0.6145,0.7807,0.5033,0.5465,0.3939,0.5874,0.6649,0.5762,0.5173,0.3184,0.4817,0.2587,0.5274,0.3127,0.2053,0.1672,0.3544,
1.0,0.9991,0.9656,0.9647,0.967,0.9979,0.9961,0.9915,0.9841,0.9265,0.7383,0.9263,0.912,0.8426,0.8056,0.8548,0.6876,0.8268,0.9409,0.7845,0.6223,0.9555,0.7334,0.6282,0.6192,0.6268,0.8579,0.5803,0.622,0.7854,0.5076,0.5614,0.3911,0.5831,0.6774,0.5921,0.5245,0.3272,0.4763,0.2634,0.5284,0.3117,0.2053,0.167,0.3509,
1.0,0.999,0.9667,0.9657,0.9675,0.9979,0.9952,0.9879,0.9837,0.9207,0.7277,0.928,0.903,0.8342,0.7958,0.8502,0.682,0.8209,0.9392,0.7802,0.6057,0.9518,0.7196,0.6163,0.6,0.6009,0.8549,0.5581,0.6196,0.7749,0.4975,0.5409,0.3809,0.5926,0.6699,0.5781,0.5172,0.3063,0.4764,0.2553,0.5226,0.3077,0.2004,0.156,0.3543,
1.0,0.9991,0.967,0.9661,0.9703,0.998,0.9965,0.9911,0.9854,0.9254,0.7392,0.9289,0.9083,0.8416,0.8032,0.8563,0.686,0.8286,0.9426,0.7817,0.6132,0.9528,0.7214,0.6256,0.6083,0.6242,0.8543,0.5728,0.6176,0.7832,0.5017,0.5537,0.3879,0.5805,0.6702,0.5861,0.5205,0.3233,0.4674,0.2568,0.5196,0.3084,0.2046,0.1682,0.3499,
1.0,0.9989,0.9651,0.964,0.9722,0.9963,0.9937,0.9891,0.9837,0.9274,0.7382,0.9309,0.9095,0.8362,0.7982,0.8597,0.6808,0.8216,0.9359,0.7907,0.6149,0.9525,0.7364,0.6241,0.6168,0.6147,0.8578,0.5639,0.627,0.7935,0.5137,0.5414,0.3978,0.595,0.67,0.5932,0.5189,0.3078,0.491,0.2674,0.5183,0.3228,0.2142,0.1734,0.361,
1.0,0.9996,0.9622,0.9618,0.9702,0.997,0.9951,0.9914,0.9852,0.9221,0.7335,0.927,0.9066,0.8348,0.7973,0.8511,0.6777,0.8184,0.9369,0.7794,0.6023,0.9522,0.7201,0.6126,0.6059,0.6152,0.8564,0.5682,0.6131,0.7807,0.4982,0.5481,0.3844,0.5881,0.674,0.5776,0.5349,0.3144,0.4742,0.2581,0.5293,0.3095,0.2038,0.1652,0.3513,
1.0,0.9988,0.9683,0.9671,0.9696,0.9976,0.9946,0.9898,0.9858,0.9245,0.7415,0.931,0.9075,0.8429,0.8055,0.8576,0.6927,0.8301,0.9403,0.7853,0.6119,0.954,0.7175,0.622,0.5984,0.6159,0.8592,0.5732,0.6164,0.7801,0.5053,0.5518,0.3822,0.5833,0.6756,0.576,0.5253,0.3186,0.4802,0.2619,0.5292,0.3117,0.2066,0.1643,0.3547,
1.0,0.9987,0.9652,0.9639,0.964,0.9971,0.9948,0.9896,0.9847,0.9225,0.7344,0.9237,0.9073,0.8443,0.8073,0.8482,0.6899,0.8321,0.9421,0.7792,0.6146,0.9511,0.7205,0.6203,0.5973,0.6129,0.8575,0.5741,0.6211,0.7744,0.4983,0.555,0.3777,0.5803,0.6744,0.5855,0.523,0.3189,0.4845,0.2601,0.5319,0.3063,0.2065,0.1554,0.3629,
1.0,0.9983,0.9708,0.9691,0.9706,0.9973,0.9947,0.9906,0.9859,0.9241,0.7391,0.9348,0.9091,0.8404,0.8034,0.8605,0.6849,0.8289,0.94,0.7792,0.6151,0.9548,0.7254,0.6269,0.6125,0.6155,0.8521,0.5615,0.6282,0.7798,0.5094,0.5503,0.3919,0.5962,0.6803,0.5829,0.5186,0.3184,0.4689,0.2676,0.5267,0.3144,0.2176,0.1695,0.3549,
1.0,0.9995,0.9677,0.9672,0.9719,0.9972,0.9959,0.9917,0.9864,0.9252,0.743,0.9348,0.911,0.8413,0.8059,0.8616,0.6951,0.8269,0.9388,0.7913,0.6184,0.9536,0.7347,0.6321,0.6112,0.615,0.8631,0.5668,0.6276,0.7868,0.5116,0.5503,0.3975,0.5936,0.6837,0.5937,0.5272,0.3111,0.4823,0.2681,0.5285,0.3176,0.2141,0.1649,0.3614,
1.0,0.9992,0.9649,0.9641,0.9728,0.9981,0.9961,0.9906,0.9842,0.9243,0.7348,0.9323,0.9093,0.8361,0.7968,0.8577,0.6784,0.8224,0.9412,0.7867,0.6146,0.9528,0.7252,0.6258,0.6106,0.6118,0.8576,0.5602,0.6219,0.7831,0.507,0.5471,0.3941,0.5892,0.6685,0.5845,0.5229,0.3154,0.4743,0.2674,0.5197,0.3078,0.2094,0.1644,0.347,
1.0,0.9988,0.9686,0.9674,0.9698,0.9971,0.9943,0.9904,0.9841,0.9251,0.7363,0.9315,0.9087,0.8403,0.8016,0.8575,0.6827,0.8257,0.9427,0.783,0.6182,0.9536,0.7229,0.6265,0.6089,0.6162,0.8535,0.571,0.6212,0.7836,0.5088,0.5488,0.3856,0.587,0.671,0.5832,0.5201,0.3242,0.4765,0.2577,0.5187,0.3152,0.2108,0.162,0.3505,
1.0,0.9993,0.9704,0.9697,0.9666,0.9967,0.9948,0.99,0.9841,0.9248,0.7349,0.9299,0.9062,0.8379,0.7985,0.8562,0.6878,0.8238,0.9382,0.7841,0.6027,0.9515,0.7182,0.6162,0.6038,0.61,0.8581,0.5666,0.6192,0.7788,0.5015,0.5484,0.3818,0.5896,0.6682,0.5774,0.5164,0.3154,0.4776,0.2631,0.5255,0.3054,0.2071,0.1574,0.3535,
1.0,0.9985,0.9684,0.9669,0.9682,0.9975,0.9946,0.9886,0.9834,0.9255,0.7326,0.9301,0.909,0.8395,0.7997,0.8569,0.6812,0.8257,0.9391,0.781,0.6027,0.9522,0.7199,0.6145,0.5928,0.6101,0.8508,0.5624,0.6153,0.782,0.5067,0.5535,0.3833,0.5885,0.6725,0.5764,0.521,0.3135,0.4735,0.2562,0.5203,0.3114,0.2122,0.1593,0.3492,
1.0,0.9994,0.9665,0.9659,0.9676,0.997,0.9952,0.9907,0.9853,0.9255,0.7383,0.9276,0.9088,0.842,0.8031,0.8543,0.6867,0.828,0.9405,0.7815,0.614,0.9523,0.724,0.6243,0.6037,0.6128,0.8553,0.5648,0.6236,0.7822,0.5016,0.5501,0.3805,0.59,0.6812,0.5878,0.5263,0.3168,0.4819,0.2677,0.5228,0.3144,0.2147,0.1619,0.3604,
1.0,0.9985,0.9675,0.966,0.9725,0.9972,0.9946,0.9881,0.9816,0.9238,0.7384,0.9322,0.9048,0.8408,0.7993,0.8574,0.6797,0.8272,0.9402,0.7817,0.6153,0.9501,0.7235,0.6302,0.6109,0.6241,0.8498,0.5677,0.6249,0.7816,0.5133,0.5568,0.3905,0.5878,0.6773,0.5838,0.5087,0.3205,0.48,0.2593,0.5258,0.3154,0.2186,0.1615,0.3501,
1.0,0.9993,0.9683,0.9676,0.971,0.9977,0.9962,0.9903,0.9858,0.9262,0.7393,0.9332,0.9103,0.8382,0.8024,0.8612,0.6861,0.8279,0.9451,0.7874,0.6131,0.9535,0.7256,0.6264,0.6028,0.6153,0.8551,0.5651,0.6248,0.7859,0.5065,0.552,0.3855,0.5918,0.6791,0.5869,0.5245,0.317,0.4786,0.2666,0.5281,0.3078,0.2105,0.1659,0.351,
1.0,0.9987,0.9641,0.9628,0.9712,0.9967,0.9947,0.9915,0.9847,0.9303,0.7413,0.9296,0.9157,0.8386,0.7991,0.8608,0.6767,0.8252,0.9397,0.7875,0.6115,0.9575,0.7288,0.615,0.6007,0.6179,0.8578,0.5664,0.618,0.7879,0.5095,0.5444,0.3796,0.5858,0.6646,0.5849,0.5196,0.3158,0.4762,0.257,0.512,0.3127,0.207,0.1547,0.3501,
1.0,0.9988,0.9662,0.965,0.9695,0.9977,0.9956,0.9902,0.9829,0.9264,0.7286,0.9291,0.9104,0.8288,0.7869,0.8562,0.6689,0.8154,0.9423,0.7823,0.6045,0.9519,0.7214,0.6092,0.6041,0.6069,0.8566,0.5562,0.6171,0.7843,0.5042,0.5345,0.3782,0.5846,0.6666,0.5794,0.5236,0.3156,0.4797,0.256,0.5203,0.3103,0.2094,0.1588,0.343,
1.0,0.9997,0.9685,0.9682,0.9691,0.9978,0.9966,0.9905,0.9856,0.9237,0.7322,0.9321,0.9079,0.8336,0.7964,0.857,0.6802,0.8201,0.9412,0.7845,0.6059,0.9522,0.7186,0.6194,0.6026,0.608,0.854,0.558,0.6212,0.7804,0.5102,0.5509,0.3866,0.5964,0.6877,0.5873,0.5278,0.3115,0.476,0.2551,0.5305,0.3232,0.2133,0.163,0.3594,
1.0,0.9991,0.9678,0.9669,0.9718,0.9973,0.9951,0.99,0.9854,0.923,0.7382,0.933,0.9063,0.8387,0.8006,0.8572,0.6838,0.8266,0.9419,0.7825,0.6139,0.9508,0.7207,0.6267,0.6102,0.6163,0.8543,0.5696,0.6194,0.7812,0.4998,0.5556,0.3953,0.5944,0.673,0.5793,0.5111,0.3103,0.4809,0.2558,0.5282,0.3085,0.1987,0.1597,0.3572,
1.0,0.9992,0.9677,0.9669,0.9694,0.997,0.9951,0.9899,0.9855,0.9223,0.737,0.9311,0.9056,0.8385,0.7995,0.8552,0.6833,0.8254,0.9408,0.7784,0.6044,0.95,0.7182,0.6177,0.6014,0.6132,0.8552,0.5662,0.6179,0.7805,0.4995,0.5513,0.3776,0.5933,0.6831,0.5827,0.5207,0.3194,0.4794,0.256,0.5363,0.306,0.2139,0.1643,0.3542,
1.0,0.9993,0.9694,0.9687,0.9688,0.9973,0.9957,0.9918,0.9858,0.9214,0.7406,0.9305,0.9049,0.845,0.8059,0.853,0.6918,0.832,0.9411,0.7768,0.6143,0.9539,0.7161,0.6291,0.5989,0.6137,0.8535,0.5642,0.6165,0.7751,0.4927,0.5543,0.3837,0.5912,0.6779,0.5744,0.5255,0.3134,0.4738,0.2624,0.5189,0.3031,0.2,0.1627,0.352,
1.0,0.9983,0.9688,0.9671,0.9694,0.9966,0.9934,0.9892,0.9853,0.9226,0.7329,0.9299,0.9037,0.8377,0.7974,0.8536,0.6815,0.8257,0.9443,0.7777,0.608,0.9542,0.719,0.6218,0.5997,0.6096,0.8527,0.5638,0.6145,0.7799,0.5089,0.55,0.3824,0.5895,0.683,0.5836,0.5218,0.3138,0.4763,0.2502,0.5251,0.3121,0.2128,0.1611,0.3535,
1.0,0.999,0.9665,0.9655,0.9721,0.9977,0.9954,0.9918,0.9869,0.925,0.739,0.9325,0.9106,0.8392,0.8035,0.8594,0.6913,0.8252,0.9393,0.7904,0.6073,0.9572,0.7269,0.6226,0.6121,0.618,0.8648,0.5722,0.6207,0.7857,0.5066,0.5498,0.3872,0.5883,0.6727,0.5843,0.537,0.3124,0.4805,0.2676,0.5235,0.3082,0.2077,0.1696,0.3611,
1.0,0.9994,0.968,0.9674,0.9678,0.9973,0.9959,0.9924,0.9856,0.9244,0.7319,0.9292,0.9092,0.8357,0.7972,0.8551,0.6828,0.8222,0.9401,0.784,0.6025,0.9526,0.7136,0.6121,0.5977,0.6096,0.8574,0.5678,0.6117,0.7818,0.5043,0.5454,0.3807,0.5808,0.6641,0.5786,0.5234,0.3211,0.4706,0.251,0.5155,0.3165,0.2061,0.1564,0.3428,
1.0,0.9982,0.9656,0.9638,0.9698,0.9977,0.9951,0.9905,0.9855,0.9216,0.7391,0.9273,0.906,0.8429,0.8071,0.8503,0.6863,0.8295,0.9423,0.7782,0.6063,0.956,0.7117,0.617,0.6017,0.6159,0.8528,0.566,0.6127,0.7808,0.5109,0.5521,0.3771,0.5945,0.6826,0.5827,0.5262,0.316,0.477,0.2607,0.5199,0.3138,0.214,0.1543,0.3635,
1.0,0.999,0.9705,0.9695,0.9674,0.9977,0.9959,0.9909,0.9863,0.9218,0.7274,0.9319,0.9064,0.8335,0.7939,0.8539,0.68,0.8209,0.9422,0.7734,0.6026,0.9541,0.7195,0.6157,0.6098,0.6045,0.8544,0.5642,0.6235,0.7765,0.5022,0.5561,0.3913,0.5958,0.6803,0.5857,0.5216,0.3179,0.4811,0.256,0.5272,0.3087,0.209,0.1572,0.357,
1.0,0.9988,0.9693,0.9681,0.9674,0.997,0.9947,0.9915,0.9852,0.9257,0.7339,0.9306,0.9109,0.8375,0.7996,0.8575,0.6871,0.8227,0.9391,0.785,0.6117,0.9534,0.7224,0.6213,0.6046,0.6089,0.8628,0.5671,0.6211,0.7848,0.5021,0.5503,0.3862,0.5926,0.6735,0.5801,0.5196,0.3182,0.4792,0.2589,0.5271,0.3123,0.2088,0.1609,0.3532,
1.0,0.9992,0.9685,0.9677,0.9684,0.9973,0.996,0.992,0.9875,0.9244,0.7324,0.9308,0.9095,0.8316,0.7972,0.8576,0.6852,0.8215,0.9445,0.7866,0.6069,0.9557,0.7265,0.6194,0.6084,0.6111,0.8647,0.5645,0.6236,0.7823,0.5021,0.5463,0.3901,0.5946,0.6832,0.5822,0.5264,0.3137,0.4861,0.2598,0.533,0.3089,0.2108,0.17,0.3589,
1.0,0.9989,0.9683,0.9672,0.9715,0.9973,0.9952,0.99,0.9843,0.9285,0.7364,0.9332,0.9114,0.834,0.793,0.8631,0.678,0.8202,0.9404,0.7866,0.6124,0.9542,0.7311,0.6215,0.6174,0.6147,0.8572,0.5682,0.628,0.7873,0.5101,0.5526,0.3926,0.5877,0.6754,0.5876,0.5194,0.3219,0.4787,0.2615,0.5206,0.3172,0.2128,0.1658,0.3485,
1.0,0.9987,0.9669,0.9656,0.9691,0.9975,0.9948,0.9895,0.985,0.9152,0.733,0.9301,0.8999,0.8441,0.8071,0.8467,0.6839,0.8312,0.9443,0.771,0.6115,0.9544,0.7161,0.6284,0.6038,0.6149,0.8503,0.5659,0.6093,0.7695,0.4977,0.5525,0.3803,0.5878,0.6731,0.5754,0.5178,0.318,0.4763,0.2509,0.5177,0.3047,0.2009,0.1637,0.3481,
1.0,0.9987,0.9663,0.965,0.9697,0.9969,0.9948,0.9903,0.9853,0.9201,0.7351,0.9299,0.9036,0.8417,0.8051,0.851,0.6883,0.8288,0.9411,0.7817,0.6058,0.9522,0.7151,0.6202,0.6038,0.6148,0.8564,0.5711,0.61,0.7779,0.5002,0.5519,0.3835,0.5931,0.6746,0.5797,0.5225,0.3129,0.4816,0.2568,0.5245,0.3125,0.2002,0.1653,0.3582,
1.0,0.9985,0.9713,0.9698,0.9669,0.9968,0.9941,0.9905,0.9856,0.9215,0.7333,0.9305,0.9044,0.8387,0.7996,0.8536,0.6805,0.8251,0.9391,0.7727,0.61,0.9533,0.7202,0.6201,0.6106,0.6087,0.8511,0.5596,0.6263,0.7765,0.4963,0.5497,0.3942,0.5985,0.6804,0.585,0.5203,0.3135,0.4738,0.2625,0.5159,0.3048,0.2109,0.1635,0.3519,
1.0,0.9989,0.9679,0.9668,0.9722,0.997,0.995,0.9913,0.9856,0.9197,0.7333,0.9334,0.9039,0.8381,0.7993,0.8544,0.6813,0.8241,0.9384,0.7787,0.5993,0.9521,0.7115,0.6179,0.5987,0.6089,0.8537,0.5573,0.6111,0.7756,0.5027,0.545,0.3831,0.5901,0.6822,0.5781,0.5224,0.311,0.4762,0.2559,0.5266,0.3131,0.2101,0.1571,0.3529,
1.0,0.9988,0.968,0.9668,0.971,0.9976,0.9953,0.9908,0.9844,0.9233,0.73,0.9335,0.9087,0.8324,0.794,0.8574,0.6756,0.8187,0.9415,0.7816,0.6093,0.9543,0.7249,0.6222,0.6094,0.6045,0.8528,0.5554,0.6283,0.7802,0.5074,0.549,0.3875,0.5935,0.6797,0.5855,0.5165,0.3129,0.4711,0.2587,0.5238,0.3181,0.2072,0.1636,0.3444,
1.0,0.9991,0.9676,0.9667,0.9688,0.997,0.9951,0.9904,0.9863,0.9249,0.7373,0.9295,0.9081,0.8395,0.801,0.856,0.6801,0.828,0.9442,0.7764,0.6128,0.9533,0.7236,0.6239,0.6073,0.6179,0.8473,0.5685,0.6202,0.7775,0.5025,0.5595,0.3882,0.5874,0.6837,0.5847,0.528,0.3112,0.4699,0.2626,0.5179,0.308,0.2083,0.1713,0.351,
1.0,0.9991,0.9651,0.9642,0.9695,0.9963,0.9946,0.991,0.9856,0.9244,0.736,0.9279,0.9072,0.8375,0.8015,0.853,0.6884,0.825,0.9445,0.7887,0.6163,0.9512,0.7248,0.6257,0.6051,0.6192,0.8608,0.5743,0.6166,0.7866,0.5142,0.5552,0.3902,0.5829,0.6714,0.5843,0.5301,0.3228,0.4736,0.2669,0.5203,0.3087,0.2054,0.1649,0.3505,
1.0,0.9989,0.9695,0.9684,0.9689,0.9974,0.995,0.9916,0.9871,0.9231,0.7372,0.932,0.9091,0.8382,0.8019,0.8565,0.6834,0.8253,0.9385,0.7789,0.6025,0.9529,0.7139,0.6166,0.6024,0.6081,0.8534,0.5544,0.6166,0.7739,0.4837,0.5386,0.3708,0.5919,0.6715,0.5692,0.5152,0.3047,0.4787,0.253,0.5245,0.2961,0.1892,0.1534,0.3488,
1.0,0.9991,0.9681,0.9672,0.9716,0.9974,0.9954,0.9905,0.9829,0.9265,0.7401,0.9327,0.9097,0.8404,0.7992,0.8597,0.6846,0.8239,0.9386,0.7884,0.6122,0.9519,0.7239,0.6208,0.6063,0.6178,0.8596,0.574,0.6254,0.7919,0.5051,0.5634,0.3861,0.6044,0.6875,0.5805,0.5143,0.3206,0.4886,0.2604,0.535,0.3146,0.2226,0.165,0.3696,
1.0,0.9991,0.9683,0.9674,0.9683,0.9971,0.9954,0.9901,0.9842,0.9263,0.7307,0.931,0.9107,0.8332,0.7948,0.8585,0.679,0.8199,0.9407,0.7834,0.6089,0.9496,0.7242,0.6192,0.6072,0.6092,0.8576,0.5628,0.623,0.7847,0.5016,0.5414,0.3865,0.586,0.6708,0.5834,0.5235,0.3157,0.4868,0.2655,0.5277,0.3038,0.2088,0.1718,0.3462,
1.0,0.9993,0.9662,0.9655,0.9687,0.9972,0.9956,0.9904,0.9859,0.9258,0.7414,0.929,0.9093,0.8433,0.8074,0.8566,0.6891,0.8305,0.9442,0.7852,0.6194,0.9491,0.7225,0.6286,0.6057,0.6221,0.8564,0.5701,0.6248,0.7813,0.5014,0.5508,0.3808,0.5852,0.6729,0.5877,0.5213,0.3148,0.4811,0.2663,0.5271,0.3098,0.2048,0.1617,0.3586,
1.0,0.9989,0.9684,0.9673,0.9709,0.9986,0.9965,0.9908,0.9848,0.9262,0.7367,0.9328,0.9116,0.8362,0.7957,0.8601,0.6807,0.8234,0.9424,0.7856,0.6069,0.9565,0.7249,0.619,0.6106,0.6142,0.8569,0.5619,0.6254,0.7842,0.5029,0.5508,0.3873,0.5999,0.6849,0.5899,0.5239,0.3028,0.4871,0.2601,0.534,0.3178,0.2112,0.167,0.3573,
1.0,0.9989,0.9692,0.9681,0.9712,0.9966,0.9947,0.9908,0.9857,0.9239,0.7376,0.9343,0.9083,0.838,0.8021,0.8584,0.6891,0.8261,0.9413,0.7864,0.6088,0.9541,0.7227,0.6225,0.603,0.6125,0.8575,0.5652,0.6208,0.7834,0.5098,0.5475,0.3871,0.5958,0.683,0.5833,0.5231,0.3175,0.4845,0.2588,0.5319,0.323,0.2154,0.1681,0.3564,
1.0,0.9987,0.9701,0.9688,0.9721,0.9972,0.9948,0.9905,0.985,0.918,0.7333,0.9355,0.9028,0.8389,0.8027,0.8558,0.6885,0.8239,0.9355,0.7817,0.6057,0.9506,0.7154,0.6247,0.6085,0.605,0.8584,0.5616,0.6251,0.7779,0.4906,0.5464,0.3867,0.5931,0.6739,0.5769,0.5127,0.3006,0.4807,0.2585,0.5329,0.3044,0.2045,0.1597,0.3592,
1.0,0.9992,0.9676,0.9668,0.968,0.9957,0.994,0.9916,0.9872,0.9217,0.7435,0.9303,0.9061,0.846,0.8126,0.8529,0.6895,0.8341,0.9428,0.7803,0.6226,0.9526,0.7267,0.6305,0.6145,0.6223,0.8542,0.5731,0.6223,0.7791,0.4999,0.5579,0.3936,0.5929,0.6785,0.5851,0.5171,0.3192,0.4791,0.2622,0.5277,0.3079,0.2088,0.1643,0.36,
1.0,0.9988,0.9695,0.9683,0.9714,0.9977,0.9955,0.9901,0.9857,0.9251,0.7358,0.9353,0.9105,0.8359,0.7987,0.861,0.686,0.8235,0.9402,0.7869,0.6026,0.955,0.7222,0.6185,0.6042,0.6104,0.8581,0.5686,0.62,0.7871,0.5095,0.5516,0.3896,0.5935,0.6772,0.5787,0.5212,0.3167,0.4747,0.2564,0.5223,0.312,0.2024,0.1617,0.3471,
1.0,0.9993,0.9702,0.9695,0.9703,0.9974,0.996,0.9915,0.9869,0.9203,0.7467,0.9346,0.9055,0.8507,0.8149,0.8566,0.694,0.8391,0.9425,0.7751,0.6193,0.9506,0.7183,0.6361,0.6064,0.6244,0.8549,0.5684,0.6177,0.7797,0.5022,0.5649,0.3955,0.5952,0.6803,0.5755,0.5122,0.3272,0.4726,0.2599,0.5211,0.3097,0.211,0.1611,0.3549,
1.0,0.9991,0.9659,0.965,0.9695,0.9975,0.9956,0.9907,0.9861,0.9258,0.738,0.929,0.9096,0.8379,0.7995,0.8557,0.6817,0.8261,0.9421,0.7812,0.6152,0.9537,0.7265,0.6209,0.6035,0.6132,0.8571,0.5658,0.6185,0.7852,0.51,0.5464,0.3893,0.5907,0.6718,0.5846,0.519,0.3225,0.4786,0.2564,0.5175,0.316,0.2095,0.1606,0.3562,
1.0,0.9988,0.9712,0.97,0.968,0.9975,0.9952,0.9898,0.9857,0.9264,0.7441,0.9327,0.91,0.8437,0.8065,0.8591,0.6897,0.8312,0.9372,0.7826,0.6149,0.9495,0.7275,0.6251,0.6112,0.6171,0.8566,0.565,0.632,0.786,0.5024,0.5577,0.3899,0.5994,0.6776,0.5859,0.5154,0.3188,0.4746,0.2704,0.5239,0.3113,0.2096,0.1615,0.3534,
1.0,0.9983,0.9696,0.9679,0.9706,0.998,0.9952,0.9885,0.9807,0.9231,0.7352,0.9332,0.9064,0.846,0.8024,0.8581,0.6875,0.8317,0.9386,0.783,0.6161,0.9518,0.7221,0.6297,0.6095,0.6196,0.8561,0.5837,0.6252,0.7849,0.5076,0.564,0.3894,0.5875,0.6721,0.5832,0.5195,0.3281,0.4769,0.2601,0.5279,0.3141,0.2108,0.1685,0.3501,
1.0,0.999,0.9689,0.9679,0.9741,0.9974,0.9954,0.991,0.987,0.9293,0.752,0.937,0.9146,0.846,0.8106,0.8673,0.6959,0.8337,0.942,0.7918,0.6189,0.9519,0.7247,0.6309,0.6072,0.6261,0.861,0.5742,0.6258,0.7932,0.5247,0.5565,0.397,0.5906,0.6804,0.5872,0.5258,0.328,0.4829,0.269,0.5288,0.3266,0.2172,0.1665,0.3587,
1.0,0.9989,0.9678,0.9667,0.9704,0.997,0.9951,0.9914,0.9857,0.9228,0.7446,0.931,0.9068,0.8451,0.8084,0.8556,0.6906,0.8325,0.9379,0.7859,0.6077,0.9528,0.7127,0.6192,0.6018,0.6193,0.8575,0.5717,0.6098,0.7846,0.5035,0.5545,0.3846,0.5905,0.6676,0.5766,0.5185,0.3124,0.4762,0.2611,0.5201,0.311,0.2067,0.1593,0.3554,
1.0,0.999,0.9684,0.9674,0.9664,0.997,0.9951,0.9908,0.985,0.9243,0.7344,0.9297,0.9087,0.8383,0.8003,0.8552,0.6837,0.824,0.9393,0.7795,0.6107,0.9493,0.7241,0.6198,0.6082,0.6092,0.8579,0.5636,0.6251,0.7792,0.4996,0.5507,0.3943,0.597,0.6711,0.5894,0.516,0.3196,0.4908,0.2643,0.525,0.3162,0.2069,0.1613,0.3552,
1.0,0.9991,0.9654,0.9645,0.9714,0.9974,0.9956,0.9908,0.9858,0.9199,0.7351,0.9313,0.9049,0.8389,0.7991,0.8514,0.6825,0.8258,0.939,0.7799,0.6038,0.9512,0.7198,0.619,0.6037,0.6055,0.8616,0.5611,0.6171,0.7793,0.497,0.5433,0.3878,0.5964,0.6735,0.5788,0.5235,0.3156,0.4842,0.2622,0.5241,0.3089,0.2083,0.1618,0.36,
1.0,0.9989,0.9668,0.9657,0.9712,0.997,0.9948,0.9914,0.9859,0.9239,0.7374,0.9308,0.908,0.8383,0.7978,0.8556,0.6823,0.8237,0.9338,0.7826,0.61,0.9522,0.7243,0.6215,0.6095,0.6069,0.8578,0.5651,0.6259,0.7807,0.5076,0.5389,0.3966,0.5876,0.6663,0.5789,0.5148,0.322,0.4823,0.2655,0.5241,0.3166,0.2066,0.1617,0.3566,
1.0,0.9983,0.9669,0.9652,0.9708,0.997,0.9942,0.9898,0.9858,0.9245,0.7352,0.9312,0.9086,0.8372,0.7981,0.8559,0.6783,0.8256,0.9438,0.7798,0.6022,0.9529,0.7162,0.6138,0.5941,0.6137,0.8558,0.5659,0.605,0.7857,0.5094,0.5522,0.3892,0.5915,0.6783,0.5723,0.5238,0.3226,0.4765,0.2494,0.5177,0.3175,0.2078,0.1597,0.352,
1.0,0.9988,0.9678,0.9666,0.9693,0.997,0.9953,0.99,0.9835,0.9204,0.7287,0.9299,0.9034,0.8351,0.7951,0.8514,0.6786,0.822,0.9401,0.7783,0.6069,0.951,0.7222,0.6223,0.6146,0.6136,0.8552,0.565,0.6186,0.7804,0.4992,0.5536,0.391,0.5835,0.6701,0.5845,0.5215,0.3145,0.4766,0.2616,0.5188,0.309,0.2057,0.1681,0.3487,
1.0,0.9991,0.9677,0.9668,0.9693,0.9969,0.9956,0.9889,0.9846,0.9237,0.7351,0.9305,0.9054,0.8375,0.7984,0.8557,0.6834,0.8264,0.9428,0.7828,0.6088,0.9489,0.7177,0.6191,0.606,0.6156,0.8552,0.5657,0.6166,0.7773,0.4994,0.5534,0.3841,0.5894,0.6776,0.5815,0.5253,0.3064,0.4725,0.2662,0.5165,0.3053,0.2035,0.1648,0.3564,
1.0,0.9983,0.9673,0.9656,0.971,0.9975,0.9946,0.9905,0.9861,0.9199,0.731,0.9322,0.9058,0.8368,0.8019,0.8537,0.6836,0.8245,0.941,0.7835,0.6036,0.953,0.7181,0.6181,0.6052,0.6127,0.8571,0.5664,0.6216,0.7807,0.4988,0.5506,0.3875,0.5943,0.6736,0.5792,0.5177,0.3125,0.4758,0.2603,0.5262,0.3059,0.2069,0.1598,0.3579,
1.0,0.9995,0.9693,0.9688,0.9703,0.9973,0.996,0.9916,0.9869,0.9192,0.728,0.9349,0.9052,0.831,0.7947,0.8562,0.6701,0.8192,0.9429,0.7736,0.6051,0.9536,0.721,0.6212,0.6119,0.6025,0.8511,0.5539,0.6196,0.7727,0.4983,0.5442,0.39,0.5865,0.68,0.5862,0.522,0.3124,0.4737,0.2543,0.5205,0.3037,0.2054,0.164,0.3448,
1.0,0.999,0.969,0.968,0.9649,0.9977,0.9958,0.9884,0.9846,0.9241,0.7316,0.9261,0.9046,0.8399,0.7987,0.8497,0.6843,0.8285,0.9421,0.7765,0.6144,0.9501,0.7241,0.6227,0.6032,0.6051,0.853,0.5634,0.6223,0.7744,0.5053,0.5519,0.39,0.5908,0.6797,0.5848,0.524,0.3182,0.4728,0.2648,0.5273,0.3092,0.2117,0.1653,0.3514,
1.0,0.998,0.9682,0.9662,0.9675,0.9971,0.994,0.9879,0.9826,0.9278,0.739,0.9278,0.9096,0.8425,0.8008,0.8571,0.6816,0.8285,0.9384,0.78,0.6142,0.9472,0.724,0.6204,0.603,0.6177,0.8532,0.5635,0.6258,0.7794,0.498,0.5504,0.3859,0.5899,0.6711,0.581,0.5183,0.3135,0.4701,0.2647,0.5191,0.3108,0.2029,0.1622,0.3507,
1.0,0.9988,0.9695,0.9683,0.9691,0.998,0.9956,0.9909,0.9857,0.9242,0.7341,0.9318,0.9086,0.8389,0.8012,0.856,0.687,0.8251,0.9393,0.7821,0.6141,0.9541,0.7266,0.6271,0.616,0.6131,0.855,0.5628,0.6263,0.7806,0.4984,0.5486,0.3883,0.5862,0.6675,0.5876,0.5217,0.3102,0.4867,0.2658,0.5238,0.3081,0.205,0.176,0.3539,
1.0,0.999,0.9647,0.9637,0.9701,0.9965,0.9944,0.9893,0.9848,0.9227,0.7346,0.9278,0.9039,0.8398,0.8,0.8531,0.6825,0.8271,0.9404,0.7815,0.6155,0.9514,0.7307,0.6294,0.6169,0.6121,0.8565,0.5706,0.6298,0.7833,0.5101,0.5587,0.3997,0.5967,0.6725,0.5923,0.5156,0.3175,0.4918,0.2687,0.5292,0.3179,0.2098,0.1652,0.3632,
1.0,0.9985,0.9662,0.9647,0.9715,0.9973,0.995,0.9896,0.9839,0.9202,0.7346,0.9313,0.9042,0.8399,0.7992,0.8528,0.6814,0.8273,0.9386,0.7798,0.6128,0.9512,0.7281,0.6283,0.6142,0.6098,0.8569,0.563,0.6275,0.7784,0.4952,0.5469,0.3965,0.5959,0.6782,0.584,0.5169,0.3187,0.4787,0.2651,0.528,0.3136,0.2065,0.1658,0.3581,
1.0,0.9985,0.9674,0.9659,0.9714,0.9971,0.9945,0.9891,0.9822,0.9175,0.7371,0.9328,0.901,0.8453,0.8054,0.8516,0.6891,0.8302,0.9409,0.7782,0.6185,0.954,0.7209,0.6335,0.6118,0.6219,0.8553,0.5754,0.6168,0.7779,0.5045,0.5599,0.391,0.5932,0.685,0.5832,0.5286,0.3239,0.4827,0.2651,0.5269,0.3114,0.2081,0.1706,0.3527,
1.0,0.9994,0.9666,0.966,0.9705,0.9971,0.9954,0.992,0.9874,0.9264,0.7439,0.9306,0.9101,0.8419,0.8059,0.8583,0.688,0.831,0.9423,0.7834,0.6147,0.9547,0.7251,0.6248,0.6046,0.6207,0.8549,0.5678,0.6203,0.7857,0.5096,0.5537,0.3866,0.5824,0.6728,0.5821,0.521,0.3162,0.478,0.2624,0.5251,0.3133,0.2065,0.166,0.3475,
1.0,0.9986,0.9671,0.9657,0.9695,0.9977,0.9948,0.99,0.9847,0.9237,0.7321,0.9287,0.9067,0.8342,0.7956,0.8531,0.6743,0.8194,0.9384,0.7798,0.5993,0.953,0.7131,0.6106,0.5938,0.6097,0.8492,0.5567,0.6083,0.7801,0.5001,0.5395,0.3879,0.5927,0.6792,0.5679,0.5123,0.3124,0.4782,0.2505,0.5245,0.3084,0.2112,0.1602,0.3528,
1.0,0.9991,0.9676,0.9667,0.9691,0.9971,0.9946,0.9911,0.9866,0.9241,0.7365,0.9302,0.9083,0.8384,0.8024,0.8549,0.6889,0.8255,0.9411,0.7851,0.6061,0.9524,0.7166,0.6214,0.5986,0.6152,0.8571,0.5667,0.6173,0.779,0.4991,0.5534,0.3833,0.5916,0.6751,0.5774,0.5291,0.3124,0.4778,0.2631,0.5301,0.312,0.2005,0.1676,0.3534,
1.0,0.9997,0.9656,0.9653,0.969,0.997,0.9955,0.9897,0.9854,0.9232,0.7362,0.9281,0.9044,0.8387,0.8022,0.8526,0.6833,0.8251,0.9445,0.7841,0.6103,0.9489,0.7175,0.6222,0.5995,0.6195,0.8556,0.5704,0.6154,0.7858,0.5108,0.5548,0.3825,0.5847,0.6722,0.58,0.5223,0.3175,0.4749,0.2632,0.5193,0.3141,0.2044,0.1647,0.3551,
1.0,0.9984,0.9656,0.964,0.9689,0.997,0.9942,0.9882,0.9825,0.9272,0.7388,0.9276,0.91,0.8408,0.7986,0.855,0.675,0.8275,0.9422,0.7795,0.6165,0.9483,0.7211,0.6244,0.6022,0.621,0.8454,0.5707,0.6206,0.7743,0.5058,0.5546,0.3816,0.5788,0.6637,0.5893,0.522,0.3151,0.4681,0.2667,0.5132,0.3074,0.2013,0.165,0.3389,
1.0,0.9991,0.9721,0.9712,0.9694,0.9966,0.9945,0.9906,0.9845,0.9253,0.7359,0.9363,0.91,0.837,0.7987,0.8625,0.6827,0.8232,0.939,0.7815,0.6084,0.9503,0.718,0.6186,0.6055,0.6123,0.8529,0.5675,0.6253,0.7838,0.5096,0.5588,0.3949,0.5927,0.6788,0.5785,0.5199,0.3232,0.4726,0.2606,0.5259,0.3132,0.211,0.1655,0.3482,
1.0,0.9985,0.9693,0.9678,0.9711,0.9974,0.9944,0.9905,0.9862,0.9221,0.7313,0.9345,0.9079,0.8347,0.8004,0.8567,0.6838,0.8218,0.9435,0.7847,0.6041,0.9516,0.7138,0.6182,0.5987,0.6123,0.8537,0.5644,0.619,0.7815,0.5083,0.5499,0.3895,0.5916,0.6812,0.5802,0.5198,0.3114,0.4755,0.255,0.5267,0.3143,0.2116,0.1643,0.3543,
1.0,0.9995,0.9657,0.9652,0.9705,0.9968,0.9955,0.9909,0.9859,0.9188,0.7367,0.9301,0.9019,0.8416,0.8044,0.8509,0.6859,0.8295,0.9401,0.7806,0.6061,0.9508,0.7166,0.6221,0.6038,0.6162,0.8558,0.5631,0.6126,0.7764,0.4897,0.549,0.3813,0.5826,0.6718,0.5748,0.5163,0.3117,0.4733,0.2593,0.5275,0.3008,0.1989,0.1591,0.3503,
1.0,0.999,0.9671,0.9661,0.9686,0.9969,0.9941,0.9898,0.9853,0.9254,0.7389,0.93,0.9087,0.8408,0.8042,0.8566,0.6844,0.8263,0.9374,0.7834,0.6164,0.9494,0.724,0.6243,0.6091,0.6147,0.8531,0.5625,0.6252,0.7799,0.5048,0.5473,0.3881,0.5906,0.67,0.5877,0.5161,0.3171,0.4709,0.2645,0.517,0.3132,0.2099,0.1607,0.3541,
1.0,0.9986,0.9681,0.9667,0.9687,0.9972,0.995,0.9899,0.9846,0.9229,0.7366,0.9302,0.9069,0.8407,0.8008,0.8541,0.6826,0.828,0.9367,0.7794,0.6111,0.9543,0.7255,0.6223,0.6094,0.6082,0.8517,0.5686,0.6235,0.7769,0.4995,0.5535,0.3872,0.5894,0.6742,0.5823,0.5131,0.3153,0.4769,0.2597,0.5227,0.3064,0.2069,0.1601,0.3561,
1.0,0.9997,0.9658,0.9655,0.9657,0.9971,0.9954,0.9921,0.9871,0.9284,0.7461,0.9255,0.9127,0.8463,0.8096,0.8555,0.6912,0.8321,0.9398,0.7832,0.6173,0.9554,0.7227,0.6197,0.6005,0.62,0.8549,0.5721,0.6177,0.7784,0.5088,0.5523,0.3811,0.5881,0.6752,0.5854,0.5161,0.3202,0.4791,0.2694,0.5277,0.3119,0.2056,0.1565,0.3556,
1.0,0.9988,0.9669,0.9657,0.9696,0.9969,0.9949,0.9902,0.9844,0.926,0.7379,0.9305,0.9103,0.8408,0.8032,0.8581,0.6886,0.8285,0.9435,0.7878,0.6137,0.9533,0.726,0.6217,0.6028,0.6149,0.8606,0.5717,0.6199,0.7847,0.5087,0.5511,0.3834,0.5933,0.6768,0.5859,0.5268,0.3169,0.4776,0.2626,0.5243,0.3108,0.2077,0.16,0.3568,
1.0,0.9984,0.9718,0.9702,0.9687,0.9967,0.9941,0.9904,0.9857,0.9264,0.7329,0.934,0.9107,0.8333,0.7983,0.8621,0.6829,0.8201,0.9422,0.7883,0.6106,0.9553,0.7287,0.6201,0.6104,0.613,0.8599,0.5667,0.6233,0.7885,0.5073,0.5453,0.3932,0.5941,0.6783,0.5909,0.5293,0.3127,0.4817,0.2601,0.5264,0.3148,0.2096,0.1664,0.3498,
1.0,0.9987,0.9711,0.9698,0.9708,0.9983,0.9958,0.99,0.9848,0.925,0.7405,0.9339,0.908,0.8419,0.8023,0.8606,0.689,0.8277,0.9404,0.7807,0.6064,0.952,0.7154,0.6231,0.6032,0.6171,0.8523,0.571,0.6185,0.7854,0.5021,0.5575,0.3807,0.5918,0.6866,0.5768,0.5243,0.315,0.4778,0.2587,0.5345,0.3127,0.2152,0.1692,0.3577,
1.0,0.999,0.9686,0.9676,0.9736,0.9971,0.9954,0.9902,0.9842,0.9241,0.741,0.9362,0.9078,0.8397,0.8008,0.8613,0.6832,0.8272,0.9395,0.7877,0.6102,0.9525,0.7203,0.6226,0.608,0.6138,0.8539,0.5652,0.6195,0.7837,0.5024,0.5513,0.3869,0.5908,0.673,0.5832,0.52,0.3086,0.4729,0.2641,0.5193,0.313,0.2078,0.1596,0.3514,
1.0,0.9993,0.9658,0.9651,0.9694,0.9972,0.9952,0.9907,0.9854,0.9318,0.7412,0.9286,0.9149,0.8362,0.7979,0.8611,0.6791,0.8229,0.94,0.7873,0.6108,0.9574,0.724,0.6137,0.5953,0.6168,0.8509,0.5661,0.6137,0.7888,0.5155,0.5459,0.3749,0.5835,0.6698,0.5796,0.5224,0.3123,0.4811,0.2581,0.5228,0.3086,0.2095,0.1608,0.3505,
1.0,0.9984,0.9674,0.9658,0.9697,0.9972,0.9944,0.9914,0.9853,0.9209,0.73,0.9296,0.9059,0.8345,0.7952,0.8516,0.6837,0.8203,0.9417,0.7806,0.6092,0.9531,0.7192,0.6226,0.6044,0.6095,0.8596,0.5704,0.6184,0.7773,0.5068,0.5519,0.3929,0.5893,0.6765,0.5784,0.521,0.3216,0.4766,0.2612,0.5297,0.311,0.2111,0.1639,0.3466,
1.0,0.9991,0.9709,0.97,0.9685,0.9981,0.9962,0.9919,0.9868,0.9227,0.7393,0.9327,0.9085,0.8414,0.8028,0.8557,0.6893,0.8281,0.9414,0.7793,0.6121,0.955,0.7223,0.626,0.6029,0.6122,0.8593,0.563,0.6196,0.7803,0.4972,0.5554,0.3831,0.5946,0.6867,0.5838,0.5245,0.3131,0.471,0.2609,0.5261,0.3021,0.2048,0.1614,0.3505,
1.0,0.9992,0.9669,0.9661,0.9681,0.9975,0.9956,0.991,0.9859,0.9234,0.7347,0.9274,0.9071,0.835,0.7977,0.8527,0.6829,0.8211,0.9371,0.7824,0.6052,0.9503,0.7173,0.6139,0.5989,0.6065,0.8581,0.5622,0.6173,0.7813,0.4996,0.5475,0.3846,0.5889,0.6747,0.58,0.5219,0.3156,0.4739,0.2624,0.5286,0.3071,0.2171,0.1621,0.3512,
1.0,0.9992,0.967,0.9662,0.9685,0.9971,0.9954,0.9902,0.985,0.9259,0.7444,0.9287,0.908,0.8474,0.808,0.8552,0.688,0.8346,0.9411,0.7788,0.6229,0.9506,0.7284,0.6344,0.6115,0.6232,0.852,0.5744,0.6253,0.7817,0.5069,0.5582,0.399,0.5905,0.6785,0.5867,0.5209,0.3256,0.4766,0.2679,0.5264,0.3188,0.2132,0.1695,0.3566,
1.0,0.9989,0.9668,0.9657,0.9677,0.9979,0.9957,0.9918,0.9875,0.9212,0.7357,0.9274,0.9065,0.8413,0.8056,0.8493,0.6882,0.8291,0.9417,0.7782,0.6112,0.9564,0.7235,0.6242,0.6074,0.6128,0.8563,0.5721,0.619,0.7813,0.5115,0.5547,0.3961,0.5877,0.6745,0.5832,0.5264,0.3257,0.4801,0.2606,0.519,0.3136,0.2089,0.1629,0.3527,
1.0,0.9991,0.9675,0.9666,0.9692,0.9959,0.9935,0.9908,0.9872,0.9255,0.7425,0.931,0.9092,0.8423,0.8081,0.8581,0.6937,0.8287,0.9369,0.7905,0.6141,0.9477,0.7237,0.6243,0.6081,0.618,0.8584,0.5777,0.6249,0.7906,0.5041,0.5595,0.3865,0.5954,0.6744,0.587,0.5218,0.3136,0.4877,0.2718,0.534,0.3157,0.2104,0.1597,0.3607,
1.0,0.9992,0.9676,0.9668,0.9674,0.9969,0.995,0.9897,0.9834,0.9218,0.7307,0.9285,0.9043,0.8386,0.7971,0.8511,0.6795,0.8246,0.9404,0.7755,0.6081,0.9477,0.7156,0.619,0.6055,0.6094,0.8532,0.5649,0.6232,0.7737,0.4999,0.5493,0.384,0.5861,0.673,0.5803,0.5178,0.3134,0.4773,0.2593,0.53,0.3083,0.2052,0.1596,0.3494,
1.0,0.9991,0.9715,0.9706,0.9685,0.9978,0.9955,0.9907,0.9873,0.9266,0.7336,0.9343,0.9114,0.8339,0.7994,0.8624,0.6843,0.8228,0.9398,0.7856,0.6068,0.9577,0.7299,0.6215,0.6148,0.6085,0.8571,0.5617,0.6317,0.7839,0.5126,0.55,0.3942,0.5989,0.6847,0.5918,0.5196,0.3137,0.4899,0.2653,0.5364,0.3246,0.2191,0.1667,0.3575,
1.0,0.9987,0.9679,0.9666,0.9685,0.9976,0.9951,0.9918,0.9867,0.9274,0.7443,0.9301,0.9132,0.8429,0.8058,0.8591,0.6858,0.8283,0.9375,0.7817,0.6198,0.952,0.7335,0.6289,0.6111,0.6177,0.8579,0.5705,0.63,0.7898,0.5038,0.5553,0.3915,0.5899,0.6701,0.5902,0.5137,0.3213,0.4757,0.2657,0.5183,0.3099,0.211,0.164,0.3551,
1.0,0.999,0.9703,0.9693,0.9676,0.9978,0.9962,0.9932,0.9871,0.9208,0.7331,0.9311,0.9077,0.8383,0.8,0.8525,0.6894,0.8239,0.944,0.7779,0.6115,0.9557,0.7218,0.627,0.6048,0.6099,0.8643,0.5722,0.6222,0.7807,0.4995,0.5567,0.392,0.5967,0.682,0.5867,0.5388,0.3183,0.4783,0.2647,0.526,0.3068,0.2061,0.17,0.3552,
1.0,0.9989,0.9678,0.9667,0.9683,0.9975,0.9954,0.9906,0.9844,0.9272,0.7397,0.9299,0.9116,0.8401,0.8002,0.8578,0.6858,0.8267,0.9407,0.7858,0.6077,0.9549,0.7197,0.615,0.5991,0.6186,0.8577,0.5747,0.6122,0.785,0.4988,0.552,0.3824,0.586,0.6685,0.5742,0.5263,0.3166,0.4813,0.2558,0.5229,0.3082,0.1991,0.1599,0.3455,
1.0,0.9997,0.9681,0.9678,0.9695,0.9972,0.9962,0.9908,0.9837,0.9259,0.7383,0.9322,0.909,0.839,0.8002,0.8589,0.6829,0.8245,0.9425,0.7858,0.6149,0.9508,0.7221,0.6239,0.6059,0.6212,0.854,0.5699,0.6235,0.7809,0.5048,0.5536,0.3838,0.5794,0.67,0.5842,0.5247,0.3125,0.4821,0.2661,0.5302,0.3076,0.2101,0.1729,0.3497,
1.0,0.999,0.9682,0.9672,0.9683,0.9973,0.9955,0.9909,0.9859,0.9228,0.7397,0.93,0.9067,0.8412,0.8031,0.8536,0.6796,0.8275,0.9379,0.7718,0.611,0.9485,0.7181,0.6211,0.6034,0.6141,0.8508,0.5668,0.6136,0.7833,0.4978,0.5539,0.3857,0.5837,0.6685,0.5744,0.5108,0.314,0.4693,0.2531,0.5113,0.3041,0.2021,0.158,0.3415,
1.0,0.9983,0.9672,0.9655,0.9712,0.9969,0.9946,0.9889,0.9832,0.9227,0.7354,0.9305,0.9053,0.8412,0.8042,0.8553,0.6847,0.8266,0.9395,0.7835,0.6122,0.9491,0.7208,0.6267,0.6047,0.6164,0.853,0.5644,0.6217,0.7809,0.508,0.5559,0.3972,0.5918,0.6801,0.5864,0.5218,0.3121,0.4799,0.2637,0.5261,0.3133,0.2104,0.1658,0.352,
1.0,0.9989,0.9688,0.9677,0.9683,0.998,0.9957,0.9895,0.9832,0.9224,0.7334,0.93,0.9059,0.8411,0.8007,0.8534,0.6828,0.8256,0.9415,0.776,0.6126,0.9527,0.7221,0.6271,0.6115,0.6177,0.8521,0.5723,0.6249,0.7814,0.5058,0.5658,0.39,0.5985,0.6819,0.5868,0.5256,0.3229,0.4737,0.2595,0.5235,0.3108,0.2113,0.1662,0.353,
1.0,0.9985,0.9665,0.965,0.9687,0.9972,0.9949,0.9899,0.9842,0.9217,0.7353,0.9282,0.9052,0.8426,0.803,0.8516,0.6877,0.83,0.9395,0.7827,0.6109,0.955,0.7243,0.6248,0.6104,0.6132,0.8564,0.5682,0.6206,0.7774,0.4946,0.555,0.3809,0.5886,0.6764,0.5836,0.5192,0.3055,0.4785,0.2637,0.5276,0.3032,0.2031,0.1613,0.3524,
1.0,0.9984,0.968,0.9664,0.9698,0.9971,0.9946,0.9893,0.9833,0.9184,0.7303,0.9304,0.9014,0.838,0.7954,0.8501,0.6776,0.8235,0.9388,0.7741,0.6019,0.9501,0.7111,0.6153,0.5963,0.6012,0.8563,0.5604,0.6101,0.7756,0.4943,0.5416,0.3761,0.5824,0.6722,0.5706,0.5182,0.3111,0.4733,0.2496,0.5173,0.3029,0.2056,0.1605,0.3433,
1.0,0.9993,0.9655,0.9648,0.9716,0.998,0.9964,0.9922,0.9878,0.9199,0.7424,0.9306,0.9048,0.8449,0.8076,0.8518,0.6904,0.8336,0.9451,0.7782,0.6147,0.9536,0.7187,0.6306,0.6052,0.6211,0.8581,0.5786,0.6114,0.7828,0.504,0.5598,0.3885,0.5797,0.6714,0.5773,0.525,0.3184,0.4701,0.2625,0.5174,0.3091,0.2072,0.1581,0.354,
1.0,0.9993,0.9693,0.9686,0.9701,0.9973,0.9953,0.9898,0.9836,0.922,0.7251,0.9334,0.905,0.829,0.787,0.8552,0.6712,0.8136,0.937,0.7782,0.597,0.9492,0.7139,0.6092,0.6018,0.5988,0.8545,0.5516,0.6165,0.7738,0.4913,0.5374,0.3806,0.5898,0.6749,0.5763,0.5182,0.3019,0.4756,0.2502,0.5232,0.3053,0.2037,0.1565,0.3476,
1.0,0.9987,0.9687,0.9674,0.9706,0.9974,0.9949,0.9888,0.9836,0.9281,0.7369,0.9329,0.9106,0.8374,0.7979,0.8622,0.6849,0.8234,0.9365,0.7895,0.6106,0.9513,0.7256,0.6203,0.6133,0.6124,0.8577,0.5653,0.6273,0.7777,0.4903,0.5428,0.3796,0.5889,0.6732,0.5907,0.5281,0.2983,0.4843,0.2653,0.5295,0.3016,0.1997,0.1613,0.3501,
1.0,0.9992,0.9684,0.9676,0.9707,0.9972,0.9958,0.9912,0.9858,0.9226,0.7359,0.9344,0.9085,0.8362,0.8002,0.8573,0.6824,0.8233,0.9391,0.7815,0.6055,0.9548,0.7245,0.6175,0.6097,0.6109,0.8581,0.5635,0.621,0.7836,0.5019,0.549,0.3881,0.5951,0.6752,0.583,0.5252,0.3188,0.4824,0.2604,0.5272,0.3081,0.2056,0.171,0.3523,
1.0,0.9992,0.9678,0.967,0.9678,0.9976,0.9953,0.9906,0.9856,0.9283,0.7352,0.9294,0.9122,0.8359,0.8008,0.858,0.682,0.8219,0.9409,0.7866,0.613,0.9552,0.7296,0.6191,0.5989,0.6092,0.855,0.5612,0.6202,0.7902,0.5105,0.5473,0.3854,0.59,0.6798,0.5841,0.525,0.3112,0.4811,0.2618,0.5242,0.3133,0.2071,0.1595,0.3519,
1.0,0.9989,0.969,0.9679,0.9696,0.9968,0.9945,0.99,0.9836,0.9235,0.7343,0.932,0.9062,0.8414,0.7995,0.8565,0.6857,0.8268,0.9374,0.7815,0.6038,0.952,0.7173,0.6167,0.6097,0.6177,0.856,0.5754,0.6163,0.7771,0.5031,0.5585,0.387,0.5911,0.6746,0.5783,0.5211,0.3258,0.4808,0.2527,0.5255,0.3049,0.21,0.1688,0.3527,
1.0,0.9979,0.968,0.9659,0.9692,0.9969,0.9932,0.9877,0.9844,0.9198,0.7279,0.9286,0.9003,0.836,0.7969,0.8494,0.6787,0.8225,0.9414,0.7777,0.6039,0.9484,0.7193,0.6212,0.6076,0.6075,0.8489,0.5629,0.6193,0.7785,0.5066,0.5539,0.3898,0.5855,0.6802,0.5806,0.5173,0.3157,0.4771,0.2568,0.5275,0.3119,0.207,0.1626,0.3491,
1.0,0.9993,0.9701,0.9694,0.9702,0.9972,0.9953,0.9903,0.9847,0.9271,0.7426,0.933,0.9092,0.843,0.8052,0.8607,0.6849,0.8296,0.9426,0.7796,0.6205,0.954,0.7285,0.6329,0.6097,0.6202,0.8461,0.5615,0.6286,0.7838,0.5099,0.5562,0.3889,0.5939,0.6799,0.5924,0.5249,0.317,0.4752,0.2709,0.521,0.318,0.2112,0.1705,0.3513,
1.0,0.9988,0.9688,0.9676,0.9664,0.9975,0.9951,0.9889,0.9853,0.9225,0.7276,0.9282,0.9051,0.8336,0.792,0.8511,0.6835,0.8215,0.9397,0.7799,0.6004,0.9504,0.7196,0.6142,0.6026,0.5984,0.8585,0.556,0.6204,0.7688,0.487,0.5373,0.3806,0.5838,0.672,0.5816,0.5183,0.3054,0.4736,0.2548,0.5201,0.3008,0.1983,0.1598,0.3508,
1.0,0.9987,0.9674,0.9661,0.9682,0.9971,0.9945,0.9903,0.986,0.9242,0.7352,0.9283,0.9071,0.8367,0.7993,0.8541,0.6826,0.8249,0.9421,0.7804,0.61,0.9562,0.726,0.6193,0.6093,0.6172,0.8559,0.567,0.6191,0.7833,0.5079,0.556,0.3923,0.5943,0.685,0.5829,0.5243,0.3251,0.4762,0.2614,0.5232,0.3125,0.2105,0.1612,0.3565,
1.0,0.9986,0.9684,0.967,0.9702,0.9969,0.9943,0.9916,0.9859,0.9247,0.7438,0.9313,0.909,0.8441,0.8098,0.8574,0.6919,0.8297,0.9402,0.7849,0.6142,0.9514,0.7191,0.6265,0.6002,0.6238,0.8552,0.5704,0.6236,0.7857,0.5101,0.5584,0.3855,0.5891,0.6807,0.5817,0.5273,0.319,0.4776,0.2739,0.534,0.3097,0.2151,0.1668,0.3668,
1.0,0.999,0.9708,0.9698,0.97,0.9979,0.9957,0.9914,0.9857,0.9221,0.7322,0.9347,0.9071,0.838,0.8011,0.8584,0.6862,0.823,0.9386,0.7835,0.6037,0.9513,0.7151,0.6198,0.6005,0.6051,0.8586,0.565,0.6188,0.7843,0.5069,0.555,0.3904,0.5925,0.6768,0.5764,0.5082,0.3184,0.4842,0.2489,0.5293,0.3159,0.2163,0.1607,0.3554,
1.0,0.998,0.9699,0.9679,0.9732,0.9969,0.9938,0.9901,0.9838,0.9275,0.7458,0.9361,0.9119,0.8415,0.8056,0.8641,0.6902,0.8268,0.9381,0.794,0.6125,0.9543,0.7251,0.6251,0.6057,0.618,0.8561,0.5613,0.6278,0.7911,0.5107,0.5493,0.3978,0.6026,0.6784,0.5834,0.5143,0.3117,0.4888,0.2601,0.5322,0.3197,0.2054,0.1637,0.3645,
1.0,0.9984,0.9694,0.9678,0.9681,0.9967,0.9942,0.991,0.9842,0.926,0.7315,0.9287,0.9081,0.8345,0.7954,0.8558,0.6799,0.8196,0.9389,0.7817,0.6128,0.9531,0.7282,0.6245,0.6093,0.6108,0.8535,0.5597,0.6231,0.7843,0.5074,0.5459,0.3939,0.5874,0.6688,0.5809,0.5201,0.3152,0.4666,0.2615,0.5133,0.3088,0.2079,0.1682,0.3432,
1.0,0.9987,0.9694,0.9681,0.9688,0.9972,0.995,0.9892,0.9829,0.9226,0.7389,0.9309,0.9063,0.8448,0.805,0.8547,0.6899,0.8312,0.9402,0.7814,0.6118,0.9499,0.7209,0.625,0.6018,0.6202,0.8562,0.5704,0.6155,0.7802,0.497,0.5609,0.3842,0.5903,0.6825,0.5763,0.5192,0.3143,0.4714,0.2549,0.5297,0.3025,0.2108,0.1661,0.3471,
1.0,0.999,0.9672,0.9662,0.9709,0.9967,0.9951,0.9901,0.9844,0.925,0.7376,0.9322,0.9085,0.8406,0.8016,0.8596,0.6895,0.8269,0.9434,0.7926,0.613,0.9502,0.7198,0.6238,0.6068,0.6161,0.8641,0.5762,0.6177,0.7806,0.5081,0.5476,0.3908,0.5851,0.6755,0.5808,0.5254,0.3213,0.4923,0.2554,0.5354,0.316,0.2104,0.1686,0.3582,
1.0,0.999,0.969,0.968,0.9693,0.9979,0.996,0.9907,0.9843,0.9234,0.7349,0.9326,0.9084,0.8372,0.7998,0.8579,0.6895,0.8244,0.9409,0.7886,0.6066,0.9547,0.7181,0.6172,0.6041,0.6146,0.8607,0.5665,0.6195,0.7807,0.5048,0.5502,0.388,0.5962,0.6811,0.5835,0.5216,0.3185,0.4912,0.2602,0.5347,0.3154,0.2111,0.1657,0.3583,
1.0,0.9989,0.9663,0.9652,0.9708,0.998,0.9959,0.9906,0.9851,0.925,0.7394,0.931,0.9107,0.8395,0.7988,0.8578,0.6792,0.8261,0.9414,0.7784,0.6111,0.9515,0.7229,0.6199,0.6084,0.6163,0.856,0.5661,0.6219,0.7804,0.509,0.5537,0.3964,0.5891,0.676,0.5832,0.5189,0.325,0.4802,0.2581,0.528,0.3153,0.2105,0.1668,0.3525,
1.0,0.9983,0.9702,0.9685,0.9671,0.9978,0.9953,0.9891,0.984,0.9229,0.7355,0.9315,0.9078,0.8414,0.8046,0.855,0.6846,0.83,0.9409,0.7789,0.6115,0.9559,0.7186,0.6222,0.6016,0.6156,0.8533,0.5693,0.6128,0.7786,0.5078,0.5598,0.3908,0.5963,0.6874,0.5756,0.5231,0.3177,0.4834,0.2547,0.538,0.3163,0.2107,0.1583,0.3504,
1.0,0.9989,0.9695,0.9684,0.9715,0.9985,0.9968,0.9907,0.9838,0.9243,0.7359,0.9333,0.9084,0.8371,0.7924,0.8578,0.6826,0.8232,0.942,0.7828,0.6066,0.9579,0.7248,0.622,0.6199,0.6121,0.8629,0.5661,0.624,0.786,0.5057,0.5521,0.3959,0.608,0.683,0.588,0.5175,0.318,0.4986,0.2569,0.5337,0.3178,0.2072,0.162,0.3583,
1.0,0.9985,0.9689,0.9674,0.9687,0.9974,0.995,0.9899,0.9842,0.9179,0.7293,0.9311,0.9021,0.838,0.7988,0.8509,0.68,0.8254,0.9442,0.774,0.6093,0.9542,0.7203,0.6255,0.6114,0.6124,0.8546,0.5639,0.6238,0.7736,0.5025,0.5559,0.3936,0.6009,0.6815,0.5803,0.5199,0.3186,0.4811,0.2618,0.5243,0.3102,0.2078,0.1641,0.3564,
1.0,0.9992,0.9677,0.9669,0.9677,0.9967,0.9953,0.9923,0.9872,0.9244,0.7362,0.9303,0.9103,0.8381,0.8029,0.8557,0.6884,0.8265,0.939,0.7858,0.6071,0.9573,0.7301,0.6156,0.606,0.6066,0.8656,0.5668,0.6184,0.7863,0.51,0.5467,0.385,0.5891,0.6808,0.579,0.5223,0.32,0.4824,0.2604,0.5304,0.314,0.2161,0.1513,0.3596,
1.0,0.9991,0.9682,0.9673,0.9686,0.9972,0.995,0.991,0.9852,0.9278,0.7405,0.9315,0.9129,0.8402,0.8037,0.8606,0.6871,0.8266,0.94,0.7866,0.613,0.9555,0.7278,0.6212,0.6093,0.6167,0.8578,0.5688,0.6249,0.7815,0.5094,0.5525,0.3952,0.5999,0.6782,0.587,0.5262,0.3209,0.4784,0.2661,0.5271,0.3166,0.2145,0.1584,0.3622,
1.0,0.9989,0.9669,0.9658,0.9696,0.9974,0.9958,0.9909,0.985,0.9227,0.7409,0.9305,0.9078,0.8457,0.807,0.8535,0.6897,0.8326,0.9388,0.7802,0.6099,0.9525,0.7202,0.6251,0.5961,0.6148,0.8587,0.5695,0.6146,0.7857,0.5107,0.5543,0.3864,0.5926,0.6715,0.5799,0.5271,0.3204,0.4762,0.2625,0.5178,0.3128,0.2071,0.1626,0.3525,
1.0,0.9993,0.9699,0.9692,0.9707,0.9978,0.9965,0.9922,0.9876,0.9223,0.7463,0.9347,0.9084,0.8483,0.8133,0.8587,0.6964,0.8363,0.9407,0.7811,0.6126,0.9559,0.7164,0.6285,0.605,0.623,0.8556,0.5748,0.6144,0.7818,0.5054,0.5647,0.3866,0.5912,0.6818,0.5762,0.5187,0.3137,0.4747,0.2545,0.5237,0.3091,0.213,0.1591,0.3518,
1.0,0.9982,0.966,0.9642,0.9702,0.9975,0.9951,0.9904,0.9862,0.9248,0.7353,0.9301,0.9108,0.8345,0.8016,0.8578,0.6842,0.8231,0.94,0.7891,0.608,0.9518,0.7245,0.6132,0.6046,0.6085,0.8623,0.5635,0.6256,0.7894,0.5091,0.5476,0.3873,0.5976,0.6782,0.583,0.5125,0.3102,0.4787,0.2618,0.5311,0.3193,0.2095,0.1541,0.3614,
1.0,0.9987,0.9707,0.9694,0.9723,0.9978,0.9955,0.9895,0.9843,0.9253,0.7385,0.9383,0.9104,0.8389,0.7993,0.8643,0.6862,0.8256,0.9409,0.787,0.6148,0.9536,0.7314,0.6328,0.6217,0.6188,0.8597,0.5676,0.6308,0.7834,0.5073,0.5594,0.3952,0.595,0.6797,0.593,0.5227,0.3193,0.4851,0.264,0.5343,0.3116,0.208,0.1692,0.3516,
1.0,0.9978,0.9678,0.9656,0.9674,0.9981,0.9948,0.989,0.9835,0.9235,0.7357,0.9272,0.9075,0.842,0.8004,0.8519,0.6897,0.8295,0.9397,0.7812,0.6148,0.9513,0.7246,0.6247,0.6049,0.6182,0.8593,0.569,0.6212,0.7807,0.4976,0.5548,0.3922,0.5886,0.6634,0.5771,0.5128,0.3115,0.4813,0.2599,0.5209,0.303,0.2025,0.1606,0.3525,
1.0,0.9987,0.9679,0.9666,0.9745,0.9968,0.9944,0.9899,0.9842,0.9293,0.7435,0.9345,0.9114,0.8395,0.7985,0.865,0.6835,0.8252,0.9377,0.79,0.6163,0.9517,0.7318,0.6304,0.6085,0.617,0.8557,0.5653,0.6248,0.7896,0.5113,0.5467,0.3952,0.5831,0.6652,0.585,0.521,0.313,0.4774,0.2656,0.5257,0.3193,0.2063,0.1706,0.35,
1.0,0.9987,0.9672,0.9659,0.9705,0.998,0.9958,0.9904,0.9857,0.9219,0.7316,0.93,0.9063,0.8335,0.7949,0.8529,0.6808,0.8209,0.9409,0.7828,0.611,0.9525,0.7228,0.6246,0.6082,0.6034,0.8551,0.5637,0.6259,0.7805,0.5007,0.5462,0.3888,0.5884,0.6725,0.5875,0.5225,0.3051,0.4803,0.2642,0.5257,0.3077,0.2023,0.1635,0.3512,
1.0,0.9991,0.9679,0.967,0.9684,0.9973,0.995,0.9881,0.9837,0.9262,0.7393,0.9299,0.9076,0.8401,0.8016,0.858,0.6822,0.8279,0.9428,0.7827,0.6116,0.9516,0.7219,0.6181,0.6101,0.6191,0.8536,0.5677,0.6198,0.7841,0.5079,0.5546,0.3901,0.5969,0.677,0.5865,0.5218,0.3162,0.4834,0.2616,0.5168,0.3165,0.2019,0.1587,0.3589,
1.0,0.999,0.968,0.967,0.9716,0.998,0.9957,0.9907,0.9861,0.9214,0.7343,0.9339,0.9066,0.837,0.803,0.8571,0.6854,0.8239,0.9386,0.7838,0.6004,0.9478,0.7144,0.6173,0.6023,0.6139,0.8592,0.5636,0.6126,0.7862,0.5035,0.551,0.3924,0.583,0.6666,0.5698,0.5162,0.3209,0.4708,0.2588,0.5184,0.3145,0.2101,0.1553,0.3488,
1.0,0.9988,0.9669,0.9657,0.9695,0.9971,0.9952,0.99,0.9851,0.9212,0.7387,0.9299,0.905,0.8435,0.8035,0.8532,0.6878,0.8316,0.9433,0.7793,0.6186,0.9507,0.7207,0.6296,0.6115,0.6177,0.8582,0.5774,0.6183,0.7792,0.5129,0.5576,0.4024,0.5912,0.6761,0.5802,0.515,0.3275,0.4848,0.2562,0.5294,0.3207,0.2086,0.1639,0.3567,
1.0,0.9993,0.9696,0.9689,0.9692,0.9973,0.9947,0.988,0.984,0.9218,0.731,0.9324,0.9028,0.8372,0.7977,0.8549,0.678,0.8238,0.941,0.7763,0.6145,0.9491,0.7244,0.6295,0.6133,0.6117,0.8501,0.5635,0.6231,0.7766,0.5027,0.5533,0.3901,0.5889,0.6759,0.5844,0.5139,0.3156,0.4681,0.2611,0.5162,0.3094,0.2058,0.1588,0.3485,
1.0,0.9991,0.9665,0.9656,0.9694,0.9972,0.9958,0.9926,0.9879,0.9261,0.733,0.9308,0.9136,0.8302,0.7973,0.8588,0.6807,0.8191,0.944,0.7891,0.6069,0.9548,0.7251,0.6133,0.6034,0.6102,0.8601,0.5644,0.6188,0.7878,0.5104,0.5418,0.382,0.5814,0.672,0.5831,0.5188,0.3102,0.4752,0.2578,0.5274,0.305,0.2031,0.1534,0.3446,
1.0,0.9989,0.9637,0.9626,0.9726,0.997,0.9952,0.9899,0.9844,0.9231,0.7328,0.9294,0.9058,0.8337,0.7949,0.8538,0.6701,0.8193,0.9386,0.7804,0.603,0.952,0.7146,0.6122,0.6001,0.6093,0.849,0.5563,0.6196,0.781,0.5046,0.5422,0.3779,0.5859,0.6799,0.5823,0.5242,0.3059,0.473,0.2543,0.5261,0.3125,0.21,0.1573,0.3523,
1.0,0.9994,0.9676,0.967,0.971,0.9968,0.9946,0.9905,0.9862,0.9231,0.7374,0.9318,0.9053,0.8412,0.8029,0.8551,0.6872,0.8285,0.9417,0.7819,0.6073,0.9534,0.7187,0.6216,0.6043,0.6161,0.8553,0.5739,0.6139,0.7857,0.5094,0.5584,0.3867,0.5963,0.6799,0.5773,0.5215,0.3195,0.4794,0.257,0.523,0.3162,0.2067,0.1604,0.3606,
1.0,0.9993,0.9688,0.9681,0.969,0.9978,0.9959,0.9901,0.9848,0.9211,0.7288,0.932,0.9051,0.836,0.7964,0.8549,0.6748,0.8248,0.9405,0.7727,0.6049,0.9536,0.7205,0.6205,0.6083,0.6068,0.8498,0.5593,0.6223,0.774,0.4944,0.5491,0.3892,0.6012,0.6744,0.5718,0.5148,0.3141,0.4786,0.2525,0.5248,0.3079,0.1986,0.1655,0.3541,
1.0,0.9987,0.9692,0.9679,0.9718,0.9972,0.995,0.9905,0.9821,0.9228,0.7368,0.9336,0.9064,0.8406,0.7995,0.8578,0.6839,0.8241,0.939,0.7834,0.6227,0.9532,0.7296,0.6378,0.6206,0.6212,0.8561,0.5755,0.6287,0.7852,0.5081,0.5609,0.3963,0.591,0.6721,0.5914,0.518,0.3188,0.4808,0.2626,0.5265,0.3144,0.2076,0.1747,0.3501,
1.0,0.9995,0.9689,0.9684,0.972,0.9965,0.9951,0.9922,0.9869,0.9169,0.7319,0.9351,0.9013,0.8378,0.8005,0.8535,0.6889,0.825,0.9411,0.7831,0.6001,0.9531,0.7123,0.6206,0.6026,0.6061,0.8642,0.5649,0.6031,0.7738,0.4955,0.5414,0.3867,0.5805,0.6693,0.565,0.5143,0.3138,0.4859,0.2474,0.5293,0.3022,0.1986,0.1583,0.3573,
1.0,0.999,0.967,0.966,0.9704,0.9972,0.9954,0.9918,0.9861,0.928,0.7395,0.9324,0.9144,0.8383,0.8041,0.8605,0.6905,0.8267,0.9444,0.7962,0.6183,0.9534,0.7267,0.6266,0.6042,0.6209,0.863,0.571,0.6268,0.7864,0.5115,0.5504,0.3879,0.5962,0.677,0.5817,0.5221,0.3178,0.4841,0.2707,0.5322,0.3157,0.2154,0.1607,0.3645,
1.0,0.9986,0.9663,0.9649,0.9662,0.997,0.9946,0.9907,0.985,0.925,0.7392,0.926,0.9097,0.8446,0.8056,0.8528,0.6902,0.8305,0.9396,0.7828,0.6143,0.9526,0.7267,0.6168,0.5979,0.6149,0.8596,0.5694,0.6206,0.7806,0.4955,0.5528,0.3722,0.587,0.6726,0.5809,0.5189,0.3144,0.4748,0.2648,0.519,0.3035,0.2065,0.1589,0.356,
1.0,0.9992,0.9678,0.967,0.9694,0.9976,0.9963,0.9908,0.9843,0.9229,0.7339,0.9305,0.9068,0.8393,0.8002,0.8536,0.6843,0.8252,0.9416,0.7793,0.61,0.9502,0.7129,0.6241,0.5991,0.6118,0.8544,0.5692,0.6173,0.7832,0.5086,0.5603,0.3862,0.5982,0.6801,0.5752,0.5223,0.3172,0.4802,0.2583,0.5304,0.3188,0.2117,0.1703,0.3528,
1.0,0.9987,0.9694,0.9681,0.971,0.9977,0.9954,0.9903,0.9851,0.9246,0.7322,0.9336,0.9089,0.8333,0.7954,0.8599,0.6757,0.8204,0.9402,0.7817,0.606,0.9527,0.721,0.6196,0.6035,0.6075,0.8482,0.562,0.6235,0.7855,0.511,0.5493,0.3842,0.5876,0.6787,0.58,0.5163,0.3123,0.4731,0.2521,0.5219,0.3147,0.2088,0.1632,0.3441,
1.0,0.9989,0.9665,0.9654,0.9719,0.9967,0.9942,0.9904,0.985,0.9258,0.7409,0.9324,0.9093,0.8378,0.8017,0.8594,0.6815,0.8242,0.939,0.7866,0.6062,0.9514,0.7206,0.6186,0.6087,0.622,0.8534,0.57,0.6169,0.7917,0.5099,0.5572,0.3899,0.5879,0.6686,0.576,0.5189,0.319,0.4706,0.2597,0.5188,0.311,0.2048,0.1581,0.3437,
1.0,0.9992,0.9665,0.9657,0.9686,0.9976,0.9961,0.9911,0.9855,0.9243,0.7337,0.9291,0.9092,0.8367,0.7996,0.8535,0.6843,0.8231,0.9398,0.7853,0.6056,0.9514,0.7191,0.6176,0.6069,0.6147,0.8589,0.5728,0.6233,0.7876,0.5031,0.5575,0.3878,0.5951,0.6761,0.5806,0.5221,0.3146,0.4842,0.2586,0.5341,0.3108,0.2111,0.1643,0.3525,
1.0,0.9985,0.9662,0.9647,0.9697,0.9968,0.9939,0.9889,0.9853,0.9268,0.7388,0.9292,0.9091,0.8367,0.8008,0.858,0.6835,0.8248,0.9412,0.7877,0.6103,0.9527,0.7214,0.6156,0.603,0.6178,0.8562,0.5629,0.6128,0.7772,0.5016,0.543,0.3859,0.589,0.6714,0.5793,0.512,0.3099,0.4742,0.2517,0.5235,0.3078,0.2066,0.1571,0.3519,
1.0,0.9995,0.9671,0.9666,0.9667,0.9965,0.9952,0.9906,0.9857,0.9245,0.7341,0.9272,0.9062,0.836,0.7968,0.8539,0.6814,0.8234,0.9375,0.7777,0.6114,0.9507,0.727,0.6192,0.6073,0.6071,0.8532,0.5619,0.6201,0.7785,0.505,0.5421,0.3859,0.5789,0.6639,0.5828,0.5099,0.3142,0.4651,0.2593,0.5185,0.3033,0.2012,0.1595,0.3452,
1.0,0.9996,0.9647,0.9643,0.9691,0.9972,0.9958,0.9904,0.9848,0.9235,0.7372,0.9281,0.9072,0.8412,0.8043,0.8537,0.6837,0.8287,0.9413,0.7807,0.6154,0.9534,0.7264,0.6254,0.6083,0.6131,0.8545,0.5697,0.6257,0.7853,0.509,0.5533,0.3838,0.5917,0.6813,0.5897,0.516,0.3155,0.4919,0.2598,0.5354,0.3199,0.2081,0.1623,0.3645,
1.0,0.9989,0.9679,0.9668,0.9714,0.9968,0.9947,0.9918,0.9858,0.9216,0.7359,0.9329,0.9065,0.8379,0.799,0.8554,0.6789,0.8243,0.943,0.7791,0.6163,0.9553,0.7288,0.6284,0.6154,0.6139,0.8527,0.566,0.6257,0.7833,0.5114,0.5543,0.3954,0.5938,0.6782,0.5941,0.5233,0.3145,0.483,0.2641,0.5212,0.3203,0.214,0.1645,0.3549,
1.0,0.9991,0.9666,0.9657,0.9701,0.9973,0.9951,0.99,0.9847,0.925,0.7406,0.931,0.9093,0.8415,0.8041,0.8567,0.682,0.8278,0.9376,0.781,0.6157,0.9515,0.7302,0.6267,0.619,0.622,0.8557,0.574,0.6261,0.7861,0.5107,0.5556,0.4025,0.5943,0.662,0.5866,0.5168,0.3253,0.4837,0.2644,0.5162,0.3174,0.2092,0.1709,0.3532,
1.0,0.9988,0.9672,0.966,0.9697,0.9971,0.9944,0.9886,0.9836,0.9205,0.7297,0.9312,0.9033,0.8349,0.7953,0.8521,0.6776,0.8213,0.9395,0.7798,0.6037,0.9518,0.7198,0.618,0.6036,0.6077,0.854,0.558,0.6163,0.7761,0.5001,0.5453,0.3859,0.594,0.6749,0.5821,0.5275,0.3164,0.4754,0.2586,0.5228,0.3031,0.2025,0.1684,0.348,
1.0,0.9993,0.9682,0.9675,0.9701,0.9973,0.9957,0.989,0.9823,0.9177,0.7292,0.9312,0.899,0.8392,0.7997,0.8503,0.683,0.8251,0.9379,0.7768,0.603,0.9518,0.7103,0.6185,0.605,0.6157,0.8507,0.568,0.6086,0.7729,0.5028,0.5557,0.3905,0.587,0.6733,0.5737,0.5122,0.3175,0.4742,0.2452,0.5188,0.3117,0.2097,0.1605,0.3502,
1.0,0.9981,0.9699,0.968,0.9703,0.9983,0.9956,0.99,0.9848,0.9291,0.7432,0.933,0.914,0.8419,0.8034,0.8619,0.6928,0.8295,0.9423,0.7909,0.6158,0.9559,0.728,0.6244,0.6112,0.6225,0.8597,0.5724,0.6328,0.7914,0.5072,0.5594,0.3864,0.6038,0.6805,0.5941,0.5257,0.3138,0.4827,0.2711,0.5245,0.3102,0.2093,0.1636,0.3569,
1.0,0.9987,0.9677,0.9664,0.9691,0.9979,0.9959,0.9904,0.9848,0.9212,0.7429,0.9297,0.9053,0.8476,0.8079,0.8523,0.6937,0.8332,0.94,0.7806,0.6203,0.9523,0.7221,0.63,0.6077,0.621,0.8621,0.5769,0.6168,0.7824,0.5072,0.5573,0.3903,0.5899,0.6768,0.5819,0.5262,0.3221,0.4802,0.2606,0.5236,0.3126,0.2118,0.1618,0.3584,
1.0,0.9987,0.97,0.9687,0.9704,0.9981,0.9955,0.9903,0.9843,0.9202,0.7356,0.933,0.9039,0.8406,0.8016,0.8547,0.686,0.8268,0.943,0.7773,0.6131,0.9554,0.7163,0.6294,0.6053,0.6166,0.8521,0.5703,0.6182,0.779,0.5059,0.5548,0.3882,0.5903,0.6776,0.5787,0.5211,0.3143,0.4688,0.2558,0.5091,0.3103,0.2068,0.158,0.3519,
1.0,0.9996,0.9673,0.9669,0.9673,0.9972,0.9954,0.9903,0.9858,0.9201,0.733,0.9298,0.9045,0.8397,0.8034,0.8515,0.6857,0.826,0.9411,0.7788,0.6112,0.9525,0.7217,0.6221,0.6107,0.612,0.8574,0.5725,0.6209,0.7764,0.4993,0.5528,0.3855,0.5907,0.6711,0.5857,0.528,0.3181,0.4682,0.2607,0.5174,0.3024,0.2028,0.1631,0.3477,
1.0,0.9988,0.9657,0.9645,0.9696,0.9972,0.9953,0.9912,0.9861,0.9234,0.741,0.9289,0.9082,0.8419,0.8035,0.8533,0.6883,0.8295,0.9427,0.7812,0.6136,0.9515,0.7168,0.6207,0.5993,0.6163,0.8583,0.5716,0.6142,0.7805,0.5024,0.5541,0.3791,0.5802,0.6765,0.5774,0.5228,0.3182,0.477,0.256,0.5304,0.305,0.2039,0.1619,0.3527,
1.0,0.9986,0.9673,0.9659,0.9688,0.9975,0.9951,0.9901,0.9849,0.9221,0.7347,0.9291,0.9062,0.8398,0.8012,0.8528,0.6848,0.8272,0.9398,0.7798,0.6096,0.9525,0.721,0.6217,0.6021,0.6061,0.8578,0.5594,0.6236,0.7775,0.5005,0.5453,0.3772,0.5895,0.6732,0.5744,0.5193,0.3139,0.4777,0.2673,0.5313,0.3104,0.2078,0.1525,0.3551,
1.0,0.9994,0.9649,0.9643,0.9727,0.9969,0.9954,0.9907,0.9843,0.9248,0.7381,0.9317,0.9083,0.8389,0.8013,0.8592,0.6819,0.8256,0.9419,0.788,0.6204,0.9536,0.7319,0.6316,0.6164,0.6202,0.8574,0.5699,0.6268,0.7907,0.5,0.5551,0.3849,0.5879,0.6767,0.5885,0.5229,0.3134,0.4721,0.2675,0.5137,0.302,0.2081,0.162,0.3535,
1.0,0.9983,0.969,0.9673,0.9715,0.9971,0.9946,0.9901,0.9843,0.9229,0.7407,0.9338,0.908,0.8413,0.8027,0.8591,0.6826,0.8276,0.9391,0.7806,0.6141,0.9559,0.7253,0.6276,0.6112,0.6171,0.8522,0.5658,0.6278,0.7812,0.5036,0.5582,0.3926,0.5937,0.6887,0.5825,0.5204,0.3089,0.4788,0.2669,0.5308,0.3065,0.2141,0.1627,0.3552,
1.0,0.9989,0.9676,0.9665,0.9699,0.9969,0.9948,0.9903,0.9844,0.9218,0.7252,0.9308,0.9048,0.8306,0.7906,0.8535,0.6771,0.8171,0.9411,0.7833,0.601,0.9535,0.725,0.6141,0.6184,0.6087,0.8615,0.5649,0.6194,0.7806,0.5027,0.5469,0.394,0.5986,0.678,0.583,0.5254,0.3242,0.4856,0.2567,0.5295,0.3154,0.2063,0.1686,0.3498,
1.0,0.9992,0.9674,0.9666,0.9664,0.997,0.995,0.9913,0.9867,0.9285,0.7376,0.9282,0.9139,0.8368,0.7985,0.8577,0.6785,0.8242,0.9426,0.7793,0.6131,0.9529,0.7267,0.6195,0.6016,0.6093,0.855,0.5614,0.6231,0.7801,0.5018,0.5491,0.3837,0.5964,0.6776,0.5895,0.5231,0.3207,0.472,0.2589,0.5194,0.3115,0.2109,0.1603,0.353,
1.0,0.9991,0.9682,0.9673,0.9703,0.9976,0.996,0.9909,0.9863,0.9278,0.7409,0.9324,0.9121,0.8399,0.8018,0.8612,0.6857,0.8283,0.9432,0.7856,0.6132,0.9529,0.7256,0.6214,0.6013,0.6117,0.8563,0.5632,0.6254,0.7854,0.5149,0.5509,0.3892,0.5939,0.6797,0.5905,0.5273,0.3266,0.4854,0.2647,0.528,0.3167,0.2184,0.1669,0.3561,
1.0,0.9987,0.9716,0.9703,0.9713,0.9969,0.9946,0.9919,0.986,0.9202,0.7356,0.9364,0.9052,0.8403,0.8033,0.8574,0.6846,0.8266,0.9443,0.7767,0.6112,0.9558,0.7205,0.63,0.6118,0.6194,0.853,0.5657,0.6207,0.779,0.4973,0.5575,0.391,0.6016,0.6816,0.5833,0.528,0.3138,0.4825,0.2562,0.5189,0.3065,0.2076,0.1752,0.3561,
1.0,0.9984,0.9693,0.9677,0.9654,0.998,0.9951,0.9901,0.9838,0.9239,0.7298,0.9285,0.91,0.8357,0.7972,0.8546,0.6811,0.8194,0.9384,0.7791,0.6133,0.9512,0.7315,0.6203,0.6135,0.6092,0.8593,0.5697,0.6292,0.7832,0.4952,0.5544,0.3872,0.5873,0.672,0.5878,0.5132,0.3159,0.4774,0.2609,0.5262,0.2988,0.1988,0.1654,0.3442,
1.0,0.9989,0.9688,0.9677,0.9693,0.9976,0.9952,0.9904,0.9852,0.9256,0.7359,0.9313,0.9102,0.8389,0.801,0.8584,0.6873,0.8259,0.9407,0.785,0.6105,0.9533,0.7224,0.6235,0.6036,0.6103,0.8569,0.565,0.6282,0.7823,0.5141,0.5503,0.3911,0.6004,0.6812,0.5835,0.5194,0.3206,0.4799,0.2596,0.5247,0.3238,0.2095,0.1615,0.3586,
1.0,0.999,0.9686,0.9676,0.9651,0.9978,0.9964,0.9917,0.9853,0.9243,0.7296,0.9281,0.9105,0.8327,0.7978,0.854,0.6787,0.8187,0.939,0.7782,0.6051,0.9565,0.7259,0.6133,0.603,0.6082,0.8537,0.5627,0.6197,0.7809,0.505,0.5479,0.3865,0.5937,0.6747,0.5844,0.5239,0.3119,0.48,0.2571,0.5234,0.3026,0.2017,0.1606,0.3444,
1.0,0.9988,0.9693,0.9681,0.9681,0.9984,0.9961,0.9902,0.9856,0.9271,0.742,0.9326,0.9132,0.8423,0.8047,0.8609,0.692,0.8295,0.9375,0.789,0.6207,0.9537,0.7297,0.6276,0.6105,0.6175,0.859,0.575,0.6345,0.7821,0.5,0.5528,0.3979,0.5902,0.6727,0.5907,0.5191,0.317,0.4791,0.2676,0.525,0.3097,0.2055,0.1682,0.357,
1.0,0.9987,0.9679,0.9666,0.9677,0.9974,0.9951,0.99,0.9858,0.9243,0.7383,0.9281,0.9076,0.8414,0.8025,0.8539,0.6881,0.8287,0.9416,0.78,0.6116,0.9537,0.7231,0.6216,0.6082,0.6152,0.857,0.5716,0.6217,0.7808,0.4974,0.5602,0.3838,0.5983,0.6852,0.5917,0.5254,0.3197,0.479,0.2653,0.5247,0.308,0.2107,0.1616,0.3584,
1.0,0.9988,0.9654,0.9642,0.97,0.9968,0.994,0.9899,0.9832,0.9273,0.738,0.9295,0.9114,0.8395,0.7997,0.8582,0.6815,0.8241,0.9377,0.7873,0.6147,0.9496,0.7215,0.6196,0.5957,0.6132,0.8579,0.5642,0.62,0.7845,0.4935,0.5461,0.3752,0.587,0.672,0.5802,0.5214,0.3067,0.4808,0.2678,0.5273,0.3086,0.2095,0.1595,0.3524,
1.0,0.9988,0.9707,0.9695,0.9697,0.9974,0.9956,0.991,0.9852,0.9245,0.7363,0.933,0.9092,0.8397,0.7983,0.8582,0.6773,0.826,0.9408,0.7743,0.6124,0.9538,0.7239,0.629,0.6063,0.6116,0.85,0.5609,0.6193,0.7798,0.5057,0.5469,0.3946,0.5851,0.6737,0.5835,0.5136,0.3148,0.4772,0.2533,0.5169,0.3092,0.205,0.169,0.3438,
1.0,0.9993,0.9702,0.9695,0.9693,0.9972,0.9958,0.9912,0.9864,0.9253,0.7381,0.9335,0.9095,0.8389,0.8032,0.8597,0.6899,0.8271,0.9415,0.7838,0.6138,0.9523,0.73,0.6269,0.6121,0.616,0.8585,0.5649,0.632,0.7819,0.5048,0.5491,0.3874,0.5815,0.6766,0.5839,0.5212,0.3104,0.47,0.2661,0.5218,0.3047,0.2173,0.1605,0.3551,
1.0,0.9984,0.9665,0.9649,0.9718,0.997,0.9946,0.9895,0.9848,0.9268,0.7411,0.9301,0.9089,0.8408,0.8008,0.8585,0.6857,0.8294,0.9401,0.7863,0.6101,0.9505,0.7231,0.6236,0.6072,0.6149,0.8553,0.5674,0.6231,0.7864,0.5094,0.5544,0.3947,0.5991,0.6757,0.5846,0.5175,0.318,0.4808,0.2661,0.5192,0.3177,0.2128,0.1609,0.3535,
1.0,0.9989,0.9685,0.9674,0.97,0.9981,0.9964,0.9912,0.9844,0.9226,0.7334,0.9305,0.9063,0.8393,0.8004,0.8551,0.6919,0.8249,0.9386,0.7868,0.6096,0.9593,0.7262,0.6234,0.6141,0.6147,0.8624,0.5753,0.6187,0.7826,0.5012,0.5554,0.3951,0.5977,0.6829,0.5863,0.5266,0.3115,0.4878,0.2622,0.5293,0.3152,0.2079,0.1756,0.3683,
1.0,0.999,0.9679,0.9669,0.9697,0.9974,0.9953,0.9893,0.9851,0.922,0.7331,0.9304,0.9043,0.8357,0.8001,0.8543,0.6788,0.8229,0.9398,0.7788,0.6061,0.9467,0.7147,0.6209,0.6025,0.614,0.8503,0.5562,0.6173,0.7787,0.5031,0.5485,0.3942,0.5884,0.6717,0.5773,0.5156,0.3093,0.4711,0.2604,0.5222,0.3093,0.2112,0.1644,0.3517,
1.0,0.9995,0.9676,0.9671,0.9699,0.9974,0.9958,0.9907,0.9838,0.9246,0.7334,0.9306,0.9072,0.8369,0.7948,0.8556,0.6794,0.8218,0.9391,0.7811,0.6109,0.9537,0.7268,0.6225,0.608,0.6131,0.8542,0.5688,0.6251,0.7843,0.5143,0.5523,0.3963,0.5913,0.6759,0.5864,0.5271,0.3211,0.4787,0.259,0.5256,0.323,0.215,0.1723,0.3512,
1.0,0.9987,0.9666,0.9653,0.9696,0.9971,0.9949,0.9914,0.986,0.9201,0.7346,0.9295,0.9052,0.8392,0.8031,0.8509,0.6843,0.8249,0.9367,0.7773,0.6008,0.952,0.7151,0.613,0.5968,0.6032,0.8576,0.5578,0.6162,0.7848,0.5039,0.5479,0.3809,0.5915,0.6716,0.5759,0.5155,0.3126,0.4764,0.2557,0.5187,0.3094,0.2056,0.1545,0.3537,
1.0,0.999,0.9645,0.9635,0.9724,0.9961,0.9933,0.9896,0.9852,0.9273,0.7459,0.9303,0.9088,0.8439,0.8075,0.8601,0.6884,0.8297,0.9387,0.7881,0.6149,0.9471,0.7225,0.6237,0.6029,0.6239,0.8555,0.5725,0.6216,0.7883,0.505,0.5528,0.3839,0.5832,0.6636,0.5829,0.5231,0.3138,0.4758,0.2726,0.5202,0.3082,0.2106,0.1623,0.3575,
1.0,0.9993,0.9647,0.964,0.9699,0.9975,0.9955,0.9908,0.9855,0.9221,0.73,0.9288,0.9062,0.8343,0.7948,0.8521,0.6718,0.8198,0.9364,0.7746,0.6017,0.9504,0.719,0.6116,0.6022,0.6028,0.8508,0.5569,0.6177,0.7795,0.4981,0.5391,0.3825,0.5876,0.6671,0.5762,0.508,0.3101,0.4712,0.2484,0.5111,0.3059,0.2036,0.1566,0.3467,
1.0,0.999,0.9682,0.9672,0.9687,0.9963,0.9945,0.9895,0.9843,0.9241,0.737,0.9311,0.9076,0.8396,0.7997,0.8556,0.6855,0.8277,0.9395,0.7843,0.6151,0.947,0.7262,0.6251,0.6112,0.6152,0.8577,0.5737,0.6261,0.7821,0.4958,0.5568,0.3913,0.5898,0.6698,0.5839,0.5196,0.3159,0.4734,0.2684,0.5205,0.3096,0.2103,0.1643,0.3497,
1.0,0.9985,0.9695,0.968,0.9712,0.9969,0.9944,0.99,0.9838,0.9255,0.7418,0.9342,0.9096,0.8418,0.8002,0.8626,0.6828,0.8275,0.9419,0.7814,0.6172,0.9515,0.7235,0.628,0.6055,0.6128,0.851,0.565,0.6319,0.7807,0.5023,0.554,0.385,0.5947,0.6774,0.5898,0.5151,0.3171,0.4815,0.2635,0.5294,0.3059,0.2055,0.1649,0.3541,
1.0,0.9998,0.9692,0.969,0.9706,0.9972,0.9958,0.9913,0.9854,0.9245,0.7406,0.9334,0.9074,0.8426,0.8053,0.8588,0.6861,0.8291,0.9383,0.781,0.6142,0.9521,0.7258,0.6315,0.6098,0.6141,0.8517,0.5642,0.6218,0.786,0.5054,0.5495,0.3936,0.5906,0.6651,0.5777,0.5112,0.3187,0.48,0.263,0.5188,0.307,0.208,0.1666,0.3545,
1.0,0.9989,0.9645,0.9634,0.9711,0.9973,0.9952,0.9894,0.9839,0.9234,0.7399,0.9289,0.9063,0.8451,0.8049,0.855,0.6905,0.8316,0.9404,0.7871,0.6176,0.9552,0.7263,0.625,0.6042,0.619,0.8593,0.5773,0.6157,0.7827,0.5128,0.5511,0.3903,0.5841,0.6737,0.5798,0.5357,0.3218,0.48,0.2679,0.5194,0.3128,0.2102,0.1641,0.3521,
1.0,0.9989,0.9726,0.9715,0.9731,0.9972,0.9944,0.9908,0.9875,0.9245,0.7385,0.9393,0.9086,0.8353,0.8016,0.8647,0.691,0.8225,0.937,0.7918,0.6039,0.9505,0.7251,0.6239,0.6052,0.6089,0.8628,0.5642,0.6191,0.7924,0.5149,0.5513,0.3964,0.5875,0.6758,0.5738,0.5211,0.3142,0.472,0.2621,0.5226,0.3132,0.2243,0.1659,0.3493,
1.0,0.9992,0.9684,0.9676,0.9704,0.9971,0.995,0.9901,0.984,0.9234,0.7377,0.9311,0.9061,0.8403,0.8011,0.8547,0.689,0.8271,0.94,0.7836,0.6092,0.9536,0.7179,0.6212,0.601,0.6121,0.8553,0.5636,0.6135,0.7789,0.5125,0.5451,0.3833,0.5893,0.6667,0.5778,0.5255,0.3174,0.4784,0.2597,0.5217,0.3123,0.2125,0.1537,0.3539,
1.0,0.9985,0.9688,0.9673,0.9705,0.9975,0.995,0.9895,0.9834,0.9213,0.7294,0.9331,0.9058,0.8331,0.7965,0.8548,0.6807,0.8186,0.9389,0.7826,0.6057,0.9507,0.7195,0.6185,0.6071,0.6137,0.8546,0.5559,0.611,0.7789,0.4991,0.5376,0.3962,0.5877,0.6689,0.5747,0.5183,0.3126,0.4823,0.2551,0.522,0.3109,0.1992,0.1686,0.3438,
1.0,0.9989,0.9671,0.966,0.9696,0.9978,0.9953,0.9906,0.9841,0.9253,0.7396,0.9307,0.9102,0.8406,0.7999,0.8573,0.682,0.8241,0.9365,0.7802,0.6153,0.9498,0.723,0.625,0.6016,0.6143,0.8549,0.5642,0.623,0.778,0.499,0.5527,0.3909,0.5847,0.6704,0.5828,0.513,0.3059,0.4662,0.2581,0.5204,0.3032,0.2085,0.1585,0.3418,
1.0,0.9983,0.9673,0.9656,0.9694,0.9975,0.9945,0.9888,0.9843,0.925,0.726,0.9304,0.9081,0.8284,0.7891,0.8569,0.6742,0.8169,0.943,0.784,0.6018,0.9539,0.7194,0.6108,0.599,0.6009,0.8539,0.5556,0.6166,0.7763,0.5042,0.5367,0.3822,0.5893,0.6751,0.583,0.529,0.3162,0.4793,0.2583,0.5192,0.311,0.2022,0.1642,0.3479,
1.0,0.9991,0.9658,0.9649,0.9714,0.9967,0.9946,0.9901,0.9841,0.9227,0.7348,0.9309,0.9057,0.8387,0.7999,0.8552,0.6805,0.8248,0.9375,0.7811,0.6077,0.9529,0.7249,0.6197,0.6086,0.6112,0.8517,0.5589,0.6195,0.7839,0.5035,0.5436,0.3912,0.5918,0.6704,0.5867,0.5116,0.3129,0.4821,0.2584,0.5282,0.3177,0.2032,0.1616,0.3548,
1.0,0.9989,0.968,0.9669,0.9696,0.9971,0.9954,0.9912,0.9864,0.9262,0.7406,0.9299,0.91,0.8411,0.8005,0.8571,0.6857,0.8283,0.9401,0.7797,0.6117,0.9526,0.7218,0.6238,0.6011,0.6105,0.8571,0.5657,0.6142,0.784,0.5056,0.5545,0.3844,0.5847,0.6779,0.5773,0.5197,0.3211,0.4707,0.2568,0.5194,0.3059,0.2084,0.1581,0.3504,
1.0,0.9988,0.9682,0.967,0.9731,0.9978,0.9955,0.9891,0.9836,0.9258,0.739,0.9349,0.9099,0.8389,0.7983,0.8616,0.6832,0.825,0.938,0.7888,0.6121,0.9496,0.7251,0.626,0.6087,0.6122,0.8558,0.5623,0.6254,0.7853,0.5025,0.548,0.3889,0.5903,0.671,0.5832,0.5226,0.3123,0.4839,0.2687,0.5266,0.3109,0.2087,0.1712,0.3548,
1.0,0.9988,0.9662,0.965,0.9696,0.997,0.9948,0.9898,0.985,0.9272,0.7359,0.9282,0.9087,0.8375,0.7974,0.8569,0.6823,0.8263,0.9386,0.7847,0.6078,0.9512,0.72,0.6176,0.6002,0.6098,0.8529,0.5572,0.619,0.7788,0.4992,0.542,0.3825,0.5865,0.6669,0.5759,0.5105,0.3147,0.4672,0.257,0.5124,0.3061,0.2079,0.156,0.3445,
1.0,0.9985,0.968,0.9665,0.9697,0.9971,0.9948,0.9912,0.9853,0.9233,0.7343,0.9289,0.9063,0.8338,0.7937,0.8543,0.6767,0.8201,0.9402,0.7772,0.6079,0.9544,0.7179,0.6183,0.6037,0.6113,0.8509,0.5558,0.6207,0.7781,0.5083,0.5448,0.393,0.5919,0.6806,0.5819,0.5136,0.3211,0.4736,0.2548,0.5275,0.3142,0.2116,0.1664,0.3413,
1.0,0.999,0.9675,0.9665,0.9694,0.9974,0.9953,0.9909,0.9853,0.9231,0.7351,0.9306,0.9073,0.8379,0.8003,0.8555,0.6831,0.8248,0.9435,0.7807,0.6073,0.9552,0.7183,0.6198,0.6097,0.6166,0.8526,0.569,0.6215,0.7819,0.5012,0.5509,0.3873,0.5957,0.6759,0.5842,0.525,0.3162,0.4883,0.2536,0.5266,0.3122,0.2066,0.1685,0.3559,
1.0,0.9993,0.9698,0.9691,0.9717,0.9969,0.9955,0.9929,0.9873,0.9219,0.7412,0.9349,0.9071,0.842,0.8053,0.8577,0.6871,0.8299,0.9417,0.7787,0.606,0.9561,0.7181,0.6223,0.6025,0.6157,0.8547,0.5665,0.6121,0.7866,0.5135,0.5529,0.3919,0.5915,0.6758,0.5733,0.5176,0.3286,0.4845,0.2573,0.5254,0.3214,0.2115,0.1655,0.3605,
1.0,0.9986,0.967,0.9656,0.9684,0.9966,0.9946,0.9882,0.9824,0.9241,0.731,0.9299,0.9074,0.8357,0.7967,0.856,0.6773,0.8221,0.942,0.7825,0.6079,0.9482,0.7151,0.6169,0.607,0.6184,0.8542,0.5707,0.6202,0.7755,0.4933,0.5519,0.3849,0.5963,0.6764,0.585,0.5309,0.307,0.4836,0.2621,0.53,0.3061,0.2009,0.1663,0.3493,
1.0,0.9992,0.9659,0.9651,0.9679,0.9973,0.9958,0.9913,0.9848,0.9218,0.7294,0.9284,0.9068,0.8337,0.7961,0.8506,0.6814,0.8205,0.9398,0.7816,0.6014,0.9541,0.7162,0.6114,0.5967,0.6068,0.8594,0.5649,0.6096,0.7823,0.5023,0.5447,0.3753,0.5751,0.6663,0.5692,0.5163,0.3105,0.4745,0.2547,0.5223,0.3072,0.2053,0.1485,0.3466,
1.0,0.999,0.9696,0.9686,0.9712,0.9977,0.9958,0.9912,0.9856,0.926,0.7438,0.9348,0.9116,0.8429,0.8069,0.8621,0.689,0.8291,0.9382,0.7858,0.6152,0.9519,0.7277,0.6287,0.6119,0.6232,0.8537,0.5693,0.6277,0.7877,0.509,0.5595,0.3937,0.588,0.6779,0.5819,0.5129,0.3202,0.4797,0.2703,0.5337,0.3152,0.2117,0.1662,0.3569,
1.0,0.9982,0.9677,0.9659,0.9683,0.9975,0.9951,0.9894,0.9841,0.9228,0.7387,0.9297,0.9078,0.8449,0.8067,0.854,0.6894,0.8332,0.9415,0.7837,0.6202,0.9512,0.7207,0.6281,0.6015,0.6155,0.8583,0.5711,0.6209,0.7744,0.4986,0.5513,0.3888,0.5816,0.6735,0.5821,0.5178,0.3168,0.4753,0.2605,0.5295,0.3024,0.2049,0.1587,0.3527,
1.0,0.9995,0.9667,0.9662,0.9725,0.9969,0.9958,0.9928,0.988,0.9259,0.7398,0.9326,0.9105,0.8353,0.7988,0.8595,0.6792,0.8242,0.9412,0.7841,0.6066,0.9569,0.7242,0.6183,0.6084,0.6137,0.8569,0.5644,0.6194,0.7909,0.5079,0.548,0.3868,0.5907,0.6767,0.5796,0.5249,0.3098,0.4779,0.2562,0.5244,0.3204,0.211,0.1646,0.3519,
1.0,0.9991,0.968,0.9671,0.9699,0.9977,0.9959,0.9915,0.9887,0.923,0.739,0.9314,0.9082,0.8388,0.8018,0.8559,0.6868,0.829,0.9459,0.7802,0.6123,0.9522,0.7235,0.6264,0.6125,0.614,0.8579,0.5716,0.6302,0.7817,0.5056,0.5628,0.3902,0.5963,0.6805,0.5892,0.5322,0.3236,0.4829,0.2725,0.5319,0.3103,0.2071,0.1708,0.353,
1.0,0.9993,0.9677,0.967,0.9672,0.9975,0.9959,0.991,0.9854,0.924,0.7355,0.9293,0.9082,0.8412,0.8029,0.8545,0.6873,0.8272,0.9415,0.7819,0.6158,0.9495,0.7198,0.6232,0.6047,0.6173,0.8575,0.5734,0.6265,0.7806,0.5058,0.5597,0.3873,0.5914,0.6813,0.5884,0.5237,0.3221,0.4804,0.2695,0.5271,0.3165,0.2122,0.1673,0.3533,
1.0,0.9989,0.9689,0.9678,0.9729,0.9976,0.9956,0.991,0.9854,0.9209,0.7396,0.9344,0.9047,0.8432,0.8047,0.8577,0.6886,0.83,0.9383,0.7824,0.6084,0.954,0.722,0.626,0.6115,0.6138,0.8554,0.5703,0.6172,0.7871,0.5054,0.5576,0.3978,0.5962,0.6741,0.5811,0.5207,0.3266,0.4717,0.263,0.5198,0.3169,0.211,0.1724,0.3536,
1.0,0.9983,0.9668,0.9651,0.9706,0.9972,0.9944,0.9888,0.9833,0.9209,0.7355,0.9298,0.9028,0.8419,0.8012,0.8522,0.6818,0.8291,0.9359,0.7776,0.6131,0.9539,0.725,0.6256,0.609,0.6116,0.8507,0.5556,0.6221,0.7747,0.5022,0.5464,0.3892,0.589,0.6755,0.5819,0.5108,0.3154,0.4748,0.2581,0.5209,0.3111,0.2137,0.1608,0.3562,
1.0,0.9989,0.9671,0.966,0.97,0.9963,0.9944,0.989,0.9838,0.9275,0.7386,0.9313,0.9106,0.8392,0.8,0.8594,0.6848,0.8265,0.944,0.7892,0.6124,0.9513,0.7209,0.6213,0.6014,0.617,0.8574,0.5697,0.6202,0.7833,0.5157,0.5529,0.3877,0.59,0.673,0.5832,0.5207,0.3171,0.489,0.2622,0.5264,0.3196,0.2014,0.1597,0.3535,
1.0,0.9983,0.9692,0.9675,0.9704,0.9974,0.9947,0.9886,0.9825,0.9212,0.7357,0.9331,0.9047,0.8411,0.8022,0.8559,0.6928,0.8282,0.9402,0.7866,0.61,0.9521,0.7156,0.6253,0.6056,0.6165,0.8597,0.5741,0.6165,0.7841,0.5064,0.5541,0.3839,0.5932,0.6724,0.5762,0.5209,0.3162,0.4897,0.2569,0.5343,0.3165,0.2154,0.1639,0.3606,
1.0,0.9989,0.9678,0.9667,0.9689,0.9983,0.9959,0.9909,0.9868,0.9207,0.7377,0.9307,0.9069,0.8426,0.8094,0.8526,0.6889,0.8309,0.941,0.778,0.6065,0.9584,0.7148,0.62,0.6018,0.6171,0.8542,0.5653,0.615,0.7772,0.5057,0.5544,0.389,0.5974,0.6833,0.5777,0.5237,0.3214,0.4727,0.2602,0.5329,0.3079,0.2057,0.1619,0.3604,
1.0,0.9987,0.9689,0.9676,0.9694,0.9974,0.9946,0.9893,0.9837,0.9241,0.7388,0.9325,0.908,0.8437,0.8053,0.857,0.69,0.8303,0.9448,0.7818,0.6202,0.9522,0.7247,0.6336,0.6136,0.6262,0.8563,0.5769,0.6264,0.7836,0.5143,0.5653,0.398,0.6003,0.6802,0.5899,0.5205,0.3269,0.4875,0.2673,0.5322,0.3228,0.2152,0.167,0.3648,
1.0,0.9988,0.9685,0.9673,0.9706,0.9979,0.996,0.9907,0.9852,0.9236,0.7357,0.9333,0.9089,0.8368,0.7987,0.8583,0.6832,0.823,0.9399,0.7833,0.6069,0.9555,0.72,0.6189,0.6087,0.6131,0.8575,0.5715,0.6212,0.7806,0.5067,0.5564,0.3932,0.5967,0.6856,0.5832,0.5191,0.3132,0.4836,0.2583,0.5296,0.3144,0.21,0.1624,0.3528,
1.0,0.9996,0.9695,0.9691,0.9717,0.9968,0.9955,0.9915,0.9865,0.9265,0.7398,0.9359,0.9114,0.8349,0.7994,0.864,0.6823,0.8217,0.9401,0.7882,0.6144,0.9522,0.7315,0.6272,0.6153,0.6136,0.8598,0.5656,0.6289,0.7894,0.5123,0.5453,0.3985,0.5851,0.6678,0.5874,0.5211,0.3088,0.4812,0.2627,0.5226,0.3166,0.2117,0.1694,0.3498,
1.0,0.9987,0.9648,0.9635,0.9684,0.9969,0.9945,0.9904,0.9834,0.9249,0.728,0.9263,0.9083,0.8332,0.7933,0.8524,0.6796,0.8194,0.9416,0.7875,0.6092,0.9541,0.7211,0.6165,0.6037,0.6145,0.8593,0.5675,0.6166,0.7777,0.4989,0.5515,0.3857,0.5934,0.6785,0.5839,0.5314,0.3132,0.485,0.2607,0.5324,0.3105,0.2094,0.1661,0.3616,
1.0,0.9985,0.9681,0.9666,0.9697,0.9975,0.9951,0.9885,0.9822,0.9271,0.7442,0.9305,0.9092,0.8487,0.8072,0.8588,0.6921,0.8336,0.9383,0.7873,0.6153,0.9483,0.7166,0.6234,0.5989,0.6257,0.8556,0.5786,0.6234,0.7789,0.4993,0.5619,0.3798,0.5844,0.681,0.5787,0.5215,0.3223,0.4742,0.266,0.5338,0.2978,0.2135,0.165,0.3463,
1.0,0.9994,0.9682,0.9676,0.9693,0.9975,0.9963,0.9912,0.986,0.9232,0.7337,0.9319,0.9079,0.8377,0.8002,0.8559,0.682,0.826,0.9425,0.7792,0.6051,0.9549,0.7213,0.621,0.6062,0.6102,0.8559,0.5638,0.6204,0.7819,0.5065,0.5499,0.3874,0.5926,0.675,0.5806,0.5156,0.3158,0.4847,0.2564,0.5291,0.3158,0.2089,0.1599,0.3533,
1.0,0.9992,0.9699,0.9691,0.9689,0.9977,0.9965,0.9917,0.9856,0.9248,0.7403,0.9315,0.9089,0.8415,0.8029,0.8571,0.6856,0.8286,0.9397,0.7788,0.6127,0.9528,0.7269,0.6251,0.6116,0.6163,0.8584,0.5629,0.6227,0.7864,0.5094,0.5507,0.3972,0.5949,0.6693,0.585,0.5177,0.3268,0.4821,0.262,0.5154,0.3175,0.2124,0.1652,0.3553,
1.0,0.9987,0.964,0.9627,0.9691,0.9974,0.995,0.9895,0.9847,0.9227,0.7335,0.9267,0.9064,0.838,0.802,0.8491,0.6807,0.8258,0.9379,0.7823,0.6068,0.9495,0.7227,0.6138,0.6011,0.6066,0.8533,0.5565,0.6167,0.784,0.4968,0.5422,0.3788,0.5874,0.6659,0.578,0.516,0.3061,0.478,0.2585,0.5208,0.3145,0.1986,0.1614,0.36,
1.0,0.9993,0.9687,0.968,0.9686,0.9969,0.9955,0.9902,0.9833,0.9273,0.7345,0.9316,0.9106,0.8371,0.7982,0.8588,0.6853,0.8235,0.9389,0.7878,0.6106,0.9509,0.7249,0.6172,0.5967,0.6083,0.8573,0.5598,0.6193,0.7836,0.5014,0.5408,0.3819,0.5863,0.6665,0.5802,0.5183,0.3043,0.4774,0.2589,0.5251,0.307,0.2025,0.1632,0.3509,
1.0,0.9985,0.9694,0.9679,0.9679,0.9971,0.995,0.9917,0.9854,0.9213,0.7351,0.9309,0.9073,0.8418,0.8026,0.8531,0.6849,0.8293,0.9443,0.7746,0.6153,0.9601,0.7278,0.6294,0.613,0.6151,0.854,0.5682,0.6222,0.7733,0.504,0.556,0.3917,0.5977,0.6825,0.5949,0.5271,0.3175,0.4815,0.2659,0.5203,0.3152,0.1997,0.168,0.3548,
1.0,0.999,0.9664,0.9654,0.9679,0.9979,0.996,0.9919,0.9857,0.921,0.7287,0.9301,0.909,0.8346,0.7997,0.8532,0.6767,0.8205,0.9393,0.7789,0.6026,0.9573,0.7199,0.6142,0.598,0.6055,0.8567,0.56,0.6146,0.7796,0.495,0.5522,0.3834,0.5922,0.683,0.5787,0.5242,0.3149,0.4781,0.2499,0.5306,0.3055,0.2055,0.1623,0.3488,
1.0,0.9987,0.9681,0.9668,0.9678,0.9975,0.9951,0.9903,0.9839,0.9267,0.7288,0.9293,0.9113,0.8318,0.7925,0.8571,0.6747,0.8168,0.9376,0.7802,0.6067,0.9539,0.728,0.6154,0.6082,0.6102,0.8515,0.5589,0.6254,0.7838,0.5085,0.5529,0.389,0.5925,0.6782,0.5871,0.5139,0.3135,0.4703,0.256,0.525,0.3124,0.2161,0.1618,0.347,
1.0,0.9987,0.9669,0.9656,0.9693,0.9969,0.9944,0.9906,0.9868,0.9228,0.7428,0.9291,0.9064,0.8441,0.8088,0.8535,0.6957,0.8329,0.9422,0.7836,0.6163,0.9537,0.72,0.6303,0.6097,0.6222,0.8565,0.5724,0.6221,0.7791,0.5082,0.5595,0.3971,0.5939,0.6795,0.5842,0.5253,0.3154,0.4904,0.2713,0.5287,0.3186,0.2067,0.1644,0.3701,
1.0,0.9992,0.9721,0.9713,0.9704,0.9979,0.9963,0.9894,0.9838,0.9194,0.7341,0.9363,0.9031,0.8388,0.8021,0.8569,0.689,0.8251,0.9428,0.7817,0.6161,0.9485,0.7153,0.6322,0.6101,0.6149,0.8517,0.5651,0.621,0.775,0.4934,0.5554,0.3858,0.5912,0.6833,0.5866,0.5233,0.3035,0.4694,0.2574,0.5244,0.3025,0.1994,0.1699,0.3451,
1.0,0.9993,0.9653,0.9646,0.9699,0.9979,0.9965,0.9907,0.9842,0.919,0.7328,0.9283,0.9031,0.8388,0.7975,0.848,0.6846,0.8244,0.9368,0.7797,0.6088,0.9511,0.7165,0.622,0.6032,0.6083,0.8592,0.5659,0.6151,0.7748,0.498,0.5449,0.39,0.5927,0.6705,0.5792,0.5216,0.3128,0.4812,0.2625,0.5308,0.3097,0.208,0.1624,0.3522,
1.0,0.9987,0.9688,0.9675,0.9672,0.9974,0.9954,0.9896,0.984,0.9202,0.7309,0.9285,0.9026,0.8398,0.7989,0.8501,0.6866,0.8272,0.944,0.7789,0.6096,0.9491,0.7141,0.623,0.6122,0.6176,0.8573,0.5801,0.6157,0.7788,0.4989,0.5597,0.3929,0.5872,0.6695,0.5766,0.5201,0.3256,0.4837,0.2595,0.5277,0.3108,0.1984,0.1675,0.3552,
1.0,0.999,0.969,0.968,0.9706,0.9966,0.9948,0.9897,0.9833,0.9276,0.7439,0.9338,0.9112,0.8434,0.8051,0.8616,0.6873,0.8298,0.9385,0.7868,0.6189,0.9473,0.7265,0.6308,0.6027,0.6194,0.8528,0.5645,0.6221,0.7828,0.5018,0.5438,0.3879,0.5879,0.6652,0.5835,0.5121,0.3079,0.4768,0.2592,0.5158,0.3138,0.2063,0.1621,0.3549,
1.0,0.9989,0.9681,0.967,0.9692,0.9983,0.9963,0.9898,0.9853,0.9187,0.7366,0.9314,0.9037,0.8431,0.8056,0.8514,0.6898,0.8306,0.944,0.7796,0.6199,0.9527,0.7245,0.6313,0.6093,0.6116,0.8585,0.5726,0.6245,0.7772,0.5037,0.5561,0.3932,0.5947,0.6812,0.5883,0.527,0.3195,0.4839,0.2638,0.5316,0.307,0.2083,0.1687,0.3608,
1.0,0.9989,0.9697,0.9686,0.9697,0.9973,0.9954,0.9905,0.9846,0.9222,0.734,0.932,0.9059,0.8376,0.7985,0.8546,0.6815,0.825,0.9392,0.7796,0.6108,0.9548,0.7216,0.6227,0.6071,0.6102,0.852,0.5604,0.6174,0.7789,0.5003,0.5471,0.3902,0.5952,0.6733,0.5767,0.5122,0.3085,0.4847,0.2526,0.5238,0.3142,0.2035,0.1635,0.3623,
1.0,0.9985,0.9678,0.9663,0.9699,0.9981,0.9955,0.9889,0.9839,0.9255,0.7336,0.9305,0.9085,0.8368,0.7966,0.8566,0.6858,0.8239,0.9402,0.7841,0.6098,0.9524,0.7222,0.6205,0.6093,0.6116,0.8587,0.5689,0.6204,0.7839,0.5047,0.5478,0.3817,0.5877,0.6705,0.5882,0.5272,0.3093,0.476,0.261,0.5201,0.3147,0.2063,0.1634,0.348,
1.0,0.999,0.9684,0.9674,0.9692,0.9977,0.9951,0.9883,0.9831,0.9256,0.7366,0.9301,0.9068,0.8406,0.7983,0.856,0.6843,0.8269,0.9388,0.7844,0.6154,0.9529,0.7291,0.6256,0.6045,0.6128,0.8527,0.5663,0.6229,0.7771,0.4977,0.5509,0.3864,0.5862,0.6826,0.5834,0.5252,0.3114,0.4736,0.2685,0.5241,0.3036,0.2139,0.1624,0.3536,
1.0,0.9986,0.9675,0.9661,0.9684,0.9972,0.9947,0.9891,0.9844,0.9207,0.7403,0.9296,0.9041,0.8459,0.8072,0.852,0.6896,0.834,0.9446,0.7775,0.6183,0.9511,0.7197,0.63,0.6052,0.622,0.8581,0.5757,0.6157,0.7782,0.503,0.5637,0.3878,0.5911,0.6836,0.5791,0.5273,0.3229,0.4835,0.2636,0.528,0.3156,0.2128,0.1637,0.3668,
1.0,0.9988,0.9672,0.966,0.9728,0.9976,0.9954,0.9902,0.9846,0.9196,0.7358,0.9345,0.9055,0.8399,0.801,0.8547,0.6855,0.8248,0.9398,0.7839,0.6076,0.9523,0.714,0.6236,0.5999,0.6105,0.8577,0.5676,0.6145,0.7812,0.5072,0.5502,0.3871,0.5832,0.6762,0.583,0.5203,0.3156,0.4737,0.2547,0.5243,0.3092,0.2111,0.1603,0.3576,
1.0,0.9988,0.9692,0.968,0.9708,0.9968,0.9947,0.9901,0.9844,0.9255,0.7393,0.9327,0.9085,0.8396,0.7981,0.8588,0.6858,0.8272,0.9477,0.7839,0.6177,0.9494,0.7216,0.6317,0.6099,0.6229,0.8541,0.574,0.6275,0.7814,0.5065,0.5603,0.3895,0.5932,0.681,0.5902,0.5229,0.3206,0.4848,0.2656,0.5306,0.3108,0.2091,0.1712,0.3615,
1.0,0.9989,0.9671,0.966,0.965,0.9979,0.9961,0.9909,0.9862,0.921,0.7314,0.9253,0.9057,0.8392,0.8015,0.8475,0.6826,0.8272,0.94,0.7722,0.6099,0.9546,0.7238,0.6201,0.6075,0.6037,0.8558,0.5606,0.6214,0.7781,0.4923,0.5456,0.3816,0.5886,0.6814,0.5828,0.5237,0.313,0.4823,0.2606,0.527,0.3081,0.2063,0.1673,0.3532,
1.0,0.9988,0.9679,0.9667,0.9689,0.9971,0.9951,0.9903,0.9848,0.9235,0.7343,0.9306,0.9085,0.8393,0.8004,0.8553,0.6874,0.8264,0.9389,0.7862,0.6057,0.9505,0.7184,0.6174,0.5995,0.6101,0.8609,0.5662,0.615,0.7813,0.4938,0.5487,0.3768,0.5799,0.6719,0.5713,0.5201,0.3098,0.4746,0.2593,0.5318,0.299,0.2024,0.1597,0.3511,
1.0,0.9995,0.9675,0.967,0.9706,0.9974,0.9957,0.9919,0.9882,0.9259,0.7448,0.931,0.9101,0.8418,0.8071,0.8581,0.69,0.8296,0.9413,0.7844,0.6155,0.9532,0.7258,0.627,0.6104,0.6181,0.852,0.5667,0.6247,0.7867,0.505,0.5527,0.3904,0.5868,0.6793,0.5914,0.5184,0.3177,0.4718,0.2685,0.5249,0.3139,0.2112,0.1644,0.3524,
1.0,0.9992,0.9682,0.9674,0.9718,0.9974,0.9957,0.9897,0.9846,0.9243,0.7356,0.9335,0.9073,0.8361,0.7994,0.859,0.6768,0.8235,0.9411,0.7817,0.6038,0.9494,0.7197,0.62,0.6091,0.6182,0.8489,0.5615,0.6203,0.783,0.5071,0.5517,0.3969,0.5944,0.6791,0.58,0.5025,0.3208,0.4805,0.249,0.5242,0.3172,0.2084,0.1638,0.3509,
1.0,0.9989,0.9683,0.9672,0.9706,0.9976,0.9953,0.9912,0.9853,0.9258,0.7436,0.9342,0.9124,0.8443,0.8062,0.8611,0.6915,0.829,0.94,0.7901,0.6193,0.95,0.7244,0.6274,0.6036,0.6181,0.8625,0.5745,0.6279,0.7836,0.5013,0.5593,0.3846,0.5874,0.6742,0.579,0.5208,0.3174,0.4723,0.2681,0.5341,0.3025,0.2007,0.1664,0.3522,
1.0,0.9989,0.968,0.9669,0.9669,0.9978,0.9958,0.9909,0.9843,0.92,0.7332,0.9274,0.9042,0.8402,0.7991,0.8494,0.6889,0.826,0.9386,0.7778,0.6083,0.9516,0.7171,0.6207,0.603,0.6107,0.8597,0.5685,0.6156,0.7713,0.4937,0.5444,0.3899,0.5909,0.6731,0.5825,0.5243,0.3177,0.4773,0.2591,0.5317,0.3016,0.2058,0.1648,0.3448,
1.0,0.9985,0.97,0.9685,0.9696,0.9971,0.995,0.9905,0.9855,0.922,0.7368,0.9331,0.9069,0.8408,0.8034,0.8558,0.6864,0.8296,0.9426,0.7787,0.6049,0.952,0.7165,0.6229,0.604,0.6141,0.8557,0.5655,0.6197,0.7786,0.4977,0.5563,0.3854,0.5902,0.6814,0.5825,0.5224,0.3164,0.4807,0.2601,0.5312,0.309,0.2103,0.1639,0.3561,
1.0,0.9987,0.9713,0.97,0.9681,0.997,0.9947,0.9918,0.9856,0.9262,0.727,0.9321,0.9106,0.8293,0.7931,0.8589,0.6789,0.8152,0.9432,0.7865,0.6068,0.9528,0.7232,0.6193,0.6048,0.6051,0.856,0.5558,0.622,0.7791,0.5033,0.5406,0.3876,0.5901,0.6759,0.5806,0.5277,0.3089,0.4694,0.2611,0.5223,0.3021,0.2148,0.1614,0.3472,
1.0,0.9987,0.9674,0.9661,0.9694,0.9971,0.9951,0.9905,0.9853,0.9234,0.738,0.9311,0.9084,0.8402,0.8036,0.8551,0.6839,0.8285,0.9414,0.7804,0.6174,0.95,0.7224,0.627,0.6015,0.6155,0.8497,0.5652,0.6196,0.7811,0.5076,0.5505,0.3911,0.5868,0.6697,0.5804,0.5188,0.3154,0.4673,0.2642,0.5198,0.3112,0.2089,0.1648,0.3466,
1.0,0.9988,0.967,0.9658,0.9694,0.9964,0.9943,0.9914,0.9858,0.9231,0.7352,0.9297,0.9071,0.8394,0.8038,0.8537,0.686,0.8262,0.9392,0.785,0.613,0.9486,0.7275,0.624,0.6134,0.6154,0.8584,0.568,0.6273,0.784,0.5037,0.5516,0.3966,0.585,0.6707,0.585,0.5181,0.3181,0.4756,0.2659,0.5203,0.3117,0.209,0.1645,0.3531,
1.0,0.9984,0.9662,0.9646,0.9696,0.9974,0.9946,0.9897,0.9849,0.9232,0.7362,0.9281,0.9064,0.8388,0.8013,0.8524,0.6825,0.8257,0.9441,0.7818,0.6179,0.9533,0.7301,0.6266,0.613,0.6195,0.8553,0.5698,0.6269,0.7821,0.5004,0.5493,0.3839,0.5893,0.6754,0.5871,0.5239,0.3184,0.4788,0.2584,0.5258,0.3006,0.2037,0.1673,0.3526,
1.0,0.9994,0.9691,0.9685,0.9712,0.9976,0.996,0.9917,0.986,0.9232,0.7359,0.9329,0.9076,0.8367,0.7967,0.858,0.6812,0.824,0.9382,0.7775,0.6083,0.9565,0.7214,0.6259,0.6129,0.6088,0.8513,0.5646,0.6211,0.7791,0.5032,0.5443,0.3912,0.5872,0.67,0.5837,0.519,0.3135,0.4764,0.2521,0.5272,0.3118,0.2063,0.1724,0.3497,
1.0,0.9986,0.9708,0.9694,0.9686,0.9974,0.9949,0.9906,0.9852,0.9247,0.7455,0.9333,0.9096,0.8491,0.8127,0.8588,0.6966,0.8352,0.9389,0.7835,0.6201,0.9529,0.7216,0.6289,0.6067,0.6258,0.8571,0.579,0.6248,0.7873,0.5116,0.5685,0.3863,0.5897,0.6785,0.5811,0.5144,0.3196,0.4711,0.2664,0.5252,0.3127,0.2107,0.1608,0.3538,
1.0,0.9989,0.9663,0.9652,0.9706,0.9977,0.9956,0.9895,0.9835,0.9205,0.7335,0.9308,0.9047,0.8408,0.8014,0.8534,0.6831,0.8266,0.9387,0.7805,0.6071,0.9518,0.7207,0.6239,0.6117,0.6138,0.8574,0.5712,0.6228,0.7812,0.4987,0.5559,0.387,0.6043,0.6785,0.5815,0.5171,0.3181,0.4786,0.2612,0.5212,0.3082,0.2059,0.1593,0.3599,
1.0,0.9988,0.9642,0.963,0.9683,0.998,0.996,0.9912,0.9864,0.9185,0.7277,0.9254,0.9029,0.8339,0.7954,0.8454,0.6709,0.8234,0.9464,0.7703,0.6082,0.9601,0.7204,0.6172,0.6013,0.6055,0.8519,0.5562,0.6132,0.7749,0.4964,0.5444,0.3846,0.5959,0.6852,0.5825,0.5281,0.3137,0.4795,0.2525,0.5217,0.3048,0.2003,0.1666,0.3511,
1.0,0.9995,0.9679,0.9674,0.9703,0.9967,0.9956,0.9924,0.9868,0.9168,0.7211,0.9315,0.9006,0.8269,0.7912,0.8484,0.6766,0.8141,0.942,0.7775,0.5887,0.9548,0.712,0.6069,0.6051,0.6025,0.8562,0.5584,0.6067,0.7838,0.5029,0.5414,0.3825,0.5872,0.6713,0.5707,0.517,0.3079,0.477,0.2408,0.5241,0.3054,0.2036,0.1579,0.348,
1.0,0.9986,0.9672,0.9658,0.9696,0.9983,0.996,0.9905,0.9847,0.9231,0.7393,0.9302,0.9087,0.8407,0.8024,0.8541,0.685,0.8268,0.9396,0.7816,0.6145,0.9572,0.7278,0.6232,0.6143,0.614,0.8557,0.5663,0.6257,0.7806,0.5061,0.5481,0.3844,0.5931,0.6692,0.5928,0.527,0.3107,0.4867,0.2652,0.5212,0.3133,0.207,0.1643,0.3581,
1.0,0.9992,0.968,0.9672,0.9705,0.9971,0.9959,0.9898,0.9834,0.9215,0.7404,0.9327,0.9048,0.8459,0.8049,0.8551,0.6866,0.8326,0.943,0.7797,0.6183,0.9535,0.7314,0.6339,0.6183,0.6238,0.8567,0.5761,0.6268,0.7821,0.5084,0.5637,0.4015,0.5938,0.6834,0.5873,0.5272,0.3281,0.4791,0.2628,0.5292,0.3133,0.2113,0.1677,0.3553,
1.0,0.9991,0.967,0.9661,0.9684,0.9969,0.995,0.9899,0.9844,0.9249,0.7375,0.9277,0.9069,0.8425,0.8039,0.8542,0.6902,0.8299,0.9396,0.7862,0.6151,0.9519,0.7271,0.6253,0.6101,0.6188,0.8579,0.5708,0.6194,0.7841,0.5064,0.5545,0.3929,0.5919,0.6724,0.5895,0.5241,0.3208,0.4777,0.2605,0.5232,0.3128,0.2129,0.1672,0.3553,
1.0,0.9984,0.9667,0.9651,0.9691,0.9972,0.9947,0.9912,0.9851,0.9232,0.7372,0.9297,0.9097,0.8389,0.8017,0.8548,0.6866,0.8246,0.9399,0.7839,0.6106,0.9539,0.7195,0.6213,0.6064,0.6183,0.8615,0.5748,0.6217,0.7832,0.5059,0.5574,0.3889,0.5856,0.6722,0.5837,0.5207,0.3212,0.4798,0.2604,0.5265,0.308,0.205,0.1615,0.3492,
1.0,0.999,0.9701,0.9691,0.9733,0.9974,0.9958,0.9915,0.9855,0.9277,0.7456,0.9382,0.9142,0.8427,0.8035,0.8671,0.6861,0.8307,0.9415,0.7861,0.617,0.9554,0.7278,0.6308,0.6151,0.6194,0.8576,0.5742,0.6261,0.7933,0.5155,0.5585,0.394,0.5979,0.6826,0.5937,0.5256,0.3254,0.4875,0.2614,0.5341,0.3235,0.2148,0.1716,0.3569,
1.0,0.9981,0.9708,0.9689,0.9696,0.9974,0.9942,0.9912,0.9863,0.9213,0.7392,0.9336,0.9077,0.8432,0.8068,0.8561,0.6921,0.8298,0.9422,0.7795,0.6138,0.9549,0.7201,0.6284,0.6074,0.614,0.8604,0.5705,0.623,0.782,0.5022,0.5587,0.3801,0.5918,0.6801,0.5796,0.5276,0.3188,0.4781,0.261,0.5294,0.3127,0.2044,0.1624,0.3618,
1.0,0.9992,0.9633,0.9625,0.9699,0.997,0.9951,0.9908,0.9853,0.9227,0.7358,0.927,0.9065,0.8376,0.7983,0.8516,0.6763,0.8249,0.9393,0.7784,0.6063,0.9499,0.7184,0.6149,0.5999,0.6097,0.8552,0.562,0.6125,0.7798,0.5007,0.5454,0.3881,0.5887,0.6684,0.575,0.5169,0.3184,0.4768,0.2517,0.5242,0.3104,0.203,0.16,0.3549,
1.0,0.9993,0.9693,0.9686,0.9693,0.9979,0.9967,0.9928,0.9883,0.9234,0.7361,0.9333,0.9101,0.8359,0.8028,0.8576,0.6857,0.8257,0.946,0.7829,0.6119,0.9594,0.7272,0.6231,0.6118,0.6122,0.8595,0.5621,0.6208,0.7805,0.5033,0.5519,0.3895,0.5957,0.6834,0.5892,0.5341,0.3153,0.4859,0.2619,0.5306,0.3103,0.2069,0.1675,0.3548,
1.0,0.9989,0.9699,0.9688,0.9695,0.9971,0.9949,0.9905,0.9851,0.9245,0.7377,0.9323,0.9076,0.8396,0.8011,0.8576,0.6904,0.8261,0.9387,0.7862,0.6095,0.9547,0.7213,0.6257,0.6061,0.6145,0.8589,0.5683,0.6193,0.7826,0.5032,0.5555,0.387,0.5952,0.6803,0.5811,0.5182,0.3141,0.4838,0.2623,0.5276,0.3131,0.2109,0.1623,0.3614,
1.0,0.9988,0.9679,0.9667,0.9695,0.9966,0.9943,0.9898,0.9838,0.9259,0.7361,0.9301,0.9079,0.8385,0.7976,0.8568,0.6794,0.8238,0.9397,0.7815,0.6096,0.9505,0.7206,0.6192,0.6025,0.6141,0.8533,0.5678,0.6199,0.7858,0.5111,0.5532,0.3854,0.5919,0.6653,0.5821,0.5146,0.3165,0.4822,0.2578,0.5201,0.3127,0.2054,0.1596,0.3535,
1.0,0.9987,0.9673,0.966,0.9675,0.998,0.996,0.9916,0.9856,0.9261,0.7377,0.927,0.9109,0.8408,0.8025,0.8542,0.6859,0.8276,0.9401,0.7824,0.613,0.9568,0.7223,0.6213,0.6011,0.6141,0.8589,0.5679,0.6188,0.7845,0.5113,0.5512,0.3865,0.5897,0.6739,0.5819,0.5262,0.3174,0.4759,0.2658,0.5188,0.3176,0.2084,0.1673,0.3537,
1.0,0.999,0.9698,0.9688,0.9718,0.9975,0.9953,0.9907,0.986,0.9265,0.7467,0.9353,0.9105,0.8435,0.807,0.8632,0.6874,0.8303,0.9401,0.7828,0.6137,0.9531,0.7203,0.6252,0.6005,0.6218,0.8511,0.5655,0.6241,0.7844,0.5102,0.5593,0.3915,0.597,0.6904,0.5816,0.5143,0.3145,0.4754,0.2589,0.5269,0.3194,0.2195,0.1646,0.3633,
1.0,0.9984,0.9649,0.9633,0.9698,0.9967,0.9943,0.9903,0.9844,0.9239,0.7383,0.9277,0.9066,0.8421,0.8009,0.8535,0.6766,0.8283,0.9434,0.7737,0.6168,0.9536,0.7247,0.6264,0.6087,0.6149,0.8483,0.5647,0.6247,0.7809,0.5093,0.5546,0.3909,0.5914,0.6764,0.589,0.5086,0.3184,0.4798,0.2564,0.5196,0.317,0.2084,0.1607,0.3564,
1.0,0.9985,0.9673,0.9658,0.9714,0.9973,0.9948,0.9908,0.9855,0.9259,0.7365,0.9327,0.9117,0.8363,0.7982,0.8595,0.6829,0.8231,0.9384,0.7886,0.6102,0.9521,0.7262,0.618,0.6013,0.6079,0.8587,0.5574,0.6203,0.7833,0.4972,0.5393,0.3855,0.5868,0.6743,0.5794,0.5149,0.308,0.478,0.2598,0.5269,0.3072,0.2039,0.158,0.3537,
1.0,0.9988,0.9656,0.9644,0.969,0.997,0.9947,0.9898,0.9859,0.9279,0.7366,0.9276,0.9107,0.8363,0.7993,0.8569,0.6806,0.8245,0.9436,0.785,0.6085,0.9495,0.7181,0.6158,0.5987,0.6154,0.85,0.5664,0.6202,0.7858,0.5163,0.5527,0.3854,0.5857,0.6747,0.5852,0.5206,0.3175,0.4769,0.2628,0.5257,0.319,0.2116,0.1645,0.3553,
1.0,0.9993,0.9669,0.9662,0.9687,0.9974,0.9954,0.99,0.9842,0.9227,0.7305,0.9303,0.9066,0.8356,0.7971,0.8544,0.6762,0.8212,0.9383,0.7792,0.6081,0.9501,0.7196,0.617,0.6031,0.6074,0.8511,0.5613,0.6168,0.775,0.5017,0.543,0.3836,0.5851,0.6723,0.5772,0.5114,0.3135,0.4744,0.2507,0.5273,0.308,0.2031,0.163,0.3473,
1.0,0.9992,0.9673,0.9665,0.97,0.9977,0.9957,0.9912,0.9867,0.9232,0.7376,0.9318,0.9092,0.8384,0.8025,0.8552,0.6866,0.826,0.9418,0.7825,0.6128,0.9553,0.7267,0.6263,0.6165,0.6151,0.8571,0.5729,0.6322,0.7869,0.5072,0.5524,0.3887,0.5966,0.6769,0.5875,0.5143,0.3215,0.4838,0.2641,0.5237,0.318,0.2062,0.1629,0.3593,
1.0,0.9992,0.97,0.9692,0.9692,0.9974,0.9956,0.9907,0.9862,0.922,0.7296,0.9331,0.9056,0.834,0.7964,0.8562,0.6807,0.822,0.9407,0.7794,0.5991,0.9508,0.7135,0.615,0.6031,0.6055,0.852,0.5556,0.62,0.7765,0.499,0.5476,0.3875,0.5928,0.6753,0.5759,0.5126,0.3109,0.4761,0.2554,0.5241,0.3087,0.2082,0.1602,0.3482,
1.0,0.9988,0.971,0.9698,0.968,0.9981,0.9963,0.9907,0.9843,0.9221,0.7343,0.9334,0.9079,0.8425,0.8039,0.8578,0.6889,0.8294,0.942,0.7791,0.6141,0.9548,0.7174,0.6282,0.6052,0.6137,0.8549,0.576,0.6229,0.7794,0.5054,0.561,0.3914,0.5921,0.6739,0.5874,0.5296,0.3195,0.4784,0.2631,0.518,0.3118,0.2019,0.1729,0.3522,
1.0,0.9988,0.9652,0.964,0.9687,0.9974,0.9947,0.9902,0.985,0.9226,0.7388,0.9273,0.906,0.8424,0.8012,0.8501,0.6833,0.8279,0.9403,0.7771,0.6094,0.9511,0.7157,0.6172,0.6,0.6119,0.8555,0.5645,0.6165,0.7727,0.4906,0.552,0.38,0.5961,0.6778,0.5831,0.5254,0.3088,0.4805,0.2622,0.5293,0.3072,0.1994,0.1598,0.3652,
1.0,0.9986,0.97,0.9686,0.9725,0.9972,0.9941,0.9894,0.9842,0.9248,0.7388,0.9352,0.9072,0.8397,0.8019,0.8608,0.6841,0.8243,0.9407,0.784,0.6113,0.9511,0.7183,0.6237,0.6045,0.6188,0.8508,0.5598,0.6172,0.7839,0.5175,0.5432,0.3961,0.5934,0.6742,0.5841,0.5167,0.32,0.4803,0.2529,0.5181,0.3204,0.2121,0.1689,0.3516,
1.0,0.9992,0.9652,0.9644,0.9692,0.9977,0.9961,0.9904,0.9854,0.9222,0.738,0.9269,0.905,0.8422,0.8025,0.8499,0.6868,0.8289,0.9336,0.7803,0.6113,0.9488,0.7194,0.6225,0.6018,0.6052,0.855,0.5611,0.6179,0.7767,0.4884,0.5425,0.38,0.5827,0.6662,0.5793,0.5157,0.3094,0.4696,0.2659,0.5231,0.298,0.2015,0.162,0.3464,
1.0,0.9989,0.9658,0.9647,0.9695,0.9978,0.9958,0.9896,0.9851,0.9245,0.738,0.9283,0.9075,0.8407,0.7999,0.8538,0.6839,0.8286,0.9438,0.7822,0.611,0.9494,0.719,0.6217,0.6036,0.6147,0.8555,0.5654,0.6186,0.7742,0.4895,0.5571,0.3805,0.5815,0.6765,0.5793,0.5244,0.316,0.4687,0.2642,0.5191,0.2993,0.1995,0.1671,0.3513,
1.0,0.9987,0.9647,0.9634,0.9706,0.9967,0.9944,0.9903,0.9838,0.9273,0.734,0.9277,0.9097,0.8331,0.7922,0.856,0.6711,0.8194,0.9354,0.7848,0.6062,0.9569,0.727,0.6115,0.6074,0.6106,0.8528,0.5512,0.6148,0.7807,0.5039,0.5359,0.3926,0.5882,0.6714,0.5806,0.5179,0.3134,0.4832,0.2628,0.5222,0.3169,0.2071,0.1699,0.3528,
1.0,0.9987,0.9693,0.968,0.9695,0.9966,0.9946,0.9911,0.9855,0.9246,0.7323,0.9309,0.9076,0.8334,0.7958,0.8568,0.6815,0.8207,0.9446,0.7836,0.6095,0.9507,0.718,0.6232,0.6061,0.6196,0.8535,0.5656,0.6172,0.779,0.5107,0.5494,0.395,0.5873,0.6708,0.5848,0.5266,0.3161,0.4701,0.263,0.5194,0.3097,0.2111,0.1711,0.3373,
1.0,0.9991,0.9638,0.9629,0.9711,0.9975,0.9955,0.9915,0.9858,0.9218,0.7377,0.9282,0.9064,0.8394,0.8015,0.8506,0.6833,0.8252,0.9434,0.7827,0.6119,0.9519,0.7175,0.6225,0.5993,0.616,0.8587,0.5685,0.6123,0.7799,0.4939,0.5478,0.3749,0.5819,0.6691,0.577,0.5257,0.3122,0.4737,0.2633,0.5205,0.3018,0.1946,0.1652,0.3538,
1.0,0.9986,0.965,0.9636,0.97,0.9978,0.9954,0.9892,0.9842,0.9231,0.7338,0.927,0.9054,0.8397,0.8013,0.8518,0.6875,0.8273,0.9422,0.7852,0.6066,0.9497,0.721,0.6182,0.6014,0.6127,0.8596,0.5648,0.6175,0.7818,0.4951,0.5491,0.3861,0.5925,0.6722,0.579,0.5269,0.3163,0.4821,0.2632,0.5227,0.3073,0.1993,0.1653,0.3529,
1.0,0.9988,0.9659,0.9647,0.9702,0.9976,0.9954,0.99,0.9861,0.9197,0.7368,0.9301,0.9039,0.8418,0.8015,0.8504,0.6842,0.829,0.9397,0.7778,0.6066,0.95,0.7158,0.6196,0.6021,0.6096,0.8559,0.5715,0.6177,0.7785,0.5055,0.5562,0.3858,0.5931,0.6792,0.5807,0.523,0.3189,0.4791,0.265,0.5217,0.3091,0.2118,0.1615,0.352,
1.0,0.9991,0.967,0.9661,0.9718,0.9981,0.9965,0.9926,0.9865,0.926,0.7435,0.9331,0.9129,0.841,0.8053,0.8605,0.6902,0.8282,0.9383,0.7864,0.6143,0.9558,0.7275,0.6228,0.6034,0.6132,0.8628,0.563,0.6186,0.7911,0.5061,0.5437,0.3894,0.5824,0.6679,0.5772,0.5189,0.3181,0.4795,0.2654,0.5245,0.314,0.2058,0.165,0.3512,
1.0,0.9993,0.9651,0.9644,0.9722,0.9973,0.9952,0.9912,0.9852,0.9218,0.7372,0.9309,0.9068,0.8385,0.8008,0.8544,0.6802,0.8238,0.9383,0.7816,0.6068,0.9518,0.715,0.6195,0.6038,0.6157,0.8528,0.5685,0.6096,0.7817,0.4991,0.5529,0.3908,0.5841,0.6684,0.5738,0.5163,0.3118,0.4704,0.2553,0.5171,0.3105,0.2044,0.1605,0.3551,
1.0,0.9987,0.9663,0.965,0.9691,0.9979,0.9957,0.9903,0.9845,0.923,0.7352,0.9283,0.9071,0.8378,0.8004,0.853,0.683,0.8249,0.9404,0.7822,0.612,0.9509,0.7199,0.622,0.6047,0.6122,0.8562,0.5615,0.6202,0.7766,0.4988,0.5467,0.3878,0.5921,0.6736,0.5821,0.521,0.3094,0.4833,0.268,0.5392,0.3052,0.211,0.1622,0.3578,
1.0,0.9989,0.9697,0.9686,0.9673,0.9969,0.9946,0.9906,0.985,0.925,0.7375,0.9301,0.908,0.8416,0.8024,0.8571,0.6859,0.8283,0.9434,0.779,0.6173,0.9532,0.7266,0.6289,0.6084,0.6168,0.8541,0.5755,0.6314,0.7809,0.5092,0.557,0.3922,0.5945,0.6759,0.5872,0.5276,0.3217,0.4773,0.2706,0.5225,0.3143,0.2178,0.1647,0.3578,
1.0,0.9988,0.9662,0.965,0.9688,0.9975,0.995,0.9907,0.9872,0.9195,0.7326,0.9292,0.905,0.8379,0.8052,0.8503,0.6882,0.8267,0.9416,0.783,0.6142,0.9509,0.7233,0.6263,0.6096,0.6059,0.8578,0.5645,0.6286,0.778,0.4988,0.5458,0.3831,0.5915,0.6698,0.5881,0.5172,0.305,0.4728,0.2703,0.517,0.305,0.2054,0.1511,0.3502,
1.0,0.9985,0.9697,0.9682,0.9684,0.9977,0.9951,0.9899,0.9845,0.9239,0.7354,0.9321,0.9094,0.8406,0.8028,0.8576,0.6834,0.8285,0.9416,0.7804,0.6157,0.9521,0.7243,0.6255,0.6043,0.6125,0.8541,0.5651,0.6244,0.7816,0.5038,0.5532,0.3861,0.5923,0.6779,0.5798,0.5147,0.3184,0.4837,0.2575,0.5318,0.3131,0.2084,0.1592,0.3554,
1.0,0.9991,0.9638,0.9629,0.9689,0.9982,0.9964,0.9914,0.9858,0.927,0.7442,0.9264,0.9122,0.8434,0.808,0.8552,0.6884,0.8297,0.9416,0.7862,0.6134,0.951,0.7179,0.6176,0.5911,0.6216,0.86,0.5708,0.6107,0.7932,0.5093,0.5496,0.386,0.5882,0.6692,0.5709,0.5177,0.3204,0.4835,0.2584,0.5256,0.3181,0.2041,0.159,0.3571,
1.0,0.999,0.9667,0.9657,0.9679,0.9972,0.9951,0.9893,0.9838,0.9243,0.7397,0.9286,0.9073,0.8433,0.805,0.854,0.6891,0.8293,0.94,0.7832,0.6139,0.9515,0.7237,0.6221,0.5999,0.6177,0.8595,0.5694,0.6168,0.7816,0.506,0.5519,0.3884,0.5856,0.6763,0.5793,0.5222,0.3155,0.4773,0.2581,0.5279,0.3139,0.2109,0.153,0.3563,
1.0,0.9981,0.9711,0.9692,0.9702,0.9959,0.9932,0.9895,0.9827,0.9262,0.7372,0.934,0.9095,0.8388,0.7965,0.8611,0.6785,0.8239,0.9389,0.7801,0.6122,0.9512,0.7251,0.6234,0.6051,0.6148,0.851,0.5643,0.62,0.7809,0.5042,0.5546,0.3872,0.5839,0.6772,0.582,0.5255,0.3098,0.4694,0.2603,0.5284,0.3064,0.2027,0.1644,0.3477,
1.0,0.9993,0.9694,0.9687,0.9706,0.9975,0.9957,0.9912,0.9864,0.9206,0.7369,0.9349,0.9067,0.8392,0.8014,0.8573,0.6832,0.8262,0.9416,0.7791,0.6157,0.9519,0.7267,0.6301,0.613,0.6113,0.858,0.5728,0.6274,0.7827,0.5035,0.5549,0.3941,0.5884,0.6779,0.589,0.5339,0.3186,0.4752,0.2685,0.5254,0.3123,0.2121,0.175,0.3542,
1.0,0.9986,0.9631,0.9617,0.9682,0.9974,0.9942,0.989,0.9836,0.9213,0.7257,0.925,0.905,0.8313,0.7924,0.8474,0.6743,0.815,0.936,0.7821,0.6009,0.9526,0.715,0.6084,0.6032,0.6026,0.8526,0.5602,0.6198,0.7733,0.4916,0.5382,0.372,0.5828,0.6726,0.5814,0.5201,0.3015,0.4844,0.257,0.5296,0.3051,0.1977,0.1601,0.3541,
1.0,0.9989,0.9689,0.9678,0.9696,0.9976,0.9957,0.9895,0.9839,0.9196,0.7314,0.9331,0.9035,0.8371,0.7998,0.8541,0.6846,0.824,0.9412,0.7814,0.6042,0.9533,0.7146,0.6202,0.604,0.6124,0.8564,0.5658,0.6206,0.7758,0.5006,0.555,0.3843,0.6018,0.6811,0.5756,0.5228,0.312,0.482,0.2607,0.5259,0.3048,0.2033,0.1623,0.3617,
1.0,0.9991,0.9657,0.9648,0.9675,0.9977,0.9961,0.9912,0.984,0.9221,0.7286,0.9254,0.9056,0.8355,0.7942,0.8487,0.6802,0.8214,0.9394,0.7793,0.6057,0.954,0.72,0.6166,0.599,0.6044,0.8599,0.5623,0.6123,0.7808,0.4991,0.5442,0.3796,0.5901,0.6724,0.5783,0.5286,0.3175,0.4803,0.2606,0.525,0.3093,0.2065,0.1683,0.3503,
1.0,0.9991,0.9721,0.9712,0.9685,0.9963,0.9942,0.9892,0.9835,0.9255,0.7297,0.9342,0.9068,0.8339,0.7949,0.8613,0.6785,0.8205,0.9412,0.782,0.6135,0.9548,0.7308,0.627,0.6102,0.6069,0.8516,0.5523,0.6311,0.7791,0.5112,0.5466,0.384,0.593,0.6845,0.5882,0.5193,0.3093,0.4808,0.2611,0.5284,0.3167,0.213,0.1605,0.3513,
1.0,0.9987,0.9684,0.9671,0.9722,0.997,0.9947,0.9912,0.9861,0.9208,0.7336,0.9343,0.9059,0.8345,0.7992,0.8565,0.6829,0.8209,0.9416,0.7831,0.6024,0.9537,0.7148,0.6186,0.6027,0.6089,0.8551,0.5586,0.6134,0.78,0.5145,0.5498,0.3848,0.5829,0.6715,0.5765,0.521,0.3208,0.4765,0.2539,0.5229,0.3129,0.2123,0.1652,0.3479,
1.0,0.9987,0.971,0.9697,0.97,0.9975,0.9952,0.9907,0.9853,0.9226,0.7397,0.9343,0.9071,0.8435,0.8047,0.8582,0.6926,0.8299,0.9382,0.78,0.611,0.955,0.7248,0.6292,0.6149,0.6157,0.8583,0.5724,0.6285,0.7806,0.4982,0.5614,0.3923,0.6,0.6873,0.5888,0.529,0.3145,0.4743,0.2736,0.5224,0.3071,0.209,0.1604,0.3558,
1.0,0.9988,0.9683,0.9671,0.966,0.9977,0.9954,0.991,0.9859,0.9224,0.7318,0.9279,0.9069,0.8383,0.8014,0.8514,0.6861,0.8249,0.9416,0.7809,0.6104,0.9534,0.7216,0.621,0.6044,0.611,0.8581,0.5643,0.6229,0.7769,0.5037,0.5491,0.3855,0.5875,0.6771,0.5866,0.5177,0.3161,0.4747,0.2552,0.5243,0.3071,0.2114,0.1556,0.3548,
1.0,0.9981,0.9717,0.9698,0.9674,0.9964,0.9931,0.9891,0.9841,0.9254,0.7328,0.9329,0.9091,0.839,0.8007,0.8594,0.6882,0.8259,0.9432,0.7861,0.613,0.9509,0.7228,0.6258,0.6085,0.6127,0.856,0.5716,0.6245,0.7779,0.4982,0.5552,0.3791,0.59,0.6804,0.5923,0.5317,0.3163,0.4762,0.2641,0.5286,0.3093,0.211,0.1623,0.3495,
1.0,0.9991,0.9677,0.9668,0.9662,0.9967,0.9949,0.9905,0.9853,0.9258,0.733,0.9259,0.9069,0.8371,0.7966,0.854,0.6838,0.8233,0.9414,0.7814,0.6076,0.9506,0.72,0.617,0.6034,0.6153,0.8562,0.5673,0.6161,0.7775,0.5034,0.5529,0.3894,0.5962,0.6867,0.5837,0.529,0.316,0.4812,0.2563,0.5287,0.3125,0.2138,0.1651,0.3567,
1.0,0.9988,0.9676,0.9664,0.9695,0.9971,0.9948,0.9907,0.9847,0.9264,0.7394,0.9315,0.9113,0.8408,0.8028,0.86,0.6831,0.8268,0.94,0.786,0.6126,0.9546,0.722,0.6203,0.6058,0.6165,0.8576,0.5672,0.6211,0.7834,0.5089,0.5466,0.387,0.5896,0.6726,0.5842,0.5213,0.3199,0.4791,0.2631,0.5217,0.3181,0.2095,0.1618,0.3559,
1.0,0.9988,0.9688,0.9676,0.9674,0.9968,0.9943,0.9905,0.9845,0.9255,0.7435,0.9298,0.9094,0.8476,0.8123,0.8562,0.6947,0.8333,0.9387,0.7843,0.6206,0.9538,0.7266,0.6292,0.6111,0.6233,0.8573,0.5772,0.628,0.7842,0.5021,0.5592,0.3924,0.5947,0.6769,0.5843,0.5204,0.3204,0.4818,0.2689,0.5247,0.3105,0.2158,0.1642,0.3606,
1.0,0.9979,0.9663,0.9642,0.9707,0.9972,0.994,0.9909,0.9853,0.9263,0.736,0.9295,0.9118,0.8357,0.7994,0.8565,0.6831,0.8216,0.9417,0.7888,0.6095,0.9502,0.7179,0.6186,0.594,0.6133,0.8578,0.5624,0.6171,0.7874,0.5013,0.5461,0.3896,0.5853,0.6709,0.573,0.5205,0.311,0.4761,0.2624,0.5253,0.3042,0.2015,0.1619,0.3509,
1.0,0.9983,0.9659,0.9642,0.969,0.9973,0.9946,0.9893,0.9833,0.9253,0.7331,0.9275,0.9085,0.838,0.7972,0.8545,0.6815,0.8224,0.9404,0.7846,0.6096,0.9494,0.7225,0.6223,0.6012,0.6077,0.8567,0.5646,0.6211,0.7801,0.5024,0.5463,0.3831,0.5873,0.6705,0.586,0.5295,0.3112,0.4733,0.2597,0.5247,0.3059,0.2037,0.1611,0.3505,
1.0,0.999,0.9713,0.9703,0.9687,0.9975,0.995,0.9897,0.9843,0.9284,0.7375,0.933,0.9116,0.839,0.8012,0.8626,0.686,0.8253,0.9401,0.7866,0.6142,0.9524,0.7322,0.6259,0.6148,0.6133,0.8563,0.5671,0.6318,0.7906,0.5059,0.5549,0.3838,0.5948,0.6746,0.5949,0.5247,0.3196,0.4781,0.2665,0.5205,0.3101,0.2157,0.1652,0.3508,
1.0,0.9982,0.9696,0.9678,0.9684,0.9979,0.9954,0.9895,0.983,0.9211,0.7309,0.9314,0.9061,0.8384,0.8005,0.8545,0.6792,0.8235,0.9357,0.7772,0.6071,0.9533,0.7222,0.6172,0.6086,0.6034,0.8514,0.5574,0.6284,0.78,0.5105,0.5466,0.3854,0.597,0.6743,0.5851,0.5131,0.3154,0.4721,0.2664,0.5209,0.3062,0.2113,0.161,0.3481,
1.0,0.9988,0.9653,0.9641,0.9682,0.9969,0.9945,0.9907,0.9851,0.9252,0.734,0.9274,0.91,0.8362,0.7996,0.8543,0.6839,0.8208,0.9373,0.7872,0.6094,0.9504,0.7216,0.6162,0.6042,0.611,0.8599,0.5602,0.6261,0.7797,0.5054,0.5428,0.38,0.5854,0.6753,0.592,0.5228,0.3059,0.4763,0.2693,0.5306,0.3106,0.2125,0.1547,0.3495,
1.0,0.9993,0.9696,0.9689,0.9708,0.9967,0.9947,0.9887,0.9857,0.9253,0.7372,0.9337,0.906,0.8373,0.8001,0.8604,0.6848,0.8268,0.9467,0.785,0.6139,0.9516,0.7255,0.6276,0.6054,0.6158,0.8513,0.567,0.6201,0.785,0.5157,0.556,0.3869,0.5929,0.6822,0.592,0.5214,0.3164,0.476,0.2604,0.528,0.3181,0.2103,0.1676,0.3498,
1.0,0.9982,0.9693,0.9675,0.9674,0.998,0.9956,0.9905,0.9845,0.9246,0.736,0.9295,0.9101,0.8427,0.8032,0.8551,0.6892,0.8294,0.9401,0.7832,0.6145,0.9533,0.7225,0.6208,0.61,0.6115,0.8609,0.5706,0.6323,0.781,0.5,0.5565,0.3936,0.6013,0.6803,0.5857,0.5295,0.3163,0.4833,0.2711,0.5319,0.3088,0.2077,0.1645,0.3671,
1.0,0.9986,0.9641,0.9627,0.9699,0.9968,0.9945,0.9884,0.9849,0.9268,0.7411,0.9273,0.9084,0.8408,0.8031,0.8555,0.6877,0.8302,0.9428,0.7876,0.6168,0.9486,0.7243,0.6239,0.607,0.6201,0.8562,0.5722,0.6231,0.783,0.5062,0.5533,0.3865,0.5904,0.6756,0.5885,0.5307,0.3195,0.4758,0.2735,0.5248,0.3187,0.209,0.1705,0.3555,
1.0,0.9988,0.9694,0.9682,0.9695,0.9979,0.9959,0.9911,0.985,0.9236,0.7324,0.9328,0.9097,0.8342,0.7969,0.8576,0.6816,0.8209,0.9393,0.7823,0.6078,0.9554,0.723,0.6208,0.6015,0.6047,0.8553,0.5529,0.6203,0.7806,0.5037,0.541,0.3914,0.5885,0.6716,0.5765,0.5175,0.3066,0.478,0.2556,0.52,0.3058,0.2068,0.1564,0.348,
1.0,0.999,0.968,0.967,0.9686,0.997,0.995,0.9911,0.9854,0.922,0.73,0.9299,0.9059,0.8344,0.7954,0.8539,0.6778,0.8211,0.9403,0.7788,0.6017,0.9522,0.7158,0.6153,0.6034,0.6102,0.8553,0.5652,0.6186,0.7809,0.5023,0.5549,0.3835,0.592,0.6744,0.5779,0.5215,0.3113,0.4776,0.2563,0.5323,0.3111,0.2058,0.1635,0.3537,
1.0,0.999,0.9678,0.9668,0.97,0.9973,0.9956,0.9901,0.9837,0.9198,0.7353,0.9311,0.9031,0.844,0.8033,0.8525,0.6894,0.8307,0.9406,0.7821,0.6094,0.9528,0.7137,0.6242,0.6008,0.6118,0.8588,0.5726,0.6101,0.7793,0.4956,0.5535,0.3795,0.5884,0.6742,0.5744,0.5236,0.3202,0.4782,0.2584,0.5173,0.3053,0.2022,0.159,0.3544,
1.0,0.9985,0.9656,0.9641,0.9693,0.997,0.9946,0.9901,0.9837,0.9241,0.7283,0.9272,0.9068,0.8332,0.7938,0.8531,0.6767,0.8189,0.9381,0.7834,0.6052,0.9534,0.7218,0.6138,0.5978,0.6024,0.8533,0.56,0.615,0.7832,0.5056,0.5413,0.3813,0.5868,0.6736,0.5803,0.5205,0.3061,0.4728,0.2568,0.5205,0.3099,0.2047,0.1539,0.3482,
1.0,0.9988,0.9686,0.9674,0.97,0.997,0.9948,0.9896,0.9834,0.9203,0.737,0.9329,0.9039,0.8436,0.8022,0.8542,0.6827,0.8285,0.9401,0.7783,0.6184,0.9503,0.7224,0.6323,0.6092,0.6106,0.8543,0.5702,0.6278,0.7764,0.5053,0.5557,0.3913,0.592,0.6783,0.5826,0.5201,0.3209,0.4786,0.2665,0.5286,0.3122,0.2133,0.1615,0.3611,
1.0,0.9989,0.9695,0.9684,0.9716,0.9969,0.9944,0.9911,0.9849,0.9312,0.7377,0.9346,0.9158,0.8326,0.7934,0.8663,0.6772,0.8186,0.9384,0.7865,0.613,0.9531,0.7304,0.6224,0.6116,0.6139,0.8524,0.5585,0.6274,0.7882,0.5075,0.5436,0.3968,0.5857,0.6701,0.5904,0.5184,0.3119,0.4721,0.2575,0.5224,0.3126,0.212,0.1728,0.3435,
1.0,0.9993,0.9677,0.967,0.9708,0.9974,0.9957,0.9914,0.9863,0.9213,0.7331,0.9326,0.9062,0.8375,0.8018,0.8559,0.6812,0.8246,0.9379,0.7775,0.6123,0.9546,0.7295,0.6276,0.6111,0.6047,0.8515,0.5506,0.6257,0.7774,0.4982,0.5404,0.3929,0.5865,0.6725,0.5863,0.523,0.3061,0.4736,0.2613,0.5201,0.3027,0.201,0.1685,0.3489,
1.0,0.9989,0.9633,0.9622,0.9707,0.9975,0.9952,0.99,0.9846,0.9283,0.7406,0.928,0.9129,0.8408,0.8032,0.8589,0.6808,0.8285,0.9427,0.7855,0.616,0.9558,0.7294,0.6209,0.5981,0.6231,0.856,0.5658,0.619,0.7843,0.5131,0.5532,0.3868,0.5864,0.6789,0.5859,0.5262,0.3223,0.4794,0.2614,0.5219,0.3149,0.2155,0.1609,0.3501,
1.0,0.9987,0.968,0.9667,0.9719,0.9977,0.9954,0.9903,0.9847,0.9252,0.7418,0.9341,0.9101,0.8421,0.8056,0.8614,0.6923,0.8292,0.943,0.7899,0.6175,0.9548,0.7265,0.6295,0.6051,0.6201,0.8629,0.5756,0.62,0.7906,0.5176,0.5593,0.3916,0.5988,0.6818,0.5843,0.5253,0.3236,0.4849,0.2633,0.542,0.3198,0.2184,0.1692,0.3657,
1.0,0.999,0.9663,0.9653,0.9698,0.9977,0.9958,0.9913,0.9857,0.9254,0.7369,0.9307,0.9113,0.8398,0.8052,0.8568,0.689,0.825,0.9378,0.7899,0.6106,0.9539,0.7263,0.6179,0.6054,0.6151,0.862,0.5677,0.6191,0.7908,0.5152,0.5488,0.3862,0.5852,0.6748,0.5846,0.5246,0.3167,0.4782,0.2624,0.5252,0.3163,0.2148,0.158,0.3529,
1.0,0.9984,0.9672,0.9656,0.9667,0.9977,0.9951,0.9912,0.9863,0.9286,0.7384,0.9262,0.913,0.8386,0.8023,0.8566,0.6866,0.8274,0.944,0.784,0.6155,0.9554,0.7259,0.6199,0.5957,0.6155,0.856,0.5645,0.6191,0.783,0.5076,0.5487,0.3801,0.5899,0.6792,0.5843,0.5234,0.3151,0.477,0.2674,0.5325,0.3109,0.2081,0.1652,0.3488,
1.0,0.9986,0.9702,0.9688,0.9723,0.9966,0.9942,0.9909,0.9863,0.9238,0.736,0.9349,0.9075,0.836,0.7976,0.8601,0.6852,0.8224,0.9393,0.7839,0.6055,0.9504,0.7235,0.6218,0.6096,0.611,0.8586,0.5616,0.6236,0.7857,0.5046,0.547,0.3894,0.5869,0.6774,0.5826,0.5222,0.3156,0.4687,0.2613,0.5251,0.3043,0.2117,0.1683,0.3508,
1.0,0.9987,0.9687,0.9674,0.9718,0.9973,0.9951,0.9908,0.9844,0.9216,0.7342,0.934,0.9064,0.8364,0.7966,0.8576,0.6752,0.8236,0.94,0.7756,0.6068,0.9537,0.7177,0.6183,0.6072,0.6149,0.8524,0.5661,0.6171,0.7826,0.5069,0.5608,0.3935,0.5909,0.6789,0.5787,0.52,0.3147,0.4756,0.2583,0.5269,0.3112,0.2124,0.1638,0.3428,
1.0,0.9993,0.9667,0.966,0.9732,0.998,0.9959,0.9914,0.9886,0.9233,0.743,0.9348,0.9093,0.8404,0.8059,0.8583,0.6888,0.8297,0.9446,0.7853,0.6092,0.9541,0.7197,0.6247,0.5986,0.6128,0.858,0.5644,0.6105,0.7876,0.5148,0.5481,0.3864,0.5819,0.6814,0.5786,0.5215,0.3229,0.4865,0.2588,0.5285,0.3183,0.2185,0.1608,0.3562,
1.0,0.9985,0.9688,0.9673,0.9699,0.9977,0.9952,0.9919,0.9873,0.9257,0.7413,0.9309,0.9104,0.8406,0.8065,0.8586,0.6892,0.8276,0.9405,0.7853,0.6067,0.9543,0.7151,0.617,0.6008,0.6182,0.8562,0.5686,0.614,0.7882,0.5011,0.5573,0.3792,0.5918,0.682,0.5747,0.5177,0.3169,0.4749,0.2604,0.5185,0.3064,0.2052,0.1623,0.3534,
1.0,0.9991,0.9658,0.9649,0.971,0.9974,0.9961,0.9906,0.9832,0.9235,0.7343,0.9305,0.9067,0.8371,0.7996,0.8557,0.6795,0.8231,0.9383,0.7828,0.608,0.9548,0.7177,0.6174,0.603,0.6114,0.8515,0.5572,0.6136,0.7831,0.5053,0.5384,0.3797,0.5837,0.6644,0.5789,0.5134,0.3118,0.4719,0.2533,0.5098,0.3144,0.203,0.1592,0.3477,
1.0,0.9988,0.9667,0.9655,0.9696,0.9975,0.9953,0.9889,0.9829,0.9265,0.7375,0.9301,0.9101,0.8418,0.8005,0.8588,0.6798,0.8275,0.9418,0.7811,0.6151,0.9533,0.7245,0.6227,0.6032,0.6164,0.8564,0.5713,0.6162,0.7832,0.5065,0.5506,0.3809,0.5851,0.6794,0.5876,0.5234,0.3204,0.4775,0.2591,0.5203,0.3164,0.2062,0.16,0.351,
1.0,0.9992,0.9706,0.9698,0.9707,0.9976,0.9955,0.9898,0.9847,0.9286,0.7393,0.9362,0.9137,0.8386,0.8013,0.8658,0.683,0.8251,0.9435,0.7868,0.6154,0.9543,0.7248,0.627,0.6082,0.6225,0.8517,0.5722,0.6282,0.7866,0.5103,0.5593,0.3915,0.5961,0.69,0.5954,0.5316,0.3209,0.4804,0.2617,0.5302,0.324,0.2188,0.1786,0.3534,
1.0,0.9994,0.9663,0.9657,0.9692,0.9967,0.995,0.9897,0.9863,0.9274,0.7434,0.929,0.9086,0.8424,0.8047,0.8572,0.6898,0.8305,0.941,0.7858,0.6199,0.9527,0.7284,0.6315,0.6091,0.6193,0.8544,0.5643,0.6216,0.7803,0.5111,0.553,0.3906,0.5901,0.6783,0.5906,0.5298,0.3144,0.482,0.2693,0.5272,0.3183,0.2108,0.1681,0.3555,
1.0,0.9983,0.9697,0.968,0.9702,0.9974,0.9948,0.9892,0.9827,0.9249,0.7334,0.9319,0.9074,0.8366,0.7965,0.8577,0.6791,0.8221,0.9362,0.7824,0.604,0.9512,0.7208,0.6177,0.6132,0.6153,0.8519,0.5635,0.6211,0.7861,0.504,0.5517,0.3913,0.595,0.6721,0.578,0.5097,0.315,0.4788,0.255,0.5217,0.3104,0.2092,0.1601,0.3489,
1.0,0.9985,0.9694,0.9679,0.971,0.9976,0.9951,0.9903,0.985,0.9272,0.7416,0.9329,0.9112,0.8389,0.7999,0.862,0.6878,0.8271,0.9429,0.788,0.6127,0.9561,0.7254,0.6232,0.6063,0.6183,0.8598,0.5675,0.6197,0.7849,0.5049,0.5545,0.387,0.5942,0.6856,0.5864,0.5182,0.3184,0.489,0.2568,0.5299,0.3145,0.2103,0.162,0.3637,
1.0,0.9987,0.9669,0.9656,0.9725,0.9961,0.994,0.9915,0.9853,0.9261,0.7372,0.9336,0.9115,0.8328,0.7966,0.8615,0.6682,0.8201,0.9425,0.7812,0.6096,0.9523,0.7256,0.6202,0.6061,0.6172,0.8497,0.5578,0.6199,0.7839,0.5088,0.5456,0.3955,0.5882,0.6672,0.5826,0.5167,0.3156,0.4614,0.2611,0.5077,0.3086,0.2022,0.1651,0.3388,
1.0,0.9987,0.9675,0.9662,0.9684,0.9975,0.9951,0.9897,0.9855,0.9222,0.7301,0.9292,0.9051,0.8359,0.8006,0.8525,0.6825,0.8239,0.9427,0.7811,0.6089,0.9518,0.7187,0.6196,0.6016,0.609,0.8515,0.5606,0.6204,0.7813,0.5069,0.5443,0.3826,0.5912,0.6733,0.5839,0.5144,0.31,0.4804,0.2598,0.5216,0.3127,0.2063,0.1626,0.3524,
1.0,0.9991,0.9689,0.968,0.9717,0.998,0.9963,0.9904,0.9827,0.9241,0.7401,0.9347,0.9098,0.8442,0.8037,0.8601,0.6906,0.8295,0.9431,0.7866,0.6208,0.9532,0.7225,0.6348,0.6061,0.6214,0.8558,0.5787,0.619,0.7863,0.5014,0.5582,0.3824,0.5824,0.666,0.5808,0.5184,0.3105,0.4724,0.2578,0.5201,0.3003,0.2028,0.1654,0.344,
1.0,0.9989,0.9679,0.9668,0.9702,0.9976,0.9953,0.9904,0.985,0.9253,0.737,0.9318,0.9093,0.8389,0.8029,0.8578,0.6873,0.8254,0.9372,0.7859,0.6087,0.9512,0.7152,0.6199,0.5999,0.6132,0.8543,0.5629,0.614,0.7833,0.5048,0.5415,0.3887,0.5891,0.667,0.5751,0.5174,0.3139,0.481,0.2623,0.5298,0.3102,0.2086,0.1614,0.3572,
1.0,0.999,0.9666,0.9656,0.969,0.9965,0.9944,0.9913,0.9858,0.9232,0.7369,0.9294,0.9075,0.8398,0.8015,0.8541,0.6792,0.8266,0.9438,0.7776,0.6178,0.9543,0.7283,0.6288,0.6041,0.6074,0.8542,0.5628,0.6268,0.7798,0.5021,0.5555,0.3817,0.5894,0.6825,0.5913,0.5303,0.3116,0.4795,0.2669,0.5309,0.3068,0.2139,0.1676,0.3585,
1.0,0.9988,0.9669,0.9657,0.9694,0.9978,0.9956,0.9905,0.9845,0.9272,0.7401,0.9306,0.9123,0.8412,0.8024,0.8595,0.6879,0.8284,0.9454,0.789,0.6206,0.9575,0.7313,0.6294,0.6084,0.6201,0.8615,0.5771,0.6251,0.7855,0.5137,0.5584,0.395,0.6023,0.6837,0.5926,0.5266,0.322,0.4893,0.2615,0.5288,0.3219,0.21,0.1719,0.3683,
1.0,0.9993,0.9695,0.9688,0.9685,0.9967,0.9953,0.991,0.984,0.9282,0.7366,0.9331,0.9127,0.8392,0.8039,0.862,0.6872,0.8243,0.9366,0.7901,0.6098,0.9523,0.7228,0.6169,0.6061,0.6162,0.8578,0.5718,0.6238,0.7897,0.5102,0.5521,0.3871,0.5876,0.6715,0.5822,0.5176,0.3191,0.4735,0.2617,0.5259,0.3167,0.2065,0.1634,0.3547,
1.0,0.9992,0.9691,0.9683,0.9689,0.9975,0.9951,0.9922,0.9889,0.9213,0.7397,0.932,0.9066,0.842,0.8099,0.8546,0.6955,0.8298,0.9416,0.7835,0.6103,0.9524,0.7155,0.6224,0.6017,0.6159,0.8578,0.5691,0.6164,0.7791,0.4993,0.5536,0.3868,0.589,0.6754,0.5746,0.5167,0.3118,0.4824,0.2637,0.5252,0.3022,0.2096,0.1552,0.3609,
1.0,0.9989,0.9691,0.968,0.9703,0.9961,0.9945,0.9919,0.9865,0.9194,0.7335,0.9325,0.9032,0.8365,0.7971,0.8537,0.6827,0.8249,0.9388,0.7772,0.603,0.9538,0.7205,0.6198,0.6139,0.6082,0.86,0.5673,0.6157,0.7785,0.4945,0.5487,0.3952,0.5912,0.6729,0.5766,0.5171,0.318,0.4802,0.2519,0.5301,0.3103,0.1997,0.1618,0.3527,
1.0,0.9987,0.9653,0.964,0.9711,0.997,0.9947,0.9887,0.9817,0.9219,0.7341,0.9304,0.9053,0.8412,0.7993,0.854,0.6797,0.8269,0.9368,0.782,0.6045,0.9517,0.7161,0.6154,0.6042,0.6166,0.8547,0.5699,0.6179,0.7796,0.4948,0.5564,0.3807,0.6005,0.6727,0.5702,0.509,0.31,0.4823,0.2558,0.5212,0.314,0.2051,0.1554,0.3553,
1.0,0.9983,0.9672,0.9655,0.9692,0.9977,0.9955,0.9915,0.985,0.9213,0.7267,0.93,0.9076,0.8351,0.7982,0.851,0.6824,0.8219,0.9405,0.781,0.5987,0.9553,0.7159,0.6111,0.6023,0.6085,0.8589,0.5651,0.6147,0.7804,0.5044,0.5455,0.3867,0.5911,0.6761,0.5774,0.5252,0.3296,0.4796,0.2582,0.5272,0.3087,0.2088,0.1617,0.354,
1.0,0.999,0.9666,0.9656,0.9692,0.9978,0.9965,0.9895,0.9835,0.9228,0.7338,0.9307,0.9081,0.8371,0.8016,0.8557,0.6835,0.8239,0.9438,0.785,0.6105,0.9503,0.7196,0.6218,0.5969,0.6155,0.8578,0.5637,0.6182,0.7815,0.5033,0.5495,0.3846,0.5861,0.6792,0.5804,0.5246,0.3142,0.4775,0.2625,0.5227,0.3071,0.205,0.164,0.3488,
1.0,0.999,0.9705,0.9695,0.9713,0.9971,0.9956,0.9922,0.986,0.9268,0.7408,0.9349,0.9121,0.84,0.8047,0.8625,0.6888,0.8264,0.9403,0.788,0.6167,0.9538,0.7279,0.6299,0.612,0.6223,0.8586,0.5676,0.622,0.7921,0.5137,0.5533,0.4024,0.5893,0.6699,0.5808,0.5156,0.3253,0.4746,0.2612,0.5147,0.3174,0.2111,0.1701,0.3557,
1.0,0.9986,0.9688,0.9674,0.9708,0.998,0.9954,0.9909,0.9858,0.9227,0.7392,0.934,0.9095,0.8408,0.8052,0.8582,0.6894,0.8283,0.9398,0.787,0.6091,0.9555,0.7169,0.6218,0.5956,0.6139,0.863,0.5723,0.6074,0.7867,0.5042,0.5497,0.3837,0.5864,0.6726,0.5733,0.528,0.3163,0.48,0.2592,0.5213,0.3138,0.2094,0.162,0.3506,
1.0,0.9985,0.9693,0.9678,0.9656,0.997,0.9943,0.9893,0.9848,0.9241,0.7278,0.9273,0.906,0.835,0.796,0.8526,0.6759,0.8224,0.942,0.7748,0.6106,0.9518,0.7276,0.6209,0.6099,0.6087,0.8493,0.5619,0.6247,0.7775,0.4969,0.5495,0.3835,0.5888,0.6787,0.5902,0.5236,0.3161,0.4729,0.2598,0.5206,0.3046,0.2082,0.168,0.3488,
1.0,0.9991,0.9667,0.9658,0.9723,0.9973,0.9955,0.9901,0.9847,0.9216,0.7327,0.9332,0.9059,0.8362,0.7983,0.8572,0.6832,0.8242,0.9416,0.7867,0.6078,0.955,0.7255,0.6204,0.6139,0.6095,0.8613,0.5681,0.6272,0.7828,0.5045,0.551,0.3874,0.599,0.6769,0.585,0.5231,0.3152,0.4845,0.2668,0.5254,0.3147,0.209,0.1664,0.3616,
1.0,0.9983,0.9676,0.9659,0.9712,0.9976,0.9948,0.9896,0.9842,0.9189,0.7265,0.9321,0.9031,0.8319,0.793,0.8522,0.6783,0.8192,0.9378,0.7818,0.5964,0.9518,0.7134,0.6126,0.6058,0.6052,0.8585,0.5637,0.6094,0.7768,0.4941,0.5416,0.3942,0.5926,0.6695,0.5721,0.5144,0.3096,0.4831,0.2499,0.5221,0.3052,0.2053,0.1607,0.351,
1.0,0.9985,0.9712,0.9697,0.9688,0.9975,0.9953,0.9907,0.9841,0.9225,0.7318,0.9339,0.9071,0.8385,0.7983,0.8579,0.6814,0.8243,0.9442,0.7787,0.6088,0.9507,0.716,0.6233,0.6034,0.6172,0.8554,0.5699,0.6185,0.7775,0.4996,0.5547,0.3885,0.5911,0.6743,0.5767,0.5195,0.3148,0.4666,0.2544,0.5162,0.2976,0.1992,0.1576,0.3395,
1.0,0.9986,0.9654,0.964,0.9674,0.9968,0.9945,0.9892,0.9837,0.9236,0.7389,0.9262,0.9067,0.8464,0.8077,0.8506,0.6873,0.8334,0.9451,0.783,0.6196,0.9519,0.7228,0.6279,0.6009,0.616,0.8511,0.5697,0.6219,0.7767,0.4984,0.5593,0.373,0.5904,0.6854,0.5864,0.5203,0.312,0.4793,0.2672,0.531,0.3079,0.2022,0.157,0.3644,
1.0,0.9991,0.969,0.9681,0.968,0.9971,0.9951,0.9906,0.9848,0.9245,0.734,0.9313,0.9088,0.8388,0.8031,0.8559,0.6873,0.8255,0.9404,0.7842,0.6096,0.9523,0.72,0.6202,0.6015,0.6131,0.8564,0.5608,0.6198,0.779,0.4996,0.5488,0.3815,0.5895,0.6789,0.5843,0.5244,0.3102,0.4797,0.2634,0.5298,0.3105,0.2018,0.1652,0.3555,
1.0,0.9991,0.9686,0.9677,0.9692,0.9978,0.9964,0.9912,0.986,0.9238,0.7433,0.9315,0.9084,0.8463,0.8101,0.8564,0.6914,0.8341,0.943,0.7802,0.6175,0.9576,0.7237,0.6284,0.6081,0.6214,0.8539,0.5737,0.6156,0.7828,0.5052,0.5606,0.3916,0.5971,0.6823,0.5888,0.5319,0.3156,0.4833,0.2649,0.5132,0.3134,0.2114,0.171,0.3647,
1.0,0.9992,0.9692,0.9684,0.9724,0.9979,0.9961,0.99,0.9843,0.9238,0.7346,0.936,0.9082,0.8344,0.7938,0.8611,0.6775,0.8199,0.9408,0.7818,0.6092,0.9507,0.7213,0.6246,0.6135,0.6118,0.8564,0.5619,0.6268,0.7817,0.4953,0.5549,0.3904,0.5959,0.6803,0.5833,0.5175,0.3096,0.4856,0.2604,0.5337,0.3106,0.2112,0.1668,0.3496,
1.0,0.9985,0.9683,0.9668,0.9669,0.9972,0.9949,0.9907,0.9856,0.9247,0.7315,0.9286,0.9086,0.8362,0.7972,0.8537,0.6859,0.8229,0.9403,0.7832,0.6107,0.9533,0.7279,0.6215,0.6124,0.6081,0.8601,0.5684,0.6253,0.7818,0.5056,0.5514,0.3972,0.5884,0.6725,0.5844,0.53,0.3185,0.484,0.2654,0.5266,0.311,0.2083,0.171,0.3571,
1.0,0.9983,0.9684,0.9667,0.9725,0.9977,0.9956,0.9904,0.9852,0.9248,0.7442,0.9336,0.9096,0.8452,0.808,0.8607,0.6906,0.8316,0.942,0.7835,0.6153,0.9513,0.723,0.6276,0.6101,0.6213,0.8592,0.5707,0.6273,0.7893,0.5102,0.5552,0.3953,0.5975,0.679,0.59,0.5266,0.3261,0.4835,0.2664,0.5299,0.3207,0.2148,0.1694,0.3679,
1.0,0.9997,0.97,0.9697,0.9692,0.9974,0.9957,0.9913,0.9868,0.9246,0.7379,0.9329,0.9084,0.8377,0.8034,0.8591,0.6866,0.8247,0.9407,0.783,0.6051,0.9558,0.7226,0.6186,0.6107,0.6125,0.8556,0.5632,0.6192,0.7875,0.5072,0.5497,0.3875,0.596,0.6757,0.5805,0.5117,0.3133,0.4783,0.253,0.5174,0.3168,0.2091,0.1587,0.357,
1.0,0.9993,0.9703,0.9696,0.9705,0.9973,0.9958,0.9904,0.9845,0.9246,0.7383,0.9349,0.9083,0.8417,0.805,0.8608,0.6892,0.8287,0.9381,0.7848,0.6175,0.9531,0.7292,0.6299,0.6189,0.6182,0.8595,0.5732,0.6262,0.7873,0.5073,0.5598,0.4001,0.6026,0.6735,0.5814,0.5203,0.3204,0.486,0.2684,0.5285,0.3117,0.208,0.1672,0.3582,
1.0,0.999,0.9658,0.9648,0.9679,0.9972,0.9953,0.9909,0.9851,0.9233,0.7313,0.928,0.9073,0.8364,0.8005,0.8527,0.6838,0.8235,0.9429,0.7854,0.6123,0.9541,0.7234,0.6184,0.6053,0.6151,0.8601,0.5696,0.614,0.778,0.5004,0.5476,0.3766,0.5765,0.6678,0.5847,0.5274,0.3138,0.4754,0.2582,0.5271,0.2969,0.2028,0.1634,0.3493,
1.0,0.9993,0.9674,0.9667,0.9728,0.9969,0.9954,0.991,0.9846,0.9238,0.7349,0.9339,0.9075,0.8357,0.7966,0.8583,0.6807,0.8222,0.9424,0.7853,0.6132,0.9519,0.7245,0.6298,0.6116,0.613,0.8554,0.565,0.6208,0.785,0.5044,0.5488,0.3928,0.5921,0.667,0.5789,0.5122,0.312,0.4782,0.2559,0.5258,0.3123,0.2064,0.1632,0.3532,
1.0,0.9988,0.9643,0.9631,0.9693,0.997,0.9946,0.9905,0.9844,0.9205,0.7349,0.9264,0.904,0.8403,0.8019,0.8488,0.6842,0.8259,0.9417,0.7787,0.6088,0.955,0.7197,0.6203,0.5977,0.6147,0.8546,0.5697,0.6107,0.779,0.5033,0.547,0.3808,0.5817,0.671,0.5831,0.5274,0.3146,0.474,0.248,0.5182,0.3059,0.1961,0.1641,0.3523,
1.0,0.999,0.9659,0.9649,0.9699,0.9977,0.9952,0.9902,0.9848,0.9264,0.7404,0.9294,0.9101,0.8405,0.8045,0.8573,0.6872,0.8263,0.9357,0.7901,0.6106,0.952,0.7253,0.6202,0.6057,0.6107,0.8593,0.5649,0.6263,0.7871,0.5051,0.5477,0.3884,0.5895,0.669,0.5788,0.5204,0.3115,0.4771,0.2661,0.5183,0.3137,0.2103,0.1604,0.3592,
1.0,0.9987,0.9673,0.966,0.9682,0.9971,0.9948,0.9899,0.9837,0.9221,0.7337,0.9304,0.9074,0.8392,0.8015,0.8537,0.6844,0.8251,0.9393,0.7827,0.6098,0.9544,0.7229,0.6193,0.6045,0.6116,0.858,0.5682,0.6184,0.7811,0.5017,0.5522,0.384,0.5922,0.679,0.5818,0.5216,0.3151,0.4836,0.2637,0.5315,0.31,0.2053,0.1627,0.3551,
1.0,0.9987,0.9687,0.9674,0.9725,0.9977,0.9955,0.9905,0.9855,0.924,0.7395,0.9341,0.9076,0.8394,0.8008,0.859,0.6827,0.8265,0.9407,0.7837,0.6077,0.9526,0.717,0.6221,0.6097,0.6209,0.8537,0.5685,0.6118,0.7832,0.5081,0.5541,0.4001,0.5917,0.6729,0.5787,0.5201,0.3188,0.4807,0.2574,0.5232,0.3125,0.2095,0.1624,0.3513,
1.0,0.999,0.9675,0.9665,0.9669,0.9975,0.9955,0.9904,0.9845,0.9225,0.7324,0.928,0.9062,0.8403,0.8009,0.8509,0.6841,0.8257,0.9386,0.7788,0.604,0.9539,0.722,0.6155,0.6052,0.6104,0.8569,0.5667,0.6202,0.7755,0.4866,0.5519,0.3913,0.6005,0.6789,0.5841,0.5196,0.3101,0.4902,0.2595,0.5246,0.3087,0.2041,0.1636,0.3691,
1.0,0.999,0.9665,0.9655,0.9695,0.9969,0.9952,0.9929,0.9884,0.9244,0.7386,0.9308,0.9111,0.8408,0.8049,0.8562,0.6833,0.8296,0.9398,0.7803,0.6079,0.9582,0.724,0.6196,0.6026,0.609,0.855,0.5656,0.61,0.7865,0.5045,0.5491,0.3753,0.5774,0.6698,0.5844,0.519,0.3173,0.4755,0.2568,0.5194,0.3093,0.2048,0.156,0.3456,
1.0,0.9988,0.9683,0.9671,0.9684,0.9971,0.9947,0.9902,0.9857,0.933,0.7431,0.9294,0.9164,0.8399,0.8014,0.8633,0.6906,0.8278,0.9428,0.7924,0.6116,0.9561,0.729,0.6188,0.6106,0.6218,0.8613,0.5762,0.63,0.794,0.5087,0.5603,0.3879,0.6082,0.6906,0.5938,0.531,0.3203,0.498,0.2704,0.5398,0.3282,0.215,0.1714,0.3719,
1.0,0.9988,0.9674,0.9662,0.9692,0.9974,0.9946,0.991,0.9857,0.9227,0.7416,0.931,0.9079,0.8439,0.806,0.8535,0.6876,0.8292,0.9382,0.7806,0.616,0.9533,0.7241,0.6242,0.6029,0.6185,0.8576,0.5705,0.6137,0.78,0.4927,0.5506,0.3845,0.5838,0.6712,0.5761,0.5206,0.3126,0.4794,0.2631,0.5182,0.3023,0.199,0.1628,0.3493,
1.0,0.9987,0.9697,0.9684,0.971,0.9971,0.9946,0.9904,0.9855,0.9224,0.7413,0.9333,0.9054,0.8448,0.8065,0.856,0.6917,0.8321,0.9395,0.7828,0.6079,0.9553,0.7206,0.6257,0.6063,0.6122,0.8579,0.566,0.6179,0.7829,0.502,0.5507,0.3871,0.6028,0.6793,0.5794,0.5193,0.313,0.4807,0.2568,0.5251,0.3153,0.2056,0.1609,0.3658,
1.0,0.9985,0.9688,0.9673,0.9697,0.9972,0.9946,0.9895,0.9843,0.9241,0.7346,0.9318,0.9072,0.8392,0.7969,0.8569,0.6791,0.8242,0.939,0.7767,0.6141,0.9508,0.7225,0.6256,0.6015,0.61,0.852,0.5593,0.6199,0.7769,0.5024,0.5444,0.3878,0.5855,0.6746,0.5844,0.5211,0.3153,0.4728,0.2547,0.5162,0.3037,0.2044,0.1737,0.3466,
1.0,0.9988,0.9678,0.9666,0.9699,0.9965,0.9944,0.9888,0.9834,0.9256,0.7384,0.9299,0.9067,0.8405,0.8015,0.8568,0.6829,0.8271,0.9428,0.7818,0.6069,0.9529,0.7142,0.618,0.5945,0.6188,0.852,0.5683,0.614,0.7835,0.5138,0.5587,0.3832,0.5968,0.6769,0.5809,0.5237,0.3182,0.4844,0.2577,0.5222,0.3198,0.2128,0.1648,0.3501,
1.0,0.9989,0.9693,0.9682,0.9683,0.9978,0.9953,0.9904,0.9853,0.9244,0.7366,0.9311,0.9086,0.8394,0.8009,0.857,0.687,0.8253,0.9417,0.7816,0.6134,0.9546,0.7206,0.6242,0.6003,0.6122,0.8565,0.568,0.6181,0.7843,0.5163,0.5533,0.3883,0.5975,0.6685,0.582,0.5231,0.3207,0.4781,0.2632,0.5213,0.3217,0.2025,0.1613,0.3519,
1.0,0.9987,0.9669,0.9656,0.9687,0.9978,0.9957,0.9912,0.9857,0.9262,0.742,0.9288,0.9113,0.8428,0.8024,0.8549,0.6874,0.8296,0.9394,0.7813,0.6156,0.9527,0.718,0.6225,0.5986,0.6156,0.8545,0.5701,0.6213,0.7833,0.5071,0.5574,0.3813,0.5889,0.6745,0.5838,0.5191,0.3181,0.4714,0.2729,0.517,0.3114,0.2156,0.163,0.3539,
1.0,0.9983,0.9663,0.9646,0.9672,0.9973,0.9947,0.9905,0.9849,0.924,0.7291,0.9267,0.9091,0.8318,0.7965,0.8525,0.6776,0.8192,0.9426,0.7835,0.6034,0.953,0.7193,0.6114,0.5974,0.6142,0.8559,0.564,0.611,0.7844,0.5101,0.5442,0.3809,0.5863,0.6653,0.5775,0.5276,0.3165,0.4764,0.2569,0.5169,0.3109,0.2025,0.1667,0.3466,
1.0,0.9992,0.9658,0.965,0.9695,0.9971,0.9951,0.9916,0.9865,0.9286,0.7399,0.9282,0.9121,0.8379,0.8011,0.8573,0.6861,0.8246,0.9423,0.7888,0.6102,0.9521,0.7238,0.6186,0.5966,0.6157,0.8557,0.5652,0.6181,0.7864,0.51,0.5476,0.3847,0.5792,0.6732,0.5844,0.514,0.3164,0.4803,0.2576,0.5266,0.3155,0.2077,0.1561,0.3505,
1.0,0.9995,0.9709,0.9704,0.9703,0.9976,0.996,0.9909,0.9862,0.9197,0.7298,0.9346,0.9036,0.8359,0.8005,0.8547,0.6912,0.8241,0.9414,0.7855,0.6022,0.9567,0.7214,0.6216,0.6158,0.6112,0.8619,0.5718,0.6206,0.785,0.5061,0.5608,0.3967,0.6079,0.6863,0.5787,0.5204,0.3189,0.498,0.261,0.5328,0.3204,0.215,0.1667,0.3685,
1.0,0.999,0.9684,0.9674,0.9696,0.9979,0.9959,0.9913,0.9854,0.9264,0.7378,0.9314,0.9109,0.8402,0.8034,0.8594,0.6874,0.8259,0.9423,0.7849,0.6127,0.9511,0.7201,0.6258,0.6037,0.6172,0.8543,0.5632,0.6245,0.7859,0.5071,0.5532,0.3833,0.5935,0.6748,0.5833,0.5158,0.3135,0.4774,0.2572,0.5283,0.3078,0.2028,0.1622,0.3536,
1.0,0.999,0.9657,0.9647,0.9679,0.9973,0.9953,0.99,0.9845,0.9241,0.7358,0.9261,0.9064,0.8415,0.8014,0.8527,0.6855,0.8279,0.938,0.7791,0.6096,0.9519,0.7224,0.6193,0.611,0.6184,0.8552,0.5713,0.6207,0.7806,0.5047,0.5555,0.3899,0.5857,0.6663,0.5819,0.5189,0.3191,0.4719,0.2635,0.5174,0.3052,0.2055,0.1652,0.3544,
1.0,0.9989,0.9683,0.9672,0.9686,0.9984,0.9962,0.9904,0.9855,0.9257,0.7368,0.9301,0.9106,0.838,0.8003,0.8568,0.6854,0.8248,0.9405,0.7839,0.6078,0.9542,0.7203,0.6197,0.6049,0.6094,0.8564,0.5601,0.6243,0.7807,0.5018,0.5475,0.3895,0.5974,0.6816,0.5848,0.5254,0.3093,0.4909,0.2591,0.5375,0.3138,0.2089,0.1695,0.3608,
1.0,0.9991,0.9655,0.9646,0.97,0.9976,0.9957,0.9918,0.9861,0.9217,0.7383,0.9287,0.9059,0.8423,0.8047,0.8525,0.6831,0.8275,0.9414,0.7766,0.6116,0.9522,0.7176,0.6267,0.5998,0.6144,0.8528,0.5677,0.6168,0.7789,0.5028,0.5546,0.3858,0.5858,0.6752,0.5849,0.5235,0.3158,0.474,0.2554,0.5259,0.3061,0.2009,0.1704,0.3492,
1.0,0.9984,0.9644,0.9628,0.9676,0.9974,0.995,0.9904,0.9857,0.9198,0.7293,0.9258,0.9051,0.8376,0.8002,0.8454,0.6825,0.8252,0.9422,0.7757,0.6076,0.9528,0.7225,0.6186,0.6042,0.6078,0.8584,0.5662,0.6198,0.7763,0.4962,0.5505,0.3784,0.5904,0.6827,0.5829,0.5221,0.3098,0.4735,0.2583,0.5302,0.3031,0.2109,0.1585,0.3542,
1.0,0.9987,0.967,0.9657,0.9713,0.997,0.9948,0.9907,0.9859,0.9285,0.7385,0.9319,0.913,0.8352,0.7988,0.8624,0.679,0.8221,0.9392,0.7888,0.6102,0.9511,0.7284,0.6191,0.6104,0.6117,0.8562,0.5561,0.624,0.7872,0.5098,0.5398,0.3916,0.5878,0.6617,0.589,0.5174,0.3195,0.4753,0.2668,0.517,0.3123,0.2078,0.1682,0.3461,
1.0,0.9985,0.9675,0.966,0.9679,0.9976,0.9952,0.9901,0.9871,0.9214,0.7367,0.9284,0.9061,0.8422,0.8064,0.8515,0.6868,0.8316,0.9414,0.7768,0.6104,0.9552,0.7224,0.624,0.6041,0.6101,0.8537,0.5656,0.6193,0.7774,0.5129,0.5534,0.388,0.589,0.6788,0.5823,0.5186,0.3184,0.4733,0.2609,0.5192,0.3141,0.2147,0.1609,0.3562,
1.0,0.9993,0.9707,0.97,0.9678,0.9967,0.9956,0.9914,0.985,0.9256,0.7378,0.9331,0.9099,0.84,0.8017,0.8593,0.6871,0.8272,0.9425,0.7835,0.618,0.9514,0.7242,0.6263,0.6113,0.6202,0.8581,0.5782,0.6273,0.7821,0.508,0.5616,0.3881,0.5942,0.676,0.5891,0.5249,0.3229,0.4772,0.2667,0.5218,0.3113,0.2089,0.1648,0.3497,
1.0,0.9991,0.966,0.9651,0.9657,0.9971,0.9948,0.9909,0.9862,0.9205,0.7325,0.9244,0.9039,0.8394,0.8022,0.8458,0.6881,0.8264,0.9405,0.778,0.6,0.9521,0.7107,0.6129,0.5973,0.6114,0.8597,0.5702,0.6057,0.7749,0.4932,0.5542,0.3782,0.5867,0.679,0.5771,0.5256,0.312,0.478,0.254,0.5287,0.307,0.2002,0.1574,0.35,
1.0,0.999,0.97,0.969,0.9699,0.9979,0.9962,0.9905,0.9835,0.923,0.7308,0.934,0.9082,0.8347,0.7949,0.8578,0.687,0.8202,0.9416,0.7884,0.6047,0.953,0.721,0.6197,0.6108,0.6101,0.8629,0.5685,0.623,0.7817,0.5045,0.5481,0.3984,0.5985,0.6733,0.5829,0.5208,0.3117,0.4923,0.2546,0.5229,0.3173,0.1998,0.1641,0.3591,
1.0,0.9989,0.9683,0.9672,0.9698,0.9978,0.9957,0.9899,0.9848,0.9217,0.7397,0.9315,0.9047,0.8452,0.8046,0.8543,0.6907,0.8323,0.9427,0.7778,0.6121,0.9534,0.72,0.63,0.6041,0.6184,0.8546,0.5679,0.6231,0.7765,0.5096,0.5637,0.3959,0.5996,0.6843,0.5804,0.5161,0.325,0.4843,0.2615,0.5228,0.3121,0.2137,0.1597,0.3657,
1.0,0.999,0.9684,0.9674,0.9693,0.9965,0.9946,0.9908,0.9846,0.9255,0.7418,0.9316,0.9097,0.8447,0.8061,0.8583,0.6839,0.831,0.9431,0.7783,0.6199,0.9511,0.7261,0.6277,0.609,0.6163,0.8544,0.5643,0.6228,0.7814,0.5012,0.5481,0.3867,0.5875,0.6753,0.5868,0.5224,0.3179,0.4755,0.2592,0.5147,0.3124,0.2012,0.16,0.3497,
1.0,0.9992,0.966,0.9652,0.9678,0.9969,0.9947,0.99,0.9853,0.9243,0.7364,0.9263,0.9057,0.8398,0.8024,0.852,0.6802,0.8282,0.9435,0.7759,0.6111,0.9554,0.726,0.6214,0.6064,0.6198,0.8494,0.5701,0.6158,0.786,0.5088,0.5552,0.3851,0.593,0.6714,0.5809,0.5174,0.3244,0.4828,0.2573,0.5171,0.3115,0.2113,0.164,0.3529,
1.0,0.9992,0.9667,0.9659,0.9689,0.9961,0.9949,0.9902,0.9833,0.9251,0.7391,0.9302,0.9083,0.8434,0.8038,0.8564,0.686,0.8293,0.9403,0.7841,0.6159,0.9532,0.7269,0.6239,0.6095,0.6181,0.8562,0.5727,0.6204,0.7825,0.5117,0.5492,0.384,0.591,0.6771,0.5864,0.5246,0.3211,0.4836,0.2628,0.5191,0.3166,0.2057,0.1571,0.3592,
1.0,0.9988,0.969,0.9678,0.9712,0.9971,0.9947,0.9904,0.9856,0.9249,0.7336,0.9338,0.9087,0.8346,0.7966,0.8602,0.682,0.8225,0.9388,0.784,0.6057,0.9498,0.7198,0.6177,0.6098,0.609,0.8582,0.5642,0.6216,0.7853,0.5039,0.5467,0.3876,0.5912,0.675,0.5772,0.5164,0.3142,0.4828,0.2572,0.5305,0.3133,0.2151,0.158,0.3496,
1.0,0.9993,0.9692,0.9685,0.9697,0.9969,0.9947,0.9908,0.9856,0.9219,0.7387,0.9332,0.9055,0.8429,0.8075,0.8566,0.6912,0.8293,0.9372,0.7855,0.6139,0.9506,0.7229,0.625,0.61,0.6123,0.8615,0.5692,0.6217,0.7881,0.504,0.5539,0.3877,0.5969,0.6737,0.5877,0.5272,0.3151,0.4832,0.2747,0.5297,0.3095,0.2068,0.166,0.3579,
1.0,0.9987,0.9695,0.9682,0.9675,0.9976,0.9954,0.9903,0.9845,0.9277,0.7348,0.9297,0.9117,0.8375,0.7976,0.8577,0.6839,0.8236,0.9397,0.7841,0.6098,0.9508,0.724,0.6183,0.6027,0.6083,0.8567,0.5602,0.6246,0.7831,0.5027,0.5464,0.381,0.5873,0.6735,0.5848,0.5193,0.3142,0.4803,0.2657,0.5219,0.3095,0.2097,0.1638,0.347,
1.0,0.9987,0.9692,0.9679,0.9717,0.9974,0.9955,0.992,0.9859,0.9257,0.7446,0.9336,0.9104,0.8453,0.8098,0.8613,0.6951,0.8324,0.9433,0.7879,0.624,0.9563,0.7271,0.6358,0.615,0.6255,0.8574,0.5768,0.6283,0.7899,0.5245,0.5674,0.4064,0.5965,0.6806,0.5876,0.5284,0.3319,0.4816,0.2727,0.5296,0.3259,0.2242,0.1689,0.3711,
1.0,0.9988,0.9662,0.965,0.9683,0.9974,0.9953,0.9918,0.9859,0.9205,0.7408,0.9289,0.9066,0.846,0.8111,0.8513,0.6987,0.833,0.9437,0.7868,0.6178,0.9532,0.7179,0.6284,0.5981,0.6216,0.8672,0.5809,0.6123,0.7807,0.5057,0.5563,0.3868,0.5941,0.6779,0.5818,0.5325,0.3245,0.492,0.269,0.5347,0.3125,0.2093,0.1668,0.3601,
1.0,0.9985,0.968,0.9665,0.9711,0.9965,0.9944,0.9895,0.9835,0.9276,0.7448,0.9312,0.9099,0.8449,0.8066,0.86,0.6887,0.8311,0.9423,0.7885,0.6248,0.949,0.7238,0.6335,0.6004,0.6225,0.8532,0.5711,0.6238,0.7846,0.5051,0.5527,0.3901,0.5905,0.6734,0.5839,0.5229,0.3096,0.4766,0.2666,0.5287,0.3077,0.2068,0.1663,0.3576,
1.0,0.9984,0.9678,0.9662,0.9651,0.9973,0.995,0.9914,0.9857,0.9258,0.7334,0.9265,0.9111,0.8382,0.8008,0.8544,0.6821,0.8247,0.945,0.7787,0.6166,0.9499,0.7219,0.6227,0.5937,0.6086,0.8564,0.5621,0.6211,0.7755,0.4922,0.5475,0.3744,0.5767,0.6798,0.5807,0.5143,0.3148,0.4707,0.2552,0.5298,0.2949,0.2006,0.1609,0.3448,
1.0,0.9987,0.9689,0.9676,0.9723,0.9973,0.9948,0.9888,0.9839,0.9215,0.7279,0.9342,0.9042,0.8313,0.7923,0.8584,0.676,0.8183,0.9376,0.7841,0.6009,0.9477,0.7208,0.6174,0.6086,0.6033,0.8531,0.5538,0.6224,0.7767,0.4967,0.5409,0.3951,0.5898,0.6759,0.5767,0.5154,0.3059,0.4752,0.2589,0.5222,0.3021,0.2053,0.1649,0.3468,
1.0,0.9992,0.9696,0.9688,0.9692,0.9971,0.9954,0.9909,0.985,0.9234,0.7381,0.932,0.9067,0.8428,0.8034,0.8554,0.6927,0.8301,0.9398,0.7826,0.6127,0.9526,0.7238,0.6269,0.6109,0.6132,0.8606,0.5694,0.6218,0.7834,0.5054,0.5578,0.4017,0.6034,0.6774,0.5755,0.5178,0.3161,0.4929,0.2608,0.5376,0.3169,0.2165,0.1674,0.3718,
1.0,0.9988,0.97,0.9688,0.9706,0.9968,0.9949,0.9909,0.9858,0.9283,0.7367,0.9335,0.9117,0.8348,0.7982,0.8632,0.6866,0.822,0.9437,0.7913,0.6149,0.9525,0.7289,0.6257,0.6059,0.6116,0.8603,0.5634,0.6299,0.7876,0.5151,0.547,0.387,0.5934,0.6827,0.5925,0.5281,0.311,0.4783,0.2676,0.5293,0.3154,0.2194,0.1612,0.3555,
1.0,0.998,0.9697,0.9677,0.9691,0.9962,0.9933,0.9901,0.9853,0.9204,0.7349,0.9308,0.9031,0.8407,0.8008,0.8526,0.6871,0.8286,0.9394,0.7788,0.6105,0.9556,0.725,0.6257,0.6115,0.6132,0.8571,0.5697,0.6191,0.7773,0.5027,0.5584,0.3981,0.5975,0.68,0.5779,0.5237,0.3174,0.4823,0.2626,0.5252,0.3122,0.2011,0.1685,0.36,
1.0,0.9984,0.9669,0.9653,0.9708,0.9966,0.9938,0.9891,0.9842,0.922,0.737,0.9304,0.9051,0.8392,0.8011,0.854,0.6844,0.8266,0.9395,0.7834,0.6059,0.9534,0.7219,0.6202,0.6046,0.6172,0.8607,0.5686,0.6113,0.7838,0.4983,0.5507,0.3869,0.5978,0.6785,0.5744,0.5191,0.3122,0.4854,0.2496,0.5281,0.3153,0.2078,0.1635,0.3596,
1.0,0.9991,0.9667,0.9658,0.9668,0.9969,0.9951,0.9896,0.9846,0.92,0.7307,0.9275,0.9028,0.8367,0.7993,0.8482,0.68,0.8244,0.942,0.7781,0.6025,0.949,0.7082,0.6118,0.5912,0.6078,0.8529,0.5625,0.613,0.7721,0.4964,0.5475,0.3823,0.5917,0.6732,0.5789,0.5214,0.3045,0.4839,0.2564,0.5285,0.3086,0.2059,0.16,0.3574,
1.0,0.9991,0.9685,0.9676,0.9697,0.9972,0.9954,0.9915,0.9862,0.9224,0.7365,0.9325,0.9081,0.8385,0.8019,0.8557,0.6848,0.8256,0.9403,0.7812,0.6129,0.956,0.7258,0.6253,0.61,0.607,0.8567,0.5591,0.6223,0.7776,0.5093,0.5513,0.3888,0.5954,0.6804,0.5854,0.5215,0.3179,0.4748,0.2655,0.5245,0.3128,0.2035,0.1685,0.3533,
1.0,0.9992,0.9685,0.9677,0.9686,0.997,0.9953,0.9902,0.9846,0.9222,0.7363,0.931,0.9052,0.8405,0.8025,0.8539,0.6872,0.8259,0.9397,0.7819,0.606,0.9518,0.7202,0.6193,0.5997,0.6106,0.8556,0.5655,0.6169,0.7861,0.5118,0.5543,0.3778,0.582,0.6808,0.5818,0.5224,0.3226,0.4739,0.255,0.5273,0.3165,0.212,0.1601,0.3486,
1.0,0.9987,0.9734,0.9721,0.9696,0.9972,0.9943,0.9897,0.986,0.9234,0.7344,0.9362,0.9072,0.84,0.7997,0.8601,0.6885,0.8275,0.9381,0.7806,0.6071,0.9509,0.7187,0.6263,0.6082,0.6052,0.8555,0.5642,0.6243,0.7789,0.5053,0.5519,0.3904,0.5952,0.6772,0.584,0.5199,0.3166,0.476,0.2599,0.5237,0.3097,0.2124,0.1596,0.3492,
1.0,0.9988,0.9668,0.9656,0.9703,0.9975,0.9959,0.99,0.9852,0.9232,0.7342,0.9312,0.9078,0.835,0.8004,0.8559,0.6811,0.8236,0.9445,0.7851,0.616,0.9549,0.7254,0.6214,0.6084,0.6162,0.8529,0.5634,0.6221,0.7821,0.5109,0.5399,0.3914,0.5897,0.6755,0.5946,0.5399,0.3115,0.4768,0.2688,0.5193,0.3168,0.2087,0.1762,0.3507,
1.0,0.9991,0.9662,0.9653,0.9709,0.9978,0.996,0.9906,0.9849,0.9245,0.7358,0.9307,0.909,0.8361,0.798,0.857,0.6821,0.8214,0.9404,0.7861,0.6127,0.9524,0.722,0.6237,0.6031,0.6117,0.8599,0.5687,0.618,0.7846,0.5045,0.549,0.3877,0.584,0.6757,0.5797,0.527,0.3099,0.4801,0.2587,0.5268,0.3068,0.2065,0.1677,0.3537,
1.0,0.999,0.9678,0.9668,0.9673,0.9975,0.9955,0.9911,0.9856,0.922,0.7313,0.931,0.9088,0.8345,0.8021,0.8546,0.6835,0.8217,0.9421,0.7832,0.6145,0.9521,0.7301,0.6232,0.6097,0.6132,0.8602,0.5695,0.6268,0.7836,0.5088,0.5517,0.3916,0.5874,0.6762,0.5816,0.5198,0.3207,0.4811,0.2677,0.5378,0.3072,0.2172,0.1662,0.3482,
1.0,0.9992,0.968,0.9672,0.9684,0.9974,0.9956,0.9921,0.986,0.9181,0.7325,0.9315,0.9049,0.8396,0.8053,0.8522,0.6841,0.8263,0.9416,0.7773,0.6085,0.9545,0.7188,0.6231,0.607,0.6112,0.8557,0.5676,0.6158,0.7762,0.4987,0.5538,0.3908,0.5853,0.6759,0.5821,0.5276,0.314,0.48,0.2606,0.5259,0.3113,0.2076,0.1623,0.3556,
1.0,0.9985,0.9701,0.9686,0.9704,0.9966,0.9935,0.9903,0.9858,0.9257,0.7416,0.9342,0.9097,0.8419,0.8045,0.8598,0.6898,0.829,0.9409,0.7862,0.615,0.9498,0.7236,0.6257,0.6064,0.6164,0.8594,0.5688,0.6216,0.7808,0.5005,0.5494,0.391,0.5888,0.6756,0.5848,0.5252,0.3139,0.4786,0.268,0.5237,0.3098,0.2152,0.1612,0.3553,
1.0,0.999,0.9661,0.9651,0.9695,0.9979,0.9955,0.9915,0.9864,0.9232,0.7399,0.9291,0.9083,0.8422,0.801,0.8532,0.6825,0.8285,0.9412,0.7746,0.6086,0.9536,0.7181,0.6192,0.6012,0.6152,0.8582,0.575,0.6162,0.7799,0.4971,0.5562,0.3841,0.5945,0.6725,0.5714,0.5121,0.32,0.482,0.2562,0.5238,0.3001,0.2013,0.1631,0.3618,
1.0,0.9988,0.9687,0.9675,0.9697,0.9968,0.9947,0.9916,0.9857,0.9276,0.7406,0.9329,0.9128,0.8394,0.8023,0.8626,0.6841,0.8261,0.9385,0.7848,0.6133,0.9532,0.7261,0.6204,0.6068,0.6145,0.8569,0.5661,0.6241,0.7869,0.5068,0.554,0.393,0.5934,0.6731,0.5823,0.514,0.3211,0.4809,0.2604,0.522,0.3162,0.2049,0.1605,0.3561,
1.0,0.9983,0.9691,0.9674,0.9682,0.9969,0.9943,0.9895,0.983,0.9202,0.7297,0.9292,0.9024,0.8399,0.7969,0.8523,0.6815,0.8279,0.944,0.7722,0.6102,0.9524,0.7171,0.6262,0.6058,0.6092,0.8549,0.5679,0.617,0.7761,0.4938,0.5558,0.3858,0.593,0.6799,0.5779,0.529,0.3169,0.4788,0.2571,0.5257,0.3039,0.2094,0.1677,0.3564,
1.0,0.9991,0.9654,0.9645,0.9683,0.998,0.9964,0.9914,0.9858,0.924,0.7345,0.9269,0.9088,0.8364,0.799,0.8536,0.6879,0.8228,0.9392,0.788,0.6098,0.9531,0.7239,0.6201,0.6022,0.6102,0.8655,0.5671,0.6188,0.7842,0.5082,0.5422,0.398,0.59,0.669,0.5856,0.5267,0.3189,0.4938,0.2632,0.5304,0.3168,0.2114,0.1708,0.3576,
1.0,0.9991,0.9657,0.9648,0.97,0.9976,0.9957,0.9903,0.9847,0.923,0.734,0.9294,0.9071,0.8383,0.8006,0.8535,0.6855,0.8244,0.9444,0.7846,0.6135,0.9547,0.7298,0.6248,0.6132,0.6195,0.8602,0.5716,0.6204,0.7797,0.5065,0.5484,0.3928,0.5927,0.6798,0.5894,0.5267,0.3176,0.4898,0.2622,0.5248,0.312,0.2048,0.1703,0.365,
1.0,0.9995,0.9695,0.969,0.9702,0.9973,0.9965,0.9915,0.9845,0.9254,0.7366,0.9354,0.9114,0.8379,0.8007,0.8609,0.6875,0.8246,0.9373,0.7893,0.6109,0.9519,0.7269,0.6234,0.6105,0.6122,0.862,0.5634,0.6239,0.7862,0.505,0.5441,0.3901,0.5958,0.6747,0.5824,0.5226,0.3118,0.4842,0.2651,0.5322,0.3136,0.2035,0.1668,0.3549,
1.0,0.9986,0.9638,0.9624,0.968,0.9972,0.9953,0.9913,0.9862,0.9195,0.7404,0.9247,0.9041,0.8475,0.8108,0.8461,0.6871,0.8344,0.9388,0.7726,0.6107,0.9523,0.7138,0.6208,0.6016,0.6161,0.8515,0.5709,0.6084,0.7757,0.4938,0.547,0.3777,0.5845,0.6644,0.5768,0.5199,0.3163,0.4719,0.264,0.5113,0.3047,0.2003,0.1589,0.3566,
1.0,0.999,0.9662,0.9652,0.971,0.9961,0.9941,0.9895,0.9855,0.9271,0.7426,0.9318,0.91,0.8414,0.8036,0.8612,0.6813,0.8309,0.9436,0.7871,0.6215,0.953,0.7343,0.63,0.62,0.6208,0.855,0.5703,0.6305,0.7831,0.506,0.5471,0.391,0.5966,0.6694,0.5971,0.5209,0.3161,0.4833,0.271,0.515,0.3152,0.1989,0.1635,0.3582,
1.0,0.9984,0.9678,0.9662,0.9683,0.9973,0.9949,0.9907,0.9848,0.9226,0.7337,0.9307,0.9087,0.8387,0.8017,0.8545,0.6792,0.8249,0.9391,0.7776,0.6111,0.9526,0.7255,0.6204,0.6105,0.615,0.8572,0.566,0.621,0.7804,0.4951,0.5544,0.3926,0.5928,0.6779,0.5811,0.5205,0.3205,0.4763,0.2603,0.5231,0.3091,0.2079,0.164,0.3497,
1.0,0.9992,0.971,0.9702,0.969,0.9974,0.9953,0.9913,0.9875,0.9213,0.7479,0.9345,0.906,0.852,0.8178,0.8564,0.7026,0.8399,0.9397,0.7788,0.6166,0.9541,0.7199,0.6343,0.6065,0.6231,0.8542,0.576,0.6188,0.7821,0.4986,0.5587,0.3805,0.5928,0.6744,0.5847,0.5157,0.3182,0.4778,0.2637,0.5219,0.3075,0.2069,0.1607,0.3576,
1.0,0.9989,0.9671,0.966,0.969,0.9965,0.9936,0.9895,0.9853,0.9229,0.7416,0.9293,0.905,0.8468,0.8063,0.8535,0.6848,0.8323,0.942,0.7743,0.6169,0.9523,0.7219,0.6281,0.6011,0.623,0.851,0.5753,0.6069,0.7817,0.5015,0.5561,0.3831,0.582,0.6735,0.5771,0.5305,0.3235,0.4748,0.256,0.5179,0.3042,0.2045,0.1664,0.3457,
1.0,0.9992,0.9677,0.9669,0.97,0.9967,0.9952,0.9926,0.9855,0.927,0.7347,0.9317,0.9121,0.8328,0.7947,0.859,0.6793,0.8176,0.9373,0.7884,0.607,0.9533,0.7217,0.6159,0.6071,0.6162,0.8555,0.5606,0.6193,0.783,0.506,0.5441,0.3974,0.5931,0.6664,0.5827,0.5128,0.3127,0.4778,0.2602,0.5177,0.3148,0.2102,0.1594,0.3566,
1.0,0.9981,0.967,0.9651,0.973,0.9977,0.9947,0.9903,0.9872,0.9256,0.7457,0.9326,0.9103,0.8425,0.8086,0.8595,0.6887,0.8315,0.9429,0.7862,0.6149,0.9533,0.7219,0.625,0.6079,0.623,0.8552,0.568,0.6204,0.7895,0.519,0.5498,0.3913,0.59,0.6728,0.5863,0.5222,0.3215,0.4755,0.2641,0.5195,0.3182,0.2156,0.166,0.3509,
1.0,0.9995,0.9695,0.969,0.968,0.9978,0.9967,0.9911,0.9858,0.9256,0.7373,0.932,0.9104,0.8432,0.8068,0.8589,0.6942,0.832,0.9429,0.7852,0.6088,0.9543,0.7175,0.6211,0.6052,0.6154,0.8573,0.575,0.6246,0.7813,0.5091,0.561,0.3899,0.6054,0.6803,0.5835,0.5253,0.3195,0.4905,0.2658,0.5348,0.3161,0.2202,0.1647,0.366,
1.0,0.9987,0.9675,0.9662,0.9685,0.9974,0.9944,0.9897,0.9839,0.9207,0.7299,0.9288,0.9039,0.8369,0.7995,0.852,0.6807,0.8206,0.94,0.7787,0.6067,0.9505,0.7146,0.6195,0.6007,0.6069,0.8538,0.561,0.6119,0.7751,0.4998,0.5489,0.3904,0.593,0.6787,0.5819,0.5224,0.3073,0.4788,0.2566,0.5243,0.3104,0.2075,0.1559,0.3535,
1.0,0.9987,0.9684,0.9671,0.9706,0.9964,0.9941,0.9899,0.9854,0.9251,0.7358,0.9322,0.9075,0.8377,0.7987,0.8578,0.6781,0.8249,0.9429,0.7805,0.6103,0.9506,0.7221,0.6243,0.6066,0.6183,0.8512,0.5658,0.6175,0.7853,0.5088,0.5531,0.3875,0.5902,0.6774,0.5814,0.5212,0.3168,0.473,0.2617,0.5195,0.3125,0.2149,0.161,0.3514,
1.0,0.9991,0.969,0.9681,0.9693,0.9975,0.996,0.9923,0.9862,0.9206,0.7349,0.9322,0.9066,0.8426,0.805,0.8545,0.6915,0.8289,0.9396,0.7824,0.6093,0.9529,0.7195,0.6234,0.6021,0.6096,0.8605,0.5671,0.6173,0.7796,0.5044,0.55,0.391,0.5861,0.6706,0.5758,0.5164,0.318,0.4795,0.2638,0.5225,0.3078,0.2081,0.1617,0.3582,
1.0,0.999,0.9675,0.9665,0.9687,0.9968,0.995,0.9906,0.9832,0.9222,0.7323,0.9294,0.9048,0.839,0.8009,0.8534,0.6872,0.8248,0.9377,0.7862,0.6091,0.9515,0.7207,0.6188,0.6088,0.6117,0.8589,0.5678,0.6231,0.7803,0.5013,0.5494,0.3908,0.5941,0.6752,0.5852,0.5215,0.3155,0.4812,0.2637,0.5278,0.3132,0.208,0.1625,0.3627,
1.0,0.9989,0.9651,0.964,0.967,0.9963,0.9942,0.9905,0.9861,0.9287,0.7417,0.926,0.9124,0.8413,0.8035,0.8563,0.6833,0.8298,0.9432,0.7845,0.6265,0.9562,0.7423,0.6314,0.6117,0.6167,0.859,0.5692,0.6283,0.7865,0.5063,0.5562,0.3897,0.5953,0.6802,0.5954,0.5144,0.3141,0.4821,0.2613,0.5256,0.3118,0.207,0.1651,0.3637,
1.0,0.9992,0.9677,0.9669,0.9706,0.9976,0.9954,0.9897,0.9855,0.9267,0.7436,0.9318,0.9099,0.843,0.8057,0.8599,0.6941,0.8288,0.9391,0.7905,0.6125,0.9515,0.72,0.6219,0.5967,0.6134,0.8629,0.5701,0.6146,0.786,0.5038,0.5475,0.3796,0.5868,0.6757,0.5723,0.518,0.3136,0.4768,0.2635,0.5261,0.3037,0.205,0.1605,0.3552,
1.0,0.9988,0.9674,0.9662,0.9687,0.9973,0.9952,0.991,0.9854,0.9247,0.7319,0.9306,0.9109,0.8337,0.7982,0.8575,0.685,0.8199,0.9406,0.7893,0.6071,0.953,0.7203,0.6178,0.6112,0.6158,0.8609,0.5711,0.6244,0.7813,0.5063,0.5574,0.3916,0.5914,0.6749,0.5854,0.5304,0.3195,0.4836,0.2677,0.531,0.3131,0.2076,0.1675,0.3568,
1.0,0.9992,0.969,0.9682,0.9649,0.9971,0.9955,0.9913,0.9852,0.9254,0.7282,0.9275,0.9091,0.836,0.7977,0.8546,0.6829,0.8221,0.9398,0.7815,0.6091,0.9532,0.724,0.6177,0.6027,0.6065,0.8584,0.5639,0.6199,0.7772,0.4986,0.5469,0.3886,0.5869,0.674,0.5832,0.5127,0.3135,0.4795,0.2531,0.5227,0.3092,0.1981,0.1555,0.3505,
1.0,0.9982,0.9657,0.9639,0.9701,0.9972,0.9948,0.9895,0.9854,0.927,0.7421,0.9285,0.9112,0.8412,0.8038,0.8576,0.6864,0.8302,0.9415,0.7883,0.616,0.9514,0.7256,0.6204,0.6049,0.6185,0.8597,0.5682,0.6205,0.7845,0.5013,0.5515,0.3782,0.5831,0.6764,0.5861,0.5182,0.3124,0.4778,0.2638,0.5279,0.3057,0.208,0.1584,0.3523,
1.0,0.9991,0.9671,0.9662,0.9726,0.9963,0.9943,0.9892,0.9825,0.9245,0.7385,0.9332,0.9061,0.84,0.7991,0.8592,0.6804,0.8251,0.9363,0.7831,0.6097,0.951,0.7194,0.6224,0.6026,0.6154,0.8485,0.5646,0.6181,0.7816,0.5091,0.5466,0.3823,0.588,0.6716,0.5819,0.5241,0.3132,0.4762,0.2603,0.5262,0.3124,0.2106,0.167,0.3525,
1.0,0.9992,0.9704,0.9696,0.9702,0.9979,0.9963,0.9902,0.984,0.9254,0.7333,0.9344,0.9096,0.8351,0.7953,0.8608,0.6809,0.8228,0.9393,0.7825,0.6091,0.9535,0.7248,0.6222,0.6089,0.6086,0.8555,0.5627,0.6291,0.7814,0.5102,0.5504,0.3909,0.5909,0.6751,0.5829,0.5248,0.3154,0.4739,0.267,0.5289,0.3103,0.2131,0.1636,0.3522,
1.0,0.9982,0.9678,0.966,0.97,0.9972,0.9945,0.9915,0.9857,0.9247,0.7374,0.9315,0.9117,0.8386,0.8026,0.8575,0.6822,0.8249,0.9329,0.7825,0.6033,0.9513,0.723,0.6113,0.6036,0.6054,0.8585,0.5534,0.6235,0.7838,0.4924,0.5379,0.3818,0.5903,0.6686,0.576,0.5079,0.3149,0.4689,0.2624,0.5231,0.3037,0.2068,0.1511,0.3486,
1.0,0.9982,0.9702,0.9684,0.9678,0.9969,0.994,0.9902,0.9859,0.9235,0.7302,0.9312,0.9087,0.8353,0.7979,0.8559,0.6816,0.8228,0.941,0.7809,0.6038,0.9533,0.7241,0.6174,0.6096,0.6098,0.8566,0.5635,0.6187,0.7834,0.5039,0.5461,0.3886,0.5861,0.6762,0.5855,0.5235,0.3204,0.4801,0.2551,0.5217,0.3152,0.2096,0.1613,0.3542,
1.0,0.9987,0.9665,0.9652,0.9696,0.9968,0.9945,0.9914,0.9849,0.9268,0.7425,0.9298,0.9118,0.8428,0.8046,0.8575,0.6916,0.8275,0.9354,0.7915,0.6171,0.9534,0.7267,0.6223,0.6052,0.6129,0.8625,0.5656,0.6219,0.7848,0.4957,0.5431,0.3881,0.595,0.6742,0.5869,0.5272,0.3092,0.4906,0.2755,0.525,0.3135,0.197,0.163,0.3617,
1.0,0.999,0.9694,0.9684,0.9706,0.9968,0.9942,0.9915,0.9872,0.9242,0.7399,0.9337,0.9088,0.8401,0.8063,0.859,0.6846,0.8261,0.9412,0.7799,0.6081,0.953,0.7129,0.6206,0.5983,0.6178,0.8482,0.5642,0.6124,0.7819,0.5101,0.5492,0.3889,0.5916,0.6757,0.5761,0.5194,0.3153,0.4769,0.257,0.5213,0.3139,0.21,0.1596,0.3498,
1.0,0.9987,0.9703,0.969,0.9707,0.9979,0.9962,0.9901,0.9856,0.9262,0.7422,0.9351,0.9124,0.8395,0.8027,0.863,0.683,0.829,0.9482,0.7823,0.6184,0.9523,0.7233,0.6306,0.6105,0.6226,0.8549,0.5658,0.6264,0.782,0.5184,0.5516,0.3911,0.5869,0.6844,0.5903,0.5178,0.3263,0.4803,0.259,0.5255,0.3179,0.2072,0.1589,0.3503,
1.0,0.9991,0.9669,0.966,0.9684,0.9979,0.9955,0.9903,0.9859,0.9193,0.7294,0.929,0.9035,0.8342,0.7966,0.8496,0.6822,0.8201,0.9386,0.7788,0.5991,0.9517,0.7144,0.6136,0.598,0.6047,0.8575,0.5589,0.6109,0.7751,0.494,0.5449,0.3816,0.5855,0.6731,0.567,0.521,0.3098,0.4742,0.2579,0.5297,0.3044,0.1994,0.1607,0.3479,
1.0,0.9985,0.9682,0.9667,0.9697,0.9987,0.9961,0.9902,0.9852,0.9207,0.7286,0.9315,0.9064,0.834,0.7971,0.8536,0.6796,0.8199,0.9387,0.7782,0.6024,0.9561,0.7212,0.6197,0.6106,0.6039,0.8577,0.555,0.6202,0.7811,0.4994,0.5442,0.3942,0.5988,0.6789,0.5842,0.5236,0.3102,0.4929,0.2544,0.5284,0.3134,0.2077,0.1707,0.3517,
1.0,0.9988,0.963,0.9618,0.9668,0.9967,0.9946,0.9902,0.9844,0.9283,0.7333,0.9224,0.9108,0.8353,0.797,0.852,0.6825,0.8227,0.9417,0.787,0.6129,0.9542,0.7314,0.6183,0.6061,0.6113,0.8603,0.5635,0.6171,0.7829,0.5052,0.5363,0.3804,0.5836,0.6644,0.5864,0.5218,0.31,0.4875,0.2573,0.5169,0.3122,0.2032,0.1659,0.3537,
1.0,0.9992,0.9677,0.9669,0.9683,0.9981,0.9963,0.9906,0.9846,0.9191,0.7221,0.9299,0.9037,0.8297,0.7925,0.8507,0.675,0.8158,0.9393,0.7772,0.6022,0.9529,0.7194,0.6152,0.6089,0.6016,0.8561,0.5612,0.6209,0.7772,0.5018,0.5468,0.389,0.592,0.6713,0.5803,0.5291,0.3165,0.4723,0.265,0.5168,0.3065,0.2066,0.1642,0.3441,
1.0,0.9996,0.9669,0.9665,0.9692,0.9967,0.9951,0.9907,0.9852,0.9226,0.7391,0.9304,0.9064,0.8418,0.8036,0.8542,0.6863,0.8277,0.937,0.7824,0.6082,0.9529,0.724,0.6208,0.6039,0.6089,0.8579,0.5632,0.6188,0.7777,0.4929,0.5436,0.3807,0.5886,0.6743,0.5809,0.5229,0.3115,0.4845,0.2613,0.5294,0.3062,0.2023,0.1679,0.3533,
1.0,0.9992,0.9691,0.9683,0.9714,0.9975,0.9957,0.9909,0.9848,0.928,0.7388,0.9353,0.913,0.8396,0.8001,0.8638,0.6861,0.8253,0.9434,0.7903,0.6142,0.9517,0.7209,0.6238,0.6013,0.6178,0.8581,0.5724,0.6245,0.7859,0.5133,0.5575,0.3865,0.5927,0.6816,0.588,0.527,0.3183,0.4782,0.2643,0.5272,0.3109,0.2146,0.1629,0.3522,
1.0,0.999,0.9667,0.9657,0.9683,0.9979,0.9958,0.9911,0.9855,0.9293,0.741,0.9285,0.9145,0.8408,0.8047,0.8599,0.6847,0.8266,0.9394,0.7862,0.615,0.9544,0.7282,0.6207,0.6061,0.6166,0.8553,0.5694,0.6251,0.7882,0.5127,0.5514,0.3883,0.5919,0.6705,0.5817,0.5195,0.3136,0.4814,0.2657,0.5177,0.3184,0.2142,0.1598,0.3581,
1.0,0.9989,0.9707,0.9696,0.9688,0.9971,0.995,0.9904,0.9842,0.9251,0.7409,0.9323,0.9082,0.8444,0.8041,0.8585,0.6911,0.8311,0.9442,0.7829,0.6178,0.9549,0.723,0.6296,0.6008,0.6222,0.8568,0.5792,0.6168,0.7864,0.5139,0.5674,0.3929,0.592,0.6827,0.5816,0.5249,0.323,0.4786,0.2577,0.5225,0.3112,0.2132,0.1678,0.353,
1.0,0.9987,0.973,0.9717,0.9676,0.9976,0.9948,0.9891,0.9846,0.9247,0.7335,0.9329,0.9062,0.8374,0.7978,0.8586,0.6854,0.824,0.9395,0.779,0.6128,0.9522,0.7218,0.6243,0.611,0.6124,0.8523,0.5659,0.6229,0.7768,0.4979,0.5526,0.3905,0.5884,0.673,0.5779,0.5208,0.3086,0.4681,0.2627,0.5263,0.3006,0.2068,0.166,0.3464,
1.0,0.9989,0.9669,0.9658,0.9661,0.9972,0.9942,0.9899,0.9858,0.9233,0.7321,0.9269,0.9072,0.8386,0.8007,0.8526,0.6836,0.8246,0.9381,0.7792,0.6094,0.9518,0.7194,0.6193,0.5968,0.6041,0.8551,0.5647,0.6146,0.7757,0.5059,0.5435,0.387,0.5804,0.6727,0.5834,0.5243,0.3185,0.4728,0.2576,0.5224,0.3119,0.2101,0.1654,0.3519,
1.0,0.9991,0.9696,0.9687,0.9683,0.9985,0.9965,0.9909,0.9864,0.9225,0.7387,0.9315,0.9079,0.8426,0.8047,0.8547,0.6857,0.8309,0.9436,0.7737,0.6172,0.9572,0.7288,0.6309,0.6106,0.6163,0.8563,0.5718,0.6221,0.7883,0.5114,0.5612,0.3973,0.601,0.6816,0.5863,0.5236,0.3274,0.4848,0.2625,0.5233,0.3208,0.2089,0.1691,0.3652,
1.0,0.9992,0.9692,0.9684,0.9688,0.9972,0.9953,0.9897,0.9837,0.9194,0.7288,0.9314,0.9022,0.8378,0.8001,0.8518,0.6865,0.8235,0.9365,0.7806,0.6019,0.9511,0.7159,0.6167,0.6069,0.6043,0.8552,0.5595,0.6209,0.7747,0.5012,0.5433,0.3866,0.5871,0.6673,0.5734,0.5068,0.3185,0.4768,0.2547,0.5178,0.3082,0.2004,0.1589,0.3509,
1.0,0.999,0.9688,0.9678,0.9727,0.9978,0.9957,0.9907,0.986,0.9226,0.7362,0.9353,0.9072,0.8373,0.8019,0.859,0.6876,0.8249,0.9439,0.7876,0.6095,0.9515,0.7207,0.6282,0.6108,0.6199,0.8559,0.5739,0.6208,0.7876,0.5063,0.5591,0.3943,0.5883,0.6807,0.5852,0.5225,0.3208,0.4738,0.2547,0.5185,0.3125,0.2083,0.1661,0.3477,
1.0,0.9986,0.9674,0.966,0.9678,0.9982,0.9956,0.9895,0.9848,0.9214,0.7324,0.9283,0.9062,0.8386,0.7998,0.8507,0.6813,0.8257,0.9414,0.7778,0.6126,0.9533,0.7248,0.6243,0.6107,0.6133,0.8533,0.5659,0.6258,0.7786,0.499,0.5532,0.391,0.5913,0.6761,0.5884,0.5163,0.315,0.4802,0.2662,0.5219,0.31,0.2023,0.1652,0.3524,
1.0,0.9992,0.9674,0.9666,0.9657,0.9982,0.9958,0.9892,0.9842,0.9238,0.737,0.9265,0.9068,0.8445,0.8054,0.8528,0.6897,0.8311,0.9382,0.7821,0.6129,0.9541,0.7226,0.6223,0.6034,0.6135,0.8545,0.5739,0.6218,0.7804,0.5113,0.5639,0.3866,0.5946,0.6738,0.5802,0.5222,0.3265,0.4775,0.2674,0.5215,0.3212,0.214,0.156,0.3632,
1.0,0.9986,0.9658,0.9644,0.9693,0.9977,0.9953,0.9908,0.9838,0.9259,0.7353,0.9293,0.9118,0.8364,0.797,0.8567,0.6761,0.8215,0.938,0.7819,0.6056,0.9532,0.7234,0.613,0.5952,0.6119,0.8578,0.5633,0.6132,0.7873,0.5023,0.5464,0.3821,0.586,0.6693,0.5734,0.5222,0.3142,0.4752,0.2591,0.5216,0.3095,0.2047,0.1625,0.346,
1.0,0.9986,0.9684,0.967,0.9696,0.9975,0.9948,0.9894,0.9852,0.9255,0.7424,0.9318,0.9089,0.8459,0.8074,0.8579,0.6905,0.833,0.9408,0.7831,0.6172,0.9493,0.7253,0.6267,0.6063,0.617,0.8583,0.575,0.6234,0.7892,0.505,0.5606,0.3859,0.5922,0.6709,0.5837,0.5173,0.317,0.4757,0.2672,0.5201,0.3106,0.2059,0.1625,0.3508,
1.0,0.9989,0.9669,0.9658,0.9678,0.9974,0.9953,0.9909,0.9858,0.9246,0.7318,0.9294,0.9098,0.8357,0.7975,0.8538,0.683,0.8225,0.9428,0.784,0.6088,0.952,0.7236,0.6166,0.6021,0.6089,0.8597,0.5632,0.6189,0.779,0.5023,0.5487,0.3842,0.5861,0.6753,0.5777,0.5208,0.3096,0.4768,0.2593,0.5264,0.3078,0.2051,0.158,0.353,
1.0,0.9989,0.9682,0.9671,0.9683,0.997,0.9948,0.9914,0.9866,0.919,0.7308,0.9295,0.9035,0.8361,0.8015,0.8515,0.6818,0.8242,0.9425,0.7786,0.6041,0.9573,0.7135,0.6169,0.6007,0.6084,0.8557,0.5634,0.6129,0.7781,0.5044,0.5467,0.3817,0.5978,0.6749,0.5694,0.5193,0.3103,0.4788,0.2569,0.5221,0.3066,0.2028,0.1622,0.3613,
1.0,0.9991,0.9652,0.9643,0.972,0.9976,0.9963,0.9922,0.9871,0.9167,0.7373,0.9303,0.9015,0.8431,0.805,0.8495,0.6793,0.8313,0.9414,0.7708,0.6103,0.9574,0.7144,0.6251,0.6045,0.6096,0.8507,0.5668,0.6135,0.7836,0.5104,0.5566,0.3906,0.5955,0.6757,0.5813,0.517,0.3237,0.4812,0.2524,0.5181,0.314,0.2086,0.1651,0.3614,
1.0,0.9996,0.9664,0.966,0.9669,0.9974,0.9965,0.9908,0.9844,0.9265,0.7346,0.9272,0.9105,0.8366,0.7991,0.8554,0.6805,0.8245,0.9443,0.7842,0.6177,0.9544,0.729,0.6261,0.6048,0.6115,0.8553,0.5596,0.6257,0.7815,0.5021,0.5454,0.3843,0.5917,0.6753,0.5927,0.5221,0.3126,0.4822,0.2617,0.5224,0.3092,0.2063,0.1618,0.3482,
1.0,0.999,0.9664,0.9654,0.971,0.9973,0.9955,0.9901,0.9846,0.9255,0.7395,0.9315,0.9092,0.8392,0.7997,0.8582,0.679,0.8265,0.9397,0.7809,0.6161,0.9504,0.7266,0.6226,0.6133,0.6164,0.8536,0.5651,0.6286,0.7848,0.5016,0.5517,0.3891,0.5885,0.6715,0.586,0.5152,0.316,0.4711,0.2666,0.5203,0.307,0.206,0.1636,0.3466,
1.0,0.9988,0.9687,0.9675,0.9697,0.9971,0.9949,0.9912,0.986,0.9234,0.7381,0.9325,0.9085,0.8421,0.8056,0.8567,0.6918,0.8286,0.9404,0.7881,0.612,0.9557,0.7249,0.6265,0.6092,0.6128,0.8622,0.5774,0.6161,0.788,0.5134,0.5537,0.3896,0.5927,0.6721,0.5849,0.5254,0.3261,0.4824,0.2578,0.5235,0.3178,0.2065,0.1632,0.3577,
1.0,0.9983,0.9689,0.9672,0.9695,0.9979,0.9956,0.9908,0.9852,0.9321,0.7387,0.9312,0.9173,0.8337,0.7984,0.8645,0.6822,0.8215,0.9429,0.7928,0.6103,0.9558,0.7265,0.6134,0.6015,0.6198,0.8581,0.5676,0.6133,0.797,0.524,0.5464,0.3932,0.5892,0.6729,0.585,0.5222,0.3204,0.4797,0.2531,0.5231,0.319,0.213,0.1607,0.3506,
1.0,0.9992,0.9687,0.9679,0.9712,0.9979,0.9954,0.9912,0.9854,0.9177,0.7329,0.9325,0.9017,0.838,0.7992,0.8523,0.682,0.8232,0.9385,0.7737,0.6119,0.9521,0.7169,0.6294,0.6149,0.6141,0.8543,0.5663,0.623,0.78,0.4965,0.5569,0.3974,0.5972,0.6806,0.5797,0.5162,0.3119,0.4797,0.2595,0.5328,0.3093,0.2182,0.167,0.354,
1.0,0.9989,0.9679,0.9668,0.9708,0.9978,0.9955,0.9898,0.9837,0.9242,0.7351,0.931,0.9066,0.8368,0.7946,0.8559,0.6856,0.8233,0.9386,0.7841,0.6067,0.9558,0.7229,0.6205,0.6051,0.6096,0.8558,0.5603,0.6135,0.7769,0.5049,0.5467,0.389,0.5871,0.6745,0.5762,0.5276,0.3085,0.484,0.257,0.5302,0.3131,0.2071,0.1644,0.3517,
1.0,0.9989,0.9685,0.9674,0.972,0.9969,0.9944,0.99,0.9848,0.9247,0.7397,0.9342,0.9077,0.8404,0.8018,0.8602,0.6915,0.8269,0.9384,0.7912,0.6108,0.9542,0.7242,0.6235,0.6126,0.6142,0.8612,0.5668,0.625,0.7795,0.4996,0.5507,0.384,0.5939,0.6798,0.5876,0.5323,0.3077,0.4801,0.2718,0.5301,0.3112,0.2081,0.1655,0.3631,
1.0,0.9986,0.9659,0.9645,0.9706,0.9975,0.9954,0.9907,0.9842,0.9184,0.7272,0.9299,0.903,0.8353,0.7952,0.8495,0.6781,0.8214,0.9396,0.7777,0.6027,0.9551,0.7192,0.6206,0.605,0.6042,0.8563,0.5611,0.6106,0.7757,0.4972,0.5401,0.3829,0.585,0.6681,0.5728,0.5153,0.3145,0.476,0.2516,0.5241,0.3029,0.2005,0.163,0.3459,
1.0,0.999,0.9708,0.9698,0.9676,0.9978,0.9961,0.9906,0.9849,0.9225,0.7336,0.9322,0.9074,0.8376,0.7973,0.8554,0.6843,0.8251,0.9415,0.7766,0.6117,0.9512,0.7237,0.6258,0.6054,0.6077,0.8589,0.5639,0.6179,0.7797,0.5,0.549,0.3918,0.5899,0.6721,0.5795,0.5158,0.3198,0.4775,0.2497,0.5199,0.3089,0.2029,0.1681,0.35,
1.0,0.9989,0.9673,0.9662,0.9707,0.9972,0.9954,0.991,0.985,0.9201,0.7328,0.9317,0.9053,0.8367,0.7992,0.8534,0.6804,0.8231,0.94,0.779,0.6056,0.9498,0.7129,0.6208,0.6055,0.6104,0.8537,0.5651,0.6175,0.7789,0.5061,0.5482,0.391,0.5869,0.6713,0.578,0.518,0.3119,0.475,0.2568,0.5209,0.313,0.2125,0.1663,0.3453,
1.0,0.9992,0.9666,0.9658,0.9716,0.9963,0.9944,0.991,0.985,0.9263,0.7418,0.9307,0.9083,0.8409,0.8004,0.8582,0.6838,0.8263,0.938,0.7854,0.6081,0.9502,0.7185,0.6204,0.6,0.6178,0.8556,0.5655,0.6189,0.7824,0.5035,0.5506,0.3914,0.5884,0.6788,0.5802,0.5264,0.3133,0.4767,0.265,0.5247,0.3161,0.2122,0.1641,0.3609,
1.0,0.9988,0.9671,0.9659,0.9685,0.997,0.9945,0.9898,0.9857,0.9235,0.7342,0.929,0.9059,0.8397,0.802,0.8533,0.6837,0.8278,0.9415,0.7804,0.6149,0.9523,0.7271,0.6274,0.6068,0.613,0.8569,0.5694,0.6167,0.7808,0.4919,0.5464,0.3833,0.5878,0.6695,0.5777,0.5232,0.3051,0.4798,0.2605,0.5165,0.2994,0.2004,0.166,0.355,
1.0,0.9987,0.9681,0.9668,0.9707,0.997,0.9953,0.9899,0.984,0.9299,0.7374,0.9323,0.9137,0.8343,0.794,0.8628,0.6772,0.8205,0.9411,0.7887,0.6092,0.951,0.7279,0.6178,0.6032,0.614,0.8579,0.5652,0.6226,0.7883,0.5187,0.5486,0.3898,0.5877,0.6795,0.5841,0.5214,0.3149,0.4748,0.2601,0.528,0.3173,0.208,0.1635,0.3467,
1.0,0.9989,0.9696,0.9685,0.9691,0.9965,0.9947,0.9918,0.9847,0.9255,0.7359,0.9299,0.9075,0.839,0.8026,0.8561,0.6886,0.8261,0.9418,0.7858,0.6149,0.9561,0.7241,0.626,0.6056,0.6151,0.8559,0.5636,0.6195,0.7857,0.5092,0.546,0.3881,0.5974,0.6788,0.5827,0.5111,0.3124,0.486,0.2544,0.5284,0.3117,0.2148,0.1602,0.3635,
1.0,0.9988,0.9675,0.9663,0.9677,0.998,0.9962,0.9908,0.9843,0.9223,0.7302,0.9287,0.9079,0.8332,0.7954,0.8536,0.6765,0.8191,0.941,0.777,0.6124,0.9536,0.7233,0.6194,0.6065,0.6091,0.8551,0.5597,0.6199,0.7827,0.5002,0.5451,0.3875,0.5891,0.6702,0.5822,0.5172,0.3128,0.4782,0.2574,0.5181,0.3039,0.2081,0.1645,0.3421,
1.0,0.9992,0.9708,0.97,0.9716,0.996,0.994,0.9903,0.985,0.9226,0.7408,0.9362,0.9056,0.8422,0.804,0.8592,0.6956,0.8292,0.9383,0.7877,0.6158,0.9523,0.7265,0.6335,0.6156,0.6189,0.8611,0.5769,0.6206,0.7847,0.5044,0.5591,0.3964,0.5954,0.6735,0.586,0.5333,0.3124,0.4875,0.2697,0.5319,0.3156,0.2099,0.1738,0.3588,
1.0,0.998,0.9662,0.9642,0.9726,0.9971,0.994,0.9913,0.9864,0.9254,0.7416,0.9309,0.9104,0.8374,0.7994,0.8579,0.6806,0.8257,0.9442,0.7822,0.6137,0.9528,0.7215,0.6232,0.6014,0.6185,0.8586,0.564,0.6148,0.7848,0.5041,0.5456,0.3869,0.5822,0.6717,0.5786,0.5211,0.3148,0.4747,0.257,0.5157,0.3081,0.2104,0.1609,0.3511,
1.0,0.9988,0.9633,0.9621,0.9695,0.9976,0.9956,0.9921,0.9865,0.9178,0.7333,0.9272,0.9048,0.8403,0.8033,0.8467,0.6796,0.8279,0.9419,0.7762,0.613,0.9539,0.7208,0.6251,0.6065,0.6099,0.8565,0.5679,0.6195,0.774,0.4997,0.5549,0.3906,0.5831,0.6783,0.5853,0.5195,0.3186,0.479,0.2568,0.5255,0.3028,0.2054,0.1626,0.3515,
1.0,0.9986,0.9681,0.9667,0.9679,0.9968,0.9947,0.9915,0.9858,0.925,0.7404,0.929,0.9099,0.8423,0.8075,0.8551,0.6936,0.8287,0.9398,0.7882,0.6091,0.9529,0.7177,0.6175,0.5998,0.6175,0.8574,0.5701,0.619,0.7855,0.5072,0.551,0.3846,0.5854,0.6714,0.5774,0.515,0.3124,0.4774,0.257,0.5231,0.31,0.2096,0.1574,0.3589,
1.0,0.9991,0.9673,0.9664,0.9703,0.997,0.9947,0.9896,0.9854,0.9204,0.734,0.9309,0.9029,0.8378,0.7989,0.8527,0.6819,0.8261,0.9437,0.7797,0.6026,0.9541,0.7161,0.6172,0.6011,0.6086,0.8533,0.5663,0.6123,0.7781,0.5094,0.5444,0.3807,0.5931,0.6763,0.5843,0.5263,0.3159,0.4823,0.2605,0.5244,0.3169,0.2084,0.162,0.3526,
1.0,0.9982,0.9693,0.9675,0.9713,0.9974,0.9944,0.9893,0.9848,0.9219,0.7336,0.934,0.9065,0.8359,0.7983,0.8575,0.6844,0.8232,0.9378,0.7851,0.6041,0.9531,0.721,0.621,0.6081,0.6066,0.8552,0.5625,0.6197,0.7781,0.5039,0.54,0.3847,0.5886,0.6711,0.5831,0.523,0.3118,0.4729,0.2638,0.5252,0.3074,0.2014,0.1642,0.3507,
1.0,0.9989,0.9678,0.9667,0.9681,0.9977,0.996,0.9903,0.9858,0.925,0.745,0.9289,0.9088,0.8462,0.81,0.8562,0.6971,0.8341,0.9424,0.7862,0.6129,0.9537,0.7179,0.6232,0.6,0.6221,0.8587,0.5768,0.6161,0.7863,0.5122,0.566,0.3868,0.5943,0.6862,0.5772,0.5217,0.3268,0.4819,0.2628,0.5326,0.3148,0.2201,0.1593,0.3689,
1.0,0.9994,0.9704,0.9698,0.968,0.9974,0.9953,0.9911,0.9863,0.9272,0.7425,0.9335,0.9122,0.8415,0.8061,0.8622,0.6879,0.828,0.9386,0.7838,0.6169,0.9541,0.7269,0.6242,0.603,0.6166,0.8549,0.5672,0.6217,0.786,0.503,0.5512,0.3928,0.5947,0.6731,0.5819,0.5198,0.3147,0.4772,0.266,0.5226,0.3097,0.2082,0.1709,0.3513,
1.0,0.9989,0.9666,0.9655,0.9685,0.9969,0.995,0.9906,0.9847,0.9261,0.7387,0.9294,0.9107,0.8409,0.8032,0.8565,0.6859,0.8279,0.9419,0.7851,0.6178,0.9551,0.7296,0.626,0.6032,0.6146,0.8575,0.567,0.6178,0.784,0.5063,0.5478,0.3867,0.5857,0.676,0.5896,0.534,0.3157,0.4776,0.2595,0.5208,0.3092,0.2017,0.1669,0.3553,
1.0,0.9982,0.9655,0.9637,0.9717,0.9975,0.9947,0.99,0.9857,0.9244,0.7397,0.9311,0.91,0.838,0.8015,0.8563,0.6873,0.826,0.9396,0.7905,0.6082,0.9515,0.7194,0.6176,0.602,0.6167,0.8611,0.5712,0.616,0.7848,0.5085,0.5511,0.3877,0.5798,0.6723,0.5838,0.5297,0.3192,0.4733,0.2625,0.5259,0.3088,0.2154,0.1628,0.3478,
1.0,0.9986,0.9661,0.9647,0.9712,0.9968,0.9945,0.9903,0.986,0.9232,0.736,0.9311,0.9069,0.8367,0.802,0.8561,0.6832,0.8254,0.9457,0.7878,0.6099,0.9537,0.7212,0.6196,0.6065,0.6209,0.8603,0.5737,0.6111,0.7858,0.5139,0.549,0.3909,0.5838,0.6668,0.5812,0.5281,0.3226,0.4835,0.2619,0.5229,0.3091,0.21,0.1734,0.3526,
1.0,0.9989,0.9668,0.9657,0.9699,0.9966,0.9943,0.9903,0.9861,0.9212,0.7327,0.9306,0.905,0.8378,0.802,0.8535,0.6878,0.8258,0.9412,0.7851,0.6027,0.9506,0.7133,0.6166,0.6088,0.6116,0.8584,0.5701,0.62,0.7776,0.5064,0.5516,0.3962,0.5956,0.6697,0.5744,0.5234,0.3232,0.484,0.2622,0.5208,0.3178,0.2021,0.1614,0.3625,
1.0,0.9987,0.9705,0.9692,0.971,0.998,0.9958,0.9905,0.9849,0.9191,0.739,0.9357,0.9047,0.8447,0.809,0.8553,0.6947,0.8319,0.9364,0.7836,0.609,0.9524,0.7193,0.6257,0.6045,0.6171,0.8576,0.5681,0.6171,0.7751,0.4886,0.554,0.3876,0.5813,0.6734,0.5697,0.5201,0.3123,0.4673,0.2592,0.5246,0.3004,0.2035,0.1644,0.344,
1.0,0.9986,0.966,0.9646,0.9674,0.9977,0.9955,0.9894,0.984,0.928,0.7368,0.9265,0.9117,0.8386,0.7984,0.855,0.6828,0.827,0.9432,0.7843,0.6139,0.9517,0.722,0.6218,0.5985,0.6159,0.8563,0.5645,0.6184,0.7804,0.5038,0.5435,0.3838,0.5866,0.6688,0.5761,0.5132,0.3178,0.4724,0.2571,0.5158,0.3082,0.2095,0.1555,0.352,
1.0,0.9991,0.9686,0.9677,0.9713,0.9982,0.9962,0.9906,0.9851,0.9242,0.7394,0.9328,0.9086,0.8414,0.8025,0.8576,0.6908,0.8279,0.9396,0.7859,0.6077,0.953,0.7234,0.6241,0.6085,0.6176,0.8593,0.5705,0.6208,0.7856,0.5074,0.5541,0.3938,0.5911,0.6735,0.5815,0.5297,0.3224,0.4815,0.2618,0.5312,0.3115,0.2053,0.1711,0.3546,
1.0,0.9988,0.9667,0.9655,0.9686,0.9977,0.9955,0.9913,0.9864,0.9244,0.7397,0.9286,0.909,0.8426,0.8087,0.8547,0.6926,0.8291,0.935,0.7867,0.6094,0.9513,0.7203,0.6189,0.598,0.6125,0.8586,0.5696,0.6152,0.7857,0.5044,0.5474,0.3901,0.5813,0.6673,0.5716,0.5078,0.3174,0.4751,0.2584,0.5263,0.3048,0.209,0.1559,0.3517,
1.0,0.998,0.9718,0.9698,0.9704,0.9967,0.9941,0.9897,0.9839,0.9232,0.7351,0.9342,0.9066,0.8381,0.7994,0.859,0.6814,0.8256,0.9414,0.779,0.6146,0.9548,0.7248,0.627,0.6124,0.6123,0.851,0.5629,0.6239,0.7819,0.5151,0.5494,0.3945,0.5894,0.6756,0.5896,0.5244,0.317,0.4735,0.263,0.5199,0.3155,0.2089,0.1597,0.3485,
1.0,0.9993,0.9652,0.9645,0.9719,0.9974,0.9958,0.9885,0.9824,0.9238,0.7405,0.9319,0.9061,0.8449,0.8033,0.8569,0.6838,0.8311,0.9391,0.7848,0.6128,0.9494,0.7213,0.6224,0.5986,0.6167,0.856,0.5706,0.6167,0.7841,0.5038,0.5521,0.3898,0.592,0.67,0.5776,0.5169,0.3181,0.482,0.2599,0.5215,0.3166,0.2094,0.1666,0.3544,
1.0,0.9989,0.9662,0.9651,0.9699,0.9964,0.9943,0.9912,0.9855,0.9281,0.7395,0.9303,0.9122,0.8385,0.8013,0.8591,0.6819,0.8241,0.937,0.7853,0.6147,0.9495,0.7234,0.6222,0.5977,0.611,0.8549,0.561,0.6182,0.7818,0.5104,0.541,0.3827,0.5782,0.6719,0.5828,0.5175,0.3155,0.4704,0.2614,0.5263,0.3101,0.2129,0.1621,0.3519,
1.0,0.9992,0.9712,0.9704,0.9685,0.9963,0.995,0.9922,0.9873,0.9216,0.7366,0.9325,0.9051,0.8381,0.8015,0.855,0.6914,0.8266,0.9443,0.7815,0.6083,0.9505,0.7186,0.6231,0.6067,0.6164,0.861,0.5703,0.6126,0.7785,0.4987,0.5459,0.3929,0.5916,0.6723,0.578,0.5238,0.3155,0.4914,0.2566,0.5295,0.3084,0.2011,0.1606,0.3568,
1.0,0.9987,0.968,0.9667,0.9709,0.9975,0.9945,0.9886,0.9827,0.9241,0.7345,0.9321,0.9074,0.8371,0.7958,0.8579,0.6821,0.822,0.9374,0.7861,0.6077,0.9529,0.7232,0.6202,0.6084,0.6132,0.8558,0.5657,0.6225,0.779,0.4993,0.5483,0.3846,0.5924,0.6771,0.5793,0.5219,0.3131,0.4853,0.2567,0.531,0.3082,0.2065,0.163,0.3601,
1.0,0.9992,0.9669,0.9661,0.971,0.9965,0.9946,0.9904,0.9842,0.9263,0.7402,0.9303,0.908,0.8401,0.7992,0.8571,0.6751,0.8251,0.9388,0.7768,0.6154,0.9492,0.72,0.626,0.6013,0.617,0.846,0.5545,0.6204,0.7783,0.4987,0.5452,0.3832,0.5872,0.6745,0.5815,0.5067,0.3066,0.4693,0.2593,0.5207,0.3023,0.2037,0.1587,0.3474,
1.0,0.998,0.9672,0.9652,0.9681,0.9975,0.9945,0.9909,0.9862,0.9184,0.7321,0.929,0.9052,0.8406,0.8044,0.8496,0.6818,0.8274,0.9406,0.7731,0.6091,0.9529,0.7184,0.6207,0.604,0.6086,0.8555,0.5657,0.6145,0.7777,0.5057,0.5502,0.3886,0.5794,0.6639,0.5735,0.5126,0.3257,0.4675,0.2564,0.5085,0.307,0.2002,0.1613,0.3454,
1.0,0.999,0.9662,0.9652,0.9672,0.9969,0.9946,0.9898,0.9849,0.9221,0.7324,0.9262,0.9047,0.8398,0.7994,0.8493,0.6788,0.8257,0.9395,0.7742,0.6093,0.9491,0.7159,0.6189,0.598,0.6078,0.8518,0.5609,0.6168,0.7732,0.5019,0.548,0.3898,0.5872,0.6841,0.5822,0.5257,0.3115,0.4762,0.2591,0.525,0.315,0.2095,0.162,0.3568,
1.0,0.999,0.9696,0.9686,0.9727,0.9972,0.9951,0.991,0.9846,0.9231,0.7361,0.9352,0.9066,0.8383,0.7983,0.8586,0.683,0.8239,0.9416,0.7819,0.6083,0.952,0.7169,0.6277,0.6071,0.6154,0.8538,0.5677,0.6181,0.7816,0.5029,0.5509,0.3873,0.5936,0.6721,0.5805,0.5154,0.3118,0.4774,0.2564,0.5224,0.3101,0.2051,0.1624,0.3552,
1.0,0.9993,0.9704,0.9697,0.9701,0.9973,0.9957,0.9911,0.9859,0.9201,0.7321,0.9346,0.9045,0.8361,0.7971,0.8561,0.6791,0.8223,0.9409,0.7742,0.6013,0.9496,0.7083,0.6181,0.594,0.6066,0.8519,0.5611,0.613,0.7773,0.5015,0.5446,0.388,0.5896,0.6768,0.5672,0.5238,0.3128,0.4793,0.2498,0.5279,0.3085,0.2086,0.1643,0.3451,
1.0,0.9988,0.9673,0.9661,0.9684,0.9982,0.9963,0.9905,0.9845,0.9285,0.7371,0.9289,0.9128,0.8382,0.799,0.8589,0.6821,0.8247,0.9421,0.7868,0.613,0.954,0.7203,0.6192,0.6024,0.6201,0.8523,0.5716,0.6284,0.7826,0.5133,0.5555,0.3914,0.5936,0.6874,0.5922,0.5255,0.3227,0.4853,0.2655,0.5314,0.3185,0.2168,0.1668,0.36,
1.0,0.9993,0.9671,0.9664,0.9709,0.9974,0.996,0.9917,0.9853,0.9249,0.7392,0.9299,0.9074,0.8402,0.8015,0.8563,0.6851,0.8256,0.9331,0.7797,0.6085,0.9538,0.7266,0.6213,0.605,0.6105,0.8546,0.5584,0.6195,0.7936,0.5079,0.5459,0.3922,0.5932,0.6643,0.5742,0.5065,0.3182,0.4795,0.2608,0.5116,0.3221,0.2074,0.1586,0.3513,
1.0,0.9987,0.9648,0.9635,0.9707,0.9968,0.9942,0.9897,0.9852,0.9216,0.7373,0.929,0.9044,0.8404,0.8027,0.8519,0.6836,0.8272,0.9407,0.7821,0.6136,0.9507,0.7202,0.6275,0.603,0.6129,0.8532,0.5687,0.6187,0.7798,0.5068,0.551,0.3844,0.5832,0.6693,0.5835,0.5174,0.3131,0.4788,0.2598,0.5188,0.3117,0.2093,0.163,0.3488,
1.0,0.9989,0.9695,0.9684,0.9733,0.9964,0.9937,0.9901,0.9858,0.9201,0.7333,0.9352,0.9019,0.8336,0.7947,0.857,0.6743,0.8194,0.9399,0.7775,0.6038,0.951,0.7186,0.6232,0.6093,0.6106,0.8505,0.558,0.6178,0.781,0.5,0.5439,0.3922,0.5924,0.6748,0.5803,0.527,0.3171,0.4712,0.2594,0.5144,0.3069,0.2032,0.1683,0.3431,
1.0,0.9981,0.9677,0.9658,0.9685,0.9975,0.9947,0.9895,0.9843,0.9207,0.7339,0.9283,0.9045,0.8405,0.801,0.8504,0.6867,0.8288,0.9414,0.7796,0.612,0.9557,0.7207,0.6249,0.6036,0.6089,0.8531,0.5639,0.6156,0.7729,0.495,0.5473,0.3802,0.5898,0.675,0.5829,0.5194,0.3058,0.4773,0.2556,0.5276,0.3041,0.2028,0.159,0.3516,
1.0,0.9989,0.9664,0.9653,0.9708,0.9971,0.9954,0.9907,0.9842,0.9279,0.7331,0.9297,0.9109,0.8321,0.7934,0.8582,0.6811,0.8178,0.9379,0.7918,0.6074,0.9538,0.7276,0.6182,0.609,0.6075,0.859,0.5604,0.6248,0.7891,0.5136,0.5402,0.3971,0.5895,0.6693,0.5838,0.5268,0.3148,0.4871,0.2643,0.526,0.3185,0.2102,0.1711,0.3529,
1.0,0.9987,0.9692,0.9679,0.9669,0.998,0.9957,0.9908,0.9853,0.9248,0.7368,0.9287,0.9092,0.8418,0.8034,0.8544,0.6906,0.8272,0.9401,0.7813,0.6123,0.9514,0.7215,0.6253,0.5997,0.6065,0.8603,0.565,0.626,0.7781,0.5028,0.5503,0.3785,0.5899,0.6841,0.5806,0.5238,0.3171,0.4772,0.2653,0.5338,0.3082,0.2143,0.1591,0.3572,
1.0,0.9988,0.9657,0.9645,0.9701,0.9979,0.9962,0.9908,0.9841,0.9238,0.7372,0.9273,0.9066,0.8391,0.7968,0.8512,0.6841,0.8263,0.9417,0.7803,0.6095,0.9543,0.7199,0.6218,0.601,0.6148,0.8552,0.5668,0.6138,0.7801,0.5034,0.5499,0.3818,0.5897,0.6731,0.5788,0.5167,0.3207,0.4738,0.2564,0.5218,0.3097,0.2065,0.1623,0.353,
1.0,0.9987,0.9654,0.9641,0.9707,0.9982,0.996,0.9899,0.9836,0.9247,0.7363,0.9297,0.9093,0.8392,0.8001,0.8569,0.6789,0.826,0.9397,0.7812,0.6104,0.9552,0.7216,0.6194,0.6055,0.614,0.8527,0.5649,0.622,0.7867,0.5074,0.55,0.3848,0.5997,0.6783,0.5888,0.5208,0.3165,0.4793,0.261,0.5204,0.3159,0.2085,0.1569,0.3574,
1.0,0.9989,0.9708,0.9697,0.9727,0.9971,0.9952,0.9921,0.9854,0.9226,0.7413,0.9365,0.9073,0.8424,0.8021,0.8604,0.6863,0.8273,0.9409,0.7795,0.6109,0.9545,0.7218,0.6287,0.6146,0.6196,0.8564,0.5715,0.62,0.7857,0.5051,0.5575,0.3987,0.5962,0.6779,0.5851,0.5267,0.3174,0.4776,0.2571,0.5219,0.3113,0.2003,0.1741,0.3519,
1.0,0.9992,0.9664,0.9656,0.9706,0.9968,0.995,0.9907,0.985,0.9266,0.7379,0.9317,0.9113,0.8374,0.8015,0.8597,0.6831,0.8235,0.9425,0.7878,0.6176,0.9507,0.7254,0.6262,0.6075,0.6197,0.8548,0.5708,0.624,0.7856,0.5146,0.5559,0.3887,0.5897,0.6832,0.5924,0.5198,0.3187,0.4816,0.265,0.5345,0.3151,0.2161,0.1639,0.351,
1.0,0.9986,0.9665,0.9651,0.9646,0.9977,0.995,0.9898,0.9854,0.9267,0.7322,0.9238,0.9102,0.8363,0.7966,0.8513,0.6824,0.8236,0.9337,0.7808,0.6005,0.9526,0.7209,0.6058,0.599,0.6052,0.8564,0.564,0.6212,0.7816,0.4934,0.5462,0.3838,0.5914,0.667,0.5756,0.5164,0.3095,0.4801,0.2607,0.5223,0.3097,0.2078,0.1546,0.3591,
1.0,0.9992,0.9743,0.9735,0.97,0.998,0.9954,0.9888,0.9855,0.9213,0.7356,0.9386,0.9048,0.8401,0.8029,0.8601,0.6911,0.8279,0.9397,0.7846,0.6113,0.9533,0.7213,0.6329,0.6126,0.6106,0.8529,0.5676,0.6186,0.7724,0.4961,0.5504,0.392,0.5952,0.678,0.576,0.5164,0.3089,0.4806,0.254,0.5286,0.3041,0.2039,0.1745,0.3525,
1.0,0.9987,0.9667,0.9654,0.9724,0.997,0.9945,0.9903,0.9844,0.9189,0.734,0.9321,0.9019,0.84,0.8004,0.8524,0.6783,0.825,0.9376,0.7746,0.6062,0.9525,0.7186,0.6254,0.6084,0.6084,0.8518,0.5641,0.6116,0.7786,0.5033,0.5467,0.3904,0.592,0.6633,0.5735,0.5179,0.3184,0.4685,0.2556,0.5102,0.3084,0.1964,0.161,0.3454,
1.0,0.9986,0.9693,0.9679,0.9699,0.9975,0.9953,0.99,0.984,0.9192,0.7372,0.9327,0.9038,0.8447,0.804,0.8534,0.6874,0.8326,0.939,0.7758,0.6094,0.9544,0.7081,0.6237,0.6015,0.6103,0.8538,0.5659,0.6151,0.7687,0.4874,0.553,0.3893,0.5999,0.6767,0.5692,0.5158,0.3153,0.4902,0.2576,0.5306,0.3058,0.2018,0.1619,0.3662,
1.0,0.9988,0.9695,0.9683,0.9709,0.9967,0.9943,0.9905,0.9857,0.921,0.7354,0.9346,0.9055,0.8391,0.8019,0.8567,0.6864,0.825,0.9408,0.7836,0.6081,0.9504,0.7169,0.6251,0.6048,0.6094,0.8572,0.5654,0.621,0.7785,0.5039,0.551,0.3843,0.5849,0.6754,0.5784,0.5209,0.3146,0.4771,0.2614,0.5352,0.3144,0.2062,0.1642,0.3581,
1.0,0.9986,0.9671,0.9657,0.9691,0.997,0.9949,0.992,0.986,0.9272,0.7396,0.9294,0.9128,0.8389,0.8012,0.8584,0.6805,0.8249,0.9404,0.781,0.6106,0.9534,0.7252,0.617,0.6068,0.6161,0.8581,0.5649,0.6177,0.7868,0.506,0.5497,0.3989,0.6019,0.6725,0.5844,0.5266,0.3217,0.4834,0.2645,0.52,0.3175,0.2102,0.1736,0.3583,
1.0,0.9983,0.9634,0.9617,0.9707,0.9976,0.9949,0.9892,0.9845,0.925,0.7357,0.9273,0.909,0.8379,0.7985,0.8537,0.6783,0.8263,0.9406,0.7832,0.6126,0.9531,0.7236,0.6199,0.5949,0.6091,0.8558,0.5635,0.6125,0.784,0.5022,0.5457,0.3791,0.5848,0.6709,0.5888,0.516,0.3053,0.4836,0.257,0.5244,0.3101,0.201,0.1596,0.3507,
1.0,0.9985,0.9661,0.9646,0.9696,0.9969,0.994,0.9903,0.9858,0.928,0.7436,0.9303,0.9133,0.8419,0.8077,0.8606,0.6852,0.8276,0.9363,0.7877,0.6151,0.9489,0.7281,0.618,0.6005,0.6167,0.8548,0.5613,0.6272,0.785,0.5075,0.5431,0.385,0.5828,0.6706,0.5825,0.5185,0.3126,0.4658,0.2598,0.5241,0.3116,0.2079,0.1586,0.3494,
1.0,0.9985,0.9667,0.9652,0.9692,0.9969,0.9946,0.9888,0.9833,0.921,0.728,0.9288,0.9033,0.8368,0.7978,0.8507,0.6815,0.8246,0.9414,0.7824,0.6047,0.9499,0.7177,0.6174,0.6,0.6106,0.8558,0.5636,0.614,0.7793,0.4961,0.5474,0.3782,0.5816,0.6707,0.5736,0.5241,0.3131,0.4674,0.2622,0.5227,0.2985,0.1986,0.1633,0.3436,
1.0,0.9989,0.9687,0.9676,0.9702,0.9973,0.9954,0.9916,0.9857,0.9256,0.7351,0.932,0.9101,0.834,0.7955,0.8587,0.6778,0.8209,0.9439,0.7824,0.6098,0.9551,0.723,0.6216,0.6096,0.6112,0.8543,0.5617,0.6194,0.7821,0.5036,0.5499,0.387,0.5879,0.6715,0.5816,0.5146,0.3164,0.4774,0.2542,0.5235,0.3081,0.2074,0.1586,0.3478,
1.0,0.9989,0.9686,0.9675,0.9705,0.9977,0.9953,0.9903,0.9853,0.9192,0.7298,0.9315,0.9026,0.8342,0.797,0.8525,0.6791,0.8202,0.9382,0.778,0.602,0.9531,0.719,0.6193,0.6118,0.6081,0.8538,0.5616,0.6234,0.7806,0.5031,0.5523,0.3901,0.596,0.6833,0.5834,0.5168,0.3172,0.4787,0.2567,0.5249,0.3098,0.2115,0.1615,0.3554,
1.0,0.9989,0.9659,0.9648,0.9711,0.9971,0.9953,0.9908,0.9848,0.9244,0.739,0.9306,0.9086,0.8402,0.8014,0.8555,0.6832,0.8265,0.9422,0.785,0.6136,0.9512,0.7218,0.6259,0.6038,0.6149,0.8573,0.569,0.6181,0.7838,0.5078,0.5513,0.3836,0.5861,0.6739,0.5824,0.5198,0.3222,0.4791,0.2591,0.5233,0.3064,0.2048,0.1611,0.3521,
1.0,0.9993,0.9683,0.9676,0.9705,0.997,0.9956,0.9906,0.9856,0.9201,0.7335,0.9323,0.9033,0.8389,0.8003,0.8546,0.6847,0.8258,0.94,0.78,0.6044,0.9515,0.7157,0.6218,0.6029,0.6083,0.8553,0.5622,0.6121,0.7757,0.4867,0.5471,0.3841,0.5897,0.6699,0.578,0.5161,0.302,0.4804,0.2476,0.5233,0.3015,0.198,0.1607,0.3542,
1.0,0.9991,0.969,0.9681,0.971,0.9972,0.9951,0.9889,0.9839,0.9242,0.7323,0.9333,0.906,0.8359,0.7964,0.8597,0.6788,0.8223,0.9405,0.7827,0.6055,0.9493,0.7206,0.6226,0.6089,0.6112,0.8535,0.5648,0.6196,0.7827,0.5128,0.5495,0.3987,0.5928,0.673,0.5821,0.5189,0.3258,0.4795,0.2573,0.5203,0.3178,0.2081,0.1736,0.3519,
1.0,0.9991,0.9682,0.9673,0.9724,0.9982,0.9965,0.9906,0.9853,0.925,0.743,0.9343,0.9098,0.8412,0.8041,0.8616,0.6838,0.8282,0.9422,0.7812,0.6111,0.956,0.7244,0.6228,0.6086,0.6214,0.8532,0.5646,0.6224,0.7855,0.5113,0.557,0.3981,0.5932,0.6782,0.5792,0.5179,0.3186,0.4816,0.2598,0.5268,0.3102,0.2123,0.1667,0.3536,
1.0,0.9991,0.9644,0.9635,0.9703,0.9977,0.9957,0.9909,0.9862,0.9226,0.7404,0.928,0.907,0.8409,0.8043,0.8523,0.6863,0.8277,0.9405,0.7801,0.6143,0.9537,0.7259,0.627,0.6096,0.6111,0.8576,0.5614,0.6248,0.7816,0.5004,0.5492,0.3836,0.5941,0.6763,0.59,0.5202,0.3145,0.4859,0.2672,0.5246,0.3135,0.2071,0.1615,0.3688,
1.0,0.9992,0.9719,0.9711,0.971,0.9967,0.995,0.9918,0.9854,0.9268,0.7409,0.9357,0.9106,0.8397,0.8033,0.864,0.6901,0.826,0.9402,0.7906,0.6112,0.9524,0.7226,0.629,0.6164,0.623,0.8566,0.5733,0.6255,0.788,0.504,0.5549,0.3919,0.5958,0.6815,0.5879,0.5191,0.3096,0.4866,0.2655,0.5263,0.3152,0.2051,0.1677,0.3619,
1.0,0.9993,0.9682,0.9675,0.9718,0.9982,0.9967,0.9921,0.9864,0.9242,0.7428,0.9329,0.9089,0.842,0.8034,0.8581,0.6904,0.8286,0.9418,0.7855,0.6149,0.9524,0.7242,0.631,0.6179,0.6222,0.8581,0.5734,0.623,0.7842,0.5072,0.56,0.3999,0.5922,0.6818,0.5861,0.5204,0.3193,0.4811,0.2597,0.528,0.3155,0.2106,0.1709,0.36,
1.0,0.9993,0.9644,0.9637,0.9684,0.9977,0.9957,0.9916,0.9869,0.9247,0.7359,0.9268,0.91,0.8393,0.8,0.854,0.6793,0.8249,0.9406,0.7775,0.6067,0.9536,0.7219,0.6157,0.6018,0.6093,0.8575,0.5633,0.615,0.7815,0.4978,0.5449,0.3841,0.5907,0.6701,0.5813,0.5209,0.3163,0.4737,0.2554,0.5133,0.3098,0.2065,0.1606,0.3505,
1.0,0.9989,0.97,0.9689,0.9676,0.9975,0.9957,0.9905,0.9847,0.9251,0.7312,0.9301,0.9084,0.8347,0.7947,0.8564,0.6892,0.8211,0.9375,0.7868,0.6056,0.9541,0.7251,0.6161,0.616,0.6059,0.8622,0.5671,0.6261,0.7851,0.5055,0.5433,0.3891,0.5919,0.668,0.589,0.5279,0.3147,0.4839,0.2668,0.5264,0.3185,0.2048,0.1662,0.3533,
1.0,0.9992,0.9658,0.965,0.9672,0.9979,0.9959,0.9909,0.9865,0.9193,0.7241,0.9273,0.9047,0.8316,0.7965,0.8476,0.6826,0.8177,0.9436,0.7792,0.5953,0.9519,0.7155,0.6087,0.6016,0.603,0.8617,0.565,0.6142,0.7769,0.4997,0.5525,0.3829,0.5935,0.6846,0.5832,0.5325,0.3144,0.4788,0.2565,0.5261,0.3143,0.2065,0.1628,0.3603,
1.0,0.999,0.968,0.967,0.9689,0.9971,0.9956,0.9916,0.9857,0.919,0.7249,0.9305,0.9035,0.8319,0.7931,0.8521,0.6754,0.8202,0.942,0.7769,0.5977,0.9551,0.7166,0.6134,0.6001,0.597,0.8565,0.5545,0.6165,0.7744,0.5026,0.5399,0.3877,0.5948,0.679,0.5777,0.5234,0.3128,0.4784,0.2532,0.5266,0.3121,0.2094,0.1602,0.3519,
1.0,0.999,0.97,0.969,0.9661,0.9969,0.9948,0.9911,0.9857,0.9217,0.7288,0.929,0.9048,0.8372,0.7992,0.8507,0.6883,0.8236,0.9404,0.7808,0.613,0.9528,0.7227,0.6268,0.6083,0.6067,0.8582,0.5648,0.6247,0.7769,0.4995,0.5465,0.3874,0.589,0.6762,0.5828,0.5222,0.3171,0.4778,0.2624,0.5285,0.3033,0.2063,0.1653,0.356,
1.0,0.9989,0.9669,0.9658,0.9701,0.9963,0.9948,0.9915,0.9868,0.9201,0.7361,0.9319,0.9052,0.8427,0.809,0.8529,0.6873,0.8318,0.9438,0.7812,0.6103,0.9547,0.7212,0.6247,0.605,0.6148,0.8552,0.5702,0.6142,0.7837,0.507,0.5543,0.3919,0.5951,0.68,0.5837,0.5305,0.3246,0.4818,0.2595,0.5228,0.3163,0.2043,0.1712,0.3528,
1.0,0.9989,0.9677,0.9666,0.9701,0.998,0.9961,0.9894,0.984,0.9246,0.736,0.9317,0.9088,0.8383,0.7983,0.8584,0.682,0.8255,0.9421,0.785,0.6099,0.9537,0.7221,0.6209,0.6,0.6076,0.8588,0.5627,0.6153,0.7826,0.5081,0.5434,0.3845,0.5936,0.6705,0.5804,0.5242,0.3109,0.4832,0.2579,0.5171,0.3143,0.2039,0.1639,0.3531,
1.0,0.9991,0.9681,0.9672,0.9709,0.9966,0.9948,0.9889,0.9836,0.9264,0.7376,0.9331,0.9089,0.8394,0.8006,0.8601,0.6849,0.828,0.9396,0.789,0.6133,0.9542,0.7291,0.622,0.6083,0.6143,0.857,0.5633,0.6215,0.7826,0.5014,0.5418,0.3879,0.5924,0.6667,0.5809,0.5137,0.3117,0.4847,0.261,0.5225,0.3044,0.1972,0.1615,0.3566,
1.0,0.9987,0.9667,0.9654,0.9692,0.9977,0.9954,0.9916,0.9862,0.9232,0.7399,0.9282,0.9075,0.8421,0.8029,0.854,0.6871,0.8286,0.9393,0.7788,0.6135,0.9572,0.7252,0.625,0.6056,0.6118,0.8562,0.565,0.6192,0.7804,0.5085,0.5497,0.3893,0.587,0.6727,0.5856,0.5137,0.318,0.4743,0.2561,0.5192,0.3145,0.2108,0.1596,0.3545,
1.0,0.9994,0.9692,0.9686,0.9716,0.9964,0.9945,0.9919,0.9854,0.9215,0.7309,0.9338,0.9044,0.8333,0.7953,0.8568,0.6803,0.817,0.9357,0.7824,0.6005,0.9486,0.7193,0.6219,0.6117,0.6086,0.8593,0.5617,0.623,0.785,0.5054,0.5464,0.4011,0.5855,0.6583,0.5732,0.5109,0.3175,0.4733,0.2606,0.5157,0.3104,0.2037,0.1646,0.3487,
1.0,0.9988,0.9655,0.9643,0.9701,0.9954,0.9932,0.9897,0.9832,0.9213,0.7375,0.929,0.903,0.8416,0.8021,0.8515,0.6855,0.8284,0.9378,0.7856,0.6096,0.9514,0.7197,0.6203,0.609,0.6177,0.8582,0.5738,0.6179,0.7796,0.5043,0.5529,0.3869,0.5919,0.6728,0.5737,0.5143,0.3145,0.4812,0.2584,0.5312,0.3084,0.207,0.1531,0.3576,
1.0,0.9993,0.9656,0.9649,0.9712,0.9967,0.995,0.9903,0.984,0.9247,0.735,0.9306,0.9075,0.8385,0.7977,0.8557,0.6863,0.8243,0.9421,0.7898,0.612,0.949,0.7202,0.6231,0.6062,0.6178,0.8638,0.5749,0.617,0.7815,0.5024,0.5533,0.3815,0.5825,0.6744,0.579,0.529,0.3139,0.4751,0.2663,0.5212,0.3031,0.2058,0.1563,0.3555,
1.0,0.9986,0.967,0.9656,0.9684,0.9978,0.9954,0.9881,0.982,0.9282,0.7365,0.9284,0.9113,0.8387,0.7978,0.858,0.6797,0.8249,0.9393,0.7872,0.6124,0.9519,0.725,0.6176,0.6034,0.6163,0.8534,0.561,0.6236,0.7798,0.5072,0.546,0.3876,0.5977,0.6734,0.5832,0.5165,0.3142,0.485,0.2557,0.5249,0.3109,0.2084,0.1586,0.3602,
1.0,0.9988,0.9724,0.9712,0.9728,0.9974,0.9949,0.9902,0.9858,0.9273,0.7369,0.9383,0.9113,0.8325,0.7953,0.8658,0.688,0.8184,0.9371,0.7947,0.6022,0.9526,0.723,0.6147,0.6076,0.607,0.8626,0.5571,0.6203,0.7893,0.5173,0.5376,0.3972,0.5954,0.6784,0.5829,0.5241,0.3103,0.4847,0.2603,0.5291,0.323,0.2107,0.1616,0.3515,
1.0,0.9985,0.9665,0.965,0.9723,0.9971,0.9942,0.9894,0.9852,0.924,0.7415,0.9314,0.9076,0.8409,0.8018,0.8556,0.6861,0.8295,0.9413,0.7864,0.607,0.9542,0.7184,0.6163,0.6006,0.617,0.8601,0.5725,0.6038,0.7856,0.509,0.5469,0.3884,0.5888,0.6688,0.568,0.519,0.3218,0.4818,0.2548,0.5271,0.3152,0.2068,0.1596,0.3529,
1.0,0.9984,0.9691,0.9675,0.969,0.9968,0.9942,0.9898,0.9844,0.9233,0.7358,0.9306,0.9063,0.8405,0.8039,0.8561,0.6931,0.827,0.9378,0.789,0.61,0.9513,0.7217,0.6218,0.6108,0.617,0.8625,0.5756,0.6229,0.7853,0.5046,0.556,0.3869,0.5928,0.676,0.5826,0.516,0.3191,0.4812,0.2668,0.5282,0.3144,0.2079,0.1609,0.3649,
1.0,0.9992,0.9683,0.9675,0.9654,0.9968,0.9951,0.9918,0.9864,0.9231,0.7326,0.9271,0.907,0.8379,0.7994,0.8524,0.6858,0.8254,0.9393,0.7774,0.6093,0.9552,0.7248,0.6185,0.6024,0.6057,0.8564,0.5637,0.6159,0.7762,0.5003,0.5506,0.3865,0.5864,0.6778,0.5785,0.5238,0.3193,0.4788,0.2602,0.5302,0.3096,0.2102,0.1648,0.359,
1.0,0.9986,0.9673,0.9659,0.9696,0.9976,0.9953,0.9895,0.9831,0.9246,0.7378,0.9303,0.9089,0.8408,0.8003,0.856,0.6873,0.8261,0.9378,0.786,0.6081,0.9527,0.7214,0.6179,0.6072,0.6131,0.8618,0.5616,0.619,0.7806,0.5035,0.5468,0.3907,0.5988,0.675,0.5805,0.5219,0.3216,0.4954,0.2633,0.5313,0.3176,0.2055,0.1593,0.3614,
1.0,0.9995,0.9701,0.9696,0.9677,0.9975,0.9961,0.9912,0.9855,0.9232,0.7363,0.9313,0.9073,0.8401,0.8022,0.8564,0.681,0.8262,0.9373,0.7738,0.6105,0.9529,0.7237,0.6221,0.613,0.6151,0.8526,0.5644,0.6211,0.7836,0.5009,0.5612,0.3945,0.5916,0.6769,0.5809,0.5127,0.3194,0.4789,0.2571,0.5207,0.3099,0.2111,0.1646,0.3481,
1.0,0.9992,0.9723,0.9715,0.9712,0.9976,0.9954,0.9921,0.9864,0.9256,0.74,0.9369,0.9109,0.8382,0.8032,0.8626,0.6909,0.8247,0.9412,0.7896,0.6129,0.9551,0.7306,0.63,0.6189,0.6213,0.8625,0.5774,0.625,0.7942,0.515,0.5596,0.404,0.6014,0.6807,0.5862,0.5249,0.3259,0.4886,0.2627,0.5291,0.3239,0.2101,0.1762,0.3617,
1.0,0.9989,0.9674,0.9663,0.9694,0.9971,0.9954,0.9907,0.9851,0.925,0.7386,0.9307,0.9091,0.8407,0.8039,0.8556,0.6842,0.8282,0.9421,0.7824,0.6172,0.9538,0.7278,0.6279,0.6088,0.6165,0.854,0.5671,0.6238,0.7838,0.5041,0.5549,0.3816,0.5901,0.6785,0.5889,0.5168,0.308,0.4813,0.2606,0.5218,0.3094,0.2033,0.162,0.357,
1.0,0.999,0.9652,0.9642,0.9699,0.9962,0.9944,0.9895,0.9832,0.9251,0.7379,0.9287,0.9073,0.8404,0.8035,0.8555,0.6878,0.8264,0.9401,0.7891,0.6155,0.9489,0.7293,0.6248,0.613,0.6221,0.8568,0.5685,0.6275,0.7857,0.5111,0.556,0.3892,0.5922,0.6805,0.5907,0.5264,0.3151,0.4841,0.2722,0.5259,0.3144,0.2108,0.1662,0.3582,
1.0,0.9991,0.9665,0.9656,0.9685,0.9953,0.994,0.993,0.9874,0.9232,0.7424,0.929,0.9079,0.8455,0.8108,0.8528,0.6948,0.8343,0.9452,0.7854,0.6149,0.9571,0.7203,0.6242,0.5983,0.6237,0.8599,0.5794,0.6173,0.782,0.5135,0.5634,0.3868,0.5922,0.6837,0.5753,0.5269,0.3245,0.4769,0.2694,0.5309,0.3199,0.2117,0.1652,0.3732,
1.0,0.9989,0.9696,0.9685,0.9693,0.9975,0.9951,0.9893,0.9847,0.925,0.7335,0.9313,0.9069,0.8364,0.7966,0.8577,0.6818,0.8243,0.9401,0.7798,0.6089,0.9514,0.7281,0.6228,0.6114,0.6096,0.8569,0.5602,0.6229,0.7806,0.5056,0.5509,0.3957,0.5947,0.6767,0.5839,0.5153,0.316,0.4786,0.2528,0.5236,0.3138,0.2107,0.1599,0.3551,
1.0,0.9982,0.9667,0.9649,0.9673,0.9976,0.9948,0.9897,0.9841,0.9191,0.7331,0.928,0.9043,0.8436,0.8063,0.8483,0.6905,0.8298,0.9423,0.7786,0.612,0.9531,0.7176,0.6255,0.5966,0.6106,0.8569,0.5756,0.6139,0.7786,0.5019,0.5516,0.3768,0.5762,0.6697,0.5823,0.5263,0.3169,0.4797,0.2582,0.5212,0.3043,0.2016,0.1611,0.3499,
1.0,0.999,0.9685,0.9675,0.9706,0.9972,0.9952,0.9908,0.9863,0.9271,0.7363,0.9334,0.9118,0.8348,0.7982,0.8612,0.6843,0.822,0.942,0.79,0.6114,0.9508,0.7256,0.6227,0.6043,0.6107,0.8618,0.5665,0.6229,0.7848,0.5076,0.5472,0.3862,0.5855,0.6831,0.5774,0.5177,0.3117,0.4791,0.2616,0.5284,0.3117,0.2102,0.1564,0.3597,
1.0,0.9989,0.966,0.9649,0.9706,0.9975,0.9953,0.9898,0.9844,0.9217,0.7387,0.9296,0.9045,0.841,0.8017,0.8539,0.6846,0.8272,0.9386,0.7816,0.6098,0.9518,0.7187,0.6198,0.6051,0.6168,0.8537,0.5665,0.6128,0.7774,0.5031,0.5453,0.3863,0.5825,0.6708,0.577,0.518,0.3102,0.483,0.2585,0.5269,0.3083,0.1986,0.1613,0.348,
1.0,0.9988,0.9654,0.9642,0.9703,0.9973,0.9948,0.9887,0.9827,0.9255,0.7369,0.9287,0.9075,0.8387,0.7989,0.8547,0.6777,0.8235,0.9407,0.7812,0.6147,0.9475,0.7238,0.623,0.5966,0.6186,0.852,0.5629,0.6172,0.7865,0.499,0.5483,0.3778,0.5783,0.6706,0.5782,0.5159,0.314,0.4688,0.2559,0.5202,0.3027,0.2028,0.1629,0.341,
1.0,0.9991,0.9662,0.9653,0.9689,0.998,0.9968,0.9904,0.984,0.9224,0.7337,0.9276,0.9056,0.8405,0.7994,0.8517,0.6807,0.827,0.9419,0.7775,0.6121,0.9557,0.7276,0.6235,0.6138,0.6178,0.8554,0.5664,0.6185,0.7764,0.4928,0.5507,0.3853,0.5879,0.677,0.5832,0.519,0.3119,0.4869,0.2572,0.5227,0.3063,0.1941,0.1642,0.353,
1.0,0.9993,0.9671,0.9664,0.971,0.9973,0.9953,0.9906,0.9853,0.9243,0.7396,0.9314,0.9065,0.8408,0.8014,0.8572,0.6834,0.827,0.9402,0.7807,0.6125,0.9525,0.7218,0.6249,0.6087,0.6193,0.854,0.5658,0.6221,0.7827,0.5005,0.5502,0.3923,0.5932,0.677,0.5808,0.5202,0.3193,0.4771,0.2573,0.5193,0.3109,0.2084,0.168,0.3522,
1.0,0.9988,0.97,0.9688,0.9702,0.9974,0.9947,0.9895,0.9843,0.9238,0.736,0.9344,0.9075,0.839,0.8016,0.8585,0.6836,0.8253,0.9382,0.7829,0.6154,0.9547,0.727,0.6283,0.607,0.6113,0.8543,0.5661,0.6224,0.7819,0.5008,0.546,0.3851,0.589,0.6713,0.5772,0.5165,0.3083,0.4754,0.2562,0.5187,0.3035,0.2012,0.1622,0.3478,
1.0,0.9987,0.968,0.9667,0.967,0.9974,0.9955,0.99,0.9841,0.9256,0.7374,0.9286,0.9096,0.8435,0.8046,0.8562,0.6898,0.8317,0.9372,0.7847,0.6079,0.9525,0.7189,0.6138,0.5987,0.6101,0.8573,0.5679,0.6198,0.7803,0.502,0.5513,0.3787,0.5951,0.6728,0.5777,0.5208,0.3141,0.4838,0.2645,0.5336,0.3106,0.212,0.1593,0.3597,
1.0,0.9985,0.9661,0.9646,0.9691,0.9973,0.9946,0.9881,0.9828,0.9246,0.7394,0.9269,0.9059,0.8456,0.8028,0.8522,0.6882,0.8313,0.9388,0.781,0.618,0.9477,0.7209,0.6259,0.6025,0.6183,0.8538,0.5782,0.6143,0.7829,0.5057,0.5588,0.3878,0.5786,0.674,0.5807,0.5184,0.3189,0.4749,0.2573,0.5285,0.3106,0.2085,0.169,0.3468,
1.0,0.9993,0.9679,0.9672,0.9696,0.9983,0.9969,0.9917,0.9844,0.926,0.7364,0.9312,0.9113,0.8404,0.8004,0.858,0.6816,0.8269,0.9404,0.7811,0.6147,0.9558,0.7255,0.6257,0.6093,0.6157,0.8562,0.5682,0.6286,0.7829,0.5024,0.5577,0.3882,0.6024,0.68,0.5885,0.5168,0.3158,0.4795,0.2628,0.5207,0.3104,0.211,0.1658,0.3582,
1.0,0.9986,0.9663,0.9649,0.9688,0.9974,0.9952,0.9891,0.9823,0.9245,0.7399,0.9279,0.9072,0.8459,0.807,0.8544,0.6881,0.832,0.9399,0.783,0.6111,0.9539,0.7208,0.6222,0.6003,0.6218,0.8547,0.5736,0.6177,0.7867,0.5095,0.5608,0.3838,0.6006,0.6819,0.5818,0.5129,0.3231,0.4881,0.2538,0.5296,0.3204,0.2079,0.1597,0.3615,
1.0,0.9986,0.9678,0.9664,0.9684,0.9968,0.9944,0.99,0.9854,0.9243,0.7343,0.93,0.9085,0.8366,0.7988,0.8549,0.6826,0.8242,0.9384,0.7846,0.6096,0.9521,0.7235,0.6148,0.603,0.6108,0.8583,0.5625,0.6146,0.782,0.5055,0.5431,0.3883,0.5821,0.6758,0.5767,0.5161,0.3197,0.476,0.2508,0.5209,0.3122,0.214,0.1561,0.3467,
1.0,0.9985,0.9673,0.9658,0.967,0.9982,0.9955,0.9888,0.9833,0.9225,0.7345,0.9268,0.9049,0.8402,0.7971,0.8493,0.6772,0.8276,0.9403,0.7732,0.6069,0.9546,0.7201,0.6192,0.6026,0.6111,0.8508,0.5612,0.615,0.7748,0.502,0.5481,0.3888,0.5961,0.6725,0.5772,0.5099,0.3127,0.4821,0.2501,0.5216,0.311,0.2064,0.1642,0.3562,
1.0,0.9988,0.9691,0.9679,0.9726,0.9972,0.9952,0.9902,0.9844,0.9189,0.7335,0.9353,0.9027,0.8398,0.802,0.8559,0.6928,0.8249,0.9406,0.7862,0.6075,0.9498,0.7151,0.6289,0.6123,0.6125,0.861,0.5774,0.6226,0.7805,0.5006,0.5572,0.3965,0.5936,0.6758,0.5818,0.5235,0.3186,0.4887,0.265,0.5361,0.3156,0.2077,0.1691,0.3624,
1.0,0.999,0.9667,0.9657,0.9691,0.9973,0.9955,0.9911,0.9853,0.9202,0.7365,0.9299,0.9052,0.8424,0.8061,0.8507,0.6879,0.828,0.9399,0.7793,0.6121,0.9516,0.7199,0.6224,0.5986,0.6094,0.8569,0.5596,0.6177,0.7765,0.5002,0.5459,0.3888,0.5988,0.6792,0.5809,0.5237,0.3136,0.4847,0.2622,0.5217,0.3155,0.2083,0.1631,0.3673,
1.0,0.9986,0.9667,0.9653,0.9709,0.9983,0.9959,0.9891,0.9832,0.9282,0.7392,0.9293,0.9112,0.8393,0.7998,0.8594,0.6853,0.8261,0.9408,0.7892,0.6137,0.9536,0.7272,0.623,0.6105,0.6203,0.8566,0.5724,0.622,0.7916,0.5153,0.5502,0.3945,0.5893,0.6709,0.58,0.5199,0.3225,0.4814,0.259,0.5215,0.324,0.2175,0.1684,0.352,
1.0,0.9993,0.9692,0.9685,0.9686,0.9976,0.9957,0.9902,0.9861,0.9244,0.7361,0.932,0.9081,0.8365,0.798,0.8574,0.6832,0.825,0.9402,0.7798,0.6132,0.9568,0.7256,0.6262,0.6096,0.6115,0.8526,0.5658,0.6271,0.776,0.5023,0.55,0.3866,0.5894,0.6757,0.5865,0.5294,0.3092,0.4736,0.2672,0.5259,0.3006,0.2095,0.1678,0.356,
1.0,0.9989,0.9674,0.9663,0.9696,0.9965,0.9944,0.9907,0.9857,0.925,0.7356,0.9307,0.9087,0.8367,0.8009,0.8581,0.6881,0.8246,0.9398,0.7912,0.609,0.9535,0.7273,0.6187,0.6058,0.61,0.8658,0.5678,0.6167,0.7912,0.5109,0.5467,0.3871,0.598,0.679,0.5823,0.517,0.322,0.4882,0.2573,0.5319,0.32,0.2134,0.1587,0.3621,
1.0,0.9987,0.969,0.9677,0.9701,0.9969,0.9945,0.99,0.9834,0.9248,0.7377,0.9322,0.9078,0.8425,0.8035,0.8582,0.6866,0.8274,0.9386,0.7838,0.6122,0.9507,0.723,0.6258,0.6054,0.6152,0.854,0.5649,0.6204,0.7828,0.5063,0.5486,0.3953,0.5965,0.6721,0.5856,0.5151,0.3184,0.4836,0.2648,0.5213,0.3176,0.211,0.166,0.3614,
1.0,0.999,0.9701,0.9691,0.969,0.9967,0.9951,0.99,0.984,0.9248,0.7375,0.9345,0.9093,0.8408,0.8036,0.8603,0.6901,0.8285,0.9414,0.7892,0.6132,0.9526,0.7219,0.6234,0.6046,0.6169,0.8606,0.5696,0.6236,0.7817,0.5057,0.5557,0.379,0.594,0.6744,0.5783,0.5322,0.3163,0.48,0.2657,0.5277,0.3096,0.2092,0.1652,0.3566,
1.0,0.9989,0.9691,0.968,0.97,0.998,0.9959,0.9922,0.9865,0.9247,0.738,0.9327,0.9109,0.8388,0.8036,0.8591,0.6927,0.8251,0.9379,0.7885,0.6151,0.9543,0.726,0.629,0.6106,0.6158,0.8612,0.5633,0.6224,0.7803,0.5018,0.5432,0.3995,0.5864,0.6721,0.5879,0.5252,0.3095,0.4845,0.265,0.5314,0.3083,0.208,0.1704,0.3573,
1.0,0.9989,0.9698,0.9687,0.9702,0.997,0.9953,0.9911,0.9863,0.9178,0.7305,0.9327,0.901,0.8369,0.7958,0.8521,0.6802,0.8256,0.9457,0.7735,0.6045,0.9554,0.7139,0.6251,0.6114,0.6076,0.8538,0.5671,0.62,0.7757,0.5003,0.5549,0.3846,0.5908,0.6803,0.5792,0.5238,0.3196,0.4797,0.2598,0.5209,0.3069,0.2068,0.1592,0.3471,
1.0,0.9991,0.9656,0.9647,0.9708,0.9981,0.9962,0.9903,0.9835,0.9263,0.737,0.9298,0.9107,0.8363,0.798,0.857,0.6816,0.8214,0.938,0.7892,0.6168,0.9528,0.7294,0.6248,0.6129,0.6195,0.8572,0.5643,0.6271,0.783,0.5101,0.5536,0.3954,0.5877,0.6694,0.5868,0.5119,0.3163,0.4759,0.2656,0.5167,0.3089,0.2154,0.1653,0.3539,
1.0,0.9992,0.9663,0.9655,0.966,0.9983,0.9968,0.9913,0.9852,0.9201,0.7251,0.9267,0.9061,0.8332,0.7991,0.8487,0.6787,0.8197,0.9406,0.7776,0.606,0.9555,0.7207,0.6163,0.6018,0.6077,0.8558,0.5623,0.6167,0.778,0.5002,0.5528,0.3825,0.5826,0.6772,0.5806,0.5306,0.3127,0.4707,0.2584,0.5198,0.3004,0.2092,0.1646,0.3414,
1.0,0.9988,0.9664,0.9652,0.9674,0.9971,0.9942,0.99,0.9859,0.9228,0.7348,0.9274,0.9067,0.8401,0.8017,0.8513,0.6768,0.8267,0.9441,0.7723,0.6145,0.9541,0.7242,0.6248,0.6039,0.6114,0.8499,0.5639,0.6203,0.7817,0.5049,0.5577,0.3878,0.5985,0.6766,0.5904,0.5188,0.3187,0.4741,0.2579,0.514,0.3104,0.2024,0.1662,0.347,
1.0,0.999,0.9661,0.9651,0.9704,0.9966,0.9941,0.9895,0.9839,0.9257,0.7388,0.9297,0.9074,0.8427,0.8033,0.8565,0.6887,0.8285,0.939,0.7877,0.6104,0.9518,0.7238,0.622,0.6018,0.6172,0.8587,0.5736,0.6174,0.7859,0.5159,0.5472,0.3873,0.5867,0.6741,0.5808,0.5222,0.3218,0.4787,0.2616,0.528,0.3233,0.2151,0.1561,0.3557,
1.0,0.9991,0.9632,0.9623,0.9684,0.9975,0.9951,0.9891,0.9833,0.9268,0.7352,0.9263,0.9102,0.8388,0.7993,0.8553,0.6768,0.824,0.9382,0.7832,0.615,0.9511,0.7252,0.6188,0.5994,0.6164,0.8508,0.5643,0.6143,0.7806,0.5066,0.5467,0.3878,0.5769,0.6658,0.5778,0.5199,0.3078,0.471,0.2556,0.5163,0.3095,0.2066,0.1607,0.3443,
1.0,0.9996,0.9656,0.9652,0.9689,0.997,0.9956,0.9917,0.9859,0.9265,0.7361,0.9279,0.9101,0.8367,0.798,0.8559,0.6826,0.823,0.9396,0.7853,0.6088,0.9522,0.7181,0.6174,0.5981,0.6108,0.8547,0.5571,0.6174,0.7771,0.4984,0.5421,0.3851,0.5917,0.6684,0.5795,0.5212,0.3122,0.4847,0.2585,0.5312,0.3122,0.2005,0.1638,0.3563,
1.0,0.9989,0.9648,0.9637,0.9708,0.9974,0.9954,0.99,0.985,0.9179,0.7257,0.93,0.9026,0.8343,0.8003,0.851,0.6762,0.8209,0.9371,0.7785,0.5973,0.9537,0.7193,0.6137,0.6028,0.6031,0.853,0.5524,0.6147,0.7762,0.5061,0.5372,0.3868,0.5891,0.6725,0.577,0.5167,0.3074,0.4786,0.2553,0.5203,0.3132,0.2055,0.1618,0.3509,
1.0,0.999,0.9679,0.9669,0.9725,0.998,0.9964,0.9896,0.9845,0.9176,0.7314,0.935,0.9025,0.8361,0.7971,0.8535,0.6776,0.824,0.9402,0.7773,0.5992,0.9524,0.7176,0.6183,0.6108,0.6113,0.8553,0.5623,0.6107,0.7805,0.5087,0.5517,0.4034,0.5949,0.6733,0.5751,0.523,0.321,0.4803,0.2506,0.5279,0.3206,0.2109,0.1695,0.3535,
1.0,0.9981,0.9662,0.9643,0.9699,0.9974,0.9944,0.9902,0.985,0.9218,0.7381,0.9274,0.9056,0.8421,0.7989,0.8504,0.6845,0.8278,0.9389,0.7776,0.6078,0.9501,0.7144,0.6201,0.5958,0.6101,0.8595,0.5677,0.6055,0.7832,0.5077,0.5452,0.3868,0.5822,0.6703,0.5667,0.5214,0.3224,0.4753,0.2545,0.5125,0.3181,0.2071,0.1628,0.3562,
1.0,0.9993,0.9691,0.9684,0.9719,0.9968,0.9954,0.9919,0.9853,0.9211,0.7428,0.9341,0.905,0.8422,0.805,0.8561,0.686,0.8289,0.9413,0.7815,0.6149,0.9505,0.719,0.6311,0.6109,0.6259,0.8545,0.572,0.6165,0.7811,0.5014,0.5557,0.3998,0.5888,0.6718,0.5748,0.5112,0.3212,0.4759,0.2598,0.5251,0.3114,0.2095,0.1704,0.353,
1.0,0.9991,0.9661,0.9652,0.9684,0.9979,0.9963,0.9903,0.9837,0.9186,0.7348,0.9285,0.9035,0.8448,0.807,0.8485,0.6883,0.8305,0.9392,0.7775,0.6094,0.9542,0.7163,0.6221,0.6031,0.6174,0.8572,0.5769,0.6113,0.7784,0.4948,0.5608,0.3875,0.5913,0.6767,0.5753,0.5205,0.3198,0.4828,0.2504,0.5287,0.3056,0.2045,0.1606,0.3549,
1.0,0.9991,0.9679,0.967,0.969,0.9963,0.9948,0.9894,0.9826,0.9214,0.7398,0.9299,0.9032,0.8485,0.8055,0.8513,0.6904,0.8349,0.942,0.7768,0.6186,0.9494,0.7216,0.6325,0.6053,0.6192,0.8548,0.5709,0.6143,0.7759,0.4953,0.5591,0.3881,0.5895,0.6711,0.5737,0.5181,0.317,0.4877,0.2567,0.5272,0.3077,0.2001,0.1659,0.3532,
1.0,0.9984,0.9652,0.9636,0.9706,0.9981,0.9956,0.9898,0.9847,0.9194,0.7271,0.9296,0.9047,0.834,0.7986,0.8497,0.6876,0.8212,0.9397,0.7872,0.599,0.9551,0.7181,0.6146,0.6029,0.6076,0.8626,0.5626,0.6136,0.7801,0.4976,0.5479,0.3852,0.5899,0.6768,0.572,0.5231,0.3104,0.4745,0.2555,0.5279,0.3064,0.2104,0.1548,0.351,
1.0,0.9991,0.9677,0.9668,0.9712,0.9979,0.9966,0.9918,0.9857,0.9256,0.744,0.9322,0.9107,0.8431,0.8042,0.8601,0.6868,0.8306,0.9416,0.7854,0.619,0.957,0.7286,0.6302,0.6181,0.6223,0.8572,0.5681,0.63,0.7845,0.51,0.5591,0.3984,0.6053,0.6788,0.5942,0.5195,0.3202,0.4868,0.2642,0.5241,0.32,0.2059,0.1679,0.3568,
1.0,0.999,0.9685,0.9675,0.9696,0.9979,0.9951,0.9892,0.9849,0.9238,0.733,0.9325,0.9083,0.8359,0.7996,0.8582,0.6856,0.8228,0.9364,0.7879,0.6035,0.9513,0.7185,0.6149,0.6015,0.6069,0.8594,0.5604,0.6182,0.7816,0.4999,0.5395,0.3899,0.5915,0.6709,0.571,0.5192,0.3142,0.4811,0.2605,0.5322,0.3119,0.1988,0.1624,0.3525,
1.0,0.9993,0.9668,0.9661,0.9698,0.9966,0.9944,0.9907,0.9866,0.9223,0.7341,0.9297,0.9052,0.8374,0.7985,0.8544,0.6835,0.8254,0.9376,0.7806,0.6082,0.9525,0.7277,0.6233,0.6137,0.6044,0.8549,0.5588,0.6247,0.7731,0.4902,0.5411,0.3924,0.5924,0.6709,0.5873,0.5176,0.299,0.4835,0.2607,0.5229,0.3085,0.1965,0.1651,0.3539,
1.0,0.9987,0.966,0.9647,0.9704,0.9974,0.9952,0.9904,0.9856,0.924,0.7332,0.9295,0.9076,0.8349,0.7957,0.8546,0.6803,0.8232,0.9405,0.7802,0.6061,0.9548,0.7233,0.618,0.6081,0.6103,0.8583,0.5648,0.6174,0.781,0.506,0.5468,0.3912,0.5875,0.6723,0.5801,0.524,0.318,0.4841,0.2575,0.5223,0.3166,0.2033,0.1612,0.3526,
1.0,0.9993,0.9705,0.9698,0.9687,0.9969,0.9947,0.9903,0.9854,0.9241,0.7364,0.9333,0.9077,0.8396,0.8028,0.8581,0.6897,0.8264,0.942,0.7854,0.6152,0.9532,0.7248,0.6264,0.6102,0.617,0.8572,0.5743,0.63,0.7815,0.5078,0.5591,0.3884,0.5969,0.681,0.5848,0.5211,0.3193,0.481,0.2693,0.5306,0.3077,0.2128,0.1674,0.3557,
1.0,0.9987,0.9685,0.9672,0.9725,0.9977,0.9947,0.9909,0.9857,0.925,0.7405,0.9343,0.9097,0.8392,0.8021,0.8617,0.6886,0.8249,0.942,0.7882,0.6066,0.9552,0.7258,0.6229,0.6069,0.618,0.8638,0.5672,0.6204,0.7859,0.5083,0.5552,0.3986,0.598,0.6808,0.5826,0.5283,0.3188,0.4876,0.2598,0.5277,0.3176,0.2128,0.1638,0.3621,
1.0,0.9994,0.9672,0.9666,0.971,0.9967,0.9954,0.9906,0.9847,0.9282,0.7391,0.9322,0.9114,0.8371,0.7993,0.8627,0.6834,0.8239,0.9396,0.7905,0.6118,0.9506,0.7223,0.619,0.5997,0.6129,0.8567,0.5698,0.6223,0.793,0.5149,0.552,0.3769,0.581,0.6745,0.5831,0.5273,0.3143,0.4749,0.2674,0.5295,0.3136,0.2142,0.1644,0.3542,
1.0,0.999,0.9716,0.9706,0.971,0.9969,0.9956,0.9909,0.9839,0.9238,0.7346,0.9346,0.9062,0.838,0.7973,0.86,0.6827,0.824,0.9421,0.7804,0.6126,0.9528,0.7249,0.6337,0.6154,0.6176,0.8538,0.5699,0.6267,0.7839,0.5032,0.5649,0.3968,0.5955,0.6813,0.5857,0.5151,0.3188,0.4779,0.2653,0.5286,0.3095,0.2084,0.1718,0.3594,
1.0,0.9986,0.9715,0.9701,0.9691,0.9973,0.9951,0.9917,0.9873,0.9222,0.7414,0.9319,0.9065,0.8454,0.8089,0.8551,0.699,0.8332,0.9413,0.7812,0.6168,0.9538,0.7221,0.6302,0.6194,0.6201,0.8596,0.574,0.6249,0.782,0.5009,0.5568,0.3968,0.5978,0.6798,0.5847,0.5226,0.3147,0.4898,0.2671,0.5324,0.3147,0.2037,0.17,0.3675,
1.0,0.9988,0.9693,0.9681,0.9684,0.9979,0.9954,0.9897,0.9844,0.9225,0.7346,0.9327,0.9072,0.8398,0.8006,0.8562,0.6808,0.8246,0.9372,0.7795,0.606,0.9523,0.719,0.618,0.6002,0.6093,0.8538,0.5636,0.6184,0.7795,0.5037,0.5489,0.3893,0.5946,0.6825,0.5797,0.5267,0.3167,0.4804,0.2564,0.5288,0.3095,0.2162,0.17,0.3592,
1.0,0.9991,0.9681,0.9672,0.9686,0.9973,0.9951,0.9908,0.9853,0.9193,0.7305,0.9309,0.9036,0.8385,0.8023,0.8519,0.6855,0.8248,0.9453,0.7801,0.6138,0.951,0.7212,0.6255,0.6096,0.6132,0.8603,0.5693,0.6131,0.7771,0.4984,0.5459,0.3918,0.5916,0.6708,0.583,0.5264,0.3156,0.4881,0.2544,0.5259,0.3113,0.1998,0.1711,0.3574,
1.0,0.999,0.97,0.969,0.9681,0.9972,0.995,0.9908,0.9854,0.9227,0.7284,0.9308,0.9059,0.8329,0.7952,0.8539,0.682,0.8194,0.9377,0.78,0.6056,0.9544,0.7236,0.6183,0.6065,0.6045,0.8566,0.5572,0.6224,0.7802,0.5006,0.5449,0.3874,0.6009,0.6893,0.5867,0.5255,0.3069,0.4811,0.2571,0.5285,0.3127,0.2132,0.1605,0.3542,
1.0,0.9981,0.9661,0.9642,0.9695,0.9968,0.9941,0.9903,0.9852,0.921,0.7375,0.9286,0.9054,0.8433,0.8049,0.8505,0.6881,0.8292,0.9372,0.7807,0.6065,0.9526,0.7215,0.6192,0.6097,0.6149,0.8602,0.5726,0.6169,0.7833,0.5001,0.5569,0.3916,0.5921,0.6753,0.5779,0.5195,0.3245,0.4758,0.2584,0.5197,0.3041,0.2104,0.162,0.357,
1.0,0.9992,0.9702,0.9694,0.9702,0.9976,0.9952,0.9893,0.9858,0.9227,0.7405,0.9358,0.9071,0.8425,0.807,0.8603,0.6872,0.8298,0.9419,0.7805,0.6197,0.9532,0.7275,0.6313,0.6157,0.6192,0.8529,0.5701,0.6316,0.7812,0.5019,0.5635,0.3868,0.5963,0.6785,0.5861,0.5243,0.3126,0.476,0.2703,0.525,0.3096,0.2023,0.1653,0.3596,
1.0,0.999,0.9692,0.9682,0.9682,0.9971,0.9952,0.9908,0.9857,0.9199,0.7356,0.9314,0.9045,0.8423,0.8056,0.8525,0.6897,0.8303,0.94,0.7803,0.6134,0.9524,0.7237,0.6254,0.6139,0.6137,0.8585,0.5744,0.6235,0.78,0.5002,0.5597,0.3873,0.587,0.6784,0.5826,0.5239,0.3196,0.4762,0.2642,0.5295,0.3057,0.2094,0.1636,0.3485,
1.0,0.9989,0.969,0.9679,0.9696,0.9968,0.9949,0.9914,0.9841,0.9275,0.7412,0.9309,0.9104,0.8431,0.8009,0.8594,0.6854,0.8285,0.9398,0.7833,0.6182,0.9531,0.7271,0.6267,0.6171,0.6222,0.8548,0.5745,0.6238,0.7822,0.5031,0.5597,0.3945,0.5932,0.6734,0.5864,0.5221,0.3184,0.4816,0.2654,0.5301,0.3179,0.208,0.1681,0.3539,
1.0,0.9986,0.9683,0.9669,0.969,0.9975,0.9949,0.9888,0.9831,0.9241,0.7356,0.9296,0.9066,0.8411,0.7988,0.854,0.6858,0.8264,0.9355,0.7824,0.6047,0.9542,0.7229,0.6196,0.6017,0.6046,0.855,0.5589,0.6214,0.7772,0.4958,0.5491,0.3842,0.5995,0.6764,0.5801,0.521,0.3142,0.4798,0.2673,0.5325,0.3131,0.2036,0.1588,0.3596,
1.0,0.999,0.9676,0.9666,0.97,0.997,0.994,0.9902,0.9849,0.9254,0.7338,0.931,0.9082,0.8345,0.7966,0.8583,0.6783,0.82,0.94,0.7826,0.6084,0.9521,0.7256,0.6165,0.6034,0.6095,0.8562,0.5597,0.6233,0.7868,0.4999,0.5427,0.3805,0.5928,0.6776,0.582,0.5168,0.3114,0.4826,0.2563,0.5262,0.3125,0.206,0.1643,0.3563,
1.0,0.9981,0.9693,0.9674,0.9688,0.9967,0.9942,0.9906,0.9836,0.9257,0.7411,0.9312,0.9105,0.8459,0.8064,0.8576,0.6947,0.8316,0.9437,0.788,0.6207,0.9532,0.7236,0.6328,0.6091,0.6265,0.8606,0.5844,0.6253,0.7853,0.5051,0.5705,0.3839,0.5928,0.6876,0.5891,0.5198,0.3249,0.4748,0.261,0.5333,0.3126,0.2098,0.1644,0.3547,
1.0,0.9987,0.9658,0.9645,0.9691,0.9967,0.9947,0.9907,0.9837,0.9247,0.7317,0.9284,0.9089,0.8363,0.7979,0.8547,0.6757,0.8222,0.9406,0.7795,0.611,0.953,0.7257,0.6199,0.6081,0.6145,0.8517,0.5615,0.6247,0.7809,0.5012,0.5498,0.3937,0.5958,0.6689,0.5884,0.5161,0.3145,0.4838,0.262,0.5202,0.311,0.2088,0.1634,0.3546,
1.0,0.9987,0.9693,0.968,0.9711,0.9971,0.9943,0.9897,0.9845,0.9205,0.7337,0.9336,0.9038,0.8381,0.8018,0.8563,0.6903,0.824,0.9397,0.7889,0.6045,0.9509,0.712,0.6186,0.5989,0.612,0.8622,0.5698,0.6077,0.7796,0.5067,0.5504,0.3848,0.5858,0.679,0.5734,0.5227,0.314,0.4863,0.2536,0.5358,0.3113,0.2075,0.1646,0.3594,
1.0,0.9986,0.9677,0.9663,0.9704,0.9973,0.9952,0.9896,0.983,0.9294,0.7426,0.9316,0.9138,0.8421,0.8032,0.8613,0.6837,0.8269,0.9379,0.7868,0.6135,0.952,0.7272,0.6222,0.602,0.6153,0.8537,0.5631,0.619,0.7876,0.5081,0.5539,0.3868,0.5921,0.6764,0.5809,0.523,0.3126,0.4775,0.262,0.5253,0.3129,0.2064,0.1622,0.3549,
1.0,0.9989,0.9676,0.9665,0.9704,0.9966,0.9946,0.9915,0.9871,0.924,0.7432,0.9314,0.9083,0.8422,0.8072,0.8574,0.688,0.831,0.9459,0.7837,0.6174,0.9534,0.7219,0.6306,0.6031,0.6196,0.8549,0.5695,0.6208,0.7821,0.5023,0.5568,0.3864,0.5912,0.6768,0.5851,0.5227,0.3139,0.4763,0.2658,0.5267,0.3046,0.2003,0.1649,0.3558,
1.0,0.9993,0.9674,0.9667,0.9699,0.9978,0.9963,0.9907,0.9855,0.9241,0.742,0.9299,0.9072,0.8446,0.807,0.8548,0.6904,0.8312,0.9398,0.7828,0.6145,0.9546,0.7228,0.6286,0.6076,0.6168,0.8558,0.5672,0.6182,0.7804,0.5072,0.5495,0.3882,0.5912,0.6794,0.5805,0.5237,0.3186,0.4804,0.2601,0.526,0.3101,0.211,0.1671,0.3507,
1.0,0.999,0.965,0.964,0.9685,0.997,0.9947,0.9904,0.9847,0.9259,0.74,0.9273,0.9105,0.8418,0.8048,0.8545,0.6854,0.8277,0.9419,0.7851,0.615,0.9541,0.7246,0.6244,0.6028,0.6222,0.8598,0.5746,0.6067,0.7872,0.5074,0.5541,0.3902,0.588,0.6703,0.5797,0.5225,0.3181,0.4811,0.2519,0.5137,0.3153,0.2084,0.166,0.354,
1.0,0.9992,0.9671,0.9663,0.968,0.9967,0.9948,0.9896,0.9853,0.926,0.7341,0.9288,0.9085,0.8375,0.7994,0.8559,0.687,0.8243,0.9394,0.7887,0.6091,0.9514,0.7266,0.6175,0.6021,0.6098,0.8601,0.5679,0.618,0.7818,0.5105,0.5441,0.3877,0.5815,0.6697,0.5812,0.5254,0.3151,0.4765,0.2607,0.5244,0.3098,0.2052,0.1681,0.3471,
1.0,0.9985,0.9707,0.9692,0.9686,0.9974,0.9949,0.99,0.9846,0.9184,0.7276,0.9327,0.9033,0.838,0.7996,0.8521,0.6867,0.8237,0.9402,0.7789,0.6001,0.9547,0.7133,0.6178,0.6056,0.6065,0.8569,0.5645,0.613,0.7738,0.4977,0.5459,0.3912,0.5987,0.6736,0.5761,0.5108,0.3155,0.4829,0.2467,0.518,0.3069,0.2005,0.1583,0.3569,
1.0,0.9986,0.9698,0.9684,0.9684,0.9981,0.9959,0.9912,0.9861,0.9231,0.7374,0.9322,0.9094,0.8394,0.8028,0.8563,0.6846,0.827,0.9425,0.7798,0.6175,0.9527,0.718,0.625,0.6076,0.6149,0.8561,0.5727,0.6246,0.7842,0.5074,0.5569,0.3877,0.5894,0.6739,0.5827,0.5113,0.3192,0.4735,0.2617,0.5234,0.3157,0.2139,0.1628,0.3486,
1.0,0.9986,0.9701,0.9687,0.9692,0.9965,0.9941,0.9887,0.9833,0.9208,0.733,0.9331,0.903,0.8399,0.802,0.855,0.6881,0.8266,0.9391,0.7826,0.6151,0.9485,0.7261,0.6272,0.6143,0.6155,0.8579,0.5685,0.626,0.779,0.5011,0.5545,0.3989,0.5947,0.6786,0.5866,0.5224,0.3181,0.4718,0.2652,0.5233,0.3105,0.2045,0.1681,0.3519,
1.0,0.9995,0.97,0.9695,0.9702,0.9974,0.9955,0.9911,0.986,0.9178,0.7317,0.9347,0.9023,0.8376,0.7989,0.8539,0.688,0.8236,0.9408,0.7798,0.607,0.9539,0.7181,0.6229,0.611,0.606,0.8608,0.5699,0.6145,0.7773,0.4979,0.5513,0.3873,0.5886,0.6768,0.5778,0.5196,0.3114,0.4818,0.2526,0.5251,0.2996,0.2078,0.1602,0.3568,
1.0,0.9987,0.9671,0.9658,0.9714,0.9967,0.9948,0.9909,0.9843,0.9218,0.7354,0.9316,0.9053,0.838,0.7977,0.8541,0.6807,0.8246,0.9398,0.7823,0.6081,0.9527,0.7227,0.6228,0.6125,0.6119,0.8581,0.5663,0.6213,0.7812,0.4988,0.546,0.3908,0.5921,0.6722,0.5869,0.5178,0.3079,0.4796,0.2568,0.5146,0.3131,0.1981,0.1619,0.3539,
1.0,0.9991,0.9656,0.9647,0.9697,0.9973,0.9952,0.9889,0.9838,0.9227,0.7335,0.93,0.906,0.8376,0.8018,0.8538,0.6784,0.8245,0.9429,0.78,0.6075,0.9498,0.7155,0.6161,0.5944,0.6185,0.8502,0.5675,0.616,0.7864,0.5152,0.5572,0.3817,0.5892,0.6713,0.5758,0.5265,0.3193,0.4767,0.2634,0.5187,0.3208,0.2128,0.1612,0.3533,
1.0,0.9991,0.9671,0.9662,0.9706,0.9974,0.9952,0.9892,0.9855,0.9174,0.7326,0.9311,0.8998,0.8396,0.7987,0.8512,0.6863,0.8279,0.9399,0.7772,0.6073,0.9517,0.7205,0.6289,0.6126,0.6061,0.8567,0.5713,0.6198,0.7755,0.5047,0.5525,0.3972,0.5874,0.6799,0.5843,0.5284,0.3241,0.4809,0.263,0.5289,0.3071,0.2113,0.1661,0.3545,
1.0,0.999,0.9687,0.9677,0.9733,0.9974,0.9952,0.9908,0.9856,0.923,0.7371,0.9356,0.9078,0.8347,0.7936,0.8601,0.6756,0.8213,0.9412,0.7798,0.6058,0.9533,0.72,0.6232,0.6044,0.6101,0.852,0.5608,0.6238,0.7792,0.5052,0.5571,0.3935,0.599,0.6868,0.5807,0.518,0.3092,0.4793,0.2585,0.529,0.3113,0.2126,0.1632,0.3501,
1.0,0.9988,0.9677,0.9665,0.9694,0.9974,0.9953,0.9899,0.9832,0.9227,0.734,0.9312,0.907,0.84,0.7989,0.8546,0.6842,0.8263,0.9412,0.782,0.6147,0.9548,0.721,0.6227,0.6144,0.6161,0.859,0.5734,0.6206,0.7758,0.4994,0.552,0.3877,0.5961,0.6735,0.5875,0.5226,0.3114,0.4847,0.2617,0.5244,0.3096,0.1972,0.1647,0.3569,
1.0,0.9985,0.9701,0.9686,0.9706,0.9982,0.9958,0.9907,0.9853,0.9225,0.7388,0.9336,0.9079,0.8431,0.806,0.8579,0.6943,0.8312,0.9451,0.7851,0.6142,0.9537,0.7226,0.6322,0.6151,0.6207,0.8624,0.5793,0.6254,0.7833,0.5133,0.5617,0.3986,0.5961,0.6833,0.5848,0.5295,0.3302,0.4823,0.2685,0.5338,0.3208,0.2159,0.169,0.3611,
1.0,0.9987,0.9673,0.966,0.9716,0.997,0.9955,0.9906,0.9827,0.9189,0.7312,0.9315,0.9029,0.8375,0.7953,0.8523,0.6737,0.8242,0.9401,0.7727,0.6056,0.9534,0.7198,0.6202,0.6146,0.6129,0.8539,0.563,0.6198,0.7815,0.4941,0.5514,0.3894,0.5995,0.6714,0.5764,0.5177,0.3105,0.4793,0.2573,0.5206,0.3088,0.2002,0.1623,0.3508,
1.0,0.9989,0.9686,0.9675,0.9697,0.9969,0.9946,0.9892,0.9841,0.9194,0.7352,0.9324,0.9022,0.8415,0.8033,0.8519,0.6853,0.8285,0.9405,0.7789,0.6099,0.9504,0.7221,0.6255,0.6109,0.615,0.855,0.5679,0.6226,0.7783,0.4978,0.5622,0.3904,0.5991,0.68,0.5855,0.5242,0.3118,0.4862,0.2655,0.535,0.31,0.2058,0.1718,0.3599,
1.0,0.9994,0.9681,0.9675,0.9684,0.9976,0.996,0.9919,0.9854,0.9222,0.7402,0.9302,0.9074,0.8466,0.8101,0.8539,0.6914,0.8328,0.9412,0.7818,0.6184,0.9524,0.724,0.6317,0.6103,0.6173,0.8585,0.5776,0.6238,0.7832,0.5042,0.5559,0.3877,0.5844,0.6698,0.5892,0.5226,0.3161,0.4701,0.2628,0.5242,0.3127,0.2091,0.1588,0.3587,
1.0,0.9983,0.9701,0.9684,0.9719,0.9976,0.9942,0.9891,0.9843,0.9287,0.7336,0.936,0.9137,0.8288,0.794,0.8657,0.6783,0.8151,0.9435,0.7922,0.612,0.9504,0.725,0.622,0.6076,0.6186,0.8551,0.5615,0.6275,0.7962,0.518,0.5484,0.3852,0.5872,0.6726,0.59,0.5179,0.3106,0.4759,0.2606,0.532,0.3186,0.2112,0.1656,0.3453,
1.0,0.9989,0.9655,0.9644,0.9697,0.9982,0.996,0.9904,0.9834,0.9193,0.7308,0.9281,0.9039,0.8389,0.7966,0.8493,0.6786,0.8238,0.9415,0.7736,0.6118,0.9538,0.7201,0.6233,0.6071,0.6066,0.8565,0.5622,0.6157,0.7732,0.4977,0.5476,0.3902,0.5964,0.6802,0.5851,0.5249,0.319,0.4763,0.2571,0.5212,0.3075,0.2125,0.1628,0.3513,
1.0,0.9987,0.9661,0.9648,0.9692,0.9973,0.9949,0.9901,0.9847,0.9273,0.7351,0.9277,0.9098,0.8365,0.7951,0.8561,0.6764,0.8221,0.9381,0.7825,0.6049,0.9529,0.7263,0.6134,0.6114,0.6121,0.8555,0.5657,0.6205,0.7893,0.5074,0.5492,0.3952,0.5931,0.6747,0.5869,0.5189,0.3214,0.4821,0.2604,0.522,0.318,0.2109,0.1663,0.353,
1.0,0.9983,0.9623,0.9606,0.9713,0.9981,0.995,0.9892,0.9842,0.9226,0.7374,0.9266,0.9065,0.8392,0.8008,0.851,0.6777,0.8278,0.9399,0.7795,0.613,0.9551,0.7289,0.6246,0.6114,0.6164,0.8498,0.5627,0.6258,0.7833,0.5086,0.548,0.3914,0.5952,0.6744,0.5909,0.5097,0.3186,0.4885,0.2563,0.5281,0.3196,0.2081,0.1646,0.3584,
1.0,0.9991,0.9691,0.9682,0.9694,0.9968,0.995,0.9911,0.9866,0.926,0.7447,0.9323,0.9101,0.8467,0.8102,0.8591,0.6997,0.8334,0.9402,0.7881,0.6134,0.952,0.7239,0.6271,0.5988,0.6172,0.8631,0.5732,0.6206,0.7853,0.5036,0.5546,0.3871,0.5944,0.6813,0.585,0.5258,0.3165,0.489,0.266,0.5299,0.318,0.2135,0.1665,0.3671,
1.0,0.9986,0.968,0.9666,0.9689,0.9977,0.9949,0.9892,0.984,0.9254,0.7385,0.9299,0.9086,0.8424,0.8041,0.8564,0.6797,0.8272,0.9369,0.7775,0.6104,0.9494,0.7194,0.6186,0.5988,0.6176,0.8483,0.5675,0.62,0.7875,0.504,0.5614,0.3876,0.583,0.6736,0.5739,0.5199,0.3138,0.468,0.2643,0.522,0.3141,0.2146,0.166,0.3511,
1.0,0.9988,0.9688,0.9676,0.9684,0.9978,0.9956,0.9901,0.9861,0.9261,0.741,0.9305,0.9102,0.8422,0.8084,0.8571,0.6901,0.8306,0.9411,0.7839,0.6173,0.9489,0.7242,0.6263,0.6076,0.6199,0.8538,0.5673,0.6204,0.7841,0.4954,0.554,0.39,0.5872,0.6731,0.5861,0.523,0.3146,0.4792,0.2653,0.5224,0.3045,0.2115,0.174,0.3524,
1.0,0.9992,0.9654,0.9646,0.9696,0.9983,0.9965,0.9906,0.9844,0.9258,0.7351,0.9293,0.9115,0.837,0.796,0.8562,0.6846,0.8235,0.9414,0.7871,0.6109,0.9525,0.7239,0.6208,0.6043,0.611,0.8643,0.5695,0.6181,0.784,0.5004,0.5497,0.3887,0.5886,0.6721,0.5777,0.5295,0.3158,0.4793,0.2654,0.5263,0.3119,0.2058,0.1677,0.3579,
1.0,0.9983,0.9675,0.9658,0.9745,0.9975,0.9954,0.9899,0.9834,0.9242,0.7449,0.936,0.9098,0.8459,0.8054,0.8617,0.6887,0.832,0.94,0.7869,0.6184,0.952,0.7286,0.6324,0.614,0.6222,0.8604,0.5752,0.6256,0.7905,0.51,0.5577,0.3972,0.5988,0.6759,0.5896,0.5227,0.3179,0.4844,0.2649,0.5248,0.3242,0.2112,0.1688,0.3587,
1.0,0.9994,0.9686,0.968,0.9704,0.9976,0.9962,0.9922,0.9871,0.9261,0.7444,0.9329,0.9115,0.8428,0.8064,0.8594,0.6894,0.8318,0.9404,0.7815,0.6138,0.9566,0.7251,0.6262,0.6099,0.6234,0.8559,0.5668,0.6177,0.7835,0.4997,0.5527,0.3867,0.5813,0.6715,0.5783,0.5169,0.3179,0.474,0.2594,0.5221,0.3064,0.2035,0.1627,0.3449,
1.0,0.9992,0.9667,0.9659,0.9706,0.9976,0.9961,0.9902,0.984,0.9249,0.7341,0.9315,0.9094,0.8361,0.7995,0.8571,0.6863,0.8231,0.9414,0.7897,0.6116,0.9484,0.7191,0.6248,0.5956,0.6119,0.8539,0.562,0.6174,0.7791,0.5053,0.5452,0.3885,0.5791,0.6707,0.5796,0.5224,0.3081,0.4662,0.2611,0.5219,0.3052,0.2025,0.1629,0.3417,
1.0,0.9991,0.9633,0.9624,0.9687,0.9974,0.9958,0.9908,0.9833,0.9234,0.7328,0.9244,0.9061,0.8387,0.7979,0.8492,0.6811,0.8237,0.9371,0.7781,0.6057,0.9525,0.7203,0.616,0.6031,0.6129,0.8532,0.5626,0.6184,0.7794,0.4942,0.5504,0.3824,0.591,0.6731,0.5801,0.5178,0.3124,0.4794,0.2617,0.5238,0.3043,0.2025,0.1656,0.3492,
1.0,0.9988,0.968,0.9668,0.9719,0.9987,0.9961,0.99,0.9854,0.9278,0.7374,0.9334,0.9134,0.8348,0.7967,0.8639,0.6808,0.8229,0.9452,0.7879,0.6214,0.9509,0.7342,0.6315,0.6241,0.621,0.8553,0.5687,0.6377,0.7868,0.5079,0.5524,0.3963,0.5905,0.6736,0.6014,0.5152,0.3187,0.4791,0.2672,0.5307,0.3134,0.207,0.1669,0.3519,
1.0,0.9983,0.9674,0.9657,0.9677,0.9976,0.9948,0.9887,0.983,0.9269,0.7328,0.9268,0.9088,0.837,0.795,0.8547,0.6818,0.8228,0.9398,0.7834,0.6085,0.9527,0.7252,0.6162,0.6062,0.6139,0.8565,0.5632,0.6169,0.779,0.4969,0.548,0.3815,0.5853,0.6762,0.5834,0.5181,0.3079,0.4773,0.2565,0.5224,0.3065,0.2043,0.1539,0.3516,
1.0,0.9995,0.969,0.9685,0.9672,0.9967,0.9955,0.9916,0.9856,0.9227,0.7335,0.9297,0.9054,0.8397,0.8029,0.8526,0.6941,0.8264,0.942,0.7864,0.6086,0.9521,0.72,0.6206,0.6021,0.6132,0.8632,0.5671,0.6164,0.7797,0.5039,0.5519,0.3865,0.5921,0.6812,0.5788,0.5262,0.3141,0.4836,0.2634,0.5327,0.31,0.2083,0.162,0.3612,
1.0,0.9992,0.9708,0.97,0.9683,0.9969,0.9954,0.9906,0.9853,0.9222,0.7356,0.9327,0.9056,0.84,0.8018,0.8561,0.6846,0.8279,0.9451,0.7784,0.6101,0.9513,0.7165,0.6264,0.6034,0.6144,0.8561,0.572,0.617,0.7824,0.5031,0.5591,0.3838,0.596,0.6808,0.5822,0.5269,0.3161,0.4789,0.2572,0.5234,0.3144,0.21,0.1601,0.3542,
1.0,0.999,0.967,0.966,0.97,0.9972,0.9956,0.9916,0.9852,0.9214,0.7332,0.9303,0.9057,0.8373,0.8016,0.8528,0.6799,0.8222,0.939,0.7764,0.6079,0.952,0.719,0.621,0.6087,0.6124,0.8524,0.5619,0.622,0.7831,0.5086,0.5483,0.3923,0.5948,0.6769,0.5834,0.5182,0.3194,0.4778,0.2594,0.5255,0.3148,0.2171,0.1643,0.3499,
1.0,0.9987,0.9661,0.9648,0.968,0.9969,0.9948,0.9901,0.9854,0.9251,0.7435,0.9278,0.9089,0.8453,0.8071,0.8547,0.6885,0.8334,0.9431,0.7816,0.6188,0.9497,0.72,0.6268,0.5934,0.6158,0.8507,0.5683,0.6208,0.7791,0.499,0.5514,0.3773,0.5806,0.6711,0.5869,0.5228,0.3089,0.4764,0.2642,0.5286,0.3072,0.2056,0.1679,0.3523,
1.0,0.9993,0.9705,0.9698,0.9698,0.9976,0.9961,0.9911,0.9845,0.9226,0.7324,0.9355,0.9086,0.8361,0.8016,0.8597,0.6871,0.8231,0.9379,0.7861,0.6115,0.95,0.7232,0.6259,0.605,0.608,0.8585,0.5604,0.6207,0.7826,0.5063,0.5407,0.3895,0.5833,0.6715,0.5796,0.507,0.3128,0.4743,0.2531,0.5246,0.3041,0.2123,0.1559,0.3499,
1.0,0.9992,0.9687,0.9679,0.9675,0.9968,0.995,0.9908,0.9857,0.9197,0.7367,0.9309,0.9042,0.8423,0.8048,0.8518,0.6894,0.83,0.9392,0.7784,0.6125,0.9511,0.7193,0.626,0.6015,0.6115,0.8554,0.5691,0.618,0.7757,0.4959,0.5528,0.3835,0.585,0.6711,0.5821,0.5117,0.3099,0.4757,0.2568,0.5329,0.2996,0.2069,0.1612,0.3572,
1.0,0.9988,0.9684,0.9672,0.9683,0.9973,0.9952,0.9903,0.9846,0.9302,0.7385,0.9295,0.9129,0.8363,0.7969,0.8602,0.682,0.8244,0.9451,0.786,0.6194,0.956,0.7297,0.6258,0.611,0.6218,0.8553,0.5736,0.6276,0.7874,0.5227,0.5537,0.3879,0.5873,0.6781,0.5945,0.5247,0.3256,0.4721,0.261,0.5192,0.3209,0.2113,0.1661,0.3459,
1.0,0.999,0.9649,0.9639,0.9719,0.9972,0.9951,0.9898,0.9845,0.9207,0.7324,0.9313,0.9053,0.8369,0.8017,0.8538,0.6763,0.8236,0.9398,0.7795,0.6064,0.9516,0.7174,0.6189,0.6027,0.6147,0.847,0.5611,0.6177,0.7854,0.5143,0.5485,0.3848,0.589,0.6708,0.5804,0.5171,0.3173,0.4724,0.2552,0.5152,0.3143,0.201,0.1631,0.3466,
1.0,0.9986,0.9648,0.9634,0.9704,0.9963,0.9939,0.9905,0.9837,0.9206,0.7359,0.9284,0.9044,0.8419,0.7993,0.8507,0.6783,0.8275,0.9365,0.7753,0.6054,0.9521,0.7177,0.6182,0.6004,0.609,0.8538,0.5594,0.6157,0.7733,0.4945,0.5476,0.3861,0.5939,0.6728,0.5798,0.5215,0.3092,0.4843,0.2622,0.5241,0.3136,0.2009,0.164,0.3604,
1.0,0.9985,0.9656,0.9641,0.9687,0.9974,0.9949,0.9894,0.9855,0.9237,0.7388,0.9276,0.9073,0.841,0.8037,0.8529,0.6915,0.8299,0.9451,0.786,0.6096,0.9532,0.719,0.6211,0.6011,0.6199,0.8592,0.578,0.6138,0.7836,0.505,0.5554,0.3784,0.5855,0.673,0.5791,0.5195,0.3191,0.4815,0.2534,0.5199,0.3055,0.2058,0.1584,0.3476,
1.0,0.9989,0.9665,0.9654,0.969,0.9963,0.994,0.9892,0.9839,0.9237,0.7379,0.9281,0.9052,0.8432,0.8033,0.8528,0.6887,0.8294,0.9413,0.7839,0.6173,0.9536,0.7275,0.6281,0.6141,0.6204,0.8569,0.5728,0.6197,0.7776,0.499,0.5593,0.385,0.5906,0.6795,0.5808,0.5174,0.3115,0.4794,0.2656,0.5248,0.304,0.2039,0.1647,0.3534,
1.0,0.9987,0.9684,0.9671,0.9709,0.9968,0.9949,0.9911,0.9847,0.9262,0.7381,0.9329,0.9113,0.8371,0.7977,0.8588,0.6838,0.8226,0.94,0.7873,0.6146,0.9515,0.7256,0.6241,0.6039,0.6134,0.8588,0.5602,0.6215,0.7818,0.5078,0.5482,0.3916,0.5864,0.6751,0.5868,0.53,0.3123,0.478,0.2673,0.5289,0.3068,0.2141,0.168,0.3528,
1.0,0.9991,0.9708,0.9699,0.9702,0.9971,0.9954,0.9907,0.9847,0.922,0.7345,0.9336,0.9049,0.8394,0.8008,0.8571,0.6861,0.8258,0.9395,0.7828,0.6064,0.9531,0.7189,0.6247,0.6017,0.6094,0.8563,0.5586,0.6171,0.7768,0.4992,0.5479,0.3854,0.5926,0.6773,0.5745,0.5198,0.3055,0.4814,0.2572,0.5314,0.3071,0.2024,0.1667,0.3569,
1.0,0.9994,0.9677,0.9671,0.9711,0.9971,0.9959,0.992,0.9866,0.9229,0.7382,0.9338,0.9089,0.8397,0.8016,0.858,0.6886,0.8281,0.9432,0.7844,0.6082,0.9553,0.7225,0.621,0.609,0.6189,0.8633,0.5733,0.6157,0.7814,0.5004,0.5562,0.3907,0.5964,0.6833,0.5726,0.5332,0.3153,0.4859,0.2586,0.5338,0.3133,0.2084,0.1655,0.3637,
1.0,0.9988,0.9677,0.9665,0.9718,0.9974,0.9946,0.9896,0.9842,0.9226,0.7353,0.9336,0.9065,0.8371,0.7988,0.8569,0.6839,0.8236,0.9432,0.7872,0.6108,0.951,0.7195,0.6234,0.6081,0.6186,0.8578,0.5751,0.6164,0.7834,0.5051,0.5575,0.3899,0.5904,0.6775,0.5853,0.5247,0.3206,0.4786,0.2603,0.5296,0.3159,0.2088,0.1662,0.3538,
1.0,0.9993,0.9682,0.9675,0.9698,0.9971,0.9952,0.9906,0.9846,0.924,0.7339,0.9304,0.9063,0.8379,0.7986,0.8565,0.6831,0.8237,0.9434,0.7813,0.6108,0.9544,0.7255,0.6265,0.6079,0.612,0.8562,0.5615,0.6191,0.7821,0.5004,0.5513,0.3889,0.5946,0.6732,0.5825,0.519,0.3116,0.4796,0.2534,0.5122,0.3073,0.1983,0.1631,0.3616,
1.0,0.9988,0.9708,0.9696,0.9679,0.9982,0.9959,0.99,0.9841,0.9236,0.7297,0.9316,0.9075,0.8368,0.7961,0.8555,0.6834,0.8214,0.9411,0.7771,0.6095,0.9556,0.7233,0.6243,0.6125,0.6114,0.8546,0.5708,0.623,0.7818,0.5037,0.5568,0.3877,0.5986,0.6826,0.5895,0.5268,0.3184,0.4752,0.2582,0.5238,0.3114,0.2091,0.1674,0.3486,
1.0,0.9989,0.9706,0.9695,0.9719,0.997,0.9954,0.9929,0.9862,0.921,0.7391,0.9346,0.906,0.8424,0.8028,0.8561,0.6899,0.8281,0.9418,0.7784,0.6107,0.9554,0.7215,0.6312,0.6129,0.6197,0.859,0.5759,0.6166,0.7826,0.5007,0.5652,0.3997,0.5993,0.6837,0.5805,0.5297,0.3266,0.4758,0.2581,0.5326,0.3066,0.2037,0.1768,0.3554,
1.0,0.9991,0.9694,0.9685,0.9706,0.9969,0.9954,0.991,0.9853,0.9266,0.7401,0.9333,0.9102,0.8395,0.802,0.8611,0.6801,0.8277,0.9396,0.7799,0.6149,0.9528,0.7315,0.6266,0.6139,0.6133,0.8523,0.5595,0.6251,0.7871,0.5079,0.5497,0.3933,0.5891,0.6736,0.5845,0.5154,0.318,0.4798,0.2556,0.5245,0.3185,0.2076,0.1621,0.3532,
1.0,0.9985,0.9687,0.9672,0.9691,0.9982,0.9955,0.9896,0.9849,0.9243,0.7384,0.9302,0.9078,0.8402,0.7986,0.8552,0.6833,0.8273,0.9415,0.7807,0.6104,0.9497,0.7194,0.6229,0.6062,0.6159,0.8553,0.5711,0.6212,0.7803,0.5072,0.5546,0.3877,0.5925,0.6803,0.5815,0.5147,0.3221,0.4755,0.2549,0.5266,0.312,0.2081,0.1568,0.3478,
1.0,0.9988,0.9695,0.9683,0.97,0.9971,0.995,0.9911,0.9861,0.9254,0.7418,0.9331,0.91,0.8432,0.8043,0.8596,0.6898,0.8295,0.9404,0.7846,0.6137,0.9536,0.7292,0.6244,0.6083,0.6135,0.8626,0.5671,0.6227,0.7835,0.5038,0.5525,0.3919,0.5955,0.674,0.589,0.521,0.3165,0.4841,0.2591,0.5329,0.3163,0.2107,0.1636,0.3588,
1.0,0.9992,0.9708,0.97,0.9713,0.9981,0.9961,0.9907,0.9852,0.9267,0.7413,0.9349,0.9099,0.8395,0.7989,0.8619,0.6859,0.8269,0.9422,0.7828,0.6154,0.9521,0.7251,0.6291,0.6087,0.6207,0.8539,0.5681,0.6224,0.7854,0.51,0.5597,0.3975,0.5928,0.6769,0.5867,0.5158,0.3209,0.4775,0.2555,0.5255,0.319,0.219,0.1667,0.3553,
1.0,0.9992,0.9683,0.9675,0.9701,0.9977,0.9961,0.9904,0.9834,0.9231,0.7357,0.9331,0.9078,0.8413,0.8029,0.8572,0.6881,0.8267,0.9356,0.7851,0.6099,0.9522,0.7216,0.6254,0.6002,0.61,0.8557,0.5677,0.6207,0.7854,0.5044,0.554,0.3851,0.5911,0.672,0.5796,0.5248,0.3142,0.4702,0.262,0.5229,0.3103,0.2064,0.1584,0.3522,
1.0,0.9988,0.9687,0.9675,0.9687,0.9973,0.9951,0.9912,0.9854,0.9243,0.7364,0.9315,0.9093,0.8387,0.8012,0.8571,0.6853,0.8254,0.9412,0.7819,0.6112,0.9538,0.7233,0.623,0.602,0.6146,0.8558,0.5681,0.618,0.7821,0.5043,0.5552,0.3893,0.5899,0.6775,0.5786,0.5209,0.3189,0.4759,0.2548,0.5258,0.3067,0.2036,0.1619,0.3508,
1.0,0.9982,0.9688,0.967,0.9681,0.9963,0.9936,0.9906,0.985,0.9242,0.7324,0.93,0.9077,0.836,0.8,0.8552,0.6833,0.8236,0.9408,0.7813,0.604,0.9517,0.7129,0.6149,0.5958,0.6093,0.8526,0.5568,0.6161,0.7795,0.4988,0.5479,0.3783,0.5922,0.6776,0.5745,0.5174,0.2998,0.4754,0.254,0.5251,0.3136,0.2063,0.1529,0.357,
1.0,0.9991,0.967,0.9661,0.9703,0.9973,0.9953,0.9896,0.986,0.9234,0.7385,0.9313,0.9067,0.8404,0.8011,0.8555,0.6854,0.8288,0.9444,0.7819,0.6073,0.9525,0.7138,0.6169,0.5909,0.6128,0.8556,0.5679,0.6042,0.7787,0.5078,0.5511,0.3715,0.5826,0.6811,0.5811,0.5284,0.3198,0.4657,0.2492,0.5213,0.3026,0.211,0.1619,0.3432,
1.0,0.9988,0.9677,0.9665,0.9709,0.9984,0.9958,0.9909,0.9857,0.9216,0.7356,0.932,0.9073,0.8391,0.8026,0.8541,0.6847,0.8256,0.9358,0.7796,0.6092,0.9533,0.7217,0.62,0.6056,0.6057,0.8547,0.5574,0.6226,0.7833,0.5017,0.5481,0.3874,0.5918,0.6777,0.5783,0.5093,0.3157,0.4786,0.2584,0.533,0.3103,0.2097,0.1555,0.3583,
1.0,0.9988,0.9673,0.9661,0.9699,0.9979,0.9956,0.9894,0.9838,0.9222,0.7369,0.9306,0.9061,0.8425,0.8039,0.8538,0.6902,0.827,0.9387,0.784,0.6098,0.9524,0.7207,0.625,0.607,0.6164,0.8569,0.569,0.6239,0.7809,0.5026,0.5571,0.3804,0.5929,0.6757,0.5836,0.5208,0.3174,0.4735,0.2674,0.5222,0.3043,0.2031,0.1631,0.3525,
1.0,0.9992,0.9651,0.9643,0.967,0.9974,0.9957,0.9914,0.9848,0.9279,0.7369,0.9261,0.9129,0.8395,0.8008,0.8561,0.6828,0.8248,0.9364,0.786,0.6076,0.9546,0.7237,0.6171,0.5996,0.6128,0.8571,0.5683,0.617,0.7833,0.4959,0.5493,0.381,0.5847,0.6672,0.5851,0.5231,0.3084,0.4823,0.2616,0.5205,0.3081,0.1985,0.1631,0.3517,
1.0,0.9989,0.9683,0.9672,0.9702,0.9966,0.9942,0.9895,0.9854,0.9268,0.7342,0.9309,0.9081,0.8342,0.7938,0.8577,0.6804,0.8218,0.9411,0.7847,0.6094,0.9516,0.73,0.6206,0.609,0.6104,0.8578,0.5617,0.6204,0.7851,0.5005,0.5479,0.388,0.5883,0.674,0.58,0.5227,0.3088,0.4824,0.2607,0.524,0.3095,0.2099,0.1683,0.3549,
1.0,0.9989,0.9669,0.9658,0.9692,0.9976,0.9953,0.9904,0.9854,0.9209,0.7372,0.9285,0.9035,0.8419,0.803,0.8511,0.6837,0.8279,0.943,0.7716,0.6142,0.9509,0.7212,0.628,0.6057,0.615,0.8528,0.5685,0.6209,0.7775,0.5083,0.5587,0.3924,0.593,0.6902,0.5858,0.5289,0.3209,0.4787,0.261,0.5229,0.3149,0.219,0.169,0.3594,
1.0,0.9994,0.971,0.9704,0.9688,0.9966,0.9953,0.9915,0.9852,0.9222,0.7332,0.934,0.9069,0.8374,0.7997,0.8569,0.6848,0.8234,0.938,0.7798,0.6058,0.9529,0.7252,0.6222,0.6027,0.605,0.8581,0.5599,0.6203,0.7816,0.4987,0.5488,0.3847,0.5883,0.6792,0.58,0.5157,0.3089,0.4764,0.2576,0.5291,0.3077,0.2027,0.1596,0.3555,
1.0,0.999,0.973,0.972,0.9703,0.9972,0.9954,0.9912,0.9862,0.9274,0.7366,0.9371,0.9126,0.8339,0.7984,0.8653,0.6869,0.822,0.94,0.7885,0.6097,0.9534,0.7282,0.6224,0.6141,0.6091,0.858,0.5575,0.6299,0.7843,0.4982,0.5429,0.3889,0.5949,0.6765,0.5877,0.5197,0.3042,0.4736,0.2655,0.524,0.3066,0.2069,0.1641,0.351,
1.0,0.999,0.9645,0.9635,0.9704,0.9964,0.9943,0.9901,0.9835,0.9255,0.7353,0.9285,0.9083,0.8396,0.8031,0.8553,0.6812,0.825,0.941,0.7856,0.6101,0.9525,0.721,0.6202,0.5951,0.6146,0.8472,0.5637,0.6133,0.7862,0.5082,0.5458,0.3738,0.5887,0.6754,0.5892,0.5201,0.3092,0.4787,0.2581,0.5191,0.3191,0.2039,0.167,0.3576,
1.0,0.9992,0.9676,0.9668,0.9687,0.9979,0.9965,0.9898,0.9833,0.922,0.735,0.9288,0.9045,0.8424,0.8026,0.8522,0.686,0.8314,0.9402,0.7788,0.6171,0.9545,0.7247,0.6284,0.614,0.6176,0.8548,0.5698,0.6224,0.7829,0.5043,0.5556,0.3934,0.5937,0.6718,0.5795,0.5181,0.3186,0.4773,0.2621,0.52,0.3153,0.2047,0.1638,0.3488,
1.0,0.9985,0.9669,0.9654,0.9681,0.9967,0.9943,0.9902,0.9848,0.923,0.7366,0.9279,0.9062,0.8432,0.8039,0.8525,0.6879,0.8315,0.9458,0.7814,0.6219,0.956,0.7306,0.6325,0.6091,0.6184,0.859,0.5751,0.6204,0.779,0.5144,0.5606,0.3919,0.5928,0.6824,0.5873,0.5241,0.32,0.4763,0.2606,0.5233,0.3175,0.2112,0.1682,0.3587,
1.0,0.999,0.9688,0.9678,0.9699,0.9975,0.9956,0.992,0.9866,0.9216,0.7415,0.9327,0.9072,0.8455,0.8079,0.855,0.687,0.8354,0.9456,0.7754,0.618,0.9539,0.7188,0.6313,0.6081,0.6186,0.8536,0.5702,0.6176,0.7815,0.5035,0.5564,0.3863,0.5894,0.6755,0.5825,0.5181,0.3278,0.4729,0.2561,0.5136,0.3094,0.2093,0.1612,0.3531,
1.0,0.9992,0.97,0.9692,0.9689,0.9965,0.9949,0.9919,0.9859,0.9241,0.7373,0.9325,0.9083,0.8395,0.8036,0.8584,0.695,0.8271,0.9429,0.7891,0.6108,0.9553,0.7218,0.6275,0.6091,0.6158,0.8611,0.571,0.6246,0.7786,0.5063,0.5583,0.3929,0.5926,0.6833,0.5836,0.5278,0.3136,0.4902,0.268,0.537,0.3153,0.2027,0.167,0.3645,
1.0,0.9983,0.9681,0.9664,0.9688,0.9973,0.9945,0.9902,0.9853,0.9258,0.7412,0.9319,0.9119,0.8443,0.8078,0.8593,0.6931,0.8304,0.937,0.7876,0.6172,0.9506,0.7261,0.6219,0.6086,0.6155,0.8622,0.5783,0.6252,0.7855,0.5034,0.56,0.3857,0.588,0.6756,0.5897,0.5234,0.3152,0.4745,0.2736,0.5252,0.3106,0.2055,0.1574,0.3537,
1.0,0.999,0.9658,0.9648,0.9672,0.9973,0.9952,0.9912,0.9866,0.9271,0.7372,0.9263,0.9115,0.8397,0.8032,0.8544,0.683,0.8278,0.94,0.7783,0.6053,0.9564,0.7194,0.6126,0.5942,0.6131,0.8562,0.5655,0.6125,0.789,0.4987,0.5496,0.3752,0.5944,0.6739,0.573,0.5122,0.3096,0.4809,0.2563,0.5217,0.3085,0.2085,0.1571,0.3567,
1.0,0.9992,0.9681,0.9673,0.9734,0.9967,0.9957,0.9914,0.9851,0.9239,0.7367,0.9366,0.9096,0.8369,0.7999,0.8617,0.6783,0.8238,0.9398,0.783,0.6118,0.9475,0.7213,0.6267,0.609,0.6142,0.8553,0.5653,0.6263,0.7855,0.501,0.553,0.394,0.5907,0.6655,0.5803,0.5116,0.3119,0.4719,0.2593,0.5171,0.3119,0.208,0.1662,0.3436,
1.0,0.9993,0.9668,0.9661,0.9729,0.9979,0.9963,0.9901,0.9845,0.924,0.7353,0.9345,0.9089,0.835,0.796,0.8585,0.6766,0.8205,0.9392,0.783,0.6134,0.9528,0.73,0.6265,0.613,0.6121,0.8551,0.5648,0.6234,0.7884,0.5153,0.5469,0.3968,0.5835,0.6673,0.5814,0.5187,0.3189,0.4807,0.2561,0.5198,0.3147,0.2076,0.1656,0.348,
1.0,0.9987,0.9685,0.9672,0.9679,0.9971,0.9947,0.9916,0.985,0.9228,0.7369,0.9299,0.9082,0.8407,0.8035,0.8551,0.6892,0.8261,0.9405,0.7831,0.6151,0.9557,0.7231,0.6251,0.6044,0.6164,0.8575,0.5769,0.6196,0.7819,0.5141,0.5609,0.3896,0.5911,0.6799,0.5826,0.5273,0.3268,0.4822,0.2647,0.5344,0.3163,0.2164,0.1711,0.3572,
1.0,0.999,0.9679,0.9669,0.9694,0.9974,0.9953,0.9902,0.9853,0.9275,0.7438,0.931,0.9108,0.8451,0.8077,0.8589,0.6868,0.8317,0.9408,0.7837,0.6153,0.9493,0.7204,0.6253,0.6015,0.6219,0.8502,0.57,0.6177,0.783,0.5102,0.5539,0.3894,0.5869,0.6698,0.5843,0.514,0.3152,0.466,0.2594,0.5165,0.308,0.2102,0.1606,0.3558,
1.0,0.999,0.967,0.966,0.972,0.9977,0.9961,0.9913,0.9839,0.9256,0.7401,0.9336,0.9111,0.8406,0.8028,0.8615,0.6845,0.8264,0.94,0.7887,0.6154,0.9523,0.7235,0.6241,0.6016,0.6143,0.8554,0.5617,0.6264,0.7845,0.5078,0.551,0.3865,0.5822,0.6826,0.5858,0.5262,0.3182,0.4791,0.2643,0.5286,0.315,0.2141,0.1611,0.3528,
1.0,0.9995,0.9644,0.9639,0.9703,0.9971,0.9952,0.9907,0.9846,0.9295,0.7407,0.9279,0.912,0.8368,0.7969,0.8585,0.6809,0.8222,0.9384,0.7863,0.6176,0.9513,0.7304,0.623,0.6072,0.6188,0.8551,0.5682,0.6245,0.7872,0.5035,0.5505,0.3901,0.5812,0.6652,0.5909,0.5239,0.3087,0.4819,0.2655,0.5219,0.3131,0.2103,0.1649,0.3559,
1.0,0.9987,0.9674,0.9661,0.9697,0.9977,0.9958,0.9912,0.9849,0.9241,0.7344,0.9307,0.9097,0.8372,0.7982,0.8551,0.6793,0.8244,0.9377,0.7802,0.6089,0.957,0.7276,0.6186,0.611,0.6119,0.8549,0.5598,0.6264,0.7808,0.5103,0.5485,0.393,0.5972,0.6771,0.5893,0.5227,0.3166,0.4809,0.2646,0.5252,0.3181,0.2163,0.1661,0.3561,
1.0,0.9992,0.9689,0.9681,0.9704,0.9965,0.9947,0.9915,0.9868,0.9241,0.7397,0.9336,0.9085,0.8387,0.8037,0.8576,0.6867,0.8247,0.9408,0.785,0.6125,0.9516,0.7245,0.6233,0.6068,0.6147,0.8569,0.5581,0.6219,0.7813,0.4978,0.547,0.3877,0.595,0.6816,0.585,0.5166,0.3071,0.4795,0.2643,0.5256,0.3118,0.2088,0.1595,0.3642,
1.0,0.9994,0.9683,0.9677,0.9682,0.997,0.9959,0.9921,0.9866,0.9224,0.7401,0.9307,0.9078,0.8449,0.8091,0.8546,0.6927,0.8334,0.9403,0.7824,0.6144,0.954,0.7227,0.6268,0.6049,0.6118,0.8577,0.5712,0.6217,0.7832,0.502,0.5566,0.387,0.5873,0.6716,0.5829,0.5258,0.3137,0.4774,0.2696,0.5217,0.3063,0.2036,0.1648,0.3513,
1.0,0.9988,0.9676,0.9664,0.9689,0.9977,0.9957,0.9903,0.9839,0.9245,0.7319,0.9291,0.9075,0.8368,0.7962,0.8551,0.6812,0.8232,0.9393,0.7812,0.6107,0.9561,0.7267,0.6192,0.6104,0.6111,0.8572,0.5658,0.6255,0.7811,0.5041,0.5535,0.388,0.5987,0.6808,0.5908,0.5191,0.3137,0.4853,0.264,0.5315,0.3094,0.2061,0.1702,0.3585,
1.0,0.9993,0.9678,0.9671,0.9678,0.9981,0.9967,0.9905,0.9857,0.9205,0.7321,0.9297,0.9046,0.8401,0.8026,0.8517,0.6933,0.8294,0.9446,0.7849,0.6063,0.9537,0.7169,0.6193,0.6005,0.6142,0.8673,0.5799,0.6103,0.7802,0.5034,0.5568,0.383,0.5883,0.6815,0.5774,0.5292,0.3194,0.4759,0.2607,0.5309,0.3089,0.2113,0.1609,0.3555,
1.0,0.999,0.9671,0.9661,0.9667,0.9972,0.995,0.9905,0.9837,0.9222,0.7298,0.9268,0.9052,0.8378,0.7958,0.8503,0.6859,0.8224,0.9406,0.7812,0.6121,0.9533,0.7215,0.6221,0.6063,0.6095,0.8614,0.5712,0.6204,0.7768,0.4971,0.5539,0.3865,0.5927,0.6794,0.5827,0.5218,0.3187,0.4794,0.2546,0.5278,0.3053,0.2046,0.1637,0.354,
1.0,0.9987,0.9678,0.9665,0.9713,0.9977,0.9959,0.9913,0.985,0.9275,0.7443,0.9313,0.912,0.8446,0.8025,0.86,0.6891,0.8307,0.9384,0.7865,0.6175,0.9568,0.7298,0.6304,0.6097,0.6169,0.8564,0.5658,0.6288,0.7812,0.5063,0.555,0.3952,0.6008,0.6811,0.5908,0.5151,0.311,0.4867,0.2637,0.5295,0.3131,0.2093,0.1629,0.3609,
1.0,0.999,0.9692,0.9682,0.9701,0.9979,0.9956,0.9899,0.9859,0.9244,0.7347,0.933,0.909,0.8369,0.8014,0.8587,0.6903,0.8258,0.943,0.7879,0.6126,0.9526,0.7262,0.6272,0.6061,0.613,0.8584,0.5685,0.6211,0.7836,0.5125,0.5596,0.3948,0.5916,0.6817,0.5823,0.5261,0.3173,0.4798,0.2649,0.5269,0.3152,0.2176,0.1636,0.3614,
1.0,0.9988,0.9668,0.9656,0.9698,0.9979,0.9962,0.9899,0.984,0.925,0.7391,0.9309,0.9091,0.8431,0.806,0.8569,0.696,0.8299,0.942,0.7922,0.6211,0.9514,0.7204,0.6285,0.5964,0.6154,0.86,0.5736,0.6193,0.7807,0.5055,0.5513,0.3865,0.5824,0.6753,0.5786,0.5221,0.3126,0.4825,0.2632,0.533,0.3131,0.2047,0.1637,0.3604,
1.0,0.9992,0.9685,0.9677,0.9693,0.9965,0.9946,0.989,0.9836,0.9256,0.7336,0.9304,0.9061,0.8368,0.7972,0.8577,0.6808,0.8238,0.9408,0.7836,0.6089,0.9533,0.7281,0.6201,0.6143,0.6124,0.853,0.562,0.6257,0.7766,0.5006,0.5471,0.386,0.5923,0.6768,0.5967,0.5302,0.3125,0.4763,0.2655,0.5262,0.3098,0.2088,0.1681,0.3567,
1.0,0.9992,0.967,0.9662,0.9703,0.9972,0.9956,0.9901,0.9834,0.9241,0.734,0.9315,0.9074,0.8388,0.8015,0.8568,0.6814,0.8235,0.9412,0.7849,0.6057,0.9517,0.7159,0.618,0.602,0.615,0.8539,0.5663,0.6151,0.7831,0.5173,0.547,0.3862,0.5865,0.6741,0.58,0.5159,0.323,0.4768,0.2549,0.5224,0.3159,0.2142,0.1562,0.3462,
1.0,0.9993,0.9706,0.9699,0.9684,0.9972,0.9953,0.9901,0.9853,0.9211,0.7333,0.9328,0.9039,0.8378,0.7992,0.8541,0.6872,0.8256,0.9398,0.7817,0.6083,0.9521,0.7216,0.6236,0.6034,0.6057,0.8558,0.5658,0.6179,0.7776,0.4988,0.5524,0.3828,0.586,0.6785,0.577,0.5159,0.309,0.4782,0.2604,0.5365,0.3057,0.2075,0.1622,0.3522,
1.0,0.9985,0.9715,0.97,0.9698,0.998,0.9953,0.9882,0.9842,0.9196,0.7373,0.9343,0.9025,0.8444,0.805,0.8547,0.6929,0.8323,0.9427,0.7825,0.6101,0.9512,0.7124,0.6275,0.6045,0.6139,0.8562,0.5675,0.6139,0.7707,0.4906,0.5483,0.3764,0.589,0.6788,0.5786,0.5324,0.3061,0.4736,0.2558,0.5279,0.298,0.1999,0.1639,0.3504,
1.0,0.9992,0.9702,0.9694,0.9735,0.9977,0.9961,0.9906,0.9852,0.9217,0.7341,0.9375,0.906,0.8356,0.7983,0.8601,0.6841,0.8226,0.9408,0.785,0.6097,0.9538,0.7246,0.6275,0.6146,0.6106,0.8591,0.5646,0.6221,0.7865,0.5128,0.5465,0.3968,0.5898,0.675,0.5868,0.5288,0.3176,0.4782,0.2643,0.5254,0.3161,0.2139,0.1715,0.3503,
1.0,0.9986,0.9657,0.9643,0.9701,0.9965,0.9941,0.9884,0.9834,0.9245,0.7307,0.929,0.9051,0.8339,0.7938,0.8544,0.6786,0.8202,0.9413,0.7873,0.6026,0.9483,0.718,0.6137,0.5972,0.6135,0.8562,0.564,0.6142,0.7818,0.5063,0.5497,0.3785,0.5783,0.6751,0.5751,0.5255,0.3096,0.4718,0.2523,0.5253,0.3068,0.2113,0.1569,0.3521,
1.0,0.9987,0.9693,0.968,0.9661,0.9974,0.995,0.9896,0.9844,0.9227,0.7298,0.9273,0.9055,0.8354,0.796,0.8525,0.682,0.8211,0.9414,0.7774,0.6111,0.9512,0.7204,0.6248,0.6053,0.6106,0.8548,0.5681,0.6234,0.7829,0.5071,0.5587,0.3879,0.5881,0.6846,0.5841,0.5211,0.3149,0.4847,0.2625,0.5353,0.3115,0.2161,0.1713,0.351,
1.0,0.9989,0.9684,0.9673,0.9664,0.9981,0.9963,0.99,0.9839,0.9281,0.7409,0.9293,0.9133,0.8452,0.8049,0.8581,0.6871,0.8315,0.9418,0.782,0.6181,0.9551,0.7271,0.6234,0.6005,0.6138,0.8554,0.5701,0.6278,0.7842,0.5047,0.5591,0.3799,0.5968,0.6858,0.5934,0.5228,0.3164,0.4849,0.2694,0.5314,0.3117,0.2102,0.1584,0.3581,
1.0,0.999,0.9708,0.9698,0.9698,0.9975,0.9951,0.9899,0.9825,0.9231,0.729,0.9335,0.9066,0.8362,0.7946,0.8581,0.6828,0.8197,0.9376,0.7825,0.6068,0.9517,0.7194,0.6204,0.6089,0.6103,0.8578,0.5687,0.6198,0.7803,0.4994,0.5566,0.3843,0.5877,0.6832,0.5778,0.5188,0.3104,0.4818,0.2564,0.534,0.3082,0.2081,0.1633,0.349,
1.0,0.9993,0.9657,0.965,0.969,0.9968,0.9951,0.9902,0.9837,0.9336,0.7503,0.9289,0.9166,0.8464,0.8044,0.8628,0.6857,0.833,0.9385,0.7882,0.6208,0.9499,0.731,0.6235,0.6042,0.6239,0.8526,0.5696,0.6273,0.7868,0.509,0.5553,0.3899,0.5885,0.6696,0.5867,0.5156,0.324,0.4781,0.266,0.5219,0.3155,0.209,0.1596,0.3583,
1.0,0.9992,0.9641,0.9633,0.9704,0.9972,0.9952,0.9905,0.9859,0.9228,0.739,0.9283,0.9065,0.8401,0.8039,0.8529,0.6776,0.8264,0.9375,0.7788,0.6081,0.9494,0.7199,0.6171,0.6063,0.6156,0.8507,0.5581,0.6182,0.7773,0.4967,0.5389,0.3791,0.582,0.6634,0.5836,0.5168,0.3096,0.4691,0.2592,0.5146,0.3058,0.1987,0.1638,0.3487,
1.0,0.9995,0.9693,0.9688,0.9713,0.9977,0.9957,0.9903,0.9844,0.9218,0.7314,0.935,0.9065,0.8339,0.7969,0.8578,0.6811,0.8198,0.9427,0.7835,0.6105,0.9533,0.7213,0.6246,0.6109,0.6167,0.8557,0.5619,0.6222,0.7785,0.5022,0.5522,0.3954,0.5989,0.6832,0.5809,0.5093,0.3099,0.4756,0.2511,0.5188,0.3084,0.2068,0.1613,0.3566,
1.0,0.9988,0.9695,0.9683,0.9706,0.9971,0.995,0.989,0.9813,0.9241,0.7307,0.9327,0.9056,0.8353,0.792,0.8574,0.68,0.8201,0.9365,0.7855,0.6065,0.9509,0.7227,0.6209,0.6129,0.6098,0.8557,0.5628,0.6242,0.779,0.4952,0.5509,0.3885,0.5934,0.6785,0.5814,0.512,0.316,0.4789,0.2573,0.5292,0.3058,0.2102,0.1606,0.3507,
1.0,0.9992,0.9688,0.968,0.9652,0.9973,0.9957,0.9912,0.9854,0.9196,0.732,0.9285,0.9046,0.8418,0.8067,0.8495,0.6901,0.8303,0.9443,0.7798,0.6117,0.9562,0.7181,0.626,0.6051,0.6197,0.8569,0.5771,0.6226,0.778,0.4966,0.5673,0.3839,0.6006,0.6825,0.5812,0.5223,0.3224,0.4803,0.2629,0.5323,0.3071,0.2103,0.1622,0.3591,
1.0,0.9988,0.9649,0.9637,0.9691,0.9975,0.9952,0.9892,0.9843,0.925,0.7329,0.9278,0.9084,0.8372,0.8012,0.8546,0.6802,0.825,0.9408,0.7852,0.6032,0.9538,0.7202,0.614,0.5977,0.6149,0.8526,0.563,0.6128,0.7876,0.5122,0.5504,0.3835,0.5848,0.6672,0.5745,0.515,0.3211,0.4755,0.2572,0.522,0.3128,0.2028,0.1639,0.3517,
1.0,0.999,0.9675,0.9665,0.9677,0.9974,0.9955,0.991,0.9867,0.9285,0.7362,0.9294,0.9139,0.8348,0.799,0.8588,0.6835,0.8228,0.9412,0.7875,0.6106,0.95,0.727,0.6174,0.6023,0.607,0.8596,0.5673,0.6283,0.7884,0.5093,0.5524,0.3889,0.5925,0.6823,0.5874,0.5228,0.3173,0.4822,0.267,0.5388,0.3138,0.2162,0.165,0.3534,
1.0,0.9991,0.9688,0.9679,0.9702,0.9974,0.9956,0.9874,0.9838,0.9222,0.7278,0.9334,0.9051,0.8345,0.7947,0.8564,0.6809,0.8233,0.9437,0.7827,0.6057,0.9498,0.7241,0.6219,0.6071,0.6042,0.8532,0.5613,0.6214,0.7782,0.5029,0.5405,0.3878,0.586,0.6713,0.5893,0.5324,0.3115,0.4765,0.2668,0.5217,0.3097,0.2,0.169,0.3503,
1.0,0.9991,0.9687,0.9678,0.9698,0.9975,0.9959,0.9919,0.9868,0.9298,0.7452,0.932,0.9147,0.8394,0.8021,0.8627,0.6916,0.8268,0.9411,0.7907,0.616,0.9543,0.7271,0.6192,0.6049,0.6224,0.8623,0.5703,0.626,0.7882,0.5115,0.5538,0.3861,0.5901,0.6765,0.5882,0.5159,0.3201,0.4706,0.2614,0.5278,0.3096,0.2141,0.1539,0.3531,
1.0,0.9989,0.9666,0.9655,0.972,0.997,0.9948,0.9911,0.9856,0.9252,0.7396,0.9328,0.9103,0.8378,0.8008,0.8591,0.6865,0.8238,0.9369,0.7886,0.6087,0.9507,0.7246,0.622,0.602,0.6097,0.8596,0.5655,0.6187,0.7875,0.5055,0.5503,0.3855,0.5932,0.6755,0.5818,0.5208,0.3116,0.478,0.2597,0.5369,0.3147,0.2133,0.163,0.3538,
1.0,0.9991,0.969,0.9681,0.9695,0.9982,0.9964,0.9892,0.9845,0.9288,0.7387,0.932,0.9119,0.8376,0.7994,0.8617,0.6807,0.8257,0.9429,0.7854,0.6169,0.9535,0.7298,0.6228,0.6058,0.616,0.8522,0.5669,0.6292,0.7891,0.5183,0.554,0.389,0.5891,0.6835,0.59,0.5151,0.3172,0.4737,0.2596,0.5306,0.3171,0.2252,0.1663,0.3492,
1.0,0.9992,0.969,0.9682,0.9731,0.9981,0.9968,0.9916,0.985,0.9225,0.7387,0.9353,0.9074,0.842,0.8038,0.8594,0.6891,0.8296,0.9409,0.7838,0.6072,0.9533,0.7126,0.6222,0.6037,0.6177,0.857,0.5709,0.6141,0.7878,0.5016,0.5575,0.3803,0.5894,0.6789,0.5707,0.5215,0.3186,0.4677,0.2551,0.5243,0.3125,0.2124,0.1589,0.3541,
1.0,0.9988,0.9667,0.9655,0.9674,0.9982,0.9958,0.9889,0.9823,0.9241,0.7368,0.928,0.908,0.843,0.8017,0.8538,0.6873,0.8285,0.9393,0.7838,0.6119,0.9509,0.7151,0.6181,0.5977,0.6141,0.8578,0.5721,0.6184,0.778,0.5001,0.5504,0.3812,0.591,0.6658,0.5756,0.5217,0.3202,0.4898,0.2679,0.5274,0.3062,0.1948,0.1623,0.36,
1.0,0.9994,0.9652,0.9646,0.9712,0.9973,0.9962,0.9921,0.9859,0.9227,0.7363,0.9311,0.9078,0.8377,0.7975,0.855,0.6771,0.8231,0.9351,0.7788,0.6074,0.9475,0.7198,0.6192,0.6015,0.6037,0.8535,0.5589,0.618,0.7801,0.4916,0.5425,0.3802,0.5796,0.6658,0.5837,0.5083,0.3108,0.4677,0.2613,0.5241,0.303,0.2044,0.16,0.3458,
1.0,0.9987,0.9689,0.9676,0.9724,0.9974,0.9949,0.9897,0.9846,0.9282,0.745,0.9352,0.9123,0.8414,0.8061,0.8645,0.689,0.8294,0.941,0.7934,0.6105,0.9571,0.7269,0.6216,0.6107,0.6241,0.8583,0.5736,0.6216,0.7941,0.5142,0.5602,0.3795,0.5981,0.6807,0.5818,0.5197,0.3201,0.4827,0.2576,0.5255,0.3179,0.2102,0.1607,0.359,
1.0,0.9988,0.9702,0.969,0.9698,0.9979,0.9957,0.9914,0.9848,0.9242,0.7344,0.9337,0.9099,0.8371,0.7989,0.8584,0.6835,0.8228,0.9375,0.7824,0.6047,0.9545,0.7237,0.6182,0.6073,0.6097,0.8604,0.5617,0.6214,0.7835,0.4959,0.5468,0.3822,0.5966,0.6799,0.5807,0.5162,0.3113,0.4807,0.2504,0.525,0.3062,0.2038,0.1579,0.3546,
1.0,0.9992,0.9662,0.9654,0.9708,0.9973,0.9954,0.9904,0.9845,0.9258,0.7399,0.931,0.9095,0.8406,0.8031,0.8584,0.6842,0.8264,0.9433,0.784,0.6176,0.953,0.7262,0.6304,0.6098,0.6228,0.8539,0.5721,0.6256,0.7867,0.5095,0.5552,0.3824,0.587,0.6759,0.587,0.522,0.3184,0.4749,0.2646,0.5206,0.3125,0.207,0.1636,0.3468,
1.0,0.9981,0.9701,0.9682,0.9724,0.9966,0.9934,0.9889,0.9832,0.9289,0.7454,0.9342,0.911,0.841,0.8014,0.8636,0.6872,0.8265,0.9399,0.7892,0.6153,0.9522,0.7304,0.6283,0.6161,0.6193,0.8552,0.5636,0.6332,0.7856,0.5063,0.5501,0.3945,0.5968,0.6803,0.5909,0.5159,0.3076,0.4808,0.2668,0.5185,0.3166,0.2083,0.1575,0.3568,
1.0,0.9988,0.968,0.9668,0.9693,0.9978,0.9961,0.9924,0.9859,0.9292,0.7385,0.931,0.9157,0.8377,0.8015,0.8616,0.6844,0.8234,0.9383,0.7886,0.6104,0.9544,0.7276,0.6214,0.6093,0.6173,0.8603,0.561,0.6263,0.786,0.5077,0.5483,0.3902,0.5917,0.6768,0.5873,0.5228,0.3148,0.4777,0.2616,0.5262,0.315,0.2179,0.164,0.3521,
1.0,0.999,0.9681,0.9671,0.9686,0.9974,0.9951,0.9898,0.9862,0.923,0.7395,0.9308,0.907,0.8418,0.8035,0.8534,0.6914,0.8306,0.9427,0.7818,0.6113,0.9531,0.7157,0.6225,0.6033,0.6126,0.8561,0.5717,0.6191,0.7773,0.5054,0.5543,0.3853,0.5999,0.681,0.5779,0.5248,0.3177,0.4877,0.2627,0.5269,0.3158,0.2144,0.1618,0.3631,
1.0,0.9987,0.9673,0.966,0.9704,0.9974,0.9952,0.9899,0.9835,0.9252,0.7401,0.931,0.9085,0.8416,0.8022,0.8587,0.69,0.8286,0.9399,0.7882,0.6124,0.9533,0.7204,0.6212,0.6001,0.6162,0.8586,0.573,0.6197,0.785,0.5128,0.5513,0.3876,0.5961,0.6781,0.5792,0.5169,0.3188,0.4868,0.2565,0.5348,0.3223,0.2147,0.1582,0.3662,
1.0,0.9995,0.968,0.9675,0.9737,0.9975,0.996,0.99,0.985,0.9214,0.7429,0.9359,0.9046,0.8465,0.8078,0.8589,0.6915,0.8354,0.9463,0.7832,0.6205,0.9523,0.724,0.6365,0.608,0.6222,0.857,0.5737,0.6228,0.7856,0.5156,0.5646,0.3979,0.5948,0.6776,0.5843,0.5235,0.3295,0.487,0.2646,0.5332,0.3219,0.2135,0.169,0.3592,
1.0,0.9986,0.9639,0.9625,0.9661,0.9969,0.9945,0.9905,0.9848,0.9206,0.7336,0.9219,0.9034,0.844,0.8059,0.8448,0.6855,0.8297,0.9408,0.7734,0.6119,0.952,0.7179,0.6215,0.599,0.6114,0.8516,0.5705,0.6159,0.7801,0.4984,0.5547,0.3787,0.5855,0.6676,0.5811,0.5196,0.3184,0.4762,0.2601,0.5123,0.3065,0.1981,0.1627,0.3575,
1.0,0.9992,0.9681,0.9673,0.9695,0.9976,0.9958,0.9909,0.9842,0.9201,0.7303,0.9318,0.9045,0.839,0.7997,0.8533,0.6783,0.8245,0.9397,0.774,0.6078,0.9533,0.7191,0.6236,0.6128,0.6125,0.8508,0.5615,0.6233,0.7748,0.4993,0.5547,0.3912,0.5997,0.6825,0.5831,0.5143,0.3144,0.485,0.2554,0.5352,0.3096,0.2074,0.1641,0.3555,
1.0,0.9989,0.9683,0.9672,0.9714,0.9975,0.9959,0.9898,0.9851,0.9265,0.7367,0.9335,0.9098,0.8345,0.7975,0.8615,0.6816,0.8218,0.945,0.7865,0.6137,0.95,0.7257,0.6281,0.6067,0.6191,0.8542,0.5657,0.6172,0.7873,0.5109,0.5531,0.3948,0.5825,0.678,0.5821,0.526,0.3157,0.473,0.2542,0.5241,0.3128,0.21,0.1714,0.3472,
1.0,0.9992,0.9674,0.9666,0.9697,0.9966,0.995,0.9912,0.9847,0.9235,0.7304,0.9301,0.9059,0.8345,0.7946,0.8553,0.6777,0.8203,0.94,0.7816,0.6047,0.953,0.7216,0.6167,0.6044,0.6098,0.855,0.566,0.6165,0.7823,0.5009,0.5522,0.3869,0.5944,0.6775,0.5812,0.5186,0.3163,0.4775,0.2566,0.5297,0.3083,0.2042,0.1629,0.3543,
1.0,0.9992,0.9653,0.9645,0.9708,0.9965,0.995,0.99,0.9846,0.9244,0.7403,0.9302,0.9073,0.8414,0.8022,0.8559,0.6821,0.8278,0.9407,0.7821,0.6114,0.9502,0.717,0.6207,0.6014,0.6194,0.8521,0.5705,0.6144,0.7778,0.5032,0.5488,0.3837,0.5841,0.6683,0.5782,0.52,0.3108,0.4803,0.2571,0.5228,0.3055,0.2021,0.1581,0.3547,
1.0,0.9987,0.9676,0.9663,0.9675,0.997,0.9942,0.9882,0.9836,0.9269,0.7343,0.9285,0.9088,0.8388,0.7955,0.8569,0.6829,0.8243,0.9336,0.7843,0.604,0.9493,0.7227,0.6132,0.6003,0.6027,0.8591,0.5657,0.618,0.7795,0.4966,0.5436,0.3808,0.5893,0.668,0.5793,0.5213,0.3089,0.4824,0.2603,0.5257,0.3088,0.2045,0.1623,0.349,
1.0,0.9991,0.9676,0.9667,0.97,0.9975,0.9955,0.9899,0.985,0.9252,0.7351,0.9328,0.9102,0.8366,0.7983,0.8591,0.6743,0.8246,0.9413,0.78,0.61,0.9507,0.7229,0.6184,0.5987,0.6077,0.8501,0.555,0.6261,0.7756,0.5028,0.5501,0.3848,0.5877,0.674,0.577,0.5114,0.309,0.4699,0.26,0.5224,0.3011,0.2068,0.1604,0.3481,
1.0,0.9991,0.9682,0.9673,0.9701,0.997,0.9952,0.9911,0.9858,0.926,0.742,0.9317,0.9106,0.8417,0.8057,0.8585,0.6897,0.8284,0.939,0.787,0.6184,0.9532,0.7298,0.6315,0.609,0.6138,0.8575,0.5634,0.6271,0.7858,0.5016,0.5502,0.3823,0.5922,0.6783,0.5907,0.5233,0.3138,0.4818,0.2653,0.5326,0.3059,0.2112,0.1676,0.3518,
1.0,0.9989,0.9681,0.967,0.9671,0.9971,0.9951,0.9906,0.9836,0.9247,0.7371,0.9273,0.907,0.8423,0.802,0.8524,0.6866,0.8272,0.9356,0.7768,0.608,0.9502,0.7173,0.618,0.6005,0.613,0.8505,0.5603,0.6199,0.7795,0.4996,0.5505,0.3775,0.5846,0.6659,0.5725,0.5108,0.3115,0.4649,0.2629,0.521,0.3031,0.2042,0.1528,0.3432,
1.0,0.9988,0.966,0.9648,0.9721,0.9973,0.9951,0.9905,0.9857,0.925,0.747,0.9324,0.9101,0.8453,0.8098,0.8595,0.6859,0.8334,0.9445,0.7833,0.6227,0.9542,0.7269,0.629,0.6059,0.6249,0.8528,0.5729,0.6178,0.7873,0.5038,0.5549,0.3884,0.5876,0.677,0.5907,0.5258,0.3125,0.4775,0.2601,0.5218,0.3083,0.1982,0.1677,0.3551,
1.0,0.9987,0.9643,0.963,0.9725,0.9957,0.9938,0.9896,0.9836,0.9242,0.7362,0.9306,0.9069,0.8369,0.7975,0.8547,0.6829,0.8238,0.9424,0.7885,0.6111,0.954,0.7234,0.6196,0.611,0.6178,0.8567,0.5737,0.6204,0.7857,0.513,0.5551,0.3863,0.5895,0.6829,0.5885,0.5309,0.3143,0.4784,0.264,0.5239,0.3151,0.2089,0.164,0.3573,
1.0,0.9988,0.9649,0.9637,0.9682,0.9968,0.9945,0.9893,0.9849,0.9251,0.734,0.9278,0.9094,0.8346,0.7995,0.8543,0.6755,0.8224,0.9407,0.782,0.6163,0.9488,0.728,0.6206,0.6053,0.6098,0.8509,0.5566,0.6269,0.7852,0.5026,0.5449,0.3796,0.5859,0.6733,0.592,0.5223,0.3096,0.4636,0.2653,0.5153,0.2999,0.2068,0.161,0.3415,
1.0,0.999,0.9691,0.9681,0.9692,0.9968,0.9949,0.9926,0.9876,0.9242,0.7408,0.9321,0.9101,0.8412,0.8052,0.8576,0.684,0.8291,0.9405,0.7802,0.616,0.9557,0.7267,0.6253,0.6066,0.6175,0.8539,0.5707,0.6205,0.7873,0.5148,0.5557,0.3933,0.5892,0.6803,0.5835,0.5184,0.3258,0.4806,0.2549,0.5238,0.3191,0.2129,0.1643,0.3538,
1.0,0.9996,0.9681,0.9677,0.9717,0.9975,0.9959,0.99,0.9854,0.9209,0.7359,0.934,0.9038,0.8375,0.7992,0.8552,0.6867,0.8243,0.9389,0.7816,0.606,0.9516,0.7222,0.6217,0.6112,0.6108,0.8592,0.5659,0.6192,0.7799,0.4995,0.5435,0.3903,0.5901,0.6677,0.582,0.5192,0.3108,0.4855,0.2609,0.5151,0.3088,0.2011,0.1627,0.3527,
1.0,0.999,0.9719,0.9709,0.9711,0.9971,0.9952,0.9911,0.985,0.9225,0.7413,0.936,0.9064,0.8441,0.8041,0.8585,0.6891,0.8281,0.9376,0.7797,0.6089,0.9475,0.7098,0.6252,0.5948,0.6135,0.8504,0.564,0.615,0.78,0.4972,0.5551,0.3758,0.581,0.6713,0.569,0.5138,0.308,0.4605,0.2572,0.5257,0.2942,0.2032,0.1591,0.3458,
1.0,0.9997,0.9671,0.9668,0.9692,0.9977,0.9965,0.9922,0.9867,0.9245,0.7381,0.9304,0.9096,0.8389,0.8017,0.856,0.688,0.8257,0.9421,0.7849,0.6149,0.9551,0.7252,0.6261,0.6015,0.6116,0.8594,0.5639,0.622,0.7818,0.5019,0.5521,0.3786,0.5886,0.6759,0.5801,0.5235,0.3113,0.4701,0.2609,0.5184,0.297,0.2029,0.157,0.3491,
1.0,0.9985,0.9712,0.9697,0.969,0.9973,0.9947,0.9896,0.9848,0.9276,0.7338,0.9336,0.9118,0.8331,0.7928,0.8619,0.6786,0.8207,0.9423,0.7818,0.6143,0.9508,0.7266,0.6229,0.6078,0.6106,0.8535,0.5606,0.6303,0.7826,0.5054,0.5467,0.3867,0.5861,0.6723,0.5855,0.517,0.3089,0.4735,0.2552,0.5327,0.3071,0.2059,0.164,0.3414,
1.0,0.998,0.9674,0.9654,0.9686,0.9981,0.9951,0.9897,0.9841,0.9242,0.7403,0.9282,0.9084,0.8448,0.8058,0.8534,0.6882,0.8313,0.9435,0.7811,0.614,0.9539,0.7203,0.6247,0.5971,0.619,0.851,0.5701,0.618,0.7821,0.5027,0.5592,0.3816,0.5901,0.6836,0.5799,0.5258,0.3198,0.4755,0.2602,0.5296,0.3046,0.207,0.1652,0.3523,
1.0,0.9986,0.9684,0.967,0.9709,0.9975,0.9956,0.9911,0.9848,0.9236,0.7318,0.9321,0.9078,0.8332,0.7935,0.8565,0.6784,0.8197,0.9419,0.7838,0.6061,0.9529,0.7222,0.6185,0.6044,0.6082,0.8555,0.558,0.6212,0.7807,0.503,0.5411,0.3873,0.5911,0.6776,0.58,0.5142,0.3093,0.4786,0.2552,0.5219,0.3071,0.2047,0.1564,0.3514,
1.0,0.9995,0.9634,0.9629,0.9708,0.9966,0.9953,0.9907,0.9847,0.9176,0.7341,0.9286,0.9012,0.842,0.8039,0.8484,0.6885,0.829,0.942,0.7832,0.61,0.955,0.719,0.6234,0.6019,0.6105,0.8617,0.5712,0.6123,0.7757,0.5026,0.5502,0.3847,0.591,0.679,0.5793,0.53,0.3177,0.488,0.2618,0.5253,0.3121,0.2069,0.16,0.3644,
1.0,0.999,0.9647,0.9637,0.969,0.9967,0.9944,0.9905,0.9855,0.9218,0.7393,0.9274,0.9052,0.8451,0.8062,0.8515,0.6904,0.8306,0.944,0.7823,0.6122,0.9469,0.7156,0.6255,0.5961,0.6178,0.8599,0.5778,0.6093,0.7758,0.492,0.556,0.3814,0.577,0.6698,0.5722,0.5264,0.3201,0.4761,0.2543,0.5202,0.2992,0.202,0.1642,0.3545,
1.0,0.9985,0.9666,0.9651,0.9689,0.9971,0.9948,0.9889,0.9822,0.9219,0.731,0.9296,0.9055,0.8384,0.7982,0.8522,0.6809,0.8236,0.9399,0.7811,0.6028,0.9523,0.7145,0.6145,0.5979,0.6138,0.8538,0.5685,0.6116,0.7778,0.5107,0.5547,0.3817,0.5811,0.6798,0.5803,0.525,0.3255,0.4761,0.2575,0.5311,0.3155,0.2148,0.16,0.35,
1.0,0.9988,0.9669,0.9657,0.9731,0.9969,0.9946,0.9902,0.9847,0.9204,0.7352,0.9333,0.904,0.8374,0.7981,0.8547,0.6779,0.8227,0.9337,0.781,0.5942,0.9488,0.7097,0.6097,0.5968,0.6052,0.8528,0.5547,0.6135,0.7823,0.5017,0.5424,0.3809,0.5894,0.6711,0.5636,0.5043,0.3136,0.4745,0.2497,0.521,0.3089,0.2057,0.153,0.352,
1.0,0.9988,0.9675,0.9663,0.9727,0.9975,0.995,0.9906,0.9867,0.92,0.7395,0.9331,0.9041,0.8416,0.8058,0.8552,0.6881,0.8284,0.9428,0.7795,0.6114,0.9535,0.7194,0.6294,0.612,0.6197,0.8555,0.569,0.6192,0.7859,0.5074,0.5522,0.3923,0.5899,0.6716,0.5831,0.5168,0.3196,0.4836,0.2535,0.5256,0.3109,0.2047,0.1702,0.3548,
1.0,0.9993,0.9639,0.9632,0.9711,0.9976,0.9961,0.9926,0.9872,0.9248,0.7413,0.9303,0.9116,0.8373,0.8011,0.8563,0.6815,0.8257,0.9377,0.7844,0.6066,0.9554,0.7203,0.6125,0.6058,0.6159,0.8589,0.5708,0.6134,0.7889,0.5027,0.542,0.3864,0.5774,0.6618,0.5741,0.5235,0.3206,0.4749,0.2606,0.5127,0.312,0.2015,0.1599,0.3487,
1.0,0.999,0.9644,0.9634,0.969,0.9978,0.9958,0.9899,0.9836,0.928,0.736,0.9266,0.9115,0.8376,0.7974,0.8559,0.6809,0.8233,0.9389,0.788,0.6137,0.9523,0.73,0.6167,0.6077,0.6156,0.858,0.5651,0.6241,0.7872,0.5118,0.55,0.3842,0.5889,0.6732,0.5879,0.517,0.3203,0.4795,0.2639,0.5281,0.3094,0.2072,0.1593,0.355,
1.0,0.9987,0.9654,0.9641,0.9732,0.9978,0.9958,0.991,0.9853,0.9256,0.7449,0.9328,0.9114,0.8457,0.8076,0.8599,0.6923,0.8327,0.9427,0.7922,0.6131,0.9524,0.7206,0.6231,0.5959,0.6195,0.8621,0.5713,0.6114,0.7847,0.5055,0.5492,0.3853,0.5821,0.676,0.579,0.527,0.3218,0.4761,0.2553,0.5227,0.3083,0.211,0.161,0.3529,
1.0,0.9992,0.9666,0.9658,0.9688,0.997,0.9951,0.9909,0.9854,0.9264,0.7315,0.9299,0.911,0.8318,0.7929,0.8563,0.6821,0.8175,0.9389,0.7879,0.6113,0.9552,0.7346,0.6192,0.6146,0.6044,0.8599,0.56,0.6295,0.7835,0.502,0.5409,0.3897,0.5943,0.6747,0.5983,0.5273,0.3096,0.4904,0.2653,0.5284,0.312,0.203,0.1674,0.3581,
1.0,0.9991,0.9668,0.9659,0.9716,0.9968,0.9953,0.9911,0.9863,0.9212,0.7382,0.9326,0.9061,0.8412,0.8058,0.8553,0.6888,0.8292,0.9447,0.7865,0.6172,0.9494,0.7239,0.6326,0.6085,0.6173,0.8601,0.5739,0.6165,0.7839,0.5058,0.5579,0.3899,0.5863,0.6828,0.5867,0.5222,0.3205,0.4686,0.2674,0.5183,0.3102,0.2121,0.1701,0.3478,
1.0,0.9986,0.9679,0.9665,0.9703,0.9977,0.9956,0.9903,0.9851,0.923,0.7347,0.9321,0.9076,0.8375,0.7995,0.8562,0.6862,0.8249,0.941,0.7874,0.6103,0.9547,0.7281,0.6221,0.6089,0.612,0.8631,0.5727,0.6225,0.7854,0.5068,0.5522,0.3914,0.5962,0.6747,0.5843,0.5183,0.316,0.4866,0.2637,0.5248,0.3138,0.2066,0.1659,0.3567,
1.0,0.999,0.9627,0.9617,0.9683,0.9982,0.9966,0.9904,0.9838,0.9228,0.7303,0.9245,0.9072,0.8353,0.7993,0.8493,0.6795,0.8226,0.9408,0.7853,0.5989,0.9553,0.7164,0.6066,0.6002,0.6147,0.8576,0.5646,0.6153,0.7814,0.5011,0.5445,0.3807,0.5923,0.6739,0.5778,0.5169,0.3103,0.4824,0.2616,0.527,0.316,0.2047,0.1585,0.3596,
1.0,0.999,0.9672,0.9662,0.9679,0.9973,0.9954,0.9913,0.9866,0.9175,0.7272,0.9294,0.903,0.8365,0.8014,0.8474,0.6816,0.8237,0.9442,0.7756,0.6079,0.9543,0.7203,0.625,0.6125,0.6097,0.8521,0.5703,0.618,0.7722,0.5051,0.5576,0.3943,0.5877,0.6734,0.5837,0.5227,0.3192,0.471,0.2614,0.511,0.3007,0.1997,0.1637,0.3481,
1.0,0.9992,0.9685,0.9677,0.9682,0.9974,0.9948,0.9912,0.9863,0.9257,0.7349,0.931,0.9105,0.8357,0.8018,0.8583,0.6877,0.8214,0.9402,0.7885,0.6139,0.951,0.7247,0.621,0.6063,0.6147,0.8611,0.5692,0.619,0.7874,0.5055,0.5528,0.3923,0.5939,0.678,0.5849,0.5224,0.3209,0.4833,0.2609,0.5272,0.3095,0.2096,0.1662,0.353,
1.0,0.9986,0.9659,0.9645,0.9683,0.9966,0.9934,0.9893,0.9843,0.9257,0.7388,0.9267,0.9077,0.8421,0.8027,0.8541,0.6838,0.8282,0.9411,0.781,0.6159,0.9489,0.7186,0.6248,0.6016,0.6198,0.851,0.5737,0.6165,0.7811,0.5016,0.5551,0.3822,0.5856,0.669,0.578,0.5154,0.3133,0.4765,0.2627,0.5153,0.3026,0.2035,0.1588,0.3452,
1.0,0.9993,0.9671,0.9664,0.9701,0.9964,0.9943,0.9912,0.9868,0.9231,0.7336,0.9325,0.9084,0.8363,0.8008,0.8568,0.6807,0.8225,0.9392,0.7795,0.6078,0.9518,0.724,0.6194,0.6094,0.6135,0.855,0.5687,0.6226,0.7832,0.5096,0.5534,0.3946,0.5914,0.6783,0.5832,0.5177,0.3196,0.4813,0.2584,0.5262,0.3165,0.2123,0.1631,0.3589,
1.0,0.9984,0.9696,0.968,0.9712,0.9972,0.994,0.9885,0.9832,0.9252,0.732,0.9333,0.9071,0.8338,0.7955,0.8603,0.6842,0.82,0.9342,0.7913,0.5989,0.9509,0.7201,0.6122,0.6073,0.6083,0.857,0.5611,0.621,0.7839,0.4989,0.5393,0.3778,0.5847,0.6701,0.5782,0.5165,0.2972,0.4729,0.2569,0.5274,0.3065,0.2049,0.1569,0.346,
1.0,0.9986,0.9679,0.9665,0.9721,0.9977,0.9951,0.9904,0.9862,0.9258,0.7462,0.9331,0.9106,0.8428,0.8079,0.8609,0.6938,0.8304,0.9412,0.7887,0.6106,0.9516,0.7161,0.6227,0.5982,0.6231,0.8584,0.5743,0.6138,0.7934,0.5161,0.5546,0.3838,0.5822,0.6777,0.5819,0.5231,0.3199,0.4748,0.2626,0.5239,0.3202,0.2207,0.1508,0.3536,
1.0,0.9986,0.9674,0.966,0.9671,0.9973,0.9949,0.9899,0.9844,0.9222,0.7326,0.9277,0.906,0.8394,0.8006,0.8509,0.6852,0.8256,0.9413,0.7814,0.6132,0.9517,0.725,0.6214,0.612,0.6114,0.8597,0.568,0.6249,0.775,0.4952,0.5503,0.3873,0.5927,0.6725,0.5889,0.5199,0.3166,0.4768,0.261,0.525,0.3039,0.2046,0.1641,0.3562,
1.0,0.9992,0.9653,0.9645,0.9733,0.9972,0.9946,0.9905,0.9862,0.9263,0.745,0.9336,0.9111,0.8408,0.8052,0.8619,0.6857,0.8274,0.9411,0.7898,0.6132,0.955,0.7274,0.6236,0.6099,0.623,0.8567,0.5697,0.6159,0.788,0.5042,0.5476,0.3877,0.5899,0.6731,0.588,0.5272,0.3145,0.4823,0.2625,0.5211,0.3186,0.2024,0.163,0.353,
1.0,0.9988,0.9679,0.9667,0.9709,0.9978,0.996,0.99,0.985,0.9244,0.7387,0.9322,0.9088,0.8412,0.8039,0.8575,0.6858,0.8295,0.9408,0.7836,0.6091,0.9554,0.7258,0.6221,0.6152,0.6159,0.854,0.5698,0.6198,0.7896,0.5142,0.5535,0.3944,0.5944,0.6713,0.5844,0.5147,0.3239,0.4855,0.2551,0.5143,0.3221,0.2065,0.1649,0.3602,
1.0,0.9986,0.9667,0.9653,0.9689,0.9974,0.9948,0.9895,0.9845,0.9246,0.7327,0.9268,0.9057,0.8367,0.7948,0.853,0.6817,0.8231,0.9398,0.7829,0.6046,0.9535,0.7203,0.6125,0.6044,0.6066,0.857,0.5617,0.6177,0.779,0.5028,0.5444,0.3845,0.5905,0.6727,0.585,0.5169,0.3159,0.4782,0.2534,0.5265,0.3099,0.2098,0.1588,0.3538,
1.0,0.9987,0.9662,0.9649,0.9695,0.9974,0.995,0.9905,0.9861,0.9263,0.7393,0.9299,0.9117,0.8411,0.8041,0.8581,0.6808,0.8287,0.9423,0.7819,0.6158,0.9539,0.725,0.6218,0.6036,0.6151,0.8526,0.5639,0.6225,0.7826,0.5026,0.5558,0.3849,0.5927,0.6784,0.5917,0.5197,0.3174,0.4772,0.2694,0.5204,0.3095,0.2087,0.1638,0.3532,
1.0,0.9989,0.9661,0.965,0.9711,0.9967,0.9943,0.9907,0.9844,0.9241,0.7375,0.9312,0.9079,0.8399,0.8016,0.8562,0.6807,0.8252,0.9352,0.7841,0.6142,0.955,0.7284,0.6263,0.6149,0.612,0.8517,0.5636,0.6249,0.7805,0.5052,0.5458,0.3984,0.593,0.6713,0.5891,0.5213,0.3207,0.4872,0.2655,0.5272,0.3163,0.2059,0.1723,0.3559,
1.0,0.999,0.9684,0.9674,0.9727,0.9981,0.9959,0.9888,0.9839,0.9209,0.737,0.9338,0.9031,0.8421,0.8028,0.8562,0.6918,0.8293,0.9415,0.7846,0.6082,0.9523,0.7181,0.6266,0.6073,0.6131,0.8557,0.5748,0.6217,0.7844,0.5071,0.5656,0.3856,0.5986,0.6847,0.5785,0.5234,0.3163,0.4779,0.2637,0.5373,0.3138,0.2134,0.1631,0.3655,
1.0,0.9989,0.9679,0.9668,0.9695,0.9979,0.9958,0.99,0.9842,0.9263,0.7383,0.9315,0.9112,0.8395,0.8023,0.8594,0.6844,0.8264,0.9385,0.7857,0.6157,0.9521,0.726,0.6256,0.6116,0.618,0.8553,0.564,0.6261,0.7823,0.4995,0.55,0.3861,0.589,0.674,0.5833,0.5139,0.3115,0.4705,0.2646,0.5209,0.3097,0.2103,0.1606,0.3524,
1.0,0.9988,0.9663,0.9651,0.971,0.9965,0.9945,0.9911,0.9851,0.9253,0.7424,0.9303,0.9091,0.8427,0.8033,0.8572,0.6853,0.829,0.9418,0.7851,0.6163,0.9511,0.7218,0.6273,0.6044,0.619,0.8551,0.5721,0.6198,0.782,0.5038,0.556,0.3836,0.5843,0.6719,0.5835,0.5259,0.315,0.4786,0.2667,0.5262,0.309,0.2055,0.1635,0.3577,
1.0,0.9988,0.968,0.9668,0.9683,0.9969,0.9941,0.9886,0.9845,0.9215,0.7277,0.9288,0.903,0.8339,0.7964,0.8528,0.676,0.8218,0.9413,0.7779,0.6002,0.9535,0.7198,0.6135,0.5996,0.6008,0.8519,0.5539,0.6154,0.7832,0.5073,0.5417,0.3794,0.5924,0.6803,0.5788,0.515,0.3097,0.4842,0.249,0.527,0.32,0.2157,0.1516,0.3528,
1.0,0.9984,0.9663,0.9647,0.9719,0.9969,0.9942,0.9892,0.9832,0.9231,0.7353,0.9323,0.9065,0.84,0.8002,0.8564,0.6843,0.8268,0.9443,0.7869,0.6134,0.9514,0.7193,0.6261,0.6044,0.6189,0.8559,0.575,0.6165,0.7831,0.5096,0.5556,0.3918,0.5916,0.6708,0.5832,0.5221,0.3221,0.4765,0.2574,0.5186,0.3116,0.2084,0.1606,0.3499,
1.0,0.9995,0.9683,0.9678,0.9659,0.9972,0.9959,0.9931,0.9878,0.9273,0.7355,0.9284,0.9133,0.8353,0.799,0.8566,0.6819,0.8228,0.9384,0.7802,0.6115,0.9549,0.7316,0.6204,0.609,0.6085,0.8557,0.5664,0.6249,0.7818,0.501,0.5459,0.389,0.5818,0.6706,0.585,0.5112,0.3132,0.4735,0.2559,0.525,0.3114,0.2075,0.165,0.3474,
1.0,0.9987,0.9681,0.9668,0.9682,0.9969,0.995,0.9902,0.9857,0.9272,0.7376,0.9291,0.9105,0.8386,0.7987,0.8576,0.6824,0.8259,0.94,0.7818,0.6087,0.9496,0.7251,0.618,0.6005,0.6048,0.8569,0.5626,0.6277,0.7848,0.5096,0.543,0.3889,0.5949,0.6801,0.587,0.52,0.3188,0.4808,0.2627,0.5249,0.3194,0.2111,0.1585,0.3539,
1.0,0.9989,0.97,0.9689,0.972,0.9968,0.9951,0.9919,0.9854,0.922,0.7356,0.9342,0.9052,0.8372,0.7985,0.8574,0.6839,0.8247,0.937,0.7814,0.603,0.956,0.7197,0.6219,0.6138,0.6099,0.8555,0.5639,0.6189,0.786,0.5095,0.5538,0.3943,0.5954,0.6751,0.5818,0.5168,0.3188,0.4834,0.2587,0.5284,0.3191,0.2177,0.168,0.3536,
1.0,0.9991,0.9644,0.9635,0.9711,0.9976,0.9954,0.9903,0.9852,0.9239,0.7431,0.9277,0.9063,0.845,0.8046,0.8525,0.6903,0.8308,0.9388,0.7825,0.6129,0.9482,0.7182,0.6258,0.5984,0.6187,0.8575,0.571,0.608,0.7852,0.4979,0.5529,0.3861,0.5786,0.6645,0.5718,0.5157,0.3154,0.4718,0.2567,0.5157,0.3067,0.2059,0.1641,0.3513,
1.0,0.9986,0.9658,0.9644,0.9688,0.9975,0.9949,0.9909,0.9859,0.9223,0.7335,0.9275,0.907,0.8357,0.7973,0.8522,0.6783,0.8218,0.9387,0.7776,0.6092,0.9545,0.7259,0.6208,0.6102,0.6062,0.8571,0.5601,0.6224,0.7813,0.4996,0.5403,0.3973,0.594,0.6717,0.59,0.521,0.3101,0.4819,0.2585,0.5149,0.3122,0.2024,0.17,0.3473,
1.0,0.9985,0.9688,0.9673,0.9691,0.9966,0.994,0.9889,0.9848,0.9243,0.7354,0.9309,0.906,0.8404,0.8028,0.8559,0.6903,0.8281,0.938,0.7858,0.6071,0.9483,0.7192,0.6182,0.6015,0.6088,0.859,0.5658,0.6172,0.7833,0.5027,0.5519,0.3858,0.5862,0.6732,0.5774,0.5176,0.3205,0.4741,0.257,0.5286,0.3127,0.2112,0.1586,0.354,
1.0,0.9994,0.9691,0.9685,0.969,0.9969,0.9954,0.99,0.9844,0.9272,0.7345,0.9328,0.9099,0.8351,0.7984,0.8615,0.6802,0.8226,0.9388,0.785,0.6127,0.9505,0.7225,0.6203,0.6038,0.6155,0.851,0.56,0.624,0.7782,0.5007,0.5484,0.3839,0.5887,0.6798,0.5828,0.514,0.3072,0.4714,0.2571,0.5229,0.3116,0.2111,0.1594,0.3493,
1.0,0.999,0.9672,0.9662,0.9701,0.997,0.995,0.9895,0.9836,0.9235,0.7393,0.9316,0.9072,0.8448,0.8055,0.8561,0.6914,0.8324,0.9452,0.787,0.6187,0.9513,0.7232,0.6303,0.6033,0.6205,0.8615,0.5794,0.6198,0.7855,0.5056,0.5591,0.3881,0.5918,0.6761,0.5807,0.5225,0.3187,0.4874,0.2606,0.5282,0.3138,0.2108,0.1649,0.3586,
1.0,0.9989,0.9672,0.9661,0.9732,0.9974,0.995,0.9916,0.9874,0.923,0.741,0.9325,0.9063,0.8423,0.8031,0.8564,0.6876,0.8291,0.9446,0.7833,0.6126,0.952,0.7185,0.6299,0.6102,0.6152,0.8545,0.5694,0.6238,0.7819,0.5035,0.5546,0.3914,0.5911,0.6782,0.5828,0.5121,0.3169,0.4807,0.2619,0.5221,0.3215,0.2023,0.1587,0.3663,
1.0,0.9984,0.9667,0.9651,0.97,0.9971,0.9943,0.9908,0.9858,0.9261,0.7431,0.9297,0.911,0.8414,0.8047,0.8575,0.6851,0.8272,0.9392,0.7846,0.608,0.9502,0.7132,0.6161,0.5914,0.6158,0.8543,0.5642,0.615,0.7823,0.4947,0.5467,0.3777,0.5873,0.6679,0.5765,0.5166,0.3049,0.4699,0.26,0.5151,0.3065,0.2048,0.1562,0.3494,
1.0,0.999,0.9683,0.9673,0.9681,0.9976,0.9958,0.9919,0.9861,0.9194,0.7257,0.9295,0.904,0.8306,0.7922,0.8505,0.6765,0.8181,0.9389,0.7748,0.5992,0.955,0.7151,0.6128,0.601,0.6028,0.8544,0.5567,0.6102,0.7783,0.4945,0.5417,0.3809,0.5879,0.6717,0.5762,0.5167,0.3117,0.4738,0.251,0.5172,0.3061,0.1993,0.1582,0.3483,
1.0,0.9981,0.967,0.9651,0.9692,0.9977,0.9952,0.9923,0.9861,0.9246,0.7423,0.9294,0.9116,0.8444,0.8079,0.8552,0.693,0.8318,0.9386,0.784,0.6169,0.9565,0.7276,0.6244,0.6095,0.6152,0.8602,0.5716,0.6283,0.7842,0.4994,0.556,0.3853,0.5917,0.6761,0.5882,0.528,0.313,0.4836,0.2721,0.526,0.3113,0.2066,0.1648,0.3616,
1.0,0.9986,0.9698,0.9684,0.9698,0.9965,0.9942,0.9894,0.9847,0.9221,0.7367,0.9319,0.9039,0.8412,0.8026,0.8551,0.6858,0.8294,0.9448,0.7783,0.6129,0.9516,0.7211,0.63,0.6078,0.62,0.8508,0.5687,0.6183,0.7778,0.5027,0.5576,0.3874,0.591,0.6785,0.5826,0.5196,0.308,0.47,0.255,0.5219,0.3062,0.2017,0.1637,0.3486,
1.0,0.9995,0.9692,0.9687,0.9707,0.9975,0.9956,0.9912,0.9859,0.9256,0.7383,0.934,0.9094,0.8411,0.8045,0.8605,0.6868,0.8276,0.9407,0.7852,0.6164,0.955,0.7279,0.6312,0.6116,0.6144,0.8543,0.5652,0.6269,0.7835,0.5124,0.5505,0.3923,0.5885,0.6756,0.5886,0.5226,0.3248,0.479,0.2595,0.529,0.3201,0.2076,0.1691,0.3526,
1.0,0.9986,0.9696,0.9682,0.9687,0.9975,0.9944,0.989,0.9833,0.9264,0.7293,0.9313,0.9104,0.8317,0.7948,0.859,0.6741,0.8163,0.9426,0.7816,0.6068,0.9543,0.7257,0.6193,0.6059,0.6136,0.8501,0.5577,0.6201,0.7873,0.5113,0.5514,0.3826,0.5897,0.6852,0.5867,0.521,0.3155,0.4759,0.2527,0.5275,0.311,0.217,0.1688,0.3481,
1.0,0.9993,0.9665,0.9658,0.9728,0.9963,0.9948,0.9906,0.9844,0.924,0.738,0.9328,0.9069,0.8372,0.7969,0.8573,0.6782,0.8232,0.9381,0.7829,0.6087,0.9551,0.7261,0.6219,0.6129,0.6151,0.8522,0.5643,0.6221,0.7843,0.5151,0.5502,0.395,0.5927,0.6755,0.5848,0.5202,0.323,0.485,0.2654,0.5311,0.323,0.2122,0.1659,0.3482,
1.0,0.999,0.9702,0.9692,0.9721,0.9966,0.9946,0.9884,0.9823,0.922,0.7349,0.9355,0.903,0.8403,0.8002,0.8579,0.6883,0.8268,0.9386,0.7862,0.6123,0.9488,0.7229,0.6299,0.6124,0.6154,0.8543,0.5676,0.6238,0.7799,0.5106,0.5555,0.3952,0.585,0.6724,0.5823,0.5225,0.3183,0.4852,0.2634,0.5285,0.3159,0.2165,0.1651,0.356,
1.0,0.9988,0.9729,0.9717,0.9704,0.9968,0.9947,0.9905,0.9868,0.9268,0.7406,0.9358,0.9094,0.8389,0.8013,0.8622,0.6919,0.828,0.9395,0.7882,0.612,0.9536,0.7242,0.6239,0.6171,0.6142,0.8563,0.564,0.6285,0.7842,0.5063,0.552,0.392,0.5978,0.6794,0.5875,0.5097,0.3159,0.4839,0.2614,0.5326,0.3137,0.2065,0.1652,0.3568,
1.0,0.9987,0.9693,0.968,0.9715,0.9976,0.9946,0.9893,0.9845,0.918,0.732,0.9349,0.9017,0.8383,0.7991,0.854,0.6842,0.8239,0.9354,0.7796,0.5987,0.9513,0.7104,0.6167,0.6021,0.6019,0.8567,0.5569,0.6174,0.779,0.4982,0.5412,0.3864,0.6003,0.6731,0.5703,0.5104,0.3131,0.4893,0.253,0.5276,0.3105,0.2099,0.1527,0.3577,
1.0,0.9991,0.9656,0.9647,0.972,0.9968,0.9951,0.9913,0.9856,0.9274,0.7508,0.9308,0.9106,0.8499,0.811,0.8604,0.6938,0.8368,0.9407,0.7861,0.6229,0.9504,0.7225,0.6326,0.602,0.6248,0.853,0.5777,0.6283,0.7895,0.5213,0.5643,0.3852,0.5883,0.6747,0.5922,0.5202,0.3267,0.4728,0.2694,0.5205,0.3199,0.2142,0.1621,0.3621,
1.0,0.9994,0.9656,0.965,0.9696,0.9974,0.9959,0.9899,0.9844,0.921,0.7323,0.929,0.9041,0.8374,0.7975,0.852,0.6837,0.8249,0.9439,0.785,0.609,0.9534,0.7197,0.6227,0.6067,0.6106,0.8624,0.573,0.6201,0.78,0.5041,0.5523,0.3901,0.6021,0.6841,0.5853,0.5292,0.3158,0.4899,0.2669,0.5261,0.3118,0.2066,0.171,0.3639,
1.0,0.999,0.9663,0.9653,0.9713,0.9965,0.9942,0.9907,0.987,0.9225,0.7361,0.9299,0.9042,0.8381,0.7994,0.8543,0.6831,0.8252,0.9392,0.7824,0.5961,0.9496,0.7136,0.6108,0.5945,0.6058,0.8564,0.5581,0.6088,0.7823,0.4933,0.5431,0.3799,0.5874,0.6673,0.5702,0.5151,0.307,0.4694,0.2506,0.5158,0.2968,0.2013,0.1557,0.3516,
1.0,0.9992,0.9715,0.9707,0.9675,0.9973,0.9959,0.9906,0.985,0.9266,0.7437,0.9331,0.9114,0.8451,0.807,0.8608,0.6901,0.8316,0.942,0.7804,0.6165,0.9491,0.7199,0.6279,0.6053,0.6238,0.8525,0.5734,0.6219,0.7834,0.5072,0.5643,0.386,0.5818,0.6756,0.5826,0.518,0.3256,0.4696,0.2615,0.5278,0.3047,0.2097,0.1619,0.3509,
1.0,0.9992,0.9677,0.9669,0.9709,0.9974,0.9958,0.9888,0.9835,0.923,0.7365,0.9313,0.9043,0.8411,0.7999,0.8556,0.681,0.8293,0.9398,0.779,0.6073,0.9524,0.7165,0.6217,0.6008,0.612,0.8511,0.5709,0.6121,0.7832,0.5091,0.5549,0.3846,0.5882,0.6755,0.5755,0.5136,0.3228,0.4709,0.2493,0.5266,0.315,0.2139,0.1632,0.3459,
1.0,0.9985,0.9648,0.9633,0.9673,0.9983,0.9956,0.9891,0.9837,0.9235,0.7328,0.9261,0.9086,0.8384,0.7984,0.8522,0.681,0.8227,0.9375,0.78,0.6069,0.9489,0.7197,0.6126,0.598,0.6077,0.8582,0.5673,0.621,0.7859,0.5048,0.5492,0.3859,0.5856,0.6716,0.5794,0.5197,0.3231,0.4691,0.2607,0.5145,0.3127,0.2071,0.1554,0.3563,
1.0,0.9988,0.9691,0.9679,0.9703,0.9972,0.995,0.9903,0.9841,0.9237,0.7377,0.9334,0.9081,0.8397,0.8014,0.8591,0.6865,0.8253,0.9408,0.7835,0.6145,0.9527,0.7262,0.626,0.6114,0.6164,0.8588,0.566,0.6248,0.7819,0.5024,0.5507,0.3857,0.588,0.6728,0.59,0.5187,0.3122,0.4803,0.2571,0.5336,0.3118,0.2059,0.1639,0.354,
1.0,0.9993,0.9673,0.9666,0.9678,0.9978,0.9963,0.9907,0.985,0.9213,0.7305,0.9284,0.9052,0.8374,0.7968,0.8512,0.6784,0.8242,0.9435,0.7748,0.6084,0.9502,0.7147,0.6218,0.6004,0.6084,0.853,0.5655,0.619,0.7746,0.5065,0.5534,0.3871,0.5901,0.6777,0.58,0.5175,0.3239,0.4702,0.2555,0.5265,0.3084,0.2093,0.1618,0.3403,
1.0,0.9988,0.9695,0.9683,0.9695,0.9976,0.9952,0.9889,0.983,0.9249,0.7342,0.9318,0.9071,0.8377,0.797,0.8579,0.6851,0.8225,0.9374,0.7856,0.6079,0.947,0.7194,0.6184,0.601,0.6115,0.858,0.5621,0.6161,0.7842,0.4991,0.5502,0.3878,0.5898,0.6732,0.5751,0.5236,0.3142,0.4785,0.2614,0.5293,0.307,0.2061,0.1646,0.3497,
1.0,0.9992,0.9697,0.9689,0.9705,0.9978,0.996,0.9902,0.9847,0.9216,0.7283,0.9333,0.9048,0.8323,0.7923,0.8554,0.68,0.8207,0.9397,0.7806,0.6058,0.9547,0.728,0.6227,0.6051,0.5986,0.8577,0.5539,0.6142,0.7791,0.499,0.5343,0.3868,0.5802,0.6656,0.5725,0.5115,0.3093,0.4763,0.2474,0.5224,0.3047,0.2007,0.1602,0.3504,
1.0,0.9992,0.9718,0.971,0.9676,0.9979,0.9962,0.9928,0.9879,0.9224,0.7402,0.9332,0.9087,0.8439,0.8103,0.8568,0.7009,0.8304,0.9382,0.7837,0.6132,0.9547,0.7247,0.6285,0.5985,0.6105,0.8607,0.5666,0.6201,0.7835,0.5033,0.5563,0.3888,0.5908,0.6819,0.5775,0.5127,0.3185,0.4776,0.2611,0.5268,0.3077,0.2065,0.1594,0.3562,
1.0,0.999,0.9691,0.9681,0.9698,0.9974,0.9954,0.9901,0.986,0.9249,0.7444,0.933,0.909,0.845,0.8051,0.8581,0.6856,0.8338,0.944,0.7796,0.6185,0.9521,0.7257,0.6272,0.6061,0.6175,0.853,0.57,0.6236,0.7806,0.5018,0.5557,0.3879,0.5925,0.6773,0.5906,0.5167,0.3209,0.4838,0.2616,0.5213,0.3164,0.2038,0.1611,0.3613,
1.0,0.9988,0.9671,0.9659,0.9729,0.9971,0.9949,0.9903,0.9851,0.9214,0.7366,0.9337,0.9052,0.8383,0.7992,0.8554,0.6838,0.8247,0.9396,0.7845,0.6095,0.9519,0.7217,0.6242,0.6061,0.6112,0.8586,0.5657,0.615,0.7833,0.509,0.545,0.3914,0.5859,0.6751,0.5815,0.5158,0.32,0.4819,0.2558,0.5243,0.3124,0.2108,0.1578,0.3505,
1.0,0.9989,0.967,0.9659,0.9717,0.9966,0.9944,0.9909,0.9844,0.9247,0.7433,0.9314,0.9076,0.8441,0.8021,0.8567,0.6812,0.8291,0.9416,0.7784,0.6193,0.9542,0.7268,0.6301,0.6126,0.6196,0.8522,0.5672,0.627,0.7836,0.5105,0.5576,0.3884,0.5983,0.678,0.5918,0.5251,0.3188,0.4748,0.2672,0.5174,0.3143,0.2083,0.1709,0.3594,
1.0,0.999,0.9679,0.9669,0.9699,0.998,0.9963,0.992,0.986,0.9249,0.7436,0.9323,0.9119,0.843,0.8067,0.8582,0.6862,0.8293,0.9397,0.7815,0.6127,0.9527,0.7215,0.6234,0.6041,0.6153,0.8572,0.5651,0.6223,0.7848,0.5065,0.549,0.3974,0.5986,0.6767,0.5792,0.5153,0.3219,0.4822,0.2604,0.5235,0.3164,0.2087,0.1612,0.3575,
1.0,0.9988,0.9704,0.9692,0.9692,0.9967,0.9942,0.9894,0.9834,0.9258,0.7361,0.9337,0.9092,0.8401,0.7987,0.8604,0.6839,0.8262,0.9396,0.7839,0.6165,0.9542,0.7286,0.6268,0.6159,0.612,0.8553,0.5755,0.6305,0.7847,0.5057,0.5587,0.3904,0.5973,0.6757,0.5923,0.5234,0.3181,0.4793,0.2635,0.5261,0.3112,0.2081,0.1665,0.3526,
1.0,0.9988,0.9701,0.9689,0.972,0.9982,0.996,0.9897,0.9857,0.9275,0.739,0.9351,0.9116,0.8379,0.7982,0.8642,0.683,0.8274,0.949,0.787,0.6178,0.9518,0.727,0.6332,0.6093,0.6198,0.8556,0.5663,0.6295,0.7828,0.5064,0.5544,0.3914,0.5907,0.6822,0.5928,0.5257,0.3128,0.4781,0.2665,0.536,0.3059,0.2091,0.1708,0.3572,
1.0,0.9988,0.9679,0.9667,0.9693,0.9976,0.9958,0.9901,0.9842,0.9235,0.7419,0.9308,0.9077,0.8466,0.8069,0.8551,0.6952,0.8338,0.9438,0.783,0.6183,0.9544,0.7195,0.6292,0.6078,0.6253,0.8601,0.5819,0.6181,0.7806,0.5075,0.5681,0.3946,0.5956,0.6774,0.5846,0.5283,0.3219,0.4829,0.2642,0.5252,0.3176,0.2075,0.1659,0.3631,
1.0,0.9989,0.9687,0.9676,0.9698,0.998,0.9959,0.9901,0.984,0.9192,0.73,0.9326,0.9043,0.8378,0.8002,0.8532,0.6773,0.8243,0.9385,0.7739,0.6086,0.9555,0.7262,0.6248,0.618,0.6119,0.8517,0.5588,0.6248,0.7732,0.4897,0.5501,0.3938,0.5994,0.678,0.5861,0.5208,0.3078,0.4736,0.2575,0.5107,0.3058,0.2072,0.1654,0.3558,
1.0,0.9988,0.9672,0.966,0.9679,0.9975,0.9951,0.9909,0.9866,0.9247,0.7373,0.9295,0.9102,0.8404,0.8029,0.855,0.6887,0.827,0.9428,0.7837,0.6216,0.9504,0.7258,0.6287,0.6047,0.6131,0.8588,0.5677,0.6249,0.7785,0.5025,0.5514,0.3858,0.5896,0.6782,0.5929,0.5279,0.3176,0.4757,0.2706,0.5203,0.3052,0.2058,0.1663,0.3509,
1.0,0.9989,0.97,0.9689,0.9702,0.9961,0.994,0.9918,0.9859,0.9215,0.7423,0.9335,0.9052,0.8432,0.8047,0.8552,0.6874,0.8287,0.9381,0.7791,0.6135,0.9532,0.7222,0.6278,0.6056,0.6171,0.8559,0.5705,0.6129,0.7805,0.5044,0.5548,0.3962,0.5935,0.6754,0.5782,0.5165,0.3136,0.4764,0.2534,0.5199,0.314,0.2102,0.1605,0.3548,
1.0,0.999,0.969,0.968,0.968,0.9976,0.9952,0.9896,0.9854,0.9199,0.7356,0.9316,0.9041,0.8444,0.8048,0.8513,0.6847,0.8321,0.9431,0.7719,0.6106,0.9558,0.7152,0.6242,0.6004,0.6138,0.8502,0.5714,0.6139,0.7726,0.4989,0.5648,0.3794,0.5998,0.6869,0.5836,0.5287,0.3148,0.4797,0.2549,0.525,0.3036,0.2098,0.1687,0.3525,
1.0,0.9988,0.9681,0.9669,0.9697,0.9979,0.9957,0.99,0.9842,0.9229,0.7388,0.9323,0.9079,0.8434,0.8069,0.8558,0.6934,0.8296,0.9413,0.7851,0.614,0.9548,0.7236,0.6261,0.6039,0.615,0.8621,0.5751,0.6151,0.7858,0.5075,0.5583,0.3864,0.5973,0.6804,0.5842,0.5273,0.3163,0.4882,0.2587,0.5227,0.3159,0.2085,0.165,0.3645,
1.0,0.9988,0.9681,0.9669,0.9696,0.9971,0.9948,0.9897,0.9838,0.9267,0.7419,0.9319,0.9111,0.8417,0.8014,0.8579,0.6874,0.8288,0.9379,0.7851,0.6163,0.9541,0.7277,0.6235,0.611,0.6194,0.8597,0.572,0.6225,0.7816,0.5065,0.5563,0.392,0.5953,0.6765,0.5822,0.5174,0.3187,0.4905,0.2685,0.5321,0.3122,0.2107,0.1561,0.3541,
1.0,0.999,0.9652,0.9642,0.9681,0.998,0.9963,0.9908,0.9847,0.9215,0.7255,0.9257,0.9053,0.8319,0.7923,0.8484,0.675,0.8191,0.9394,0.7762,0.608,0.9552,0.725,0.6176,0.6043,0.5997,0.8566,0.5545,0.619,0.7784,0.5049,0.5389,0.3888,0.5812,0.6685,0.5874,0.5257,0.3066,0.4769,0.2522,0.5211,0.3119,0.2062,0.164,0.3441,
1.0,0.9993,0.966,0.9653,0.9693,0.9976,0.9958,0.9916,0.9859,0.9231,0.7369,0.9297,0.9086,0.8419,0.805,0.854,0.6911,0.8273,0.9399,0.7856,0.6065,0.9525,0.7131,0.6178,0.6011,0.6171,0.8591,0.5731,0.6154,0.7792,0.4966,0.556,0.3805,0.5958,0.676,0.5811,0.522,0.3104,0.4819,0.2584,0.5298,0.3097,0.205,0.1589,0.363,
1.0,0.999,0.968,0.967,0.9685,0.9971,0.9946,0.9911,0.9866,0.9248,0.7336,0.93,0.9096,0.8363,0.7997,0.8553,0.6808,0.8233,0.9428,0.7788,0.6057,0.9539,0.7191,0.6147,0.6002,0.6121,0.8503,0.5638,0.6154,0.7828,0.5058,0.5504,0.3897,0.596,0.6833,0.5837,0.5225,0.3187,0.4806,0.2531,0.5217,0.3213,0.2096,0.1612,0.3557,
1.0,0.9989,0.9699,0.9688,0.9701,0.9969,0.9942,0.9894,0.9859,0.9205,0.7265,0.9345,0.9044,0.8311,0.7947,0.8554,0.6763,0.8173,0.939,0.776,0.5979,0.9499,0.716,0.6147,0.6075,0.6077,0.8496,0.5528,0.6187,0.7796,0.506,0.5456,0.3857,0.5929,0.6793,0.5765,0.5094,0.3159,0.474,0.2464,0.5233,0.3181,0.2096,0.1544,0.3457,
1.0,0.9989,0.97,0.9689,0.9709,0.9982,0.9966,0.9915,0.9872,0.9242,0.7353,0.9341,0.9091,0.837,0.8002,0.8599,0.685,0.8267,0.9433,0.7847,0.607,0.9574,0.7253,0.6247,0.6157,0.6108,0.8582,0.5656,0.6268,0.7858,0.514,0.558,0.3906,0.5998,0.6909,0.5888,0.5221,0.3256,0.4808,0.2593,0.5329,0.319,0.2177,0.1678,0.358,
1.0,0.9984,0.9642,0.9626,0.9713,0.9971,0.9945,0.99,0.9848,0.9208,0.7412,0.9284,0.9045,0.8469,0.8068,0.8518,0.6906,0.8331,0.9404,0.7814,0.6167,0.9536,0.722,0.6291,0.6072,0.6144,0.8571,0.5738,0.6243,0.7754,0.5017,0.5553,0.3893,0.5879,0.6736,0.584,0.524,0.323,0.4816,0.2705,0.5264,0.3096,0.1958,0.1702,0.3609,
1.0,0.9982,0.9706,0.9688,0.9707,0.9973,0.9952,0.9914,0.9842,0.9202,0.7309,0.9339,0.9055,0.836,0.7961,0.855,0.6768,0.8219,0.9445,0.7758,0.6064,0.9563,0.7161,0.6212,0.611,0.6121,0.8538,0.5629,0.6204,0.7803,0.5037,0.5506,0.3887,0.5971,0.681,0.5851,0.5244,0.3137,0.48,0.2543,0.5182,0.3109,0.2064,0.17,0.3553,
1.0,0.9984,0.9704,0.9688,0.9696,0.9978,0.9956,0.991,0.9866,0.9262,0.7403,0.9328,0.9112,0.8393,0.8046,0.8618,0.6975,0.8264,0.9431,0.7938,0.6155,0.9536,0.7248,0.6262,0.6084,0.6168,0.8627,0.5714,0.6263,0.7868,0.5149,0.549,0.3928,0.591,0.6707,0.591,0.5202,0.3158,0.4862,0.2606,0.5282,0.3139,0.2098,0.1638,0.3573,
1.0,0.9985,0.9668,0.9653,0.9699,0.998,0.9951,0.988,0.9834,0.9234,0.7351,0.9303,0.9062,0.841,0.8003,0.8551,0.6816,0.8283,0.9366,0.7793,0.6145,0.9518,0.7258,0.624,0.6056,0.6085,0.8512,0.5592,0.6258,0.7759,0.5023,0.5483,0.3911,0.5962,0.6749,0.5822,0.5121,0.3133,0.4783,0.2634,0.5275,0.3119,0.2159,0.1626,0.3544,
1.0,0.9986,0.9711,0.9697,0.9721,0.997,0.9945,0.991,0.9857,0.9222,0.7361,0.9362,0.9066,0.8383,0.8005,0.8599,0.6842,0.8251,0.9399,0.7811,0.6088,0.9542,0.7207,0.6261,0.6081,0.608,0.8527,0.5607,0.6241,0.7841,0.5073,0.5535,0.389,0.595,0.6702,0.582,0.5106,0.3138,0.4841,0.2562,0.5297,0.3143,0.2025,0.1664,0.3493,
1.0,0.9991,0.9661,0.9652,0.9692,0.9966,0.9944,0.9908,0.9858,0.9237,0.7393,0.9302,0.9082,0.843,0.81,0.8546,0.6867,0.8292,0.9375,0.7828,0.6134,0.9539,0.7233,0.6213,0.6013,0.6162,0.8518,0.5605,0.6181,0.7811,0.5075,0.543,0.3841,0.5863,0.6679,0.5844,0.5204,0.3092,0.473,0.2662,0.5143,0.3129,0.206,0.1569,0.3536,
1.0,0.9988,0.9698,0.9686,0.9728,0.9968,0.9949,0.9908,0.9845,0.925,0.7441,0.9363,0.9093,0.8436,0.804,0.8621,0.6919,0.8302,0.9437,0.7885,0.6133,0.9507,0.7199,0.6266,0.6063,0.624,0.8628,0.5742,0.6191,0.7807,0.5041,0.5528,0.3888,0.5868,0.6774,0.5763,0.5223,0.3187,0.475,0.2598,0.5207,0.308,0.2107,0.1567,0.3573,
1.0,0.9993,0.9656,0.9649,0.9691,0.9981,0.9964,0.9898,0.9835,0.9237,0.7421,0.9287,0.9078,0.8471,0.8061,0.8529,0.6897,0.8331,0.9366,0.7828,0.6121,0.9551,0.7212,0.6226,0.5998,0.6184,0.8588,0.5697,0.6136,0.7804,0.5048,0.5512,0.3791,0.5907,0.6765,0.5782,0.5215,0.3202,0.481,0.2617,0.5246,0.3103,0.2135,0.1602,0.3628,
1.0,0.999,0.9665,0.9655,0.9678,0.9974,0.9956,0.9901,0.9841,0.9232,0.7299,0.9284,0.9072,0.8371,0.7957,0.8533,0.6789,0.8229,0.9417,0.781,0.6146,0.9531,0.7256,0.6238,0.612,0.6072,0.8582,0.5705,0.6301,0.7799,0.5134,0.553,0.3968,0.601,0.6765,0.5942,0.5251,0.3246,0.4885,0.2706,0.5316,0.3211,0.2144,0.1703,0.3504,
1.0,0.9992,0.967,0.9662,0.9679,0.9972,0.9956,0.9916,0.986,0.9228,0.7354,0.9277,0.9067,0.8399,0.8008,0.8524,0.6808,0.8275,0.9409,0.7749,0.6068,0.953,0.7151,0.6172,0.5935,0.6106,0.8512,0.5635,0.6041,0.7762,0.4966,0.549,0.379,0.5754,0.6717,0.5694,0.5158,0.3106,0.4666,0.2491,0.5141,0.3022,0.1991,0.1565,0.3429,
1.0,0.999,0.9671,0.9661,0.9696,0.9968,0.9947,0.9925,0.9876,0.9261,0.7394,0.93,0.9114,0.839,0.803,0.8574,0.6831,0.8269,0.9428,0.7813,0.6106,0.9579,0.7236,0.6191,0.6031,0.6112,0.8535,0.5607,0.621,0.782,0.5102,0.5493,0.3821,0.5892,0.682,0.5866,0.5174,0.3188,0.4753,0.2613,0.522,0.312,0.207,0.1574,0.3601,
1.0,0.9983,0.9703,0.9686,0.97,0.9966,0.9935,0.9897,0.9848,0.9205,0.7373,0.9331,0.9031,0.8433,0.8043,0.8551,0.6841,0.8295,0.9393,0.7742,0.6145,0.9508,0.7252,0.6287,0.6166,0.6154,0.8546,0.568,0.6266,0.7797,0.5012,0.5591,0.3962,0.6012,0.6777,0.5819,0.5173,0.3197,0.4803,0.2603,0.5247,0.3144,0.2145,0.1652,0.356,
1.0,0.9993,0.9669,0.9662,0.97,0.9962,0.9946,0.9905,0.9846,0.921,0.7305,0.9322,0.9051,0.8358,0.7986,0.8544,0.6787,0.8228,0.9417,0.7791,0.6145,0.9498,0.7233,0.6262,0.6173,0.6144,0.8526,0.5697,0.6292,0.7777,0.5045,0.5528,0.3941,0.5928,0.6657,0.5923,0.5267,0.3131,0.4703,0.2659,0.5137,0.3089,0.2003,0.1651,0.3451,
1.0,0.9989,0.972,0.9709,0.9708,0.9968,0.9944,0.9896,0.985,0.9227,0.7344,0.9363,0.9051,0.837,0.7979,0.8599,0.6861,0.8242,0.9403,0.7841,0.6084,0.9512,0.7228,0.6276,0.6165,0.6128,0.8553,0.5657,0.6248,0.7804,0.5117,0.5505,0.3995,0.5935,0.6739,0.5811,0.522,0.3222,0.4855,0.2596,0.532,0.3151,0.2086,0.1712,0.3507,
1.0,0.9987,0.9705,0.9692,0.9702,0.9968,0.9944,0.9896,0.9845,0.9267,0.7408,0.9352,0.911,0.8422,0.8041,0.863,0.6895,0.8303,0.9428,0.7871,0.6173,0.9533,0.7296,0.6287,0.6146,0.6219,0.8584,0.5736,0.6297,0.7806,0.5039,0.5584,0.3971,0.5958,0.6778,0.5891,0.5145,0.3198,0.4791,0.265,0.5295,0.3126,0.2073,0.1645,0.3626,
1.0,0.9985,0.967,0.9655,0.9704,0.9972,0.9953,0.9903,0.9845,0.9242,0.7348,0.9304,0.9078,0.8365,0.8005,0.8551,0.6879,0.8241,0.941,0.7905,0.6068,0.9496,0.7209,0.6169,0.6038,0.6124,0.8619,0.568,0.622,0.792,0.5076,0.5514,0.3911,0.5961,0.6786,0.5806,0.5283,0.3207,0.4792,0.2727,0.5349,0.3183,0.2167,0.1679,0.3569,
1.0,0.999,0.9694,0.9684,0.9696,0.9975,0.9952,0.9898,0.9837,0.9269,0.739,0.9321,0.91,0.84,0.8003,0.8601,0.6841,0.8243,0.9405,0.7844,0.6084,0.95,0.7169,0.6189,0.6014,0.6178,0.8524,0.5674,0.6199,0.7814,0.5022,0.5529,0.3848,0.5906,0.6741,0.5788,0.5112,0.3166,0.4741,0.2525,0.5228,0.3039,0.2042,0.1599,0.3492,
1.0,0.9986,0.9668,0.9654,0.9718,0.9966,0.9941,0.9917,0.987,0.9205,0.7344,0.9318,0.9059,0.8347,0.7976,0.8533,0.6851,0.8208,0.9395,0.7838,0.6072,0.9487,0.7216,0.6221,0.5957,0.6012,0.8647,0.5609,0.6159,0.7827,0.4938,0.5378,0.38,0.5788,0.6644,0.5754,0.5196,0.3073,0.4681,0.2592,0.5155,0.2969,0.204,0.1516,0.3436,
1.0,0.999,0.9691,0.9681,0.9688,0.9967,0.9931,0.9892,0.9852,0.9254,0.7372,0.9304,0.9061,0.8379,0.798,0.8564,0.6823,0.8222,0.938,0.7791,0.6072,0.9504,0.7157,0.6155,0.5962,0.612,0.8497,0.5618,0.6199,0.7811,0.5053,0.5526,0.3816,0.6001,0.6778,0.5815,0.5255,0.3115,0.479,0.2637,0.529,0.3145,0.2104,0.1587,0.3633,
1.0,0.9993,0.9692,0.9685,0.9683,0.9986,0.9968,0.9897,0.9845,0.9232,0.7343,0.9309,0.9067,0.8391,0.7996,0.8559,0.6876,0.8264,0.9392,0.7829,0.6157,0.9538,0.7235,0.6254,0.6149,0.6129,0.8581,0.572,0.628,0.7774,0.5051,0.5548,0.395,0.5977,0.6847,0.5873,0.5139,0.3191,0.4795,0.2611,0.5262,0.3114,0.2095,0.1611,0.3582,
1.0,0.9988,0.9676,0.9664,0.9684,0.9982,0.9956,0.9896,0.983,0.9258,0.7372,0.93,0.9109,0.8408,0.8018,0.8571,0.6822,0.8269,0.9382,0.783,0.6167,0.9534,0.7276,0.6225,0.6037,0.6125,0.8538,0.5657,0.6257,0.7827,0.5064,0.5506,0.3927,0.5912,0.6755,0.5879,0.5173,0.3161,0.4773,0.2611,0.525,0.3129,0.2055,0.159,0.348,
1.0,0.9991,0.9677,0.9668,0.9723,0.9975,0.9957,0.9905,0.9851,0.9249,0.7382,0.9339,0.909,0.8384,0.801,0.8609,0.6825,0.8243,0.9373,0.7862,0.6091,0.9544,0.7257,0.6221,0.6101,0.6122,0.8552,0.5598,0.6219,0.7854,0.5134,0.5476,0.3883,0.5839,0.6721,0.5804,0.5172,0.3171,0.4716,0.2567,0.5144,0.3143,0.214,0.1645,0.345,
1.0,0.9991,0.9666,0.9657,0.9687,0.9973,0.9956,0.991,0.9848,0.9222,0.7351,0.9294,0.9073,0.8395,0.8027,0.8524,0.6849,0.8267,0.9392,0.7807,0.6054,0.9518,0.7186,0.619,0.6024,0.615,0.8579,0.5684,0.6133,0.7812,0.4927,0.5503,0.3811,0.5875,0.6697,0.5747,0.5164,0.3118,0.4729,0.2537,0.5218,0.3034,0.2058,0.1594,0.3567,
1.0,0.9987,0.9702,0.9689,0.9693,0.9977,0.9957,0.9906,0.9854,0.9238,0.7387,0.933,0.9088,0.843,0.8062,0.8582,0.6941,0.8301,0.9376,0.7862,0.6193,0.9527,0.7319,0.6338,0.6122,0.6128,0.8597,0.5702,0.6298,0.7847,0.4965,0.5537,0.3907,0.5867,0.676,0.5871,0.5198,0.3086,0.4772,0.2715,0.5284,0.3039,0.2042,0.168,0.3538,
1.0,0.9982,0.9658,0.964,0.9676,0.9968,0.9942,0.9903,0.9845,0.9244,0.7349,0.9274,0.9099,0.8381,0.802,0.8528,0.6831,0.8251,0.9396,0.7834,0.6106,0.9525,0.7249,0.6154,0.6034,0.6123,0.8606,0.5637,0.6195,0.7816,0.5043,0.5417,0.3932,0.5923,0.6617,0.5812,0.5241,0.3208,0.4861,0.2596,0.518,0.3146,0.2,0.1644,0.3542,
1.0,0.9986,0.9677,0.9663,0.9704,0.9972,0.9948,0.9891,0.9837,0.9209,0.7336,0.9302,0.902,0.8402,0.7996,0.8523,0.6824,0.8267,0.9398,0.7783,0.6098,0.9532,0.7178,0.6236,0.6075,0.6129,0.8519,0.5649,0.6164,0.7766,0.4998,0.553,0.3876,0.5934,0.6768,0.579,0.5211,0.3156,0.478,0.2571,0.5162,0.3069,0.2101,0.1705,0.3569,
1.0,0.9989,0.966,0.9649,0.9716,0.9967,0.9946,0.9911,0.9856,0.92,0.7348,0.9313,0.9047,0.8383,0.8011,0.8532,0.6849,0.8247,0.9412,0.7826,0.6117,0.9522,0.7215,0.628,0.6081,0.6078,0.857,0.5667,0.619,0.7797,0.503,0.5461,0.3912,0.5896,0.6682,0.583,0.5185,0.3086,0.4785,0.2581,0.5164,0.307,0.1974,0.167,0.3554,
1.0,0.9988,0.9698,0.9686,0.9691,0.9976,0.9958,0.9909,0.9855,0.9248,0.7371,0.9327,0.9099,0.8419,0.8052,0.8587,0.6893,0.8301,0.9387,0.7836,0.6131,0.9578,0.7276,0.6229,0.6055,0.6094,0.8554,0.5643,0.6248,0.7819,0.504,0.5478,0.3932,0.6022,0.6729,0.5862,0.5184,0.3115,0.4908,0.2615,0.5262,0.3121,0.2004,0.1678,0.3613,
1.0,0.9986,0.9655,0.9641,0.9741,0.997,0.9942,0.9892,0.9833,0.9249,0.7391,0.9336,0.9085,0.839,0.7976,0.8604,0.6766,0.8254,0.9394,0.7852,0.6096,0.9514,0.7202,0.6201,0.605,0.616,0.8557,0.5657,0.6164,0.7868,0.5094,0.5491,0.3909,0.5922,0.6731,0.5766,0.5229,0.3194,0.4741,0.257,0.5159,0.3137,0.2057,0.1619,0.3529,
1.0,0.9989,0.9679,0.9668,0.9686,0.9975,0.9952,0.9912,0.9869,0.9265,0.7448,0.9301,0.9111,0.8449,0.8083,0.8578,0.6922,0.8318,0.941,0.7863,0.6138,0.9561,0.7236,0.6244,0.6001,0.6202,0.8583,0.5725,0.6152,0.7838,0.51,0.5517,0.3806,0.5798,0.6753,0.5834,0.5273,0.3239,0.4637,0.2637,0.5185,0.3091,0.2085,0.1632,0.3537,
1.0,0.9993,0.9668,0.9661,0.9726,0.9973,0.9953,0.9913,0.9855,0.9226,0.7395,0.9346,0.909,0.8399,0.8054,0.8579,0.6881,0.8262,0.9406,0.7858,0.6162,0.9533,0.7237,0.6291,0.6082,0.6205,0.8552,0.568,0.6158,0.7843,0.5044,0.554,0.3885,0.5794,0.6727,0.5808,0.5186,0.3183,0.4689,0.2607,0.5185,0.3044,0.2049,0.1678,0.3461,
1.0,0.9995,0.9668,0.9663,0.9689,0.9977,0.9964,0.9892,0.9832,0.9267,0.7365,0.9302,0.9103,0.8383,0.7986,0.8581,0.6824,0.8241,0.9393,0.7838,0.616,0.9475,0.7259,0.6222,0.6042,0.6123,0.8533,0.5655,0.6253,0.7812,0.5049,0.5452,0.385,0.5808,0.663,0.5852,0.5139,0.3072,0.4693,0.2572,0.5158,0.3029,0.2081,0.1613,0.344,
1.0,0.9991,0.9689,0.968,0.9717,0.9977,0.9961,0.9893,0.9847,0.926,0.739,0.9348,0.9091,0.8389,0.7987,0.8617,0.6855,0.8273,0.9408,0.7862,0.6161,0.9512,0.7254,0.627,0.613,0.611,0.8573,0.5622,0.6276,0.7807,0.4961,0.5489,0.3893,0.5954,0.6708,0.5865,0.5261,0.3078,0.4773,0.27,0.5201,0.3021,0.198,0.1691,0.3542,
1.0,0.9984,0.9624,0.9608,0.9688,0.9978,0.9956,0.9905,0.9837,0.9176,0.7326,0.924,0.9031,0.842,0.803,0.8433,0.6841,0.8274,0.9348,0.7785,0.6082,0.9558,0.7228,0.6163,0.6101,0.6127,0.8618,0.5742,0.6173,0.7799,0.4951,0.5515,0.3867,0.5872,0.6712,0.5759,0.5203,0.3132,0.4893,0.2601,0.5261,0.3075,0.1985,0.1635,0.357,
1.0,0.9985,0.969,0.9675,0.9707,0.9985,0.9959,0.9902,0.9849,0.9239,0.7363,0.9329,0.9089,0.8364,0.7988,0.8591,0.6849,0.8236,0.9414,0.7857,0.6093,0.9523,0.7181,0.6232,0.6029,0.6165,0.854,0.567,0.6193,0.7811,0.5042,0.5496,0.3918,0.5862,0.6764,0.5839,0.5196,0.312,0.4724,0.2571,0.5188,0.3094,0.2071,0.1596,0.3495,
1.0,0.9989,0.9717,0.9706,0.9707,0.9975,0.9947,0.9897,0.9869,0.9242,0.7382,0.9349,0.9072,0.8369,0.801,0.8614,0.6935,0.8246,0.9439,0.79,0.6104,0.9511,0.7169,0.6263,0.6092,0.6189,0.8589,0.5764,0.6176,0.7832,0.5183,0.5577,0.4002,0.5829,0.6724,0.5797,0.5307,0.3222,0.4743,0.2596,0.5315,0.3099,0.219,0.1739,0.3444,
1.0,0.9985,0.9688,0.9673,0.9685,0.9975,0.9951,0.9904,0.9854,0.9243,0.7385,0.9311,0.9098,0.8414,0.8046,0.856,0.6877,0.8292,0.9398,0.7817,0.6095,0.9532,0.719,0.6207,0.6004,0.6119,0.8525,0.5651,0.6168,0.7789,0.502,0.5501,0.3846,0.5903,0.6736,0.585,0.5251,0.3126,0.4735,0.2651,0.5176,0.3153,0.2099,0.1626,0.3534,
1.0,0.9992,0.965,0.9642,0.9677,0.9974,0.9949,0.9912,0.9851,0.9233,0.735,0.9266,0.9077,0.8386,0.8018,0.8513,0.6827,0.8247,0.9385,0.7803,0.6074,0.9537,0.7191,0.6186,0.5926,0.6059,0.8542,0.5589,0.6147,0.7791,0.4959,0.5444,0.3666,0.581,0.6684,0.5781,0.508,0.3029,0.4714,0.2525,0.5134,0.2979,0.1985,0.147,0.3413,
1.0,0.9987,0.9656,0.9643,0.9683,0.9977,0.995,0.9913,0.9856,0.9201,0.7356,0.9264,0.9043,0.8428,0.8044,0.849,0.6887,0.8287,0.9385,0.7777,0.6015,0.9526,0.7125,0.6139,0.5983,0.6093,0.8609,0.5678,0.6163,0.7786,0.4967,0.5525,0.381,0.595,0.6702,0.5744,0.5238,0.3181,0.4839,0.2665,0.5269,0.3087,0.205,0.1579,0.359,
1.0,0.9993,0.9704,0.9697,0.9672,0.9984,0.9962,0.9914,0.9851,0.9232,0.7349,0.9325,0.9095,0.8384,0.8018,0.8574,0.6881,0.8235,0.9369,0.7822,0.6073,0.9516,0.7188,0.6187,0.605,0.612,0.8605,0.5683,0.6196,0.7814,0.4918,0.5504,0.3888,0.5913,0.6718,0.5794,0.5172,0.3133,0.4837,0.262,0.5329,0.3068,0.2054,0.1594,0.3572,
1.0,0.9997,0.9683,0.968,0.9669,0.9972,0.9957,0.9912,0.9855,0.9227,0.7345,0.9295,0.9067,0.8399,0.8025,0.8537,0.6835,0.8264,0.94,0.7782,0.6148,0.9501,0.7211,0.6289,0.6064,0.6149,0.851,0.567,0.6248,0.7739,0.4921,0.5585,0.3815,0.5829,0.6766,0.5894,0.5121,0.3143,0.4672,0.2624,0.523,0.295,0.2069,0.1633,0.3442,
1.0,0.9984,0.9711,0.9695,0.9683,0.9978,0.9949,0.9897,0.9865,0.9271,0.7411,0.9325,0.911,0.8417,0.8063,0.8603,0.6872,0.8305,0.9411,0.7812,0.6153,0.9564,0.7244,0.6238,0.6066,0.6182,0.853,0.5703,0.6246,0.7889,0.5122,0.5584,0.3832,0.5965,0.6798,0.5833,0.5192,0.3136,0.4758,0.2623,0.52,0.3181,0.2145,0.1608,0.3586,
1.0,0.999,0.9682,0.9672,0.9723,0.997,0.9952,0.9901,0.9839,0.9226,0.7364,0.9345,0.9071,0.8386,0.8003,0.858,0.6865,0.8245,0.9386,0.7859,0.6029,0.9487,0.716,0.6199,0.5986,0.6157,0.8574,0.5689,0.6136,0.7863,0.5082,0.5499,0.3794,0.5813,0.6668,0.576,0.5258,0.3119,0.4672,0.2567,0.5202,0.3089,0.2091,0.1614,0.3416,
1.0,0.9986,0.9659,0.9645,0.9657,0.9967,0.994,0.9895,0.9831,0.925,0.7271,0.9234,0.9061,0.8326,0.7917,0.8496,0.6705,0.8181,0.9434,0.7743,0.6059,0.952,0.717,0.6119,0.5904,0.607,0.8483,0.5585,0.6101,0.7794,0.4986,0.5424,0.3693,0.5827,0.671,0.5797,0.5178,0.3069,0.4693,0.2444,0.5095,0.3046,0.1963,0.1579,0.3426,
1.0,0.9989,0.9671,0.966,0.9691,0.9979,0.9959,0.9907,0.9853,0.9214,0.7311,0.9292,0.9056,0.8373,0.8006,0.8523,0.6836,0.8248,0.9436,0.7819,0.6095,0.9525,0.7244,0.6229,0.6102,0.6147,0.858,0.5693,0.6213,0.7833,0.5045,0.554,0.3913,0.5943,0.6758,0.5831,0.519,0.3201,0.4821,0.2601,0.5308,0.3106,0.2094,0.1694,0.3536,
1.0,0.9986,0.9647,0.9633,0.9695,0.9969,0.9939,0.9884,0.9834,0.9278,0.7358,0.9273,0.9094,0.8373,0.7962,0.8555,0.6757,0.8222,0.9377,0.7841,0.6169,0.9514,0.7329,0.6231,0.6131,0.6162,0.8501,0.5687,0.6342,0.7802,0.5135,0.5525,0.3944,0.5934,0.6758,0.5972,0.5186,0.3194,0.4788,0.2696,0.5196,0.319,0.2127,0.172,0.3574,
1.0,0.9984,0.9665,0.9649,0.9673,0.9975,0.9948,0.9898,0.9851,0.9227,0.7336,0.9268,0.9065,0.8397,0.803,0.85,0.6903,0.8265,0.9408,0.7853,0.6131,0.9507,0.7232,0.6216,0.5989,0.6117,0.8605,0.5693,0.6202,0.7824,0.5055,0.5542,0.384,0.5885,0.6758,0.579,0.5127,0.318,0.4777,0.2597,0.5318,0.3065,0.2092,0.1586,0.3592,
1.0,0.9988,0.9665,0.9653,0.9689,0.9971,0.9951,0.9914,0.985,0.92,0.7294,0.9299,0.9057,0.8351,0.7977,0.8518,0.682,0.8219,0.9409,0.7826,0.6015,0.9546,0.7166,0.6168,0.597,0.6097,0.8583,0.5744,0.6072,0.7789,0.5023,0.5548,0.3839,0.5797,0.6767,0.574,0.518,0.315,0.4779,0.2419,0.5316,0.3058,0.2089,0.1567,0.3515,
1.0,0.9986,0.965,0.9636,0.9688,0.9979,0.9961,0.9904,0.9827,0.9232,0.7351,0.9271,0.9082,0.8434,0.8028,0.8519,0.6822,0.8288,0.9407,0.7795,0.6169,0.9577,0.7293,0.6263,0.6079,0.611,0.8557,0.5596,0.6193,0.7789,0.5036,0.5453,0.3756,0.5857,0.6726,0.5877,0.5293,0.3157,0.4751,0.2664,0.5223,0.3059,0.1961,0.1592,0.3543,
1.0,0.9992,0.9693,0.9685,0.9692,0.9971,0.9952,0.9906,0.9855,0.9239,0.7448,0.9331,0.9084,0.8473,0.8105,0.8573,0.6915,0.8335,0.9361,0.7827,0.6171,0.9539,0.7244,0.6263,0.6036,0.6166,0.854,0.5662,0.6212,0.7809,0.5017,0.5519,0.3825,0.587,0.6769,0.5879,0.5235,0.312,0.4768,0.2681,0.5252,0.308,0.2143,0.1627,0.3581,
1.0,0.9992,0.9667,0.9659,0.9697,0.9978,0.9959,0.9901,0.985,0.9223,0.7396,0.9305,0.9067,0.8434,0.8055,0.8544,0.691,0.8301,0.9414,0.7826,0.6128,0.9541,0.7235,0.625,0.6065,0.6167,0.8599,0.5727,0.6216,0.7809,0.5056,0.5504,0.3895,0.5896,0.6682,0.5804,0.5259,0.319,0.4792,0.2662,0.5207,0.3056,0.2076,0.1609,0.3507,
1.0,0.999,0.9683,0.9673,0.9682,0.9967,0.9948,0.9911,0.9854,0.9232,0.7349,0.9306,0.9077,0.8392,0.7968,0.8553,0.6729,0.826,0.9377,0.7707,0.6131,0.9536,0.7267,0.6237,0.6095,0.6037,0.8516,0.5603,0.6238,0.7748,0.4955,0.5483,0.3893,0.5923,0.6705,0.5851,0.5124,0.3123,0.4785,0.2589,0.5187,0.3054,0.1992,0.1639,0.3476,
1.0,0.9984,0.966,0.9644,0.9703,0.9974,0.9945,0.9902,0.9849,0.9241,0.7313,0.9297,0.9087,0.8356,0.7984,0.8557,0.6784,0.8217,0.9409,0.782,0.6133,0.9549,0.7303,0.6257,0.6112,0.6131,0.8528,0.559,0.6212,0.7811,0.5044,0.5431,0.3914,0.5812,0.6724,0.5821,0.5203,0.3125,0.4765,0.2602,0.5192,0.3044,0.2043,0.1671,0.344,
1.0,0.9989,0.967,0.9659,0.9693,0.9972,0.9945,0.9896,0.9833,0.9236,0.7374,0.9302,0.9065,0.8436,0.8051,0.8546,0.6886,0.8281,0.9391,0.7855,0.6125,0.9521,0.7236,0.6239,0.6071,0.6141,0.8585,0.5755,0.6188,0.7829,0.51,0.5569,0.3926,0.588,0.6755,0.5795,0.5267,0.3262,0.4821,0.2713,0.5324,0.31,0.2105,0.1621,0.3529,
1.0,0.9989,0.9668,0.9657,0.9703,0.9978,0.9955,0.9903,0.9837,0.9262,0.7393,0.9292,0.909,0.8368,0.7947,0.8577,0.6821,0.8227,0.9415,0.783,0.6094,0.9525,0.7204,0.6235,0.6,0.6153,0.8572,0.5606,0.6158,0.7838,0.495,0.5498,0.3821,0.591,0.6717,0.5724,0.5169,0.3074,0.4804,0.2563,0.5282,0.3081,0.206,0.1604,0.3543,
1.0,0.9986,0.9686,0.9672,0.9672,0.997,0.9943,0.9895,0.9844,0.9201,0.7285,0.9302,0.905,0.8361,0.7972,0.8515,0.6802,0.8224,0.9385,0.7767,0.6076,0.9512,0.7248,0.6173,0.6066,0.6043,0.8571,0.5628,0.6242,0.7796,0.5027,0.5477,0.3935,0.597,0.678,0.5814,0.5154,0.3238,0.4848,0.2617,0.5288,0.3081,0.2072,0.1668,0.36,
1.0,0.9989,0.9692,0.9681,0.9713,0.9971,0.9955,0.9905,0.9849,0.9232,0.7386,0.9342,0.9071,0.8419,0.8036,0.8585,0.6832,0.8294,0.9407,0.7773,0.6114,0.9537,0.7256,0.6262,0.6126,0.6146,0.8538,0.5672,0.6204,0.7843,0.5106,0.5538,0.3962,0.6029,0.6803,0.5834,0.5215,0.3195,0.484,0.2644,0.5236,0.3182,0.2162,0.1668,0.3592,
1.0,0.9993,0.9683,0.9676,0.9695,0.9972,0.9957,0.9919,0.9862,0.9207,0.7336,0.9315,0.9056,0.8372,0.8016,0.8529,0.6859,0.8251,0.9436,0.7799,0.6092,0.9538,0.7173,0.6234,0.6095,0.6132,0.8561,0.5685,0.6186,0.7802,0.5045,0.5533,0.3863,0.5877,0.6796,0.5836,0.5226,0.3164,0.4772,0.2597,0.5245,0.3052,0.2036,0.1592,0.3541,
1.0,0.9987,0.9654,0.9641,0.9672,0.9977,0.995,0.9888,0.9835,0.9224,0.7349,0.9259,0.9048,0.8443,0.8024,0.8495,0.6893,0.8291,0.9393,0.7824,0.6124,0.9514,0.7191,0.6201,0.5993,0.6126,0.8607,0.5741,0.6126,0.7742,0.4937,0.5498,0.3796,0.5812,0.6701,0.5833,0.5257,0.3131,0.4759,0.2592,0.5257,0.3024,0.1996,0.166,0.358,
1.0,0.9994,0.9662,0.9656,0.9687,0.9981,0.996,0.989,0.9846,0.9225,0.7353,0.9283,0.9053,0.8428,0.8011,0.8522,0.6913,0.8296,0.9379,0.7818,0.6077,0.9506,0.72,0.6225,0.5959,0.6074,0.8598,0.566,0.6129,0.7706,0.5026,0.5447,0.3876,0.5856,0.6765,0.5766,0.5278,0.3144,0.4792,0.2629,0.5289,0.3118,0.2089,0.167,0.351,
1.0,0.9993,0.9699,0.9692,0.9718,0.9974,0.9956,0.9885,0.9827,0.9186,0.7316,0.9363,0.9016,0.8402,0.7999,0.8562,0.6868,0.8267,0.9426,0.7827,0.6128,0.9491,0.7205,0.633,0.6196,0.6158,0.8555,0.5749,0.6249,0.7785,0.5031,0.5612,0.3909,0.6016,0.6825,0.5859,0.5157,0.3151,0.4829,0.2574,0.5307,0.3098,0.2074,0.1659,0.3523,
1.0,0.9994,0.9679,0.9673,0.9707,0.9962,0.9952,0.9918,0.9868,0.9244,0.7377,0.9328,0.9082,0.8391,0.8029,0.8581,0.6856,0.828,0.9393,0.7831,0.61,0.9564,0.7245,0.6214,0.6141,0.6118,0.8558,0.5634,0.6183,0.7808,0.5033,0.543,0.3884,0.5895,0.673,0.5838,0.5312,0.3125,0.4826,0.2652,0.5242,0.3129,0.2095,0.1669,0.3608,
1.0,0.9986,0.9682,0.9668,0.9703,0.9975,0.9951,0.9907,0.9847,0.9234,0.7459,0.9321,0.908,0.8498,0.8083,0.8565,0.6919,0.8365,0.9403,0.7808,0.6156,0.9537,0.7229,0.6274,0.6033,0.6203,0.8573,0.5771,0.6135,0.7799,0.494,0.5638,0.3892,0.5941,0.6787,0.5771,0.5132,0.3133,0.4871,0.2543,0.5266,0.3087,0.2029,0.1578,0.362,
1.0,0.999,0.9666,0.9656,0.9693,0.997,0.9944,0.9895,0.9847,0.9283,0.7429,0.9298,0.9115,0.8424,0.8063,0.8605,0.6791,0.8276,0.9358,0.7797,0.6183,0.9513,0.7315,0.6253,0.6096,0.6201,0.8485,0.5625,0.6264,0.7883,0.5095,0.5511,0.3921,0.5862,0.666,0.5871,0.5043,0.3204,0.4767,0.2572,0.5147,0.3147,0.2075,0.1625,0.3519,
1.0,0.9998,0.968,0.9678,0.9662,0.9978,0.9967,0.9927,0.9868,0.9254,0.7348,0.9265,0.9084,0.8365,0.7977,0.8533,0.685,0.824,0.9383,0.7771,0.6083,0.9556,0.7243,0.6162,0.6085,0.6089,0.8579,0.5626,0.6197,0.7805,0.5003,0.5457,0.3861,0.5873,0.673,0.58,0.5188,0.3157,0.477,0.2567,0.5194,0.3067,0.2101,0.1679,0.3514,
1.0,0.9993,0.9702,0.9695,0.9703,0.9969,0.9952,0.9914,0.9861,0.9193,0.7379,0.9346,0.9034,0.842,0.8026,0.8549,0.6898,0.8281,0.9411,0.779,0.6131,0.9531,0.721,0.6301,0.6037,0.6117,0.8596,0.5688,0.6165,0.7783,0.4989,0.5552,0.3933,0.5933,0.6809,0.5776,0.5256,0.3178,0.4782,0.2607,0.5261,0.3104,0.2086,0.1661,0.3576,
1.0,0.9988,0.9674,0.9662,0.9656,0.9975,0.9956,0.9905,0.9851,0.9213,0.7307,0.9251,0.9044,0.8372,0.8003,0.8474,0.6806,0.8251,0.9426,0.7748,0.6081,0.9511,0.7167,0.6198,0.6014,0.6098,0.8537,0.567,0.6186,0.7813,0.497,0.5506,0.3753,0.5871,0.6721,0.579,0.5166,0.3111,0.4796,0.259,0.5204,0.3036,0.1996,0.163,0.3514,
1.0,0.9987,0.9671,0.9658,0.9705,0.9979,0.9956,0.9914,0.9855,0.9247,0.7342,0.9307,0.9102,0.8355,0.796,0.8575,0.6767,0.8229,0.9418,0.7794,0.6059,0.954,0.7162,0.6182,0.5993,0.609,0.8551,0.5638,0.6125,0.7848,0.5099,0.5534,0.3883,0.5851,0.6733,0.572,0.5099,0.3222,0.4763,0.2497,0.5222,0.3088,0.2057,0.1602,0.3473,
1.0,0.9987,0.9655,0.9642,0.9719,0.9975,0.9954,0.9889,0.9848,0.9223,0.7335,0.9321,0.9069,0.8349,0.7981,0.8556,0.6788,0.8243,0.9436,0.7831,0.6086,0.951,0.7204,0.6194,0.6011,0.6053,0.8554,0.5575,0.6216,0.7795,0.5038,0.5362,0.3759,0.5844,0.6718,0.5819,0.5215,0.3126,0.4704,0.2554,0.5155,0.3031,0.2067,0.1582,0.3438,
1.0,0.999,0.9658,0.9648,0.9733,0.997,0.9948,0.9908,0.9858,0.921,0.7384,0.9317,0.9042,0.8403,0.8027,0.8545,0.6873,0.8289,0.9407,0.7846,0.6103,0.9518,0.7197,0.6272,0.6093,0.6129,0.8579,0.5684,0.6165,0.7808,0.5008,0.5429,0.3949,0.586,0.6636,0.5792,0.5224,0.3187,0.4834,0.2677,0.5238,0.3128,0.1969,0.1614,0.3589,
1.0,0.9987,0.9655,0.9642,0.9723,0.9965,0.9944,0.9897,0.9829,0.923,0.7325,0.9309,0.9054,0.8351,0.7953,0.8557,0.6766,0.8216,0.9411,0.7858,0.6074,0.9508,0.718,0.62,0.6025,0.6146,0.8585,0.5608,0.6068,0.7836,0.5014,0.5438,0.385,0.5869,0.6651,0.5727,0.521,0.3159,0.4799,0.2517,0.5231,0.3094,0.1995,0.1618,0.3471,
1.0,0.9991,0.9686,0.9677,0.9698,0.9978,0.9957,0.9887,0.9847,0.9271,0.739,0.9327,0.9101,0.8395,0.801,0.8607,0.6845,0.8255,0.9393,0.7848,0.6106,0.9493,0.724,0.6221,0.6065,0.6105,0.8531,0.5599,0.6293,0.783,0.5125,0.547,0.3841,0.593,0.6823,0.5886,0.5169,0.3184,0.4733,0.2608,0.52,0.3095,0.2161,0.1568,0.3498,
1.0,0.999,0.9657,0.9647,0.9687,0.9983,0.9961,0.9904,0.9847,0.9207,0.7337,0.9279,0.9051,0.8407,0.8047,0.8494,0.6871,0.8276,0.9408,0.7821,0.6129,0.9533,0.7221,0.6223,0.614,0.6186,0.8569,0.572,0.6224,0.7808,0.4981,0.5548,0.3885,0.5886,0.6737,0.5794,0.5212,0.3188,0.4822,0.2664,0.5258,0.3077,0.2032,0.1626,0.3614,
1.0,0.9995,0.9668,0.9663,0.9692,0.9962,0.9951,0.9909,0.9843,0.9224,0.7343,0.93,0.9047,0.8383,0.8,0.8538,0.6781,0.8245,0.9372,0.7775,0.6107,0.9504,0.7208,0.6212,0.6021,0.607,0.8522,0.5603,0.6179,0.7819,0.4978,0.5464,0.3794,0.5926,0.6717,0.577,0.5137,0.3062,0.4694,0.2633,0.5178,0.309,0.2073,0.1563,0.3489,
1.0,0.9988,0.9697,0.9685,0.9695,0.997,0.9943,0.9907,0.9858,0.9217,0.7289,0.9317,0.9047,0.8325,0.7932,0.8542,0.6795,0.821,0.9427,0.7778,0.613,0.9596,0.7285,0.6272,0.6148,0.6064,0.8552,0.5657,0.6219,0.7792,0.5103,0.5481,0.4003,0.5955,0.6804,0.5919,0.5303,0.3188,0.4849,0.2629,0.5254,0.313,0.213,0.174,0.354,
1.0,0.9988,0.9634,0.9622,0.9707,0.9977,0.9959,0.9908,0.9857,0.9219,0.7364,0.927,0.9058,0.8414,0.8032,0.8501,0.6801,0.8297,0.9416,0.7774,0.6048,0.9542,0.7084,0.6142,0.5975,0.6167,0.8492,0.5657,0.6079,0.7791,0.5059,0.5514,0.3849,0.5894,0.6704,0.5723,0.5143,0.3176,0.4784,0.2511,0.5188,0.3162,0.2072,0.1565,0.3537,
1.0,0.9986,0.9677,0.9663,0.9719,0.9971,0.995,0.9892,0.9837,0.9243,0.7394,0.9337,0.9082,0.8428,0.8044,0.8598,0.6819,0.8296,0.9419,0.781,0.6106,0.9503,0.7196,0.6221,0.6008,0.6142,0.8502,0.5636,0.6133,0.7832,0.5005,0.5457,0.3751,0.5788,0.6708,0.5829,0.5226,0.3156,0.4664,0.2533,0.5136,0.3046,0.2018,0.159,0.3379,
1.0,0.9989,0.9662,0.9651,0.9714,0.9975,0.9955,0.9914,0.9864,0.9258,0.7379,0.9304,0.9097,0.8348,0.7981,0.8571,0.6788,0.8218,0.9445,0.785,0.6128,0.9508,0.7204,0.6236,0.5992,0.6163,0.8529,0.5639,0.6178,0.789,0.5157,0.5471,0.3817,0.5824,0.6747,0.5827,0.5144,0.3226,0.4675,0.2608,0.5254,0.3091,0.2099,0.1589,0.3518,
1.0,0.9991,0.9697,0.9688,0.9731,0.9979,0.9964,0.9907,0.9848,0.9233,0.7371,0.9374,0.9086,0.8368,0.799,0.862,0.6813,0.8218,0.9355,0.7834,0.6046,0.9504,0.7221,0.616,0.6112,0.6145,0.8579,0.5606,0.6233,0.7871,0.5103,0.5485,0.3917,0.5872,0.6785,0.5817,0.5124,0.3188,0.4787,0.2549,0.5251,0.3216,0.2173,0.1625,0.3546,
1.0,0.9993,0.9689,0.9682,0.9679,0.9975,0.9955,0.9887,0.984,0.9218,0.7299,0.931,0.9047,0.8371,0.7987,0.8536,0.686,0.8243,0.9426,0.7841,0.6138,0.9483,0.7252,0.6267,0.6105,0.6105,0.8604,0.5703,0.6188,0.7769,0.4932,0.5481,0.3852,0.5857,0.6722,0.5829,0.5224,0.309,0.4767,0.265,0.5297,0.3019,0.2001,0.162,0.3504,
1.0,0.9987,0.9678,0.9665,0.9688,0.9976,0.9957,0.9908,0.9855,0.9249,0.7342,0.9298,0.909,0.8393,0.8019,0.8563,0.6825,0.8285,0.9405,0.7802,0.6114,0.9546,0.7233,0.6223,0.6064,0.6121,0.8507,0.5626,0.6231,0.7794,0.5071,0.5509,0.3934,0.5943,0.6731,0.5859,0.515,0.3189,0.4727,0.2637,0.5231,0.3161,0.2157,0.1613,0.3587,
1.0,0.9991,0.968,0.9671,0.9671,0.9972,0.9948,0.99,0.9843,0.9284,0.7391,0.93,0.9125,0.8416,0.804,0.8587,0.6907,0.8266,0.9366,0.7902,0.6135,0.9536,0.7269,0.6196,0.6036,0.6158,0.8627,0.5703,0.6184,0.7836,0.5037,0.5465,0.3881,0.5957,0.6752,0.5843,0.5221,0.3128,0.4927,0.2576,0.5323,0.3169,0.2083,0.1648,0.36,
1.0,0.9987,0.9681,0.9668,0.968,0.9966,0.9947,0.9899,0.9833,0.9241,0.7294,0.93,0.908,0.8365,0.7982,0.8546,0.6779,0.8246,0.9446,0.778,0.6183,0.954,0.731,0.6261,0.6162,0.6118,0.8505,0.5644,0.6318,0.7794,0.4998,0.5513,0.3891,0.6011,0.679,0.5969,0.5115,0.3174,0.484,0.2616,0.5218,0.3129,0.2074,0.1697,0.36,
1.0,0.999,0.9694,0.9684,0.9707,0.9975,0.9956,0.992,0.9865,0.9186,0.7338,0.9341,0.904,0.8386,0.8023,0.854,0.6811,0.8259,0.9404,0.7749,0.6035,0.9536,0.7126,0.6214,0.605,0.6112,0.8544,0.564,0.6109,0.7813,0.5124,0.5518,0.3955,0.5922,0.6746,0.5719,0.5121,0.3267,0.4843,0.2497,0.5238,0.3187,0.2124,0.1607,0.3556,
1.0,0.999,0.9682,0.9672,0.9666,0.9969,0.9953,0.9892,0.9827,0.923,0.7307,0.9291,0.9057,0.8406,0.8005,0.8535,0.6845,0.8273,0.9424,0.7809,0.6057,0.9497,0.7144,0.6173,0.5952,0.6149,0.8555,0.5784,0.6142,0.7807,0.4959,0.5637,0.376,0.5903,0.6815,0.5718,0.5223,0.3175,0.477,0.2518,0.5289,0.3007,0.2057,0.1661,0.3549,
1.0,0.999,0.9689,0.9679,0.9699,0.9979,0.9958,0.9899,0.9839,0.9201,0.7314,0.9325,0.9039,0.8365,0.7979,0.8538,0.6852,0.8224,0.9387,0.7816,0.6051,0.9503,0.7171,0.6189,0.6015,0.6095,0.861,0.5619,0.6165,0.7756,0.4986,0.5446,0.3904,0.5888,0.6741,0.5714,0.5154,0.3133,0.4839,0.2537,0.5321,0.3062,0.208,0.1617,0.3549,
1.0,0.9985,0.9675,0.966,0.9678,0.9988,0.9964,0.9886,0.9829,0.9292,0.739,0.9275,0.9127,0.8401,0.7971,0.8576,0.6819,0.8269,0.9427,0.7808,0.6211,0.9514,0.7257,0.628,0.6005,0.6139,0.851,0.5688,0.6303,0.7824,0.5047,0.5536,0.3858,0.5901,0.677,0.5863,0.5268,0.3098,0.4796,0.2638,0.5204,0.3149,0.2124,0.1702,0.3512,
1.0,0.9992,0.9672,0.9664,0.9679,0.9971,0.995,0.9904,0.986,0.9182,0.7271,0.9299,0.9029,0.8339,0.7967,0.8492,0.6776,0.8218,0.9383,0.7746,0.6047,0.9553,0.724,0.6189,0.606,0.6025,0.8528,0.5553,0.6147,0.7739,0.503,0.5424,0.3914,0.5908,0.6751,0.5807,0.5191,0.3119,0.481,0.2545,0.5242,0.3109,0.2075,0.1673,0.3496,
1.0,0.9985,0.967,0.9655,0.9682,0.997,0.9945,0.9896,0.9844,0.9248,0.7404,0.9268,0.9062,0.8442,0.8035,0.8533,0.6853,0.8315,0.9412,0.7809,0.6123,0.9506,0.7183,0.6223,0.5911,0.6148,0.8549,0.5678,0.6121,0.7797,0.4994,0.5523,0.3817,0.5914,0.6748,0.5734,0.5239,0.3198,0.4751,0.2633,0.5238,0.3075,0.209,0.1624,0.3564,
1.0,0.999,0.9659,0.9649,0.9709,0.9981,0.9964,0.9913,0.9861,0.9194,0.733,0.9296,0.9033,0.8366,0.7992,0.8517,0.6856,0.8251,0.9426,0.7824,0.6032,0.9544,0.7156,0.6182,0.5935,0.61,0.8604,0.5631,0.6061,0.7818,0.5019,0.5458,0.3868,0.586,0.6767,0.5724,0.525,0.316,0.4731,0.2526,0.5273,0.3078,0.2113,0.1573,0.3542,
1.0,0.9984,0.9693,0.9677,0.97,0.9973,0.9949,0.9903,0.9837,0.921,0.7373,0.9334,0.9067,0.8421,0.803,0.8547,0.6833,0.8277,0.9404,0.7779,0.6122,0.9523,0.7206,0.6247,0.6031,0.6149,0.8533,0.5692,0.6161,0.7857,0.5054,0.5589,0.3935,0.5917,0.6758,0.5752,0.5157,0.3224,0.4826,0.2619,0.5238,0.3128,0.2089,0.1672,0.3538,
1.0,0.999,0.971,0.97,0.9694,0.9972,0.9955,0.9912,0.9848,0.9239,0.7396,0.9337,0.9077,0.8422,0.8031,0.8587,0.6883,0.8284,0.9395,0.7787,0.6139,0.9555,0.7239,0.6257,0.6079,0.6147,0.8542,0.5632,0.6196,0.7817,0.5012,0.5527,0.3903,0.5927,0.6803,0.5887,0.5191,0.3099,0.4751,0.26,0.5187,0.3153,0.2107,0.1591,0.3595,
1.0,0.9995,0.9673,0.9668,0.9716,0.9979,0.9962,0.9906,0.9849,0.926,0.7451,0.932,0.9095,0.8453,0.8058,0.8593,0.6862,0.8317,0.9401,0.7806,0.6147,0.9529,0.723,0.6277,0.609,0.6214,0.8508,0.5639,0.6237,0.7764,0.5001,0.5489,0.3894,0.5917,0.6794,0.5881,0.5132,0.3137,0.4756,0.2552,0.5263,0.3092,0.2095,0.1613,0.3535,
1.0,0.9993,0.9684,0.9677,0.9708,0.9977,0.9962,0.9901,0.9838,0.9242,0.7397,0.9331,0.908,0.842,0.8039,0.8575,0.683,0.8283,0.9394,0.7806,0.6111,0.9504,0.7201,0.6255,0.6027,0.6206,0.8476,0.5648,0.6163,0.7822,0.5073,0.5491,0.3846,0.5797,0.6663,0.5756,0.5066,0.3158,0.4624,0.2575,0.5164,0.3069,0.2115,0.1564,0.3414,
1.0,0.9988,0.9682,0.967,0.9689,0.9969,0.995,0.9917,0.9856,0.9199,0.7381,0.9304,0.9048,0.8465,0.8078,0.8509,0.6898,0.8322,0.9401,0.777,0.6144,0.9539,0.7201,0.628,0.6127,0.6151,0.8561,0.573,0.6218,0.779,0.498,0.5598,0.3845,0.5989,0.6772,0.5805,0.5178,0.322,0.4811,0.2624,0.5258,0.3065,0.202,0.1708,0.3626,
1.0,0.9993,0.9695,0.9688,0.9723,0.997,0.9948,0.992,0.9864,0.9235,0.738,0.9367,0.9093,0.8368,0.7994,0.8606,0.6789,0.8227,0.9392,0.7787,0.609,0.9519,0.722,0.6257,0.6133,0.6144,0.849,0.5581,0.6254,0.7825,0.5016,0.5525,0.3956,0.5914,0.6715,0.5847,0.5152,0.3108,0.471,0.261,0.5205,0.3124,0.2073,0.1676,0.3426,
1.0,0.9986,0.9691,0.9677,0.9674,0.9981,0.9953,0.9905,0.9853,0.924,0.7343,0.9302,0.9102,0.8368,0.7977,0.8549,0.6822,0.8221,0.9401,0.7797,0.6122,0.951,0.7192,0.6205,0.6001,0.6093,0.8555,0.5652,0.6154,0.7812,0.4997,0.5501,0.3831,0.5807,0.6753,0.5831,0.5265,0.3105,0.4706,0.2557,0.5248,0.3035,0.2049,0.1657,0.3444,
1.0,0.999,0.9675,0.9665,0.971,0.9982,0.9968,0.9916,0.9836,0.9183,0.7355,0.9327,0.9046,0.843,0.8049,0.8531,0.6877,0.8291,0.9416,0.7812,0.6094,0.9581,0.7215,0.626,0.6122,0.6174,0.8591,0.5786,0.615,0.785,0.5123,0.5637,0.3894,0.5949,0.6826,0.5822,0.527,0.3278,0.4814,0.2596,0.5278,0.3172,0.2123,0.1659,0.3542,
1.0,0.999,0.9676,0.9666,0.9687,0.9984,0.9958,0.9903,0.9866,0.9242,0.7385,0.9296,0.9086,0.8399,0.8001,0.855,0.6841,0.8273,0.9427,0.7802,0.6092,0.9532,0.7206,0.6185,0.6059,0.611,0.8585,0.571,0.623,0.7833,0.5105,0.5551,0.3891,0.595,0.6815,0.5844,0.5252,0.3265,0.4798,0.2566,0.5213,0.3202,0.2176,0.1649,0.3636,
1.0,0.9988,0.9685,0.9673,0.9694,0.9972,0.9953,0.9897,0.9843,0.9191,0.7317,0.9315,0.9029,0.839,0.8015,0.8512,0.6888,0.8257,0.941,0.7832,0.6054,0.9539,0.7134,0.6149,0.601,0.6074,0.8595,0.5651,0.6143,0.7763,0.5022,0.5416,0.3794,0.5967,0.6771,0.5811,0.5313,0.3074,0.4841,0.2603,0.5257,0.3146,0.2032,0.1575,0.3607,
1.0,0.9991,0.9638,0.9629,0.9698,0.997,0.9954,0.9905,0.9861,0.9221,0.7378,0.9279,0.9067,0.8426,0.807,0.8514,0.6911,0.8317,0.944,0.787,0.6077,0.9524,0.7146,0.6172,0.5939,0.6142,0.8593,0.5713,0.615,0.7781,0.5066,0.552,0.3754,0.5851,0.6817,0.5795,0.5208,0.3186,0.4768,0.2576,0.5375,0.3087,0.209,0.1526,0.3614,
1.0,0.9991,0.9679,0.967,0.9674,0.9977,0.9957,0.9907,0.9863,0.9212,0.7355,0.9292,0.9058,0.8417,0.8035,0.8513,0.6806,0.8306,0.946,0.7719,0.6139,0.9532,0.7229,0.6243,0.612,0.6181,0.8536,0.576,0.6187,0.7829,0.5047,0.5577,0.3872,0.5843,0.6719,0.582,0.5242,0.3243,0.4712,0.2587,0.5132,0.3052,0.2029,0.1665,0.3464,
1.0,0.9988,0.9694,0.9682,0.9677,0.9978,0.9953,0.9911,0.9865,0.9261,0.7362,0.9293,0.9107,0.8389,0.8035,0.8571,0.6863,0.8249,0.9409,0.7794,0.6126,0.9531,0.7243,0.6252,0.6081,0.614,0.8546,0.5608,0.6238,0.7822,0.5051,0.5476,0.3893,0.5895,0.6723,0.5915,0.5233,0.3167,0.4756,0.2636,0.5205,0.31,0.2077,0.171,0.3577,
1.0,0.9986,0.9663,0.9649,0.9733,0.9974,0.9953,0.993,0.9865,0.9249,0.745,0.9331,0.912,0.8429,0.8074,0.8597,0.6852,0.8284,0.9326,0.7843,0.6114,0.9525,0.7239,0.6228,0.6069,0.6188,0.8586,0.5639,0.6133,0.7867,0.4955,0.5441,0.3977,0.586,0.6643,0.577,0.5032,0.3188,0.4757,0.25,0.521,0.3084,0.1977,0.1611,0.3559,
1.0,0.9993,0.9692,0.9685,0.9686,0.9975,0.9956,0.9896,0.9845,0.9195,0.7275,0.9308,0.9011,0.837,0.7993,0.8525,0.6826,0.8246,0.9426,0.7743,0.6024,0.9527,0.7176,0.6201,0.609,0.6129,0.8541,0.5668,0.6195,0.7768,0.4988,0.5561,0.3845,0.5977,0.68,0.5835,0.5166,0.3166,0.4815,0.2503,0.5249,0.3111,0.2079,0.1622,0.3567,
1.0,0.9986,0.9686,0.9672,0.9672,0.9973,0.9951,0.9909,0.9852,0.9272,0.7388,0.9294,0.9121,0.8404,0.8011,0.8566,0.6884,0.8267,0.9396,0.7862,0.6123,0.9525,0.7252,0.6197,0.5971,0.6143,0.8609,0.5601,0.6208,0.7755,0.4962,0.547,0.3921,0.596,0.6791,0.5777,0.5147,0.3107,0.482,0.2562,0.524,0.3099,0.2014,0.1597,0.3609,
1.0,0.9987,0.965,0.9637,0.9683,0.9971,0.9947,0.9899,0.9855,0.9252,0.7294,0.926,0.9083,0.834,0.795,0.8523,0.6782,0.8202,0.9371,0.7829,0.6038,0.9534,0.7278,0.6154,0.6053,0.6049,0.8571,0.562,0.6169,0.7822,0.5098,0.5457,0.3868,0.5852,0.6729,0.5862,0.5243,0.315,0.4753,0.2593,0.5232,0.3089,0.2044,0.1609,0.3381,
1.0,0.9981,0.968,0.9661,0.9678,0.998,0.9954,0.9894,0.9822,0.9246,0.734,0.9291,0.9094,0.8402,0.8013,0.8551,0.6804,0.8265,0.9385,0.779,0.6145,0.9508,0.721,0.6236,0.6067,0.6179,0.8554,0.5692,0.6248,0.7848,0.502,0.5566,0.3953,0.598,0.6707,0.5816,0.5163,0.3212,0.4841,0.2656,0.5202,0.3146,0.2169,0.1652,0.3579,
1.0,0.9993,0.9694,0.9687,0.9698,0.9969,0.9955,0.9917,0.9857,0.9246,0.737,0.9331,0.9092,0.8401,0.8026,0.8577,0.6867,0.8257,0.9409,0.7814,0.608,0.9517,0.7174,0.6184,0.5983,0.6125,0.8553,0.5592,0.6145,0.7811,0.4997,0.5503,0.3804,0.587,0.6813,0.5759,0.525,0.3193,0.4748,0.2569,0.5267,0.3047,0.2052,0.1588,0.3435,
1.0,0.9993,0.9657,0.965,0.9672,0.9963,0.9948,0.991,0.9862,0.9245,0.7352,0.9264,0.9076,0.8391,0.8019,0.8527,0.6797,0.8272,0.9432,0.7782,0.6125,0.9547,0.7267,0.6196,0.6013,0.6099,0.8541,0.5649,0.6182,0.7778,0.5048,0.5475,0.3813,0.5943,0.6823,0.5834,0.5173,0.3187,0.474,0.2578,0.5191,0.3094,0.2023,0.1573,0.3514,
1.0,0.9986,0.9658,0.9644,0.9716,0.9976,0.9955,0.9893,0.9838,0.9266,0.7429,0.9313,0.9107,0.843,0.8042,0.8592,0.692,0.829,0.9401,0.7938,0.6117,0.9523,0.7197,0.6187,0.6066,0.6221,0.8621,0.5776,0.6156,0.7915,0.5194,0.5495,0.3935,0.5873,0.6726,0.5819,0.5255,0.3237,0.4879,0.2595,0.5181,0.327,0.2084,0.162,0.3538,
1.0,0.9985,0.9707,0.9692,0.9715,0.9979,0.9952,0.9889,0.9838,0.9253,0.7383,0.9357,0.9087,0.8392,0.8014,0.8607,0.6874,0.8263,0.9435,0.7859,0.6177,0.9522,0.727,0.631,0.608,0.6178,0.8533,0.5653,0.6222,0.7839,0.5096,0.5496,0.3885,0.5891,0.6769,0.5873,0.522,0.3124,0.478,0.262,0.53,0.3133,0.2037,0.1686,0.351,
1.0,0.9991,0.967,0.9661,0.9708,0.9976,0.9959,0.9921,0.9868,0.9256,0.7436,0.932,0.9115,0.843,0.8066,0.8584,0.6864,0.8299,0.9401,0.7831,0.6093,0.9546,0.7155,0.6194,0.6006,0.6192,0.8559,0.5678,0.6149,0.7881,0.5136,0.56,0.3932,0.5958,0.6745,0.5741,0.5118,0.3234,0.4834,0.2569,0.5219,0.3199,0.2108,0.1541,0.3566,
1.0,0.9991,0.968,0.9671,0.9686,0.9975,0.9958,0.991,0.9857,0.9218,0.7353,0.929,0.9055,0.8392,0.8031,0.8518,0.6869,0.8254,0.9406,0.7783,0.6067,0.9526,0.7209,0.6212,0.6113,0.6156,0.8545,0.5718,0.6183,0.7839,0.5056,0.5542,0.3917,0.5942,0.6722,0.5817,0.5271,0.3197,0.4757,0.2636,0.5197,0.31,0.2041,0.1694,0.3584,
1.0,0.9988,0.9658,0.9646,0.9727,0.9972,0.9955,0.9901,0.9839,0.9269,0.7323,0.9328,0.9114,0.8285,0.7926,0.8617,0.6707,0.8152,0.942,0.7883,0.6112,0.9522,0.7285,0.6176,0.6104,0.6128,0.8545,0.559,0.6217,0.7899,0.5121,0.5381,0.397,0.5882,0.6717,0.5876,0.5219,0.3072,0.4772,0.2592,0.5155,0.32,0.2131,0.1653,0.3463,
1.0,0.9988,0.9691,0.9679,0.9725,0.9966,0.9943,0.9892,0.9843,0.9219,0.7309,0.9354,0.9049,0.8349,0.795,0.8581,0.6796,0.8234,0.9404,0.7842,0.608,0.9536,0.7236,0.6235,0.6105,0.608,0.8545,0.5606,0.6192,0.7786,0.502,0.5442,0.3853,0.594,0.6769,0.5827,0.5191,0.3106,0.4799,0.2563,0.523,0.3132,0.2085,0.1694,0.3573,
1.0,0.9979,0.968,0.9659,0.9701,0.9969,0.9941,0.9904,0.9859,0.9231,0.7387,0.9297,0.9062,0.8406,0.8003,0.8543,0.6866,0.8285,0.938,0.7813,0.6104,0.9535,0.7232,0.6233,0.6068,0.6091,0.8565,0.5667,0.6233,0.7816,0.4994,0.55,0.3849,0.5931,0.6806,0.5826,0.5227,0.3116,0.4763,0.265,0.5327,0.3041,0.2093,0.1672,0.347,
1.0,0.9989,0.97,0.9689,0.9689,0.9967,0.9943,0.9894,0.984,0.9253,0.7371,0.9316,0.9066,0.8402,0.801,0.8583,0.6874,0.8273,0.9384,0.7844,0.6105,0.951,0.7241,0.6228,0.603,0.6127,0.854,0.5646,0.6204,0.7838,0.5055,0.5561,0.3813,0.5798,0.6726,0.5767,0.5181,0.3119,0.4716,0.2626,0.5256,0.3092,0.2128,0.1598,0.3507,
1.0,0.9992,0.9695,0.9687,0.9698,0.9984,0.9967,0.9907,0.9862,0.924,0.7411,0.9331,0.9091,0.8419,0.8049,0.8577,0.6906,0.8302,0.9444,0.7837,0.6148,0.9552,0.7213,0.6284,0.612,0.6221,0.8551,0.5747,0.6213,0.7848,0.5099,0.5628,0.385,0.5947,0.6854,0.5851,0.5288,0.3164,0.4718,0.2638,0.5165,0.3136,0.2137,0.1612,0.3604,
1.0,0.9988,0.9696,0.9684,0.9691,0.9978,0.9954,0.9898,0.9859,0.9233,0.7389,0.9322,0.9069,0.8425,0.8057,0.8563,0.6881,0.8301,0.9392,0.7793,0.6072,0.954,0.7213,0.6204,0.604,0.6142,0.853,0.5655,0.6198,0.7772,0.4981,0.5514,0.387,0.5968,0.6825,0.5756,0.5154,0.3173,0.4768,0.2541,0.5282,0.3081,0.2107,0.1608,0.3555,
1.0,0.9995,0.9682,0.9677,0.966,0.9975,0.996,0.9911,0.9855,0.9218,0.7332,0.9289,0.9065,0.8415,0.8049,0.8519,0.6921,0.8287,0.942,0.7808,0.6098,0.9545,0.7205,0.6204,0.6053,0.6119,0.8623,0.5729,0.6191,0.7783,0.5023,0.5531,0.3871,0.6053,0.6821,0.5838,0.5292,0.3232,0.4895,0.2654,0.529,0.3163,0.2023,0.1676,0.3626,
1.0,0.9991,0.9693,0.9684,0.969,0.9974,0.9951,0.9908,0.9848,0.922,0.7345,0.9319,0.906,0.8413,0.8042,0.8553,0.6855,0.827,0.9409,0.7811,0.608,0.9523,0.7154,0.6232,0.6013,0.6096,0.8539,0.5667,0.613,0.7814,0.5007,0.5493,0.3839,0.591,0.6734,0.5762,0.5177,0.3149,0.4834,0.2555,0.5291,0.3094,0.209,0.1665,0.3595,
1.0,0.9989,0.968,0.9669,0.9693,0.9977,0.9958,0.9898,0.9815,0.9237,0.7316,0.9298,0.907,0.839,0.7995,0.8546,0.6811,0.8228,0.9332,0.7826,0.6107,0.9506,0.7237,0.6216,0.61,0.6095,0.8555,0.5613,0.6209,0.7888,0.5014,0.5469,0.3899,0.5925,0.6695,0.5809,0.5108,0.3187,0.476,0.2578,0.5189,0.3112,0.2068,0.1575,0.3486,
1.0,0.9988,0.9674,0.9662,0.9696,0.9972,0.9952,0.9914,0.986,0.9268,0.7424,0.9301,0.9117,0.8419,0.8056,0.8578,0.6898,0.8279,0.9374,0.7882,0.6115,0.948,0.7204,0.6203,0.601,0.6164,0.8568,0.5689,0.6199,0.7852,0.5091,0.5512,0.3915,0.5805,0.658,0.5789,0.511,0.3174,0.4713,0.2596,0.5215,0.3114,0.207,0.1611,0.3453,
1.0,0.9985,0.967,0.9655,0.9692,0.9984,0.9959,0.9895,0.9854,0.9221,0.7319,0.9291,0.9066,0.8363,0.8005,0.8528,0.683,0.8236,0.9399,0.7813,0.6073,0.9517,0.7193,0.6182,0.6026,0.6059,0.8573,0.5612,0.6223,0.7856,0.5076,0.5505,0.3894,0.5964,0.6809,0.5838,0.523,0.3109,0.4825,0.2591,0.532,0.3182,0.2163,0.1649,0.3599,
1.0,0.9994,0.9696,0.969,0.9697,0.9966,0.9947,0.992,0.986,0.921,0.7367,0.9315,0.9032,0.8405,0.8002,0.8529,0.6853,0.8267,0.9358,0.7744,0.6048,0.9532,0.7192,0.6217,0.6038,0.6081,0.8518,0.5593,0.6118,0.7813,0.4947,0.5483,0.383,0.5794,0.6698,0.571,0.5109,0.3169,0.4604,0.247,0.52,0.3006,0.2058,0.1594,0.3406,
1.0,0.9985,0.9697,0.9682,0.9693,0.9972,0.9946,0.9903,0.9847,0.9294,0.737,0.9321,0.9129,0.8369,0.7978,0.8621,0.6862,0.8235,0.9453,0.7891,0.612,0.9542,0.7224,0.6232,0.6043,0.6193,0.8565,0.5668,0.6201,0.7828,0.5059,0.5532,0.3802,0.5937,0.6831,0.5826,0.5293,0.3179,0.4785,0.2604,0.5267,0.3056,0.2083,0.1622,0.3491,
1.0,0.9985,0.9671,0.9656,0.9708,0.9977,0.9952,0.9894,0.9835,0.9244,0.7392,0.9314,0.9089,0.8411,0.8047,0.8579,0.6882,0.8283,0.9403,0.7888,0.6125,0.9521,0.7143,0.6231,0.5939,0.6188,0.8544,0.5648,0.6121,0.7839,0.5097,0.5493,0.3793,0.5826,0.6739,0.576,0.5231,0.3152,0.473,0.2582,0.5245,0.3101,0.2166,0.1582,0.3507,
1.0,0.9989,0.9685,0.9674,0.9678,0.9973,0.9956,0.9912,0.9846,0.9243,0.7398,0.9291,0.9081,0.8437,0.8055,0.855,0.6923,0.8291,0.9402,0.7823,0.6148,0.9501,0.7179,0.6264,0.6028,0.6171,0.859,0.5722,0.6244,0.7823,0.501,0.5613,0.3892,0.5951,0.6809,0.5803,0.5292,0.3197,0.4842,0.2768,0.5367,0.3134,0.2046,0.1706,0.3625,
1.0,0.9992,0.9683,0.9675,0.9704,0.9975,0.9953,0.9909,0.9861,0.9227,0.7397,0.9328,0.9073,0.8426,0.8056,0.8552,0.6868,0.8288,0.9408,0.7788,0.6105,0.9513,0.7145,0.6223,0.5986,0.6137,0.8507,0.564,0.6134,0.7778,0.5057,0.5503,0.3863,0.5906,0.6735,0.579,0.517,0.321,0.4746,0.2566,0.5233,0.3087,0.2046,0.1674,0.3545,
1.0,0.9988,0.9678,0.9666,0.9714,0.9978,0.9955,0.9895,0.9831,0.9216,0.7391,0.9315,0.9042,0.8437,0.8011,0.8547,0.6843,0.8299,0.9393,0.7788,0.6156,0.9538,0.7247,0.6279,0.6115,0.6138,0.8557,0.5704,0.6203,0.7814,0.5058,0.5579,0.3941,0.5946,0.6792,0.5837,0.5151,0.3265,0.4727,0.2603,0.5244,0.3121,0.2122,0.1627,0.3499,
1.0,0.9988,0.9669,0.9657,0.9696,0.9973,0.9949,0.9896,0.9846,0.922,0.7395,0.9308,0.9063,0.8433,0.8045,0.8539,0.6917,0.8303,0.9439,0.7839,0.6181,0.9524,0.7228,0.6285,0.6027,0.6143,0.8633,0.569,0.6126,0.7771,0.4914,0.5486,0.3846,0.5916,0.6715,0.5728,0.5155,0.3103,0.4834,0.257,0.5237,0.3006,0.1947,0.1573,0.3576,
1.0,0.9986,0.9696,0.9682,0.9708,0.997,0.9945,0.9905,0.9844,0.9143,0.7311,0.9329,0.898,0.8429,0.8006,0.8486,0.6819,0.8297,0.9419,0.7703,0.6109,0.9552,0.7138,0.6305,0.613,0.6128,0.8464,0.5665,0.6172,0.7645,0.4897,0.5547,0.3867,0.6013,0.6865,0.5814,0.5198,0.3151,0.4731,0.2597,0.5212,0.3038,0.2089,0.1695,0.3575,
1.0,0.9985,0.9684,0.9669,0.9698,0.9974,0.9953,0.9899,0.9826,0.9201,0.729,0.9305,0.9029,0.8379,0.7961,0.8519,0.675,0.825,0.938,0.772,0.6086,0.9571,0.7303,0.6234,0.6128,0.6056,0.852,0.5664,0.6178,0.7816,0.5083,0.5491,0.3912,0.5849,0.6677,0.5801,0.5204,0.3141,0.4724,0.2566,0.5164,0.308,0.2109,0.1628,0.342,
1.0,0.9989,0.968,0.9669,0.9721,0.9971,0.9946,0.9907,0.9869,0.9215,0.7413,0.933,0.9051,0.8428,0.8069,0.8562,0.6929,0.8303,0.9445,0.7856,0.6134,0.9513,0.7172,0.6276,0.6027,0.6186,0.8588,0.5653,0.6162,0.7809,0.5001,0.5543,0.3845,0.5899,0.6813,0.5818,0.5276,0.3109,0.4778,0.2669,0.5267,0.3038,0.2056,0.1571,0.3618,
1.0,0.9991,0.9661,0.9652,0.9699,0.9969,0.9949,0.9904,0.9847,0.9234,0.7352,0.9298,0.9066,0.8373,0.801,0.8545,0.6856,0.8232,0.9359,0.7836,0.6049,0.9512,0.7217,0.6167,0.604,0.6098,0.8566,0.564,0.6197,0.7842,0.5092,0.5468,0.3847,0.5876,0.6707,0.5812,0.5196,0.3105,0.4745,0.261,0.5242,0.3141,0.2106,0.1645,0.348,
1.0,0.9983,0.9701,0.9684,0.968,0.9976,0.9955,0.9912,0.985,0.9264,0.7391,0.9312,0.9117,0.8399,0.8024,0.859,0.687,0.8267,0.9457,0.7825,0.6207,0.9582,0.7271,0.6251,0.6096,0.6213,0.8563,0.5714,0.6252,0.7828,0.5076,0.5612,0.3844,0.5933,0.6859,0.592,0.5314,0.3153,0.4774,0.2647,0.5275,0.3059,0.2099,0.1653,0.3506,
1.0,0.9988,0.9664,0.9652,0.9685,0.9973,0.9952,0.9918,0.9873,0.9242,0.7403,0.927,0.9082,0.8411,0.8025,0.8518,0.6858,0.8307,0.9429,0.7754,0.6173,0.9558,0.7323,0.6277,0.6151,0.6183,0.8586,0.5695,0.6248,0.7816,0.499,0.5597,0.4012,0.6031,0.682,0.5901,0.5229,0.3255,0.4865,0.2664,0.5243,0.3106,0.2066,0.1724,0.3638,
1.0,0.9985,0.967,0.9655,0.9686,0.9962,0.9934,0.989,0.9826,0.9295,0.7418,0.9298,0.9118,0.8441,0.8049,0.8597,0.6876,0.8302,0.9437,0.79,0.6273,0.952,0.7337,0.6292,0.6097,0.6256,0.8573,0.575,0.6266,0.7852,0.5108,0.5565,0.386,0.5903,0.6802,0.5947,0.5259,0.3236,0.4803,0.27,0.5257,0.3171,0.2156,0.1624,0.3574,
1.0,0.999,0.9661,0.9651,0.9693,0.9976,0.9959,0.9911,0.9838,0.9213,0.7299,0.9273,0.904,0.8374,0.796,0.85,0.68,0.8235,0.9417,0.7789,0.6065,0.9509,0.7147,0.6223,0.6041,0.6113,0.8562,0.5699,0.6147,0.7805,0.4972,0.5566,0.3843,0.5864,0.6734,0.5737,0.5209,0.3191,0.473,0.2574,0.5201,0.3102,0.2055,0.1594,0.3538,
1.0,0.999,0.9653,0.9643,0.9695,0.9973,0.9954,0.9917,0.9854,0.9246,0.7321,0.9282,0.9089,0.8316,0.7917,0.8552,0.6731,0.8181,0.9388,0.7797,0.6035,0.9553,0.7193,0.6126,0.6015,0.6065,0.8545,0.5582,0.6146,0.7807,0.505,0.5442,0.3892,0.592,0.6741,0.581,0.522,0.3086,0.4806,0.2573,0.5178,0.3209,0.2085,0.1629,0.3543,
1.0,0.9983,0.9684,0.9667,0.9726,0.9963,0.9934,0.99,0.9837,0.9247,0.7378,0.9342,0.9082,0.8375,0.7997,0.8603,0.6875,0.8232,0.9384,0.7924,0.6129,0.9538,0.7247,0.622,0.6087,0.6171,0.8604,0.5672,0.6223,0.7808,0.5026,0.5489,0.3834,0.5946,0.6801,0.5848,0.5336,0.31,0.4832,0.2709,0.5374,0.3109,0.2176,0.1681,0.363,
1.0,0.9985,0.9666,0.9651,0.9687,0.997,0.9948,0.9919,0.9854,0.9222,0.7339,0.9276,0.9072,0.8385,0.8005,0.8514,0.6841,0.8254,0.9426,0.7798,0.6138,0.9562,0.7282,0.6273,0.6139,0.6147,0.8592,0.5663,0.6195,0.7805,0.5035,0.5525,0.399,0.597,0.677,0.5874,0.5271,0.3155,0.4892,0.2586,0.5286,0.3142,0.2075,0.1705,0.3609,
1.0,0.9986,0.9676,0.9662,0.968,0.9962,0.994,0.99,0.9848,0.9245,0.7393,0.929,0.9075,0.8437,0.803,0.8546,0.6862,0.8307,0.94,0.7801,0.611,0.9547,0.7223,0.6227,0.6009,0.614,0.8518,0.5719,0.6157,0.7764,0.5065,0.5505,0.3829,0.5852,0.6792,0.5822,0.5182,0.319,0.4795,0.2526,0.5287,0.3118,0.2106,0.1562,0.3515,
1.0,0.9986,0.9668,0.9654,0.9693,0.9963,0.9938,0.9898,0.9842,0.9236,0.7332,0.9307,0.9086,0.838,0.7965,0.8558,0.6765,0.8245,0.9418,0.7801,0.6157,0.9508,0.729,0.6248,0.6058,0.6066,0.8563,0.5625,0.6247,0.779,0.5013,0.5454,0.3885,0.5873,0.6719,0.5918,0.5245,0.3104,0.4759,0.2629,0.5112,0.3078,0.2058,0.1635,0.3506,
1.0,0.9993,0.9648,0.9641,0.9698,0.9984,0.9967,0.9912,0.9876,0.9277,0.7439,0.9288,0.9132,0.8424,0.8086,0.8592,0.6868,0.8308,0.9399,0.7856,0.6144,0.9532,0.7243,0.6212,0.596,0.6166,0.8533,0.5632,0.6212,0.7856,0.5033,0.5495,0.3847,0.5825,0.6787,0.5878,0.5255,0.3151,0.482,0.2683,0.5264,0.3129,0.2135,0.1667,0.3561,
1.0,0.9991,0.9688,0.9679,0.9691,0.997,0.9953,0.9914,0.9849,0.9246,0.7352,0.931,0.9081,0.837,0.7967,0.8568,0.6807,0.824,0.9437,0.781,0.616,0.954,0.727,0.6272,0.6102,0.6169,0.8546,0.5714,0.6253,0.7828,0.5006,0.5591,0.392,0.598,0.6803,0.5895,0.5278,0.3204,0.4809,0.2651,0.5283,0.3143,0.2107,0.1769,0.3606,
1.0,0.999,0.9662,0.9652,0.9699,0.997,0.9945,0.9894,0.9835,0.9279,0.7466,0.93,0.9113,0.8477,0.8083,0.8598,0.689,0.8337,0.9425,0.7866,0.6228,0.9512,0.7269,0.6321,0.6056,0.6245,0.8528,0.5752,0.6276,0.782,0.5106,0.5567,0.3847,0.5868,0.6728,0.5902,0.5271,0.3201,0.4807,0.2689,0.5276,0.3177,0.2142,0.1672,0.36,
1.0,0.9992,0.9646,0.9638,0.9677,0.9976,0.9958,0.9902,0.9856,0.9208,0.7264,0.9266,0.9052,0.8324,0.7929,0.849,0.6785,0.8196,0.9408,0.7798,0.6025,0.9524,0.7199,0.6114,0.5933,0.5957,0.8582,0.5575,0.6213,0.7732,0.4963,0.5388,0.374,0.5933,0.6836,0.5837,0.5254,0.3072,0.481,0.2552,0.5303,0.305,0.2071,0.1601,0.3606,
1.0,0.9991,0.9656,0.9647,0.9698,0.9971,0.9948,0.9902,0.9854,0.9198,0.7305,0.9293,0.903,0.8379,0.8027,0.851,0.6811,0.8251,0.9401,0.7801,0.6077,0.9535,0.721,0.6211,0.614,0.6164,0.8549,0.5701,0.617,0.7829,0.4979,0.5568,0.3853,0.5907,0.6737,0.5796,0.5193,0.3171,0.4846,0.2582,0.5304,0.3073,0.2086,0.1627,0.3531,
1.0,0.9987,0.9667,0.9654,0.9705,0.9974,0.9954,0.9905,0.9854,0.9261,0.7457,0.9305,0.9101,0.8463,0.8082,0.8574,0.6881,0.835,0.9404,0.7824,0.615,0.9529,0.7228,0.6259,0.6022,0.6201,0.853,0.5732,0.6197,0.7867,0.5111,0.5588,0.3928,0.5862,0.6726,0.583,0.526,0.3233,0.4831,0.2645,0.5205,0.3161,0.2082,0.1686,0.3609,
1.0,0.9989,0.9665,0.9654,0.9731,0.998,0.9958,0.9909,0.9868,0.9262,0.7493,0.9328,0.9106,0.8459,0.8085,0.8611,0.6913,0.8339,0.9435,0.7863,0.6176,0.9543,0.7237,0.6314,0.61,0.6263,0.8571,0.5727,0.6167,0.7882,0.5077,0.5559,0.3897,0.5864,0.6746,0.5797,0.5217,0.3257,0.4789,0.2587,0.529,0.3155,0.2057,0.1612,0.3565,
1.0,0.999,0.9637,0.9627,0.9662,0.9972,0.9953,0.9903,0.984,0.9217,0.7256,0.9236,0.9054,0.8334,0.7936,0.8466,0.6713,0.8203,0.9414,0.7735,0.6025,0.9517,0.716,0.6124,0.5923,0.6049,0.85,0.5628,0.6106,0.7763,0.4961,0.5402,0.3772,0.5749,0.659,0.5727,0.5111,0.3126,0.4808,0.2434,0.5232,0.3087,0.1967,0.1633,0.3436,
1.0,0.9996,0.9667,0.9663,0.9699,0.9974,0.9958,0.991,0.987,0.9202,0.7378,0.9289,0.9026,0.8398,0.8054,0.8507,0.6857,0.8273,0.9431,0.7771,0.613,0.9494,0.7193,0.6318,0.6055,0.618,0.853,0.5673,0.6171,0.7845,0.5042,0.5561,0.3867,0.5866,0.6797,0.5834,0.5239,0.3195,0.4734,0.2561,0.5284,0.3085,0.211,0.1656,0.3526,
1.0,0.9987,0.9664,0.9651,0.9705,0.9971,0.9945,0.9918,0.9862,0.9215,0.7354,0.9291,0.9052,0.8385,0.8002,0.8523,0.6787,0.8249,0.9439,0.7752,0.6107,0.9559,0.7239,0.6245,0.6135,0.6163,0.8523,0.5673,0.621,0.7825,0.5047,0.552,0.392,0.5952,0.6764,0.5881,0.5212,0.3182,0.4781,0.2569,0.5187,0.3149,0.2113,0.1643,0.3547,
1.0,0.9987,0.9663,0.965,0.9691,0.9978,0.995,0.9883,0.9842,0.9206,0.7312,0.9296,0.9042,0.8395,0.8021,0.8515,0.6828,0.8261,0.9414,0.782,0.6083,0.9523,0.7214,0.6234,0.6062,0.6083,0.8544,0.5671,0.6179,0.7776,0.5034,0.5491,0.3799,0.5909,0.6754,0.5917,0.5229,0.3109,0.4766,0.2594,0.5185,0.3092,0.2015,0.1623,0.3525,
1.0,0.9986,0.9661,0.9647,0.9689,0.9971,0.9948,0.9909,0.9861,0.9251,0.7385,0.9287,0.9104,0.8415,0.8042,0.8548,0.6801,0.8297,0.94,0.7778,0.6105,0.955,0.7214,0.6213,0.6041,0.6158,0.8505,0.5659,0.6183,0.7816,0.5024,0.552,0.3819,0.5903,0.6763,0.583,0.5228,0.3145,0.4785,0.2602,0.5177,0.3117,0.2061,0.1618,0.3568,
1.0,0.9993,0.9704,0.9697,0.9692,0.9971,0.9955,0.9899,0.984,0.9271,0.7398,0.9331,0.9097,0.8411,0.8024,0.8604,0.6872,0.8278,0.9398,0.7844,0.6143,0.952,0.7282,0.6269,0.6144,0.618,0.8559,0.5713,0.6282,0.7865,0.508,0.5556,0.3894,0.5886,0.6759,0.5851,0.5123,0.3177,0.4812,0.2611,0.5192,0.3137,0.2099,0.1651,0.354,
1.0,0.9992,0.9683,0.9675,0.967,0.9962,0.9948,0.9925,0.9861,0.9221,0.7371,0.9289,0.9062,0.843,0.8032,0.8525,0.6869,0.8295,0.9395,0.777,0.6153,0.952,0.723,0.6262,0.6047,0.6056,0.86,0.5649,0.6219,0.7743,0.5007,0.5447,0.3899,0.591,0.665,0.5771,0.5167,0.317,0.4894,0.2649,0.5276,0.3047,0.2014,0.1646,0.359,
1.0,0.9995,0.9655,0.965,0.967,0.9968,0.9954,0.9915,0.9854,0.9197,0.7311,0.9266,0.904,0.8382,0.8005,0.8476,0.6836,0.8246,0.9387,0.7773,0.61,0.9508,0.7195,0.623,0.6051,0.6084,0.8587,0.5712,0.6211,0.7786,0.4975,0.5525,0.3828,0.5844,0.6679,0.575,0.5211,0.3137,0.4752,0.2668,0.523,0.2975,0.198,0.1634,0.352,
1.0,0.9992,0.9664,0.9656,0.9708,0.9978,0.9962,0.9915,0.986,0.9208,0.7348,0.93,0.9059,0.8359,0.7994,0.8527,0.6865,0.8217,0.9376,0.7842,0.6052,0.9555,0.7225,0.6174,0.6083,0.6064,0.8594,0.5633,0.6172,0.7834,0.498,0.5463,0.3886,0.5906,0.6763,0.5822,0.5255,0.3137,0.4804,0.266,0.5244,0.3071,0.2029,0.1682,0.3538,
1.0,0.9987,0.9662,0.9649,0.9698,0.9969,0.9945,0.9916,0.9865,0.9217,0.7398,0.9299,0.9073,0.8445,0.8093,0.8529,0.6888,0.8315,0.9381,0.7827,0.6214,0.955,0.7313,0.6324,0.6184,0.6172,0.8564,0.5727,0.628,0.7833,0.5051,0.5535,0.3977,0.5923,0.6679,0.5958,0.5326,0.3196,0.4879,0.2805,0.5201,0.3166,0.2076,0.1768,0.3598,
1.0,0.9988,0.9678,0.9666,0.9704,0.9971,0.9952,0.9902,0.9857,0.9239,0.7434,0.9316,0.9075,0.8455,0.8077,0.8568,0.6913,0.8348,0.9423,0.7842,0.618,0.953,0.7251,0.6304,0.6004,0.6152,0.8552,0.5728,0.6244,0.7814,0.506,0.5593,0.3831,0.5882,0.6794,0.581,0.5238,0.3182,0.4763,0.2616,0.5316,0.3099,0.2138,0.1614,0.3598,
1.0,0.9988,0.9661,0.9649,0.9718,0.998,0.9958,0.9907,0.985,0.9263,0.7405,0.9306,0.9102,0.8391,0.7984,0.8591,0.6813,0.827,0.946,0.7845,0.6161,0.9573,0.724,0.6266,0.6099,0.6222,0.8563,0.5718,0.6231,0.7847,0.5064,0.5575,0.3962,0.6074,0.6799,0.5865,0.5239,0.3112,0.4814,0.2596,0.5206,0.3182,0.209,0.1648,0.3634,
1.0,0.9987,0.9658,0.9645,0.9693,0.9968,0.9945,0.9897,0.9839,0.919,0.737,0.9295,0.9026,0.8456,0.8053,0.8492,0.6905,0.8313,0.9384,0.7792,0.6172,0.9481,0.7187,0.6312,0.606,0.612,0.8577,0.5699,0.6231,0.7722,0.4946,0.5521,0.3958,0.5934,0.6715,0.5845,0.5215,0.317,0.4834,0.2657,0.5213,0.3109,0.2031,0.167,0.364,
1.0,0.9996,0.9693,0.9689,0.9698,0.9974,0.9959,0.9908,0.9854,0.918,0.7355,0.932,0.901,0.8428,0.8047,0.8515,0.6901,0.8283,0.9355,0.7779,0.6028,0.9519,0.7123,0.6221,0.6011,0.6086,0.8545,0.5666,0.6144,0.776,0.4995,0.5472,0.381,0.5842,0.6785,0.5718,0.521,0.3157,0.4764,0.2566,0.5289,0.3151,0.2054,0.1593,0.3522,
1.0,0.9979,0.9669,0.9648,0.9728,0.9964,0.9932,0.9893,0.9835,0.923,0.7322,0.9321,0.9059,0.8344,0.7951,0.8559,0.6779,0.8216,0.9385,0.7854,0.6044,0.9496,0.7251,0.621,0.61,0.6125,0.8547,0.5612,0.6232,0.7855,0.5076,0.5509,0.3909,0.5918,0.6693,0.5822,0.5155,0.3145,0.475,0.2604,0.5224,0.3147,0.2131,0.1653,0.3497,
1.0,0.9987,0.9683,0.967,0.9687,0.9972,0.9951,0.9908,0.9839,0.9245,0.7349,0.9309,0.9096,0.8409,0.8012,0.8559,0.6784,0.8265,0.9381,0.7774,0.6123,0.9507,0.7199,0.6223,0.5999,0.6125,0.8488,0.56,0.6166,0.7766,0.5018,0.5428,0.3834,0.5795,0.6668,0.5775,0.5156,0.3141,0.4668,0.253,0.5139,0.3043,0.2015,0.162,0.3333,
1.0,0.999,0.9661,0.9651,0.9674,0.9973,0.995,0.9897,0.9844,0.9208,0.7373,0.9268,0.9038,0.8445,0.8034,0.8491,0.6866,0.8319,0.938,0.7738,0.6144,0.9527,0.723,0.6249,0.6056,0.614,0.8556,0.5702,0.6148,0.7684,0.488,0.55,0.3882,0.5854,0.669,0.5761,0.5187,0.3157,0.479,0.2592,0.5211,0.2988,0.204,0.1692,0.3527,
1.0,0.9985,0.967,0.9655,0.9693,0.9975,0.995,0.99,0.9845,0.9225,0.7289,0.9286,0.9062,0.8349,0.7982,0.8524,0.6831,0.821,0.9405,0.7847,0.6052,0.9531,0.7189,0.6159,0.602,0.6121,0.8598,0.564,0.6121,0.7807,0.5066,0.5522,0.3921,0.5873,0.6792,0.5773,0.5239,0.3082,0.4782,0.2573,0.5261,0.3147,0.2084,0.1618,0.3458,
1.0,0.9993,0.9675,0.9668,0.9714,0.9974,0.9955,0.9911,0.9876,0.9186,0.7373,0.9338,0.9038,0.842,0.8077,0.8537,0.6882,0.8295,0.9427,0.7804,0.6108,0.9506,0.7151,0.6259,0.6036,0.6125,0.8549,0.564,0.6208,0.7795,0.5028,0.5531,0.3895,0.5987,0.6831,0.5853,0.5246,0.3136,0.478,0.2634,0.5252,0.3139,0.2101,0.1629,0.3595,
1.0,0.999,0.9687,0.9677,0.9698,0.9968,0.9946,0.9904,0.9856,0.9175,0.7308,0.9324,0.9012,0.8399,0.8019,0.8509,0.6857,0.826,0.9437,0.7772,0.6071,0.9529,0.7149,0.6264,0.6022,0.607,0.8573,0.5663,0.612,0.7752,0.4956,0.5489,0.3803,0.5929,0.6845,0.5773,0.5242,0.3125,0.4782,0.2527,0.5243,0.3074,0.1998,0.1602,0.3549,
1.0,0.9991,0.9674,0.9665,0.9679,0.9975,0.9958,0.991,0.984,0.9255,0.7301,0.9299,0.9113,0.8331,0.7949,0.8566,0.6817,0.8195,0.9409,0.7858,0.612,0.9543,0.7297,0.622,0.6057,0.6086,0.8592,0.5634,0.6279,0.7851,0.5073,0.5446,0.3814,0.5875,0.6773,0.5907,0.5263,0.3085,0.4805,0.2655,0.5269,0.3125,0.2193,0.1643,0.3508,
1.0,0.9989,0.9661,0.965,0.9674,0.9967,0.9941,0.9886,0.9848,0.9253,0.7389,0.9273,0.9075,0.8437,0.8035,0.8532,0.6844,0.831,0.9442,0.7785,0.6163,0.9512,0.7244,0.6257,0.6067,0.6172,0.8521,0.5732,0.6268,0.7817,0.5058,0.5622,0.382,0.5918,0.6808,0.5881,0.5205,0.312,0.4854,0.2629,0.5213,0.3104,0.2041,0.1599,0.3548,
1.0,0.9986,0.9692,0.9678,0.9704,0.9973,0.9948,0.9905,0.9847,0.9264,0.7417,0.9312,0.9094,0.8413,0.8009,0.8579,0.6886,0.8267,0.9405,0.7866,0.614,0.9496,0.7218,0.6272,0.6066,0.6161,0.8587,0.5643,0.6266,0.7817,0.5026,0.5523,0.3898,0.5901,0.6728,0.5849,0.5233,0.3147,0.4743,0.2694,0.5229,0.3128,0.209,0.1671,0.3534,
1.0,0.9985,0.9659,0.9644,0.9718,0.9971,0.994,0.99,0.9837,0.9239,0.7367,0.9317,0.9082,0.8403,0.8024,0.8567,0.6837,0.8229,0.9344,0.7889,0.606,0.9521,0.7192,0.6166,0.6029,0.6143,0.855,0.5672,0.619,0.7854,0.4997,0.5509,0.3785,0.5822,0.6632,0.5812,0.5151,0.3063,0.4758,0.2621,0.5127,0.3035,0.1974,0.1541,0.3516,
1.0,0.9994,0.9697,0.9691,0.9682,0.9983,0.9971,0.9922,0.9867,0.923,0.738,0.9315,0.9081,0.8422,0.8027,0.8558,0.6875,0.8302,0.9445,0.7757,0.6136,0.9555,0.7204,0.6274,0.5993,0.6115,0.855,0.5626,0.6204,0.7738,0.5022,0.554,0.3897,0.5909,0.6803,0.5786,0.523,0.3145,0.4784,0.2617,0.5283,0.3107,0.2072,0.1609,0.3543,
1.0,0.9986,0.9712,0.9698,0.9664,0.9974,0.9949,0.9905,0.9849,0.926,0.7382,0.9307,0.9105,0.843,0.8036,0.8576,0.6864,0.829,0.94,0.778,0.6175,0.9546,0.7249,0.6261,0.6055,0.6134,0.8522,0.5655,0.6269,0.7772,0.5033,0.5552,0.3875,0.5923,0.6778,0.5897,0.5184,0.317,0.4751,0.2639,0.5242,0.311,0.2051,0.1679,0.3503,
1.0,0.9991,0.9666,0.9657,0.9698,0.9972,0.9953,0.9903,0.9846,0.9219,0.7347,0.93,0.9055,0.8398,0.8001,0.8548,0.6872,0.8262,0.9424,0.782,0.6128,0.9504,0.7215,0.625,0.6049,0.612,0.8587,0.5739,0.623,0.7827,0.5123,0.5629,0.3955,0.5969,0.6744,0.577,0.5268,0.3269,0.4763,0.2636,0.521,0.3118,0.2118,0.1683,0.3574,
1.0,0.9991,0.9683,0.9674,0.97,0.9968,0.9945,0.9885,0.9826,0.9266,0.7381,0.9316,0.9081,0.8418,0.8011,0.8584,0.6865,0.8277,0.9405,0.7865,0.6163,0.9508,0.7264,0.6264,0.6071,0.6174,0.8505,0.57,0.6258,0.7818,0.5024,0.5494,0.3827,0.5885,0.6731,0.5882,0.5208,0.312,0.478,0.2644,0.5226,0.3075,0.2123,0.1613,0.3516,
1.0,0.999,0.9682,0.9672,0.9687,0.9968,0.995,0.992,0.9853,0.9199,0.74,0.9313,0.9056,0.848,0.8127,0.8531,0.6951,0.8346,0.943,0.7808,0.6153,0.9544,0.717,0.6297,0.5987,0.6189,0.8565,0.5771,0.6155,0.7767,0.4998,0.5584,0.381,0.5828,0.6824,0.5799,0.524,0.322,0.4754,0.2599,0.5274,0.3035,0.2131,0.1605,0.3567,
1.0,0.9996,0.97,0.9696,0.9688,0.997,0.9955,0.9912,0.9866,0.9238,0.7417,0.9321,0.9067,0.8453,0.8084,0.8577,0.6948,0.8333,0.9424,0.7823,0.6199,0.9537,0.7277,0.6343,0.6115,0.6175,0.8555,0.5736,0.6224,0.7837,0.5082,0.5627,0.3984,0.5947,0.6786,0.5855,0.5166,0.3191,0.4781,0.264,0.5244,0.3137,0.2082,0.1633,0.3583,
1.0,0.9986,0.9695,0.9681,0.9708,0.9964,0.9938,0.9899,0.9856,0.9171,0.73,0.9343,0.9009,0.8366,0.7998,0.8529,0.6813,0.8228,0.9417,0.776,0.6093,0.9507,0.7238,0.6275,0.6157,0.6137,0.8544,0.5667,0.6195,0.776,0.4996,0.5511,0.3964,0.5926,0.6705,0.5832,0.5251,0.3142,0.4774,0.2577,0.5217,0.3036,0.1994,0.1741,0.3471,
1.0,0.999,0.9669,0.9659,0.9696,0.9979,0.9958,0.99,0.9868,0.9206,0.738,0.9292,0.9038,0.841,0.8036,0.8523,0.6905,0.8301,0.9422,0.7817,0.605,0.9537,0.7179,0.6195,0.603,0.6105,0.8573,0.5676,0.6178,0.7767,0.5019,0.5504,0.3877,0.5889,0.6772,0.5754,0.5166,0.3186,0.4744,0.257,0.5204,0.309,0.2046,0.1635,0.3574,
1.0,0.9985,0.9678,0.9663,0.9691,0.9979,0.9952,0.9901,0.9841,0.9255,0.7353,0.9298,0.9097,0.8359,0.7962,0.8573,0.675,0.821,0.9361,0.7762,0.6104,0.9545,0.725,0.6213,0.6069,0.6096,0.8468,0.5567,0.6266,0.7823,0.5026,0.5512,0.3874,0.5961,0.6766,0.5833,0.5136,0.3105,0.4804,0.2582,0.5229,0.316,0.2093,0.1632,0.3585,
1.0,0.9996,0.966,0.9656,0.9702,0.9978,0.9959,0.9908,0.9847,0.9186,0.7288,0.9309,0.9027,0.8355,0.7961,0.8507,0.6763,0.8196,0.9362,0.7757,0.6012,0.9517,0.7184,0.6151,0.6018,0.6025,0.8568,0.5533,0.6072,0.7742,0.4938,0.5386,0.3862,0.5859,0.6694,0.5701,0.5168,0.3043,0.4777,0.2542,0.527,0.3029,0.2005,0.1578,0.3485,
1.0,0.9989,0.9697,0.9686,0.9686,0.997,0.9951,0.9902,0.9839,0.9269,0.7327,0.9314,0.9103,0.8321,0.7926,0.8598,0.678,0.8188,0.941,0.7847,0.6105,0.951,0.7272,0.6221,0.6121,0.6171,0.8583,0.5662,0.6294,0.7812,0.5027,0.5538,0.3891,0.5927,0.6818,0.5858,0.5229,0.3156,0.4775,0.2654,0.5314,0.3057,0.2081,0.1694,0.3495,
1.0,0.9982,0.9671,0.9653,0.9711,0.9979,0.9953,0.9908,0.9856,0.9238,0.7352,0.9324,0.911,0.8338,0.7943,0.8579,0.6718,0.8223,0.9433,0.7765,0.6077,0.9561,0.7233,0.616,0.608,0.6139,0.8548,0.5634,0.6152,0.7841,0.5086,0.5476,0.3951,0.5895,0.6809,0.5857,0.5253,0.3189,0.4778,0.2522,0.5208,0.3203,0.2139,0.1678,0.3466,
1.0,0.9988,0.9709,0.9697,0.9689,0.9965,0.9941,0.9905,0.9852,0.9237,0.7314,0.9324,0.9066,0.8366,0.7971,0.8565,0.6815,0.8227,0.9384,0.7769,0.6013,0.9536,0.7178,0.6153,0.6124,0.6114,0.8523,0.5572,0.6168,0.7774,0.5001,0.5505,0.3942,0.5985,0.6816,0.5798,0.5189,0.317,0.4817,0.2523,0.5307,0.313,0.2075,0.1668,0.3524,
1.0,0.9987,0.9682,0.9669,0.9689,0.9979,0.9961,0.9901,0.9846,0.9214,0.7356,0.9299,0.9056,0.8428,0.8036,0.8516,0.6878,0.8293,0.9389,0.7782,0.6076,0.9487,0.7132,0.6198,0.5903,0.6104,0.8548,0.5666,0.6144,0.7792,0.4994,0.5538,0.3836,0.5835,0.6726,0.5651,0.5154,0.312,0.4686,0.2594,0.5274,0.3048,0.2117,0.1587,0.352,
1.0,0.9995,0.9617,0.9612,0.9713,0.9978,0.9964,0.9915,0.986,0.9249,0.7414,0.928,0.9105,0.8395,0.8017,0.8546,0.6786,0.8255,0.9394,0.7824,0.6151,0.9507,0.7224,0.6196,0.6009,0.6145,0.8541,0.5604,0.6178,0.7788,0.4972,0.5419,0.3905,0.5841,0.6652,0.583,0.5159,0.3135,0.4762,0.261,0.5155,0.3024,0.197,0.1643,0.3535,
1.0,0.999,0.9676,0.9666,0.9701,0.9973,0.995,0.9897,0.9846,0.9219,0.7352,0.9311,0.9046,0.8389,0.7987,0.8536,0.6827,0.8257,0.9398,0.7808,0.6097,0.9519,0.7215,0.6246,0.6067,0.6095,0.8546,0.5606,0.6202,0.7794,0.5009,0.5496,0.3825,0.5927,0.6775,0.5806,0.5143,0.3136,0.4755,0.2588,0.5264,0.3063,0.2093,0.1553,0.3586,
1.0,0.9989,0.9713,0.9702,0.9701,0.9979,0.9952,0.9887,0.9849,0.9239,0.7384,0.9352,0.907,0.8403,0.8025,0.8598,0.6908,0.8277,0.9417,0.7867,0.607,0.9529,0.717,0.6209,0.6038,0.6115,0.8586,0.5664,0.6196,0.7822,0.4955,0.5507,0.3729,0.5966,0.6825,0.581,0.5256,0.3003,0.4835,0.2558,0.5276,0.3041,0.2095,0.1636,0.359,
1.0,0.9987,0.9682,0.9669,0.97,0.9967,0.994,0.9905,0.9871,0.9266,0.7408,0.9306,0.9097,0.8381,0.7985,0.8576,0.6818,0.8253,0.941,0.7769,0.6104,0.9515,0.7217,0.6188,0.6011,0.612,0.8511,0.5619,0.6177,0.7816,0.5003,0.548,0.3858,0.5954,0.6704,0.5771,0.5173,0.3079,0.4743,0.2598,0.5128,0.3053,0.206,0.1599,0.3505,
1.0,0.999,0.9691,0.9681,0.9682,0.9973,0.9955,0.9904,0.9848,0.922,0.7261,0.9297,0.9043,0.8309,0.7939,0.852,0.6853,0.8188,0.9427,0.7856,0.5996,0.9515,0.711,0.6109,0.6028,0.608,0.8589,0.5675,0.6208,0.7796,0.5073,0.5494,0.381,0.5881,0.6741,0.5752,0.5198,0.315,0.482,0.2592,0.5319,0.3101,0.2075,0.1602,0.3563,
1.0,0.9986,0.9687,0.9673,0.9726,0.9976,0.9954,0.9916,0.9868,0.9207,0.7428,0.9355,0.9069,0.847,0.8146,0.8572,0.7007,0.8354,0.9372,0.7892,0.6054,0.9569,0.7134,0.6245,0.6032,0.6188,0.8588,0.5697,0.6096,0.7842,0.5123,0.5526,0.3927,0.5867,0.6742,0.5653,0.512,0.3252,0.4834,0.2533,0.5257,0.3116,0.2111,0.1537,0.3593,
1.0,0.9987,0.9674,0.9661,0.9695,0.9971,0.995,0.9907,0.9852,0.9256,0.7401,0.9296,0.909,0.8413,0.8051,0.8566,0.6872,0.8279,0.9419,0.7851,0.6155,0.9516,0.7206,0.6275,0.6005,0.6214,0.8525,0.5723,0.62,0.7843,0.5118,0.5556,0.3878,0.5767,0.6726,0.5858,0.5211,0.3245,0.4687,0.2614,0.5182,0.309,0.2112,0.1619,0.3472,
1.0,0.9985,0.9667,0.9652,0.9695,0.9978,0.9951,0.9916,0.9863,0.9253,0.7405,0.9297,0.9114,0.8432,0.8082,0.8571,0.6877,0.8309,0.9435,0.7832,0.6205,0.9523,0.7236,0.6295,0.6012,0.6206,0.8565,0.5807,0.621,0.7904,0.5101,0.5636,0.3876,0.5782,0.6683,0.5788,0.5131,0.319,0.4695,0.2619,0.5239,0.3107,0.2049,0.1584,0.3528,
1.0,0.9986,0.9649,0.9635,0.9683,0.9976,0.9957,0.9899,0.9837,0.9233,0.7412,0.9261,0.907,0.8475,0.8068,0.8508,0.6867,0.8353,0.9416,0.7784,0.6183,0.956,0.7228,0.6242,0.5995,0.6129,0.8549,0.5662,0.6089,0.7782,0.5003,0.5463,0.3829,0.5829,0.664,0.5754,0.5168,0.3107,0.4835,0.2583,0.5104,0.3081,0.1978,0.1597,0.3568,
1.0,0.9991,0.9683,0.9674,0.9672,0.9975,0.9954,0.9889,0.9838,0.9182,0.7349,0.9288,0.9005,0.8442,0.8063,0.8487,0.6967,0.8319,0.9423,0.7839,0.6161,0.9505,0.7222,0.6297,0.6071,0.6152,0.8639,0.5842,0.6181,0.7837,0.5095,0.5598,0.3964,0.5967,0.6757,0.5786,0.5266,0.3224,0.4908,0.2639,0.5365,0.324,0.2124,0.1679,0.3657,
1.0,0.9987,0.9669,0.9656,0.9675,0.9967,0.9946,0.9908,0.9852,0.9265,0.7355,0.9265,0.9098,0.8366,0.7994,0.8538,0.6831,0.8227,0.9443,0.7842,0.6133,0.9536,0.7255,0.6192,0.6055,0.614,0.8612,0.5646,0.6178,0.7879,0.5018,0.5482,0.376,0.593,0.682,0.5836,0.5261,0.3131,0.4842,0.2613,0.525,0.3095,0.2075,0.1634,0.3562,
1.0,0.9991,0.9685,0.9676,0.9702,0.9965,0.9947,0.9914,0.9857,0.9236,0.7383,0.9318,0.9065,0.8399,0.8025,0.857,0.6848,0.8267,0.9398,0.7796,0.6083,0.9522,0.7209,0.6226,0.6053,0.6117,0.8551,0.5611,0.615,0.7833,0.4993,0.5512,0.389,0.5944,0.6713,0.5804,0.5229,0.3159,0.4751,0.263,0.5237,0.3065,0.2099,0.1642,0.3566,
1.0,0.999,0.971,0.97,0.9683,0.9968,0.9947,0.99,0.9862,0.9288,0.7397,0.9338,0.9124,0.8385,0.8029,0.8635,0.6917,0.8276,0.9421,0.7917,0.612,0.952,0.7262,0.6189,0.6034,0.6106,0.8614,0.5654,0.6296,0.7842,0.5096,0.5481,0.3815,0.595,0.6855,0.5864,0.5329,0.3121,0.4807,0.2734,0.538,0.3207,0.2175,0.1626,0.3623,
1.0,0.9986,0.9686,0.9672,0.972,0.9976,0.9951,0.99,0.986,0.9242,0.7347,0.934,0.9083,0.8361,0.7997,0.8592,0.6864,0.8254,0.9407,0.789,0.6101,0.9529,0.7265,0.623,0.6081,0.6117,0.857,0.5594,0.6212,0.7846,0.5091,0.5421,0.3962,0.5937,0.6688,0.5889,0.5253,0.3073,0.4837,0.2621,0.5234,0.3196,0.2086,0.1702,0.3541,
1.0,0.999,0.9669,0.9659,0.9717,0.9974,0.9959,0.992,0.9873,0.9247,0.7438,0.9316,0.9097,0.8388,0.8043,0.8574,0.6902,0.8264,0.9434,0.7893,0.6138,0.9558,0.7253,0.6238,0.6019,0.6188,0.8623,0.5687,0.6163,0.7897,0.5144,0.5471,0.3923,0.5857,0.6788,0.5824,0.5236,0.3198,0.4791,0.2621,0.5287,0.3096,0.2102,0.1675,0.3566,
1.0,0.9985,0.9676,0.9661,0.9667,0.9972,0.9949,0.99,0.9858,0.9247,0.7375,0.9273,0.909,0.8406,0.8036,0.8523,0.6891,0.8289,0.9416,0.7828,0.611,0.9513,0.7208,0.6211,0.6013,0.6174,0.8579,0.5703,0.6171,0.7835,0.5076,0.5517,0.3855,0.5903,0.6733,0.5838,0.5205,0.3163,0.478,0.2573,0.5222,0.3144,0.2097,0.1548,0.3589,
1.0,0.999,0.9656,0.9646,0.9693,0.9979,0.9957,0.9906,0.9848,0.9256,0.7332,0.9289,0.9105,0.8338,0.7963,0.8558,0.6831,0.8197,0.9361,0.7892,0.6074,0.9516,0.7202,0.6139,0.5975,0.6021,0.8599,0.5597,0.6192,0.7836,0.4999,0.5387,0.3794,0.5836,0.6648,0.5775,0.5214,0.3069,0.4764,0.2632,0.5234,0.3046,0.2046,0.1524,0.3496,
1.0,0.9992,0.9675,0.9667,0.9682,0.9972,0.9951,0.9911,0.9862,0.9266,0.7371,0.9287,0.9098,0.8385,0.8003,0.8563,0.6866,0.825,0.9399,0.7853,0.6122,0.9521,0.7243,0.621,0.6014,0.6079,0.8586,0.5602,0.618,0.7786,0.5057,0.5426,0.3837,0.5869,0.6757,0.5837,0.5159,0.3135,0.4788,0.263,0.523,0.311,0.2095,0.1557,0.3566,
1.0,0.999,0.9673,0.9663,0.971,0.9976,0.9956,0.9906,0.9848,0.9314,0.7389,0.9311,0.9149,0.8349,0.796,0.863,0.6777,0.8219,0.937,0.7914,0.6123,0.9531,0.7283,0.6176,0.606,0.6145,0.8547,0.5574,0.625,0.7879,0.5061,0.5423,0.3916,0.5864,0.6701,0.5848,0.5253,0.3083,0.4802,0.268,0.5219,0.3146,0.2006,0.165,0.3502,
1.0,0.9992,0.9676,0.9668,0.9674,0.9974,0.9954,0.991,0.9851,0.9302,0.7354,0.9289,0.9145,0.8335,0.7963,0.8609,0.6803,0.8196,0.9408,0.787,0.6061,0.9495,0.7234,0.6109,0.5969,0.6131,0.858,0.5623,0.6185,0.7859,0.5129,0.543,0.3868,0.5876,0.6684,0.5791,0.5184,0.3212,0.4743,0.2467,0.5264,0.3186,0.2098,0.1653,0.3507,
1.0,0.9987,0.9653,0.964,0.9707,0.9971,0.9948,0.9906,0.9852,0.9257,0.7433,0.9302,0.9103,0.8435,0.8075,0.8568,0.6838,0.8296,0.9391,0.7839,0.6142,0.9532,0.7206,0.6198,0.6017,0.6225,0.8534,0.5703,0.6106,0.7861,0.5049,0.5507,0.3768,0.5802,0.6705,0.5816,0.5291,0.3172,0.4719,0.2656,0.5163,0.3059,0.2112,0.162,0.3451,
1.0,0.9992,0.9677,0.9669,0.973,0.9964,0.9946,0.9919,0.9866,0.923,0.7462,0.9329,0.9054,0.8451,0.8063,0.8569,0.6878,0.8321,0.9391,0.7788,0.6082,0.9529,0.7131,0.6231,0.6061,0.623,0.8507,0.5666,0.6107,0.7817,0.5112,0.5574,0.3911,0.5962,0.6823,0.5771,0.5238,0.32,0.4753,0.2557,0.52,0.3134,0.2083,0.1655,0.3515,
1.0,0.999,0.9658,0.9648,0.9715,0.9981,0.9961,0.9903,0.9839,0.9263,0.74,0.9308,0.9108,0.8394,0.7977,0.8578,0.6797,0.8258,0.9371,0.7832,0.6099,0.9505,0.721,0.6183,0.6014,0.6103,0.8532,0.5594,0.619,0.78,0.5077,0.5416,0.3914,0.5887,0.6683,0.5838,0.5156,0.3199,0.4722,0.2571,0.5196,0.3183,0.2122,0.1621,0.3408,
1.0,0.9992,0.9668,0.966,0.9726,0.9981,0.9962,0.9907,0.9871,0.9239,0.7433,0.9313,0.9067,0.8434,0.8056,0.8567,0.6887,0.8318,0.9393,0.7826,0.6063,0.9543,0.716,0.6217,0.6073,0.6182,0.8518,0.5678,0.6125,0.7841,0.5076,0.5584,0.3921,0.5844,0.676,0.575,0.5163,0.3177,0.4752,0.2614,0.5259,0.3077,0.2074,0.1601,0.3415,
1.0,0.998,0.9659,0.9639,0.9695,0.9976,0.9945,0.9884,0.9841,0.9257,0.7397,0.9272,0.9081,0.8438,0.8006,0.8541,0.6834,0.8321,0.9447,0.7796,0.6157,0.9502,0.727,0.6248,0.6096,0.6196,0.8566,0.5752,0.6194,0.7785,0.5027,0.5601,0.3957,0.59,0.6721,0.5787,0.518,0.3231,0.4806,0.2602,0.5268,0.3088,0.1996,0.1627,0.3579,
1.0,0.9991,0.9669,0.966,0.9713,0.9966,0.9946,0.9887,0.9841,0.9261,0.7383,0.9327,0.9085,0.8385,0.7994,0.8611,0.6779,0.8255,0.9337,0.7824,0.6025,0.9484,0.7205,0.6102,0.606,0.6112,0.8546,0.5636,0.6209,0.784,0.5054,0.5453,0.3902,0.5961,0.6745,0.5768,0.5167,0.3182,0.4848,0.2573,0.5316,0.3213,0.2139,0.1607,0.3582,
1.0,0.9989,0.9686,0.9675,0.9704,0.9977,0.9955,0.9915,0.9867,0.9237,0.7376,0.9322,0.9087,0.8394,0.8009,0.857,0.6864,0.8273,0.9453,0.7806,0.6198,0.9566,0.7312,0.6317,0.6178,0.6177,0.8592,0.5731,0.6263,0.7807,0.5071,0.5556,0.4016,0.5936,0.6829,0.5914,0.5337,0.3185,0.4851,0.2641,0.5291,0.3165,0.2078,0.1794,0.3583,
1.0,0.9986,0.9662,0.9648,0.9662,0.9967,0.9943,0.9907,0.9853,0.9237,0.7341,0.9261,0.9077,0.8415,0.805,0.851,0.6827,0.8279,0.9425,0.7774,0.6154,0.9526,0.7246,0.6231,0.6032,0.611,0.853,0.5629,0.6213,0.7777,0.4994,0.5496,0.3853,0.5928,0.6754,0.593,0.5217,0.3176,0.4775,0.2615,0.5137,0.3088,0.2016,0.158,0.3577,
1.0,0.9993,0.9657,0.965,0.9717,0.998,0.996,0.992,0.9864,0.9179,0.7296,0.9322,0.9044,0.8329,0.7972,0.8516,0.68,0.8202,0.9416,0.7806,0.6052,0.9578,0.723,0.6233,0.6112,0.6091,0.8589,0.5715,0.6174,0.7802,0.5019,0.5546,0.3967,0.5984,0.6767,0.5752,0.5202,0.3153,0.4829,0.2555,0.5347,0.3043,0.2107,0.1705,0.3598,
1.0,0.9987,0.9685,0.9672,0.9729,0.9975,0.995,0.9894,0.9836,0.9244,0.7362,0.9346,0.9076,0.8359,0.7961,0.861,0.6797,0.8214,0.9384,0.7835,0.6073,0.9551,0.7244,0.621,0.6122,0.616,0.8541,0.5653,0.6154,0.7845,0.5132,0.5465,0.3947,0.5879,0.6737,0.5814,0.5239,0.3163,0.4779,0.2513,0.5187,0.3129,0.2116,0.1659,0.3414,
1.0,0.9991,0.9665,0.9656,0.9696,0.9968,0.9953,0.9917,0.9862,0.9218,0.7374,0.9308,0.907,0.8408,0.8045,0.8544,0.6877,0.8284,0.9377,0.7824,0.6108,0.9545,0.725,0.6222,0.6101,0.6106,0.8587,0.5664,0.6218,0.7743,0.5019,0.5459,0.3928,0.582,0.6648,0.5855,0.5283,0.3055,0.4752,0.2666,0.5188,0.3093,0.2044,0.1642,0.3522,
1.0,0.9989,0.969,0.9679,0.9673,0.9986,0.9963,0.9897,0.985,0.9252,0.7352,0.9307,0.9111,0.8375,0.799,0.8577,0.6814,0.8249,0.9429,0.7796,0.6127,0.9542,0.7235,0.6203,0.6057,0.6157,0.859,0.5695,0.6208,0.7851,0.5112,0.5539,0.3898,0.5992,0.6772,0.5843,0.5274,0.319,0.4798,0.2632,0.522,0.3186,0.2119,0.1606,0.3527,
1.0,0.9984,0.9662,0.9646,0.9709,0.9975,0.9952,0.9893,0.9829,0.9204,0.7293,0.9314,0.905,0.8362,0.7955,0.8524,0.6794,0.8239,0.9407,0.7822,0.609,0.9508,0.7191,0.6205,0.6075,0.6134,0.861,0.5695,0.6162,0.7784,0.5014,0.5487,0.3886,0.5841,0.6649,0.5713,0.5166,0.3167,0.4766,0.2584,0.5196,0.3066,0.1982,0.1556,0.3473,
1.0,0.9989,0.9681,0.967,0.9662,0.9972,0.995,0.9906,0.9841,0.9255,0.7402,0.9276,0.9104,0.844,0.8053,0.8534,0.688,0.8299,0.9434,0.7798,0.6138,0.9521,0.72,0.6249,0.5973,0.6217,0.8578,0.5786,0.6131,0.7843,0.5027,0.5578,0.3831,0.5914,0.676,0.5794,0.5204,0.3167,0.4756,0.2547,0.5236,0.3118,0.2086,0.1595,0.3593,
1.0,0.9987,0.9712,0.9699,0.9671,0.9974,0.9948,0.9908,0.9843,0.9233,0.7283,0.9319,0.9078,0.8344,0.7968,0.8565,0.683,0.8193,0.9382,0.782,0.6053,0.9511,0.7217,0.6182,0.6103,0.6081,0.8575,0.5622,0.6294,0.782,0.4999,0.5482,0.3922,0.5938,0.6759,0.5826,0.5088,0.313,0.4779,0.2538,0.525,0.3155,0.2068,0.1545,0.3528,
1.0,0.9988,0.9669,0.9657,0.9708,0.9968,0.9947,0.992,0.9863,0.9206,0.7373,0.9318,0.907,0.8414,0.8075,0.8549,0.6832,0.8295,0.9423,0.7784,0.6102,0.9521,0.7206,0.6254,0.6054,0.6172,0.8557,0.5676,0.6181,0.7848,0.5028,0.5571,0.3854,0.5858,0.6729,0.5747,0.5203,0.3187,0.4703,0.2626,0.5177,0.3047,0.2099,0.1615,0.3534,
1.0,0.999,0.9704,0.9694,0.9698,0.9968,0.9946,0.992,0.986,0.9262,0.7445,0.9336,0.9112,0.8436,0.8066,0.8616,0.6939,0.8292,0.939,0.7855,0.6192,0.9539,0.724,0.6322,0.6062,0.6217,0.8588,0.5711,0.6198,0.7838,0.5069,0.5622,0.3928,0.5912,0.675,0.5808,0.5253,0.3141,0.4792,0.2636,0.5248,0.3086,0.2118,0.1682,0.3558,
1.0,0.999,0.9684,0.9674,0.968,0.9973,0.9955,0.9919,0.9865,0.9266,0.739,0.931,0.9131,0.8384,0.8047,0.8584,0.6874,0.8262,0.9376,0.7857,0.6131,0.9525,0.7245,0.6199,0.6052,0.6121,0.8582,0.5593,0.6258,0.7806,0.5046,0.5446,0.3948,0.5887,0.6748,0.5859,0.5192,0.3135,0.4722,0.2608,0.5317,0.3161,0.2156,0.1653,0.3525,
1.0,0.9991,0.9701,0.9692,0.9662,0.9974,0.9952,0.9897,0.9845,0.9245,0.7288,0.9312,0.9084,0.8338,0.796,0.8573,0.6783,0.8205,0.9389,0.7794,0.6101,0.954,0.7275,0.6203,0.611,0.6044,0.8531,0.555,0.6251,0.7734,0.4986,0.5413,0.3911,0.5843,0.6661,0.5843,0.5143,0.3094,0.4783,0.259,0.5223,0.3041,0.202,0.1637,0.3483,
1.0,0.9988,0.9694,0.9682,0.9709,0.9973,0.9958,0.9895,0.983,0.9213,0.7355,0.9343,0.9055,0.8391,0.8,0.8577,0.6824,0.8259,0.9343,0.7824,0.6052,0.951,0.7213,0.6179,0.6082,0.6068,0.8561,0.559,0.6193,0.7809,0.4958,0.5437,0.3883,0.5935,0.6706,0.5724,0.5107,0.303,0.4762,0.2583,0.5181,0.308,0.2018,0.1565,0.3513,
1.0,0.9991,0.9661,0.9652,0.9682,0.9974,0.9959,0.99,0.9843,0.9216,0.7283,0.9267,0.9035,0.8346,0.795,0.8502,0.6783,0.822,0.9421,0.7802,0.5999,0.9521,0.7118,0.6107,0.5989,0.6097,0.8549,0.5653,0.6063,0.7795,0.5044,0.5471,0.3855,0.5869,0.6689,0.5688,0.5178,0.3143,0.4791,0.2482,0.521,0.3151,0.2056,0.1637,0.352,
1.0,0.9988,0.9654,0.9642,0.9693,0.9974,0.9955,0.9905,0.9843,0.9192,0.7319,0.9276,0.903,0.8391,0.7998,0.8478,0.6811,0.8255,0.9383,0.7778,0.6039,0.9504,0.7147,0.6137,0.5972,0.6075,0.8558,0.5657,0.6129,0.7814,0.503,0.5482,0.3691,0.5787,0.6639,0.5733,0.514,0.3144,0.4661,0.2562,0.5204,0.3053,0.1985,0.1609,0.3491,
1.0,0.9991,0.9687,0.9678,0.9678,0.9973,0.9949,0.9905,0.9863,0.922,0.7306,0.9314,0.9078,0.8337,0.7977,0.8548,0.683,0.8216,0.9431,0.7797,0.6059,0.9532,0.7155,0.6164,0.5944,0.6095,0.8554,0.5676,0.6099,0.7765,0.5047,0.5457,0.3829,0.5806,0.6702,0.5718,0.5199,0.3135,0.4706,0.2461,0.525,0.3095,0.2081,0.1566,0.3474,
1.0,0.9983,0.9647,0.963,0.9717,0.9968,0.9941,0.9891,0.9833,0.9235,0.7374,0.9279,0.9051,0.8399,0.8,0.8536,0.6863,0.8249,0.9385,0.7878,0.6061,0.9496,0.7183,0.6183,0.6009,0.6146,0.8584,0.5697,0.6134,0.7854,0.5066,0.5523,0.3875,0.5796,0.6642,0.5801,0.5155,0.3115,0.4796,0.2561,0.5147,0.3096,0.205,0.157,0.3575,
1.0,0.9989,0.9684,0.9673,0.9688,0.9968,0.9939,0.9902,0.9855,0.9234,0.7362,0.9321,0.9082,0.8415,0.8067,0.8568,0.6896,0.8275,0.9384,0.7868,0.6151,0.9541,0.7301,0.6242,0.613,0.6174,0.8581,0.5743,0.6274,0.7827,0.5019,0.5596,0.3913,0.5908,0.678,0.5883,0.5189,0.3197,0.4788,0.268,0.5287,0.3134,0.2109,0.1668,0.3594,
1.0,0.9989,0.9652,0.9641,0.971,0.9976,0.9952,0.9894,0.9838,0.9226,0.7349,0.9296,0.9063,0.8386,0.7983,0.853,0.6862,0.8259,0.9405,0.7844,0.614,0.9523,0.7254,0.6265,0.6144,0.6123,0.8593,0.5673,0.6286,0.7796,0.5024,0.5463,0.396,0.5984,0.6751,0.5877,0.5181,0.316,0.482,0.2697,0.5256,0.3144,0.2105,0.1579,0.363,
1.0,0.9987,0.9699,0.9686,0.9692,0.9977,0.9955,0.9903,0.9848,0.9214,0.7286,0.9325,0.9049,0.8355,0.7964,0.8553,0.6781,0.8228,0.9413,0.7755,0.6074,0.9525,0.7222,0.624,0.6105,0.6067,0.8524,0.5617,0.6267,0.782,0.5011,0.5574,0.3881,0.595,0.686,0.586,0.517,0.3162,0.4763,0.2591,0.5311,0.3115,0.2095,0.1643,0.3523,
1.0,0.9991,0.9689,0.968,0.9699,0.9971,0.9954,0.9919,0.9882,0.9298,0.7437,0.9322,0.9143,0.8391,0.8034,0.8628,0.6848,0.8286,0.9402,0.7846,0.6059,0.9562,0.7253,0.6164,0.6001,0.6099,0.8516,0.5588,0.6227,0.7907,0.5104,0.5468,0.3806,0.5939,0.6722,0.5842,0.5227,0.3152,0.4793,0.2645,0.5193,0.3204,0.2074,0.1628,0.3539,
1.0,0.9987,0.9673,0.966,0.9678,0.9978,0.9959,0.991,0.986,0.9272,0.732,0.9278,0.9114,0.832,0.7944,0.8565,0.6816,0.8193,0.9408,0.7868,0.608,0.956,0.7261,0.617,0.6036,0.6081,0.8561,0.5608,0.6274,0.7827,0.509,0.5453,0.3854,0.5836,0.678,0.5834,0.5246,0.3103,0.4721,0.2614,0.5235,0.3066,0.209,0.1622,0.348,
1.0,0.9992,0.9698,0.969,0.9705,0.9975,0.9958,0.9908,0.9845,0.9236,0.742,0.9333,0.9066,0.8436,0.8026,0.8582,0.686,0.8303,0.9432,0.7769,0.6202,0.9543,0.7233,0.6341,0.6156,0.6235,0.8532,0.5685,0.6263,0.7783,0.5039,0.5587,0.3871,0.5996,0.6838,0.5888,0.523,0.3156,0.475,0.2627,0.5222,0.3151,0.2114,0.1666,0.3573,
1.0,0.9987,0.9682,0.9669,0.9685,0.9969,0.9946,0.9908,0.9846,0.9223,0.7335,0.9305,0.9069,0.8391,0.8001,0.8537,0.6841,0.8253,0.941,0.7794,0.6126,0.9537,0.7247,0.6248,0.6095,0.6108,0.8585,0.57,0.6234,0.778,0.4949,0.5476,0.3864,0.5889,0.6748,0.5837,0.529,0.3094,0.481,0.2668,0.5167,0.3127,0.2054,0.1655,0.3591,
1.0,0.9986,0.9669,0.9655,0.9679,0.9974,0.9949,0.9898,0.9847,0.9262,0.7377,0.9283,0.9102,0.8412,0.8042,0.8557,0.6844,0.8271,0.9367,0.7823,0.6105,0.9505,0.7192,0.6148,0.6016,0.612,0.8542,0.5639,0.6188,0.7788,0.5052,0.5512,0.3875,0.5896,0.6756,0.5838,0.5144,0.3131,0.479,0.26,0.5283,0.3126,0.2125,0.157,0.358,
1.0,0.9988,0.9711,0.9699,0.9711,0.9981,0.996,0.9904,0.9847,0.9207,0.7315,0.9362,0.906,0.837,0.7994,0.8592,0.6824,0.8236,0.9372,0.7806,0.6064,0.9526,0.7223,0.6238,0.6163,0.6116,0.8589,0.5649,0.6189,0.7791,0.5011,0.5475,0.3949,0.5907,0.6672,0.5787,0.5178,0.3197,0.4814,0.257,0.5235,0.3125,0.203,0.1667,0.3423,
1.0,0.9991,0.9648,0.9639,0.9682,0.9978,0.9959,0.9906,0.9832,0.9232,0.7363,0.9272,0.9078,0.8453,0.8059,0.8516,0.689,0.8307,0.9387,0.7848,0.6102,0.9544,0.722,0.6217,0.6018,0.6146,0.8622,0.574,0.6131,0.7844,0.516,0.5553,0.3927,0.5937,0.6677,0.5789,0.52,0.3343,0.4898,0.2602,0.5255,0.3207,0.2043,0.1609,0.3661,
1.0,0.9987,0.9689,0.9676,0.9731,0.9975,0.9953,0.9902,0.9856,0.9241,0.7443,0.9352,0.9081,0.8438,0.8055,0.8605,0.6866,0.8322,0.9432,0.7844,0.6195,0.9541,0.7268,0.6348,0.6209,0.6232,0.8547,0.5668,0.6307,0.7807,0.4994,0.555,0.3934,0.6019,0.6846,0.5897,0.5204,0.3145,0.4837,0.2698,0.5281,0.3084,0.2031,0.1718,0.3649,
1.0,0.9984,0.9647,0.9631,0.9695,0.9978,0.9951,0.9889,0.9836,0.9222,0.7347,0.9279,0.9055,0.8412,0.801,0.8514,0.6772,0.8281,0.943,0.7742,0.6148,0.9526,0.7192,0.6228,0.5983,0.6149,0.848,0.5611,0.6141,0.7736,0.4952,0.5472,0.3802,0.5847,0.6721,0.5788,0.5176,0.3051,0.468,0.2523,0.5155,0.3042,0.2012,0.1577,0.3485,
1.0,0.9993,0.9691,0.9684,0.9718,0.9979,0.9961,0.9905,0.9846,0.9252,0.7438,0.9345,0.9099,0.8437,0.8055,0.8605,0.6938,0.8306,0.9455,0.7909,0.6168,0.9527,0.7191,0.6303,0.6104,0.6271,0.86,0.5822,0.6217,0.7861,0.5144,0.5556,0.3906,0.5901,0.6737,0.5794,0.5247,0.3235,0.4871,0.261,0.5319,0.3163,0.2113,0.1667,0.3591,
1.0,0.9989,0.9677,0.9666,0.9711,0.9979,0.9958,0.9897,0.984,0.9221,0.7327,0.9321,0.9063,0.8369,0.7981,0.8556,0.683,0.823,0.9406,0.7841,0.6042,0.9533,0.7137,0.6146,0.604,0.616,0.8568,0.5689,0.6176,0.7785,0.508,0.5562,0.3857,0.5884,0.6782,0.5805,0.5246,0.3213,0.4795,0.26,0.5266,0.3062,0.2066,0.162,0.3541,
1.0,0.9992,0.97,0.9692,0.9656,0.9965,0.995,0.9899,0.9856,0.9185,0.7349,0.9289,0.9004,0.8452,0.8081,0.8486,0.6888,0.8344,0.9395,0.7728,0.6108,0.9493,0.7144,0.6262,0.6026,0.61,0.8504,0.5681,0.6181,0.7729,0.4947,0.5543,0.3791,0.589,0.6725,0.5757,0.5226,0.3106,0.4768,0.2629,0.5205,0.3053,0.2019,0.1606,0.3548,
1.0,0.9987,0.9669,0.9656,0.9702,0.9968,0.9949,0.991,0.9847,0.9214,0.7375,0.9307,0.9056,0.8439,0.8058,0.8548,0.6893,0.8306,0.9426,0.7841,0.6136,0.9514,0.7189,0.6266,0.6003,0.6147,0.8599,0.5732,0.6144,0.7819,0.5067,0.5514,0.3854,0.5876,0.6752,0.5748,0.5184,0.3206,0.4717,0.2618,0.5176,0.3122,0.2074,0.158,0.3559,
1.0,0.9993,0.9668,0.9661,0.9713,0.9972,0.9955,0.9893,0.9834,0.925,0.7397,0.9327,0.908,0.8423,0.8032,0.8587,0.686,0.8268,0.9322,0.7856,0.6126,0.9494,0.7285,0.6248,0.6101,0.6093,0.8557,0.5586,0.6267,0.7848,0.505,0.5456,0.3958,0.5959,0.6747,0.5822,0.5124,0.3119,0.477,0.2652,0.5327,0.3196,0.2124,0.1616,0.3567,
1.0,0.9991,0.9702,0.9693,0.9691,0.9965,0.9948,0.992,0.9851,0.9255,0.7333,0.9331,0.9098,0.8364,0.8002,0.8599,0.6842,0.8218,0.9441,0.7865,0.6177,0.9523,0.7236,0.6292,0.6045,0.6134,0.8571,0.5658,0.6295,0.7814,0.5037,0.5503,0.3869,0.5947,0.6801,0.5876,0.5239,0.3045,0.4818,0.2683,0.5285,0.3034,0.2052,0.1727,0.3572,
1.0,0.9992,0.966,0.9652,0.9709,0.9973,0.9956,0.9907,0.9859,0.9247,0.7394,0.9292,0.9065,0.8408,0.8,0.8559,0.6796,0.8298,0.9426,0.7788,0.6147,0.9537,0.7224,0.626,0.6056,0.6142,0.8518,0.5644,0.6192,0.7839,0.5092,0.5524,0.3833,0.5896,0.675,0.5866,0.5136,0.3195,0.4737,0.2557,0.5229,0.3173,0.215,0.1622,0.3527,
1.0,0.9992,0.9703,0.9695,0.9711,0.9979,0.9956,0.9896,0.985,0.9236,0.7423,0.9344,0.9063,0.8457,0.8062,0.8588,0.6914,0.8318,0.9379,0.7805,0.6077,0.9538,0.7187,0.6248,0.6048,0.6175,0.8566,0.5693,0.6108,0.7849,0.5027,0.5531,0.3878,0.6006,0.6832,0.5791,0.5223,0.3188,0.4797,0.2599,0.5284,0.3165,0.2106,0.1637,0.3589,
1.0,0.9992,0.97,0.9692,0.9703,0.9972,0.9957,0.9924,0.9865,0.9257,0.7378,0.9347,0.9117,0.8365,0.7997,0.8616,0.6831,0.8225,0.9414,0.7837,0.6089,0.9546,0.7203,0.6193,0.5996,0.6116,0.8569,0.5593,0.6219,0.7834,0.5089,0.5475,0.3926,0.5938,0.6817,0.5825,0.5278,0.3147,0.4837,0.2564,0.5296,0.3164,0.2103,0.1676,0.3536,
1.0,0.9982,0.9672,0.9654,0.9692,0.9976,0.9947,0.9894,0.9855,0.924,0.7287,0.9285,0.9077,0.8315,0.7934,0.8539,0.6826,0.8194,0.9376,0.7867,0.6029,0.9521,0.7195,0.6162,0.6013,0.6027,0.859,0.5617,0.6156,0.7805,0.5052,0.5385,0.3886,0.5872,0.673,0.5792,0.5179,0.3077,0.4817,0.2515,0.53,0.3167,0.208,0.1622,0.3457,
1.0,0.9994,0.9652,0.9646,0.9694,0.9966,0.995,0.991,0.9861,0.9215,0.7402,0.9283,0.9052,0.843,0.8064,0.8506,0.6904,0.8298,0.9382,0.7833,0.6097,0.9507,0.7191,0.6213,0.6013,0.6126,0.8566,0.5672,0.6124,0.7807,0.504,0.5472,0.3882,0.5839,0.6612,0.5792,0.5227,0.3185,0.4831,0.2618,0.5224,0.3087,0.2,0.1622,0.3589,
1.0,0.9986,0.9659,0.9645,0.9703,0.9965,0.9939,0.9899,0.9841,0.9271,0.7344,0.9306,0.9118,0.8346,0.796,0.8585,0.673,0.8208,0.9368,0.7833,0.6147,0.9543,0.7377,0.6213,0.6186,0.6116,0.8533,0.5596,0.6233,0.7874,0.5045,0.5409,0.392,0.5805,0.6694,0.5909,0.5119,0.3082,0.4865,0.2616,0.5217,0.3156,0.2028,0.1643,0.3508,
1.0,0.9987,0.9687,0.9674,0.9713,0.9971,0.9946,0.99,0.9839,0.923,0.7348,0.9334,0.9057,0.8387,0.7982,0.8584,0.6785,0.8257,0.9413,0.7786,0.613,0.9542,0.7257,0.6284,0.6139,0.6135,0.8507,0.561,0.6248,0.7763,0.4984,0.5499,0.3892,0.5944,0.6721,0.5851,0.5183,0.3165,0.4783,0.2591,0.5151,0.3112,0.2002,0.1672,0.347,
1.0,0.9991,0.9667,0.9658,0.9733,0.9979,0.9961,0.9898,0.9842,0.9256,0.7377,0.934,0.9097,0.8381,0.7996,0.8607,0.6829,0.8242,0.9423,0.7886,0.6075,0.9516,0.7194,0.6218,0.5983,0.6139,0.8547,0.5614,0.6104,0.7847,0.5099,0.5465,0.3883,0.5851,0.6758,0.5788,0.5183,0.311,0.481,0.2542,0.5246,0.308,0.2102,0.1576,0.3509,
1.0,0.9991,0.9678,0.9669,0.9671,0.9978,0.9957,0.9901,0.9858,0.928,0.7367,0.9284,0.9116,0.8372,0.7988,0.8569,0.679,0.8246,0.9457,0.7796,0.6195,0.9539,0.7266,0.6269,0.6051,0.6189,0.8506,0.5668,0.6284,0.7803,0.5132,0.558,0.3864,0.587,0.6804,0.5897,0.5271,0.3194,0.4693,0.2659,0.5207,0.3082,0.2138,0.1625,0.3494,
1.0,0.9994,0.9682,0.9676,0.9679,0.9974,0.9961,0.9916,0.985,0.923,0.7365,0.9298,0.9071,0.8425,0.8032,0.8537,0.69,0.8285,0.9414,0.7812,0.6167,0.9528,0.7228,0.6258,0.6038,0.6163,0.8604,0.5746,0.6166,0.7797,0.5025,0.5553,0.3921,0.5873,0.678,0.5827,0.524,0.3249,0.4773,0.262,0.5298,0.3095,0.2111,0.1707,0.3573,
1.0,0.9991,0.9673,0.9664,0.9715,0.9975,0.9954,0.9929,0.9862,0.9243,0.7426,0.9332,0.9113,0.8422,0.8073,0.8588,0.6897,0.8267,0.935,0.7858,0.6136,0.9517,0.7244,0.6251,0.6103,0.6168,0.8605,0.5689,0.6266,0.7903,0.503,0.5515,0.3942,0.5908,0.6735,0.5832,0.5134,0.3203,0.4754,0.2702,0.5269,0.3159,0.2131,0.1634,0.3547,
1.0,0.999,0.9678,0.9668,0.9701,0.9981,0.9957,0.9888,0.9843,0.9259,0.7341,0.9314,0.9092,0.836,0.796,0.8583,0.6825,0.8216,0.9397,0.7851,0.6137,0.9529,0.7322,0.627,0.6122,0.6108,0.8574,0.5675,0.6269,0.7839,0.5092,0.5485,0.3938,0.5889,0.6761,0.5895,0.5272,0.3173,0.4798,0.2657,0.5193,0.3152,0.2096,0.1686,0.3538,
1.0,0.9986,0.9679,0.9665,0.9721,0.9963,0.9943,0.9906,0.983,0.9218,0.7379,0.9338,0.9058,0.842,0.8019,0.8585,0.684,0.8268,0.9417,0.7821,0.6107,0.9513,0.713,0.625,0.6108,0.6203,0.8566,0.5747,0.6179,0.7837,0.5092,0.5573,0.3901,0.5967,0.6784,0.5847,0.5222,0.3198,0.4881,0.2586,0.528,0.3226,0.2162,0.165,0.3581,
1.0,0.999,0.9703,0.9693,0.9726,0.998,0.9961,0.9918,0.986,0.927,0.7393,0.9366,0.9129,0.8369,0.8012,0.865,0.6905,0.8233,0.9406,0.7924,0.6063,0.9562,0.7242,0.6232,0.6102,0.6147,0.8616,0.5674,0.625,0.7909,0.513,0.5528,0.3895,0.5939,0.6815,0.5828,0.5212,0.3159,0.4793,0.2648,0.5252,0.3163,0.2159,0.1624,0.356,
1.0,0.9991,0.9699,0.969,0.9714,0.9969,0.9946,0.9904,0.9838,0.9243,0.7382,0.9348,0.9076,0.8402,0.7993,0.86,0.6823,0.826,0.9394,0.7818,0.6072,0.9526,0.7201,0.6231,0.6117,0.6215,0.855,0.5707,0.6168,0.7815,0.4998,0.5579,0.3966,0.5964,0.6763,0.575,0.5256,0.3177,0.4807,0.2565,0.5307,0.3108,0.2103,0.1717,0.3544,
1.0,0.9987,0.9729,0.9716,0.9721,0.9973,0.9948,0.9885,0.9848,0.924,0.7363,0.9392,0.9078,0.8352,0.797,0.8637,0.6829,0.8237,0.9427,0.7845,0.6065,0.9528,0.7226,0.6241,0.6137,0.6144,0.8539,0.5607,0.6223,0.7807,0.5077,0.554,0.394,0.5959,0.6821,0.583,0.5229,0.3118,0.489,0.2596,0.5357,0.3145,0.2202,0.1664,0.3504,
1.0,0.9984,0.964,0.9624,0.9684,0.9974,0.9949,0.9911,0.987,0.9238,0.7327,0.9252,0.9087,0.8337,0.799,0.8511,0.6766,0.8224,0.9415,0.7799,0.605,0.9549,0.7231,0.6126,0.5996,0.6075,0.8538,0.5542,0.6175,0.7851,0.5046,0.5439,0.384,0.5923,0.6792,0.5829,0.514,0.3119,0.4772,0.2564,0.5241,0.3107,0.2022,0.1572,0.3563,
1.0,0.9988,0.9688,0.9676,0.9705,0.9975,0.9951,0.9921,0.9864,0.924,0.7375,0.9324,0.9089,0.8408,0.8034,0.858,0.69,0.828,0.9384,0.7839,0.6096,0.9571,0.7226,0.6216,0.6069,0.6132,0.857,0.5639,0.6215,0.7818,0.5,0.5513,0.383,0.5844,0.6767,0.5831,0.5215,0.3202,0.4716,0.2658,0.5197,0.3048,0.2099,0.1659,0.3505,
1.0,0.9989,0.9675,0.9664,0.969,0.9973,0.9955,0.991,0.9869,0.9255,0.7401,0.9303,0.9105,0.8397,0.8045,0.8571,0.6876,0.8286,0.9403,0.7862,0.6107,0.9523,0.7256,0.6201,0.6043,0.6144,0.8609,0.5705,0.6216,0.7878,0.5048,0.5536,0.3841,0.5938,0.6731,0.5801,0.5212,0.3175,0.4828,0.2653,0.5276,0.3121,0.213,0.1619,0.3593,
1.0,0.9986,0.9643,0.9629,0.9709,0.9968,0.9945,0.9901,0.9844,0.9232,0.7338,0.9289,0.9078,0.8369,0.7991,0.8537,0.6796,0.8237,0.9418,0.7873,0.6113,0.9516,0.7176,0.6173,0.6019,0.614,0.8567,0.5704,0.6165,0.7843,0.5117,0.5512,0.3842,0.5836,0.6776,0.586,0.5222,0.3193,0.4821,0.2573,0.5275,0.3135,0.2105,0.1612,0.351,
1.0,0.9988,0.9676,0.9664,0.9683,0.9972,0.9949,0.9897,0.9838,0.9252,0.7399,0.9288,0.9085,0.8417,0.8022,0.8555,0.684,0.8294,0.9409,0.7803,0.6191,0.9559,0.7286,0.6273,0.6064,0.6201,0.8542,0.5676,0.6194,0.7822,0.4982,0.5512,0.3784,0.5847,0.6725,0.582,0.5197,0.3085,0.4756,0.2624,0.5186,0.3069,0.2007,0.1581,0.3541,
1.0,0.998,0.9691,0.9671,0.971,0.9975,0.9948,0.99,0.9816,0.923,0.7396,0.9321,0.9067,0.8447,0.8034,0.8564,0.6895,0.8288,0.9403,0.785,0.6091,0.9538,0.7149,0.624,0.6066,0.6221,0.8576,0.5755,0.6132,0.7841,0.4998,0.5602,0.3786,0.5903,0.6772,0.5773,0.5236,0.3203,0.4762,0.2568,0.5212,0.3086,0.2022,0.1631,0.349,
1.0,0.9988,0.9684,0.9672,0.9718,0.9973,0.9955,0.9904,0.9845,0.9173,0.7353,0.9328,0.9004,0.8432,0.802,0.8503,0.6877,0.8294,0.9384,0.7783,0.606,0.9511,0.7134,0.6235,0.6087,0.6117,0.8561,0.5667,0.6114,0.7759,0.4967,0.5484,0.3912,0.5901,0.6714,0.5748,0.5145,0.3191,0.4769,0.2536,0.5246,0.3047,0.2033,0.1631,0.3538,
1.0,0.9986,0.9677,0.9663,0.972,0.9968,0.9938,0.9892,0.9843,0.9234,0.7403,0.9322,0.9051,0.8431,0.8033,0.8561,0.6868,0.8297,0.9369,0.7834,0.6118,0.9503,0.7238,0.6247,0.6095,0.6147,0.8565,0.5708,0.6211,0.785,0.5095,0.5474,0.3929,0.5924,0.6655,0.5788,0.5217,0.3239,0.4825,0.2692,0.5223,0.3132,0.2136,0.1669,0.3603,
1.0,0.9996,0.9689,0.9685,0.9727,0.9974,0.9963,0.9914,0.9856,0.9218,0.7364,0.9357,0.9058,0.8359,0.7985,0.8584,0.6833,0.8223,0.944,0.7831,0.614,0.9505,0.7211,0.6277,0.611,0.6195,0.8598,0.5708,0.624,0.7866,0.512,0.5559,0.401,0.6017,0.6904,0.5856,0.5203,0.321,0.4897,0.2585,0.5311,0.3205,0.2165,0.1664,0.358,
1.0,0.9991,0.9678,0.9669,0.9705,0.998,0.996,0.9903,0.9842,0.9265,0.7443,0.9322,0.9111,0.8446,0.8047,0.8594,0.6897,0.8316,0.943,0.7853,0.6236,0.9568,0.7309,0.6355,0.6139,0.6223,0.8561,0.5765,0.6254,0.7862,0.507,0.5629,0.3863,0.5887,0.6817,0.5925,0.5274,0.3245,0.479,0.2656,0.5243,0.3097,0.2107,0.1729,0.357,
1.0,0.9992,0.9682,0.9674,0.9678,0.9972,0.9948,0.9907,0.9856,0.9217,0.7306,0.9298,0.9054,0.8344,0.7951,0.8539,0.6762,0.8211,0.9393,0.775,0.6024,0.9531,0.7226,0.6182,0.6038,0.6036,0.8527,0.5606,0.6197,0.7775,0.4989,0.546,0.3843,0.5883,0.668,0.5801,0.5124,0.3187,0.4691,0.2582,0.515,0.3069,0.1996,0.16,0.342,
1.0,0.9988,0.9731,0.9719,0.9712,0.9967,0.9946,0.9913,0.9873,0.9271,0.7471,0.9383,0.9124,0.8423,0.8074,0.8669,0.6949,0.8315,0.9458,0.7886,0.6146,0.9566,0.722,0.631,0.6102,0.6287,0.8568,0.5786,0.6248,0.7867,0.5117,0.5662,0.3901,0.5933,0.682,0.5832,0.5246,0.3153,0.4738,0.2606,0.5224,0.3094,0.2084,0.1552,0.3534,
1.0,0.9992,0.9672,0.9664,0.9679,0.9979,0.9963,0.9922,0.9872,0.9294,0.7492,0.9297,0.9165,0.8488,0.813,0.8591,0.6961,0.8364,0.945,0.7877,0.6257,0.9525,0.7279,0.6304,0.6007,0.627,0.8572,0.5788,0.6253,0.7843,0.5087,0.5649,0.3861,0.588,0.6798,0.5921,0.5221,0.3204,0.4755,0.266,0.5266,0.3103,0.2099,0.1596,0.3527,
1.0,0.9989,0.9667,0.9656,0.969,0.9969,0.9952,0.9902,0.9853,0.9258,0.7427,0.9297,0.9093,0.8432,0.8082,0.8578,0.6933,0.831,0.944,0.7882,0.6199,0.9523,0.721,0.6273,0.5996,0.6222,0.8552,0.5701,0.6236,0.7784,0.5095,0.5533,0.3849,0.5908,0.6784,0.589,0.5326,0.3118,0.4825,0.2704,0.5223,0.3155,0.2135,0.1714,0.3608,
1.0,0.9987,0.9699,0.9686,0.9696,0.9973,0.995,0.9868,0.9823,0.9281,0.7335,0.9314,0.9078,0.8358,0.7932,0.8599,0.6804,0.8222,0.937,0.7846,0.6045,0.9474,0.7197,0.6153,0.6048,0.6084,0.8491,0.5568,0.6287,0.7823,0.5139,0.5454,0.3812,0.5872,0.6762,0.5847,0.5166,0.3142,0.471,0.2609,0.5233,0.3155,0.2203,0.1542,0.3495,
1.0,0.9987,0.9671,0.9658,0.9702,0.9977,0.9957,0.9905,0.9849,0.9283,0.739,0.9305,0.913,0.8364,0.7985,0.8598,0.6788,0.8232,0.9379,0.784,0.6066,0.9553,0.724,0.6147,0.604,0.6166,0.8523,0.5561,0.6188,0.7828,0.5023,0.543,0.3833,0.5863,0.6718,0.5857,0.5129,0.3137,0.4807,0.256,0.5253,0.3103,0.2128,0.1639,0.3563,
1.0,0.9992,0.9705,0.9697,0.9701,0.9985,0.9965,0.991,0.9857,0.9211,0.7318,0.935,0.907,0.8369,0.8011,0.8574,0.6814,0.8241,0.9381,0.7774,0.6057,0.9553,0.7219,0.6193,0.6103,0.6095,0.8527,0.5601,0.6227,0.7813,0.4936,0.546,0.3832,0.5971,0.6732,0.5799,0.514,0.3081,0.4786,0.2561,0.5213,0.3031,0.2055,0.1638,0.3503,
1.0,0.9987,0.9689,0.9676,0.9677,0.9973,0.9951,0.9899,0.9839,0.9226,0.7359,0.9296,0.9061,0.8409,0.8028,0.8532,0.6875,0.8279,0.9433,0.7806,0.6142,0.9525,0.7225,0.6259,0.6104,0.6185,0.8571,0.5679,0.6233,0.7796,0.4987,0.5555,0.3873,0.597,0.6794,0.5871,0.5241,0.3203,0.477,0.2596,0.529,0.3078,0.2028,0.1623,0.3578,
1.0,0.9994,0.9661,0.9655,0.9693,0.9969,0.995,0.9899,0.9844,0.9211,0.729,0.9303,0.9053,0.8349,0.7987,0.8527,0.6741,0.8223,0.9372,0.7796,0.6064,0.9497,0.7252,0.6183,0.6088,0.6076,0.8502,0.5602,0.619,0.7771,0.4946,0.547,0.3899,0.5796,0.6684,0.578,0.5083,0.3101,0.4707,0.2529,0.5234,0.3038,0.2052,0.1646,0.3443,
1.0,0.9988,0.9679,0.9667,0.9694,0.9979,0.9956,0.9909,0.9865,0.9236,0.7381,0.9304,0.908,0.8409,0.8053,0.8561,0.6925,0.8284,0.9418,0.7859,0.6128,0.9536,0.7237,0.6251,0.6096,0.6148,0.8617,0.5677,0.6247,0.7848,0.4993,0.5517,0.3852,0.5997,0.6795,0.5809,0.5188,0.3102,0.4825,0.2662,0.5263,0.3122,0.2044,0.1587,0.3648,
1.0,0.9987,0.9684,0.9671,0.9714,0.9978,0.9954,0.991,0.9857,0.9258,0.7419,0.9332,0.9108,0.8401,0.8025,0.8594,0.689,0.8268,0.9435,0.7861,0.6096,0.9556,0.7182,0.6207,0.603,0.6254,0.8564,0.5729,0.6151,0.7861,0.5064,0.5577,0.3844,0.5868,0.6794,0.5764,0.5223,0.3129,0.4702,0.2568,0.5177,0.3063,0.2034,0.1595,0.3515,
1.0,0.9988,0.967,0.9658,0.9724,0.9966,0.9942,0.9899,0.9844,0.9239,0.7458,0.9325,0.9064,0.848,0.8063,0.8572,0.6875,0.8347,0.9407,0.782,0.6189,0.9486,0.7198,0.6329,0.6062,0.6226,0.8519,0.5725,0.6172,0.7806,0.5008,0.5603,0.3874,0.5847,0.6717,0.5775,0.5156,0.3179,0.4676,0.2613,0.5279,0.3069,0.205,0.1681,0.3529,
1.0,0.9988,0.9689,0.9677,0.9678,0.9972,0.9951,0.9898,0.9842,0.9224,0.7329,0.9299,0.9058,0.8377,0.8006,0.8538,0.6863,0.8256,0.9448,0.7809,0.6134,0.9519,0.7177,0.625,0.594,0.6108,0.8569,0.5637,0.616,0.7803,0.5074,0.5491,0.3818,0.5869,0.6822,0.5759,0.5224,0.3125,0.4795,0.2591,0.529,0.3119,0.2056,0.1604,0.3531,
1.0,0.9987,0.9694,0.9681,0.9703,0.9979,0.9961,0.9906,0.9841,0.9205,0.7285,0.9331,0.9051,0.836,0.7958,0.8549,0.6849,0.8224,0.9424,0.7805,0.6027,0.9524,0.7115,0.6177,0.6084,0.6085,0.8621,0.5679,0.6182,0.7821,0.4962,0.554,0.38,0.5986,0.6804,0.5789,0.5209,0.3157,0.4842,0.258,0.531,0.302,0.2079,0.1563,0.3525,
1.0,0.999,0.9676,0.9666,0.9708,0.9966,0.9947,0.9903,0.9851,0.9222,0.7385,0.9323,0.9062,0.8427,0.806,0.8557,0.6886,0.8287,0.9382,0.7837,0.6106,0.953,0.7226,0.6242,0.6142,0.6167,0.8561,0.5726,0.6262,0.7819,0.5031,0.5568,0.3871,0.5902,0.6788,0.5891,0.534,0.313,0.478,0.2716,0.5263,0.3117,0.2052,0.17,0.3614,
1.0,0.9992,0.9674,0.9666,0.9741,0.9974,0.9954,0.991,0.9867,0.9229,0.7399,0.9358,0.9073,0.8388,0.8041,0.8612,0.6788,0.8256,0.9418,0.7785,0.6092,0.9516,0.7188,0.6253,0.6065,0.6139,0.8515,0.5589,0.6161,0.7853,0.5012,0.5474,0.3781,0.5863,0.6762,0.5794,0.5206,0.3141,0.4738,0.2576,0.5194,0.3047,0.2046,0.162,0.3494,
1.0,0.9992,0.9696,0.9688,0.9726,0.9977,0.9955,0.9908,0.9864,0.9219,0.7439,0.935,0.9051,0.8433,0.8051,0.8577,0.6889,0.8307,0.9439,0.7814,0.6169,0.955,0.7247,0.6324,0.6048,0.6148,0.8545,0.5643,0.618,0.7832,0.5168,0.5543,0.396,0.5919,0.6869,0.5832,0.5216,0.3222,0.4757,0.2565,0.5258,0.3193,0.2148,0.1602,0.3601,
1.0,0.9991,0.9664,0.9655,0.9726,0.9977,0.9962,0.9926,0.9866,0.9243,0.7397,0.9329,0.91,0.8366,0.7975,0.858,0.683,0.8216,0.9416,0.7851,0.6115,0.9525,0.7226,0.6238,0.6025,0.6151,0.8586,0.5716,0.619,0.7864,0.5039,0.5534,0.3897,0.5863,0.681,0.584,0.5332,0.3115,0.4782,0.2608,0.5298,0.3076,0.2118,0.1712,0.351,
1.0,0.9991,0.9676,0.9667,0.9699,0.9971,0.9957,0.991,0.9846,0.9199,0.7371,0.9312,0.9041,0.8403,0.8007,0.8521,0.6811,0.8266,0.9385,0.7776,0.6093,0.9544,0.7215,0.6222,0.6133,0.6132,0.8573,0.5654,0.6162,0.7769,0.5081,0.5485,0.3948,0.5965,0.6757,0.5809,0.5217,0.3234,0.4835,0.2583,0.5218,0.3154,0.2071,0.1686,0.3548,
1.0,0.9988,0.9683,0.9671,0.9689,0.9977,0.9951,0.9895,0.9829,0.9189,0.7301,0.9323,0.9043,0.8411,0.8,0.8532,0.6819,0.8251,0.9361,0.7785,0.6054,0.9488,0.713,0.6202,0.6008,0.604,0.8556,0.5676,0.6173,0.7737,0.4929,0.5489,0.3834,0.5854,0.6665,0.5763,0.5211,0.3127,0.4769,0.259,0.5199,0.305,0.2025,0.1553,0.3489,
1.0,0.999,0.9683,0.9673,0.9668,0.9971,0.9948,0.9891,0.9845,0.9299,0.7433,0.9288,0.9121,0.8449,0.8045,0.859,0.6876,0.8313,0.9385,0.7834,0.6195,0.9501,0.7316,0.6245,0.6082,0.6165,0.8561,0.5692,0.6272,0.7836,0.5091,0.5503,0.3862,0.5788,0.6677,0.588,0.5159,0.3232,0.4774,0.2611,0.5259,0.314,0.2106,0.1588,0.3569,
1.0,0.9991,0.9679,0.967,0.9711,0.9975,0.9957,0.9915,0.9875,0.9223,0.7354,0.9327,0.9072,0.8363,0.8016,0.8562,0.6834,0.8252,0.9412,0.7806,0.6073,0.9534,0.7208,0.6234,0.6084,0.6125,0.8563,0.5631,0.6186,0.787,0.5071,0.5525,0.3889,0.5865,0.6693,0.5871,0.5225,0.316,0.4703,0.261,0.5209,0.3093,0.2046,0.1625,0.3501,
1.0,0.9989,0.9679,0.9668,0.9687,0.9975,0.995,0.9886,0.9842,0.9241,0.7346,0.931,0.9075,0.8372,0.8008,0.8574,0.6835,0.8244,0.9409,0.7851,0.6111,0.9533,0.7234,0.6209,0.6065,0.6159,0.8561,0.5697,0.6237,0.7804,0.5036,0.5547,0.387,0.5964,0.6798,0.5822,0.5262,0.3142,0.4701,0.2638,0.5216,0.3048,0.2118,0.1619,0.353,
1.0,0.9988,0.9666,0.9654,0.9694,0.997,0.995,0.99,0.9836,0.9223,0.7389,0.9289,0.9054,0.8433,0.803,0.8526,0.6889,0.8303,0.9445,0.7814,0.6193,0.9524,0.7223,0.6274,0.5987,0.6184,0.8604,0.5757,0.6053,0.7815,0.509,0.5529,0.3883,0.5801,0.6694,0.5789,0.5172,0.3168,0.4745,0.2571,0.5175,0.3148,0.2108,0.1549,0.3527,
1.0,0.9993,0.9671,0.9664,0.9698,0.9969,0.9955,0.9921,0.9853,0.9233,0.7343,0.93,0.9081,0.8383,0.7994,0.855,0.6816,0.8245,0.9414,0.7807,0.6098,0.9564,0.7259,0.6224,0.6077,0.6093,0.8571,0.567,0.6205,0.7828,0.5065,0.5528,0.3908,0.5933,0.6816,0.5856,0.5258,0.3174,0.4725,0.2566,0.52,0.3111,0.2135,0.1661,0.3533,
1.0,0.9994,0.9652,0.9646,0.9676,0.9977,0.9961,0.9914,0.9866,0.9243,0.7386,0.9282,0.9103,0.8427,0.8052,0.8533,0.6876,0.8307,0.9415,0.7825,0.6098,0.9528,0.7147,0.6189,0.6,0.6147,0.8569,0.5722,0.6162,0.7802,0.4989,0.5535,0.3797,0.5825,0.6667,0.5747,0.517,0.3132,0.4782,0.2571,0.5213,0.3091,0.2035,0.1599,0.3577,
1.0,0.9988,0.9698,0.9686,0.9689,0.9972,0.9949,0.9908,0.9843,0.9259,0.7391,0.9327,0.9109,0.8409,0.8033,0.8591,0.6882,0.8271,0.9406,0.7854,0.6163,0.953,0.7241,0.6264,0.6066,0.6166,0.8581,0.5673,0.6256,0.7863,0.5073,0.5587,0.3914,0.5965,0.6808,0.5792,0.5235,0.3199,0.4839,0.2642,0.5333,0.3156,0.211,0.1654,0.353,
1.0,0.9983,0.9679,0.9662,0.9716,0.9979,0.9951,0.9899,0.9842,0.9192,0.7347,0.933,0.9042,0.8408,0.7996,0.853,0.6873,0.826,0.9405,0.7837,0.6039,0.9529,0.7095,0.6196,0.5999,0.6133,0.859,0.5743,0.6096,0.7765,0.5002,0.5544,0.3828,0.5905,0.6826,0.5768,0.5293,0.3161,0.4787,0.2565,0.5286,0.3083,0.2113,0.1634,0.3562,
1.0,0.9984,0.9686,0.967,0.9708,0.9979,0.9949,0.9889,0.9837,0.9232,0.7307,0.9322,0.9072,0.8342,0.7935,0.8562,0.6774,0.8207,0.9375,0.7809,0.6036,0.9497,0.723,0.6193,0.6031,0.6012,0.8536,0.5563,0.6192,0.7802,0.4939,0.5429,0.3828,0.5819,0.6682,0.5749,0.5085,0.3038,0.4675,0.2514,0.5156,0.3061,0.2038,0.1507,0.3418,
1.0,0.9988,0.9673,0.9661,0.9663,0.998,0.9958,0.9898,0.983,0.9272,0.736,0.928,0.9125,0.8402,0.8013,0.857,0.6839,0.8261,0.9395,0.7839,0.6142,0.9533,0.7283,0.618,0.5965,0.6161,0.8567,0.569,0.6219,0.7855,0.5082,0.5544,0.3862,0.5896,0.6705,0.5775,0.5126,0.3139,0.4846,0.2601,0.5285,0.3107,0.2028,0.1623,0.3563,
1.0,0.9987,0.9675,0.9662,0.9693,0.998,0.9953,0.9906,0.9853,0.9197,0.7393,0.9302,0.9049,0.8443,0.808,0.8505,0.6903,0.8309,0.9398,0.7795,0.6144,0.9543,0.7191,0.6274,0.6118,0.6199,0.8522,0.5705,0.6218,0.7765,0.5043,0.5608,0.3884,0.5875,0.6715,0.5804,0.5157,0.3183,0.4767,0.2659,0.5262,0.3119,0.2097,0.1602,0.3555,
1.0,0.9992,0.9672,0.9664,0.9677,0.997,0.9953,0.9903,0.9848,0.9266,0.7349,0.928,0.909,0.8368,0.7979,0.8551,0.6821,0.8237,0.9399,0.7837,0.6082,0.953,0.7245,0.6148,0.6062,0.6106,0.8569,0.5607,0.6197,0.7816,0.5028,0.5467,0.3834,0.5935,0.672,0.5781,0.5119,0.3158,0.4766,0.2508,0.5208,0.3052,0.2088,0.1571,0.3517,
1.0,0.9988,0.9667,0.9655,0.9691,0.9978,0.9955,0.9902,0.9846,0.9252,0.7374,0.9291,0.9092,0.8386,0.7991,0.856,0.6875,0.825,0.9416,0.7843,0.6154,0.9501,0.719,0.6234,0.5998,0.6133,0.8618,0.5682,0.62,0.7866,0.4948,0.5499,0.3764,0.5885,0.6737,0.5841,0.5219,0.3085,0.4853,0.2659,0.5307,0.3086,0.2006,0.1667,0.3591,
1.0,0.9992,0.9698,0.969,0.9684,0.9977,0.9959,0.9897,0.9834,0.9208,0.7347,0.9325,0.905,0.8417,0.8019,0.8546,0.6804,0.8264,0.9399,0.7731,0.6082,0.9499,0.7174,0.6235,0.6062,0.6104,0.8521,0.5665,0.6196,0.7757,0.4969,0.5512,0.3927,0.5899,0.6675,0.575,0.513,0.3174,0.4702,0.2544,0.5122,0.3021,0.199,0.1598,0.3441,
1.0,0.9987,0.9651,0.9638,0.9714,0.9965,0.9945,0.9906,0.9846,0.9264,0.7437,0.9307,0.9103,0.8437,0.8068,0.8571,0.687,0.8308,0.9374,0.7861,0.6152,0.9535,0.7266,0.6221,0.6075,0.6231,0.8518,0.5687,0.6251,0.7842,0.5047,0.5507,0.3859,0.5934,0.6777,0.5909,0.5264,0.3169,0.4814,0.269,0.5313,0.3108,0.2116,0.1698,0.3587,
1.0,0.9992,0.9694,0.9686,0.9671,0.998,0.9965,0.9917,0.9862,0.9261,0.7398,0.9303,0.9122,0.8408,0.8035,0.8581,0.6854,0.8276,0.9404,0.7817,0.6165,0.9546,0.7292,0.6261,0.608,0.6124,0.8583,0.5664,0.6281,0.7855,0.4975,0.5495,0.3887,0.5932,0.6792,0.5896,0.5338,0.3171,0.4756,0.2735,0.5187,0.3105,0.2004,0.1712,0.3523,
1.0,0.9989,0.9683,0.9672,0.9724,0.9974,0.9956,0.9905,0.9838,0.921,0.7337,0.9344,0.9051,0.839,0.7987,0.8571,0.6856,0.8247,0.9379,0.784,0.6088,0.9527,0.7235,0.6275,0.6123,0.6076,0.8595,0.5622,0.623,0.7803,0.5021,0.5501,0.3923,0.5917,0.6722,0.585,0.5221,0.3162,0.4742,0.2655,0.5242,0.3066,0.2067,0.1608,0.348,
1.0,0.9989,0.9662,0.9651,0.9701,0.9965,0.9943,0.9892,0.9832,0.9248,0.7385,0.9305,0.9076,0.8418,0.7999,0.8571,0.683,0.8276,0.9407,0.7832,0.6113,0.9522,0.7188,0.6206,0.6041,0.6181,0.8563,0.575,0.6172,0.7721,0.5059,0.5518,0.387,0.5908,0.6738,0.584,0.5302,0.3121,0.485,0.2639,0.5274,0.3149,0.2013,0.1675,0.3548,
1.0,0.9983,0.966,0.9643,0.9694,0.9966,0.9942,0.9888,0.9821,0.9259,0.7324,0.9287,0.9085,0.8347,0.7934,0.8557,0.6758,0.8199,0.9412,0.7823,0.6173,0.9533,0.7307,0.6219,0.6037,0.6112,0.8542,0.5613,0.6246,0.7823,0.51,0.5398,0.3904,0.5916,0.6765,0.5913,0.5232,0.3138,0.48,0.2633,0.5259,0.3166,0.2062,0.166,0.3536,
1.0,0.9987,0.969,0.9677,0.9699,0.9971,0.9949,0.9889,0.9836,0.9208,0.7344,0.9314,0.9026,0.8416,0.8032,0.8536,0.6857,0.8284,0.938,0.7784,0.6096,0.9499,0.717,0.6234,0.599,0.6111,0.8507,0.5653,0.6154,0.7812,0.5019,0.554,0.3842,0.5915,0.6767,0.5769,0.5177,0.3115,0.474,0.2605,0.5245,0.3086,0.2097,0.1663,0.3569,
1.0,0.9985,0.9689,0.9674,0.969,0.9977,0.9953,0.9902,0.9856,0.9234,0.7322,0.9307,0.9082,0.8343,0.7984,0.8551,0.6817,0.8222,0.9444,0.7829,0.6068,0.9503,0.718,0.6184,0.604,0.6149,0.856,0.5651,0.6183,0.7835,0.509,0.5511,0.389,0.588,0.6717,0.5827,0.5187,0.3173,0.4817,0.2559,0.5257,0.3086,0.2051,0.1637,0.3417,
1.0,0.9989,0.9675,0.9664,0.9709,0.9969,0.9946,0.9893,0.9853,0.9266,0.7401,0.932,0.9094,0.8422,0.8056,0.8585,0.6846,0.8292,0.9428,0.7837,0.6194,0.9509,0.7276,0.6281,0.6072,0.6196,0.8483,0.5669,0.6236,0.7869,0.5087,0.5528,0.3863,0.5849,0.6762,0.5896,0.5165,0.3079,0.4768,0.2624,0.5193,0.3144,0.2136,0.1669,0.3513,
1.0,0.9987,0.9691,0.9678,0.9681,0.998,0.9961,0.9896,0.9838,0.92,0.7309,0.9315,0.9052,0.8388,0.7989,0.8531,0.6793,0.8257,0.9393,0.7736,0.6092,0.9516,0.7189,0.6196,0.6006,0.6049,0.8546,0.5558,0.6168,0.7749,0.5016,0.5433,0.3898,0.5886,0.6719,0.5719,0.5126,0.3176,0.473,0.2559,0.517,0.3035,0.1989,0.1619,0.347,
1.0,0.9988,0.9706,0.9694,0.9707,0.997,0.9941,0.9898,0.9842,0.9203,0.7292,0.9345,0.9032,0.8367,0.7974,0.8558,0.6852,0.8233,0.9378,0.7829,0.597,0.9528,0.7125,0.6164,0.6012,0.6118,0.8552,0.5659,0.6103,0.7779,0.4971,0.5498,0.3887,0.5912,0.672,0.5633,0.5284,0.3154,0.4776,0.26,0.526,0.3108,0.2083,0.1664,0.3517,
1.0,0.9986,0.9705,0.9691,0.9672,0.9985,0.9966,0.9909,0.9836,0.9269,0.7393,0.931,0.912,0.8426,0.8011,0.8591,0.6858,0.8266,0.9385,0.7803,0.6135,0.9529,0.7239,0.6213,0.6009,0.6132,0.8598,0.5642,0.624,0.7823,0.4982,0.5553,0.3854,0.5986,0.6851,0.5798,0.5235,0.3084,0.4763,0.2669,0.5315,0.3039,0.207,0.1629,0.3525,
1.0,0.9995,0.9698,0.9693,0.9705,0.9976,0.9959,0.9902,0.9841,0.9239,0.7412,0.9342,0.907,0.845,0.8052,0.8592,0.6931,0.8301,0.9364,0.7856,0.6128,0.9506,0.7169,0.627,0.599,0.6155,0.8559,0.5669,0.6171,0.7799,0.495,0.5504,0.378,0.5899,0.6698,0.5797,0.5227,0.3072,0.4766,0.2636,0.5306,0.3032,0.1996,0.1645,0.3518,
1.0,0.9991,0.969,0.9681,0.9687,0.9968,0.9948,0.9918,0.9846,0.9236,0.7372,0.931,0.9075,0.8406,0.7988,0.8554,0.6853,0.8245,0.9361,0.7797,0.6124,0.9544,0.7242,0.623,0.6017,0.6072,0.8575,0.5596,0.6229,0.7774,0.5032,0.5438,0.3867,0.5911,0.6754,0.5824,0.5215,0.3151,0.4822,0.2656,0.5312,0.3079,0.206,0.1601,0.3536,
1.0,0.9992,0.9629,0.9621,0.973,0.9978,0.996,0.9917,0.9862,0.9281,0.7493,0.9293,0.913,0.8455,0.811,0.8582,0.6921,0.8326,0.9403,0.7937,0.6174,0.9541,0.7229,0.6227,0.5989,0.623,0.8587,0.5711,0.6177,0.7956,0.5181,0.5515,0.3906,0.5873,0.6717,0.5832,0.5264,0.3204,0.4794,0.2674,0.5162,0.3205,0.2194,0.1586,0.3658,
1.0,0.9988,0.9682,0.967,0.9686,0.9969,0.9949,0.9889,0.9826,0.9252,0.7316,0.9301,0.9072,0.8346,0.7943,0.8558,0.6775,0.8217,0.9428,0.784,0.6121,0.9551,0.7276,0.6201,0.607,0.615,0.8551,0.5623,0.6221,0.7795,0.509,0.5481,0.3892,0.5907,0.6809,0.5906,0.5344,0.3138,0.4769,0.2601,0.5222,0.3184,0.2115,0.166,0.351,
1.0,0.9984,0.9702,0.9686,0.9709,0.9978,0.9943,0.9892,0.9841,0.9246,0.745,0.9341,0.9083,0.8475,0.8074,0.8605,0.6924,0.832,0.937,0.7838,0.6172,0.9537,0.7257,0.6329,0.6142,0.619,0.8571,0.5745,0.6237,0.787,0.5127,0.557,0.4024,0.5947,0.6769,0.5843,0.5252,0.3246,0.484,0.2672,0.5239,0.3264,0.2201,0.1629,0.3589,
1.0,0.9983,0.9697,0.968,0.9678,0.9975,0.9951,0.9896,0.9823,0.9223,0.7295,0.9309,0.9072,0.8373,0.7971,0.8543,0.6821,0.8238,0.9339,0.7819,0.6051,0.9532,0.7218,0.6182,0.6021,0.6012,0.8557,0.5567,0.6261,0.775,0.4961,0.5417,0.3798,0.5849,0.6755,0.5688,0.5114,0.3054,0.4705,0.2566,0.5296,0.3071,0.2091,0.1502,0.3509,
1.0,0.9991,0.9708,0.9699,0.9683,0.9972,0.9951,0.9906,0.9862,0.9262,0.7393,0.9329,0.9094,0.841,0.8021,0.8594,0.6956,0.8288,0.943,0.7893,0.6204,0.9528,0.7285,0.6305,0.6073,0.615,0.8641,0.5719,0.6253,0.7772,0.4973,0.5514,0.3835,0.5867,0.6757,0.5864,0.524,0.3118,0.4831,0.2658,0.5302,0.3019,0.2044,0.1624,0.3537,
1.0,0.9982,0.9686,0.9668,0.9699,0.9965,0.9934,0.9895,0.9849,0.9274,0.7419,0.9312,0.9098,0.842,0.8056,0.8603,0.6852,0.8296,0.9401,0.7835,0.6157,0.9549,0.7265,0.6242,0.612,0.6199,0.8504,0.5655,0.6248,0.7868,0.5213,0.5554,0.3933,0.5876,0.6767,0.5878,0.5222,0.325,0.4718,0.2654,0.5127,0.3255,0.2127,0.1602,0.3581,
1.0,0.9997,0.9674,0.9671,0.9693,0.9978,0.9962,0.9886,0.9847,0.9222,0.735,0.9313,0.9049,0.8376,0.7983,0.854,0.6889,0.8245,0.9415,0.7857,0.6102,0.9492,0.721,0.6232,0.6062,0.6111,0.8573,0.5657,0.6239,0.7787,0.5003,0.5482,0.3891,0.5905,0.6766,0.5886,0.5267,0.3027,0.4823,0.2668,0.5265,0.314,0.204,0.1687,0.3558,
1.0,0.9984,0.9673,0.9657,0.9686,0.9973,0.9949,0.9913,0.9843,0.9219,0.7344,0.9291,0.9078,0.8414,0.8043,0.8524,0.6838,0.8279,0.9409,0.7814,0.6075,0.9525,0.7158,0.6155,0.6032,0.6181,0.8591,0.5711,0.6141,0.7791,0.5024,0.5542,0.3888,0.589,0.6813,0.5797,0.5219,0.3222,0.4785,0.2566,0.5263,0.3141,0.2106,0.1588,0.3615,
1.0,0.9986,0.9686,0.9672,0.9703,0.9979,0.9958,0.9905,0.9849,0.9191,0.7269,0.9311,0.9026,0.8343,0.7963,0.852,0.6805,0.8217,0.9416,0.7788,0.6043,0.9542,0.7215,0.6202,0.6009,0.6039,0.8563,0.5523,0.6079,0.7805,0.4972,0.5383,0.3839,0.589,0.6811,0.5786,0.5172,0.3066,0.4738,0.2491,0.5182,0.3046,0.204,0.1621,0.3537,
1.0,0.999,0.9662,0.9652,0.9703,0.9968,0.9949,0.9895,0.9826,0.9237,0.7369,0.9301,0.9057,0.842,0.8016,0.8546,0.6821,0.8271,0.939,0.7832,0.6153,0.9525,0.7234,0.6227,0.6111,0.6191,0.8557,0.5707,0.6177,0.7803,0.5051,0.5528,0.3872,0.5906,0.6755,0.5855,0.5255,0.3154,0.4904,0.266,0.5265,0.3145,0.2062,0.168,0.3592,
1.0,0.9992,0.9658,0.965,0.9684,0.9974,0.9959,0.9916,0.9877,0.9222,0.7453,0.9284,0.9072,0.8496,0.8147,0.8516,0.6994,0.838,0.9455,0.7854,0.6195,0.9526,0.7203,0.6293,0.6032,0.619,0.8604,0.5866,0.6193,0.7831,0.5124,0.5662,0.3888,0.595,0.6813,0.585,0.5247,0.3294,0.4831,0.2632,0.5317,0.3163,0.2087,0.1601,0.3668,
1.0,0.9984,0.9664,0.9648,0.9663,0.9981,0.9953,0.9882,0.9832,0.9254,0.7313,0.9257,0.9081,0.8362,0.7959,0.853,0.6749,0.8222,0.9417,0.7761,0.6097,0.9509,0.7221,0.6142,0.5952,0.6028,0.8509,0.5563,0.6186,0.7782,0.5079,0.5404,0.3809,0.5843,0.6798,0.5862,0.5221,0.311,0.4695,0.2561,0.5175,0.3132,0.2132,0.1555,0.3462,
1.0,0.9992,0.9677,0.9669,0.9696,0.9975,0.9958,0.9905,0.9843,0.9249,0.7441,0.931,0.9081,0.8459,0.806,0.8567,0.6848,0.8308,0.9358,0.7764,0.6155,0.9525,0.7183,0.6248,0.6003,0.6182,0.8494,0.5634,0.6155,0.7797,0.5018,0.5519,0.3906,0.5885,0.6664,0.5811,0.5239,0.3099,0.4694,0.263,0.5178,0.313,0.2026,0.1653,0.3451,
1.0,0.999,0.9687,0.9677,0.9688,0.9971,0.9952,0.99,0.984,0.9206,0.7339,0.9318,0.9044,0.84,0.8005,0.8536,0.6886,0.8271,0.9415,0.7819,0.6116,0.9504,0.7211,0.626,0.6106,0.6147,0.8586,0.5776,0.6204,0.7811,0.5004,0.5548,0.3888,0.5898,0.6739,0.5828,0.5282,0.318,0.4807,0.261,0.5261,0.3097,0.1989,0.1663,0.3561,
1.0,0.9989,0.9711,0.97,0.9702,0.997,0.9943,0.9911,0.9873,0.9232,0.74,0.9346,0.907,0.8424,0.804,0.8589,0.6903,0.8306,0.9392,0.7788,0.6117,0.9548,0.7245,0.6272,0.6135,0.6117,0.8572,0.5677,0.6226,0.7837,0.5024,0.5539,0.393,0.6041,0.6769,0.5803,0.5217,0.3227,0.4766,0.2627,0.5168,0.313,0.2095,0.1613,0.3628,
1.0,0.9994,0.9676,0.967,0.9677,0.9978,0.9965,0.9901,0.985,0.923,0.7382,0.9295,0.9071,0.8413,0.8015,0.8545,0.6803,0.8286,0.9407,0.7754,0.6094,0.9512,0.7126,0.6181,0.6028,0.6164,0.8492,0.5676,0.6157,0.7759,0.4895,0.5514,0.3757,0.5835,0.6703,0.574,0.5143,0.31,0.4644,0.252,0.5138,0.2931,0.204,0.1558,0.3494,
1.0,0.9989,0.9715,0.9704,0.9714,0.9972,0.9943,0.9892,0.9843,0.9251,0.7407,0.937,0.9087,0.8438,0.8033,0.8629,0.689,0.8284,0.9373,0.7821,0.6128,0.9519,0.7223,0.6255,0.61,0.6166,0.8574,0.5713,0.6219,0.7851,0.5105,0.5599,0.3944,0.5962,0.68,0.5824,0.5182,0.3202,0.4863,0.258,0.5323,0.3187,0.2093,0.1717,0.3571,
1.0,0.999,0.9667,0.9657,0.9692,0.9974,0.9955,0.9904,0.9858,0.9202,0.7287,0.9301,0.9046,0.8349,0.7975,0.8521,0.6815,0.8225,0.9398,0.7802,0.6053,0.9489,0.7192,0.6178,0.6113,0.61,0.8611,0.5677,0.6199,0.7789,0.4887,0.5494,0.3907,0.5997,0.6645,0.5816,0.5173,0.3157,0.4837,0.2573,0.5227,0.3041,0.1968,0.1673,0.3558,
1.0,0.9994,0.9692,0.9686,0.9681,0.9972,0.9956,0.9927,0.9882,0.9233,0.7431,0.9323,0.9106,0.8445,0.8091,0.8571,0.6908,0.834,0.9434,0.7771,0.6172,0.9514,0.7204,0.6297,0.6051,0.6179,0.8586,0.5753,0.6217,0.7836,0.4987,0.5629,0.387,0.5902,0.6736,0.5796,0.5204,0.3246,0.4731,0.2624,0.5213,0.309,0.2055,0.1664,0.3551,
1.0,0.9987,0.9668,0.9655,0.9684,0.9975,0.9955,0.991,0.9843,0.9238,0.7323,0.9262,0.9064,0.8404,0.7999,0.8519,0.6852,0.826,0.9424,0.7815,0.6071,0.9568,0.7211,0.622,0.6028,0.6164,0.8557,0.5755,0.6171,0.7809,0.5046,0.5614,0.3859,0.5874,0.6815,0.5823,0.5244,0.3208,0.4743,0.2556,0.5201,0.3109,0.2049,0.162,0.3601,
1.0,0.9995,0.9678,0.9673,0.969,0.9968,0.9955,0.9931,0.9872,0.927,0.7362,0.9319,0.9131,0.8356,0.8007,0.8607,0.6796,0.8218,0.9408,0.7845,0.6168,0.951,0.7307,0.6257,0.6093,0.6117,0.8583,0.5637,0.6325,0.79,0.5027,0.5502,0.3913,0.5959,0.6772,0.5836,0.5178,0.3178,0.4802,0.2646,0.5274,0.31,0.2106,0.1655,0.3579,
1.0,0.9991,0.9693,0.9684,0.9708,0.9971,0.9945,0.9893,0.9846,0.922,0.7372,0.9332,0.904,0.8417,0.8031,0.8566,0.6853,0.8287,0.939,0.7786,0.6088,0.9522,0.7191,0.6256,0.6113,0.6168,0.8514,0.5692,0.6201,0.7806,0.5066,0.5502,0.3894,0.5909,0.6644,0.5763,0.513,0.3114,0.4783,0.2606,0.5142,0.3162,0.2044,0.1652,0.3545,
1.0,0.9992,0.9657,0.9649,0.9714,0.998,0.9963,0.9927,0.986,0.9263,0.7464,0.9309,0.9132,0.845,0.8071,0.858,0.6936,0.83,0.937,0.7884,0.616,0.9513,0.7225,0.6243,0.6089,0.6252,0.8635,0.5753,0.6188,0.7872,0.5003,0.5529,0.3946,0.5886,0.6638,0.5823,0.5192,0.3182,0.4793,0.2634,0.5178,0.3111,0.2046,0.1606,0.3599,
1.0,0.9983,0.9669,0.9652,0.9711,0.9979,0.995,0.9878,0.984,0.9171,0.7381,0.9308,0.8994,0.8462,0.8062,0.8493,0.6887,0.8331,0.9414,0.7776,0.6113,0.9503,0.7183,0.6286,0.6128,0.6169,0.8566,0.5684,0.6155,0.7749,0.5082,0.5521,0.4013,0.597,0.6707,0.5739,0.5122,0.3222,0.4861,0.2547,0.5137,0.3159,0.1982,0.1601,0.3655,
1.0,0.9992,0.9679,0.9671,0.9697,0.9973,0.9951,0.9905,0.9861,0.919,0.733,0.9318,0.9026,0.8395,0.8013,0.8507,0.6841,0.8269,0.9372,0.7765,0.6074,0.9577,0.7265,0.6225,0.6077,0.6073,0.8567,0.5637,0.6172,0.7752,0.4908,0.5464,0.3798,0.5925,0.6747,0.5831,0.5256,0.3038,0.4806,0.2615,0.5175,0.3053,0.1998,0.1621,0.3588,
1.0,0.9983,0.964,0.9623,0.9706,0.9979,0.9955,0.9896,0.9846,0.921,0.7359,0.9259,0.9037,0.841,0.8006,0.8481,0.6902,0.829,0.9452,0.7855,0.6127,0.9532,0.7182,0.6275,0.6074,0.6191,0.8567,0.5765,0.6212,0.7765,0.5148,0.5596,0.3913,0.5886,0.6754,0.5867,0.5226,0.3242,0.4761,0.2677,0.5219,0.3136,0.2069,0.1653,0.3609,
1.0,0.9994,0.9644,0.9638,0.9695,0.997,0.9952,0.9913,0.9851,0.9217,0.7315,0.9287,0.9074,0.8364,0.7994,0.8511,0.6762,0.8233,0.9405,0.7774,0.6101,0.952,0.7255,0.6225,0.6109,0.6127,0.8557,0.5669,0.6222,0.7866,0.5014,0.5553,0.3836,0.592,0.6726,0.5887,0.5213,0.314,0.4744,0.2673,0.5142,0.3142,0.2105,0.1593,0.3493,
1.0,0.9993,0.9672,0.9665,0.9716,0.9967,0.9954,0.9926,0.9872,0.9265,0.7463,0.9318,0.9112,0.8454,0.8072,0.8588,0.6914,0.8342,0.9421,0.7855,0.6172,0.9547,0.7264,0.6288,0.6109,0.6236,0.8555,0.5774,0.6228,0.7886,0.5058,0.5632,0.3868,0.5912,0.6778,0.5819,0.5153,0.3197,0.4766,0.2633,0.5219,0.3131,0.2094,0.1582,0.3596,
1.0,0.9994,0.9668,0.9662,0.9708,0.9973,0.9955,0.9899,0.9851,0.9175,0.7306,0.932,0.9007,0.838,0.802,0.85,0.6863,0.8254,0.9391,0.7804,0.6032,0.9531,0.7242,0.6245,0.61,0.6089,0.8593,0.5665,0.6184,0.7782,0.5106,0.5482,0.3965,0.5952,0.6778,0.5806,0.5274,0.3249,0.4882,0.2554,0.5321,0.319,0.2129,0.1677,0.3581,
1.0,0.9981,0.9676,0.9657,0.9717,0.997,0.9939,0.9916,0.9865,0.928,0.7466,0.9315,0.9127,0.8428,0.8067,0.8615,0.688,0.829,0.9425,0.7894,0.6205,0.9535,0.7221,0.6295,0.6041,0.626,0.8565,0.5704,0.6216,0.7845,0.5084,0.5551,0.3897,0.5791,0.6734,0.5771,0.5182,0.3177,0.4719,0.2622,0.5217,0.3071,0.204,0.1622,0.3497,
1.0,0.9987,0.9657,0.9644,0.9708,0.9982,0.9957,0.9897,0.9837,0.9231,0.738,0.9297,0.9068,0.8444,0.8048,0.8546,0.6877,0.83,0.9419,0.7829,0.6104,0.953,0.7146,0.622,0.6016,0.6203,0.8565,0.5744,0.6103,0.7836,0.5028,0.5582,0.3816,0.5906,0.6731,0.5773,0.5176,0.3219,0.4799,0.2528,0.5208,0.3096,0.2062,0.1623,0.3572,
1.0,0.9994,0.9676,0.967,0.9703,0.9966,0.9947,0.9906,0.9844,0.9237,0.7345,0.9327,0.9069,0.8378,0.8004,0.8577,0.6856,0.823,0.9402,0.7891,0.6072,0.9517,0.7195,0.62,0.6032,0.6156,0.8596,0.5685,0.6126,0.7797,0.5048,0.5455,0.3839,0.5814,0.6636,0.5804,0.5222,0.3163,0.4745,0.2579,0.5204,0.3048,0.201,0.1626,0.3476,
1.0,0.9991,0.9656,0.9647,0.9683,0.9977,0.9964,0.9907,0.984,0.9249,0.7358,0.9268,0.9082,0.8397,0.8005,0.8529,0.6822,0.8272,0.9431,0.7807,0.6178,0.9535,0.7289,0.6271,0.6143,0.616,0.8572,0.5669,0.6289,0.7766,0.5061,0.5507,0.3962,0.593,0.6789,0.5893,0.5178,0.3186,0.4775,0.2584,0.5258,0.3137,0.2107,0.1654,0.3612,
1.0,0.9992,0.9673,0.9665,0.9675,0.9977,0.9952,0.9918,0.9869,0.9172,0.7305,0.9293,0.9034,0.8401,0.8042,0.8475,0.6821,0.8269,0.9387,0.7718,0.6047,0.9566,0.7182,0.617,0.6062,0.6078,0.8543,0.5625,0.6118,0.7775,0.4934,0.5527,0.3906,0.5952,0.682,0.5788,0.5155,0.3231,0.4772,0.252,0.5205,0.3102,0.2049,0.1658,0.3611,
1.0,0.9988,0.969,0.9678,0.9707,0.9977,0.9955,0.991,0.9861,0.9219,0.7349,0.9322,0.9058,0.8368,0.8011,0.8547,0.6855,0.8244,0.9405,0.784,0.6067,0.9545,0.7178,0.6212,0.608,0.6164,0.8539,0.5697,0.6185,0.7855,0.5117,0.558,0.3921,0.5928,0.6766,0.5747,0.5111,0.3194,0.4721,0.2536,0.5237,0.3139,0.2134,0.1575,0.3552,
1.0,0.9994,0.9651,0.9645,0.9698,0.9971,0.9959,0.9927,0.987,0.9248,0.7408,0.9281,0.9098,0.8406,0.8044,0.8541,0.685,0.8278,0.9433,0.7826,0.6164,0.9549,0.7231,0.6254,0.6053,0.6182,0.8546,0.5692,0.6244,0.7845,0.5118,0.5563,0.3878,0.5967,0.6832,0.5899,0.5167,0.3272,0.4788,0.2622,0.5245,0.3176,0.2132,0.1607,0.3552,
1.0,0.9996,0.9667,0.9663,0.9696,0.9981,0.997,0.9907,0.9842,0.924,0.7361,0.9304,0.9085,0.8402,0.7994,0.8566,0.6891,0.8269,0.942,0.7864,0.6125,0.9521,0.7238,0.6259,0.6049,0.6134,0.8618,0.5746,0.6264,0.783,0.499,0.5589,0.3802,0.5941,0.6782,0.586,0.5271,0.3152,0.4782,0.2677,0.5296,0.3001,0.2041,0.1657,0.3548,
1.0,0.9987,0.9701,0.9688,0.9718,0.9981,0.9957,0.9886,0.9834,0.9257,0.7426,0.9347,0.9082,0.8446,0.8038,0.8611,0.6883,0.8315,0.9391,0.7836,0.6133,0.9491,0.7222,0.6253,0.6055,0.6177,0.8558,0.564,0.6253,0.7835,0.5052,0.5528,0.3896,0.5916,0.6755,0.5765,0.5154,0.3174,0.4731,0.2568,0.5269,0.3072,0.2069,0.1603,0.3523,
1.0,0.9992,0.9671,0.9663,0.969,0.9971,0.9955,0.9921,0.9866,0.9287,0.7386,0.9296,0.9132,0.8372,0.8015,0.8599,0.6853,0.8249,0.9381,0.7879,0.6128,0.9529,0.7252,0.6204,0.6038,0.6127,0.8591,0.5609,0.6217,0.7867,0.5051,0.5463,0.3913,0.5863,0.6624,0.58,0.5165,0.3148,0.489,0.259,0.5258,0.3131,0.2032,0.1644,0.3541,
1.0,0.9993,0.9653,0.9646,0.9692,0.9983,0.9962,0.9899,0.9868,0.92,0.7345,0.9272,0.9031,0.8374,0.7993,0.8485,0.6832,0.8264,0.9412,0.7776,0.6102,0.9538,0.7242,0.6213,0.6126,0.6115,0.8574,0.5675,0.6152,0.7798,0.5016,0.5469,0.3927,0.5903,0.674,0.578,0.5205,0.32,0.4741,0.2625,0.5175,0.3165,0.2044,0.1612,0.357,
1.0,0.9992,0.9648,0.964,0.9687,0.9979,0.996,0.9895,0.9845,0.9232,0.7396,0.9274,0.9064,0.8459,0.8032,0.851,0.688,0.8312,0.9376,0.7817,0.6148,0.9516,0.7231,0.6227,0.602,0.6132,0.8582,0.5734,0.6173,0.7794,0.502,0.5551,0.3838,0.5918,0.6802,0.5871,0.5187,0.3202,0.4802,0.2618,0.5288,0.3107,0.2107,0.1657,0.3573,
1.0,0.9995,0.9681,0.9676,0.9709,0.9971,0.9958,0.9901,0.9836,0.9231,0.7421,0.9331,0.9061,0.847,0.8048,0.8561,0.6851,0.8342,0.9393,0.7779,0.6139,0.9524,0.72,0.6281,0.6147,0.6233,0.8534,0.5732,0.6204,0.7792,0.4981,0.5612,0.3936,0.5898,0.6728,0.5836,0.512,0.317,0.4813,0.2572,0.524,0.3165,0.2031,0.1626,0.3611,
1.0,0.9989,0.9667,0.9656,0.972,0.9974,0.9954,0.9919,0.9868,0.9243,0.7379,0.9324,0.9098,0.8358,0.8001,0.8573,0.687,0.8235,0.943,0.7894,0.6084,0.9544,0.7173,0.6184,0.6027,0.6141,0.8585,0.5663,0.6179,0.7868,0.5116,0.5512,0.3867,0.5877,0.6772,0.5793,0.516,0.3149,0.4781,0.2634,0.5281,0.3163,0.2128,0.1556,0.3583,
1.0,0.9991,0.9666,0.9657,0.9688,0.9975,0.9949,0.9893,0.9852,0.9283,0.7383,0.9298,0.9118,0.8381,0.7992,0.8599,0.6774,0.8258,0.9435,0.7822,0.612,0.9538,0.7248,0.6174,0.6015,0.6165,0.8511,0.5685,0.6207,0.785,0.5168,0.5575,0.3885,0.5975,0.6784,0.5883,0.5172,0.3221,0.4818,0.2542,0.5236,0.3175,0.2151,0.1627,0.3519,
1.0,0.9995,0.9697,0.9692,0.9708,0.9971,0.9956,0.9905,0.9857,0.9262,0.7324,0.9353,0.9099,0.8306,0.7932,0.8623,0.6726,0.8176,0.9456,0.7824,0.6051,0.9503,0.7176,0.6181,0.6043,0.6115,0.85,0.5548,0.6217,0.7814,0.5112,0.5458,0.3806,0.5873,0.679,0.587,0.5255,0.315,0.4708,0.2581,0.5217,0.3097,0.2117,0.1645,0.3379,
1.0,0.9988,0.9707,0.9695,0.9686,0.9962,0.9941,0.9902,0.9827,0.9234,0.7333,0.934,0.9076,0.8397,0.8017,0.8583,0.6874,0.8258,0.9409,0.7845,0.609,0.9554,0.7213,0.6183,0.6004,0.6147,0.8605,0.5676,0.6187,0.7815,0.5081,0.5561,0.3889,0.6016,0.6865,0.5793,0.5257,0.318,0.4884,0.2602,0.5362,0.3213,0.2155,0.1572,0.3663,
1.0,0.9988,0.963,0.9618,0.9696,0.9965,0.9938,0.99,0.9862,0.9191,0.7394,0.9242,0.9008,0.845,0.8066,0.8461,0.6869,0.8331,0.9389,0.7758,0.6112,0.9547,0.722,0.6251,0.6095,0.6116,0.8536,0.5636,0.6219,0.776,0.4998,0.5469,0.3881,0.5962,0.6739,0.5876,0.5221,0.3152,0.4866,0.2739,0.5194,0.3147,0.2019,0.175,0.3656,
1.0,0.9986,0.9661,0.9647,0.9697,0.9976,0.9952,0.9896,0.9844,0.9238,0.7326,0.9283,0.9069,0.8381,0.7978,0.854,0.6816,0.8249,0.9415,0.7826,0.611,0.9489,0.7193,0.6237,0.6042,0.6133,0.8554,0.5689,0.621,0.7842,0.5092,0.5532,0.3855,0.5854,0.675,0.5826,0.5229,0.3204,0.468,0.2625,0.5235,0.3136,0.212,0.1619,0.3505,
1.0,0.9993,0.9692,0.9685,0.9705,0.9971,0.9952,0.9898,0.9834,0.9272,0.7352,0.9335,0.9104,0.8353,0.796,0.8618,0.6895,0.8219,0.9398,0.7958,0.6069,0.9512,0.7244,0.6171,0.6055,0.6131,0.8658,0.5665,0.622,0.7833,0.5078,0.546,0.3941,0.5984,0.6745,0.5815,0.5263,0.3162,0.4836,0.2583,0.532,0.3188,0.2119,0.1686,0.3587,
1.0,0.9991,0.9662,0.9653,0.9691,0.9983,0.9969,0.9903,0.9841,0.9262,0.7318,0.9289,0.9099,0.8363,0.7958,0.8555,0.6774,0.8235,0.9435,0.7807,0.6139,0.9542,0.7252,0.6241,0.6092,0.6141,0.8493,0.5641,0.6287,0.7807,0.5072,0.5535,0.3857,0.5939,0.6747,0.5924,0.517,0.31,0.4801,0.2643,0.5162,0.3109,0.206,0.1591,0.3475,
1.0,0.9993,0.97,0.9693,0.969,0.9975,0.9959,0.9896,0.9828,0.9229,0.7338,0.934,0.9068,0.8414,0.8004,0.8587,0.6843,0.8264,0.9363,0.7802,0.6126,0.9515,0.7257,0.626,0.615,0.6118,0.8557,0.5678,0.6289,0.7825,0.5071,0.5569,0.3851,0.5847,0.6753,0.5814,0.5202,0.3216,0.4746,0.2616,0.5297,0.3159,0.2107,0.1617,0.3519,
1.0,0.9992,0.9689,0.9681,0.9703,0.9982,0.9965,0.9894,0.9844,0.9215,0.7393,0.9332,0.9057,0.8425,0.8041,0.856,0.6903,0.8282,0.9401,0.7832,0.6121,0.9542,0.723,0.6257,0.6125,0.6167,0.8565,0.5701,0.6169,0.777,0.5076,0.5509,0.3918,0.5894,0.6776,0.5824,0.5236,0.3158,0.4816,0.2561,0.5275,0.3132,0.2096,0.1631,0.3619,
1.0,0.9983,0.9706,0.9689,0.9676,0.9981,0.9948,0.9889,0.9833,0.9248,0.7336,0.9311,0.9085,0.8387,0.7985,0.8572,0.6862,0.8241,0.9398,0.7813,0.6085,0.9523,0.7243,0.6196,0.6019,0.6117,0.858,0.5627,0.6236,0.7837,0.4978,0.5479,0.3783,0.595,0.6809,0.5766,0.5168,0.3149,0.4813,0.2612,0.5351,0.3063,0.2053,0.1604,0.3579,
1.0,0.9992,0.9692,0.9684,0.971,0.9972,0.9952,0.9896,0.9856,0.9253,0.7418,0.9336,0.9075,0.8393,0.8032,0.8607,0.6892,0.8271,0.9383,0.7868,0.6068,0.9512,0.7177,0.6192,0.5994,0.6134,0.8552,0.5662,0.6166,0.7846,0.5073,0.5492,0.3875,0.5957,0.6771,0.5785,0.517,0.3109,0.4832,0.259,0.5323,0.3098,0.2172,0.1596,0.3569,
1.0,0.9991,0.9693,0.9684,0.9713,0.9973,0.9955,0.9902,0.9839,0.9226,0.7306,0.9356,0.9077,0.8317,0.7918,0.8603,0.6804,0.8186,0.9413,0.7865,0.6079,0.9504,0.7219,0.6214,0.6042,0.6058,0.8603,0.5622,0.6259,0.7801,0.4992,0.5447,0.3824,0.5873,0.669,0.5786,0.5172,0.3071,0.4757,0.2579,0.5292,0.3017,0.2047,0.1642,0.3514,
1.0,0.9992,0.9656,0.9648,0.9719,0.997,0.9954,0.9904,0.9848,0.9248,0.7337,0.9306,0.9081,0.8328,0.7942,0.8567,0.6748,0.8197,0.9446,0.7854,0.612,0.9539,0.7249,0.6227,0.6048,0.6122,0.8546,0.5638,0.6172,0.7856,0.5127,0.5447,0.3886,0.5914,0.6839,0.5877,0.5329,0.3158,0.4785,0.2571,0.52,0.3194,0.2068,0.1705,0.3525,
1.0,0.9989,0.9684,0.9673,0.9703,0.9976,0.9956,0.9903,0.9861,0.9279,0.7383,0.9301,0.9104,0.8342,0.7959,0.8598,0.6817,0.823,0.9423,0.7829,0.6089,0.9553,0.7261,0.6189,0.6013,0.61,0.8554,0.559,0.6249,0.7901,0.5127,0.5432,0.3858,0.5943,0.6777,0.583,0.5156,0.311,0.4805,0.2555,0.5223,0.3166,0.2125,0.1613,0.3589,
1.0,0.9991,0.9652,0.9643,0.9706,0.9969,0.9954,0.9919,0.9861,0.923,0.7333,0.929,0.907,0.8358,0.7985,0.8522,0.6796,0.8232,0.9426,0.7821,0.6124,0.9563,0.7242,0.6203,0.6011,0.6099,0.8534,0.5625,0.6115,0.783,0.5091,0.5436,0.3823,0.5753,0.6734,0.5868,0.5215,0.3147,0.4785,0.2498,0.5196,0.3084,0.2018,0.1665,0.3472,
1.0,0.9988,0.969,0.9678,0.9718,0.9972,0.9952,0.9904,0.9861,0.9259,0.7474,0.9345,0.9106,0.848,0.8112,0.8616,0.693,0.8358,0.9443,0.786,0.6206,0.9503,0.7221,0.634,0.603,0.6213,0.8576,0.575,0.6212,0.7863,0.5047,0.556,0.3868,0.5851,0.6722,0.5826,0.5206,0.3126,0.4765,0.258,0.5244,0.3098,0.2046,0.1656,0.3577,
1.0,0.9984,0.9677,0.9661,0.9698,0.9975,0.9947,0.9898,0.9834,0.927,0.7388,0.9307,0.9112,0.839,0.7975,0.8584,0.6854,0.823,0.9384,0.7867,0.6206,0.9529,0.7312,0.6296,0.6061,0.6123,0.8588,0.5679,0.6241,0.784,0.515,0.5513,0.3937,0.5817,0.6732,0.5905,0.517,0.319,0.4755,0.2701,0.5301,0.3106,0.2134,0.1619,0.3452,
1.0,0.9992,0.9662,0.9654,0.9713,0.9973,0.9954,0.9901,0.985,0.9218,0.7416,0.9317,0.9062,0.8427,0.805,0.8543,0.6856,0.8301,0.9369,0.7811,0.6071,0.9553,0.7211,0.6167,0.6024,0.6114,0.8557,0.5648,0.6166,0.7806,0.5014,0.5498,0.3776,0.5869,0.6732,0.5797,0.5275,0.3127,0.4765,0.2642,0.5226,0.3127,0.2057,0.1606,0.3563,
1.0,0.9996,0.9724,0.972,0.9699,0.9965,0.9949,0.9914,0.984,0.9264,0.7373,0.9367,0.9099,0.8389,0.8022,0.8638,0.6911,0.8225,0.9348,0.7921,0.6139,0.951,0.7297,0.6275,0.6173,0.6116,0.8623,0.5667,0.6334,0.7878,0.4985,0.5497,0.3929,0.5985,0.6729,0.5829,0.5089,0.3119,0.4807,0.2713,0.5285,0.3078,0.2079,0.1648,0.3585,
1.0,0.9984,0.9652,0.9636,0.9725,0.9979,0.9956,0.9907,0.9859,0.9219,0.7376,0.9294,0.906,0.841,0.8038,0.8533,0.6893,0.8295,0.9419,0.7865,0.6088,0.9558,0.7184,0.6229,0.6034,0.6142,0.8582,0.5711,0.6113,0.7843,0.499,0.552,0.3867,0.5941,0.6708,0.5787,0.5186,0.3086,0.4828,0.2528,0.5142,0.3108,0.1981,0.1627,0.3589,
1.0,0.9984,0.9684,0.9668,0.9695,0.9981,0.9958,0.9903,0.9844,0.9271,0.7384,0.9303,0.9118,0.839,0.8001,0.8578,0.6833,0.8265,0.9446,0.7837,0.6196,0.9557,0.7289,0.6265,0.611,0.6208,0.8551,0.5711,0.6249,0.7884,0.5098,0.5566,0.3927,0.5959,0.6856,0.5934,0.5234,0.3196,0.4854,0.2568,0.5206,0.3165,0.2134,0.1705,0.3571,
1.0,0.999,0.9676,0.9666,0.9722,0.9975,0.9956,0.9908,0.9839,0.9274,0.7351,0.9331,0.9116,0.8333,0.7926,0.8615,0.6743,0.8186,0.9394,0.786,0.6095,0.9516,0.7287,0.6196,0.6123,0.613,0.8552,0.5552,0.6317,0.7888,0.5031,0.546,0.3891,0.5886,0.6717,0.5891,0.5216,0.3147,0.4785,0.27,0.523,0.3083,0.2045,0.1696,0.3488,
1.0,0.9989,0.9673,0.9662,0.97,0.9972,0.9951,0.991,0.9858,0.9289,0.7409,0.9309,0.9136,0.8376,0.8033,0.8612,0.687,0.8242,0.9417,0.7926,0.6188,0.9527,0.7294,0.6247,0.6068,0.6196,0.8597,0.571,0.6294,0.7896,0.5155,0.5514,0.3886,0.5901,0.6725,0.5874,0.5206,0.3158,0.4817,0.2666,0.5284,0.3113,0.2106,0.1636,0.3607,
1.0,0.999,0.9654,0.9644,0.9717,0.9978,0.9961,0.9908,0.9835,0.9259,0.7398,0.9308,0.9111,0.8401,0.8027,0.8573,0.6849,0.8256,0.9394,0.7882,0.6128,0.9517,0.7229,0.6251,0.606,0.6202,0.8588,0.5729,0.6172,0.791,0.5057,0.5515,0.3846,0.5887,0.6735,0.5817,0.5204,0.3154,0.4814,0.2646,0.5299,0.3103,0.2086,0.1614,0.3531,
1.0,0.9985,0.9681,0.9666,0.9737,0.9979,0.9953,0.9908,0.9843,0.9236,0.7367,0.9352,0.909,0.8367,0.7999,0.8603,0.6828,0.8224,0.938,0.7849,0.6134,0.9565,0.7342,0.6283,0.611,0.6118,0.8565,0.5547,0.6288,0.7924,0.5186,0.5445,0.4007,0.5921,0.6739,0.5826,0.5174,0.3177,0.4799,0.263,0.5258,0.3215,0.2173,0.164,0.3574,
1.0,0.9987,0.9689,0.9676,0.9673,0.9974,0.9951,0.9906,0.9844,0.9233,0.7345,0.9299,0.9083,0.8393,0.8026,0.8548,0.6875,0.8251,0.9379,0.7834,0.6088,0.9528,0.7211,0.6192,0.6048,0.6135,0.8572,0.5656,0.6169,0.779,0.4949,0.5471,0.3839,0.5846,0.6728,0.5775,0.5195,0.3097,0.4775,0.261,0.5226,0.3041,0.2,0.161,0.3537,
1.0,0.9986,0.9663,0.9649,0.9713,0.9971,0.9943,0.9893,0.9843,0.9247,0.733,0.9319,0.9087,0.8329,0.7973,0.8567,0.6807,0.8202,0.9414,0.7908,0.6135,0.9541,0.7298,0.6244,0.6139,0.6163,0.8551,0.5652,0.627,0.7839,0.5077,0.5499,0.3925,0.5877,0.6715,0.5922,0.5236,0.3087,0.486,0.265,0.5237,0.3162,0.2097,0.1696,0.3575,
1.0,0.9992,0.9655,0.9647,0.9713,0.9969,0.995,0.9931,0.9873,0.9216,0.7385,0.9304,0.9073,0.8404,0.8031,0.8536,0.6859,0.8275,0.9396,0.7811,0.6078,0.9538,0.7193,0.623,0.6083,0.6099,0.8601,0.5675,0.62,0.779,0.5026,0.5491,0.3853,0.5918,0.6807,0.5826,0.5211,0.317,0.4827,0.2604,0.5326,0.313,0.2099,0.1593,0.3616,
1.0,0.9985,0.97,0.9685,0.9712,0.9975,0.9951,0.99,0.9854,0.9254,0.737,0.9345,0.9095,0.8375,0.799,0.8608,0.6853,0.8246,0.9404,0.7863,0.6074,0.9496,0.7149,0.6222,0.5993,0.6146,0.856,0.5674,0.6174,0.7839,0.5064,0.5535,0.3853,0.5837,0.6726,0.5781,0.5239,0.3121,0.4792,0.2588,0.5319,0.311,0.21,0.1654,0.3516,
1.0,0.9992,0.9659,0.9651,0.97,0.9975,0.9957,0.9916,0.9866,0.9208,0.7329,0.9304,0.9066,0.8354,0.7987,0.8526,0.6865,0.8235,0.9397,0.7852,0.6042,0.953,0.7207,0.6166,0.605,0.6095,0.8626,0.5678,0.6158,0.7805,0.5027,0.5431,0.387,0.5782,0.6724,0.5783,0.5268,0.3164,0.4774,0.2598,0.528,0.3092,0.2104,0.1592,0.347,
1.0,0.9983,0.9664,0.9647,0.9675,0.9973,0.9949,0.9899,0.984,0.9237,0.7308,0.926,0.9062,0.8347,0.7939,0.8506,0.6764,0.8228,0.9433,0.7762,0.6124,0.9532,0.7239,0.6207,0.6054,0.612,0.8551,0.5658,0.6219,0.7782,0.4982,0.549,0.3801,0.5894,0.6738,0.5824,0.5206,0.3163,0.4805,0.2579,0.5214,0.3041,0.206,0.1616,0.3532,
1.0,0.9994,0.9645,0.9639,0.9695,0.9979,0.9959,0.9909,0.9861,0.9211,0.7334,0.9275,0.9054,0.8373,0.8005,0.85,0.6833,0.8225,0.9357,0.7804,0.6049,0.9521,0.7184,0.6167,0.5983,0.6049,0.8571,0.5593,0.6166,0.7804,0.4981,0.5454,0.388,0.5875,0.6733,0.5747,0.5198,0.3149,0.4836,0.2617,0.5328,0.3118,0.2089,0.1634,0.3593,
1.0,0.9985,0.968,0.9665,0.9717,0.9972,0.9946,0.9896,0.9849,0.9235,0.7415,0.9341,0.9076,0.8437,0.8067,0.8598,0.6894,0.8308,0.9408,0.7846,0.618,0.9515,0.7249,0.6311,0.6107,0.6219,0.8576,0.576,0.625,0.7892,0.5141,0.5582,0.3899,0.5929,0.6784,0.5858,0.5271,0.3235,0.4789,0.2643,0.5271,0.3174,0.2137,0.1625,0.3529,
1.0,0.9984,0.967,0.9654,0.9693,0.997,0.9949,0.9911,0.986,0.9218,0.7346,0.9298,0.9069,0.8378,0.802,0.8543,0.6825,0.8259,0.9418,0.7805,0.6068,0.9531,0.7171,0.6193,0.5972,0.6128,0.857,0.5633,0.613,0.7807,0.4958,0.5525,0.3817,0.587,0.6705,0.5731,0.5225,0.3107,0.4811,0.2613,0.5268,0.3033,0.2018,0.1644,0.3485,
1.0,0.9986,0.9642,0.9628,0.9706,0.9977,0.9951,0.9905,0.9843,0.9236,0.7353,0.9274,0.9072,0.8383,0.7967,0.8522,0.6777,0.8237,0.9358,0.7784,0.6027,0.9548,0.718,0.6143,0.6037,0.6107,0.8523,0.5592,0.6193,0.7801,0.4982,0.548,0.3889,0.6032,0.6747,0.5816,0.5166,0.313,0.4803,0.2569,0.5214,0.3146,0.2095,0.1647,0.3609,
1.0,0.9988,0.9673,0.9661,0.97,0.9977,0.9957,0.9909,0.9842,0.9238,0.7361,0.9303,0.9078,0.8388,0.8006,0.8565,0.6868,0.825,0.9385,0.7857,0.6075,0.9549,0.7206,0.6186,0.6079,0.6147,0.8575,0.5671,0.623,0.7838,0.505,0.5523,0.3931,0.6,0.6752,0.5799,0.5167,0.3159,0.4859,0.2596,0.5336,0.319,0.2079,0.1674,0.3661,
1.0,0.9986,0.9692,0.9678,0.97,0.9978,0.9955,0.9904,0.9858,0.9249,0.7424,0.9328,0.9098,0.8447,0.8078,0.8589,0.6906,0.8317,0.9408,0.7836,0.6167,0.9526,0.7224,0.6289,0.5968,0.6122,0.8537,0.5654,0.6196,0.7828,0.5074,0.5506,0.3878,0.5852,0.6754,0.5792,0.5161,0.3078,0.4725,0.2613,0.5236,0.3123,0.2073,0.1628,0.3518,
1.0,0.9988,0.9687,0.9675,0.9678,0.9973,0.9949,0.9901,0.9858,0.9248,0.7409,0.9309,0.9096,0.8463,0.8107,0.8573,0.696,0.8317,0.9367,0.7861,0.6155,0.9501,0.7258,0.626,0.6068,0.6102,0.8587,0.572,0.6222,0.7864,0.5098,0.5538,0.3922,0.5879,0.6764,0.5844,0.5186,0.3304,0.4759,0.2667,0.5281,0.3174,0.214,0.1607,0.3586,
1.0,0.998,0.9672,0.9652,0.9697,0.9967,0.994,0.9905,0.9857,0.9211,0.7321,0.9295,0.9055,0.8381,0.8021,0.8525,0.6863,0.8265,0.9406,0.7839,0.6077,0.9529,0.7225,0.6183,0.6122,0.6157,0.8596,0.5735,0.6183,0.7831,0.503,0.556,0.3908,0.5885,0.6754,0.5802,0.5176,0.3218,0.4825,0.2594,0.5276,0.3156,0.21,0.1628,0.3576,
1.0,0.9992,0.9697,0.9689,0.9684,0.996,0.9937,0.9912,0.9852,0.9225,0.7386,0.9321,0.9057,0.8441,0.8044,0.8552,0.6839,0.8297,0.9432,0.7749,0.6209,0.9519,0.7265,0.6327,0.6142,0.6196,0.8518,0.5738,0.6245,0.7773,0.4985,0.5618,0.3924,0.602,0.6857,0.5931,0.5277,0.3226,0.4839,0.2614,0.5256,0.3126,0.2106,0.1696,0.3622,
1.0,0.999,0.9677,0.9667,0.9715,0.9972,0.9954,0.9912,0.9849,0.9204,0.7336,0.9326,0.904,0.8388,0.8006,0.8542,0.6843,0.8266,0.9409,0.7822,0.6043,0.9548,0.7181,0.6216,0.6122,0.6153,0.8561,0.5678,0.615,0.7833,0.5136,0.552,0.3979,0.5964,0.6815,0.5835,0.5256,0.3279,0.4826,0.2543,0.5257,0.3256,0.2077,0.1694,0.3612,
1.0,0.9986,0.9674,0.966,0.9689,0.9972,0.9952,0.9902,0.9862,0.9219,0.734,0.9289,0.9052,0.8381,0.7984,0.8522,0.6866,0.8276,0.9424,0.7812,0.6042,0.9529,0.7127,0.6182,0.5919,0.6049,0.8599,0.5642,0.6115,0.7746,0.5049,0.545,0.3779,0.5867,0.6804,0.5755,0.5113,0.3139,0.4733,0.248,0.5265,0.306,0.2118,0.1503,0.358,
1.0,0.9989,0.9678,0.9667,0.9707,0.9973,0.9954,0.989,0.983,0.9251,0.7371,0.9325,0.9081,0.8415,0.8017,0.8574,0.6834,0.828,0.9396,0.7833,0.613,0.9515,0.7257,0.6247,0.6091,0.6165,0.8557,0.5648,0.6139,0.7833,0.4993,0.5483,0.3903,0.589,0.6787,0.5865,0.5201,0.3132,0.4865,0.2563,0.5251,0.3151,0.2096,0.1674,0.3507,
1.0,0.9984,0.9669,0.9653,0.9732,0.9982,0.995,0.9885,0.9838,0.9253,0.743,0.9339,0.9093,0.8422,0.8037,0.8604,0.6889,0.8282,0.9351,0.7898,0.6079,0.9511,0.7154,0.6227,0.5985,0.6159,0.8548,0.5663,0.6196,0.7854,0.5129,0.5517,0.3847,0.5967,0.6771,0.575,0.5188,0.3204,0.478,0.2644,0.5316,0.3185,0.2151,0.1574,0.3605,
1.0,0.9988,0.9665,0.9653,0.9729,0.9972,0.9948,0.9891,0.9838,0.9214,0.734,0.9333,0.9046,0.8356,0.7991,0.8558,0.6845,0.822,0.9362,0.7883,0.6073,0.9525,0.7252,0.6212,0.6094,0.6105,0.8604,0.5638,0.6161,0.7853,0.5052,0.5449,0.3833,0.5815,0.6738,0.5822,0.5206,0.3071,0.4787,0.2594,0.5266,0.3124,0.2107,0.1619,0.3535,
1.0,0.998,0.9697,0.9677,0.9687,0.9978,0.9955,0.9915,0.9861,0.9212,0.7276,0.9308,0.9069,0.8328,0.7953,0.8535,0.678,0.822,0.9443,0.7799,0.5996,0.9541,0.7154,0.6159,0.6005,0.6045,0.8569,0.5642,0.613,0.7818,0.5031,0.5505,0.3862,0.5851,0.6768,0.5728,0.5166,0.3189,0.4648,0.2518,0.521,0.3101,0.2088,0.1587,0.3404,
1.0,0.9992,0.9683,0.9675,0.9688,0.9974,0.9952,0.9901,0.9848,0.9212,0.7289,0.9315,0.9051,0.8336,0.7944,0.8543,0.6767,0.8194,0.9361,0.7766,0.6046,0.9496,0.7215,0.6177,0.6049,0.6075,0.8522,0.5603,0.6183,0.7727,0.4962,0.542,0.3849,0.5721,0.6707,0.5768,0.5149,0.3067,0.4653,0.2504,0.5207,0.303,0.2059,0.1583,0.3377,
1.0,0.9991,0.9695,0.9686,0.9665,0.9973,0.9951,0.9906,0.9856,0.9276,0.7345,0.9296,0.9116,0.8351,0.7972,0.8577,0.6846,0.8227,0.9398,0.7859,0.6067,0.9534,0.7215,0.6108,0.6028,0.6102,0.8571,0.5664,0.6218,0.7804,0.4967,0.5447,0.381,0.5929,0.6807,0.5789,0.5207,0.3107,0.486,0.2622,0.5337,0.3072,0.2061,0.1626,0.3528,
1.0,0.9986,0.9691,0.9677,0.9694,0.9976,0.9956,0.99,0.9854,0.9191,0.7375,0.9306,0.9022,0.8439,0.803,0.8508,0.6934,0.8315,0.9453,0.781,0.612,0.9519,0.7163,0.6294,0.6084,0.6152,0.8609,0.5772,0.6216,0.7771,0.5015,0.5676,0.3895,0.5956,0.6782,0.581,0.5283,0.3224,0.478,0.2649,0.5268,0.3055,0.2051,0.1655,0.352,
1.0,0.9987,0.9694,0.9681,0.9686,0.9971,0.9949,0.9897,0.9845,0.9263,0.7325,0.9325,0.9107,0.8347,0.7972,0.8596,0.6827,0.8218,0.9428,0.7856,0.616,0.9513,0.7292,0.6251,0.6056,0.6122,0.8608,0.5663,0.6248,0.7853,0.5009,0.5525,0.3846,0.5845,0.682,0.589,0.5344,0.3157,0.4732,0.2636,0.5293,0.3056,0.209,0.1666,0.3433,
1.0,0.9991,0.9682,0.9673,0.9672,0.9975,0.9952,0.9906,0.9869,0.9282,0.7396,0.9278,0.9112,0.8379,0.8001,0.8569,0.6836,0.8259,0.9417,0.7803,0.6146,0.9541,0.7239,0.6204,0.6071,0.616,0.8522,0.5642,0.6226,0.7807,0.5094,0.5457,0.388,0.5892,0.6773,0.5847,0.5209,0.3179,0.4766,0.2615,0.523,0.3147,0.2158,0.1646,0.3514,
1.0,0.9988,0.9675,0.9663,0.9682,0.9979,0.9961,0.9904,0.9849,0.9207,0.7344,0.9291,0.9049,0.8403,0.803,0.8518,0.6865,0.8287,0.9422,0.7795,0.6106,0.9526,0.7203,0.6248,0.6062,0.6121,0.8594,0.567,0.6177,0.7791,0.5041,0.5548,0.3914,0.5953,0.6741,0.5801,0.5197,0.3162,0.4808,0.2615,0.5278,0.3097,0.2057,0.1627,0.3578,
1.0,0.9988,0.9655,0.9643,0.967,0.9973,0.9957,0.99,0.9846,0.9207,0.7316,0.9252,0.9036,0.8379,0.7976,0.8473,0.6837,0.8255,0.9339,0.7781,0.6042,0.9523,0.7246,0.6157,0.6074,0.6041,0.8581,0.5588,0.6213,0.7739,0.483,0.5403,0.3785,0.5899,0.667,0.5806,0.5182,0.3017,0.4781,0.2672,0.5241,0.2966,0.2006,0.1609,0.3536,
1.0,0.9991,0.966,0.9651,0.9725,0.9973,0.996,0.9916,0.9844,0.9221,0.7392,0.9325,0.9073,0.8377,0.7993,0.8567,0.6837,0.8237,0.9367,0.785,0.6108,0.9526,0.7193,0.6209,0.6057,0.6106,0.8586,0.5629,0.6206,0.7829,0.5058,0.543,0.3864,0.5909,0.6691,0.5795,0.5181,0.3122,0.4845,0.2608,0.5277,0.3176,0.2152,0.1629,0.3584,
1.0,0.9988,0.9675,0.9663,0.9702,0.9971,0.9949,0.9895,0.9858,0.925,0.736,0.9314,0.9079,0.8372,0.7985,0.8581,0.6842,0.8252,0.9405,0.7855,0.6047,0.9524,0.7205,0.6145,0.6028,0.6077,0.86,0.5678,0.6164,0.7839,0.5096,0.5433,0.3874,0.5871,0.6678,0.5774,0.5261,0.3183,0.4824,0.2611,0.5213,0.3127,0.2105,0.1614,0.3513,
1.0,0.9982,0.9689,0.9671,0.9698,0.9974,0.995,0.9893,0.9838,0.9221,0.7336,0.9331,0.9067,0.838,0.797,0.8569,0.6827,0.8263,0.9427,0.7807,0.613,0.952,0.7218,0.6257,0.6014,0.6103,0.8584,0.5707,0.6187,0.7769,0.5063,0.5496,0.3893,0.588,0.6796,0.5829,0.5236,0.3195,0.4834,0.2602,0.5313,0.3134,0.2145,0.1706,0.349,
1.0,0.9992,0.9692,0.9684,0.9691,0.997,0.9956,0.9904,0.984,0.921,0.7257,0.9319,0.9039,0.8318,0.7904,0.8539,0.6754,0.8176,0.9376,0.7788,0.6015,0.9506,0.7242,0.6159,0.6139,0.603,0.8558,0.5601,0.6254,0.7766,0.4891,0.5462,0.3823,0.5844,0.6694,0.582,0.5203,0.2996,0.475,0.2648,0.5294,0.294,0.1921,0.1677,0.3455,
1.0,0.9987,0.966,0.9647,0.9696,0.9976,0.9959,0.9905,0.9838,0.9232,0.7342,0.9284,0.9069,0.838,0.7989,0.853,0.6785,0.8248,0.9417,0.7789,0.6117,0.9523,0.7229,0.6215,0.6061,0.6164,0.8539,0.5658,0.6139,0.7844,0.5035,0.5465,0.388,0.5833,0.6722,0.5812,0.5153,0.3204,0.4717,0.2513,0.5213,0.3095,0.2066,0.156,0.3454,
1.0,0.9988,0.9683,0.9671,0.9715,0.9977,0.9952,0.9896,0.9858,0.9211,0.7397,0.9325,0.9041,0.8451,0.8083,0.8555,0.6948,0.8325,0.9419,0.7842,0.612,0.9492,0.7121,0.6281,0.6009,0.6146,0.8584,0.5706,0.6169,0.7795,0.5032,0.5524,0.3856,0.5914,0.676,0.5763,0.5249,0.325,0.4832,0.2634,0.5317,0.3114,0.2116,0.1648,0.3603,
1.0,0.999,0.9708,0.9698,0.9685,0.9969,0.995,0.99,0.9844,0.9232,0.7277,0.9325,0.9055,0.8324,0.7969,0.8565,0.6816,0.8202,0.946,0.7842,0.6064,0.9544,0.7207,0.6212,0.6098,0.6178,0.8531,0.5656,0.6156,0.7804,0.5029,0.5547,0.3866,0.5958,0.6865,0.5823,0.53,0.3165,0.4796,0.2581,0.5303,0.3081,0.207,0.1715,0.3497,
1.0,0.9992,0.9678,0.967,0.9693,0.9972,0.9949,0.9898,0.9861,0.9192,0.7352,0.9312,0.9021,0.8424,0.8038,0.8522,0.6892,0.8297,0.9434,0.7807,0.6122,0.9533,0.7221,0.627,0.6105,0.6132,0.8607,0.5744,0.6189,0.7756,0.4984,0.5534,0.3882,0.5949,0.6802,0.5854,0.5249,0.3165,0.4906,0.2584,0.5253,0.3102,0.2086,0.1692,0.3626,
1.0,0.999,0.9667,0.9657,0.9684,0.9968,0.9954,0.9915,0.987,0.922,0.7383,0.9285,0.9063,0.8418,0.8033,0.8515,0.687,0.8312,0.9436,0.7792,0.6122,0.9537,0.7227,0.6243,0.605,0.6104,0.8587,0.5736,0.6167,0.7822,0.5016,0.5546,0.3863,0.593,0.6737,0.5825,0.5272,0.3191,0.4813,0.2637,0.5241,0.308,0.2043,0.1664,0.3569,
1.0,0.9987,0.9654,0.9641,0.9704,0.9972,0.9954,0.9907,0.9845,0.9241,0.7388,0.9294,0.9085,0.8434,0.8053,0.8561,0.6875,0.8307,0.9395,0.7854,0.6063,0.9528,0.719,0.619,0.5948,0.6095,0.8573,0.5695,0.6181,0.7835,0.5062,0.5532,0.3789,0.5904,0.6711,0.5753,0.5222,0.3191,0.4787,0.2607,0.5225,0.3123,0.207,0.1589,0.3591,
1.0,0.9992,0.9712,0.9704,0.9708,0.9976,0.996,0.992,0.9878,0.9247,0.7483,0.9358,0.9102,0.8443,0.8077,0.8608,0.6966,0.8326,0.9397,0.785,0.6117,0.9517,0.7183,0.6244,0.6043,0.618,0.859,0.5682,0.6205,0.7804,0.4946,0.5475,0.3812,0.585,0.6711,0.5789,0.5165,0.3087,0.473,0.2617,0.5218,0.303,0.2016,0.1505,0.3554,
1.0,0.999,0.9653,0.9643,0.9703,0.9969,0.9947,0.9899,0.9841,0.9271,0.7437,0.9292,0.9102,0.8437,0.8037,0.8572,0.6856,0.8294,0.9394,0.7838,0.6104,0.952,0.7207,0.6204,0.5966,0.6201,0.8549,0.5706,0.6169,0.7847,0.5124,0.5552,0.387,0.5899,0.6726,0.579,0.5162,0.3177,0.4772,0.2607,0.518,0.3137,0.2113,0.1538,0.3506,
1.0,0.9989,0.9648,0.9637,0.9676,0.9966,0.9944,0.9903,0.9862,0.9281,0.7403,0.9269,0.9114,0.8416,0.8061,0.8566,0.6859,0.8305,0.9414,0.7869,0.6113,0.9538,0.7222,0.6144,0.5982,0.6177,0.8561,0.5674,0.6145,0.7808,0.5075,0.5489,0.3871,0.595,0.6722,0.5808,0.5241,0.3156,0.4867,0.2602,0.5216,0.3155,0.2062,0.1637,0.3651,
1.0,0.9983,0.9679,0.9662,0.9677,0.9973,0.9944,0.9901,0.9877,0.9214,0.7352,0.9292,0.9062,0.838,0.8008,0.8519,0.6844,0.8273,0.942,0.7751,0.608,0.9532,0.7208,0.6184,0.6026,0.6046,0.8536,0.5611,0.6206,0.7758,0.505,0.5514,0.3884,0.5933,0.6799,0.5814,0.5175,0.3167,0.4849,0.2593,0.5303,0.313,0.2125,0.1649,0.3572,
1.0,0.9986,0.9679,0.9665,0.9694,0.9961,0.994,0.9896,0.9837,0.9221,0.7296,0.9308,0.9043,0.8348,0.7968,0.854,0.6785,0.8227,0.9402,0.7811,0.6097,0.9507,0.7263,0.6208,0.6142,0.6104,0.8575,0.5646,0.6247,0.7861,0.5017,0.5463,0.3909,0.5943,0.6737,0.584,0.5276,0.3155,0.4831,0.2643,0.5246,0.3113,0.2102,0.1661,0.3496,
1.0,0.9987,0.9688,0.9675,0.9697,0.9973,0.9954,0.9898,0.9842,0.9262,0.7451,0.9315,0.9095,0.8442,0.8017,0.8582,0.6834,0.8314,0.9435,0.7801,0.6204,0.9564,0.7277,0.6323,0.6047,0.6186,0.8514,0.5615,0.62,0.7751,0.4999,0.5494,0.3798,0.5874,0.6808,0.5918,0.5345,0.3106,0.4802,0.2639,0.5286,0.3105,0.2057,0.1686,0.3479,
1.0,0.9991,0.9681,0.9672,0.9704,0.9977,0.9955,0.9915,0.9871,0.923,0.7422,0.9328,0.9092,0.8433,0.8084,0.8566,0.6995,0.8313,0.941,0.7914,0.6111,0.9525,0.7172,0.6238,0.5979,0.6186,0.8646,0.5779,0.6139,0.7864,0.5103,0.5572,0.3871,0.5834,0.6717,0.5741,0.5227,0.3184,0.4821,0.2624,0.5269,0.3129,0.2084,0.1585,0.3611,
1.0,0.9987,0.9655,0.9642,0.9677,0.9973,0.9947,0.9905,0.9843,0.929,0.7357,0.9264,0.9134,0.8364,0.7991,0.856,0.6746,0.8203,0.9402,0.782,0.613,0.9502,0.72,0.6136,0.5963,0.611,0.8504,0.5596,0.6192,0.7809,0.5003,0.5419,0.3735,0.5768,0.6733,0.59,0.5237,0.3084,0.4666,0.2573,0.5162,0.307,0.2069,0.1555,0.3421,
1.0,0.9992,0.9683,0.9675,0.9685,0.9981,0.9963,0.9893,0.9834,0.9224,0.7387,0.931,0.9061,0.843,0.8047,0.854,0.6866,0.8283,0.9393,0.7793,0.614,0.9534,0.726,0.6243,0.6093,0.6181,0.8558,0.5696,0.6206,0.7802,0.5047,0.5581,0.3862,0.5923,0.6842,0.5898,0.522,0.3207,0.4752,0.2592,0.5277,0.3078,0.2115,0.165,0.3548,
1.0,0.9991,0.967,0.9661,0.9674,0.9971,0.9956,0.9918,0.9842,0.923,0.7369,0.9296,0.9095,0.8417,0.8053,0.854,0.6934,0.8289,0.9428,0.7865,0.6142,0.9572,0.7282,0.625,0.6056,0.6194,0.8641,0.5811,0.6232,0.7853,0.5098,0.5633,0.3903,0.6053,0.6827,0.5859,0.5308,0.3239,0.4897,0.269,0.5312,0.3206,0.2091,0.1674,0.3681,
1.0,0.9994,0.9684,0.9678,0.9713,0.9962,0.9945,0.9917,0.9861,0.9176,0.736,0.9331,0.9008,0.8436,0.8069,0.8518,0.6937,0.8296,0.9394,0.7817,0.6057,0.95,0.7147,0.6268,0.6061,0.6107,0.8588,0.5724,0.6142,0.7791,0.5003,0.5561,0.3919,0.5905,0.6787,0.5702,0.5152,0.3142,0.4823,0.2585,0.5281,0.3118,0.208,0.1657,0.3567,
1.0,0.9989,0.9657,0.9646,0.968,0.9974,0.9952,0.9907,0.9865,0.9277,0.7404,0.927,0.9111,0.8395,0.8012,0.8558,0.6841,0.828,0.9443,0.7821,0.6141,0.9511,0.7189,0.6185,0.593,0.6175,0.8554,0.567,0.6187,0.783,0.5089,0.5525,0.3832,0.5854,0.6751,0.5779,0.5146,0.328,0.4748,0.2605,0.5265,0.3106,0.2091,0.1538,0.3538,
1.0,0.999,0.9682,0.9672,0.9683,0.9964,0.9947,0.9904,0.9833,0.9292,0.7362,0.9303,0.9124,0.8371,0.7975,0.8608,0.6817,0.8228,0.9407,0.7865,0.6186,0.9507,0.7305,0.6261,0.6102,0.6148,0.8568,0.5653,0.6285,0.7859,0.5036,0.551,0.393,0.5976,0.6768,0.593,0.5257,0.3199,0.4788,0.2629,0.5222,0.3122,0.2023,0.1783,0.3519,
1.0,0.9991,0.9687,0.9678,0.9666,0.997,0.9946,0.9893,0.9856,0.9252,0.7343,0.9296,0.9075,0.8389,0.8008,0.8562,0.6814,0.8258,0.9401,0.7795,0.6144,0.9519,0.7324,0.624,0.6123,0.6101,0.8554,0.5681,0.6297,0.7882,0.5093,0.559,0.3913,0.5973,0.6808,0.5922,0.5168,0.3227,0.4831,0.2636,0.5286,0.3171,0.2143,0.1635,0.3589,
1.0,0.9986,0.9657,0.9643,0.9671,0.9974,0.9955,0.9912,0.9847,0.926,0.7359,0.9259,0.9111,0.8387,0.7983,0.8535,0.6851,0.8246,0.9413,0.7834,0.6168,0.954,0.7267,0.6231,0.603,0.6111,0.8606,0.5688,0.6243,0.7802,0.4939,0.5586,0.3799,0.5856,0.6805,0.5855,0.5292,0.311,0.4837,0.2655,0.5393,0.3039,0.203,0.168,0.3566,
1.0,0.9986,0.9673,0.9659,0.9702,0.9983,0.9958,0.9894,0.9836,0.9241,0.7365,0.9316,0.9087,0.8368,0.7986,0.8574,0.6856,0.8234,0.9386,0.7864,0.6114,0.9535,0.7217,0.6204,0.6112,0.6169,0.861,0.574,0.6265,0.7857,0.5047,0.5527,0.3858,0.5951,0.6736,0.5904,0.52,0.3156,0.4813,0.2687,0.5277,0.3112,0.2031,0.1623,0.3528,
1.0,0.9987,0.968,0.9667,0.9685,0.9967,0.9945,0.9904,0.9853,0.9202,0.7378,0.9296,0.903,0.8417,0.8028,0.85,0.6896,0.8298,0.9421,0.7804,0.6158,0.9528,0.7198,0.6262,0.6099,0.6177,0.8589,0.5734,0.6152,0.7765,0.4975,0.5491,0.386,0.586,0.6743,0.5843,0.5209,0.318,0.4813,0.2617,0.5248,0.3063,0.2028,0.1645,0.3549,
1.0,0.9993,0.9703,0.9696,0.9671,0.9974,0.9955,0.9896,0.9844,0.9245,0.7321,0.9308,0.9064,0.836,0.7985,0.8567,0.6849,0.8224,0.9391,0.7838,0.608,0.9516,0.7227,0.6217,0.6023,0.6126,0.8583,0.5701,0.6152,0.7815,0.5058,0.5513,0.3818,0.5825,0.6784,0.5783,0.5206,0.3161,0.4751,0.2576,0.5294,0.3048,0.2114,0.1645,0.3448,
1.0,0.9985,0.9653,0.9638,0.9711,0.9977,0.9949,0.9911,0.9875,0.9185,0.7327,0.929,0.9028,0.8365,0.8003,0.8495,0.6856,0.8247,0.9404,0.7821,0.6038,0.9543,0.72,0.6192,0.603,0.6062,0.8622,0.5611,0.6136,0.7819,0.5021,0.5436,0.3909,0.5904,0.6721,0.5754,0.5283,0.3144,0.482,0.263,0.5234,0.3135,0.2096,0.167,0.3558,
1.0,0.9988,0.9643,0.9631,0.9717,0.9961,0.9941,0.9906,0.9846,0.9285,0.7413,0.9291,0.9118,0.8392,0.8026,0.8596,0.6879,0.8267,0.9412,0.7951,0.6122,0.9519,0.7228,0.6188,0.601,0.6189,0.8626,0.5712,0.6134,0.7926,0.5081,0.5502,0.374,0.5785,0.6712,0.5805,0.5226,0.319,0.4731,0.257,0.5233,0.3114,0.2101,0.1624,0.3535,
1.0,0.9993,0.9671,0.9664,0.9687,0.9964,0.9949,0.9904,0.9849,0.9243,0.7347,0.93,0.9065,0.8365,0.797,0.855,0.6779,0.8239,0.9459,0.7802,0.6175,0.9525,0.7292,0.6258,0.61,0.6139,0.8554,0.5602,0.6214,0.7788,0.505,0.5446,0.3913,0.5944,0.6808,0.5907,0.5209,0.3089,0.4881,0.2557,0.5227,0.3149,0.209,0.164,0.3556,
1.0,0.9987,0.9694,0.9681,0.9711,0.9975,0.9955,0.992,0.9871,0.9193,0.7354,0.9331,0.9041,0.8396,0.8023,0.8531,0.6923,0.8276,0.9409,0.7812,0.6049,0.9565,0.7194,0.6265,0.6124,0.6097,0.8631,0.5737,0.6212,0.7827,0.5004,0.5573,0.3857,0.6032,0.6802,0.5745,0.5233,0.3141,0.4845,0.2586,0.5263,0.3077,0.2092,0.1577,0.3654,
1.0,0.9987,0.9699,0.9686,0.9704,0.9982,0.9963,0.9904,0.9856,0.9222,0.7344,0.9333,0.9065,0.8395,0.8011,0.8563,0.6886,0.8284,0.9419,0.7802,0.608,0.9529,0.7192,0.6267,0.6032,0.6161,0.8545,0.5702,0.6126,0.7765,0.5025,0.5504,0.392,0.5851,0.6711,0.5752,0.5145,0.3189,0.4729,0.2472,0.5281,0.306,0.2052,0.165,0.3542,
1.0,0.9989,0.9669,0.9658,0.972,0.997,0.9949,0.9906,0.9859,0.9244,0.7408,0.9326,0.9089,0.8412,0.8039,0.8584,0.6855,0.8283,0.9432,0.7823,0.6149,0.9502,0.7219,0.6247,0.6091,0.6198,0.8531,0.5718,0.6245,0.7861,0.5105,0.5569,0.3907,0.594,0.6763,0.5839,0.5159,0.3244,0.4723,0.2641,0.524,0.3139,0.214,0.1641,0.3607,
1.0,0.9992,0.9694,0.9686,0.9701,0.9975,0.9952,0.9918,0.9865,0.9241,0.7467,0.933,0.9089,0.848,0.8103,0.8585,0.6919,0.8345,0.9387,0.7796,0.6157,0.9525,0.7208,0.6275,0.6074,0.62,0.8554,0.5756,0.6208,0.7869,0.5053,0.5666,0.3939,0.5928,0.6707,0.5736,0.5107,0.3308,0.4767,0.2584,0.5273,0.3087,0.2083,0.161,0.3566,
1.0,0.9986,0.9684,0.967,0.9713,0.9971,0.995,0.9901,0.986,0.9244,0.74,0.934,0.9094,0.8391,0.8016,0.8595,0.6843,0.8277,0.9423,0.7854,0.6129,0.9523,0.7248,0.6233,0.6076,0.6155,0.8604,0.569,0.6211,0.7789,0.5042,0.5473,0.3863,0.583,0.6798,0.5893,0.5255,0.3113,0.4835,0.2635,0.5343,0.3156,0.216,0.1644,0.3544,
1.0,0.9987,0.9677,0.9664,0.9712,0.9972,0.9949,0.9908,0.985,0.9182,0.7323,0.9324,0.903,0.8395,0.7978,0.8519,0.6807,0.8268,0.9392,0.7751,0.5972,0.9508,0.7044,0.615,0.5977,0.6109,0.8574,0.5679,0.6024,0.7735,0.4906,0.5492,0.3783,0.5836,0.6635,0.5628,0.5136,0.315,0.4736,0.2466,0.5201,0.2955,0.1999,0.1564,0.3423,
1.0,0.9989,0.9675,0.9664,0.9692,0.9972,0.995,0.9899,0.9839,0.9272,0.7361,0.9303,0.9109,0.838,0.7998,0.8587,0.6775,0.8237,0.9383,0.7818,0.6069,0.9526,0.7221,0.6173,0.603,0.6157,0.8514,0.5635,0.6175,0.7858,0.4999,0.5463,0.3765,0.5875,0.6744,0.5831,0.5169,0.3062,0.4787,0.251,0.5184,0.3106,0.2044,0.1604,0.3506,
1.0,0.9992,0.9682,0.9674,0.9672,0.9974,0.9954,0.9912,0.9869,0.9279,0.7449,0.9294,0.9123,0.8453,0.807,0.8587,0.6882,0.8336,0.9407,0.7775,0.6207,0.9567,0.7312,0.6271,0.6116,0.6167,0.8548,0.5694,0.626,0.7828,0.5041,0.5576,0.3933,0.5923,0.6735,0.5897,0.5231,0.3143,0.4801,0.2652,0.519,0.3138,0.2114,0.1611,0.3584,
1.0,0.9987,0.9696,0.9683,0.9685,0.9967,0.9946,0.9892,0.9828,0.9253,0.7313,0.9321,0.9086,0.8372,0.797,0.8577,0.6799,0.8239,0.9407,0.7831,0.6148,0.952,0.7296,0.6259,0.6123,0.6117,0.8525,0.565,0.6259,0.7785,0.4994,0.5484,0.3908,0.5901,0.6772,0.5875,0.5191,0.3171,0.4738,0.2583,0.5209,0.303,0.2061,0.1642,0.3447,
1.0,0.9989,0.9693,0.9682,0.9707,0.9973,0.9952,0.9905,0.9853,0.9217,0.7358,0.9344,0.9066,0.8403,0.803,0.8574,0.6862,0.8285,0.9377,0.782,0.6099,0.9522,0.7226,0.6261,0.6109,0.61,0.8539,0.564,0.6269,0.7801,0.4942,0.5464,0.3827,0.5919,0.6764,0.5817,0.5171,0.313,0.4773,0.264,0.5268,0.3059,0.2004,0.163,0.3529,
1.0,0.9986,0.9679,0.9665,0.97,0.9965,0.9937,0.989,0.9846,0.9224,0.738,0.9308,0.9039,0.8446,0.8061,0.8555,0.6899,0.8331,0.941,0.7795,0.6161,0.9514,0.7274,0.6282,0.6111,0.6158,0.8547,0.5706,0.6266,0.7802,0.516,0.5594,0.3968,0.5882,0.6757,0.5836,0.5096,0.3267,0.4829,0.2571,0.5266,0.3178,0.2122,0.1583,0.3575,
1.0,0.9986,0.9672,0.9658,0.9723,0.9973,0.9951,0.991,0.9854,0.9244,0.7445,0.9333,0.9102,0.8427,0.8033,0.8584,0.6845,0.8298,0.9466,0.7839,0.6253,0.9531,0.7269,0.6344,0.6065,0.6238,0.8545,0.5717,0.6236,0.783,0.5051,0.5517,0.3865,0.585,0.6789,0.5923,0.5274,0.314,0.472,0.2673,0.5254,0.3097,0.2106,0.1635,0.3493,
1.0,0.9995,0.9692,0.9687,0.9679,0.9972,0.9957,0.9907,0.9861,0.9243,0.7385,0.9317,0.9083,0.8411,0.8058,0.857,0.6879,0.8281,0.9441,0.7824,0.6205,0.9522,0.7305,0.6335,0.6134,0.6174,0.8545,0.5683,0.6283,0.7841,0.5077,0.5582,0.3896,0.5949,0.6816,0.5901,0.5181,0.3197,0.4774,0.266,0.5202,0.3135,0.2077,0.1623,0.3526,
1.0,0.9994,0.9671,0.9665,0.9682,0.9971,0.9954,0.9906,0.9858,0.9301,0.7407,0.9264,0.9104,0.8389,0.7971,0.8577,0.6853,0.8276,0.9447,0.7841,0.6146,0.9541,0.7283,0.6212,0.6057,0.6188,0.8582,0.5751,0.62,0.791,0.5169,0.557,0.3914,0.5994,0.6824,0.5898,0.5227,0.3277,0.4845,0.2642,0.526,0.3229,0.2173,0.1636,0.358,
1.0,0.9995,0.9677,0.9672,0.9693,0.997,0.9954,0.9921,0.9852,0.9224,0.7381,0.9294,0.9055,0.8432,0.8046,0.8525,0.6884,0.8283,0.9381,0.7773,0.6135,0.9542,0.7235,0.6292,0.611,0.6174,0.8565,0.5758,0.6139,0.7834,0.5098,0.5573,0.3996,0.5879,0.6731,0.5787,0.5208,0.3287,0.4844,0.2617,0.5255,0.3219,0.2101,0.1741,0.3567,
1.0,0.9991,0.9682,0.9673,0.9713,0.9973,0.9954,0.9912,0.9881,0.9233,0.743,0.9328,0.9068,0.8405,0.8041,0.8574,0.6895,0.8296,0.9418,0.7839,0.613,0.9565,0.7257,0.6249,0.6167,0.6163,0.8561,0.5656,0.6207,0.7864,0.51,0.5521,0.3874,0.5935,0.6757,0.5928,0.5331,0.3181,0.4783,0.2711,0.5237,0.3165,0.2106,0.1693,0.3596,
1.0,0.9994,0.9677,0.9671,0.9719,0.9978,0.9962,0.9909,0.984,0.9248,0.7412,0.9334,0.9091,0.8405,0.8009,0.8588,0.6835,0.8251,0.9405,0.7835,0.6219,0.9528,0.7305,0.6292,0.6092,0.6161,0.8566,0.5651,0.6245,0.785,0.503,0.5507,0.3951,0.5856,0.6758,0.5923,0.5272,0.3097,0.4746,0.2635,0.519,0.3127,0.2057,0.1665,0.3514,
1.0,0.9988,0.9667,0.9655,0.9738,0.9969,0.9944,0.9895,0.9841,0.9223,0.7399,0.9325,0.9034,0.8404,0.8016,0.8567,0.6813,0.8279,0.941,0.7774,0.609,0.9536,0.7244,0.623,0.6161,0.6221,0.8523,0.5658,0.6248,0.7871,0.5113,0.5603,0.3966,0.6014,0.686,0.5828,0.5157,0.3215,0.4757,0.2545,0.5239,0.3254,0.2169,0.1606,0.3629,
1.0,0.9989,0.9647,0.9636,0.9703,0.9973,0.9956,0.9903,0.985,0.928,0.7417,0.9286,0.9121,0.8401,0.8007,0.8572,0.6817,0.8277,0.942,0.7849,0.6082,0.9537,0.7204,0.6143,0.5961,0.6139,0.8522,0.5624,0.6118,0.7821,0.5048,0.5432,0.3798,0.5823,0.6768,0.5804,0.5266,0.3111,0.4807,0.2532,0.5237,0.3083,0.212,0.1647,0.3502,
1.0,0.9981,0.9695,0.9676,0.9688,0.9973,0.994,0.9884,0.9832,0.92,0.7366,0.9314,0.9029,0.8452,0.8071,0.8534,0.6889,0.8322,0.9412,0.7804,0.613,0.9527,0.7145,0.6243,0.5997,0.612,0.8539,0.5666,0.6218,0.7768,0.5022,0.557,0.3883,0.5972,0.6801,0.5772,0.5194,0.3147,0.4815,0.259,0.527,0.311,0.2071,0.1621,0.3615,
1.0,0.9993,0.9669,0.9662,0.9702,0.9971,0.9957,0.9919,0.9872,0.923,0.7412,0.932,0.9084,0.8429,0.8081,0.8558,0.6876,0.8311,0.9436,0.7813,0.6197,0.9506,0.7212,0.6293,0.6053,0.6179,0.8584,0.5721,0.6248,0.7861,0.5067,0.5588,0.3888,0.596,0.6783,0.584,0.5225,0.3216,0.4857,0.269,0.5303,0.3091,0.2112,0.1702,0.3595,
1.0,0.999,0.9684,0.9674,0.9699,0.997,0.995,0.9908,0.9842,0.9252,0.732,0.9318,0.9092,0.8339,0.7958,0.8582,0.6813,0.8189,0.9389,0.7867,0.607,0.9529,0.7249,0.6197,0.6043,0.6079,0.8571,0.5631,0.6189,0.7857,0.5078,0.545,0.384,0.5838,0.6741,0.5853,0.5233,0.3134,0.4826,0.2619,0.5275,0.3122,0.2149,0.1678,0.3507,
1.0,0.999,0.9704,0.9694,0.9697,0.9975,0.9954,0.9906,0.9842,0.9284,0.7343,0.9342,0.9131,0.8331,0.7938,0.8638,0.6806,0.818,0.94,0.7889,0.6086,0.9521,0.7231,0.617,0.6062,0.6135,0.8606,0.5659,0.6272,0.7889,0.5065,0.55,0.3882,0.5972,0.6768,0.5856,0.5245,0.318,0.4788,0.2605,0.5297,0.314,0.2089,0.17,0.3451,
1.0,0.9985,0.9663,0.9648,0.9682,0.9972,0.9944,0.9899,0.9842,0.9222,0.7364,0.9279,0.9064,0.8415,0.8032,0.8512,0.685,0.8283,0.9414,0.781,0.6123,0.9499,0.7157,0.6212,0.603,0.6217,0.8561,0.5792,0.6124,0.783,0.5002,0.5594,0.3783,0.5859,0.6693,0.5764,0.5139,0.32,0.4733,0.2531,0.5207,0.3006,0.2004,0.1536,0.3475,
1.0,0.9988,0.9661,0.9649,0.9688,0.9979,0.9954,0.9899,0.9848,0.9228,0.7279,0.9289,0.9072,0.834,0.7972,0.8528,0.6753,0.8211,0.9389,0.7776,0.6078,0.9553,0.7265,0.6167,0.6011,0.6054,0.8509,0.5528,0.6188,0.7806,0.5062,0.5432,0.3859,0.5888,0.6775,0.5797,0.5214,0.314,0.4756,0.2564,0.5305,0.3128,0.2068,0.166,0.3439,
1.0,0.9988,0.9684,0.9672,0.9698,0.9977,0.9957,0.9905,0.9855,0.9234,0.7392,0.9324,0.9088,0.8429,0.8065,0.8572,0.6906,0.8318,0.945,0.7848,0.616,0.9554,0.7251,0.6293,0.6139,0.6237,0.8589,0.5775,0.6273,0.7798,0.5043,0.561,0.393,0.5965,0.6849,0.5912,0.529,0.3255,0.4859,0.2709,0.5335,0.3126,0.2091,0.1728,0.3621,
1.0,0.9988,0.9688,0.9676,0.9734,0.9977,0.9959,0.9907,0.9857,0.9249,0.7444,0.9346,0.9087,0.8431,0.8061,0.8604,0.6938,0.8312,0.9468,0.79,0.6237,0.9529,0.7293,0.638,0.6161,0.6299,0.8592,0.5773,0.6317,0.7893,0.5158,0.5655,0.3992,0.5996,0.6855,0.5971,0.526,0.3186,0.4776,0.2719,0.5242,0.3148,0.2147,0.1671,0.3563,
1.0,0.9984,0.9686,0.967,0.9672,0.9971,0.9945,0.9904,0.9843,0.9231,0.735,0.9292,0.907,0.8432,0.8055,0.8541,0.6881,0.8301,0.9426,0.7806,0.6171,0.956,0.7285,0.6297,0.6131,0.6197,0.8575,0.5773,0.6214,0.7837,0.507,0.5636,0.3967,0.5963,0.6833,0.5917,0.5257,0.3234,0.4938,0.2642,0.5332,0.3197,0.2136,0.1693,0.3626,
1.0,0.9986,0.9708,0.9694,0.9676,0.9975,0.9953,0.9901,0.9841,0.9291,0.7395,0.9313,0.9127,0.8395,0.8016,0.8613,0.6874,0.8268,0.9358,0.7869,0.6129,0.9552,0.7306,0.6182,0.6066,0.6171,0.8542,0.5618,0.6298,0.7895,0.5033,0.5567,0.3849,0.5944,0.6845,0.5876,0.523,0.3109,0.4807,0.2715,0.5354,0.3172,0.2123,0.1672,0.3571,
1.0,0.999,0.9666,0.9656,0.9687,0.9966,0.9943,0.989,0.9844,0.925,0.737,0.9299,0.9084,0.8399,0.8012,0.8561,0.6859,0.8272,0.9438,0.7842,0.6152,0.9493,0.7183,0.6234,0.6001,0.6186,0.857,0.5737,0.6196,0.7807,0.5102,0.555,0.3789,0.5835,0.6723,0.5793,0.5164,0.3184,0.4745,0.2634,0.5274,0.3089,0.2048,0.1551,0.3517,
1.0,0.9988,0.9705,0.9693,0.9689,0.9977,0.9956,0.989,0.9832,0.9219,0.7269,0.9339,0.9066,0.8336,0.7956,0.8566,0.6767,0.8187,0.9384,0.7794,0.608,0.9497,0.7257,0.6229,0.6104,0.6088,0.8519,0.5586,0.6273,0.7808,0.5093,0.5489,0.3962,0.591,0.6821,0.5863,0.5149,0.3149,0.4755,0.259,0.5281,0.3151,0.2168,0.1617,0.3485,
1.0,0.9986,0.968,0.9666,0.9671,0.9978,0.995,0.9907,0.984,0.926,0.7341,0.9292,0.9115,0.8396,0.8008,0.857,0.6853,0.825,0.9392,0.7832,0.6136,0.9544,0.7284,0.6212,0.6032,0.6099,0.8582,0.567,0.6286,0.7875,0.5078,0.5582,0.3839,0.5917,0.6745,0.5869,0.5211,0.324,0.4719,0.2635,0.5221,0.3143,0.2144,0.1609,0.352,
1.0,0.9992,0.9657,0.9649,0.9724,0.9978,0.9963,0.9918,0.9859,0.9258,0.7406,0.9306,0.91,0.8365,0.7978,0.8582,0.6794,0.8225,0.941,0.7844,0.6109,0.9572,0.7266,0.6219,0.6061,0.6123,0.8549,0.5578,0.6153,0.7856,0.509,0.5354,0.3901,0.5841,0.6693,0.5833,0.5229,0.3113,0.4824,0.2575,0.5136,0.3174,0.208,0.1663,0.3479,
1.0,0.9987,0.9711,0.9698,0.9693,0.9976,0.9955,0.9899,0.9853,0.9247,0.7353,0.9338,0.9085,0.8377,0.799,0.8596,0.6853,0.8258,0.9423,0.7846,0.619,0.952,0.7307,0.6322,0.6185,0.6155,0.8564,0.5708,0.6387,0.7847,0.5025,0.5591,0.3931,0.5913,0.6825,0.5959,0.5314,0.3142,0.484,0.2757,0.5322,0.309,0.2082,0.1719,0.3532,
1.0,0.999,0.9649,0.9639,0.9716,0.9977,0.9955,0.9911,0.9855,0.9254,0.7386,0.93,0.9101,0.8373,0.7982,0.856,0.6779,0.8244,0.9405,0.7821,0.6158,0.9542,0.7253,0.6235,0.6062,0.6126,0.8541,0.5612,0.6196,0.7818,0.4968,0.5434,0.384,0.5887,0.6693,0.5786,0.5123,0.3053,0.4733,0.2573,0.5212,0.3022,0.1948,0.1608,0.3485,
1.0,0.9989,0.9682,0.9671,0.9705,0.9974,0.9952,0.99,0.9847,0.9226,0.7392,0.9319,0.906,0.8424,0.8059,0.8561,0.6916,0.8287,0.9367,0.7843,0.6055,0.9543,0.7188,0.6209,0.6098,0.6149,0.855,0.5695,0.6235,0.7807,0.51,0.5511,0.3915,0.5911,0.6768,0.5763,0.5173,0.3134,0.4867,0.2637,0.5273,0.3158,0.2136,0.1552,0.3623,
1.0,0.9984,0.9702,0.9686,0.9705,0.9971,0.9947,0.9914,0.9849,0.9254,0.7357,0.9337,0.9101,0.8371,0.8003,0.8597,0.6864,0.8231,0.9431,0.7882,0.6101,0.9532,0.7191,0.6219,0.6033,0.6187,0.8566,0.5675,0.6171,0.7805,0.5078,0.5545,0.3939,0.5895,0.6862,0.5799,0.5207,0.3201,0.4789,0.2555,0.5299,0.3097,0.217,0.1629,0.357,
1.0,0.9984,0.9673,0.9657,0.9705,0.9978,0.9953,0.9889,0.9818,0.9258,0.7437,0.9308,0.9095,0.8467,0.8052,0.8587,0.688,0.8321,0.9384,0.7838,0.6159,0.9521,0.7231,0.6265,0.6039,0.6244,0.8553,0.5736,0.6169,0.7828,0.5005,0.5544,0.3866,0.5787,0.6681,0.572,0.5111,0.3175,0.4788,0.2537,0.5204,0.3067,0.1987,0.1594,0.3542,
1.0,0.9997,0.9687,0.9684,0.9718,0.9978,0.996,0.9908,0.9857,0.921,0.738,0.9341,0.9038,0.8421,0.8044,0.857,0.6916,0.8284,0.937,0.7861,0.6031,0.954,0.7147,0.6203,0.6066,0.6172,0.8577,0.569,0.6115,0.781,0.5039,0.5521,0.3887,0.5897,0.6675,0.5761,0.5135,0.3123,0.4802,0.2538,0.52,0.3157,0.2006,0.1571,0.3591,
1.0,0.9989,0.9691,0.968,0.9682,0.9968,0.9944,0.9893,0.9849,0.9212,0.7332,0.9303,0.9033,0.8387,0.7995,0.8528,0.6824,0.8261,0.9378,0.778,0.6078,0.9508,0.7247,0.6232,0.613,0.6093,0.8553,0.5635,0.6232,0.7759,0.4936,0.5479,0.3922,0.5941,0.6701,0.5816,0.507,0.3119,0.4769,0.2547,0.52,0.3082,0.2026,0.1619,0.3525,
1.0,0.9989,0.969,0.9679,0.971,0.9975,0.995,0.9894,0.9838,0.9249,0.7435,0.9334,0.9079,0.846,0.8075,0.8603,0.6894,0.8309,0.9387,0.7852,0.612,0.9499,0.7178,0.6263,0.6101,0.6236,0.8571,0.5788,0.626,0.7868,0.505,0.5634,0.3875,0.5962,0.6767,0.5847,0.5208,0.3199,0.481,0.2627,0.5301,0.3188,0.2089,0.1603,0.3579,
1.0,0.9993,0.9686,0.9679,0.9686,0.9968,0.9955,0.993,0.9874,0.9177,0.7327,0.9311,0.9034,0.8392,0.8033,0.8495,0.691,0.827,0.9424,0.7793,0.6055,0.953,0.7136,0.6234,0.5981,0.6113,0.8579,0.574,0.6102,0.7783,0.5022,0.5555,0.3849,0.5822,0.6764,0.5765,0.5249,0.3145,0.479,0.2577,0.5272,0.3115,0.2103,0.1625,0.3563,
1.0,0.9988,0.9669,0.9657,0.9717,0.9973,0.9951,0.9911,0.9871,0.923,0.7391,0.9329,0.9078,0.8394,0.8039,0.857,0.6807,0.8256,0.9422,0.7816,0.6109,0.9526,0.7223,0.6241,0.6096,0.6175,0.8519,0.5637,0.6203,0.7804,0.4999,0.5516,0.3819,0.5921,0.6876,0.5922,0.5281,0.3142,0.4731,0.2627,0.5245,0.3066,0.2046,0.167,0.3544,
1.0,0.9987,0.9665,0.9652,0.9718,0.9967,0.9935,0.9896,0.9846,0.9222,0.736,0.932,0.9055,0.8374,0.7998,0.8557,0.6842,0.8227,0.9384,0.7858,0.6065,0.9538,0.7193,0.6193,0.6018,0.6101,0.8562,0.5593,0.6163,0.7771,0.5057,0.5414,0.3845,0.5897,0.6696,0.5809,0.5192,0.3081,0.4863,0.2588,0.5265,0.3119,0.2051,0.1618,0.3543,
1.0,0.999,0.9681,0.9671,0.9677,0.9978,0.9963,0.9901,0.9826,0.9261,0.7265,0.9293,0.9106,0.8304,0.7887,0.8556,0.6781,0.8156,0.9392,0.7853,0.608,0.95,0.7248,0.6158,0.5971,0.6019,0.8629,0.5526,0.6202,0.7794,0.5014,0.5361,0.3863,0.5821,0.6658,0.5788,0.5192,0.3059,0.4828,0.2557,0.5233,0.3012,0.2017,0.1541,0.3447,
1.0,0.9989,0.9708,0.9697,0.9722,0.9973,0.995,0.99,0.9843,0.9243,0.7425,0.9376,0.9089,0.8412,0.8038,0.8635,0.692,0.8264,0.9351,0.7897,0.6074,0.9504,0.7168,0.6226,0.6005,0.615,0.8571,0.5673,0.6174,0.7829,0.4996,0.5442,0.3839,0.5797,0.6682,0.5781,0.5188,0.3064,0.4724,0.2621,0.5246,0.3061,0.2074,0.1606,0.3491,
1.0,0.9987,0.968,0.9667,0.9694,0.997,0.9945,0.9891,0.9836,0.924,0.7385,0.9309,0.9069,0.8439,0.8042,0.8564,0.6873,0.8286,0.9404,0.7832,0.6234,0.9512,0.7302,0.6328,0.6172,0.6206,0.8568,0.573,0.6297,0.78,0.5099,0.5627,0.3984,0.5964,0.6741,0.5909,0.5257,0.321,0.4841,0.2671,0.5196,0.3186,0.2061,0.172,0.3647,
1.0,0.9989,0.9709,0.9698,0.9681,0.9975,0.996,0.9903,0.9831,0.9216,0.7304,0.9322,0.9051,0.8363,0.7953,0.8549,0.6829,0.8223,0.9375,0.779,0.6059,0.9536,0.7177,0.6196,0.6077,0.61,0.8538,0.5693,0.6212,0.7761,0.5072,0.548,0.3877,0.5875,0.6737,0.5798,0.5218,0.3112,0.4737,0.257,0.5242,0.3103,0.2112,0.1645,0.3504,
1.0,0.9989,0.9692,0.9681,0.9686,0.9964,0.9941,0.9901,0.9844,0.9205,0.7413,0.9321,0.904,0.8479,0.8098,0.8546,0.6971,0.8334,0.9378,0.7831,0.6168,0.9496,0.7188,0.631,0.6032,0.6186,0.8589,0.5769,0.6216,0.7763,0.498,0.5633,0.3853,0.5798,0.6719,0.5792,0.5201,0.3155,0.4731,0.264,0.5299,0.3016,0.2122,0.1618,0.3536,
1.0,0.9992,0.9671,0.9663,0.9707,0.9973,0.9948,0.9911,0.9875,0.9255,0.7331,0.9311,0.9085,0.831,0.7927,0.8573,0.6779,0.8179,0.9392,0.784,0.6025,0.9542,0.7245,0.6164,0.6055,0.6026,0.858,0.56,0.6187,0.7861,0.511,0.5419,0.3919,0.5914,0.6739,0.5845,0.5266,0.319,0.4754,0.2557,0.5252,0.3163,0.2125,0.1703,0.3477,
1.0,0.999,0.965,0.964,0.9679,0.9961,0.9941,0.9921,0.986,0.9222,0.7313,0.9263,0.9067,0.836,0.798,0.8504,0.6827,0.8232,0.9402,0.7811,0.603,0.953,0.7179,0.6148,0.597,0.6108,0.8569,0.5693,0.612,0.7795,0.5054,0.5502,0.379,0.584,0.6678,0.5761,0.5218,0.3166,0.476,0.2555,0.524,0.3065,0.205,0.1593,0.3513,
1.0,0.9992,0.9688,0.968,0.9719,0.997,0.995,0.9897,0.9848,0.9209,0.7306,0.9351,0.9043,0.8334,0.796,0.8574,0.6761,0.8203,0.9416,0.7796,0.6072,0.9547,0.7235,0.6226,0.6131,0.6102,0.8519,0.5639,0.622,0.781,0.5041,0.549,0.3918,0.5924,0.6851,0.588,0.5166,0.3175,0.4824,0.2493,0.5304,0.3103,0.2104,0.1701,0.3591,
1.0,0.9989,0.9685,0.9674,0.9702,0.997,0.9945,0.9888,0.9816,0.9237,0.7358,0.9325,0.9056,0.842,0.8008,0.8568,0.6846,0.8268,0.9372,0.7836,0.613,0.9497,0.7184,0.6241,0.6052,0.6183,0.8546,0.5684,0.6176,0.7779,0.4959,0.5558,0.3857,0.5873,0.6664,0.5782,0.5156,0.3129,0.471,0.2576,0.5198,0.3048,0.1989,0.1612,0.3496,
1.0,0.9991,0.9698,0.9689,0.9689,0.9979,0.9964,0.9909,0.986,0.923,0.7335,0.9326,0.9073,0.8352,0.7972,0.8568,0.6817,0.8236,0.9397,0.7804,0.6015,0.9546,0.7209,0.6119,0.6059,0.6107,0.8566,0.5612,0.6148,0.7805,0.5053,0.5451,0.3917,0.5945,0.6744,0.5783,0.5201,0.3164,0.4793,0.2517,0.5231,0.316,0.213,0.1633,0.3528,
1.0,0.9987,0.9679,0.9666,0.9679,0.9975,0.9951,0.9913,0.9861,0.9243,0.742,0.9284,0.9086,0.8461,0.8066,0.8536,0.6865,0.8327,0.9412,0.7743,0.6129,0.9516,0.7204,0.6228,0.6049,0.6196,0.8531,0.5669,0.6188,0.7763,0.4913,0.5583,0.3894,0.5894,0.6688,0.5778,0.5082,0.3133,0.4804,0.2567,0.521,0.3023,0.1921,0.1646,0.3588,
1.0,0.9987,0.9678,0.9665,0.9703,0.9979,0.9954,0.989,0.9842,0.9224,0.7423,0.9321,0.9066,0.846,0.808,0.8559,0.6917,0.8338,0.9422,0.7855,0.6117,0.9529,0.7179,0.622,0.5948,0.618,0.8596,0.5735,0.6159,0.786,0.5007,0.5596,0.3727,0.5875,0.6791,0.5699,0.5169,0.3133,0.4801,0.2539,0.5302,0.3026,0.2091,0.1525,0.3549,
1.0,0.999,0.9656,0.9646,0.9674,0.9969,0.9951,0.9925,0.9857,0.9245,0.735,0.9258,0.9091,0.8373,0.8009,0.8527,0.6803,0.8227,0.9403,0.7791,0.6093,0.9541,0.7219,0.6199,0.6063,0.6163,0.8522,0.5651,0.6192,0.7817,0.5065,0.55,0.387,0.5866,0.6716,0.5833,0.5139,0.3127,0.4748,0.2582,0.5196,0.308,0.2004,0.1634,0.3469,
1.0,0.9989,0.967,0.9659,0.9713,0.9972,0.9948,0.9901,0.984,0.926,0.7422,0.9315,0.9096,0.8425,0.8031,0.8584,0.6877,0.8275,0.9388,0.7845,0.6135,0.9476,0.7188,0.6239,0.6002,0.6203,0.8578,0.5717,0.6166,0.7876,0.5123,0.5585,0.3877,0.5777,0.6712,0.5759,0.5155,0.3204,0.4751,0.263,0.5206,0.3121,0.2132,0.1571,0.3557,
1.0,0.9983,0.9707,0.969,0.969,0.9969,0.994,0.9903,0.9839,0.9271,0.7375,0.9333,0.9119,0.8404,0.8012,0.8609,0.6882,0.8265,0.94,0.7865,0.6134,0.9529,0.722,0.6228,0.6016,0.6145,0.8594,0.5692,0.6159,0.785,0.4989,0.5519,0.3788,0.5894,0.6753,0.5799,0.5202,0.311,0.477,0.2612,0.5313,0.3089,0.2069,0.1588,0.3554,
1.0,0.9987,0.9662,0.9649,0.9691,0.9975,0.9954,0.99,0.983,0.9238,0.7326,0.9291,0.9083,0.8356,0.7964,0.8543,0.6802,0.8208,0.9412,0.7847,0.6097,0.9486,0.7228,0.6198,0.6006,0.6121,0.8568,0.568,0.6235,0.7842,0.4968,0.5498,0.3826,0.5806,0.6669,0.5744,0.5225,0.3113,0.464,0.2606,0.515,0.2977,0.2045,0.1591,0.3433,
1.0,0.9987,0.965,0.9637,0.9695,0.9976,0.9958,0.9906,0.986,0.9224,0.7339,0.928,0.9071,0.8392,0.804,0.8514,0.6803,0.8281,0.9457,0.7778,0.6123,0.9547,0.7205,0.623,0.6069,0.622,0.8513,0.5746,0.6138,0.7853,0.5159,0.5631,0.3883,0.5807,0.6786,0.5823,0.52,0.3215,0.4687,0.2502,0.5121,0.311,0.2104,0.1653,0.3458,
1.0,0.9988,0.969,0.9678,0.9705,0.9981,0.9962,0.9899,0.9846,0.9296,0.7461,0.9333,0.9139,0.8441,0.8068,0.8637,0.6864,0.8324,0.9428,0.7844,0.6189,0.9523,0.7251,0.6263,0.5999,0.6179,0.8514,0.5637,0.627,0.7915,0.5102,0.5554,0.3819,0.5969,0.6825,0.5887,0.5162,0.3119,0.4759,0.2673,0.5231,0.3215,0.2131,0.1593,0.3569,
1.0,0.9981,0.9701,0.9682,0.9687,0.9967,0.9938,0.9907,0.9855,0.9211,0.7374,0.9313,0.9054,0.8417,0.8033,0.8537,0.6872,0.8288,0.9442,0.7769,0.6138,0.9552,0.7226,0.628,0.6057,0.6147,0.8544,0.5731,0.6182,0.7783,0.501,0.5587,0.3827,0.5853,0.6756,0.5849,0.5279,0.3108,0.4735,0.2604,0.5166,0.3017,0.2071,0.1674,0.3526,
1.0,0.999,0.9674,0.9664,0.9681,0.9972,0.9955,0.9919,0.987,0.9229,0.7346,0.93,0.9093,0.8365,0.8001,0.8535,0.6803,0.8246,0.9438,0.7784,0.6067,0.9564,0.7201,0.6172,0.5983,0.6133,0.859,0.5641,0.609,0.7781,0.5078,0.5495,0.3894,0.5872,0.678,0.5731,0.5209,0.3221,0.4731,0.2494,0.522,0.3111,0.2083,0.1593,0.3518,
1.0,0.9988,0.9675,0.9663,0.9711,0.9969,0.9944,0.99,0.9842,0.9229,0.7372,0.9321,0.9059,0.8393,0.8024,0.8565,0.6895,0.8244,0.9424,0.7874,0.6094,0.9503,0.7186,0.6214,0.6068,0.6212,0.8601,0.5732,0.6156,0.7809,0.4992,0.5473,0.3862,0.5901,0.678,0.5838,0.5323,0.3165,0.4911,0.2642,0.5238,0.3157,0.2039,0.1688,0.3593,
1.0,0.9994,0.9724,0.9718,0.969,0.9968,0.9953,0.9914,0.9866,0.9287,0.7485,0.9355,0.9126,0.845,0.8073,0.8644,0.6963,0.8324,0.9423,0.7864,0.6172,0.9549,0.7281,0.6271,0.6169,0.6269,0.8565,0.5787,0.6267,0.7874,0.5111,0.5685,0.398,0.6012,0.6853,0.5866,0.5198,0.3245,0.48,0.2653,0.5292,0.3208,0.2125,0.1701,0.3596,
1.0,0.9984,0.9671,0.9655,0.9705,0.9973,0.9947,0.9904,0.985,0.9218,0.7377,0.9304,0.9059,0.8424,0.8013,0.8547,0.683,0.8296,0.94,0.7778,0.6109,0.9524,0.7202,0.6264,0.6001,0.6064,0.8543,0.5595,0.6181,0.7785,0.4987,0.5484,0.3842,0.5892,0.6716,0.5856,0.5182,0.3128,0.4754,0.2618,0.5231,0.3105,0.2101,0.1591,0.3552,
1.0,0.9992,0.9678,0.967,0.9692,0.9964,0.9948,0.992,0.986,0.9221,0.7401,0.9311,0.9064,0.846,0.8081,0.8544,0.6856,0.8314,0.9413,0.7757,0.6157,0.9557,0.7223,0.6275,0.6097,0.6204,0.8509,0.5718,0.621,0.782,0.5057,0.5599,0.3892,0.59,0.6787,0.5876,0.5222,0.3227,0.4764,0.2661,0.5193,0.3104,0.2084,0.163,0.3566,
1.0,0.9981,0.967,0.9651,0.97,0.997,0.9943,0.9907,0.9851,0.9205,0.7285,0.929,0.9041,0.833,0.7958,0.8512,0.6828,0.8198,0.9413,0.7831,0.606,0.9533,0.7207,0.6205,0.6091,0.6107,0.8588,0.5625,0.6205,0.7831,0.5063,0.5477,0.3954,0.5933,0.6725,0.5855,0.5245,0.3181,0.4838,0.2648,0.5192,0.3206,0.2076,0.167,0.3597,
1.0,0.999,0.9665,0.9655,0.9695,0.9978,0.9958,0.9895,0.984,0.9194,0.7337,0.9286,0.9017,0.8409,0.8017,0.85,0.6888,0.8275,0.9408,0.7836,0.6087,0.9541,0.7162,0.6224,0.6071,0.6148,0.8573,0.5726,0.618,0.7772,0.4986,0.553,0.381,0.5915,0.6783,0.574,0.5215,0.3136,0.4756,0.2618,0.5275,0.3051,0.197,0.1556,0.3627,
1.0,0.9985,0.9682,0.9667,0.9713,0.9972,0.9945,0.9893,0.9849,0.9248,0.7359,0.9331,0.9085,0.8366,0.7991,0.8584,0.6831,0.8244,0.9407,0.7874,0.6052,0.9525,0.7183,0.6183,0.5996,0.6106,0.8555,0.5644,0.6172,0.7815,0.5058,0.548,0.3878,0.5955,0.6808,0.5804,0.5201,0.3119,0.4826,0.2565,0.5322,0.3167,0.209,0.1646,0.3592,
1.0,0.999,0.9724,0.9714,0.9706,0.9961,0.9942,0.9897,0.9826,0.9247,0.7379,0.9369,0.9065,0.8412,0.8031,0.862,0.6919,0.8263,0.9453,0.7882,0.6155,0.9481,0.7161,0.6291,0.602,0.621,0.8558,0.5704,0.6213,0.7798,0.5058,0.5567,0.3831,0.586,0.6795,0.5832,0.5344,0.3182,0.4715,0.2633,0.5283,0.3083,0.2087,0.1707,0.3502,
1.0,0.9982,0.9691,0.9673,0.9695,0.9977,0.9948,0.9899,0.9843,0.9179,0.7344,0.9318,0.9028,0.8436,0.8057,0.8513,0.6867,0.8285,0.9378,0.7762,0.6079,0.9541,0.7174,0.6265,0.6024,0.6077,0.8511,0.5642,0.6109,0.7737,0.4961,0.5489,0.3923,0.5905,0.672,0.5728,0.5222,0.3104,0.4817,0.2597,0.5226,0.2998,0.2006,0.1675,0.3481,
1.0,0.9983,0.9661,0.9644,0.9708,0.9972,0.9949,0.9906,0.985,0.9232,0.7346,0.9292,0.9074,0.8357,0.7967,0.8536,0.6785,0.8237,0.9425,0.7829,0.6042,0.9563,0.7157,0.616,0.6018,0.6148,0.8559,0.5747,0.6141,0.7869,0.5081,0.5595,0.376,0.5832,0.6793,0.5773,0.5302,0.3215,0.4731,0.2665,0.5268,0.3022,0.2053,0.1675,0.3448,
1.0,0.9988,0.9664,0.9652,0.9673,0.9975,0.995,0.9902,0.9858,0.9261,0.7402,0.9276,0.9108,0.8437,0.8056,0.854,0.6866,0.8314,0.9404,0.7803,0.6147,0.9524,0.728,0.6239,0.5972,0.6139,0.8587,0.5656,0.6201,0.779,0.4885,0.5495,0.3822,0.5887,0.6754,0.5796,0.5128,0.3099,0.4795,0.2588,0.531,0.3012,0.2076,0.1611,0.3639,
1.0,0.9992,0.97,0.9692,0.9705,0.9981,0.9964,0.989,0.9838,0.9238,0.7311,0.9341,0.9064,0.8348,0.7953,0.8584,0.6863,0.8216,0.9417,0.7877,0.6087,0.9542,0.7249,0.6212,0.6154,0.6128,0.8597,0.5728,0.623,0.7857,0.5102,0.556,0.3916,0.5978,0.6811,0.5928,0.5343,0.3152,0.4879,0.2644,0.5286,0.3214,0.205,0.1732,0.3592,
1.0,0.999,0.9641,0.9631,0.9681,0.9967,0.9943,0.9896,0.9848,0.9203,0.73,0.9263,0.9036,0.8371,0.8002,0.8486,0.6792,0.8232,0.9389,0.7789,0.6098,0.9519,0.7267,0.6181,0.6016,0.6055,0.858,0.5589,0.615,0.7796,0.508,0.5389,0.3853,0.5874,0.6714,0.5802,0.5192,0.3146,0.4831,0.2537,0.5297,0.3146,0.2002,0.1582,0.3542,
1.0,0.9994,0.9678,0.9672,0.9666,0.9968,0.9952,0.9896,0.9829,0.9257,0.7287,0.9289,0.908,0.8331,0.7923,0.856,0.676,0.8176,0.9367,0.7812,0.609,0.952,0.7293,0.6201,0.6077,0.6031,0.8551,0.5571,0.6291,0.7767,0.4978,0.5411,0.3806,0.596,0.6735,0.5932,0.5212,0.3076,0.4798,0.2666,0.5259,0.309,0.2057,0.1614,0.3541,
1.0,0.9995,0.9683,0.9678,0.9716,0.9976,0.9967,0.9924,0.9865,0.9245,0.7401,0.9338,0.9098,0.8393,0.8033,0.8591,0.6863,0.8271,0.9402,0.7833,0.614,0.9564,0.7237,0.6256,0.6092,0.6182,0.8561,0.5714,0.6207,0.7875,0.5062,0.5509,0.3886,0.5806,0.6684,0.5809,0.5181,0.3152,0.4736,0.2599,0.5201,0.3031,0.2067,0.1622,0.3479,
1.0,0.9984,0.9684,0.9668,0.9678,0.9968,0.9944,0.9895,0.9848,0.9257,0.7326,0.9289,0.9087,0.8363,0.7997,0.8567,0.687,0.826,0.9419,0.7892,0.6042,0.9536,0.7193,0.6165,0.6014,0.6185,0.8579,0.5652,0.6169,0.7782,0.4952,0.5505,0.3868,0.5925,0.6768,0.576,0.5187,0.3103,0.4821,0.2591,0.5306,0.3074,0.2095,0.1587,0.3571,
1.0,0.9991,0.9656,0.9647,0.9694,0.9979,0.9958,0.9913,0.9861,0.9226,0.7354,0.9297,0.9087,0.8382,0.8029,0.8543,0.6869,0.8245,0.9396,0.7837,0.6095,0.9554,0.7201,0.6186,0.6049,0.6123,0.8585,0.5642,0.6206,0.7783,0.4988,0.5456,0.3871,0.5956,0.6733,0.5777,0.5229,0.3072,0.4855,0.2606,0.5259,0.3141,0.2048,0.1596,0.3618,
1.0,0.9989,0.9681,0.967,0.9714,0.997,0.9945,0.9906,0.9842,0.9239,0.7413,0.9333,0.9084,0.8425,0.8037,0.8591,0.6874,0.8275,0.9402,0.7852,0.618,0.9553,0.7282,0.6291,0.6088,0.6206,0.8576,0.569,0.6204,0.7838,0.5021,0.5525,0.3882,0.5877,0.675,0.5847,0.5309,0.3153,0.4861,0.2645,0.5262,0.3101,0.2035,0.1717,0.3496,
1.0,0.9986,0.9703,0.9689,0.9704,0.9975,0.9946,0.9895,0.9848,0.9224,0.7408,0.9342,0.9061,0.8455,0.8071,0.8577,0.689,0.8326,0.939,0.7802,0.6159,0.9522,0.724,0.6306,0.6101,0.6159,0.8543,0.5713,0.6155,0.782,0.5032,0.5559,0.3896,0.5864,0.675,0.5781,0.5186,0.3246,0.4752,0.2594,0.5284,0.3095,0.2057,0.163,0.346,
1.0,0.9992,0.9688,0.968,0.9682,0.9973,0.9954,0.9901,0.9858,0.926,0.7333,0.9305,0.9093,0.8355,0.7974,0.8566,0.6835,0.8239,0.9419,0.7851,0.6144,0.9498,0.7273,0.6263,0.6064,0.612,0.8592,0.5615,0.6293,0.779,0.4991,0.5474,0.3858,0.5906,0.6681,0.5847,0.5166,0.3077,0.4862,0.2628,0.5275,0.3085,0.2095,0.1603,0.3523,
1.0,0.9993,0.9681,0.9674,0.9685,0.9975,0.9959,0.9903,0.9857,0.9277,0.739,0.9305,0.9112,0.8401,0.8035,0.8598,0.6879,0.8265,0.9371,0.789,0.6124,0.951,0.7248,0.6185,0.6084,0.6133,0.8565,0.5666,0.6236,0.7836,0.5069,0.5498,0.3857,0.5898,0.6781,0.5893,0.5209,0.3259,0.4719,0.265,0.5224,0.3126,0.2133,0.1625,0.3499,
1.0,0.9991,0.9709,0.97,0.9679,0.9974,0.9955,0.9903,0.9843,0.9246,0.7394,0.9324,0.9085,0.8447,0.8064,0.8588,0.6922,0.8314,0.9429,0.7842,0.6113,0.9506,0.7211,0.6246,0.5977,0.6181,0.8575,0.5728,0.6181,0.7845,0.5004,0.5623,0.3842,0.5903,0.6751,0.5731,0.5199,0.3197,0.4739,0.2626,0.5207,0.3009,0.2064,0.1613,0.3616,
1.0,0.9987,0.9667,0.9654,0.9694,0.9978,0.9955,0.99,0.9843,0.9234,0.7325,0.9299,0.9078,0.8356,0.7945,0.8536,0.6776,0.8221,0.9406,0.7813,0.6044,0.9541,0.7204,0.6143,0.6016,0.6087,0.8552,0.5634,0.6178,0.7771,0.5024,0.551,0.3896,0.5857,0.6783,0.5786,0.5214,0.319,0.4734,0.257,0.5187,0.3036,0.2066,0.1664,0.3441,
1.0,0.9992,0.9685,0.9677,0.9699,0.998,0.9966,0.9917,0.9855,0.9187,0.7329,0.9337,0.9058,0.8391,0.801,0.8545,0.6895,0.8251,0.938,0.7821,0.6054,0.9539,0.7218,0.6209,0.6031,0.6119,0.8664,0.5737,0.6111,0.7845,0.4959,0.554,0.3876,0.5841,0.6683,0.5671,0.5181,0.3156,0.4765,0.2521,0.5259,0.2999,0.2026,0.1614,0.3514,
1.0,0.9986,0.9672,0.9658,0.9709,0.9966,0.994,0.9904,0.9847,0.9263,0.7391,0.9317,0.9102,0.8391,0.801,0.859,0.684,0.8248,0.9385,0.7876,0.6089,0.9514,0.7224,0.6185,0.6013,0.6172,0.858,0.5647,0.6195,0.7827,0.5043,0.5471,0.3851,0.5845,0.6707,0.5766,0.5195,0.3158,0.4691,0.2578,0.5192,0.3099,0.2092,0.1547,0.3561,
1.0,0.9986,0.9696,0.9682,0.9701,0.9978,0.9952,0.9891,0.9837,0.9235,0.7349,0.933,0.9074,0.8396,0.8001,0.8585,0.6849,0.8262,0.9446,0.7822,0.6109,0.9557,0.7205,0.628,0.6107,0.6196,0.8563,0.5756,0.6221,0.7827,0.5168,0.5594,0.3869,0.5961,0.6834,0.5837,0.5236,0.3238,0.4885,0.252,0.5297,0.3192,0.215,0.1644,0.3568,
1.0,0.9991,0.9685,0.9676,0.9677,0.997,0.9952,0.9902,0.9845,0.9258,0.7378,0.9294,0.9085,0.8414,0.8034,0.856,0.6866,0.8279,0.9387,0.7826,0.6138,0.9535,0.7327,0.624,0.6074,0.6136,0.8582,0.5667,0.6203,0.7862,0.4992,0.5493,0.3863,0.5899,0.6732,0.5823,0.5209,0.3179,0.4814,0.2598,0.5286,0.3093,0.2028,0.1706,0.3555,
1.0,0.9984,0.9674,0.9658,0.9702,0.9961,0.9931,0.9911,0.9867,0.9235,0.7353,0.9316,0.9086,0.8362,0.8001,0.8568,0.6821,0.8226,0.9381,0.7833,0.6091,0.95,0.727,0.6225,0.6075,0.6066,0.8574,0.5607,0.6257,0.7826,0.4899,0.5447,0.3936,0.5979,0.6753,0.5841,0.5184,0.3089,0.4791,0.2628,0.5305,0.3112,0.2108,0.1609,0.3548,
1.0,0.9991,0.9654,0.9645,0.9699,0.9976,0.9953,0.9901,0.9856,0.9243,0.7352,0.9302,0.9096,0.8375,0.8026,0.8567,0.6855,0.825,0.9401,0.7899,0.6077,0.9526,0.724,0.6171,0.6037,0.6121,0.8617,0.5672,0.6188,0.7876,0.5048,0.5484,0.3866,0.591,0.6754,0.5843,0.5267,0.3171,0.4845,0.2639,0.529,0.3159,0.2147,0.1637,0.359,
1.0,0.9986,0.9678,0.9664,0.9713,0.9977,0.9953,0.9914,0.9868,0.9198,0.733,0.933,0.9059,0.8351,0.799,0.8551,0.6835,0.8237,0.941,0.7823,0.6005,0.9532,0.7128,0.6136,0.6027,0.6081,0.8613,0.5631,0.6161,0.781,0.4987,0.5439,0.3819,0.5881,0.666,0.5714,0.5182,0.3091,0.4811,0.2558,0.5317,0.2992,0.203,0.1615,0.3485,
1.0,0.9986,0.969,0.9676,0.9726,0.9972,0.9949,0.9904,0.9839,0.9206,0.7326,0.9356,0.906,0.8363,0.7966,0.8581,0.678,0.8223,0.936,0.7799,0.6016,0.9587,0.7229,0.6187,0.6074,0.6075,0.8547,0.5592,0.6169,0.7851,0.4957,0.5473,0.3831,0.5921,0.672,0.5733,0.5235,0.3024,0.4774,0.2526,0.5188,0.3007,0.198,0.1616,0.3516,
1.0,0.999,0.9669,0.9659,0.9685,0.9976,0.9959,0.9906,0.9857,0.9198,0.7327,0.9294,0.9042,0.8389,0.8021,0.8511,0.6814,0.8263,0.9413,0.7765,0.6097,0.9516,0.7149,0.6213,0.6052,0.6161,0.851,0.5637,0.6154,0.7711,0.4899,0.5483,0.3882,0.5869,0.6711,0.5759,0.5191,0.3086,0.4767,0.2558,0.5194,0.2998,0.1992,0.1588,0.3522,
1.0,0.9994,0.9686,0.968,0.9698,0.9978,0.9957,0.9895,0.9835,0.9273,0.7385,0.9327,0.9103,0.8391,0.7978,0.8613,0.6829,0.8246,0.9422,0.7833,0.6186,0.953,0.7255,0.6263,0.6077,0.6198,0.8545,0.5709,0.6206,0.7835,0.5055,0.5537,0.3868,0.5904,0.6836,0.5903,0.526,0.3212,0.4861,0.2586,0.5351,0.3139,0.2093,0.1717,0.3501,
1.0,0.9984,0.9653,0.9637,0.9686,0.998,0.9959,0.9906,0.9845,0.9241,0.7401,0.9277,0.9096,0.8457,0.8088,0.8538,0.6941,0.8315,0.9398,0.7873,0.6132,0.9541,0.7193,0.6201,0.6026,0.6205,0.8611,0.5764,0.6213,0.7836,0.5092,0.5578,0.3897,0.5918,0.6817,0.5798,0.5258,0.3209,0.4864,0.2657,0.5305,0.3096,0.2145,0.1666,0.3664,
1.0,0.9986,0.9688,0.9674,0.9653,0.9972,0.9951,0.9908,0.9854,0.9253,0.7321,0.9276,0.9101,0.8363,0.7989,0.8541,0.6818,0.8233,0.9363,0.7787,0.6029,0.9531,0.7209,0.6094,0.598,0.6025,0.8578,0.5562,0.6228,0.7745,0.4934,0.543,0.3803,0.5854,0.6754,0.5797,0.5289,0.3018,0.4783,0.2634,0.5313,0.3065,0.2067,0.1606,0.3579,
1.0,0.9985,0.9708,0.9693,0.9708,0.9976,0.9951,0.991,0.9846,0.924,0.7389,0.9348,0.9101,0.839,0.8011,0.8602,0.6849,0.8252,0.9437,0.783,0.6168,0.9534,0.7218,0.6306,0.6103,0.6195,0.855,0.5679,0.6206,0.7803,0.5003,0.5528,0.3922,0.5908,0.6758,0.5852,0.5232,0.3113,0.4743,0.2634,0.5237,0.3083,0.2012,0.1673,0.3492,
1.0,0.9992,0.9648,0.964,0.9701,0.997,0.9951,0.99,0.9845,0.9257,0.7391,0.9288,0.9091,0.8395,0.7995,0.8546,0.6854,0.8269,0.9415,0.789,0.6166,0.9516,0.725,0.624,0.6091,0.6185,0.8579,0.5708,0.6166,0.7768,0.5044,0.5476,0.3918,0.5837,0.6712,0.5847,0.5191,0.317,0.4821,0.2618,0.5232,0.313,0.2037,0.1672,0.3512,
1.0,0.9993,0.9684,0.9677,0.9713,0.9976,0.9958,0.9908,0.985,0.9267,0.741,0.9347,0.912,0.8422,0.8053,0.8628,0.69,0.8282,0.938,0.7885,0.6176,0.9514,0.7256,0.6283,0.6051,0.6153,0.8579,0.5659,0.6277,0.7827,0.5025,0.5566,0.3913,0.5943,0.6806,0.581,0.5176,0.316,0.4804,0.2682,0.5262,0.3094,0.2132,0.1625,0.3608,
1.0,0.9984,0.9692,0.9676,0.9722,0.9979,0.9953,0.9899,0.9848,0.921,0.734,0.934,0.9053,0.8365,0.7949,0.8566,0.6849,0.8228,0.9402,0.7847,0.6034,0.953,0.7161,0.6198,0.6044,0.6115,0.8611,0.5693,0.6166,0.7769,0.5093,0.5554,0.3873,0.5881,0.6822,0.5751,0.5256,0.3158,0.4746,0.2579,0.5297,0.3129,0.2119,0.1576,0.3477,
1.0,0.9988,0.9689,0.9677,0.9722,0.9972,0.995,0.9914,0.9862,0.9266,0.7447,0.934,0.9106,0.8417,0.8032,0.8615,0.6867,0.8268,0.9392,0.7852,0.6157,0.9475,0.7218,0.6266,0.6042,0.6176,0.8563,0.5651,0.6258,0.7833,0.4981,0.5469,0.3916,0.5818,0.6722,0.5808,0.5187,0.306,0.4686,0.2659,0.5199,0.3054,0.2014,0.1635,0.3536,
1.0,0.9981,0.968,0.9661,0.9707,0.998,0.9951,0.9892,0.983,0.9249,0.7288,0.9305,0.9083,0.8324,0.7913,0.8563,0.6771,0.8174,0.936,0.7831,0.6014,0.9501,0.7233,0.614,0.6048,0.6053,0.8582,0.5535,0.6189,0.7857,0.5037,0.5437,0.3937,0.5901,0.6738,0.5776,0.5148,0.3149,0.4787,0.2548,0.5292,0.3141,0.2123,0.1658,0.3517,
1.0,0.9991,0.9694,0.9685,0.9669,0.9974,0.9958,0.9921,0.9868,0.9251,0.7322,0.9311,0.9117,0.8366,0.8019,0.8571,0.6848,0.824,0.9387,0.7808,0.6105,0.9554,0.7275,0.6194,0.6023,0.6038,0.8568,0.5585,0.6207,0.7798,0.4991,0.5444,0.3842,0.5884,0.6811,0.5862,0.5226,0.3096,0.4716,0.2557,0.5268,0.3061,0.2099,0.161,0.3488,
1.0,0.9995,0.9729,0.9724,0.9718,0.9965,0.9951,0.9903,0.986,0.9207,0.7385,0.9403,0.9047,0.8413,0.8053,0.8612,0.6927,0.8289,0.9418,0.7837,0.6136,0.9477,0.7228,0.6336,0.6101,0.6091,0.8593,0.5707,0.6226,0.7866,0.5056,0.5573,0.3937,0.5978,0.6923,0.5806,0.5238,0.3156,0.4794,0.2675,0.5381,0.3159,0.2156,0.1699,0.3583,
1.0,0.9992,0.9656,0.9648,0.9709,0.9975,0.9962,0.9922,0.986,0.9201,0.7386,0.9296,0.9054,0.8429,0.8061,0.8508,0.6841,0.8299,0.9387,0.7756,0.6089,0.956,0.7207,0.6262,0.6092,0.6138,0.8536,0.566,0.6137,0.7843,0.4996,0.5541,0.3859,0.5918,0.675,0.5771,0.515,0.3192,0.483,0.2553,0.522,0.3123,0.2037,0.1679,0.3556,
1.0,0.9989,0.9691,0.968,0.9701,0.9968,0.9946,0.9917,0.9875,0.9254,0.7311,0.9327,0.9102,0.8282,0.7939,0.8582,0.6784,0.8161,0.9381,0.7872,0.6016,0.9523,0.7261,0.6144,0.6101,0.6029,0.861,0.5515,0.621,0.7851,0.4941,0.534,0.3867,0.5869,0.6714,0.5805,0.517,0.3046,0.4846,0.2568,0.5284,0.3082,0.2005,0.1641,0.3447,
1.0,0.9989,0.9732,0.9721,0.9675,0.9977,0.9955,0.9913,0.9857,0.9234,0.7326,0.9343,0.9082,0.8339,0.7948,0.8582,0.6849,0.819,0.9372,0.7786,0.6049,0.9511,0.7226,0.6186,0.6098,0.6042,0.862,0.5636,0.627,0.7843,0.4975,0.5524,0.3855,0.5957,0.6838,0.5787,0.5161,0.3151,0.4752,0.2604,0.531,0.3113,0.2122,0.1559,0.3516,
1.0,0.9987,0.9654,0.9641,0.9659,0.9972,0.9947,0.9894,0.9846,0.9245,0.7316,0.9234,0.9065,0.8368,0.7972,0.8499,0.682,0.8253,0.9433,0.7798,0.6079,0.9553,0.7206,0.6177,0.5911,0.605,0.8536,0.5566,0.6133,0.7754,0.502,0.5461,0.3765,0.5895,0.6732,0.5806,0.5203,0.3061,0.4826,0.2508,0.5224,0.3072,0.2008,0.1593,0.3527,
1.0,0.9995,0.9667,0.9662,0.97,0.9975,0.9963,0.991,0.9841,0.9268,0.7391,0.9302,0.91,0.8368,0.7971,0.8579,0.6826,0.8221,0.9351,0.7855,0.6142,0.9481,0.723,0.6204,0.5981,0.611,0.8531,0.5609,0.6221,0.782,0.5072,0.5439,0.391,0.5853,0.6703,0.5777,0.5148,0.3113,0.4709,0.2678,0.5276,0.3139,0.2148,0.1639,0.3484,
1.0,0.9988,0.9668,0.9656,0.969,0.9973,0.9951,0.9888,0.9836,0.9222,0.7325,0.9292,0.9052,0.8379,0.7992,0.8538,0.6826,0.8258,0.9467,0.781,0.6176,0.9542,0.7288,0.6281,0.6095,0.614,0.8546,0.5664,0.6228,0.7776,0.5029,0.555,0.387,0.5969,0.6864,0.5886,0.5353,0.3133,0.4771,0.2641,0.5295,0.3101,0.2029,0.1709,0.3595,
1.0,0.9993,0.9693,0.9686,0.9708,0.9967,0.9954,0.9929,0.9861,0.9204,0.7368,0.9349,0.907,0.8406,0.8055,0.8565,0.6917,0.8256,0.9386,0.7869,0.6074,0.953,0.7178,0.6247,0.6061,0.6125,0.8644,0.5701,0.6187,0.784,0.5043,0.5447,0.3925,0.5922,0.6705,0.58,0.5234,0.319,0.4917,0.2636,0.5327,0.3183,0.209,0.1639,0.3642,
1.0,0.9989,0.9691,0.968,0.9685,0.9979,0.9958,0.9909,0.9856,0.9225,0.7313,0.9325,0.909,0.8352,0.7974,0.8561,0.6813,0.8223,0.9397,0.7788,0.6052,0.9565,0.7232,0.6161,0.609,0.61,0.8585,0.5653,0.6119,0.7752,0.4974,0.5438,0.3917,0.5879,0.6732,0.5784,0.5224,0.3151,0.4822,0.253,0.5212,0.3053,0.2065,0.1622,0.3519,
1.0,0.9988,0.9687,0.9675,0.9719,0.9969,0.9943,0.9914,0.9862,0.9218,0.7341,0.9349,0.9078,0.8336,0.7963,0.8573,0.6808,0.8208,0.9419,0.7839,0.6101,0.9553,0.7239,0.6214,0.6088,0.6085,0.8625,0.5619,0.6192,0.7822,0.5062,0.5467,0.3869,0.589,0.6802,0.584,0.521,0.3121,0.4789,0.2603,0.5282,0.3131,0.2085,0.162,0.3518,
1.0,0.9989,0.9658,0.9647,0.9688,0.9978,0.9961,0.9904,0.984,0.9262,0.7396,0.9271,0.9099,0.8396,0.7962,0.8548,0.6794,0.8267,0.9413,0.7767,0.6138,0.9518,0.7223,0.6243,0.5964,0.6106,0.8518,0.5592,0.621,0.7784,0.4966,0.5483,0.3786,0.5878,0.6743,0.5823,0.509,0.3108,0.4707,0.2588,0.5278,0.304,0.2042,0.1524,0.342,
1.0,0.9992,0.9645,0.9637,0.9694,0.9975,0.9963,0.9911,0.9841,0.9241,0.729,0.9273,0.9082,0.8339,0.7917,0.8533,0.6695,0.8205,0.9394,0.7754,0.6043,0.9534,0.7175,0.6121,0.6052,0.6078,0.8489,0.56,0.6175,0.7794,0.5069,0.5463,0.3889,0.5896,0.6653,0.5841,0.5113,0.3175,0.4757,0.2486,0.512,0.3113,0.2073,0.1626,0.3413,
1.0,0.9991,0.972,0.9711,0.9718,0.9977,0.9962,0.9894,0.9833,0.9246,0.7421,0.9362,0.9068,0.8459,0.805,0.862,0.6922,0.8328,0.9389,0.7844,0.6121,0.9508,0.7204,0.6287,0.6105,0.6188,0.8559,0.569,0.625,0.7835,0.502,0.5592,0.3917,0.5948,0.6845,0.5779,0.5188,0.3132,0.475,0.2585,0.5279,0.3171,0.2198,0.1593,0.3535,
1.0,0.9987,0.9676,0.9663,0.9712,0.9971,0.9941,0.9901,0.9857,0.9199,0.7413,0.9336,0.9046,0.8459,0.8098,0.8547,0.6946,0.831,0.9363,0.7856,0.6107,0.9502,0.7185,0.6267,0.6026,0.6147,0.8608,0.5735,0.6192,0.7799,0.4952,0.5553,0.3864,0.5913,0.6759,0.5773,0.5194,0.3035,0.4828,0.266,0.5319,0.3083,0.2066,0.1613,0.3663,
1.0,0.9993,0.9667,0.966,0.9672,0.9976,0.9961,0.9898,0.9828,0.9265,0.7422,0.9286,0.9101,0.8486,0.809,0.856,0.692,0.8351,0.9377,0.787,0.6166,0.955,0.7246,0.6223,0.6033,0.6186,0.857,0.5716,0.6249,0.779,0.5109,0.5545,0.3838,0.5972,0.6771,0.5902,0.5246,0.325,0.4844,0.2727,0.5315,0.3195,0.2093,0.1608,0.3628,
1.0,0.9988,0.9634,0.9622,0.9701,0.9966,0.995,0.9917,0.985,0.9237,0.7359,0.9271,0.9088,0.8387,0.7993,0.8529,0.6759,0.8258,0.9402,0.7786,0.6126,0.9556,0.7262,0.6224,0.6028,0.6138,0.8566,0.5685,0.6148,0.7852,0.5007,0.5516,0.3819,0.5832,0.6691,0.5796,0.5241,0.3192,0.4719,0.2623,0.5202,0.3009,0.2045,0.1638,0.3542,
1.0,0.999,0.9674,0.9664,0.9695,0.9962,0.994,0.9907,0.9864,0.9273,0.7393,0.9297,0.9098,0.8382,0.8009,0.8579,0.6845,0.8253,0.9409,0.786,0.6163,0.9496,0.7256,0.6252,0.6053,0.6173,0.8541,0.5663,0.6185,0.783,0.5055,0.5491,0.3823,0.5815,0.6696,0.5823,0.5247,0.312,0.4672,0.2682,0.5194,0.3091,0.2077,0.1663,0.3437,
1.0,0.9988,0.969,0.9678,0.9694,0.9985,0.9963,0.99,0.9848,0.9241,0.7318,0.9311,0.908,0.8353,0.7966,0.8566,0.6853,0.8212,0.9403,0.7839,0.6137,0.9503,0.7277,0.6275,0.6115,0.6107,0.8601,0.5653,0.6336,0.7832,0.5025,0.5541,0.3861,0.5854,0.6834,0.5896,0.5197,0.313,0.4673,0.2605,0.5321,0.3011,0.2174,0.1583,0.3449,
1.0,0.999,0.9691,0.9681,0.9707,0.9967,0.9947,0.99,0.9844,0.9223,0.7344,0.9329,0.9053,0.8366,0.7954,0.8571,0.6806,0.8234,0.9407,0.7818,0.6079,0.9491,0.7203,0.6237,0.6026,0.6079,0.8578,0.5645,0.6223,0.7775,0.4991,0.5481,0.3922,0.5902,0.673,0.5782,0.5243,0.3134,0.4863,0.2636,0.5309,0.3089,0.2049,0.1634,0.3529,
1.0,0.9989,0.9668,0.9657,0.9682,0.9973,0.9945,0.9876,0.9813,0.9245,0.7255,0.9276,0.9047,0.8316,0.7884,0.8531,0.6747,0.818,0.9422,0.7833,0.607,0.9558,0.7257,0.6186,0.6086,0.611,0.8533,0.5668,0.6154,0.7789,0.5013,0.5437,0.376,0.584,0.6705,0.5832,0.5137,0.3102,0.4764,0.2444,0.5165,0.3066,0.1999,0.1584,0.3375,
1.0,0.9987,0.9687,0.9674,0.9708,0.9978,0.9954,0.9907,0.9852,0.9238,0.7329,0.933,0.9086,0.8337,0.7975,0.8584,0.6857,0.8204,0.9394,0.7884,0.6094,0.9536,0.7275,0.62,0.6079,0.6099,0.8645,0.5619,0.6208,0.7842,0.4986,0.5398,0.3856,0.5867,0.6742,0.5875,0.5246,0.3104,0.485,0.2566,0.5291,0.3056,0.2067,0.1653,0.3475,
1.0,0.9995,0.9669,0.9664,0.9657,0.9972,0.9956,0.9908,0.984,0.923,0.7359,0.926,0.9055,0.8443,0.8052,0.8508,0.6923,0.8291,0.9397,0.7806,0.6165,0.9514,0.7243,0.6277,0.6058,0.611,0.8578,0.573,0.6242,0.7782,0.5078,0.553,0.3886,0.5885,0.6686,0.5899,0.5241,0.3242,0.4832,0.2712,0.5277,0.3176,0.2055,0.1633,0.3583,
1.0,0.9985,0.9643,0.9628,0.9701,0.9977,0.9954,0.9917,0.9865,0.92,0.7338,0.9283,0.9063,0.8381,0.8007,0.8502,0.6795,0.8248,0.9406,0.7769,0.6015,0.955,0.7156,0.6125,0.6013,0.61,0.859,0.568,0.6099,0.7806,0.5041,0.5503,0.3842,0.5871,0.6713,0.5733,0.5221,0.3192,0.4718,0.259,0.5254,0.3082,0.207,0.158,0.3517,
1.0,0.9983,0.9662,0.9645,0.9721,0.9985,0.9961,0.9897,0.9832,0.9219,0.7326,0.9314,0.9068,0.8363,0.7967,0.8552,0.6792,0.8211,0.936,0.7846,0.6076,0.9538,0.7204,0.6169,0.6053,0.61,0.8551,0.559,0.6224,0.7814,0.5003,0.544,0.3906,0.5896,0.6692,0.5818,0.5319,0.3118,0.4708,0.2696,0.5199,0.3097,0.2108,0.1687,0.3486,
1.0,0.9996,0.9682,0.9678,0.966,0.9978,0.9964,0.9906,0.9829,0.9248,0.7359,0.9292,0.9096,0.8428,0.8011,0.8552,0.6847,0.8273,0.9364,0.7806,0.6122,0.953,0.7257,0.6216,0.6102,0.6174,0.8595,0.5733,0.6214,0.7834,0.5022,0.5582,0.3948,0.5902,0.6603,0.5798,0.5109,0.322,0.4874,0.2555,0.5245,0.3105,0.1998,0.1588,0.3547,
1.0,0.9992,0.9645,0.9637,0.9697,0.9967,0.9941,0.9898,0.9842,0.9264,0.7378,0.9274,0.9088,0.8388,0.7995,0.855,0.6851,0.8245,0.9379,0.7873,0.6108,0.9516,0.7207,0.6178,0.5936,0.6092,0.857,0.5603,0.6106,0.7797,0.4973,0.5383,0.3758,0.5851,0.6718,0.5758,0.5147,0.302,0.4786,0.2546,0.5229,0.3063,0.2086,0.1545,0.3554,
1.0,0.9991,0.9675,0.9666,0.9692,0.9975,0.9952,0.9899,0.9841,0.9248,0.7323,0.93,0.909,0.8345,0.7943,0.8563,0.6798,0.8198,0.9377,0.7841,0.6035,0.9533,0.7205,0.6134,0.6098,0.6097,0.8585,0.5652,0.6267,0.7833,0.5104,0.5537,0.3864,0.6008,0.6799,0.5874,0.5237,0.3145,0.4868,0.2651,0.5322,0.3191,0.2112,0.1609,0.3622,
1.0,0.9991,0.9669,0.966,0.9686,0.998,0.996,0.9889,0.984,0.9255,0.7305,0.9295,0.9079,0.8344,0.7969,0.856,0.683,0.8228,0.9436,0.7897,0.6061,0.9535,0.719,0.6157,0.5976,0.6119,0.8576,0.5677,0.6185,0.7829,0.5103,0.5581,0.3829,0.598,0.6858,0.5773,0.5273,0.3137,0.4847,0.2617,0.5344,0.3191,0.2159,0.1633,0.3612,
1.0,0.9989,0.9685,0.9674,0.9687,0.9974,0.9958,0.9898,0.9845,0.9191,0.7367,0.9305,0.9026,0.8455,0.8079,0.852,0.6941,0.8335,0.9429,0.781,0.6133,0.953,0.7208,0.6294,0.6142,0.6232,0.8567,0.5792,0.6206,0.7771,0.4997,0.5663,0.3902,0.589,0.6769,0.5878,0.5304,0.3201,0.4776,0.2722,0.5231,0.3065,0.2031,0.1644,0.3609,
1.0,0.9988,0.9662,0.965,0.9687,0.9971,0.9949,0.9883,0.9833,0.9212,0.7299,0.9291,0.9041,0.8383,0.801,0.8522,0.6794,0.825,0.9373,0.7792,0.6073,0.9505,0.7249,0.6198,0.6101,0.6062,0.8534,0.5611,0.6265,0.7791,0.503,0.5469,0.3933,0.5947,0.671,0.5852,0.5183,0.3128,0.4803,0.2649,0.513,0.314,0.2031,0.162,0.3569,
1.0,0.999,0.9681,0.9671,0.9691,0.997,0.9948,0.9908,0.9845,0.9255,0.7453,0.9302,0.9099,0.8492,0.8126,0.8575,0.6988,0.8337,0.9372,0.7891,0.6186,0.9534,0.7244,0.6318,0.6078,0.6229,0.8585,0.5735,0.626,0.7814,0.5044,0.5544,0.383,0.5893,0.6708,0.5836,0.5166,0.313,0.4818,0.2636,0.5229,0.3036,0.2052,0.16,0.3621,
1.0,0.9988,0.9687,0.9675,0.9719,0.9971,0.9943,0.9905,0.9844,0.9229,0.7326,0.9334,0.9061,0.8349,0.7956,0.8574,0.6811,0.8193,0.9379,0.7838,0.6063,0.9518,0.7212,0.6215,0.6086,0.613,0.857,0.5632,0.6222,0.7826,0.5056,0.5471,0.392,0.5887,0.6691,0.5791,0.5167,0.3204,0.4753,0.2549,0.5269,0.3152,0.2021,0.1656,0.3466,
1.0,0.9985,0.9683,0.9668,0.9694,0.9979,0.9955,0.9912,0.9851,0.9193,0.7308,0.9315,0.9048,0.8396,0.8009,0.8516,0.6899,0.8261,0.9358,0.7815,0.6094,0.9524,0.7252,0.6236,0.6136,0.6039,0.8613,0.5693,0.6274,0.7782,0.49,0.5501,0.3961,0.5907,0.6635,0.5825,0.514,0.3164,0.4838,0.2656,0.5223,0.3096,0.1983,0.1675,0.3595,
1.0,0.9982,0.969,0.9672,0.9707,0.9965,0.9943,0.9897,0.9824,0.924,0.7361,0.933,0.9084,0.8391,0.8009,0.8591,0.6827,0.8253,0.939,0.7853,0.6146,0.9538,0.7237,0.6255,0.6099,0.6142,0.856,0.5659,0.6269,0.7851,0.5042,0.5497,0.3873,0.5961,0.6741,0.5876,0.5181,0.309,0.4879,0.2599,0.5338,0.3175,0.2106,0.1615,0.3591,
1.0,0.9985,0.9639,0.9624,0.97,0.9972,0.9945,0.9894,0.9845,0.9288,0.7467,0.9277,0.9128,0.8427,0.805,0.8573,0.688,0.8302,0.9384,0.7906,0.6215,0.9531,0.7356,0.624,0.6059,0.6178,0.8616,0.5702,0.6268,0.788,0.508,0.5475,0.3879,0.5924,0.6711,0.5971,0.5223,0.3133,0.4806,0.2732,0.5212,0.3186,0.2059,0.1593,0.3595,
1.0,0.9995,0.9669,0.9664,0.9678,0.9975,0.9964,0.9922,0.9869,0.926,0.7381,0.9285,0.9108,0.8385,0.8003,0.8553,0.6851,0.8273,0.9429,0.783,0.6126,0.9541,0.7211,0.6211,0.5933,0.6071,0.8568,0.5563,0.6201,0.78,0.4981,0.544,0.372,0.5886,0.6787,0.5825,0.5169,0.3017,0.4739,0.2551,0.5256,0.3011,0.2026,0.1482,0.355,
1.0,0.9996,0.9681,0.9677,0.9688,0.9975,0.9959,0.991,0.987,0.9266,0.7422,0.9319,0.9114,0.8441,0.8073,0.8605,0.6888,0.8311,0.9404,0.7831,0.6135,0.9495,0.7191,0.6234,0.5975,0.6145,0.8561,0.5718,0.6232,0.7861,0.5008,0.556,0.3781,0.5884,0.6762,0.5787,0.5242,0.3169,0.4723,0.2701,0.5255,0.3068,0.2067,0.1621,0.3592,
1.0,0.9986,0.9686,0.9672,0.9723,0.9973,0.9949,0.9917,0.9851,0.9308,0.7417,0.9349,0.917,0.8361,0.7989,0.8664,0.6797,0.8217,0.9381,0.7911,0.6085,0.9566,0.7281,0.6168,0.6081,0.6168,0.854,0.5635,0.626,0.7951,0.5185,0.5522,0.3942,0.5999,0.6765,0.5875,0.515,0.3184,0.4821,0.262,0.5255,0.3228,0.216,0.1632,0.3612,
1.0,0.9987,0.9644,0.9631,0.9727,0.997,0.9942,0.9899,0.9841,0.9252,0.7408,0.9304,0.9086,0.8407,0.8032,0.8582,0.6785,0.8265,0.9378,0.7853,0.609,0.9563,0.7217,0.6186,0.6034,0.6186,0.8503,0.5639,0.6177,0.7871,0.5109,0.543,0.379,0.5874,0.6691,0.5791,0.5226,0.3126,0.4766,0.2615,0.5136,0.3171,0.2083,0.1728,0.3545,
1.0,0.9989,0.9669,0.9658,0.9727,0.9981,0.9959,0.9891,0.9839,0.9205,0.737,0.9326,0.9037,0.8421,0.8027,0.8544,0.684,0.8285,0.9397,0.7809,0.6104,0.9524,0.7158,0.6267,0.6062,0.6197,0.8509,0.5688,0.6121,0.7807,0.5051,0.5535,0.3929,0.5826,0.6673,0.5771,0.5132,0.3156,0.4743,0.2541,0.5158,0.3097,0.207,0.1649,0.3493,
1.0,0.9993,0.9692,0.9685,0.9699,0.9972,0.9951,0.9926,0.9867,0.9244,0.7398,0.9327,0.91,0.8391,0.7995,0.8583,0.6841,0.8252,0.9395,0.782,0.6095,0.9576,0.7199,0.6228,0.6056,0.6142,0.8558,0.5681,0.6182,0.7781,0.5029,0.5587,0.3924,0.5962,0.6803,0.5829,0.5199,0.3184,0.4814,0.2542,0.5298,0.3135,0.2052,0.1612,0.3574,
1.0,0.9991,0.9685,0.9676,0.9687,0.9972,0.995,0.9903,0.9846,0.9229,0.7327,0.93,0.9054,0.8361,0.7968,0.8534,0.6824,0.8214,0.9404,0.7798,0.6068,0.9535,0.7229,0.6183,0.6035,0.6111,0.8547,0.5588,0.6171,0.7801,0.5056,0.5439,0.387,0.591,0.6766,0.5814,0.5171,0.316,0.4785,0.2516,0.5177,0.3072,0.2002,0.1615,0.3477,
1.0,0.999,0.9693,0.9683,0.9684,0.9973,0.9952,0.9917,0.9865,0.9279,0.7465,0.9308,0.9122,0.8454,0.8083,0.8587,0.6944,0.8326,0.9415,0.7868,0.6127,0.9541,0.7216,0.6217,0.6025,0.624,0.8566,0.5741,0.6188,0.7854,0.5039,0.5638,0.3839,0.5913,0.6817,0.5775,0.5199,0.3202,0.4824,0.2623,0.5333,0.3085,0.2075,0.1609,0.3558,
1.0,0.9991,0.97,0.9691,0.968,0.9972,0.9949,0.9904,0.9855,0.9221,0.7374,0.9309,0.9047,0.8438,0.8061,0.8543,0.6956,0.8307,0.9393,0.7836,0.6141,0.9555,0.7226,0.6282,0.608,0.608,0.8568,0.5715,0.6237,0.7798,0.5077,0.5527,0.3874,0.5877,0.6742,0.5864,0.5264,0.3231,0.4808,0.2659,0.5256,0.3109,0.207,0.1644,0.3616,
1.0,0.9989,0.9682,0.9671,0.968,0.9975,0.9956,0.9919,0.9871,0.9243,0.741,0.9311,0.9108,0.8443,0.808,0.8561,0.6906,0.8317,0.9377,0.7811,0.617,0.9557,0.7275,0.6234,0.6048,0.6126,0.855,0.5646,0.6263,0.7785,0.4979,0.5474,0.3897,0.5919,0.672,0.5863,0.5186,0.3086,0.481,0.2633,0.5237,0.3074,0.2054,0.1667,0.3581,
1.0,0.9984,0.9687,0.9671,0.9714,0.9979,0.9951,0.9899,0.9838,0.9228,0.7373,0.9336,0.9074,0.8436,0.8039,0.8578,0.6806,0.8294,0.9439,0.7766,0.6224,0.9552,0.7243,0.6357,0.6183,0.6209,0.8481,0.571,0.6264,0.778,0.5051,0.5598,0.3845,0.5908,0.6848,0.596,0.5279,0.3213,0.4766,0.2696,0.5194,0.3139,0.2064,0.1689,0.3515,
1.0,0.999,0.9664,0.9654,0.9689,0.9981,0.9961,0.9901,0.9855,0.9213,0.7352,0.9281,0.9052,0.8407,0.8031,0.8518,0.6866,0.8288,0.9384,0.7825,0.6051,0.9555,0.7187,0.6218,0.6039,0.6121,0.8574,0.5694,0.6169,0.7764,0.4988,0.5524,0.3882,0.59,0.6773,0.5765,0.5186,0.3171,0.4832,0.2606,0.5259,0.3096,0.2108,0.1653,0.3583,
1.0,0.9989,0.9683,0.9672,0.9679,0.9973,0.9955,0.9924,0.9858,0.9184,0.7364,0.9305,0.9053,0.8476,0.8132,0.8507,0.6942,0.8336,0.9403,0.7771,0.6073,0.9565,0.7153,0.6268,0.6024,0.6176,0.8569,0.577,0.6142,0.7788,0.4979,0.5619,0.3821,0.592,0.6738,0.574,0.5214,0.3126,0.4759,0.2603,0.5192,0.3073,0.2049,0.1629,0.3607,
1.0,0.9986,0.9649,0.9635,0.9749,0.9975,0.9947,0.9873,0.9826,0.9214,0.7386,0.9334,0.9034,0.8413,0.8015,0.8568,0.6803,0.8282,0.9435,0.7824,0.6095,0.9503,0.7171,0.625,0.6036,0.6186,0.8538,0.565,0.6123,0.7814,0.5033,0.5509,0.3923,0.5897,0.6718,0.5743,0.5237,0.3191,0.476,0.2544,0.5187,0.3114,0.2029,0.1621,0.3586,
1.0,0.9988,0.9669,0.9657,0.9719,0.9978,0.9954,0.9891,0.9836,0.9224,0.7447,0.9331,0.9064,0.8466,0.8075,0.8568,0.6875,0.8344,0.9396,0.7808,0.6131,0.9548,0.7167,0.6257,0.6027,0.6187,0.8503,0.5743,0.6161,0.7826,0.5059,0.5608,0.3821,0.5886,0.6759,0.5747,0.5175,0.3209,0.4716,0.2615,0.5278,0.3163,0.2115,0.1577,0.3543,
1.0,0.9988,0.968,0.9668,0.9702,0.9974,0.9951,0.9901,0.9852,0.9207,0.7357,0.9322,0.9055,0.841,0.8032,0.8541,0.6887,0.8283,0.9397,0.7832,0.607,0.9494,0.7174,0.6208,0.6011,0.612,0.8617,0.5665,0.6127,0.7803,0.4944,0.5513,0.3837,0.5887,0.6731,0.571,0.5176,0.3131,0.4783,0.2543,0.5248,0.305,0.2096,0.1574,0.3529,
1.0,0.9985,0.9674,0.9659,0.9684,0.9965,0.9942,0.9892,0.9828,0.9273,0.7408,0.9292,0.9103,0.8437,0.8045,0.858,0.6843,0.8307,0.9416,0.7842,0.6192,0.9528,0.7298,0.6272,0.6076,0.6242,0.8556,0.5728,0.6235,0.7837,0.5086,0.5603,0.3861,0.5866,0.6701,0.5837,0.5156,0.3182,0.4776,0.2637,0.5209,0.3157,0.2029,0.1593,0.3554,
1.0,0.9987,0.9698,0.9685,0.9699,0.9974,0.9952,0.9893,0.9833,0.9209,0.7323,0.9328,0.9042,0.838,0.7999,0.8548,0.6852,0.8233,0.9344,0.783,0.6051,0.9469,0.7181,0.6214,0.6062,0.6062,0.8548,0.5592,0.6268,0.7766,0.5015,0.543,0.3952,0.5853,0.6662,0.5744,0.5167,0.3142,0.4697,0.2629,0.5192,0.3096,0.2068,0.1705,0.3494,
1.0,0.9988,0.9687,0.9675,0.9692,0.9981,0.996,0.9907,0.9836,0.9235,0.7351,0.9308,0.908,0.8409,0.8004,0.8565,0.683,0.8274,0.9423,0.7792,0.611,0.9519,0.7204,0.6277,0.604,0.6138,0.854,0.5697,0.6237,0.7796,0.5015,0.5588,0.3885,0.5893,0.6686,0.5811,0.5182,0.3205,0.4723,0.2639,0.5244,0.3105,0.2072,0.1636,0.3498,
1.0,0.9984,0.9677,0.9661,0.9712,0.9975,0.9954,0.9905,0.9863,0.9249,0.7372,0.9317,0.9099,0.8373,0.8012,0.8586,0.6827,0.8252,0.9447,0.7853,0.6071,0.9543,0.7197,0.6187,0.6045,0.615,0.8553,0.5664,0.6163,0.7851,0.5077,0.5485,0.3842,0.5922,0.6765,0.5801,0.5195,0.3149,0.4815,0.2517,0.5246,0.3134,0.2013,0.1644,0.356,
1.0,0.999,0.9698,0.9688,0.9704,0.9972,0.9954,0.9895,0.9843,0.9233,0.7295,0.9331,0.9056,0.8338,0.7941,0.8574,0.6754,0.8217,0.9437,0.7776,0.6098,0.9503,0.7226,0.6248,0.6088,0.6093,0.8518,0.5579,0.6201,0.7778,0.5036,0.5426,0.3909,0.5945,0.6788,0.5863,0.5125,0.3101,0.4779,0.2528,0.5256,0.3068,0.2063,0.1573,0.3459,
1.0,0.9986,0.967,0.9656,0.9711,0.9975,0.9951,0.9927,0.986,0.9203,0.7303,0.9312,0.9068,0.8327,0.7958,0.8528,0.6785,0.8179,0.9402,0.7793,0.6014,0.9557,0.7151,0.6183,0.6049,0.6047,0.8553,0.56,0.6147,0.7769,0.5057,0.5468,0.3905,0.5945,0.6808,0.5766,0.5186,0.318,0.4869,0.2563,0.5287,0.311,0.2095,0.1653,0.3525,
1.0,0.999,0.9635,0.9625,0.9691,0.9974,0.996,0.9907,0.9837,0.9243,0.7343,0.9266,0.9086,0.838,0.7979,0.853,0.6802,0.8236,0.9382,0.7849,0.6101,0.9536,0.7228,0.6169,0.6068,0.6107,0.86,0.5634,0.6171,0.7807,0.496,0.5429,0.381,0.5902,0.6689,0.5811,0.5144,0.3047,0.492,0.2603,0.5243,0.3072,0.1973,0.1552,0.3566,
1.0,0.9987,0.967,0.9657,0.9671,0.9975,0.9955,0.9919,0.9864,0.9259,0.7463,0.9271,0.9117,0.8467,0.811,0.8542,0.6943,0.8336,0.9413,0.7828,0.6131,0.9524,0.7191,0.6215,0.5934,0.6163,0.8566,0.572,0.6182,0.7853,0.5025,0.5505,0.3729,0.5807,0.6735,0.5777,0.5116,0.3206,0.4707,0.2597,0.5194,0.3079,0.2002,0.1551,0.3487,
1.0,0.9991,0.9671,0.9662,0.9669,0.9974,0.996,0.9903,0.9852,0.9242,0.7422,0.9276,0.9082,0.845,0.8056,0.853,0.6874,0.8338,0.9472,0.7769,0.6235,0.9515,0.7247,0.6333,0.6012,0.6193,0.8538,0.5719,0.6213,0.7769,0.5048,0.5583,0.3843,0.5859,0.6788,0.5872,0.5188,0.311,0.4757,0.265,0.5211,0.3042,0.2078,0.1599,0.3572,
1.0,0.9986,0.9664,0.965,0.9695,0.9973,0.995,0.9888,0.9833,0.9253,0.7336,0.9291,0.908,0.8367,0.7995,0.8556,0.686,0.8241,0.9441,0.7892,0.62,0.949,0.7288,0.6271,0.6078,0.6155,0.8603,0.5713,0.6216,0.7829,0.5069,0.5513,0.3913,0.5875,0.6783,0.592,0.5258,0.3147,0.4831,0.2655,0.528,0.31,0.2123,0.1706,0.3578,
1.0,0.9989,0.9686,0.9675,0.971,0.998,0.9956,0.9902,0.9863,0.926,0.7375,0.9335,0.911,0.8386,0.8048,0.861,0.6865,0.827,0.9433,0.7869,0.6094,0.9525,0.7196,0.6232,0.6012,0.6164,0.8539,0.5659,0.6211,0.7876,0.5156,0.5562,0.3906,0.5947,0.683,0.5805,0.5215,0.3225,0.476,0.2601,0.5307,0.3152,0.2137,0.1635,0.361,
1.0,0.9989,0.9653,0.9642,0.9722,0.9977,0.9952,0.9902,0.9844,0.9245,0.7414,0.9311,0.9088,0.8425,0.8062,0.8569,0.6875,0.8282,0.9394,0.7884,0.6096,0.9532,0.7164,0.6194,0.5984,0.6173,0.8558,0.5737,0.6152,0.7881,0.5093,0.5509,0.3776,0.5843,0.672,0.5757,0.5229,0.3078,0.4763,0.2652,0.5208,0.3067,0.2087,0.158,0.3506,
1.0,0.9987,0.9693,0.968,0.9691,0.9976,0.9952,0.9908,0.9843,0.9235,0.7334,0.9315,0.9087,0.8361,0.7946,0.8556,0.6776,0.8211,0.9401,0.7785,0.6068,0.9514,0.7174,0.6181,0.6046,0.6159,0.855,0.5658,0.6149,0.7811,0.5059,0.553,0.3883,0.5862,0.6728,0.5725,0.5165,0.3186,0.4714,0.2576,0.5231,0.3083,0.2089,0.1627,0.3444,
1.0,0.999,0.9659,0.9649,0.9692,0.9972,0.9954,0.9918,0.9862,0.924,0.7337,0.9289,0.9093,0.8362,0.8012,0.8548,0.6825,0.8235,0.9457,0.7845,0.6097,0.9538,0.7214,0.6176,0.6045,0.617,0.8616,0.5731,0.6148,0.7876,0.5096,0.5557,0.3878,0.5868,0.6789,0.5769,0.5252,0.3239,0.4756,0.2634,0.5259,0.3134,0.2122,0.1598,0.3562,
1.0,0.9991,0.9687,0.9678,0.9706,0.998,0.9967,0.9905,0.9833,0.9243,0.7378,0.9325,0.9085,0.8419,0.8005,0.8577,0.6877,0.8289,0.9404,0.7847,0.6133,0.9525,0.7188,0.6232,0.6003,0.6113,0.8571,0.5682,0.6204,0.7793,0.4993,0.5519,0.3807,0.5879,0.6726,0.5794,0.5124,0.3115,0.4772,0.2573,0.5252,0.307,0.2063,0.1572,0.3536,
1.0,0.9991,0.9703,0.9694,0.9696,0.9973,0.9955,0.9901,0.9849,0.9207,0.7368,0.9339,0.9045,0.8427,0.8021,0.8562,0.6885,0.8305,0.9422,0.7795,0.6101,0.9535,0.7169,0.6247,0.6024,0.6108,0.859,0.5664,0.6079,0.7818,0.5001,0.5472,0.3857,0.59,0.6786,0.576,0.5292,0.3189,0.4911,0.2536,0.5329,0.3124,0.2029,0.1691,0.3509,
1.0,0.9992,0.9667,0.9659,0.9686,0.9976,0.9956,0.9914,0.9864,0.9245,0.7328,0.9294,0.9095,0.8314,0.7944,0.8553,0.6776,0.819,0.9382,0.7826,0.6021,0.9573,0.7256,0.6092,0.6029,0.6041,0.8584,0.5565,0.6212,0.7842,0.5013,0.5386,0.386,0.5974,0.6773,0.5837,0.5191,0.3146,0.4877,0.2551,0.5297,0.3157,0.2071,0.1617,0.361,
1.0,0.9993,0.9661,0.9654,0.9696,0.9969,0.9953,0.991,0.9862,0.9233,0.7346,0.9298,0.9069,0.8361,0.7983,0.8541,0.6821,0.8227,0.9406,0.783,0.6052,0.9518,0.7208,0.616,0.6087,0.6117,0.8573,0.5663,0.6228,0.7849,0.5149,0.5534,0.3953,0.5989,0.6771,0.5771,0.5191,0.3308,0.4874,0.2602,0.5283,0.3212,0.2164,0.1664,0.3538,
1.0,0.9988,0.9682,0.967,0.9692,0.9971,0.9955,0.9901,0.9827,0.9204,0.7255,0.9298,0.9034,0.8331,0.7936,0.8526,0.6761,0.8203,0.9443,0.7765,0.6052,0.954,0.7203,0.6196,0.6003,0.6092,0.8523,0.5606,0.618,0.7781,0.4984,0.553,0.382,0.5896,0.6866,0.5785,0.5304,0.311,0.4729,0.2548,0.5228,0.3026,0.2072,0.1642,0.3441,
1.0,0.999,0.9653,0.9643,0.9727,0.9971,0.9954,0.9912,0.9862,0.9254,0.741,0.9315,0.9103,0.8385,0.8017,0.8583,0.6887,0.8273,0.9431,0.7904,0.6152,0.9545,0.7274,0.626,0.6113,0.6227,0.8616,0.574,0.625,0.7904,0.5031,0.556,0.3918,0.5956,0.6736,0.5904,0.529,0.3138,0.4836,0.2627,0.5273,0.3192,0.2084,0.1622,0.3636,
1.0,0.9992,0.9652,0.9644,0.9691,0.997,0.9957,0.9906,0.9861,0.9222,0.7318,0.9263,0.9045,0.8356,0.795,0.8484,0.6815,0.8243,0.9445,0.7808,0.6129,0.9496,0.7235,0.6243,0.6093,0.6108,0.8584,0.5686,0.6222,0.7817,0.5003,0.5468,0.387,0.5944,0.6673,0.5892,0.5213,0.3161,0.4816,0.2665,0.5174,0.3068,0.2042,0.1664,0.3534,
1.0,0.9991,0.968,0.9671,0.9696,0.9979,0.9963,0.9913,0.9855,0.9228,0.7387,0.9311,0.9082,0.8423,0.8041,0.8552,0.6899,0.8282,0.9412,0.7828,0.6141,0.9552,0.7205,0.6279,0.6037,0.615,0.8574,0.575,0.6157,0.7831,0.5113,0.5569,0.3912,0.5883,0.6777,0.5785,0.5291,0.3228,0.4707,0.2609,0.5198,0.3127,0.2047,0.1554,0.348,
1.0,0.9993,0.9676,0.9669,0.9678,0.9966,0.9943,0.9904,0.9858,0.9249,0.7304,0.9305,0.9088,0.8318,0.7956,0.8582,0.6768,0.8181,0.9402,0.7839,0.608,0.9513,0.7253,0.6163,0.6057,0.6082,0.8565,0.5601,0.6264,0.7814,0.5017,0.5466,0.3861,0.594,0.6775,0.5836,0.5245,0.306,0.4805,0.2635,0.5294,0.3094,0.2134,0.1617,0.3544,
1.0,0.9993,0.9674,0.9667,0.9723,0.9972,0.9959,0.9911,0.9857,0.9223,0.7375,0.9327,0.9055,0.8392,0.8005,0.8558,0.6836,0.8266,0.9429,0.7815,0.6133,0.9544,0.7205,0.6279,0.6126,0.6159,0.8529,0.5661,0.6178,0.7848,0.5117,0.5565,0.3879,0.5899,0.677,0.5833,0.5181,0.3204,0.4781,0.2628,0.5295,0.3117,0.2125,0.1662,0.3506,
1.0,0.9982,0.9699,0.9681,0.9682,0.9975,0.9951,0.9898,0.9834,0.9239,0.7266,0.9315,0.9094,0.8315,0.7924,0.8553,0.6745,0.8187,0.9416,0.7788,0.6065,0.951,0.7206,0.6168,0.6039,0.6059,0.8517,0.556,0.6253,0.7803,0.499,0.5447,0.3855,0.5982,0.6741,0.5866,0.5101,0.3083,0.4757,0.255,0.5211,0.3121,0.2069,0.1627,0.3502,
1.0,0.9992,0.9664,0.9656,0.9716,0.9974,0.9953,0.9897,0.9839,0.9228,0.7335,0.9315,0.9046,0.837,0.7968,0.8555,0.6834,0.8215,0.9424,0.7847,0.6078,0.952,0.7161,0.6223,0.607,0.6161,0.856,0.5715,0.625,0.7829,0.5071,0.5543,0.3787,0.5878,0.6815,0.588,0.5202,0.31,0.4775,0.2569,0.5208,0.3096,0.2089,0.1537,0.3492,
1.0,0.9991,0.9703,0.9694,0.9702,0.9971,0.9955,0.9909,0.9857,0.9217,0.7372,0.9347,0.9064,0.8396,0.8023,0.8564,0.6859,0.8263,0.9378,0.781,0.6087,0.9496,0.7162,0.6234,0.6007,0.609,0.8556,0.5648,0.6155,0.7792,0.5023,0.553,0.3859,0.5817,0.6674,0.5774,0.527,0.3151,0.465,0.2579,0.5221,0.3055,0.2111,0.1667,0.3449,
1.0,0.9987,0.9681,0.9668,0.97,0.9978,0.9955,0.9913,0.9859,0.9175,0.7357,0.9317,0.9035,0.843,0.8043,0.8504,0.6895,0.8301,0.9362,0.7787,0.6032,0.9566,0.72,0.6179,0.6093,0.6088,0.8634,0.5688,0.6106,0.7801,0.5002,0.5517,0.3832,0.5876,0.6688,0.5748,0.5229,0.3198,0.478,0.2584,0.518,0.3047,0.2054,0.1632,0.3523,
1.0,0.9991,0.9691,0.9682,0.9705,0.9969,0.9949,0.9901,0.9848,0.927,0.738,0.9342,0.9108,0.8388,0.7988,0.8631,0.6834,0.8265,0.9381,0.785,0.6108,0.953,0.7287,0.6204,0.6144,0.6147,0.8593,0.5658,0.6245,0.786,0.51,0.5492,0.3911,0.5855,0.6706,0.5876,0.5264,0.3215,0.478,0.265,0.5197,0.3184,0.2042,0.1633,0.3569,
1.0,0.9986,0.9688,0.9674,0.9711,0.997,0.9946,0.9912,0.9866,0.9258,0.7448,0.9333,0.9109,0.843,0.8079,0.8594,0.6895,0.8305,0.9412,0.7825,0.6082,0.954,0.7197,0.6217,0.6014,0.6202,0.8543,0.5667,0.6186,0.7884,0.5058,0.5574,0.3837,0.5933,0.6789,0.5808,0.5174,0.3072,0.4792,0.2589,0.5221,0.3173,0.2082,0.1537,0.3596,
1.0,0.9989,0.9662,0.9651,0.9665,0.9958,0.994,0.9898,0.984,0.9275,0.7387,0.9279,0.9114,0.8402,0.8033,0.8561,0.6822,0.8279,0.9413,0.7846,0.616,0.9493,0.7265,0.6188,0.5978,0.6159,0.8549,0.5672,0.6261,0.7803,0.4995,0.5512,0.3783,0.5814,0.672,0.586,0.5207,0.305,0.4788,0.2614,0.5321,0.3079,0.2058,0.1594,0.3504,
1.0,0.999,0.9672,0.9662,0.9697,0.9977,0.9953,0.9905,0.9857,0.9211,0.735,0.9297,0.9044,0.8398,0.8016,0.852,0.6861,0.8243,0.9389,0.78,0.6081,0.9546,0.7223,0.6227,0.6082,0.615,0.855,0.5689,0.6138,0.777,0.4954,0.5494,0.3863,0.5801,0.6736,0.579,0.5336,0.3102,0.4704,0.2618,0.5177,0.2971,0.1992,0.1704,0.3527,
1.0,0.9994,0.9697,0.9691,0.9692,0.9973,0.995,0.9889,0.9854,0.917,0.7282,0.9326,0.8991,0.8362,0.7997,0.851,0.6778,0.8228,0.9414,0.7727,0.5999,0.9479,0.7098,0.6225,0.6009,0.6059,0.8505,0.5556,0.6103,0.7741,0.4964,0.5463,0.3862,0.5901,0.6739,0.5706,0.5214,0.3055,0.4706,0.2526,0.517,0.3051,0.2053,0.1632,0.3486,
1.0,0.9994,0.9667,0.9661,0.9703,0.9973,0.9956,0.991,0.9852,0.9231,0.7315,0.9305,0.9071,0.8322,0.7939,0.8544,0.682,0.8178,0.9367,0.7864,0.5979,0.9511,0.7165,0.6139,0.6005,0.6077,0.8627,0.5598,0.6126,0.7812,0.5031,0.5434,0.3922,0.5878,0.6678,0.5683,0.52,0.3138,0.4846,0.2584,0.5188,0.3109,0.2087,0.1586,0.354,
1.0,0.9995,0.9681,0.9676,0.9703,0.9967,0.9947,0.9901,0.9861,0.9203,0.743,0.9327,0.9025,0.8445,0.8056,0.8536,0.6874,0.8313,0.9373,0.777,0.6112,0.9519,0.7173,0.6229,0.6049,0.6135,0.8508,0.5646,0.618,0.7761,0.5041,0.5511,0.3846,0.5887,0.6761,0.5794,0.5266,0.3135,0.4762,0.2614,0.5237,0.3157,0.2175,0.1589,0.3606,
1.0,0.9992,0.967,0.9662,0.9726,0.9969,0.9956,0.9907,0.9845,0.9227,0.74,0.9334,0.906,0.8417,0.802,0.8576,0.6825,0.8279,0.9416,0.7776,0.6194,0.9498,0.7262,0.6329,0.616,0.6189,0.8528,0.5705,0.6233,0.7829,0.5033,0.5584,0.4011,0.5877,0.6738,0.5863,0.5159,0.3188,0.4761,0.2593,0.5179,0.3106,0.21,0.1679,0.3511,
1.0,0.9993,0.9645,0.9638,0.9681,0.9977,0.9962,0.9906,0.9833,0.9252,0.73,0.9275,0.9102,0.8353,0.7962,0.8539,0.6742,0.8195,0.9371,0.7837,0.6041,0.9525,0.72,0.6111,0.6001,0.6136,0.8559,0.5643,0.6168,0.7808,0.4995,0.542,0.3802,0.59,0.6746,0.5769,0.518,0.3087,0.4799,0.2545,0.5235,0.3115,0.2054,0.1525,0.3473,
1.0,0.9987,0.9668,0.9655,0.9689,0.998,0.9956,0.9907,0.9857,0.9249,0.7335,0.9295,0.9102,0.836,0.7988,0.8541,0.6806,0.8227,0.942,0.7809,0.6125,0.9541,0.7251,0.6242,0.6056,0.6097,0.8554,0.5636,0.6229,0.7871,0.5118,0.5477,0.3857,0.5907,0.6783,0.5894,0.5262,0.3209,0.4827,0.2543,0.518,0.3167,0.2078,0.1636,0.3484,
1.0,0.999,0.9679,0.9669,0.9724,0.9969,0.9953,0.9892,0.9836,0.9258,0.7375,0.9343,0.9084,0.8392,0.799,0.8607,0.6814,0.8263,0.937,0.7856,0.6075,0.95,0.7216,0.6183,0.604,0.6131,0.8536,0.5645,0.6161,0.7855,0.5111,0.5455,0.387,0.5838,0.6652,0.5801,0.5175,0.3103,0.4764,0.2571,0.5128,0.316,0.2072,0.1589,0.3518,
1.0,0.9991,0.9683,0.9674,0.9705,0.9972,0.9956,0.9923,0.9862,0.9266,0.7333,0.932,0.9118,0.8336,0.794,0.8597,0.6746,0.8195,0.9364,0.7843,0.608,0.9516,0.7279,0.6175,0.607,0.602,0.8559,0.5533,0.6247,0.7841,0.5065,0.5439,0.3958,0.5908,0.6735,0.5811,0.5195,0.3155,0.4769,0.2595,0.5268,0.3122,0.2096,0.1676,0.3488,
1.0,0.9987,0.9695,0.9682,0.9716,0.9973,0.9953,0.9892,0.9828,0.9214,0.7335,0.9334,0.9032,0.837,0.7954,0.8565,0.6804,0.8238,0.9438,0.7802,0.6106,0.9527,0.7223,0.6285,0.6166,0.6167,0.8542,0.5625,0.6247,0.7788,0.4988,0.553,0.3946,0.6004,0.6789,0.5797,0.5168,0.3131,0.476,0.2608,0.5283,0.3087,0.2057,0.1654,0.3598,
1.0,0.9991,0.9693,0.9684,0.965,0.9971,0.9952,0.9904,0.9833,0.9193,0.7208,0.9277,0.9026,0.8323,0.7912,0.8481,0.6827,0.8173,0.9381,0.7787,0.6027,0.9543,0.7183,0.6147,0.6018,0.5954,0.8596,0.5613,0.6219,0.7689,0.4915,0.5477,0.3807,0.5964,0.6839,0.5802,0.5255,0.3064,0.4793,0.2615,0.5343,0.3013,0.2098,0.1594,0.3554,
1.0,0.9995,0.9701,0.9696,0.9725,0.9977,0.9963,0.992,0.9847,0.921,0.7343,0.9354,0.9051,0.8372,0.7962,0.8578,0.6779,0.8212,0.9357,0.7774,0.5995,0.9528,0.7152,0.6179,0.6091,0.6107,0.8556,0.5627,0.6123,0.7835,0.5006,0.5509,0.3931,0.5893,0.6696,0.5725,0.5163,0.3112,0.4715,0.2479,0.5214,0.3099,0.2071,0.1607,0.3438,
1.0,0.9982,0.9668,0.965,0.9714,0.9977,0.9952,0.99,0.9838,0.9258,0.7381,0.9303,0.9102,0.8371,0.7978,0.858,0.6798,0.825,0.9407,0.7823,0.6081,0.9589,0.725,0.617,0.6119,0.6225,0.8518,0.5678,0.6169,0.7854,0.5069,0.5561,0.3894,0.5965,0.6773,0.5807,0.5201,0.3212,0.4803,0.256,0.5306,0.3143,0.205,0.1665,0.3501,
1.0,0.9989,0.9678,0.9667,0.9675,0.998,0.9955,0.9901,0.9857,0.9259,0.7387,0.9286,0.9097,0.8429,0.8059,0.8545,0.6897,0.8306,0.9384,0.7797,0.617,0.9536,0.7316,0.6261,0.6072,0.6109,0.8521,0.5561,0.6238,0.7789,0.4956,0.5476,0.3865,0.5899,0.6812,0.5868,0.5218,0.3207,0.4686,0.2653,0.526,0.3038,0.2151,0.1664,0.3516,
1.0,0.9992,0.9688,0.968,0.9667,0.9976,0.9955,0.9913,0.9868,0.9239,0.7344,0.9293,0.9087,0.8367,0.803,0.8544,0.6899,0.8249,0.9428,0.7858,0.6108,0.9532,0.7234,0.6227,0.606,0.6105,0.8594,0.5685,0.6272,0.7799,0.5052,0.5493,0.3877,0.5914,0.6761,0.5856,0.5248,0.3148,0.4819,0.2643,0.5261,0.3072,0.2081,0.1652,0.3567,
1.0,0.9988,0.9702,0.969,0.9696,0.9976,0.9953,0.991,0.9853,0.9226,0.7368,0.935,0.9093,0.8409,0.8072,0.8591,0.6935,0.826,0.9385,0.7895,0.6141,0.952,0.7253,0.627,0.6071,0.6184,0.8626,0.5721,0.6229,0.7857,0.5078,0.554,0.3944,0.5856,0.6797,0.5828,0.5325,0.3146,0.477,0.2715,0.5299,0.3147,0.2125,0.1671,0.3571,
1.0,0.9992,0.9674,0.9666,0.9705,0.9975,0.9959,0.9917,0.9856,0.9251,0.7407,0.9326,0.9113,0.8419,0.8046,0.8587,0.6842,0.8279,0.9411,0.7826,0.6195,0.9529,0.7293,0.6301,0.6059,0.6154,0.8544,0.5673,0.6249,0.7863,0.5092,0.5535,0.3935,0.5885,0.679,0.5853,0.5215,0.3207,0.4781,0.2643,0.5272,0.3195,0.2113,0.1659,0.3565,
1.0,0.9993,0.9673,0.9666,0.9715,0.996,0.9943,0.9915,0.986,0.9241,0.7428,0.9329,0.9079,0.8428,0.8074,0.8578,0.6899,0.8298,0.9382,0.7855,0.613,0.9543,0.7219,0.6249,0.6048,0.6171,0.8556,0.5599,0.6205,0.7785,0.5048,0.5434,0.3826,0.593,0.6729,0.5877,0.5263,0.3086,0.4845,0.2668,0.5244,0.315,0.2103,0.1651,0.3576,
1.0,0.9987,0.9733,0.972,0.971,0.9967,0.9945,0.9899,0.9855,0.9259,0.7452,0.9383,0.9098,0.8463,0.8089,0.8647,0.6969,0.8341,0.943,0.7862,0.6179,0.9537,0.7256,0.6332,0.6059,0.6207,0.8572,0.5729,0.6189,0.7854,0.5089,0.5578,0.3919,0.5913,0.681,0.584,0.5289,0.3193,0.4738,0.264,0.5236,0.3109,0.212,0.1596,0.3549,
1.0,0.9987,0.9688,0.9675,0.9698,0.9975,0.9954,0.9895,0.9838,0.9282,0.7385,0.9315,0.9108,0.8409,0.8025,0.8609,0.687,0.8277,0.9368,0.7888,0.6162,0.9513,0.731,0.6235,0.6163,0.6204,0.8612,0.5724,0.6251,0.7891,0.5074,0.557,0.3985,0.5935,0.6755,0.588,0.5182,0.3212,0.4857,0.2662,0.526,0.3157,0.2147,0.1649,0.3602,
1.0,0.9987,0.97,0.9687,0.971,0.9968,0.9943,0.992,0.9875,0.9207,0.7389,0.934,0.9055,0.84,0.8023,0.8556,0.6875,0.8278,0.9427,0.7775,0.6178,0.9539,0.7225,0.6311,0.6165,0.6178,0.8523,0.5712,0.6252,0.7748,0.5002,0.558,0.3985,0.594,0.68,0.5895,0.5254,0.3174,0.4776,0.2681,0.5236,0.306,0.2049,0.1703,0.3564,
1.0,0.9986,0.9675,0.9661,0.9719,0.9976,0.995,0.9907,0.9856,0.9192,0.7361,0.9327,0.9041,0.8398,0.804,0.8527,0.6866,0.8267,0.9424,0.7811,0.615,0.9512,0.7243,0.6322,0.6203,0.619,0.8575,0.5725,0.6226,0.7808,0.5009,0.5574,0.4012,0.5885,0.6716,0.5849,0.5168,0.3227,0.4789,0.2606,0.5206,0.318,0.2034,0.1716,0.3558,
1.0,0.9993,0.9693,0.9686,0.973,0.9966,0.9946,0.9913,0.9867,0.9207,0.7371,0.9371,0.906,0.8408,0.8027,0.8591,0.6863,0.8277,0.9393,0.7809,0.6113,0.9527,0.7242,0.6301,0.614,0.6097,0.8589,0.5643,0.6236,0.7787,0.504,0.5506,0.4018,0.5952,0.6761,0.5823,0.5251,0.3252,0.4774,0.2628,0.5228,0.3129,0.2134,0.1691,0.3593,
1.0,0.9987,0.9708,0.9695,0.9704,0.9973,0.9949,0.9904,0.9847,0.92,0.7253,0.9348,0.9051,0.8319,0.7938,0.8561,0.6759,0.8191,0.9395,0.7762,0.6027,0.9541,0.7224,0.6218,0.6168,0.6029,0.8543,0.561,0.6254,0.7804,0.5047,0.5474,0.3941,0.5966,0.6768,0.5813,0.5085,0.3158,0.473,0.2519,0.5155,0.3136,0.2093,0.1543,0.3476,
1.0,0.9989,0.9689,0.9678,0.9709,0.9964,0.9945,0.9911,0.9858,0.9243,0.7457,0.9326,0.907,0.8485,0.8095,0.8588,0.6912,0.8358,0.9403,0.7791,0.6172,0.9544,0.7238,0.6336,0.6107,0.6231,0.8531,0.573,0.6178,0.7784,0.5033,0.5575,0.3925,0.5847,0.6754,0.5813,0.5217,0.3215,0.4754,0.2601,0.5104,0.3086,0.2046,0.1719,0.3597,
1.0,0.9985,0.9679,0.9664,0.9698,0.9979,0.9953,0.9888,0.984,0.9239,0.7374,0.9311,0.9074,0.8415,0.8026,0.8564,0.6866,0.8284,0.9382,0.7841,0.6119,0.9513,0.7192,0.6211,0.6084,0.6138,0.8559,0.5693,0.6176,0.7781,0.5045,0.5512,0.3905,0.5939,0.675,0.581,0.5218,0.3154,0.48,0.2685,0.5259,0.3133,0.2099,0.1638,0.3557,
1.0,0.9993,0.9684,0.9677,0.971,0.9975,0.9957,0.9894,0.9838,0.926,0.7427,0.9321,0.9074,0.8449,0.8033,0.859,0.6866,0.8321,0.9413,0.7804,0.6204,0.9502,0.7241,0.6346,0.6129,0.6208,0.8487,0.5718,0.6277,0.7794,0.4986,0.5576,0.3929,0.5959,0.6793,0.5921,0.5174,0.3132,0.4749,0.2657,0.521,0.3063,0.2076,0.1653,0.354,
1.0,0.9993,0.9692,0.9685,0.9705,0.9967,0.995,0.99,0.9843,0.9274,0.7425,0.9333,0.9096,0.8427,0.8028,0.8606,0.6885,0.8293,0.9413,0.7868,0.6174,0.9505,0.7281,0.6269,0.6068,0.6167,0.8568,0.5719,0.6231,0.7873,0.5104,0.5585,0.3867,0.5865,0.6752,0.584,0.5257,0.3156,0.4697,0.2644,0.5244,0.3094,0.2118,0.1601,0.3542,
1.0,0.9988,0.9693,0.9681,0.9706,0.9971,0.9946,0.9893,0.9832,0.9243,0.7378,0.9333,0.9076,0.8415,0.8023,0.8587,0.6822,0.8256,0.9367,0.7842,0.6097,0.9518,0.7197,0.6236,0.6052,0.613,0.8541,0.5633,0.6204,0.7846,0.502,0.5525,0.3864,0.593,0.6775,0.5742,0.5208,0.3146,0.4741,0.2594,0.5218,0.3112,0.2061,0.1604,0.3566,
1.0,0.9989,0.9677,0.9666,0.9711,0.9984,0.9966,0.9921,0.9864,0.9266,0.7362,0.9331,0.9136,0.8344,0.8007,0.8599,0.6844,0.8216,0.939,0.788,0.6174,0.9546,0.7336,0.6268,0.6115,0.6071,0.8618,0.5567,0.6341,0.7941,0.5051,0.5434,0.393,0.5973,0.6757,0.5906,0.5233,0.3127,0.4825,0.2694,0.5225,0.3173,0.2095,0.1641,0.3613,
1.0,0.9993,0.9662,0.9655,0.9708,0.9973,0.9955,0.9905,0.9858,0.9271,0.7412,0.9318,0.9111,0.8394,0.8026,0.8593,0.6852,0.827,0.9397,0.7897,0.612,0.9545,0.7249,0.6214,0.6028,0.6177,0.857,0.5714,0.6126,0.7903,0.5152,0.5493,0.3832,0.581,0.6678,0.5766,0.5195,0.3187,0.4786,0.2563,0.5163,0.3127,0.2054,0.1607,0.3577,
1.0,0.9989,0.9692,0.9681,0.9715,0.9973,0.9948,0.9913,0.9869,0.9264,0.7415,0.9348,0.9121,0.838,0.803,0.8619,0.6848,0.8268,0.9374,0.7871,0.6149,0.9563,0.733,0.6251,0.6076,0.6101,0.8578,0.5568,0.6251,0.7873,0.4993,0.5389,0.3946,0.6007,0.6703,0.5872,0.5202,0.3087,0.4835,0.2676,0.5296,0.3122,0.2086,0.1699,0.3571,
1.0,0.999,0.9695,0.9685,0.9691,0.9975,0.9953,0.9914,0.9871,0.9228,0.7361,0.9316,0.907,0.8401,0.8045,0.856,0.6893,0.8277,0.941,0.7812,0.6172,0.9508,0.7195,0.6311,0.6066,0.6168,0.8568,0.5676,0.6221,0.7765,0.5022,0.5534,0.4057,0.5897,0.6711,0.5781,0.5133,0.3208,0.474,0.2594,0.5256,0.3137,0.2049,0.1697,0.3493,
1.0,0.9989,0.9681,0.967,0.9678,0.996,0.9938,0.9884,0.9818,0.9243,0.7353,0.9288,0.9051,0.8415,0.8,0.8549,0.682,0.8274,0.9387,0.7811,0.6116,0.95,0.721,0.6214,0.5957,0.6135,0.8532,0.5667,0.6149,0.7783,0.4999,0.5505,0.3744,0.5836,0.68,0.5757,0.5162,0.3145,0.4779,0.2561,0.5343,0.3018,0.2088,0.1584,0.3563,
1.0,0.9986,0.9685,0.9671,0.9719,0.998,0.996,0.9904,0.9847,0.9228,0.7368,0.9344,0.9089,0.839,0.8032,0.8587,0.6917,0.8268,0.9418,0.791,0.6093,0.9541,0.7173,0.6229,0.605,0.6181,0.8618,0.5703,0.6175,0.7842,0.5055,0.5528,0.3838,0.5885,0.6747,0.5752,0.5257,0.319,0.4748,0.2615,0.5285,0.3086,0.2117,0.1601,0.3531,
1.0,0.9985,0.9664,0.9649,0.9678,0.9976,0.9951,0.9896,0.9839,0.9243,0.7339,0.9274,0.9076,0.8383,0.8005,0.8524,0.6848,0.8239,0.9382,0.7843,0.6059,0.9487,0.7197,0.6155,0.6009,0.6133,0.8607,0.5677,0.6101,0.7867,0.5028,0.5477,0.3817,0.5775,0.6628,0.5749,0.5205,0.3183,0.4714,0.2569,0.5172,0.3132,0.2061,0.1605,0.3491,
1.0,0.9988,0.9674,0.9662,0.9674,0.9976,0.9957,0.9889,0.9831,0.919,0.7263,0.9278,0.9013,0.8363,0.797,0.8478,0.6829,0.8226,0.9406,0.7779,0.6008,0.9524,0.7111,0.6135,0.5957,0.602,0.8562,0.5624,0.6125,0.7691,0.4959,0.5402,0.379,0.5887,0.6797,0.5726,0.5159,0.3093,0.4761,0.2495,0.5238,0.3011,0.2018,0.1506,0.351,
1.0,0.999,0.9682,0.9672,0.9665,0.9974,0.9955,0.9919,0.9863,0.9243,0.7356,0.9291,0.9102,0.8395,0.8028,0.8543,0.6886,0.8268,0.94,0.7827,0.6147,0.9518,0.7266,0.6255,0.6051,0.6153,0.8602,0.5739,0.6213,0.7815,0.494,0.5519,0.3874,0.5879,0.6718,0.5798,0.5164,0.3177,0.4747,0.2631,0.5228,0.2978,0.1972,0.1627,0.3488,
1.0,0.9984,0.9682,0.9666,0.9687,0.9978,0.9948,0.9898,0.9839,0.9221,0.7279,0.9303,0.9071,0.8321,0.7935,0.8538,0.6732,0.8186,0.9389,0.7764,0.6045,0.9552,0.7219,0.6179,0.608,0.6072,0.8527,0.5541,0.6177,0.7784,0.4987,0.5453,0.3834,0.5902,0.671,0.5845,0.5149,0.31,0.4816,0.2514,0.5198,0.3072,0.2041,0.1628,0.3466,
1.0,0.9991,0.9683,0.9674,0.9725,0.9969,0.995,0.9899,0.9847,0.9252,0.7391,0.9354,0.9089,0.8397,0.8002,0.8625,0.6795,0.8267,0.9406,0.783,0.6101,0.9514,0.7233,0.6244,0.6096,0.6144,0.8536,0.5636,0.619,0.778,0.4997,0.5456,0.3858,0.5822,0.6715,0.5808,0.5136,0.3122,0.4749,0.2596,0.5223,0.308,0.1979,0.1577,0.3429,
1.0,0.9992,0.9643,0.9635,0.9689,0.9972,0.996,0.9909,0.9838,0.9205,0.7352,0.9262,0.904,0.8417,0.8017,0.8493,0.681,0.828,0.9404,0.7771,0.6112,0.9502,0.7206,0.6237,0.6033,0.6147,0.8547,0.568,0.618,0.7781,0.4982,0.5507,0.3848,0.5834,0.667,0.5803,0.5185,0.3178,0.4641,0.2599,0.5115,0.3037,0.2033,0.1608,0.3491,
1.0,0.999,0.9679,0.9669,0.9698,0.9973,0.9951,0.9917,0.9865,0.9191,0.7383,0.9313,0.9039,0.8452,0.807,0.8515,0.6939,0.8322,0.9372,0.7807,0.6071,0.954,0.7146,0.6229,0.6022,0.6121,0.8609,0.5757,0.6111,0.7813,0.4978,0.5565,0.3821,0.5849,0.6713,0.5711,0.5149,0.3253,0.4687,0.2557,0.5237,0.3025,0.2068,0.1576,0.3557,
1.0,0.9989,0.9665,0.9654,0.9705,0.998,0.9962,0.9915,0.9863,0.9261,0.7425,0.9308,0.9125,0.8426,0.805,0.8588,0.6897,0.8295,0.9453,0.7843,0.6197,0.9539,0.7265,0.6321,0.6116,0.6221,0.8608,0.5731,0.6288,0.7816,0.5073,0.5594,0.3963,0.5943,0.6839,0.5938,0.5318,0.325,0.4823,0.2692,0.5301,0.3167,0.2123,0.1683,0.3637,
1.0,0.9991,0.9658,0.9649,0.9705,0.998,0.9965,0.9923,0.9879,0.9242,0.7323,0.93,0.9102,0.8315,0.7941,0.8551,0.676,0.8195,0.9447,0.7816,0.6057,0.9564,0.7224,0.6177,0.6003,0.6053,0.8553,0.5595,0.6191,0.7847,0.5183,0.5448,0.3946,0.5847,0.6791,0.5839,0.5217,0.3215,0.4749,0.2534,0.5179,0.3189,0.2095,0.1588,0.3502,
1.0,0.9988,0.9667,0.9655,0.9682,0.9976,0.9957,0.9907,0.9863,0.9221,0.7367,0.9284,0.9062,0.8422,0.8051,0.852,0.694,0.83,0.9389,0.7841,0.605,0.9528,0.7166,0.6139,0.6014,0.6099,0.863,0.5688,0.6201,0.7758,0.4898,0.5489,0.3787,0.5915,0.6777,0.5795,0.5246,0.3091,0.4864,0.2667,0.5385,0.3025,0.2022,0.158,0.3662,
1.0,0.9995,0.9678,0.9673,0.9713,0.9971,0.9959,0.9929,0.9868,0.9208,0.7417,0.9328,0.9059,0.8434,0.8069,0.8543,0.6906,0.8301,0.9438,0.7797,0.6174,0.9535,0.7206,0.6331,0.6119,0.6215,0.8541,0.5817,0.6185,0.7844,0.5091,0.5655,0.3953,0.5925,0.6768,0.5818,0.5283,0.3258,0.4768,0.2615,0.5264,0.3153,0.2116,0.1706,0.3581,
1.0,0.9987,0.9664,0.9651,0.9677,0.9976,0.9955,0.9902,0.9849,0.9246,0.7382,0.9268,0.9081,0.843,0.8058,0.8519,0.6902,0.8308,0.9365,0.7826,0.613,0.9512,0.7271,0.62,0.6056,0.6115,0.8575,0.5672,0.6201,0.7892,0.5039,0.5536,0.3828,0.583,0.6709,0.5819,0.5072,0.3189,0.4745,0.2575,0.523,0.3108,0.2138,0.1584,0.3528,
1.0,0.9978,0.9655,0.9633,0.9689,0.9974,0.9936,0.9879,0.9815,0.9208,0.7357,0.928,0.9043,0.8433,0.8017,0.8504,0.6815,0.8277,0.9368,0.7801,0.6136,0.9541,0.7248,0.6227,0.6105,0.6204,0.8553,0.5748,0.6203,0.7754,0.4983,0.5603,0.3891,0.5913,0.6769,0.5826,0.5217,0.3167,0.4847,0.2627,0.5313,0.3074,0.2043,0.1682,0.3571,
1.0,0.9985,0.9661,0.9646,0.97,0.9977,0.9954,0.9883,0.9834,0.9235,0.7325,0.9288,0.9062,0.8358,0.7949,0.8542,0.6731,0.8254,0.9417,0.7758,0.6094,0.9536,0.723,0.6194,0.6032,0.6075,0.8447,0.5547,0.6227,0.7754,0.4901,0.5413,0.3773,0.5836,0.6737,0.5844,0.5172,0.2929,0.4669,0.2576,0.5177,0.3021,0.2036,0.155,0.349,
1.0,0.9992,0.9678,0.967,0.9683,0.9967,0.9949,0.9927,0.9853,0.9281,0.7444,0.929,0.9126,0.8449,0.8079,0.8578,0.687,0.8306,0.9422,0.7834,0.622,0.9579,0.7269,0.6314,0.6012,0.6263,0.853,0.5754,0.6226,0.7904,0.5157,0.5646,0.389,0.5952,0.6843,0.5846,0.5244,0.3217,0.4816,0.2667,0.5246,0.3196,0.2207,0.1666,0.361,
1.0,0.9985,0.9715,0.97,0.9692,0.9979,0.9956,0.9905,0.9854,0.9237,0.7365,0.9349,0.9101,0.8406,0.801,0.8602,0.6848,0.8291,0.9421,0.7809,0.614,0.9545,0.7244,0.6284,0.6115,0.6128,0.8579,0.5632,0.6248,0.7756,0.5091,0.5529,0.3983,0.5948,0.6789,0.5863,0.5316,0.3225,0.4838,0.2637,0.525,0.3202,0.2138,0.1739,0.357,
1.0,0.9989,0.9651,0.964,0.9718,0.997,0.9951,0.9901,0.9818,0.9279,0.7404,0.9308,0.9114,0.8398,0.7979,0.8613,0.6822,0.8239,0.939,0.7901,0.6146,0.9537,0.731,0.6229,0.609,0.6204,0.861,0.5699,0.622,0.7886,0.5112,0.5506,0.3934,0.5917,0.6714,0.5863,0.521,0.3184,0.4852,0.2618,0.5195,0.3219,0.2108,0.1627,0.3535,
1.0,0.999,0.9672,0.9662,0.969,0.9979,0.996,0.9903,0.9853,0.9265,0.7329,0.9293,0.9104,0.8335,0.7961,0.857,0.6774,0.8201,0.9374,0.7838,0.6001,0.9508,0.7181,0.608,0.5962,0.6068,0.8552,0.5559,0.6204,0.7834,0.5025,0.5421,0.3787,0.5866,0.6783,0.5749,0.5171,0.3127,0.4761,0.2601,0.5345,0.308,0.2048,0.1584,0.3509,
1.0,0.9991,0.9676,0.9667,0.9681,0.9973,0.9953,0.9908,0.9857,0.9267,0.7338,0.9299,0.9113,0.8359,0.8001,0.8576,0.69,0.8234,0.942,0.7911,0.6062,0.9537,0.7191,0.6136,0.5986,0.6107,0.8615,0.5698,0.6177,0.7836,0.5064,0.5529,0.3783,0.5954,0.6829,0.5866,0.524,0.3114,0.4837,0.2656,0.5274,0.3157,0.2121,0.1571,0.3589,
1.0,0.9998,0.9669,0.9667,0.9673,0.9969,0.9954,0.9913,0.9867,0.9215,0.738,0.93,0.9059,0.8441,0.8087,0.8539,0.6937,0.8314,0.9411,0.7827,0.6178,0.9526,0.7276,0.6287,0.6092,0.6151,0.8595,0.5778,0.6193,0.7775,0.4941,0.5535,0.3945,0.5897,0.6676,0.5844,0.5234,0.3215,0.4826,0.2604,0.5211,0.3086,0.2007,0.1686,0.3549,
1.0,0.999,0.9689,0.9679,0.9682,0.9974,0.9958,0.9911,0.9851,0.9219,0.7337,0.9313,0.9077,0.8377,0.7992,0.8539,0.6823,0.8238,0.9415,0.7787,0.613,0.9515,0.7242,0.6251,0.6106,0.6153,0.8555,0.5693,0.6252,0.7788,0.4942,0.5566,0.3862,0.5917,0.6797,0.5853,0.52,0.3104,0.4752,0.2606,0.5279,0.3016,0.1999,0.1687,0.3493,
1.0,0.9987,0.9681,0.9668,0.9685,0.9972,0.9943,0.9882,0.9835,0.9212,0.7289,0.9294,0.9021,0.8353,0.7955,0.8519,0.6815,0.8215,0.9379,0.7793,0.6035,0.9519,0.721,0.6179,0.6018,0.6055,0.857,0.564,0.6148,0.7805,0.5034,0.5454,0.3818,0.5972,0.6796,0.583,0.5272,0.3084,0.4888,0.2609,0.5297,0.3155,0.2059,0.1663,0.3561,
1.0,0.9987,0.9694,0.9681,0.9699,0.9968,0.9943,0.9907,0.9848,0.9231,0.7397,0.9322,0.9069,0.841,0.8012,0.8554,0.6857,0.8285,0.9393,0.7816,0.6147,0.9547,0.7263,0.6283,0.6146,0.6162,0.856,0.5686,0.6237,0.7795,0.5012,0.5546,0.3897,0.5875,0.6757,0.5834,0.516,0.3168,0.4821,0.2633,0.5264,0.3093,0.2069,0.1629,0.356,
1.0,0.9989,0.9695,0.9684,0.9684,0.9968,0.9946,0.9909,0.9858,0.9188,0.7379,0.9315,0.9031,0.8464,0.811,0.853,0.6963,0.833,0.9376,0.78,0.6093,0.9504,0.7144,0.6249,0.6066,0.6137,0.8577,0.5734,0.6178,0.778,0.4971,0.5579,0.3818,0.5927,0.6739,0.5792,0.5263,0.3176,0.4799,0.264,0.5274,0.3098,0.2032,0.162,0.3559,
1.0,0.9989,0.9668,0.9657,0.9676,0.9974,0.9948,0.9898,0.9845,0.9252,0.7446,0.9283,0.9091,0.8495,0.8093,0.8554,0.69,0.8362,0.9371,0.7784,0.6168,0.9512,0.7278,0.6276,0.6108,0.6202,0.8538,0.5751,0.6256,0.779,0.503,0.5627,0.3876,0.5912,0.6723,0.587,0.5171,0.324,0.4795,0.2664,0.5306,0.3115,0.2104,0.1708,0.3504,
1.0,0.999,0.9697,0.9687,0.9693,0.9972,0.9946,0.9898,0.9835,0.9228,0.7368,0.9324,0.9062,0.8408,0.8008,0.8557,0.6874,0.8258,0.936,0.7836,0.6086,0.9513,0.7155,0.6193,0.6045,0.6153,0.8568,0.5693,0.6157,0.7834,0.4991,0.5581,0.3831,0.5897,0.6734,0.5711,0.5076,0.3128,0.4717,0.2543,0.5311,0.3092,0.2153,0.154,0.3536,
1.0,0.9987,0.9672,0.9659,0.9698,0.9971,0.9945,0.9902,0.9851,0.9223,0.7392,0.9312,0.9072,0.843,0.8057,0.8554,0.6896,0.8298,0.9402,0.7843,0.6108,0.952,0.7202,0.6237,0.6055,0.6189,0.8579,0.5815,0.6198,0.7828,0.501,0.5564,0.3805,0.5893,0.6702,0.5807,0.5245,0.3179,0.4726,0.2645,0.5175,0.3078,0.2025,0.1666,0.3546,
1.0,0.9984,0.9688,0.9672,0.9675,0.9982,0.9953,0.9895,0.9839,0.9214,0.7308,0.9293,0.9059,0.8389,0.8003,0.8531,0.6817,0.8257,0.942,0.7775,0.6137,0.9545,0.726,0.6258,0.6113,0.6131,0.8565,0.57,0.6235,0.7829,0.5013,0.5572,0.4012,0.6,0.675,0.5776,0.5185,0.3242,0.4789,0.2583,0.523,0.3138,0.2049,0.1653,0.3597,
1.0,0.9988,0.9696,0.9684,0.9691,0.9969,0.9942,0.9907,0.9862,0.9195,0.7416,0.9323,0.9035,0.8438,0.8076,0.8531,0.6919,0.831,0.9404,0.7786,0.6124,0.9524,0.7175,0.6281,0.6063,0.6141,0.8548,0.5683,0.6199,0.7753,0.4895,0.5532,0.3826,0.5911,0.6751,0.5786,0.5223,0.3081,0.486,0.2635,0.5297,0.3024,0.2038,0.1618,0.3561,
1.0,0.9994,0.9682,0.9676,0.9714,0.9973,0.9953,0.9892,0.9842,0.9215,0.7356,0.9342,0.905,0.8399,0.8022,0.8579,0.6875,0.8267,0.9383,0.7867,0.6078,0.9503,0.7216,0.6232,0.6136,0.6142,0.8604,0.5749,0.6217,0.7845,0.5088,0.5584,0.3884,0.5952,0.6811,0.5832,0.5159,0.3189,0.4752,0.2605,0.5233,0.3153,0.2154,0.1526,0.3593,
1.0,0.9991,0.9678,0.9669,0.9708,0.9968,0.9951,0.9907,0.9854,0.9225,0.7423,0.9329,0.9057,0.8448,0.8076,0.8573,0.6892,0.8316,0.9395,0.7837,0.618,0.9544,0.7313,0.6296,0.6195,0.6189,0.8571,0.5713,0.6215,0.7806,0.5101,0.5515,0.4002,0.5959,0.6826,0.5906,0.5201,0.3202,0.4948,0.263,0.5246,0.3212,0.2149,0.1672,0.3651,
1.0,0.9991,0.9657,0.9648,0.9675,0.9975,0.9953,0.9899,0.9847,0.9222,0.7316,0.9269,0.9058,0.8377,0.7969,0.8505,0.6781,0.824,0.9408,0.7749,0.6112,0.9517,0.7233,0.6213,0.6025,0.6081,0.8533,0.5663,0.6235,0.7785,0.4969,0.5502,0.3785,0.5905,0.6723,0.5877,0.5166,0.3152,0.4749,0.2591,0.5206,0.3063,0.2037,0.1669,0.3463,
1.0,0.9989,0.966,0.9649,0.9716,0.9969,0.9949,0.9913,0.9865,0.9258,0.7414,0.9321,0.9114,0.8407,0.8025,0.8591,0.6841,0.8286,0.9444,0.7856,0.6109,0.9523,0.7197,0.6245,0.5976,0.6124,0.8592,0.5663,0.6238,0.7836,0.5102,0.5527,0.3846,0.5993,0.6835,0.5861,0.5243,0.3187,0.4908,0.2701,0.5317,0.3182,0.2109,0.1665,0.3648,
1.0,0.9982,0.9655,0.9637,0.97,0.9972,0.9941,0.9883,0.9839,0.9267,0.7456,0.9272,0.9079,0.8439,0.8031,0.8548,0.6882,0.8309,0.9423,0.7862,0.6126,0.9466,0.7194,0.6217,0.5979,0.6258,0.8576,0.5768,0.6171,0.7852,0.5076,0.558,0.3872,0.5875,0.6711,0.582,0.5222,0.3136,0.481,0.2601,0.5231,0.3148,0.2046,0.1586,0.3621,
1.0,0.9988,0.9633,0.9621,0.9708,0.9984,0.9961,0.9903,0.9845,0.9236,0.7357,0.9266,0.9072,0.8375,0.7971,0.8522,0.6779,0.8243,0.9405,0.7805,0.6122,0.9548,0.7268,0.622,0.6086,0.6129,0.8573,0.5659,0.6186,0.7857,0.5086,0.5477,0.39,0.5872,0.6743,0.5864,0.5274,0.3186,0.4779,0.2657,0.5198,0.3174,0.2103,0.1638,0.3535,
1.0,0.9991,0.965,0.9641,0.971,0.9974,0.9958,0.9911,0.9857,0.9212,0.7392,0.9304,0.9061,0.8404,0.8038,0.8527,0.6864,0.8275,0.9397,0.7836,0.6114,0.9523,0.7236,0.6231,0.6062,0.6134,0.8606,0.5691,0.616,0.7829,0.5011,0.5551,0.3899,0.5909,0.6813,0.5819,0.5235,0.3184,0.4831,0.263,0.5271,0.3138,0.2111,0.1628,0.3626,
1.0,0.9988,0.9674,0.9662,0.9708,0.9979,0.9953,0.9896,0.9852,0.9195,0.7311,0.9323,0.904,0.8376,0.7992,0.8535,0.6836,0.8249,0.939,0.7826,0.6026,0.954,0.7172,0.6159,0.6037,0.606,0.857,0.5667,0.6191,0.7795,0.5028,0.5499,0.3833,0.5971,0.6825,0.5788,0.5221,0.3107,0.4836,0.2608,0.5353,0.3153,0.2019,0.1603,0.3498,
1.0,0.9993,0.9683,0.9676,0.9745,0.9979,0.9963,0.9896,0.984,0.9259,0.7422,0.9368,0.9091,0.8395,0.7992,0.8625,0.6844,0.8266,0.9428,0.7882,0.616,0.9506,0.7218,0.6294,0.6101,0.6229,0.8554,0.5706,0.6177,0.7869,0.5084,0.5511,0.3874,0.5861,0.6671,0.5825,0.5193,0.3161,0.473,0.2545,0.517,0.3124,0.2037,0.1661,0.3455,
1.0,0.9993,0.969,0.9683,0.9708,0.997,0.9949,0.9895,0.9847,0.9171,0.7298,0.9323,0.8984,0.8365,0.7969,0.8507,0.6816,0.8221,0.9381,0.7757,0.5996,0.9522,0.709,0.6197,0.5992,0.6063,0.8537,0.566,0.6081,0.7752,0.4961,0.5492,0.3829,0.5861,0.6776,0.5716,0.5239,0.3068,0.478,0.2542,0.5298,0.3064,0.2074,0.1623,0.3544,
1.0,0.9991,0.9666,0.9657,0.9717,0.9972,0.9955,0.989,0.9846,0.9249,0.7377,0.9326,0.9082,0.8399,0.8022,0.8589,0.689,0.8276,0.9399,0.7887,0.6086,0.9488,0.7183,0.6198,0.599,0.6154,0.8591,0.5673,0.6141,0.7837,0.5074,0.5439,0.3881,0.5749,0.6596,0.575,0.5182,0.3128,0.4732,0.2556,0.5237,0.3071,0.2089,0.1543,0.3454,
1.0,0.999,0.9674,0.9664,0.9721,0.9976,0.9953,0.9902,0.9835,0.9224,0.7343,0.9335,0.9075,0.8375,0.7964,0.8575,0.6788,0.8233,0.9383,0.7802,0.6046,0.9518,0.7191,0.6179,0.6054,0.6109,0.8571,0.5645,0.6175,0.7839,0.4982,0.5506,0.3864,0.5938,0.6674,0.5741,0.5178,0.3134,0.4852,0.2579,0.5206,0.3129,0.2099,0.1612,0.3574,
1.0,0.9985,0.9675,0.966,0.9706,0.9968,0.9939,0.9899,0.9837,0.9216,0.7368,0.9318,0.9058,0.8397,0.7988,0.8534,0.682,0.8255,0.9401,0.7808,0.6116,0.9513,0.7204,0.6227,0.6087,0.6139,0.8596,0.5732,0.6154,0.7802,0.4991,0.5487,0.3867,0.5847,0.6646,0.577,0.5162,0.315,0.4853,0.2557,0.5246,0.31,0.2014,0.1623,0.3542,
1.0,0.9992,0.9657,0.9649,0.9687,0.998,0.9957,0.9901,0.9834,0.9249,0.7329,0.9272,0.9084,0.8368,0.7964,0.8542,0.6791,0.8212,0.94,0.7819,0.6103,0.9508,0.7198,0.62,0.5992,0.6143,0.857,0.5687,0.6134,0.7847,0.4972,0.554,0.3831,0.5878,0.6742,0.5786,0.5188,0.3129,0.4714,0.2577,0.5226,0.3037,0.2046,0.161,0.3505,
1.0,0.9991,0.967,0.9661,0.9715,0.9979,0.9959,0.9908,0.9862,0.9227,0.7393,0.9319,0.9069,0.8422,0.8072,0.8552,0.6944,0.8299,0.9451,0.7886,0.6204,0.9558,0.7272,0.632,0.61,0.6193,0.8616,0.5702,0.6224,0.7819,0.5065,0.5543,0.3925,0.5977,0.6782,0.5913,0.5276,0.3146,0.4826,0.2675,0.5278,0.3092,0.2087,0.1649,0.3638,
1.0,0.9987,0.9708,0.9695,0.9694,0.9981,0.9959,0.9914,0.9847,0.9273,0.738,0.9321,0.9121,0.8367,0.7983,0.8607,0.689,0.8211,0.9387,0.7869,0.6093,0.9537,0.7203,0.6207,0.6002,0.6144,0.8586,0.5608,0.6207,0.7876,0.5043,0.5469,0.3843,0.5979,0.6838,0.5828,0.5259,0.311,0.4816,0.2631,0.5332,0.3124,0.2126,0.1667,0.3552,
1.0,0.9984,0.9655,0.9639,0.9675,0.9975,0.9948,0.9903,0.9844,0.9239,0.7348,0.9268,0.9096,0.8391,0.8012,0.8524,0.6835,0.8253,0.9439,0.7826,0.6109,0.9499,0.7198,0.6197,0.5995,0.6167,0.8607,0.5705,0.6215,0.7822,0.5021,0.5586,0.3903,0.595,0.6795,0.576,0.5221,0.3116,0.4809,0.2631,0.5217,0.3081,0.2071,0.1541,0.3618,
1.0,0.9986,0.9685,0.9671,0.9713,0.9984,0.9966,0.9903,0.9824,0.9214,0.7324,0.9333,0.9068,0.8399,0.8048,0.8567,0.6823,0.8261,0.9413,0.7812,0.6077,0.9587,0.7225,0.6246,0.6125,0.6218,0.853,0.5702,0.6177,0.788,0.5079,0.5591,0.3868,0.5921,0.6778,0.5813,0.5212,0.3191,0.4732,0.2555,0.5188,0.3175,0.2105,0.1678,0.3552,
1.0,0.9993,0.9657,0.965,0.9712,0.998,0.9967,0.992,0.9865,0.9224,0.7334,0.93,0.9073,0.835,0.7972,0.8536,0.6751,0.823,0.9407,0.7784,0.6078,0.9537,0.7259,0.6195,0.6102,0.6102,0.8549,0.5619,0.6203,0.7887,0.5094,0.5479,0.3986,0.5924,0.6786,0.5873,0.5234,0.3224,0.4803,0.2582,0.5255,0.3198,0.2075,0.1693,0.3525,
1.0,0.9995,0.9679,0.9674,0.9694,0.9976,0.996,0.9913,0.9857,0.9243,0.7401,0.931,0.9087,0.8424,0.8041,0.8565,0.6859,0.8287,0.9428,0.7821,0.6131,0.9548,0.7208,0.6246,0.6016,0.6139,0.8531,0.5648,0.6161,0.7822,0.512,0.5504,0.3822,0.5842,0.6796,0.5842,0.5256,0.3192,0.4732,0.263,0.52,0.3175,0.212,0.1596,0.3595,
1.0,0.9991,0.97,0.9691,0.9722,0.9971,0.9954,0.9919,0.9871,0.9245,0.7389,0.9361,0.9095,0.8373,0.8002,0.8623,0.6839,0.8264,0.944,0.7855,0.6081,0.9539,0.7215,0.6259,0.6047,0.6132,0.8578,0.5686,0.6163,0.783,0.4976,0.547,0.3875,0.5871,0.673,0.577,0.5268,0.3112,0.4796,0.2531,0.5247,0.3073,0.2024,0.1682,0.348,
1.0,0.999,0.9723,0.9713,0.9696,0.9972,0.995,0.9879,0.9827,0.9236,0.7304,0.9355,0.9049,0.8359,0.7977,0.86,0.6828,0.8224,0.9416,0.7812,0.6128,0.9481,0.7245,0.6253,0.6176,0.6138,0.855,0.5696,0.6289,0.7834,0.5077,0.5564,0.4007,0.5946,0.6777,0.5824,0.5141,0.3215,0.4825,0.2613,0.5276,0.3123,0.2107,0.1664,0.3527,
1.0,0.9992,0.9673,0.9665,0.9712,0.9966,0.995,0.9909,0.9866,0.9258,0.7405,0.9323,0.9095,0.8383,0.8,0.8596,0.6872,0.8258,0.9382,0.7885,0.6059,0.9538,0.7216,0.615,0.6065,0.6176,0.8576,0.5701,0.6174,0.7832,0.5124,0.5472,0.393,0.5913,0.6742,0.5781,0.5218,0.3185,0.4866,0.2618,0.5314,0.3138,0.2132,0.1679,0.3577,
1.0,0.9994,0.9674,0.9668,0.9714,0.9972,0.996,0.9919,0.9868,0.9283,0.7389,0.9327,0.913,0.8347,0.7983,0.8625,0.6795,0.8231,0.9374,0.7863,0.6088,0.9549,0.7339,0.6176,0.6172,0.6131,0.8562,0.5625,0.6289,0.7921,0.512,0.5545,0.3987,0.5954,0.6774,0.5849,0.5187,0.3228,0.4799,0.2679,0.5249,0.3165,0.2173,0.1659,0.357,
1.0,0.9989,0.9681,0.967,0.9686,0.9973,0.9953,0.99,0.9836,0.9217,0.7257,0.9307,0.9056,0.8326,0.7934,0.8543,0.6735,0.8188,0.9394,0.778,0.5987,0.9512,0.7134,0.6099,0.6038,0.6047,0.8526,0.5537,0.6141,0.772,0.4944,0.5375,0.3838,0.5937,0.6697,0.5813,0.5176,0.3113,0.4788,0.2487,0.5187,0.3081,0.2031,0.1563,0.3455,
1.0,0.9991,0.9675,0.9666,0.9676,0.9971,0.9949,0.9905,0.9845,0.9265,0.7422,0.9279,0.9089,0.8455,0.8078,0.8555,0.6888,0.8324,0.9384,0.7836,0.622,0.9562,0.7335,0.6313,0.6148,0.6238,0.8538,0.5755,0.6289,0.7865,0.5049,0.5542,0.3908,0.594,0.6674,0.585,0.514,0.3184,0.4849,0.268,0.517,0.3094,0.2046,0.1674,0.3565,
1.0,0.9991,0.9671,0.9662,0.9725,0.9973,0.9956,0.9914,0.9849,0.9206,0.7338,0.9341,0.9064,0.8355,0.7987,0.8563,0.6825,0.8204,0.9389,0.7854,0.609,0.9523,0.7241,0.6231,0.6112,0.6116,0.8609,0.5625,0.6223,0.7827,0.5142,0.5419,0.3964,0.5865,0.6738,0.5824,0.5232,0.3219,0.4795,0.2645,0.5276,0.3196,0.2118,0.1694,0.3532,
1.0,0.9988,0.9685,0.9673,0.971,0.9978,0.9958,0.9898,0.9841,0.9262,0.7382,0.9327,0.9095,0.8386,0.7988,0.86,0.6861,0.8267,0.9436,0.7906,0.6071,0.9533,0.7175,0.6185,0.6038,0.6192,0.8581,0.5731,0.6188,0.7834,0.5053,0.5521,0.3864,0.5923,0.6802,0.58,0.5205,0.3133,0.4831,0.2576,0.5328,0.3136,0.2035,0.1565,0.355,
1.0,0.9993,0.9676,0.9669,0.9709,0.9974,0.9958,0.9903,0.9852,0.9219,0.7356,0.9326,0.9058,0.8388,0.7996,0.8554,0.6883,0.8253,0.9429,0.7834,0.6092,0.9508,0.7201,0.6262,0.6097,0.6159,0.8615,0.5736,0.6157,0.7786,0.5042,0.5522,0.3929,0.5849,0.6691,0.5822,0.5288,0.312,0.482,0.2618,0.5228,0.3094,0.2015,0.167,0.3518,
1.0,0.9985,0.9689,0.9674,0.9752,0.9973,0.9946,0.9895,0.985,0.9306,0.7444,0.9371,0.9131,0.837,0.7981,0.8695,0.6828,0.8237,0.9408,0.7937,0.6156,0.9533,0.7309,0.6284,0.6124,0.6171,0.8549,0.5596,0.6336,0.7928,0.5186,0.5463,0.3894,0.5887,0.6816,0.5958,0.5273,0.3125,0.4772,0.272,0.5275,0.3211,0.2173,0.1652,0.3486,
1.0,0.9993,0.9666,0.9659,0.9681,0.9969,0.9954,0.9915,0.9867,0.9274,0.7456,0.9279,0.9114,0.8457,0.8089,0.8559,0.6896,0.8338,0.9435,0.783,0.6221,0.9552,0.7285,0.6301,0.6076,0.6238,0.853,0.5705,0.627,0.788,0.5198,0.5616,0.3924,0.5903,0.6812,0.5906,0.5248,0.3226,0.4774,0.2692,0.5172,0.3226,0.2168,0.1633,0.3599,
1.0,0.9989,0.968,0.9669,0.971,0.9965,0.9949,0.9917,0.985,0.9265,0.7429,0.9322,0.9099,0.8435,0.8075,0.8598,0.6905,0.8304,0.9415,0.7889,0.6122,0.9577,0.7229,0.6246,0.6047,0.6232,0.8549,0.5751,0.6188,0.7854,0.5199,0.5577,0.3903,0.5863,0.6798,0.5865,0.5234,0.3165,0.4794,0.2626,0.5187,0.3228,0.217,0.1633,0.3662,
1.0,0.9986,0.97,0.9686,0.9694,0.9969,0.9948,0.9884,0.9824,0.9204,0.7291,0.931,0.901,0.8343,0.7938,0.8522,0.6798,0.821,0.9427,0.7784,0.6044,0.9489,0.7106,0.6157,0.6005,0.6088,0.8503,0.5619,0.6132,0.7796,0.5056,0.5468,0.3857,0.5937,0.6795,0.5746,0.5149,0.3154,0.4811,0.2538,0.5286,0.3189,0.2151,0.1631,0.3561,
1.0,0.9985,0.9693,0.9678,0.9692,0.9981,0.9956,0.9909,0.9839,0.9262,0.7425,0.9306,0.9105,0.8453,0.8055,0.8572,0.6951,0.8308,0.9415,0.7876,0.6179,0.9534,0.7262,0.6295,0.613,0.6256,0.8651,0.5827,0.6244,0.7882,0.5082,0.5617,0.3944,0.5959,0.6771,0.5884,0.526,0.3216,0.4798,0.2645,0.5246,0.3136,0.2121,0.1619,0.3601,
1.0,0.9986,0.9675,0.9661,0.9691,0.9976,0.9947,0.9891,0.9833,0.9281,0.7441,0.9302,0.9111,0.8463,0.8065,0.8602,0.6854,0.8328,0.9404,0.7845,0.6262,0.9548,0.7345,0.6333,0.6161,0.6254,0.8547,0.5767,0.6337,0.7883,0.5046,0.562,0.384,0.5943,0.6762,0.5945,0.5319,0.3163,0.4769,0.2731,0.5211,0.3074,0.2083,0.1686,0.3506,
1.0,0.9992,0.9693,0.9685,0.9696,0.997,0.9954,0.9924,0.9861,0.9226,0.7385,0.9332,0.908,0.8435,0.8062,0.8574,0.6916,0.8287,0.9413,0.7835,0.6167,0.9532,0.7258,0.6319,0.6133,0.6188,0.8622,0.5761,0.6258,0.786,0.5021,0.5621,0.3903,0.5997,0.6815,0.5876,0.5248,0.3207,0.4775,0.2621,0.5247,0.3122,0.217,0.1614,0.3639,
1.0,0.9992,0.9695,0.9687,0.9703,0.997,0.9955,0.9909,0.9856,0.9227,0.7338,0.9326,0.9053,0.836,0.7976,0.8561,0.6873,0.8238,0.9431,0.7834,0.6074,0.9507,0.7173,0.6252,0.6051,0.616,0.8541,0.5712,0.6171,0.781,0.5027,0.5608,0.3835,0.5844,0.6728,0.5811,0.5215,0.311,0.4706,0.2621,0.5227,0.3027,0.2072,0.1629,0.3454,
1.0,0.9989,0.9646,0.9635,0.9692,0.9982,0.9963,0.9907,0.9854,0.923,0.7364,0.9278,0.9087,0.839,0.7998,0.8532,0.6774,0.8262,0.9406,0.7781,0.6057,0.9527,0.7141,0.611,0.5974,0.6103,0.8568,0.5656,0.6121,0.7797,0.4973,0.5489,0.3746,0.5857,0.6739,0.5701,0.5233,0.3158,0.4744,0.2568,0.5138,0.3044,0.205,0.1603,0.3515,
1.0,0.9985,0.9689,0.9674,0.9677,0.9982,0.9956,0.9903,0.9849,0.9216,0.7274,0.9288,0.9062,0.8297,0.7932,0.8521,0.684,0.8158,0.9394,0.7845,0.599,0.9527,0.7203,0.6129,0.5984,0.6038,0.8653,0.5589,0.6149,0.7862,0.5054,0.5454,0.3892,0.5893,0.6771,0.5738,0.517,0.3127,0.4804,0.2543,0.5244,0.3126,0.2095,0.1562,0.355,
1.0,0.9987,0.965,0.9637,0.9664,0.9969,0.9943,0.9901,0.9841,0.9262,0.7362,0.924,0.9086,0.8388,0.7987,0.8516,0.6853,0.8229,0.9373,0.7869,0.6068,0.9506,0.7167,0.6123,0.5899,0.609,0.8583,0.5708,0.6112,0.7817,0.5085,0.5481,0.3851,0.5848,0.6669,0.573,0.5189,0.3176,0.4898,0.254,0.5275,0.3104,0.2044,0.1561,0.3587,
1.0,0.999,0.9708,0.9698,0.969,0.9983,0.996,0.9894,0.9827,0.9209,0.7294,0.9337,0.905,0.8377,0.7987,0.8554,0.6851,0.8223,0.9415,0.7819,0.6106,0.952,0.7193,0.6253,0.6109,0.6122,0.8572,0.5718,0.6232,0.7806,0.5052,0.5579,0.3971,0.5996,0.6784,0.582,0.5186,0.316,0.49,0.2571,0.5241,0.3155,0.2102,0.1607,0.3625,
1.0,0.9981,0.9672,0.9653,0.9703,0.9979,0.9952,0.9908,0.9855,0.9227,0.7301,0.9299,0.9081,0.8324,0.7957,0.8547,0.6756,0.8206,0.9406,0.7812,0.6044,0.9569,0.7228,0.6162,0.6075,0.6107,0.8523,0.5596,0.6256,0.7819,0.5095,0.5487,0.3995,0.6006,0.6787,0.5822,0.5111,0.314,0.4836,0.259,0.5301,0.32,0.2112,0.163,0.3603,
1.0,0.9989,0.9681,0.967,0.969,0.9974,0.9953,0.9911,0.9858,0.9308,0.7394,0.9293,0.914,0.8367,0.7978,0.8611,0.6797,0.8233,0.9434,0.7843,0.6146,0.9519,0.7255,0.6244,0.5982,0.6142,0.8535,0.5559,0.6221,0.7837,0.4985,0.5467,0.3816,0.5908,0.6789,0.5838,0.5194,0.3054,0.4719,0.2601,0.5275,0.3025,0.2075,0.1628,0.3472,
1.0,0.9991,0.9693,0.9684,0.9709,0.9978,0.996,0.9903,0.9849,0.9275,0.7408,0.9341,0.9119,0.8395,0.8024,0.8632,0.688,0.825,0.9374,0.7908,0.6096,0.9531,0.726,0.6195,0.6087,0.6177,0.8589,0.5659,0.6204,0.79,0.5093,0.5468,0.3896,0.5887,0.6722,0.5837,0.5173,0.3086,0.4814,0.2584,0.5237,0.3169,0.2082,0.1567,0.3546,
1.0,0.9981,0.9696,0.9677,0.9721,0.9974,0.9944,0.9892,0.9841,0.9283,0.7351,0.9348,0.9131,0.8331,0.7942,0.8641,0.6716,0.8193,0.9411,0.7823,0.607,0.9521,0.7234,0.6164,0.6036,0.6088,0.8493,0.5532,0.6231,0.787,0.5062,0.5439,0.3831,0.5866,0.6796,0.5807,0.5184,0.3125,0.4721,0.2585,0.5169,0.3118,0.2071,0.1616,0.3432,
1.0,0.9985,0.9667,0.9652,0.9709,0.9972,0.9947,0.9898,0.9848,0.9284,0.7363,0.9308,0.9125,0.8355,0.7958,0.8612,0.6788,0.8231,0.9438,0.7862,0.6179,0.9531,0.7349,0.6286,0.6165,0.6175,0.8575,0.566,0.6349,0.7848,0.5045,0.5528,0.3946,0.6059,0.6829,0.5988,0.5239,0.3147,0.4887,0.271,0.5297,0.3164,0.2069,0.1703,0.3578,
1.0,0.999,0.9693,0.9683,0.9674,0.9975,0.9952,0.99,0.9857,0.9214,0.7332,0.9295,0.9046,0.8393,0.8019,0.8524,0.6872,0.8261,0.9359,0.7782,0.608,0.9498,0.7183,0.6211,0.606,0.6091,0.8535,0.5645,0.6235,0.7762,0.4993,0.5533,0.3917,0.5963,0.6787,0.5846,0.5253,0.3146,0.4767,0.275,0.5317,0.3065,0.2175,0.1714,0.3621,
1.0,0.999,0.9672,0.9662,0.9675,0.9967,0.9951,0.9914,0.9855,0.9187,0.7294,0.9291,0.9039,0.8365,0.7986,0.8488,0.6817,0.8245,0.9399,0.7763,0.6079,0.9519,0.7212,0.6193,0.6091,0.6052,0.859,0.5625,0.6167,0.7753,0.4936,0.5447,0.3884,0.594,0.6706,0.5821,0.5154,0.3129,0.4821,0.2581,0.527,0.3044,0.1976,0.157,0.3617,
1.0,0.9991,0.9672,0.9663,0.9669,0.9974,0.9952,0.9905,0.9839,0.9265,0.7383,0.9287,0.9117,0.8439,0.8044,0.8568,0.6888,0.8291,0.9381,0.7831,0.6145,0.9568,0.7289,0.6232,0.6105,0.6165,0.857,0.5736,0.6217,0.7808,0.5069,0.5563,0.3878,0.5932,0.6782,0.5868,0.5209,0.3241,0.4857,0.2644,0.5262,0.3166,0.2092,0.1624,0.3556,
1.0,0.9987,0.9706,0.9693,0.9668,0.9975,0.9949,0.9902,0.9856,0.9248,0.7428,0.9304,0.9085,0.8459,0.8094,0.8558,0.6921,0.8336,0.9402,0.7792,0.6151,0.9546,0.7241,0.6275,0.6076,0.6228,0.8538,0.5749,0.6179,0.7826,0.4968,0.5622,0.3843,0.5907,0.6775,0.583,0.5188,0.3194,0.4762,0.2602,0.5205,0.3086,0.203,0.1605,0.3599,
1.0,0.9984,0.9677,0.9661,0.9713,0.9972,0.9945,0.989,0.9846,0.9204,0.7354,0.9311,0.9031,0.8402,0.7983,0.8523,0.684,0.828,0.942,0.7797,0.6112,0.9503,0.72,0.6235,0.6087,0.6139,0.856,0.574,0.6202,0.7799,0.5139,0.5574,0.3932,0.5898,0.6741,0.5888,0.5246,0.3197,0.4761,0.2639,0.5201,0.3153,0.2105,0.1665,0.3518,
1.0,0.9987,0.9678,0.9665,0.9695,0.9973,0.9947,0.9901,0.985,0.9192,0.7253,0.9313,0.9039,0.8311,0.7923,0.8518,0.6811,0.8173,0.9403,0.7825,0.6038,0.9528,0.722,0.6193,0.6117,0.6044,0.8593,0.5634,0.6223,0.773,0.5019,0.5466,0.3893,0.5902,0.6821,0.5841,0.5207,0.314,0.4792,0.2604,0.531,0.309,0.2057,0.1608,0.3499,
1.0,0.9991,0.9659,0.965,0.9678,0.9971,0.9953,0.9909,0.9854,0.9223,0.7308,0.9263,0.9046,0.8367,0.7978,0.8498,0.6838,0.8242,0.9416,0.7811,0.6074,0.9528,0.7137,0.6175,0.5981,0.6106,0.8566,0.5628,0.6111,0.7748,0.4981,0.5448,0.378,0.5826,0.6708,0.5774,0.524,0.3127,0.4768,0.26,0.5229,0.2986,0.2032,0.1582,0.3486,
1.0,0.9986,0.9686,0.9672,0.9708,0.9987,0.9964,0.9907,0.9859,0.9249,0.7379,0.9327,0.9108,0.8372,0.8004,0.8581,0.6843,0.8257,0.9414,0.7845,0.611,0.9559,0.7272,0.6244,0.6121,0.6183,0.8571,0.5631,0.6249,0.7863,0.511,0.5543,0.3934,0.5928,0.6739,0.5833,0.5168,0.3214,0.4799,0.2639,0.5246,0.3136,0.2095,0.1671,0.3572,
1.0,0.9986,0.9672,0.9658,0.9693,0.9977,0.995,0.9891,0.9841,0.9271,0.7369,0.9292,0.9098,0.8378,0.7995,0.857,0.6852,0.824,0.9398,0.7863,0.616,0.9534,0.7308,0.624,0.6096,0.6138,0.8578,0.5664,0.6288,0.7866,0.5089,0.5553,0.3913,0.5946,0.6774,0.5895,0.5254,0.3102,0.48,0.2639,0.5298,0.3092,0.2092,0.1699,0.3544,
1.0,0.9991,0.9691,0.9682,0.9716,0.9969,0.9952,0.9897,0.9848,0.9239,0.7401,0.934,0.9061,0.8421,0.8059,0.8594,0.6909,0.8297,0.9404,0.7864,0.6097,0.9514,0.7189,0.6248,0.6058,0.6169,0.8582,0.5711,0.6176,0.7873,0.5085,0.547,0.3834,0.5838,0.667,0.5823,0.5199,0.3122,0.4781,0.2592,0.5217,0.3107,0.2079,0.1564,0.3479,
1.0,0.9982,0.9712,0.9694,0.9716,0.9974,0.9943,0.989,0.9843,0.9252,0.7402,0.9357,0.9087,0.8416,0.8041,0.8625,0.691,0.8291,0.9385,0.7903,0.6177,0.9548,0.7348,0.6322,0.6176,0.6144,0.8613,0.5682,0.627,0.7909,0.5147,0.548,0.3984,0.5918,0.6764,0.5886,0.5286,0.3146,0.4873,0.2681,0.5308,0.3267,0.2137,0.1661,0.3611,
1.0,0.9993,0.9716,0.9709,0.9688,0.9969,0.995,0.9913,0.9848,0.9246,0.7399,0.9339,0.9082,0.8459,0.8082,0.8594,0.6914,0.8302,0.9349,0.781,0.6184,0.9505,0.727,0.6333,0.609,0.6168,0.8532,0.5667,0.6259,0.7815,0.4963,0.5596,0.391,0.5922,0.6802,0.5832,0.5213,0.3123,0.4712,0.2696,0.5296,0.309,0.2143,0.1661,0.3522,
1.0,0.999,0.9676,0.9666,0.9685,0.9979,0.9958,0.9912,0.9847,0.9236,0.733,0.9306,0.9096,0.8389,0.8018,0.8548,0.6835,0.8253,0.9391,0.7812,0.6076,0.9564,0.723,0.6182,0.6022,0.6098,0.8587,0.5607,0.6165,0.7813,0.5022,0.5471,0.3823,0.5879,0.671,0.5765,0.5186,0.3123,0.4711,0.2588,0.5177,0.3071,0.2033,0.1609,0.3492,
1.0,0.9989,0.9652,0.9641,0.9707,0.9971,0.9953,0.9911,0.9847,0.9255,0.7369,0.9304,0.9112,0.8381,0.7992,0.8578,0.6781,0.8245,0.94,0.7834,0.6095,0.9518,0.7219,0.6156,0.6014,0.6134,0.855,0.5668,0.6177,0.7838,0.5075,0.5502,0.3852,0.5863,0.6657,0.5835,0.5163,0.3231,0.4731,0.2612,0.5188,0.307,0.2063,0.1565,0.3504,
1.0,0.9991,0.967,0.9661,0.9721,0.9968,0.9949,0.9906,0.9843,0.9264,0.7416,0.9329,0.9098,0.8409,0.8048,0.8606,0.6918,0.8258,0.9425,0.7943,0.6127,0.9498,0.7189,0.6251,0.606,0.6282,0.8597,0.5769,0.6155,0.7871,0.5084,0.5543,0.3849,0.5802,0.6698,0.5822,0.5217,0.3173,0.4716,0.2588,0.5249,0.3067,0.2098,0.1639,0.3465,
1.0,0.9991,0.968,0.9671,0.9693,0.9972,0.9948,0.9898,0.9844,0.9271,0.7381,0.931,0.9105,0.8392,0.8,0.8588,0.6846,0.8246,0.9386,0.7867,0.6136,0.9523,0.7265,0.6226,0.6108,0.616,0.855,0.5673,0.6228,0.782,0.498,0.5516,0.3895,0.5973,0.6774,0.5897,0.5275,0.3095,0.4834,0.2709,0.5267,0.3162,0.2102,0.1686,0.3615,
1.0,0.9984,0.9714,0.9698,0.9677,0.9975,0.9944,0.9902,0.986,0.9283,0.737,0.9322,0.9129,0.835,0.7984,0.8608,0.6831,0.8229,0.9388,0.7844,0.6131,0.9534,0.7325,0.6217,0.6131,0.6138,0.8595,0.5596,0.6259,0.7871,0.4997,0.5476,0.3923,0.595,0.6752,0.5811,0.5165,0.3048,0.49,0.2644,0.5313,0.3158,0.2095,0.1602,0.3543,
1.0,0.999,0.9659,0.9649,0.97,0.9983,0.9958,0.9904,0.9867,0.9223,0.742,0.9295,0.9067,0.843,0.8047,0.8537,0.6853,0.8304,0.9442,0.7761,0.6097,0.9544,0.7167,0.622,0.5969,0.6161,0.8564,0.5672,0.6082,0.7831,0.5052,0.5533,0.3846,0.5883,0.6747,0.5725,0.5258,0.318,0.4737,0.2531,0.5195,0.3086,0.2031,0.1582,0.3517,
1.0,0.9983,0.966,0.9643,0.9688,0.997,0.9947,0.9903,0.983,0.9258,0.7435,0.9267,0.9095,0.8466,0.8043,0.8534,0.6849,0.8324,0.9401,0.7784,0.6166,0.9523,0.7227,0.6243,0.6076,0.622,0.8534,0.5757,0.6199,0.7831,0.5031,0.5576,0.3842,0.5909,0.6732,0.589,0.5225,0.3207,0.4763,0.2651,0.5211,0.3127,0.2093,0.1662,0.3556,
1.0,0.9991,0.9666,0.9657,0.9729,0.9975,0.9956,0.9915,0.9855,0.9254,0.7433,0.9331,0.9103,0.8406,0.8009,0.8603,0.6847,0.8274,0.9399,0.7849,0.6118,0.9556,0.7168,0.6264,0.5954,0.6106,0.8543,0.5638,0.6152,0.7837,0.5095,0.5495,0.3825,0.5917,0.6736,0.5841,0.5224,0.3093,0.4806,0.2619,0.5277,0.3121,0.2117,0.1644,0.3556,
1.0,0.9991,0.9649,0.964,0.9699,0.9977,0.9961,0.9915,0.9883,0.9247,0.745,0.9288,0.9102,0.8443,0.808,0.8546,0.693,0.8361,0.9435,0.7831,0.6137,0.9562,0.7254,0.6218,0.6077,0.6175,0.8614,0.572,0.6183,0.7793,0.4999,0.5524,0.3851,0.5944,0.6776,0.5874,0.5223,0.32,0.4801,0.262,0.525,0.3104,0.2088,0.1609,0.3581,
1.0,0.999,0.966,0.965,0.9663,0.9981,0.9957,0.9903,0.9854,0.9227,0.7379,0.9268,0.9078,0.8441,0.8077,0.8504,0.6927,0.8308,0.9401,0.7821,0.6177,0.9513,0.7261,0.6261,0.6033,0.6136,0.8617,0.5742,0.6239,0.7803,0.4954,0.5557,0.3817,0.5858,0.6767,0.5808,0.5218,0.3128,0.4835,0.2681,0.5356,0.3055,0.2043,0.1603,0.3598,
1.0,0.9989,0.9667,0.9656,0.9715,0.9977,0.9958,0.99,0.985,0.9208,0.7408,0.9312,0.9037,0.8442,0.8036,0.853,0.6905,0.8319,0.9404,0.7823,0.6091,0.9534,0.7153,0.6228,0.6003,0.6169,0.8635,0.5746,0.607,0.7796,0.5008,0.5511,0.3887,0.5887,0.6751,0.5715,0.5207,0.3139,0.4852,0.2533,0.5307,0.3067,0.2024,0.161,0.3598,
1.0,0.9982,0.9686,0.9668,0.9687,0.9969,0.9945,0.9886,0.9817,0.926,0.7377,0.9297,0.9084,0.8433,0.8012,0.8563,0.6874,0.8289,0.94,0.7842,0.6167,0.9527,0.7318,0.6263,0.6167,0.6231,0.8582,0.5752,0.6268,0.7834,0.4994,0.56,0.3887,0.5985,0.6829,0.5893,0.5311,0.3174,0.4762,0.2689,0.5257,0.3117,0.2068,0.1687,0.358,
1.0,0.9986,0.9674,0.966,0.9674,0.9984,0.9959,0.9902,0.9838,0.925,0.7369,0.9276,0.9094,0.8415,0.8031,0.8534,0.687,0.827,0.9381,0.7818,0.6136,0.9556,0.7264,0.6229,0.6048,0.6143,0.859,0.5675,0.6179,0.7849,0.5084,0.5535,0.39,0.5878,0.6779,0.5844,0.5188,0.3242,0.4801,0.2586,0.5283,0.3136,0.2117,0.164,0.3501,
1.0,0.9988,0.9705,0.9693,0.9692,0.9975,0.9949,0.99,0.9859,0.9235,0.7367,0.9342,0.9084,0.8406,0.8052,0.8578,0.6896,0.8278,0.9425,0.7836,0.6115,0.9491,0.7188,0.6231,0.6073,0.6224,0.8554,0.5726,0.6209,0.7847,0.5061,0.5634,0.3928,0.5935,0.6771,0.579,0.5172,0.3246,0.4726,0.2654,0.5234,0.3083,0.214,0.1638,0.3591,
1.0,0.999,0.9636,0.9626,0.9721,0.9973,0.9948,0.9915,0.9858,0.9209,0.733,0.9305,0.9072,0.836,0.7998,0.8537,0.6769,0.8224,0.9392,0.7814,0.6064,0.9552,0.7247,0.6198,0.6082,0.6095,0.8573,0.5675,0.6223,0.7862,0.5052,0.5532,0.389,0.5918,0.6705,0.5801,0.515,0.3205,0.4819,0.2599,0.531,0.3099,0.2067,0.1647,0.3536,
1.0,0.9994,0.9689,0.9683,0.973,0.9986,0.9974,0.9925,0.9878,0.9216,0.743,0.9362,0.9091,0.8415,0.8056,0.8592,0.6912,0.8296,0.9421,0.7822,0.6137,0.9561,0.7231,0.6307,0.6086,0.6161,0.8576,0.5661,0.6233,0.7816,0.4976,0.5489,0.3936,0.5927,0.6798,0.5848,0.5281,0.3092,0.4833,0.2643,0.5328,0.3122,0.204,0.175,0.3633,
1.0,0.9992,0.9673,0.9665,0.9689,0.9973,0.9953,0.99,0.9838,0.921,0.7331,0.9311,0.9059,0.8395,0.7996,0.8528,0.6838,0.826,0.939,0.7792,0.6116,0.9533,0.7218,0.6217,0.6041,0.6111,0.859,0.5704,0.6179,0.7787,0.5036,0.5532,0.3816,0.5882,0.6686,0.5737,0.5219,0.3219,0.4725,0.2647,0.5244,0.3035,0.2037,0.1541,0.3524,
1.0,0.9992,0.9706,0.9698,0.9676,0.9964,0.9947,0.9922,0.9864,0.9204,0.7326,0.9314,0.9044,0.8384,0.7988,0.852,0.6848,0.8258,0.944,0.7742,0.61,0.955,0.7207,0.6248,0.6099,0.6121,0.8567,0.5689,0.617,0.7766,0.4967,0.5538,0.3878,0.5854,0.6792,0.5797,0.525,0.3203,0.4773,0.2514,0.5212,0.3057,0.2044,0.1664,0.3569,
1.0,0.9988,0.9666,0.9654,0.9703,0.9973,0.9951,0.9906,0.9851,0.9243,0.7384,0.9304,0.9089,0.8405,0.8018,0.855,0.683,0.827,0.9376,0.7831,0.6145,0.9532,0.7339,0.6239,0.6161,0.6105,0.8609,0.5662,0.6231,0.7878,0.4968,0.55,0.3923,0.5946,0.6709,0.5866,0.5265,0.3175,0.4796,0.2691,0.5194,0.3117,0.2078,0.1657,0.3605,
1.0,0.9989,0.9691,0.968,0.9729,0.9963,0.994,0.9903,0.9849,0.9202,0.7329,0.9365,0.9045,0.8345,0.797,0.8587,0.6824,0.822,0.9413,0.7857,0.606,0.9535,0.7238,0.6211,0.6189,0.6135,0.8581,0.5672,0.6197,0.779,0.5019,0.5429,0.393,0.5807,0.6697,0.5856,0.5247,0.3153,0.4843,0.2533,0.5291,0.3112,0.206,0.1668,0.3477,
1.0,0.9983,0.9658,0.9641,0.9705,0.9979,0.9954,0.9904,0.9845,0.9211,0.7353,0.9291,0.9059,0.839,0.8021,0.8512,0.6849,0.8261,0.9448,0.7822,0.6132,0.9546,0.7216,0.6255,0.6004,0.615,0.8573,0.5678,0.6115,0.7811,0.5026,0.5517,0.3817,0.5839,0.6798,0.5761,0.5197,0.3181,0.4789,0.2555,0.5271,0.3009,0.2039,0.1654,0.3528,
1.0,0.9993,0.9676,0.9669,0.9698,0.9971,0.9952,0.991,0.9849,0.9216,0.7325,0.9311,0.9051,0.8348,0.7954,0.8546,0.6737,0.819,0.938,0.7756,0.5995,0.9525,0.7185,0.6137,0.6012,0.6046,0.8522,0.5538,0.6178,0.7825,0.4955,0.5443,0.3776,0.5918,0.673,0.5766,0.5098,0.3007,0.4762,0.2512,0.5165,0.2958,0.1977,0.1555,0.3441,
1.0,0.9993,0.9694,0.9687,0.9672,0.9981,0.9967,0.9928,0.9865,0.922,0.7388,0.9307,0.9091,0.8431,0.8069,0.8536,0.6873,0.8287,0.9408,0.7742,0.6086,0.9552,0.7179,0.6208,0.6066,0.6179,0.8524,0.5686,0.6163,0.78,0.5036,0.5589,0.3868,0.5863,0.6781,0.5797,0.5111,0.3184,0.4777,0.2526,0.5235,0.3029,0.2087,0.1612,0.348,
1.0,0.9988,0.9671,0.9659,0.9687,0.9976,0.9947,0.9913,0.9873,0.9248,0.7326,0.929,0.91,0.8353,0.7999,0.8556,0.6778,0.8225,0.9403,0.7776,0.6029,0.9555,0.7186,0.6106,0.6026,0.6089,0.8527,0.5629,0.6164,0.7853,0.5064,0.5483,0.3881,0.5956,0.6754,0.5753,0.524,0.3185,0.4779,0.2574,0.5284,0.3151,0.2118,0.1623,0.3543,
1.0,0.9993,0.9654,0.9647,0.9707,0.9974,0.9965,0.9905,0.9828,0.9234,0.7356,0.9298,0.9072,0.8395,0.7996,0.8545,0.6802,0.8265,0.943,0.7831,0.6133,0.9522,0.7195,0.6257,0.6048,0.6202,0.8536,0.5739,0.6178,0.7831,0.5044,0.5582,0.3849,0.5858,0.6779,0.579,0.5262,0.3145,0.479,0.2631,0.522,0.3101,0.2062,0.1608,0.3536,
1.0,0.9981,0.9685,0.9666,0.9702,0.9968,0.9933,0.9889,0.9836,0.9253,0.7327,0.9309,0.9076,0.8363,0.7974,0.8581,0.6792,0.822,0.9407,0.7835,0.6105,0.9514,0.7268,0.6211,0.613,0.6202,0.8539,0.5681,0.6227,0.7834,0.5113,0.5554,0.3935,0.5869,0.6722,0.5798,0.5165,0.3217,0.4684,0.2587,0.5208,0.3154,0.2082,0.1613,0.3526,
1.0,0.999,0.9687,0.9677,0.972,0.9975,0.9957,0.9915,0.9872,0.9301,0.7475,0.9345,0.9153,0.8414,0.8054,0.8649,0.6871,0.8299,0.943,0.7881,0.6152,0.9533,0.7312,0.6262,0.609,0.6236,0.8565,0.5712,0.6199,0.7934,0.5157,0.5577,0.3971,0.5845,0.6789,0.5846,0.5287,0.3224,0.4747,0.2609,0.5216,0.3147,0.215,0.1651,0.3514,
1.0,0.9981,0.9688,0.9669,0.9668,0.998,0.9952,0.9907,0.9848,0.9236,0.7366,0.9298,0.9114,0.842,0.8052,0.8555,0.6857,0.8291,0.9406,0.7811,0.6197,0.9555,0.7303,0.6297,0.6157,0.6174,0.8574,0.5742,0.6264,0.7818,0.503,0.5556,0.3895,0.584,0.6688,0.586,0.5199,0.3185,0.4759,0.2663,0.5169,0.3087,0.202,0.159,0.3491,
1.0,0.9992,0.9677,0.9669,0.9743,0.9973,0.9952,0.9896,0.9844,0.9231,0.7454,0.9362,0.9067,0.8459,0.8101,0.8601,0.6936,0.8319,0.9382,0.7917,0.6149,0.9541,0.7269,0.6305,0.6138,0.6229,0.8597,0.572,0.619,0.7895,0.5159,0.5519,0.3983,0.5955,0.6728,0.5794,0.5283,0.3199,0.4907,0.2639,0.529,0.3222,0.2134,0.1746,0.3617,
1.0,0.9987,0.9677,0.9664,0.9675,0.9971,0.9945,0.9879,0.9833,0.9223,0.7333,0.9277,0.9026,0.8419,0.8006,0.8516,0.6856,0.8279,0.9428,0.7795,0.6072,0.9481,0.7146,0.6183,0.5953,0.6127,0.8561,0.5715,0.614,0.7775,0.5062,0.5568,0.3806,0.5935,0.6804,0.5798,0.5238,0.3189,0.4835,0.2573,0.5324,0.3138,0.2083,0.157,0.3621,
1.0,0.9989,0.9674,0.9663,0.9684,0.9967,0.9945,0.991,0.986,0.9226,0.7321,0.9282,0.9053,0.8351,0.7985,0.8524,0.6887,0.8215,0.9385,0.7865,0.5997,0.9518,0.7157,0.6117,0.6033,0.608,0.8619,0.5641,0.6112,0.7815,0.5012,0.5435,0.3844,0.5817,0.6699,0.5759,0.5182,0.3056,0.48,0.2481,0.5246,0.3079,0.2,0.1596,0.3552,
1.0,0.9988,0.9677,0.9665,0.9719,0.9975,0.9957,0.9899,0.9827,0.9229,0.7369,0.9327,0.9066,0.8406,0.799,0.8573,0.6837,0.8277,0.9415,0.7813,0.6105,0.9542,0.7248,0.6294,0.6083,0.6146,0.8569,0.5712,0.624,0.7886,0.5097,0.5568,0.3818,0.5939,0.6813,0.5832,0.5188,0.3156,0.4804,0.2587,0.5248,0.3177,0.2129,0.1582,0.3587,
1.0,0.9995,0.9697,0.9692,0.9672,0.9968,0.9955,0.99,0.9835,0.9203,0.7281,0.931,0.9025,0.8354,0.7964,0.8527,0.6801,0.821,0.9383,0.7763,0.605,0.9524,0.7193,0.6209,0.6099,0.6038,0.8535,0.5602,0.6196,0.7772,0.4995,0.5458,0.3843,0.5909,0.676,0.5806,0.5215,0.3142,0.4791,0.2567,0.5156,0.3127,0.2066,0.1619,0.3488,
1.0,0.9984,0.9698,0.9682,0.9709,0.9973,0.9945,0.9897,0.9853,0.924,0.739,0.9343,0.9085,0.8408,0.8009,0.859,0.6879,0.8284,0.9434,0.7838,0.6148,0.9512,0.7217,0.6286,0.6006,0.6112,0.8607,0.5692,0.6205,0.7783,0.4986,0.5549,0.3863,0.5964,0.685,0.5861,0.5352,0.3148,0.485,0.2662,0.5375,0.3094,0.2135,0.1696,0.358,
1.0,0.9984,0.9669,0.9653,0.9717,0.9982,0.9955,0.9904,0.9854,0.9256,0.7405,0.9321,0.9113,0.84,0.8032,0.8591,0.6911,0.8266,0.9398,0.7906,0.6123,0.9505,0.7201,0.6257,0.603,0.6172,0.8627,0.571,0.6251,0.7847,0.5067,0.5511,0.3981,0.5881,0.6734,0.5804,0.5224,0.32,0.4831,0.2704,0.5266,0.3165,0.2062,0.1674,0.3586,
1.0,0.9987,0.9674,0.9661,0.9711,0.9971,0.9947,0.9898,0.9831,0.9249,0.7377,0.9324,0.9087,0.8403,0.8009,0.858,0.6841,0.8254,0.9416,0.7854,0.6158,0.952,0.7251,0.6283,0.6097,0.6211,0.8548,0.5683,0.6234,0.7805,0.5061,0.5536,0.3936,0.5898,0.6767,0.5868,0.5204,0.3216,0.481,0.2639,0.5266,0.3134,0.206,0.1671,0.356,
1.0,0.9988,0.9688,0.9676,0.9693,0.9974,0.9949,0.9908,0.9857,0.924,0.7408,0.9313,0.9086,0.8437,0.8079,0.8558,0.6941,0.8305,0.9366,0.7835,0.6065,0.9545,0.7202,0.6197,0.6051,0.6156,0.8569,0.5696,0.6169,0.7864,0.5025,0.5558,0.3836,0.5868,0.6696,0.5821,0.5194,0.3116,0.4837,0.2597,0.5257,0.3096,0.2075,0.1585,0.3562,
1.0,0.9989,0.9704,0.9693,0.9691,0.998,0.996,0.9907,0.9838,0.9231,0.7312,0.934,0.9084,0.8362,0.799,0.8581,0.6854,0.8218,0.9363,0.7838,0.6035,0.9531,0.7191,0.6144,0.6063,0.6115,0.8589,0.5628,0.6185,0.7817,0.4925,0.5482,0.3823,0.5919,0.6703,0.573,0.5205,0.3046,0.4816,0.2633,0.5338,0.3068,0.2048,0.1628,0.3586,
1.0,0.9988,0.9652,0.964,0.9674,0.9969,0.9953,0.9915,0.9859,0.9234,0.7316,0.9259,0.9075,0.8384,0.7997,0.8492,0.6828,0.8268,0.9385,0.7786,0.6067,0.9555,0.7263,0.6174,0.6074,0.6045,0.8569,0.5593,0.6225,0.7763,0.4893,0.5494,0.3821,0.5898,0.6699,0.5849,0.519,0.3083,0.4718,0.2609,0.5216,0.2998,0.1954,0.1575,0.345,
1.0,0.9987,0.9651,0.9638,0.9695,0.9967,0.9945,0.99,0.9828,0.9228,0.7378,0.9275,0.9063,0.8445,0.8048,0.8522,0.6855,0.8307,0.9396,0.7826,0.6138,0.9518,0.7188,0.6227,0.5977,0.6165,0.8556,0.5687,0.6104,0.7776,0.4989,0.5513,0.381,0.5828,0.6682,0.5752,0.5204,0.3174,0.482,0.2619,0.5252,0.3029,0.2028,0.1618,0.3536,
1.0,0.9984,0.9695,0.9679,0.97,0.9973,0.9951,0.9899,0.9837,0.9223,0.7355,0.9319,0.9054,0.8407,0.8014,0.8549,0.6914,0.8275,0.9452,0.7846,0.6144,0.9514,0.7184,0.6261,0.6037,0.617,0.859,0.5714,0.6186,0.7827,0.5004,0.5585,0.3842,0.595,0.6806,0.5779,0.5244,0.3162,0.4807,0.2613,0.5324,0.3083,0.2074,0.1608,0.3575,
1.0,0.9986,0.9681,0.9667,0.969,0.9976,0.995,0.9905,0.9847,0.9261,0.7352,0.9304,0.9109,0.8369,0.7993,0.8589,0.6834,0.8235,0.9403,0.7856,0.6092,0.953,0.7253,0.6183,0.6101,0.619,0.858,0.5712,0.6227,0.7804,0.503,0.5486,0.3909,0.5854,0.6733,0.5849,0.5151,0.3142,0.4783,0.2565,0.5276,0.3098,0.2047,0.1614,0.3513,
1.0,0.999,0.9683,0.9673,0.9688,0.9971,0.9951,0.9913,0.9849,0.9222,0.7358,0.9311,0.9071,0.8422,0.803,0.8543,0.6834,0.8271,0.9413,0.7778,0.607,0.9514,0.7191,0.6194,0.6057,0.6147,0.8559,0.5665,0.6136,0.7787,0.503,0.5525,0.3907,0.5888,0.6817,0.5778,0.5203,0.3257,0.4716,0.2572,0.5249,0.3132,0.2076,0.1601,0.3488,
1.0,0.999,0.9682,0.9672,0.973,0.9978,0.9957,0.9918,0.9858,0.9209,0.7448,0.9356,0.9072,0.8476,0.8103,0.8578,0.6955,0.8339,0.9444,0.7848,0.6164,0.9561,0.7217,0.6333,0.6148,0.6313,0.8624,0.5862,0.6155,0.7872,0.5089,0.5669,0.3951,0.5952,0.6705,0.5852,0.5296,0.3349,0.4807,0.2641,0.5228,0.309,0.2012,0.1709,0.3541,
1.0,0.9986,0.9672,0.9658,0.9711,0.9976,0.9952,0.9903,0.9839,0.9249,0.7385,0.9312,0.9086,0.8399,0.8006,0.8582,0.6891,0.8245,0.935,0.7911,0.6116,0.9542,0.7266,0.6214,0.6106,0.6159,0.8621,0.5698,0.6214,0.783,0.4979,0.548,0.3928,0.591,0.6714,0.5857,0.5224,0.3134,0.4875,0.2618,0.5324,0.3066,0.2063,0.1674,0.3618,
1.0,0.9989,0.9671,0.966,0.9698,0.9966,0.9944,0.9896,0.9845,0.9249,0.7398,0.9305,0.907,0.8422,0.8054,0.8564,0.6886,0.8284,0.9428,0.7865,0.6146,0.9499,0.7217,0.627,0.6018,0.6176,0.8545,0.5674,0.6229,0.7806,0.5094,0.5524,0.3831,0.5868,0.6712,0.5855,0.5208,0.3172,0.4686,0.2652,0.5181,0.3072,0.2017,0.1577,0.3465,
1.0,0.9993,0.9697,0.969,0.9706,0.9979,0.9962,0.9918,0.9862,0.9228,0.7381,0.9327,0.9068,0.8397,0.8018,0.857,0.6937,0.8271,0.9411,0.7887,0.6112,0.9552,0.7244,0.6273,0.6139,0.6113,0.8612,0.5724,0.6256,0.785,0.5005,0.5539,0.3893,0.5927,0.6794,0.5837,0.5273,0.3115,0.4873,0.2666,0.5343,0.3087,0.2038,0.1678,0.3624,
1.0,0.9996,0.968,0.9676,0.9695,0.9971,0.9956,0.9913,0.9866,0.9221,0.7331,0.9319,0.9065,0.8345,0.8026,0.8543,0.6852,0.8219,0.9449,0.7829,0.6103,0.9518,0.7209,0.6248,0.6039,0.6143,0.8533,0.5605,0.6205,0.7856,0.5074,0.5519,0.3818,0.5821,0.6803,0.5858,0.5229,0.3101,0.4737,0.2598,0.5252,0.3141,0.208,0.1616,0.3504,
1.0,0.9991,0.9678,0.9669,0.9691,0.9968,0.995,0.9907,0.9841,0.9244,0.7301,0.9303,0.9082,0.8338,0.795,0.8561,0.6742,0.8199,0.9402,0.7776,0.6064,0.9512,0.722,0.6182,0.6025,0.6062,0.8498,0.5579,0.6174,0.7851,0.5072,0.5441,0.3844,0.5807,0.6747,0.5807,0.5135,0.3164,0.4738,0.255,0.5224,0.3097,0.2105,0.16,0.3472,
1.0,0.9989,0.9654,0.9643,0.9695,0.9969,0.9952,0.9914,0.9855,0.921,0.7365,0.9288,0.9053,0.842,0.8037,0.8502,0.6793,0.8281,0.9412,0.7741,0.6082,0.9521,0.7201,0.6176,0.6079,0.6144,0.854,0.5697,0.6162,0.7839,0.5064,0.558,0.386,0.5934,0.677,0.579,0.5199,0.3236,0.4786,0.2598,0.5168,0.3123,0.2075,0.164,0.3561,
1.0,0.9989,0.9677,0.9666,0.9698,0.9969,0.9948,0.9906,0.985,0.92,0.7365,0.9315,0.9039,0.8433,0.8022,0.8526,0.6856,0.8289,0.9398,0.7775,0.6112,0.9479,0.7152,0.6247,0.6019,0.6091,0.8542,0.5704,0.6207,0.7758,0.5025,0.559,0.393,0.5855,0.6759,0.5809,0.5182,0.3151,0.4781,0.267,0.5278,0.3128,0.2079,0.164,0.3557,
1.0,0.9989,0.9656,0.9645,0.9644,0.9984,0.9968,0.9898,0.9846,0.9268,0.7375,0.9232,0.9105,0.8433,0.8058,0.8509,0.6842,0.8308,0.9437,0.7784,0.619,0.9533,0.7245,0.6208,0.6068,0.6194,0.8515,0.5691,0.6285,0.7792,0.5009,0.5627,0.3867,0.599,0.6831,0.5942,0.5196,0.3271,0.4786,0.2646,0.5232,0.3117,0.198,0.1621,0.352,
1.0,0.9988,0.9672,0.966,0.9725,0.9971,0.9951,0.9894,0.9841,0.9265,0.7389,0.9329,0.9092,0.8373,0.7976,0.8609,0.6779,0.8254,0.9396,0.7846,0.613,0.9526,0.7273,0.6189,0.6041,0.6162,0.8532,0.5657,0.6193,0.7856,0.5164,0.5503,0.3893,0.5846,0.6786,0.5824,0.5193,0.3202,0.4628,0.2565,0.5198,0.3181,0.2155,0.1598,0.3462,
1.0,0.9992,0.9679,0.9671,0.9708,0.9985,0.9967,0.9903,0.9858,0.9245,0.737,0.9322,0.9089,0.8368,0.7983,0.8575,0.6847,0.824,0.9392,0.7849,0.6089,0.9509,0.72,0.6197,0.6027,0.6083,0.8572,0.5599,0.6227,0.785,0.4983,0.5481,0.3817,0.5917,0.6822,0.5853,0.5256,0.3121,0.4753,0.2668,0.5293,0.3105,0.2142,0.1608,0.3499,
1.0,0.9992,0.9669,0.9661,0.9692,0.9967,0.9949,0.9916,0.9867,0.9228,0.7389,0.9304,0.9076,0.8416,0.8071,0.8543,0.6891,0.8291,0.9447,0.7844,0.6131,0.9525,0.7165,0.6244,0.5973,0.6146,0.8576,0.5666,0.6178,0.7828,0.5146,0.5547,0.3889,0.5971,0.6826,0.5848,0.52,0.3232,0.4798,0.2614,0.5264,0.3212,0.2102,0.158,0.3606,
1.0,0.9993,0.9676,0.9669,0.9705,0.9969,0.9947,0.99,0.9839,0.9259,0.7381,0.9327,0.9096,0.8398,0.8017,0.8593,0.6831,0.8241,0.9329,0.7847,0.6155,0.953,0.7322,0.6267,0.6151,0.6107,0.8523,0.561,0.633,0.7851,0.503,0.5477,0.3894,0.5905,0.6688,0.5909,0.5123,0.307,0.4836,0.265,0.5255,0.3123,0.2004,0.1581,0.3514,
1.0,0.9984,0.9719,0.9703,0.9669,0.9969,0.9944,0.9909,0.9856,0.9245,0.7367,0.9318,0.9088,0.8405,0.8018,0.8573,0.6887,0.827,0.939,0.78,0.6039,0.9509,0.714,0.616,0.5976,0.6098,0.8594,0.5665,0.6172,0.7799,0.5029,0.55,0.3863,0.592,0.6777,0.5727,0.5152,0.3181,0.481,0.2554,0.5309,0.3126,0.2133,0.1597,0.3592,
1.0,0.9987,0.969,0.9677,0.9676,0.997,0.9952,0.991,0.9847,0.9208,0.7348,0.9292,0.9045,0.8425,0.8064,0.8514,0.6908,0.8299,0.9399,0.7781,0.6098,0.9536,0.7157,0.6219,0.6021,0.6124,0.8533,0.563,0.6163,0.7752,0.5063,0.5474,0.3848,0.591,0.6781,0.5754,0.5225,0.3194,0.4801,0.2566,0.5235,0.3179,0.2109,0.1589,0.3557,
1.0,0.9991,0.9666,0.9657,0.9691,0.9984,0.9964,0.9896,0.9838,0.9197,0.7287,0.9297,0.9039,0.8366,0.7987,0.8506,0.6817,0.8229,0.9424,0.7783,0.6101,0.954,0.7203,0.6227,0.6023,0.6095,0.8524,0.564,0.6137,0.7744,0.5021,0.5445,0.3816,0.5852,0.6721,0.5868,0.5275,0.3125,0.4725,0.2555,0.5226,0.3038,0.1987,0.1684,0.3437,
1.0,0.9993,0.9678,0.9671,0.9705,0.997,0.9951,0.9914,0.9876,0.9246,0.7466,0.9322,0.9087,0.8464,0.8084,0.8582,0.6929,0.8347,0.9451,0.7832,0.6203,0.953,0.7214,0.6328,0.6044,0.6209,0.8579,0.577,0.6236,0.7833,0.511,0.5652,0.3907,0.5988,0.6839,0.5862,0.5231,0.3182,0.4825,0.2651,0.5359,0.3115,0.2184,0.1641,0.3615,
1.0,0.9993,0.9689,0.9682,0.9692,0.9985,0.9971,0.9909,0.9834,0.9202,0.7309,0.932,0.9051,0.8404,0.7994,0.8534,0.687,0.8251,0.9395,0.7816,0.6115,0.955,0.7204,0.626,0.6142,0.6154,0.858,0.5737,0.6207,0.7769,0.5021,0.5588,0.3958,0.5891,0.6737,0.5799,0.5227,0.322,0.482,0.2635,0.5287,0.3078,0.2026,0.1711,0.3546,
1.0,0.9992,0.9681,0.9673,0.972,0.9974,0.9949,0.9904,0.9862,0.9262,0.7461,0.9333,0.9092,0.8434,0.8086,0.8608,0.6924,0.8299,0.9404,0.7886,0.6154,0.9531,0.7234,0.6273,0.6058,0.6262,0.8543,0.5679,0.6141,0.7895,0.5106,0.5486,0.3922,0.5851,0.67,0.5795,0.5215,0.323,0.4732,0.2619,0.5167,0.3161,0.212,0.1687,0.3565,
1.0,0.9991,0.9688,0.9679,0.9695,0.9984,0.9968,0.9908,0.9846,0.9277,0.7382,0.9316,0.9127,0.8385,0.8003,0.8602,0.678,0.8247,0.9384,0.7782,0.6139,0.9547,0.729,0.6251,0.6111,0.6152,0.8477,0.5596,0.6249,0.783,0.508,0.5513,0.3979,0.5943,0.6809,0.5876,0.5199,0.3281,0.4729,0.2571,0.518,0.3175,0.2082,0.1686,0.3445,
1.0,0.9995,0.9692,0.9687,0.9702,0.998,0.9968,0.9909,0.985,0.9229,0.7396,0.9326,0.9065,0.8431,0.8067,0.8583,0.689,0.8297,0.9398,0.7822,0.6094,0.9542,0.7224,0.6264,0.6075,0.6194,0.8558,0.5657,0.6163,0.7783,0.5072,0.5484,0.3997,0.5943,0.6739,0.5792,0.5285,0.3225,0.4809,0.2636,0.5223,0.3155,0.2082,0.1728,0.361,
1.0,0.9989,0.9685,0.9674,0.9707,0.9982,0.9957,0.9916,0.9869,0.9209,0.7355,0.9323,0.9064,0.8393,0.8021,0.8544,0.6819,0.824,0.9421,0.7759,0.6114,0.9519,0.7193,0.628,0.6043,0.6114,0.8542,0.5639,0.6167,0.7835,0.5056,0.5523,0.391,0.5821,0.6728,0.5787,0.5232,0.3164,0.4697,0.2551,0.5114,0.304,0.2076,0.165,0.3433,
1.0,0.9992,0.9689,0.9681,0.97,0.9972,0.9957,0.9899,0.9835,0.9233,0.7334,0.9327,0.9061,0.8364,0.7964,0.8572,0.6731,0.8233,0.9419,0.7769,0.6126,0.9545,0.7229,0.6264,0.6077,0.615,0.8463,0.5602,0.6248,0.7766,0.5055,0.5528,0.386,0.5955,0.6832,0.5868,0.5187,0.3128,0.4735,0.2563,0.5189,0.3098,0.2088,0.1625,0.3537,
1.0,0.9985,0.9692,0.9677,0.9702,0.9975,0.9953,0.9902,0.9844,0.9279,0.7361,0.9337,0.9134,0.8373,0.7986,0.8619,0.6853,0.8247,0.9411,0.789,0.6141,0.9506,0.723,0.6211,0.6063,0.6135,0.8602,0.5679,0.626,0.7837,0.5027,0.5501,0.3856,0.5842,0.6753,0.5856,0.5191,0.3102,0.4782,0.2668,0.5339,0.3087,0.2101,0.1607,0.3507,
1.0,0.9992,0.9654,0.9646,0.9701,0.9966,0.9947,0.9901,0.9845,0.9231,0.7361,0.9284,0.9049,0.8401,0.8012,0.8538,0.6832,0.8264,0.9438,0.7825,0.6179,0.9532,0.7233,0.6305,0.6112,0.6172,0.8555,0.5699,0.6206,0.7754,0.5035,0.5559,0.3894,0.5904,0.678,0.5898,0.5315,0.3134,0.4794,0.2627,0.52,0.304,0.2033,0.1653,0.354,
1.0,0.9988,0.9659,0.9647,0.9694,0.9965,0.9946,0.9906,0.9829,0.9235,0.7375,0.9275,0.906,0.8443,0.8015,0.852,0.6836,0.8298,0.9405,0.7799,0.613,0.951,0.7158,0.625,0.5982,0.6138,0.8515,0.5726,0.6076,0.7824,0.5161,0.5566,0.3825,0.5845,0.6674,0.5731,0.513,0.3244,0.4723,0.2526,0.522,0.3161,0.212,0.1576,0.3506,
1.0,0.9985,0.9662,0.9647,0.9699,0.9964,0.9938,0.991,0.9836,0.9202,0.7352,0.928,0.903,0.8433,0.8039,0.8509,0.6864,0.8282,0.9435,0.7776,0.6095,0.9527,0.7129,0.6248,0.5984,0.6204,0.8551,0.5792,0.6058,0.7805,0.5092,0.5603,0.3853,0.5834,0.6713,0.5742,0.5151,0.325,0.4697,0.2518,0.5146,0.311,0.2063,0.1577,0.3504,
1.0,0.9986,0.9684,0.967,0.9685,0.9974,0.995,0.9913,0.9859,0.9243,0.7366,0.9303,0.9096,0.8389,0.804,0.855,0.6867,0.8261,0.9404,0.783,0.6134,0.9534,0.7241,0.6232,0.605,0.6155,0.8592,0.5694,0.6221,0.7896,0.5026,0.5541,0.3851,0.5898,0.6733,0.5826,0.5214,0.3189,0.4757,0.2636,0.5281,0.3115,0.2047,0.1646,0.3544,
1.0,0.9995,0.9655,0.965,0.9702,0.9963,0.9948,0.9895,0.9839,0.9239,0.743,0.9298,0.906,0.8475,0.8084,0.8549,0.6919,0.8351,0.9429,0.7876,0.623,0.9511,0.7285,0.6336,0.6098,0.6208,0.8581,0.5793,0.623,0.7818,0.5063,0.5615,0.3868,0.5905,0.6818,0.5883,0.5271,0.318,0.4757,0.2721,0.5224,0.3098,0.2123,0.1623,0.3599,
1.0,0.9986,0.9653,0.9639,0.9688,0.9973,0.9944,0.9897,0.9849,0.9235,0.7367,0.9286,0.9079,0.8434,0.8061,0.8526,0.6867,0.8285,0.9392,0.7842,0.6139,0.9526,0.728,0.6206,0.6073,0.614,0.8562,0.5675,0.6254,0.7821,0.5084,0.5576,0.3816,0.5888,0.6858,0.5906,0.5273,0.3187,0.4729,0.2715,0.5305,0.3112,0.2123,0.16,0.3582,
1.0,0.9993,0.9694,0.9687,0.9707,0.997,0.9955,0.9921,0.987,0.9254,0.7374,0.9338,0.9098,0.8365,0.7994,0.8604,0.6831,0.8252,0.942,0.7823,0.6101,0.9572,0.7269,0.6223,0.6116,0.6098,0.855,0.5602,0.625,0.787,0.5049,0.5483,0.3932,0.5991,0.6795,0.5898,0.5203,0.3145,0.4834,0.2637,0.5215,0.3183,0.2047,0.1622,0.3596,
1.0,0.9986,0.9705,0.9691,0.9692,0.9964,0.9941,0.9898,0.9837,0.9273,0.7319,0.9328,0.9096,0.8312,0.7913,0.8602,0.681,0.8168,0.9405,0.7883,0.6097,0.9492,0.7269,0.6165,0.6128,0.6093,0.859,0.5618,0.632,0.7842,0.5045,0.5429,0.3872,0.5923,0.6696,0.5874,0.5192,0.3048,0.4846,0.2651,0.5275,0.3101,0.207,0.1626,0.3537,
1.0,0.9987,0.9664,0.9651,0.973,0.9976,0.9954,0.9914,0.9868,0.9241,0.7361,0.933,0.9097,0.833,0.7969,0.8585,0.6776,0.8216,0.9418,0.7832,0.6063,0.9535,0.7247,0.6196,0.6064,0.6107,0.8518,0.5574,0.623,0.7793,0.5011,0.5429,0.3958,0.592,0.6698,0.5833,0.5099,0.3126,0.473,0.2569,0.5153,0.3041,0.2063,0.1641,0.3475,
1.0,0.999,0.9657,0.9647,0.9688,0.9978,0.9956,0.9902,0.9854,0.9245,0.7316,0.9269,0.9074,0.832,0.7934,0.8535,0.6772,0.8187,0.9421,0.7815,0.6042,0.9546,0.7197,0.6138,0.6038,0.6069,0.8574,0.5569,0.6168,0.7804,0.5077,0.5342,0.3924,0.5958,0.6728,0.5827,0.5253,0.3098,0.4935,0.2587,0.525,0.3165,0.2042,0.165,0.3568,
1.0,0.9993,0.9678,0.9671,0.9701,0.9975,0.9958,0.9912,0.9869,0.9299,0.744,0.9296,0.9124,0.8382,0.7987,0.8598,0.6858,0.8268,0.9415,0.7851,0.6203,0.9575,0.7322,0.6284,0.611,0.616,0.8535,0.5632,0.6279,0.7854,0.5083,0.5498,0.3945,0.5891,0.6716,0.5963,0.5272,0.3174,0.4757,0.2662,0.5216,0.3173,0.2079,0.1691,0.3438,
1.0,0.9989,0.966,0.9649,0.968,0.9971,0.9953,0.9904,0.9833,0.9237,0.7323,0.9266,0.9062,0.8371,0.7935,0.8518,0.6768,0.8225,0.9437,0.7764,0.614,0.9511,0.7229,0.6245,0.601,0.6087,0.855,0.5685,0.6215,0.7781,0.5017,0.5529,0.3836,0.5856,0.6745,0.581,0.5197,0.3131,0.4782,0.2558,0.5254,0.3036,0.2058,0.1626,0.3485,
1.0,0.9991,0.9661,0.9652,0.9692,0.9974,0.9956,0.9908,0.9847,0.9291,0.7481,0.9286,0.9131,0.8473,0.809,0.8582,0.6984,0.8343,0.9395,0.7904,0.6206,0.9572,0.7296,0.6263,0.6074,0.6294,0.8643,0.5813,0.6232,0.7869,0.5135,0.558,0.3966,0.6008,0.6697,0.5849,0.5227,0.3244,0.4904,0.2699,0.5199,0.3281,0.2019,0.1673,0.3749,
1.0,0.9991,0.9681,0.9672,0.9709,0.9968,0.9952,0.9906,0.9848,0.9244,0.7381,0.933,0.9077,0.8376,0.799,0.8586,0.6813,0.8241,0.938,0.7826,0.6056,0.954,0.7235,0.6163,0.6054,0.6104,0.8566,0.5674,0.6143,0.7878,0.5125,0.547,0.38,0.5864,0.6704,0.5821,0.5219,0.3161,0.4738,0.2504,0.5147,0.31,0.205,0.1601,0.343,
1.0,0.9991,0.9657,0.9648,0.9705,0.9967,0.9948,0.991,0.9847,0.9263,0.7348,0.93,0.9101,0.8341,0.7936,0.8568,0.6766,0.8205,0.9362,0.7821,0.6048,0.954,0.7248,0.613,0.6025,0.6048,0.8568,0.5551,0.6164,0.7846,0.4964,0.5367,0.3832,0.5876,0.6642,0.5744,0.5123,0.3099,0.4846,0.2539,0.5166,0.3087,0.2024,0.1537,0.3523,
1.0,0.9984,0.968,0.9664,0.9699,0.9974,0.9946,0.9886,0.9834,0.9243,0.7428,0.9308,0.9066,0.8462,0.8069,0.8574,0.6876,0.8326,0.9371,0.7808,0.6209,0.9523,0.7311,0.631,0.6154,0.6188,0.8528,0.5724,0.6297,0.7845,0.5055,0.5557,0.3931,0.5927,0.6691,0.5862,0.5098,0.3201,0.4803,0.2654,0.5187,0.3159,0.1987,0.1625,0.3542,
1.0,0.9985,0.971,0.9695,0.9677,0.9966,0.9941,0.9914,0.9858,0.9186,0.7303,0.9314,0.9029,0.8369,0.7996,0.8509,0.6863,0.8254,0.9405,0.7782,0.6044,0.9521,0.7137,0.6194,0.5967,0.607,0.8573,0.5656,0.6099,0.7778,0.5009,0.5471,0.3889,0.5852,0.6674,0.5665,0.5116,0.3155,0.4768,0.2556,0.5226,0.308,0.2042,0.1564,0.3532,
1.0,0.9996,0.9687,0.9683,0.9692,0.9979,0.9968,0.991,0.9857,0.9232,0.7345,0.9331,0.909,0.8353,0.8009,0.8572,0.6846,0.8215,0.9411,0.7848,0.6094,0.9543,0.7232,0.6223,0.6115,0.612,0.856,0.5634,0.6317,0.7816,0.5122,0.5544,0.3899,0.6021,0.6843,0.5911,0.5187,0.3119,0.4843,0.2638,0.5325,0.3187,0.2077,0.1628,0.3584,
1.0,0.9988,0.967,0.9658,0.9734,0.9965,0.9942,0.9908,0.9851,0.9225,0.7426,0.935,0.9076,0.8454,0.8062,0.8593,0.6907,0.8324,0.9399,0.7863,0.6169,0.9526,0.7237,0.6333,0.6088,0.6179,0.8602,0.5766,0.6168,0.7822,0.499,0.5575,0.3912,0.5915,0.6734,0.5822,0.5228,0.3181,0.4864,0.2607,0.5337,0.3162,0.2033,0.1652,0.3574,
1.0,0.9987,0.9665,0.9652,0.968,0.9975,0.9955,0.9896,0.9828,0.9275,0.7397,0.9278,0.9112,0.8428,0.8008,0.8557,0.6869,0.83,0.9411,0.7849,0.6199,0.9536,0.7294,0.6262,0.6062,0.6215,0.8591,0.5792,0.6203,0.7829,0.4995,0.5554,0.3818,0.5824,0.6701,0.5841,0.5128,0.3128,0.4789,0.2547,0.523,0.308,0.2016,0.1576,0.3507,
1.0,0.9994,0.9715,0.9709,0.9725,0.9974,0.9954,0.992,0.9878,0.9191,0.7378,0.9392,0.9054,0.8385,0.8029,0.8586,0.6935,0.8241,0.9388,0.7868,0.6075,0.95,0.7121,0.6231,0.607,0.6104,0.8647,0.5708,0.6179,0.7813,0.5068,0.5569,0.3936,0.5851,0.6761,0.5746,0.5259,0.3164,0.4804,0.2598,0.5333,0.308,0.2153,0.1645,0.3516,
1.0,0.9982,0.9665,0.9647,0.9672,0.9971,0.9943,0.9907,0.9843,0.9225,0.731,0.927,0.9071,0.837,0.7995,0.8503,0.6825,0.8232,0.9376,0.78,0.6127,0.9538,0.7223,0.6175,0.604,0.6105,0.858,0.5667,0.6173,0.7834,0.5063,0.5507,0.3894,0.5882,0.6705,0.5828,0.5138,0.3209,0.4803,0.2596,0.5222,0.3133,0.203,0.1648,0.3476,
1.0,0.9989,0.9692,0.9681,0.9705,0.9972,0.9943,0.9899,0.9852,0.9188,0.7371,0.9318,0.9006,0.8418,0.8024,0.852,0.6846,0.8286,0.9401,0.7726,0.6117,0.9548,0.7199,0.6296,0.6134,0.6165,0.8501,0.5696,0.6183,0.7817,0.5049,0.5626,0.3926,0.6021,0.684,0.5804,0.5209,0.3231,0.4764,0.2579,0.5215,0.3117,0.2128,0.1727,0.3563,
1.0,0.9992,0.9697,0.9689,0.9672,0.9968,0.995,0.9912,0.9869,0.9251,0.7371,0.9309,0.9092,0.8399,0.8037,0.8567,0.6838,0.8292,0.939,0.7784,0.6078,0.9539,0.7217,0.6176,0.6074,0.6125,0.8529,0.5664,0.6216,0.782,0.5027,0.5533,0.3788,0.5908,0.673,0.5801,0.5237,0.3184,0.4743,0.2628,0.5264,0.3088,0.2104,0.1606,0.3546,
1.0,0.9986,0.967,0.9656,0.9693,0.997,0.9946,0.9915,0.9855,0.9209,0.736,0.9305,0.9069,0.8416,0.8043,0.8535,0.685,0.8279,0.9417,0.7816,0.6101,0.9529,0.7188,0.6203,0.6036,0.6115,0.8602,0.5722,0.6105,0.7795,0.5027,0.5522,0.3929,0.5909,0.6658,0.5783,0.5217,0.3194,0.4824,0.2601,0.5193,0.3136,0.1986,0.1648,0.351,
1.0,0.9989,0.969,0.9679,0.9709,0.9967,0.9946,0.9894,0.9853,0.9221,0.7306,0.9329,0.9044,0.8365,0.7984,0.8567,0.683,0.8241,0.9416,0.7809,0.6112,0.9518,0.7281,0.6277,0.6207,0.613,0.8548,0.5635,0.6273,0.7794,0.5002,0.5486,0.3902,0.5975,0.6813,0.5904,0.521,0.316,0.4827,0.2656,0.5295,0.3078,0.2093,0.1669,0.3583,
1.0,0.998,0.9675,0.9655,0.9701,0.9973,0.9945,0.9901,0.9837,0.9255,0.7384,0.9291,0.9094,0.8391,0.8,0.8567,0.6841,0.8247,0.9417,0.7826,0.6113,0.9498,0.7163,0.6232,0.6017,0.6226,0.8544,0.5673,0.6196,0.7825,0.5089,0.5586,0.389,0.5888,0.677,0.5778,0.5211,0.3193,0.4766,0.2595,0.5277,0.309,0.2092,0.1634,0.3503,
1.0,0.9989,0.9704,0.9693,0.9683,0.9973,0.9949,0.9897,0.9843,0.9231,0.7348,0.9323,0.9062,0.8398,0.801,0.8552,0.6868,0.8255,0.9409,0.7812,0.6116,0.9513,0.7226,0.6229,0.6108,0.6166,0.8561,0.5694,0.6264,0.7801,0.5016,0.5539,0.3863,0.5912,0.6755,0.5805,0.5179,0.3155,0.4832,0.2621,0.5255,0.3096,0.2071,0.1619,0.3593,
1.0,0.9992,0.9695,0.9687,0.9686,0.9968,0.9953,0.9909,0.9855,0.9254,0.738,0.9314,0.9081,0.8408,0.8045,0.8575,0.6951,0.8296,0.945,0.7902,0.6133,0.9536,0.7232,0.6265,0.6118,0.6216,0.8632,0.5719,0.6196,0.781,0.4989,0.5524,0.3892,0.5924,0.6734,0.5874,0.5286,0.3154,0.4876,0.2635,0.5251,0.3142,0.2059,0.1647,0.3654,
1.0,0.9988,0.9667,0.9655,0.9691,0.9971,0.9954,0.9923,0.9883,0.9256,0.7363,0.929,0.9114,0.8345,0.7986,0.8551,0.6795,0.8242,0.9429,0.7821,0.6102,0.9503,0.7208,0.6179,0.6089,0.6103,0.8537,0.5586,0.6255,0.781,0.5093,0.5459,0.3944,0.5941,0.6763,0.5892,0.5284,0.3247,0.4759,0.2748,0.5273,0.3165,0.211,0.1682,0.3525,
1.0,0.9984,0.9671,0.9655,0.9684,0.9972,0.9946,0.9908,0.9853,0.9264,0.7355,0.9295,0.912,0.8366,0.7999,0.8569,0.6804,0.8228,0.9407,0.7821,0.6106,0.9523,0.725,0.6156,0.6038,0.6119,0.8597,0.5624,0.6223,0.7832,0.5033,0.5434,0.3829,0.585,0.6768,0.5856,0.5202,0.3184,0.467,0.263,0.5161,0.3116,0.2037,0.1534,0.3519,
1.0,0.9986,0.9664,0.965,0.9712,0.9971,0.994,0.9886,0.9848,0.9236,0.7336,0.9291,0.9047,0.8357,0.7975,0.8545,0.6796,0.8218,0.9397,0.7838,0.6117,0.9538,0.7251,0.6226,0.6123,0.6131,0.8537,0.559,0.6215,0.7792,0.5052,0.5432,0.3875,0.5847,0.6768,0.5919,0.5198,0.3072,0.4806,0.2604,0.514,0.3118,0.2069,0.1614,0.3502,
1.0,0.9991,0.9684,0.9675,0.9677,0.9972,0.9956,0.992,0.9843,0.9226,0.7359,0.9292,0.9068,0.8434,0.8043,0.8524,0.6878,0.8303,0.943,0.7793,0.6169,0.9556,0.7244,0.6293,0.6161,0.6225,0.8553,0.5772,0.6232,0.7799,0.5102,0.56,0.3958,0.592,0.682,0.5858,0.5143,0.3271,0.4743,0.2525,0.5253,0.3171,0.2096,0.1622,0.3579,
1.0,0.999,0.9642,0.9632,0.9681,0.9977,0.9959,0.9909,0.9855,0.9204,0.7336,0.9271,0.9065,0.8384,0.8018,0.8497,0.6872,0.8265,0.9382,0.7825,0.6028,0.9541,0.7207,0.6127,0.6009,0.6082,0.8646,0.5721,0.6164,0.7809,0.508,0.5506,0.3894,0.5881,0.6753,0.5792,0.5316,0.3215,0.4888,0.2641,0.5329,0.3193,0.213,0.169,0.3664,
1.0,0.9987,0.9687,0.9674,0.9708,0.9977,0.9956,0.9903,0.9849,0.9263,0.7328,0.933,0.9111,0.8324,0.7947,0.8605,0.6812,0.8208,0.9438,0.7894,0.6105,0.9544,0.7271,0.6205,0.611,0.6134,0.8617,0.5647,0.6225,0.7849,0.5091,0.5464,0.3958,0.5983,0.6771,0.5855,0.5223,0.3147,0.4823,0.2582,0.5244,0.3171,0.2095,0.162,0.3534,
1.0,0.9987,0.9684,0.9671,0.968,0.9979,0.9956,0.9904,0.9854,0.9226,0.73,0.9308,0.9079,0.8363,0.7993,0.8554,0.685,0.8229,0.9392,0.7825,0.6055,0.9538,0.7215,0.6186,0.6,0.6033,0.8624,0.5634,0.6183,0.7786,0.5039,0.5438,0.3896,0.5924,0.6769,0.5793,0.5314,0.3156,0.4813,0.2609,0.523,0.3103,0.2064,0.1675,0.3566,
1.0,0.999,0.9671,0.9661,0.9688,0.9974,0.9953,0.9917,0.9862,0.9286,0.7412,0.9302,0.9148,0.8416,0.8029,0.8596,0.6889,0.8278,0.9397,0.7873,0.6117,0.953,0.7267,0.6189,0.6085,0.6202,0.8621,0.5774,0.6273,0.7851,0.508,0.559,0.3885,0.5908,0.6804,0.5888,0.5248,0.324,0.4787,0.2658,0.5281,0.3143,0.2047,0.1564,0.3505,
1.0,0.9989,0.9658,0.9647,0.9709,0.9977,0.9957,0.9907,0.9858,0.919,0.7354,0.9289,0.9026,0.8396,0.8003,0.8497,0.6829,0.8282,0.9461,0.7776,0.6151,0.9553,0.7204,0.6299,0.6175,0.6152,0.8561,0.5715,0.6143,0.7812,0.5048,0.556,0.3892,0.5869,0.6708,0.5873,0.5293,0.3165,0.4783,0.2616,0.5183,0.3105,0.2045,0.1659,0.3577,
1.0,0.999,0.9655,0.9645,0.97,0.9973,0.9954,0.9914,0.9859,0.9236,0.7387,0.9294,0.9087,0.8393,0.8038,0.8555,0.6842,0.826,0.9405,0.7819,0.6114,0.9528,0.7249,0.6233,0.6019,0.6113,0.8549,0.5646,0.6208,0.787,0.5091,0.5481,0.3908,0.595,0.675,0.584,0.517,0.3183,0.4752,0.2587,0.5247,0.3223,0.2059,0.1647,0.3574,
1.0,0.9988,0.967,0.9658,0.9698,0.9968,0.9943,0.9919,0.9865,0.9216,0.7354,0.931,0.9074,0.8394,0.8052,0.8535,0.6847,0.8255,0.9417,0.7821,0.6032,0.9568,0.7151,0.6164,0.6018,0.614,0.8562,0.5698,0.6104,0.7866,0.5104,0.5528,0.3826,0.593,0.6801,0.5768,0.5213,0.324,0.4806,0.2513,0.5244,0.3151,0.2107,0.1527,0.3555,
1.0,0.9985,0.9654,0.9639,0.9702,0.9977,0.9954,0.9901,0.9851,0.9194,0.7343,0.9299,0.9049,0.8418,0.8024,0.8505,0.6845,0.8302,0.9435,0.7783,0.6099,0.9569,0.7201,0.6229,0.6059,0.6158,0.8574,0.5737,0.6122,0.7764,0.4971,0.5526,0.3873,0.5881,0.669,0.5816,0.5267,0.3179,0.4749,0.2578,0.5114,0.3068,0.1991,0.1546,0.3541,
1.0,0.999,0.9653,0.9643,0.9681,0.9979,0.9957,0.9907,0.9867,0.9238,0.7298,0.9269,0.9084,0.8329,0.7931,0.8505,0.6716,0.8212,0.941,0.7742,0.6025,0.9528,0.7171,0.6118,0.5966,0.6033,0.8498,0.5588,0.6136,0.776,0.5007,0.5486,0.3793,0.5819,0.6709,0.5809,0.5152,0.3112,0.4693,0.2539,0.5162,0.3085,0.2042,0.1613,0.3418,
1.0,0.9989,0.9692,0.9681,0.9701,0.998,0.9956,0.9895,0.9848,0.9202,0.733,0.9333,0.9044,0.8406,0.8029,0.8543,0.6887,0.8284,0.9428,0.7825,0.607,0.9553,0.7162,0.6211,0.6081,0.6174,0.8568,0.5741,0.6151,0.7781,0.499,0.5573,0.3863,0.5892,0.6784,0.5812,0.5289,0.313,0.4828,0.2582,0.5259,0.3055,0.207,0.1675,0.3619,
1.0,0.9986,0.9669,0.9655,0.9692,0.9975,0.9949,0.9894,0.984,0.9221,0.7353,0.9295,0.9058,0.8407,0.8017,0.8523,0.6871,0.8287,0.944,0.7842,0.6229,0.9539,0.7317,0.635,0.6125,0.6202,0.8556,0.5717,0.629,0.7785,0.5053,0.5595,0.3888,0.5834,0.6805,0.589,0.5204,0.3113,0.4759,0.2677,0.5257,0.3051,0.2132,0.1589,0.3548,
1.0,0.9993,0.9688,0.9681,0.9694,0.9979,0.9958,0.9909,0.986,0.9244,0.7398,0.9328,0.9101,0.842,0.8081,0.859,0.6927,0.829,0.9431,0.7839,0.612,0.9534,0.7219,0.625,0.6054,0.6163,0.8581,0.5673,0.6244,0.787,0.504,0.5562,0.3885,0.5976,0.6795,0.58,0.5159,0.3181,0.4821,0.2612,0.5243,0.3137,0.2019,0.1597,0.3616,
1.0,0.999,0.9647,0.9637,0.9686,0.9976,0.9959,0.9926,0.9868,0.9216,0.7339,0.9265,0.9079,0.834,0.7994,0.8499,0.679,0.8211,0.9391,0.7771,0.6071,0.9543,0.7218,0.6161,0.6056,0.6115,0.8536,0.5623,0.6207,0.7811,0.5005,0.5505,0.385,0.5878,0.6734,0.5841,0.5222,0.3073,0.4665,0.2612,0.5211,0.3018,0.2085,0.1582,0.347,
1.0,0.9984,0.9663,0.9647,0.9662,0.9971,0.9944,0.9902,0.9849,0.9258,0.7414,0.9252,0.9089,0.8456,0.8063,0.851,0.6869,0.8312,0.9396,0.7771,0.6136,0.9545,0.7197,0.6195,0.5954,0.6142,0.8533,0.5688,0.6132,0.7825,0.5085,0.5535,0.3789,0.5893,0.6713,0.5852,0.5248,0.3171,0.4753,0.2614,0.5131,0.3096,0.2004,0.1609,0.3519,
1.0,0.9992,0.9671,0.9663,0.9707,0.9976,0.9957,0.9917,0.9875,0.9232,0.7349,0.9317,0.9084,0.8354,0.8015,0.856,0.6819,0.8227,0.9421,0.7835,0.6053,0.9517,0.7202,0.6195,0.6041,0.613,0.8577,0.5617,0.617,0.7872,0.504,0.5502,0.3894,0.5859,0.6794,0.5759,0.5204,0.3094,0.4714,0.2577,0.5258,0.3099,0.2072,0.1553,0.3516,
1.0,0.9987,0.9689,0.9676,0.9675,0.9979,0.9957,0.9906,0.9865,0.9271,0.7365,0.93,0.9118,0.8369,0.8008,0.8582,0.6853,0.8258,0.9455,0.7812,0.6154,0.9533,0.7226,0.6208,0.601,0.6158,0.8561,0.569,0.6238,0.779,0.5016,0.5526,0.3887,0.5962,0.6828,0.5923,0.5206,0.3142,0.4856,0.2584,0.5321,0.3139,0.2121,0.1674,0.3554,
1.0,0.999,0.966,0.965,0.9699,0.9969,0.9952,0.9889,0.9825,0.9242,0.7312,0.9285,0.9053,0.8344,0.7926,0.8537,0.6721,0.8198,0.9391,0.7779,0.6037,0.9483,0.7142,0.6144,0.597,0.6103,0.847,0.5509,0.6078,0.7745,0.4902,0.5365,0.3706,0.5751,0.666,0.5773,0.5123,0.2993,0.4688,0.2469,0.5204,0.2995,0.2073,0.1564,0.3379,
1.0,0.9988,0.9671,0.9659,0.9698,0.9974,0.9952,0.9904,0.9858,0.919,0.7345,0.9304,0.9034,0.8412,0.8024,0.8501,0.6829,0.8297,0.9421,0.774,0.6059,0.9528,0.7153,0.6173,0.5948,0.6088,0.8534,0.5681,0.6034,0.7781,0.5041,0.5577,0.3861,0.5726,0.6635,0.5657,0.5141,0.3182,0.4635,0.253,0.5167,0.3003,0.1997,0.1501,0.3427,
1.0,0.9991,0.9669,0.966,0.9706,0.9968,0.9944,0.9887,0.9833,0.9192,0.7262,0.9324,0.9019,0.8341,0.7948,0.8526,0.6745,0.8193,0.9405,0.7767,0.6072,0.9494,0.7218,0.6224,0.6066,0.6061,0.8522,0.5548,0.6199,0.7686,0.4929,0.537,0.385,0.584,0.673,0.583,0.5201,0.2983,0.4775,0.2502,0.5214,0.3006,0.2036,0.1599,0.3488,
1.0,0.9987,0.9675,0.9662,0.9663,0.9967,0.9944,0.9908,0.9844,0.9243,0.7323,0.9269,0.9085,0.8368,0.8,0.853,0.6821,0.8218,0.9363,0.7808,0.6093,0.9517,0.72,0.6159,0.6067,0.6114,0.855,0.5642,0.6193,0.7812,0.5024,0.5513,0.3861,0.588,0.6704,0.5831,0.5202,0.3103,0.4821,0.2582,0.5221,0.3147,0.2117,0.1669,0.3618,
1.0,0.9992,0.9681,0.9673,0.9667,0.9961,0.9942,0.9909,0.9855,0.9252,0.7383,0.9283,0.9081,0.8422,0.8033,0.8546,0.6842,0.8286,0.9386,0.776,0.6138,0.9504,0.7244,0.6256,0.6,0.609,0.8537,0.5586,0.6188,0.7803,0.4982,0.5514,0.3858,0.5897,0.6745,0.5785,0.5137,0.3118,0.4784,0.2601,0.5271,0.3064,0.2046,0.1573,0.3542,
1.0,0.999,0.9703,0.9693,0.9674,0.9974,0.9953,0.991,0.9861,0.9226,0.7305,0.9313,0.9071,0.8367,0.7989,0.8542,0.692,0.8248,0.9413,0.7864,0.6085,0.9507,0.7188,0.6244,0.6057,0.61,0.8601,0.5678,0.6222,0.7766,0.5016,0.5523,0.3893,0.5836,0.6675,0.5818,0.5215,0.3147,0.483,0.2616,0.5267,0.3086,0.2069,0.167,0.3541,
1.0,0.9989,0.9666,0.9655,0.9665,0.9968,0.9949,0.9905,0.9848,0.9186,0.7225,0.9265,0.9021,0.8303,0.7905,0.8453,0.6793,0.8168,0.9416,0.7771,0.6003,0.9544,0.7242,0.6131,0.6108,0.6058,0.8638,0.568,0.6159,0.7802,0.5017,0.5426,0.3929,0.5959,0.6756,0.5799,0.5218,0.3156,0.4935,0.2515,0.5237,0.3173,0.1966,0.1677,0.362,
1.0,0.9989,0.9681,0.967,0.9699,0.9978,0.996,0.9906,0.9858,0.9233,0.7304,0.9309,0.9075,0.8342,0.7968,0.8562,0.6803,0.8233,0.9422,0.7822,0.5996,0.954,0.7135,0.6133,0.5971,0.6075,0.8574,0.5617,0.6135,0.7862,0.5059,0.5464,0.3757,0.5886,0.6747,0.5725,0.5266,0.3056,0.4838,0.2553,0.5276,0.3159,0.2065,0.1592,0.3515,
1.0,0.9984,0.967,0.9654,0.9713,0.9971,0.9945,0.99,0.9836,0.9288,0.7418,0.9309,0.9122,0.838,0.7992,0.8617,0.6834,0.8233,0.9448,0.7892,0.6185,0.953,0.7299,0.6297,0.6056,0.6219,0.8574,0.5693,0.6233,0.7906,0.5062,0.5517,0.3905,0.5882,0.676,0.5899,0.5167,0.313,0.4723,0.2573,0.5172,0.3176,0.1987,0.1658,0.3455,
1.0,0.9993,0.9687,0.968,0.9719,0.9977,0.996,0.9887,0.9827,0.9257,0.7411,0.9353,0.9096,0.8417,0.8009,0.8624,0.6844,0.8278,0.9411,0.7862,0.6097,0.9518,0.72,0.6199,0.5984,0.6168,0.8562,0.5702,0.6182,0.7882,0.5084,0.5539,0.3835,0.5951,0.6741,0.5787,0.5171,0.3131,0.4819,0.2547,0.526,0.3205,0.2099,0.157,0.3605,
1.0,0.9986,0.9653,0.9639,0.9715,0.9978,0.9957,0.9905,0.9844,0.9217,0.742,0.9298,0.907,0.8443,0.8045,0.8535,0.6878,0.8313,0.9434,0.7827,0.6174,0.9539,0.7268,0.6326,0.6161,0.6203,0.86,0.5738,0.6246,0.7829,0.5092,0.5581,0.3956,0.5848,0.672,0.5868,0.5273,0.3221,0.4802,0.2657,0.5226,0.3117,0.2122,0.1617,0.3555,
1.0,0.9988,0.9658,0.9646,0.9721,0.9975,0.9951,0.9906,0.9846,0.926,0.7394,0.9319,0.9109,0.8374,0.7991,0.8589,0.678,0.8239,0.9418,0.7859,0.61,0.9518,0.7222,0.6198,0.5989,0.6132,0.8539,0.559,0.6155,0.783,0.5014,0.5448,0.3785,0.5833,0.6672,0.5777,0.514,0.3078,0.4744,0.2582,0.525,0.3098,0.2019,0.156,0.3481,
1.0,0.9987,0.969,0.9677,0.9696,0.9974,0.9959,0.9905,0.9866,0.925,0.7395,0.9327,0.9098,0.8394,0.8035,0.8584,0.6799,0.8286,0.9437,0.7759,0.604,0.9528,0.7151,0.6141,0.6026,0.6156,0.8475,0.5621,0.6236,0.782,0.5104,0.5536,0.3846,0.5977,0.68,0.5798,0.5209,0.3165,0.4729,0.2565,0.5227,0.3144,0.2078,0.1585,0.3524,
1.0,0.9991,0.9677,0.9668,0.9721,0.9972,0.9951,0.9914,0.9857,0.9301,0.7419,0.9333,0.9151,0.8373,0.7983,0.8646,0.6805,0.8229,0.9397,0.7887,0.6144,0.9516,0.7279,0.6212,0.6084,0.6132,0.8587,0.5645,0.6244,0.7917,0.5122,0.5488,0.3912,0.5893,0.6729,0.5862,0.5245,0.3152,0.4777,0.2621,0.5214,0.3159,0.2086,0.1623,0.3523,
1.0,0.9994,0.9668,0.9662,0.9701,0.9968,0.9953,0.9902,0.9856,0.923,0.7336,0.9306,0.9054,0.8338,0.7956,0.8552,0.6801,0.8224,0.9431,0.7832,0.6085,0.9527,0.7231,0.6201,0.6096,0.6123,0.856,0.567,0.6201,0.7807,0.5026,0.5459,0.3808,0.578,0.6726,0.5847,0.5224,0.3096,0.4745,0.2594,0.5256,0.3043,0.1972,0.1659,0.3439,
1.0,0.9986,0.9681,0.9667,0.9688,0.9979,0.9953,0.9912,0.9872,0.9255,0.7374,0.9311,0.9126,0.837,0.8016,0.8583,0.6899,0.825,0.9429,0.7876,0.6146,0.9543,0.7275,0.6231,0.6108,0.6111,0.8641,0.5692,0.6247,0.7831,0.5024,0.546,0.3889,0.5889,0.6801,0.5881,0.532,0.3136,0.4884,0.2675,0.534,0.3096,0.2025,0.1671,0.3513,
1.0,0.9992,0.9682,0.9674,0.967,0.9963,0.9948,0.9916,0.9848,0.921,0.7267,0.9306,0.9064,0.8357,0.7998,0.8528,0.6795,0.8239,0.9417,0.7791,0.6054,0.956,0.7201,0.619,0.6061,0.6126,0.8554,0.565,0.6114,0.7764,0.4984,0.5532,0.3897,0.5962,0.672,0.5763,0.5204,0.3179,0.4783,0.2549,0.5169,0.304,0.2035,0.1623,0.3526,
1.0,0.999,0.9685,0.9675,0.9701,0.9971,0.9951,0.9906,0.9853,0.922,0.7411,0.9319,0.9057,0.8443,0.8065,0.8562,0.6918,0.8298,0.9393,0.7843,0.6127,0.9502,0.7172,0.6283,0.5993,0.6117,0.8566,0.5673,0.6219,0.7787,0.5043,0.55,0.3895,0.588,0.6714,0.5802,0.5162,0.3181,0.4699,0.2584,0.5239,0.3049,0.207,0.1571,0.354,
1.0,0.9996,0.9676,0.9672,0.9704,0.9971,0.9959,0.9906,0.9843,0.9206,0.741,0.9325,0.9046,0.8465,0.8073,0.8548,0.6918,0.8332,0.9392,0.781,0.6138,0.9521,0.7197,0.6279,0.6085,0.6205,0.8587,0.5789,0.6167,0.7808,0.5006,0.5574,0.3939,0.6013,0.674,0.5792,0.526,0.3204,0.4849,0.2621,0.5224,0.3121,0.2133,0.167,0.3612,
1.0,0.9989,0.9664,0.9653,0.9674,0.9967,0.9942,0.989,0.9843,0.925,0.7371,0.9264,0.9061,0.8408,0.7994,0.8525,0.6846,0.8275,0.9421,0.7809,0.6157,0.9495,0.7197,0.6226,0.5996,0.6157,0.8558,0.5733,0.6148,0.7783,0.4994,0.5518,0.3829,0.5897,0.6737,0.5831,0.5241,0.3108,0.483,0.2606,0.5248,0.3099,0.1992,0.1661,0.3488,
1.0,0.9988,0.9719,0.9707,0.9673,0.9971,0.9949,0.9915,0.9868,0.9222,0.7316,0.9332,0.9076,0.8372,0.8,0.8559,0.6871,0.8248,0.9441,0.7819,0.6087,0.9537,0.7198,0.6234,0.6037,0.6103,0.8605,0.5743,0.6184,0.7811,0.5063,0.5582,0.389,0.5842,0.6834,0.5774,0.5326,0.3193,0.472,0.2622,0.5263,0.3007,0.2124,0.1655,0.347,
1.0,0.9989,0.968,0.9669,0.9682,0.9968,0.9945,0.9899,0.9858,0.9242,0.7379,0.9291,0.907,0.8419,0.8063,0.8547,0.6878,0.8293,0.9411,0.7814,0.6115,0.9491,0.7223,0.6238,0.602,0.6151,0.8557,0.5691,0.6179,0.7846,0.5044,0.5507,0.3813,0.5795,0.6666,0.5853,0.5235,0.3115,0.4734,0.2641,0.5096,0.3081,0.1974,0.1618,0.3451,
1.0,0.9992,0.9675,0.9667,0.9698,0.9978,0.9958,0.99,0.9844,0.9237,0.7366,0.9318,0.9079,0.8403,0.8012,0.8576,0.6847,0.8262,0.9411,0.7816,0.6139,0.9501,0.7259,0.6267,0.6098,0.6163,0.8585,0.573,0.6252,0.7847,0.5096,0.5565,0.3925,0.5854,0.6754,0.5844,0.5248,0.3233,0.4766,0.2624,0.5196,0.3174,0.2094,0.1677,0.3486,
1.0,0.9992,0.9706,0.9698,0.9663,0.9973,0.9949,0.9907,0.9868,0.9264,0.7372,0.9316,0.9113,0.8387,0.804,0.8599,0.6836,0.8253,0.9418,0.7778,0.6177,0.9557,0.7317,0.6268,0.6103,0.6159,0.8522,0.5634,0.6273,0.7794,0.5042,0.5549,0.3873,0.593,0.6969,0.5918,0.5206,0.3178,0.4778,0.2539,0.5263,0.3133,0.2141,0.1653,0.3543,
1.0,0.9995,0.9665,0.966,0.9707,0.9967,0.9954,0.9917,0.9865,0.9245,0.7351,0.9301,0.9071,0.8359,0.7984,0.8573,0.6844,0.8231,0.9404,0.7851,0.6071,0.9548,0.7205,0.6194,0.6025,0.607,0.8557,0.5653,0.6197,0.7847,0.5059,0.5468,0.3851,0.5883,0.6755,0.5851,0.524,0.3065,0.4822,0.2639,0.5272,0.315,0.2083,0.1638,0.36,
1.0,0.9987,0.9657,0.9644,0.9701,0.9984,0.9965,0.9906,0.9851,0.9247,0.7357,0.9285,0.9096,0.8384,0.8,0.8531,0.6873,0.8264,0.9451,0.7888,0.615,0.9527,0.7239,0.6217,0.6075,0.6161,0.8595,0.5716,0.6231,0.7873,0.5038,0.557,0.3891,0.5844,0.6752,0.587,0.519,0.315,0.4754,0.2584,0.5286,0.3107,0.1987,0.1653,0.3509,
1.0,0.9995,0.9686,0.9681,0.9722,0.9967,0.9954,0.9898,0.9843,0.9246,0.738,0.9332,0.9052,0.8387,0.7982,0.8591,0.6816,0.8247,0.9421,0.7838,0.6071,0.9488,0.7164,0.6233,0.6039,0.6148,0.8527,0.566,0.6204,0.7861,0.5145,0.5492,0.3894,0.5896,0.6716,0.575,0.5148,0.3188,0.4787,0.255,0.5244,0.3199,0.2063,0.1548,0.362,
1.0,0.999,0.9623,0.9613,0.9685,0.9967,0.9945,0.9913,0.986,0.9231,0.7344,0.925,0.9081,0.8378,0.799,0.8495,0.6781,0.8243,0.9376,0.7808,0.6111,0.9524,0.7257,0.6164,0.6008,0.606,0.8597,0.5609,0.6161,0.7789,0.503,0.5404,0.394,0.5881,0.6642,0.5818,0.5131,0.318,0.4876,0.2588,0.5169,0.3134,0.2103,0.1632,0.3535,
1.0,0.9989,0.9693,0.9682,0.9698,0.9972,0.9953,0.991,0.9857,0.9254,0.7381,0.933,0.9107,0.8383,0.8049,0.8598,0.687,0.8258,0.9407,0.7865,0.6118,0.9525,0.7251,0.6267,0.6115,0.6202,0.8538,0.5664,0.629,0.7865,0.5054,0.5524,0.3928,0.5924,0.6688,0.5788,0.5062,0.3137,0.4767,0.26,0.5227,0.3101,0.2086,0.158,0.3574,
1.0,0.9992,0.9714,0.9706,0.9694,0.9974,0.9956,0.9914,0.9859,0.9197,0.7329,0.9348,0.9045,0.8366,0.8017,0.8555,0.6874,0.823,0.9433,0.7829,0.6068,0.9548,0.717,0.6223,0.6051,0.6114,0.857,0.5656,0.6162,0.7813,0.5028,0.5515,0.384,0.5952,0.6835,0.5833,0.5281,0.3113,0.4834,0.2622,0.5274,0.3059,0.2064,0.1643,0.355,
1.0,0.9987,0.9677,0.9664,0.9709,0.998,0.9955,0.9893,0.983,0.9234,0.7295,0.9319,0.9071,0.835,0.7925,0.8569,0.6745,0.8214,0.9396,0.7815,0.6087,0.9531,0.722,0.6209,0.6072,0.6125,0.8545,0.5648,0.6145,0.7774,0.5063,0.5492,0.3979,0.5871,0.6662,0.5773,0.5149,0.3146,0.4813,0.2507,0.5175,0.3087,0.2046,0.167,0.3456,
1.0,0.9992,0.9684,0.9676,0.9714,0.9966,0.9949,0.99,0.9837,0.9262,0.7359,0.9327,0.9082,0.8386,0.7979,0.8599,0.677,0.8258,0.9348,0.7807,0.6078,0.954,0.7275,0.6222,0.6109,0.6105,0.8483,0.5548,0.6236,0.7808,0.5022,0.5417,0.3909,0.5879,0.666,0.5827,0.5095,0.3154,0.4818,0.2586,0.5182,0.3134,0.2108,0.1588,0.354,
1.0,0.9991,0.9666,0.9657,0.9686,0.9969,0.9951,0.99,0.9849,0.9243,0.7313,0.9286,0.908,0.833,0.7935,0.854,0.6764,0.8203,0.941,0.7822,0.6039,0.9532,0.7218,0.6154,0.6011,0.6044,0.8525,0.5615,0.6158,0.7771,0.5009,0.5451,0.3812,0.5839,0.6799,0.5868,0.5266,0.3086,0.476,0.2549,0.5269,0.3061,0.2076,0.168,0.3465,
1.0,0.9985,0.9717,0.9702,0.9679,0.9977,0.9945,0.9915,0.9872,0.9213,0.7305,0.9332,0.9077,0.8332,0.7955,0.8555,0.6846,0.8192,0.9416,0.7792,0.6046,0.9538,0.7205,0.6203,0.601,0.6036,0.862,0.5667,0.6237,0.7783,0.5029,0.5477,0.3915,0.5939,0.6784,0.5791,0.5269,0.3196,0.4803,0.2579,0.5319,0.3086,0.2112,0.1664,0.3497,
1.0,0.9989,0.9663,0.9652,0.9691,0.9983,0.9961,0.9885,0.9832,0.9184,0.732,0.9282,0.9008,0.8418,0.8001,0.8473,0.6845,0.8291,0.9393,0.7726,0.6094,0.9522,0.7173,0.6246,0.5996,0.6057,0.8528,0.5688,0.6183,0.7751,0.5106,0.5556,0.3945,0.5907,0.6746,0.5797,0.5268,0.3231,0.479,0.269,0.527,0.3183,0.2118,0.1682,0.3616,
1.0,0.9988,0.9691,0.9679,0.9709,0.9976,0.9951,0.9894,0.9841,0.9249,0.7388,0.934,0.909,0.8418,0.8024,0.8607,0.6872,0.8283,0.9369,0.7847,0.614,0.9532,0.728,0.6278,0.6132,0.6148,0.8577,0.5664,0.6279,0.7811,0.5007,0.5521,0.3918,0.5951,0.67,0.5822,0.5144,0.3093,0.4884,0.2662,0.5255,0.3145,0.2031,0.1647,0.3631,
1.0,0.9987,0.9714,0.9701,0.9714,0.9967,0.9939,0.9889,0.9832,0.9202,0.7334,0.9362,0.903,0.8402,0.8008,0.857,0.6886,0.8258,0.9361,0.7833,0.6083,0.9496,0.7205,0.626,0.6091,0.6118,0.8569,0.5667,0.6182,0.7783,0.5067,0.5516,0.3937,0.5929,0.6729,0.5759,0.5172,0.3219,0.4808,0.2623,0.5333,0.3109,0.2132,0.1649,0.3529,
1.0,0.9988,0.9687,0.9675,0.9706,0.9973,0.9946,0.991,0.986,0.9217,0.7311,0.9332,0.9067,0.8348,0.7972,0.8568,0.6786,0.8207,0.9354,0.7783,0.5964,0.9534,0.7161,0.6098,0.6014,0.6076,0.8552,0.5603,0.6128,0.7801,0.4983,0.5492,0.3873,0.5919,0.6742,0.5658,0.5169,0.3162,0.4839,0.2489,0.5313,0.2997,0.2023,0.168,0.3514,
1.0,0.9989,0.9693,0.9682,0.9695,0.9982,0.9965,0.9924,0.9872,0.9203,0.7331,0.9326,0.907,0.8369,0.8035,0.8541,0.6885,0.8242,0.9415,0.7818,0.6089,0.9547,0.7188,0.6234,0.6109,0.6146,0.8597,0.5664,0.6199,0.7829,0.5064,0.555,0.3999,0.5888,0.6758,0.5865,0.5202,0.3175,0.4774,0.2598,0.5245,0.311,0.2075,0.1668,0.3526,
1.0,0.9989,0.9695,0.9684,0.9671,0.9968,0.9947,0.9904,0.9839,0.9234,0.7382,0.9305,0.9068,0.8436,0.8042,0.8552,0.6874,0.8294,0.9367,0.7798,0.6137,0.9519,0.7226,0.623,0.6003,0.6121,0.8556,0.5689,0.6174,0.773,0.4994,0.5414,0.3894,0.5846,0.6699,0.5783,0.527,0.3167,0.4773,0.261,0.5255,0.3069,0.2069,0.1632,0.3508,
1.0,0.998,0.968,0.966,0.9714,0.9971,0.9944,0.9913,0.9849,0.9233,0.7375,0.932,0.9085,0.8394,0.8013,0.8557,0.685,0.8245,0.9384,0.7834,0.6039,0.9521,0.7175,0.6174,0.6002,0.6159,0.8582,0.563,0.614,0.783,0.5016,0.5521,0.3857,0.5817,0.671,0.5752,0.5142,0.3111,0.4766,0.2558,0.5274,0.3,0.2042,0.1541,0.3498,
1.0,0.999,0.9678,0.9668,0.9733,0.9965,0.9949,0.991,0.9855,0.9255,0.7311,0.9356,0.9102,0.8302,0.7931,0.8617,0.6775,0.8171,0.9423,0.7904,0.6031,0.9529,0.7208,0.6172,0.6094,0.6098,0.856,0.5619,0.6206,0.7863,0.5072,0.5396,0.3849,0.5828,0.6701,0.5862,0.5224,0.3027,0.4789,0.2566,0.5212,0.3099,0.2051,0.1625,0.3475,
1.0,0.9992,0.9674,0.9666,0.9691,0.9974,0.9956,0.9892,0.9844,0.9224,0.7408,0.9313,0.9066,0.8449,0.808,0.8545,0.6836,0.8331,0.9403,0.7803,0.6174,0.9509,0.7229,0.6292,0.6113,0.6194,0.8504,0.5695,0.6196,0.7811,0.5054,0.5569,0.3939,0.5934,0.6701,0.5809,0.5107,0.3226,0.4786,0.2637,0.519,0.3179,0.2057,0.1576,0.3506,
1.0,0.999,0.9669,0.9659,0.9717,0.9974,0.9954,0.9898,0.9837,0.9229,0.7367,0.9327,0.9072,0.8395,0.7977,0.8568,0.6806,0.8255,0.9402,0.7803,0.6094,0.9473,0.7163,0.623,0.5984,0.6134,0.8524,0.5691,0.618,0.7803,0.5032,0.5499,0.3843,0.5806,0.6703,0.573,0.5105,0.3173,0.472,0.2536,0.5177,0.3116,0.2034,0.1605,0.3415,
1.0,0.9991,0.9677,0.9668,0.9669,0.9967,0.9947,0.9911,0.9867,0.9211,0.7365,0.9279,0.9043,0.8435,0.8084,0.8503,0.6952,0.8314,0.9418,0.7837,0.6127,0.9495,0.7169,0.6225,0.6017,0.6122,0.8614,0.568,0.6184,0.7749,0.4978,0.5452,0.3826,0.5822,0.6661,0.5766,0.5203,0.3144,0.476,0.2623,0.5235,0.3074,0.203,0.1596,0.3581,
1.0,0.9988,0.9688,0.9676,0.9687,0.9971,0.995,0.9892,0.9836,0.9206,0.7295,0.9316,0.9037,0.8373,0.7995,0.8532,0.6863,0.8234,0.9408,0.7824,0.6042,0.9516,0.713,0.6204,0.5999,0.6111,0.8552,0.5676,0.6112,0.7725,0.4981,0.549,0.3818,0.589,0.676,0.5799,0.5215,0.306,0.4745,0.2542,0.5186,0.3063,0.2011,0.1635,0.3475,
1.0,0.9978,0.9678,0.9656,0.9702,0.9972,0.994,0.9876,0.9826,0.9318,0.7381,0.9314,0.9151,0.8364,0.7957,0.8647,0.6772,0.8226,0.9385,0.7891,0.6111,0.9501,0.7242,0.6155,0.6052,0.6142,0.8526,0.5635,0.6341,0.7875,0.5191,0.5533,0.3896,0.5971,0.6805,0.5868,0.5199,0.3156,0.4735,0.2696,0.5247,0.3208,0.2155,0.1608,0.3478,
1.0,0.999,0.9696,0.9686,0.9696,0.9977,0.9955,0.9898,0.9849,0.9243,0.7355,0.9331,0.9084,0.8388,0.8035,0.8586,0.6915,0.8261,0.9403,0.7902,0.6041,0.9512,0.7132,0.615,0.6064,0.6177,0.858,0.5741,0.6173,0.7833,0.5087,0.5535,0.3926,0.5944,0.6724,0.5777,0.5189,0.321,0.4773,0.2551,0.5223,0.3123,0.2071,0.1601,0.3555,
1.0,0.9988,0.9676,0.9664,0.9708,0.9973,0.9946,0.9895,0.9857,0.9211,0.7347,0.9311,0.9037,0.8404,0.8031,0.8527,0.6848,0.8283,0.9421,0.7792,0.608,0.9535,0.7204,0.6217,0.6049,0.6106,0.8523,0.5647,0.6143,0.7839,0.5075,0.5491,0.3891,0.591,0.6723,0.5754,0.5189,0.313,0.4749,0.2509,0.5135,0.3172,0.2073,0.1567,0.3553,
1.0,0.9986,0.9683,0.9669,0.9717,0.9973,0.9947,0.9877,0.9827,0.9215,0.7311,0.9334,0.9046,0.8373,0.7984,0.8569,0.6834,0.8226,0.9419,0.7862,0.6086,0.9479,0.7154,0.625,0.6108,0.6177,0.853,0.57,0.619,0.7811,0.5028,0.552,0.383,0.5857,0.6785,0.5831,0.5333,0.3131,0.4814,0.2645,0.5247,0.3046,0.2045,0.1702,0.3436,
1.0,0.9989,0.9724,0.9713,0.9708,0.9976,0.9952,0.9904,0.9857,0.9246,0.7392,0.9386,0.9107,0.8405,0.8076,0.8635,0.6915,0.8273,0.9408,0.7873,0.613,0.9514,0.7236,0.6275,0.6121,0.6179,0.8558,0.5698,0.632,0.7879,0.5101,0.5612,0.3903,0.5964,0.6838,0.5923,0.523,0.3184,0.4733,0.2651,0.5344,0.3151,0.2168,0.1648,0.3529,
1.0,0.9991,0.9684,0.9675,0.9666,0.9983,0.9967,0.9905,0.9852,0.9227,0.7365,0.9287,0.9075,0.8427,0.8036,0.852,0.6903,0.8303,0.9417,0.7797,0.615,0.953,0.7253,0.6257,0.6095,0.6164,0.8578,0.5723,0.6241,0.775,0.4903,0.5589,0.3896,0.5852,0.6786,0.5839,0.523,0.3135,0.4768,0.2671,0.5337,0.2978,0.1949,0.1674,0.3556,
1.0,0.9992,0.9698,0.969,0.9711,0.9971,0.9953,0.9903,0.9843,0.9226,0.7376,0.9342,0.9058,0.8387,0.7993,0.8578,0.686,0.8262,0.9436,0.7812,0.6172,0.9551,0.7283,0.6333,0.6098,0.6118,0.8541,0.5641,0.6207,0.7825,0.5151,0.5515,0.3926,0.5974,0.6777,0.5862,0.5248,0.3219,0.4808,0.2659,0.5243,0.3194,0.2096,0.1652,0.3612,
1.0,0.9991,0.9698,0.9689,0.9659,0.998,0.9955,0.9906,0.9863,0.9242,0.7337,0.9292,0.9083,0.8391,0.8024,0.855,0.6888,0.8264,0.9426,0.7812,0.6082,0.9488,0.7126,0.6197,0.5946,0.612,0.858,0.5676,0.6194,0.7774,0.5009,0.5558,0.388,0.5869,0.675,0.5712,0.5173,0.3133,0.4773,0.2657,0.5351,0.3007,0.2054,0.1584,0.3509,
1.0,0.9994,0.9699,0.9693,0.9705,0.9984,0.9969,0.9906,0.9851,0.9205,0.7344,0.9347,0.9053,0.8378,0.8003,0.8561,0.6866,0.8259,0.9404,0.7797,0.6052,0.9532,0.7161,0.6221,0.6066,0.6087,0.8568,0.564,0.6202,0.7805,0.4977,0.5525,0.386,0.5916,0.6775,0.575,0.5117,0.3123,0.4844,0.2579,0.533,0.314,0.2106,0.1573,0.3559,
1.0,0.9993,0.9695,0.9688,0.9704,0.9979,0.9964,0.9923,0.987,0.9227,0.745,0.9333,0.9082,0.8445,0.8076,0.8554,0.6941,0.8319,0.9427,0.7814,0.614,0.954,0.7173,0.6271,0.6084,0.6221,0.8556,0.572,0.6137,0.7786,0.5044,0.5533,0.3928,0.5864,0.6722,0.5812,0.5331,0.3231,0.4794,0.2628,0.5192,0.3102,0.2061,0.1694,0.3573,
1.0,0.9982,0.9681,0.9663,0.9706,0.9973,0.9947,0.9908,0.9868,0.9292,0.7423,0.9311,0.9138,0.8395,0.8046,0.8622,0.6897,0.8284,0.9431,0.7912,0.6182,0.9535,0.7332,0.6256,0.6116,0.6231,0.8592,0.573,0.6286,0.7918,0.5142,0.552,0.3947,0.5904,0.6732,0.5897,0.5151,0.3226,0.4802,0.2626,0.532,0.3158,0.2059,0.1675,0.3579,
1.0,0.9993,0.9674,0.9667,0.9645,0.9976,0.9961,0.9896,0.9851,0.9285,0.7364,0.926,0.9113,0.8389,0.7991,0.8557,0.6843,0.8274,0.9417,0.7836,0.6158,0.9524,0.7311,0.6178,0.6006,0.6066,0.8603,0.5678,0.6244,0.7824,0.5049,0.5497,0.3809,0.5886,0.6792,0.5886,0.5199,0.3138,0.4764,0.2597,0.5313,0.3111,0.2114,0.1611,0.354,
1.0,0.9988,0.9655,0.9643,0.9699,0.9972,0.9949,0.9892,0.9841,0.9175,0.7245,0.9286,0.9,0.8342,0.7977,0.8474,0.6803,0.8211,0.9446,0.7798,0.6084,0.9532,0.7189,0.625,0.6044,0.6063,0.853,0.5623,0.6148,0.7744,0.5005,0.5438,0.3923,0.5944,0.6729,0.5833,0.5169,0.3089,0.48,0.2517,0.5183,0.3066,0.1966,0.1609,0.3518,
1.0,0.9983,0.9702,0.9685,0.9692,0.9982,0.9956,0.9892,0.9841,0.922,0.7276,0.9304,0.9046,0.8325,0.7943,0.8529,0.681,0.8192,0.9445,0.7804,0.6058,0.9527,0.7194,0.6234,0.6031,0.6071,0.8532,0.5587,0.619,0.783,0.5061,0.5424,0.3908,0.5905,0.6806,0.5841,0.5199,0.3129,0.4747,0.2599,0.5214,0.312,0.204,0.163,0.3483,
1.0,0.9987,0.9673,0.966,0.9702,0.9983,0.9959,0.9901,0.9849,0.9251,0.7368,0.9315,0.9105,0.8394,0.7994,0.8587,0.6828,0.8274,0.9405,0.7832,0.6102,0.9576,0.7289,0.6208,0.6105,0.6158,0.8584,0.5701,0.623,0.7821,0.5004,0.5488,0.3862,0.5932,0.6735,0.5879,0.5206,0.3137,0.4873,0.2621,0.5285,0.3112,0.2076,0.169,0.3612,
1.0,0.9988,0.9677,0.9665,0.9713,0.9974,0.995,0.9882,0.9828,0.9248,0.7325,0.934,0.9086,0.835,0.7976,0.8612,0.6818,0.8214,0.9397,0.7897,0.6071,0.9483,0.7215,0.6172,0.6034,0.6144,0.8581,0.5685,0.6157,0.7899,0.5158,0.5477,0.3933,0.5796,0.6679,0.5753,0.514,0.3245,0.4759,0.2554,0.5195,0.3169,0.2082,0.1591,0.3479,
1.0,0.9982,0.9683,0.9665,0.9696,0.9971,0.9945,0.9888,0.9847,0.9268,0.7359,0.9308,0.9091,0.8384,0.7993,0.8587,0.68,0.8275,0.9403,0.7826,0.6077,0.9533,0.7216,0.6185,0.5982,0.6094,0.8475,0.5607,0.6161,0.7831,0.5093,0.5454,0.384,0.5787,0.6691,0.5783,0.5195,0.3159,0.4753,0.2553,0.5206,0.3128,0.2056,0.1657,0.3447,
1.0,0.9988,0.9661,0.9649,0.9708,0.9977,0.996,0.9913,0.985,0.9198,0.7317,0.9293,0.9041,0.8383,0.7991,0.8507,0.6815,0.8247,0.9392,0.7792,0.6053,0.9535,0.7139,0.6198,0.5975,0.6062,0.8529,0.5594,0.6143,0.7773,0.5044,0.5445,0.3851,0.5826,0.6724,0.5722,0.506,0.3144,0.4733,0.2463,0.5241,0.2988,0.2041,0.1549,0.3453,
1.0,0.9988,0.9677,0.9665,0.9669,0.9971,0.9945,0.9904,0.9861,0.9285,0.7326,0.9296,0.914,0.8338,0.7978,0.8584,0.6863,0.8212,0.9433,0.7898,0.6125,0.9541,0.7366,0.6187,0.6139,0.6124,0.864,0.569,0.6338,0.7857,0.51,0.5535,0.394,0.5987,0.6764,0.5931,0.5254,0.3179,0.4877,0.271,0.5275,0.3136,0.2079,0.1643,0.3571,
1.0,0.9987,0.968,0.9667,0.9682,0.9968,0.9947,0.9914,0.9858,0.9262,0.7382,0.9294,0.9105,0.8398,0.8029,0.8573,0.6892,0.8259,0.9371,0.7868,0.6157,0.9526,0.726,0.6231,0.6049,0.6142,0.8583,0.5629,0.624,0.7792,0.4997,0.5459,0.387,0.5834,0.6704,0.5825,0.5185,0.3139,0.4722,0.2668,0.5274,0.2999,0.2052,0.1666,0.3483,
1.0,0.9991,0.9696,0.9687,0.9692,0.9973,0.9957,0.991,0.9843,0.9231,0.729,0.933,0.9083,0.8337,0.7943,0.8575,0.6795,0.8196,0.9395,0.7808,0.6037,0.9548,0.7229,0.6163,0.6072,0.6038,0.8599,0.5614,0.6173,0.7819,0.5022,0.5453,0.3897,0.595,0.6754,0.5817,0.5193,0.3129,0.4783,0.2518,0.5169,0.3159,0.2098,0.157,0.3455,
1.0,0.9992,0.9708,0.97,0.9666,0.9982,0.9966,0.9912,0.9865,0.9183,0.7281,0.9317,0.9038,0.8372,0.8006,0.8513,0.6915,0.8253,0.9412,0.7796,0.6026,0.9536,0.7146,0.6189,0.6018,0.607,0.864,0.5748,0.6165,0.7785,0.4964,0.5568,0.3922,0.5976,0.6834,0.5795,0.5283,0.3127,0.486,0.2567,0.5355,0.3127,0.2031,0.1622,0.3538,
1.0,0.9986,0.967,0.9656,0.9659,0.9977,0.9957,0.9914,0.9855,0.924,0.7313,0.9262,0.9096,0.8346,0.7974,0.851,0.6854,0.8218,0.9389,0.7845,0.604,0.9547,0.7188,0.6099,0.6026,0.61,0.8602,0.5677,0.6193,0.7789,0.4984,0.5441,0.3884,0.595,0.675,0.5784,0.5256,0.3056,0.4789,0.2622,0.5216,0.3142,0.201,0.1635,0.3533,
1.0,0.9986,0.968,0.9666,0.9711,0.9976,0.9953,0.9903,0.9838,0.9198,0.7418,0.9323,0.9037,0.8495,0.81,0.8537,0.6942,0.835,0.9347,0.7806,0.6097,0.9517,0.7155,0.6277,0.6068,0.6151,0.8552,0.5731,0.6202,0.7838,0.5015,0.5601,0.3827,0.5884,0.669,0.569,0.5048,0.3168,0.4764,0.2581,0.5243,0.3124,0.2062,0.1575,0.3626,
1.0,0.9986,0.9686,0.9672,0.967,0.9963,0.9935,0.9903,0.9852,0.9233,0.732,0.9284,0.9063,0.8402,0.8,0.8536,0.6775,0.8264,0.9404,0.7727,0.6085,0.9496,0.7149,0.6214,0.5943,0.6109,0.8469,0.5683,0.6198,0.7718,0.4917,0.5558,0.382,0.5867,0.6766,0.5776,0.5205,0.3156,0.4693,0.2622,0.5233,0.2914,0.2005,0.1679,0.3465,
1.0,0.9991,0.9675,0.9666,0.9701,0.9981,0.9962,0.9904,0.9855,0.9272,0.7403,0.9304,0.9111,0.839,0.8011,0.8593,0.6808,0.8274,0.9432,0.7846,0.6171,0.9541,0.7293,0.6282,0.6034,0.6169,0.8544,0.5641,0.6252,0.791,0.5174,0.5511,0.393,0.5939,0.6775,0.5826,0.5235,0.3198,0.4731,0.2597,0.5185,0.3206,0.2101,0.1662,0.3585,
1.0,0.9989,0.9696,0.9685,0.9706,0.9975,0.9958,0.9905,0.9853,0.9257,0.7343,0.9341,0.91,0.8363,0.8,0.8611,0.6839,0.8238,0.9412,0.787,0.6107,0.9547,0.7259,0.621,0.6092,0.6156,0.8577,0.5706,0.6219,0.7868,0.5092,0.553,0.3888,0.5923,0.686,0.5846,0.5199,0.3123,0.4825,0.2562,0.5266,0.313,0.2131,0.162,0.3594,
1.0,0.9988,0.9699,0.9687,0.9697,0.9965,0.9943,0.9902,0.9828,0.9242,0.738,0.9329,0.9073,0.8432,0.8053,0.8578,0.6908,0.829,0.9412,0.7848,0.6142,0.9531,0.7263,0.6262,0.608,0.6237,0.8549,0.5755,0.6219,0.7911,0.5133,0.5636,0.3957,0.6009,0.6835,0.5792,0.5204,0.3296,0.4841,0.2616,0.5264,0.3204,0.2107,0.1611,0.3617,
1.0,0.9986,0.966,0.9646,0.9708,0.9972,0.9945,0.9893,0.9845,0.9204,0.7354,0.9308,0.9048,0.8416,0.8041,0.8526,0.6862,0.828,0.9393,0.7799,0.6106,0.9498,0.7193,0.6252,0.6044,0.6088,0.8542,0.5648,0.6199,0.7785,0.4954,0.5456,0.3824,0.5884,0.6733,0.5802,0.5135,0.3121,0.4851,0.2625,0.5278,0.3082,0.2067,0.1635,0.3574,
1.0,0.9988,0.9663,0.9651,0.9721,0.998,0.996,0.9917,0.9857,0.9232,0.7396,0.9309,0.9076,0.8405,0.8026,0.8553,0.6867,0.8273,0.9378,0.784,0.603,0.9546,0.716,0.6151,0.6119,0.6219,0.8589,0.5701,0.6169,0.7817,0.5078,0.5536,0.3964,0.5968,0.6764,0.5793,0.523,0.3218,0.4843,0.258,0.5299,0.3148,0.2122,0.1662,0.36,
1.0,0.9988,0.9683,0.9671,0.9671,0.9982,0.9959,0.9894,0.9833,0.9145,0.7253,0.9289,0.8986,0.8388,0.799,0.8451,0.6834,0.8243,0.9405,0.7739,0.6007,0.9494,0.7076,0.6193,0.5939,0.6012,0.8566,0.5648,0.6117,0.7687,0.4932,0.552,0.3806,0.5915,0.6772,0.5699,0.5143,0.3124,0.4747,0.2534,0.5249,0.2952,0.2074,0.1557,0.35,
1.0,0.9981,0.968,0.9661,0.9671,0.9972,0.9944,0.9889,0.9832,0.9251,0.7278,0.9276,0.9076,0.8327,0.7909,0.8545,0.6737,0.8194,0.9389,0.7792,0.6072,0.9499,0.7213,0.6145,0.6016,0.603,0.8555,0.5583,0.6169,0.7822,0.4994,0.5434,0.3816,0.5899,0.6709,0.5762,0.5174,0.3158,0.4762,0.2557,0.522,0.3077,0.2048,0.163,0.3471,
1.0,0.9991,0.9668,0.9659,0.9703,0.9978,0.9961,0.9903,0.9841,0.9242,0.7342,0.9313,0.9087,0.8391,0.8002,0.8578,0.6862,0.826,0.9408,0.7886,0.6121,0.9499,0.7213,0.6247,0.5991,0.6117,0.8634,0.5677,0.6228,0.7829,0.5031,0.552,0.3827,0.5799,0.6714,0.5765,0.52,0.3055,0.4812,0.2666,0.5295,0.2987,0.2062,0.1575,0.3448,
1.0,0.9992,0.9681,0.9673,0.9671,0.9969,0.9954,0.9919,0.9851,0.9259,0.7366,0.9285,0.9097,0.8392,0.8002,0.855,0.6885,0.8255,0.9384,0.7855,0.608,0.9546,0.7199,0.6173,0.5951,0.6072,0.8594,0.5682,0.6184,0.7805,0.5085,0.5488,0.3812,0.589,0.6749,0.5789,0.5206,0.3168,0.4751,0.2588,0.5271,0.3096,0.2058,0.1591,0.3529,
1.0,0.9995,0.9682,0.9677,0.9707,0.9973,0.9962,0.9914,0.9855,0.922,0.7411,0.9332,0.9064,0.8466,0.808,0.8556,0.69,0.8333,0.9415,0.7783,0.6083,0.9534,0.7175,0.6235,0.6073,0.6189,0.8513,0.5787,0.6169,0.785,0.5039,0.5633,0.382,0.5817,0.6782,0.5776,0.5228,0.3245,0.4724,0.2603,0.5239,0.3033,0.2121,0.167,0.3556,
1.0,0.9986,0.9638,0.9624,0.9707,0.9969,0.9948,0.9895,0.9849,0.9276,0.7407,0.9274,0.9107,0.8391,0.8001,0.8576,0.6785,0.8279,0.9415,0.787,0.6107,0.953,0.721,0.6159,0.5997,0.6162,0.8514,0.5618,0.6143,0.7807,0.5038,0.5452,0.3783,0.5893,0.6748,0.5866,0.5264,0.3071,0.4769,0.2618,0.5221,0.3076,0.2086,0.1618,0.3586,
1.0,0.9987,0.9694,0.9681,0.9701,0.9968,0.9944,0.9896,0.9845,0.9221,0.7352,0.9325,0.9054,0.8373,0.798,0.8557,0.6833,0.8224,0.9395,0.7781,0.6073,0.9496,0.7192,0.6235,0.6012,0.6085,0.8535,0.5636,0.6122,0.7802,0.4997,0.5465,0.386,0.583,0.6706,0.5777,0.5189,0.3118,0.4771,0.2501,0.5252,0.3025,0.2028,0.1651,0.3477,
1.0,0.9987,0.9677,0.9664,0.9683,0.9973,0.9949,0.9899,0.9835,0.9208,0.7237,0.9293,0.9041,0.8309,0.7905,0.8516,0.6756,0.8151,0.9379,0.7794,0.6,0.9492,0.7178,0.6126,0.5981,0.5956,0.8575,0.5533,0.6116,0.7767,0.5117,0.5315,0.3889,0.5827,0.6628,0.5778,0.5251,0.323,0.4778,0.2557,0.5172,0.3177,0.2069,0.162,0.347,
1.0,0.9993,0.9657,0.965,0.9703,0.9978,0.9964,0.9902,0.9839,0.9228,0.733,0.9302,0.9075,0.838,0.7999,0.8544,0.6821,0.8237,0.9405,0.7826,0.6101,0.9513,0.7221,0.6229,0.6063,0.6101,0.8542,0.5653,0.6257,0.7791,0.496,0.549,0.3814,0.5869,0.6751,0.5869,0.5239,0.3052,0.4785,0.2613,0.5193,0.3087,0.2042,0.1584,0.3501,
1.0,0.9992,0.9676,0.9668,0.9704,0.9977,0.9958,0.9905,0.9846,0.9261,0.7411,0.9322,0.9108,0.8409,0.8003,0.8596,0.681,0.8276,0.9409,0.7814,0.6146,0.9529,0.725,0.6248,0.6093,0.6199,0.8545,0.571,0.6238,0.7836,0.5111,0.5534,0.3909,0.589,0.6698,0.5855,0.5235,0.3184,0.477,0.2624,0.5222,0.3146,0.2096,0.1692,0.3538,
1.0,0.999,0.9697,0.9687,0.9691,0.9962,0.9944,0.99,0.9837,0.9262,0.7376,0.9317,0.9075,0.8407,0.7998,0.8574,0.6847,0.8272,0.9418,0.782,0.6152,0.9514,0.7247,0.6254,0.5999,0.6109,0.8517,0.5665,0.6186,0.7854,0.5072,0.5493,0.384,0.5866,0.6709,0.5796,0.516,0.3117,0.473,0.2569,0.5236,0.3114,0.2014,0.1621,0.3462,
1.0,0.9986,0.9679,0.9665,0.9711,0.9976,0.9953,0.9915,0.9867,0.9251,0.7446,0.9309,0.9091,0.8431,0.8047,0.8572,0.6912,0.8318,0.9442,0.7868,0.6137,0.9561,0.7221,0.6258,0.6067,0.6204,0.8605,0.5753,0.6214,0.7862,0.505,0.5525,0.3933,0.5982,0.6749,0.5854,0.5256,0.3191,0.483,0.2649,0.5258,0.3137,0.2068,0.1656,0.3678,
1.0,0.9992,0.9662,0.9654,0.9721,0.9975,0.9959,0.9907,0.986,0.9258,0.7358,0.9312,0.909,0.8355,0.7988,0.8587,0.6853,0.8234,0.9425,0.7887,0.6107,0.953,0.7234,0.623,0.6084,0.613,0.8585,0.5646,0.6209,0.79,0.5179,0.5485,0.3954,0.5959,0.6739,0.5884,0.5206,0.3212,0.4825,0.2607,0.5244,0.3216,0.212,0.1679,0.3613,
1.0,0.9985,0.9668,0.9653,0.9704,0.9969,0.9946,0.9898,0.9838,0.9298,0.7366,0.9303,0.9125,0.835,0.7966,0.8606,0.6768,0.822,0.9402,0.7869,0.6147,0.9529,0.7305,0.6211,0.6077,0.6186,0.854,0.5614,0.6274,0.785,0.4982,0.5516,0.3925,0.5932,0.6721,0.5853,0.5167,0.3073,0.4766,0.2638,0.5195,0.3102,0.2025,0.1652,0.3557,
1.0,0.9991,0.9657,0.9648,0.971,0.9972,0.9951,0.9899,0.9859,0.9239,0.7382,0.9299,0.9061,0.8393,0.8017,0.8539,0.6804,0.8277,0.9434,0.7803,0.6111,0.9517,0.7211,0.624,0.6048,0.6144,0.8507,0.5639,0.6175,0.7833,0.5031,0.5472,0.3814,0.5857,0.6685,0.581,0.5167,0.3162,0.4785,0.2511,0.5187,0.3074,0.205,0.161,0.3575,
1.0,0.9985,0.9633,0.9618,0.9717,0.9974,0.9954,0.9901,0.984,0.9218,0.7352,0.9295,0.9076,0.8365,0.7985,0.8523,0.6767,0.8237,0.9422,0.7822,0.6096,0.9518,0.7213,0.6179,0.5991,0.6138,0.8592,0.5624,0.6154,0.7822,0.5013,0.5402,0.3904,0.5869,0.6724,0.5817,0.5242,0.3113,0.4821,0.2592,0.5226,0.313,0.2038,0.1643,0.3533,
1.0,0.9983,0.9684,0.9667,0.9727,0.9969,0.9936,0.9908,0.9856,0.9213,0.7397,0.9351,0.9067,0.8422,0.8054,0.8576,0.6942,0.8283,0.9369,0.7905,0.6108,0.9518,0.7237,0.626,0.612,0.6166,0.8677,0.5768,0.6168,0.7896,0.5078,0.5474,0.3975,0.5896,0.6698,0.576,0.522,0.3209,0.4819,0.2639,0.5219,0.3186,0.2091,0.1659,0.3546,
1.0,0.999,0.9653,0.9643,0.9698,0.9968,0.9949,0.991,0.9853,0.9226,0.7415,0.9273,0.905,0.8442,0.8052,0.8513,0.6864,0.8306,0.9448,0.778,0.611,0.9534,0.7149,0.6241,0.5934,0.6222,0.8528,0.5731,0.6042,0.7776,0.506,0.5587,0.383,0.5798,0.6837,0.5765,0.5227,0.3178,0.4704,0.2493,0.5238,0.3072,0.2098,0.1586,0.3493,
1.0,0.9988,0.9682,0.967,0.9728,0.9977,0.9954,0.9907,0.9846,0.9214,0.7416,0.934,0.9062,0.8445,0.8054,0.857,0.6927,0.8308,0.9428,0.7863,0.6166,0.9537,0.7209,0.6322,0.6088,0.6211,0.8591,0.5756,0.6198,0.7829,0.501,0.5576,0.3847,0.5873,0.6746,0.5801,0.5183,0.322,0.4765,0.2601,0.534,0.3102,0.2016,0.1628,0.3596,
1.0,0.9985,0.9709,0.9694,0.9704,0.9979,0.9955,0.9896,0.9848,0.922,0.7273,0.9344,0.9064,0.8302,0.7955,0.8564,0.6745,0.8177,0.9398,0.7815,0.6077,0.9512,0.7251,0.6214,0.6119,0.6098,0.8494,0.5548,0.6279,0.7831,0.5085,0.5415,0.3957,0.5928,0.6775,0.5848,0.5182,0.3083,0.4762,0.2588,0.5158,0.3162,0.2098,0.1707,0.3507,
1.0,0.9993,0.9679,0.9672,0.9692,0.9975,0.9954,0.99,0.9856,0.9226,0.7375,0.9318,0.9077,0.8431,0.8073,0.8559,0.6925,0.831,0.9442,0.7838,0.6134,0.9542,0.7205,0.6259,0.6022,0.6174,0.8582,0.5711,0.6195,0.781,0.504,0.556,0.3805,0.5893,0.6833,0.5842,0.5223,0.3179,0.4868,0.2565,0.5322,0.3126,0.2093,0.1532,0.3541,
1.0,0.9989,0.969,0.9679,0.969,0.9978,0.9962,0.9913,0.9846,0.9246,0.735,0.9309,0.9089,0.8393,0.8014,0.8566,0.6931,0.8247,0.9406,0.7889,0.6164,0.9543,0.7295,0.6285,0.6121,0.6151,0.8624,0.574,0.6261,0.7844,0.5117,0.5562,0.3965,0.5903,0.6807,0.5937,0.5269,0.3233,0.484,0.2667,0.5269,0.3195,0.2152,0.1736,0.359,
1.0,0.9989,0.9633,0.9622,0.968,0.9983,0.9966,0.9919,0.9855,0.9233,0.7328,0.9243,0.9089,0.8372,0.798,0.8491,0.6834,0.8235,0.9416,0.7805,0.6136,0.9535,0.7219,0.622,0.6065,0.6141,0.8603,0.5698,0.6177,0.7813,0.4998,0.5519,0.389,0.5849,0.6726,0.5914,0.522,0.3172,0.4818,0.2587,0.524,0.3136,0.2065,0.1668,0.3531,
1.0,0.9989,0.9682,0.9671,0.9703,0.9969,0.9946,0.9897,0.9848,0.9249,0.741,0.9319,0.9076,0.8443,0.8063,0.857,0.6931,0.8311,0.9369,0.7865,0.6158,0.9508,0.7245,0.6277,0.6078,0.6147,0.8569,0.5694,0.6244,0.7825,0.5059,0.5524,0.3832,0.5876,0.6733,0.5901,0.5295,0.314,0.4834,0.2684,0.5353,0.3126,0.2092,0.1647,0.3521,
1.0,0.999,0.9671,0.9661,0.9701,0.9976,0.9957,0.989,0.9842,0.9246,0.725,0.9315,0.9081,0.8269,0.7871,0.8553,0.6723,0.8154,0.9452,0.7842,0.6028,0.9514,0.7205,0.6116,0.5974,0.6018,0.8565,0.5533,0.609,0.7789,0.5123,0.5378,0.3936,0.5909,0.6769,0.5779,0.5194,0.3108,0.4784,0.2453,0.5242,0.3143,0.2086,0.1596,0.3521,
1.0,0.999,0.9675,0.9665,0.9695,0.9966,0.9947,0.9912,0.9846,0.9238,0.7404,0.9309,0.9078,0.8432,0.804,0.856,0.6856,0.8289,0.9391,0.7818,0.6185,0.9544,0.7247,0.6285,0.6042,0.6131,0.854,0.563,0.6192,0.7746,0.4929,0.5454,0.3805,0.5849,0.668,0.5852,0.5183,0.3018,0.47,0.2647,0.519,0.3013,0.2006,0.1556,0.3488,
1.0,0.9984,0.9689,0.9673,0.9705,0.9971,0.9948,0.9892,0.9835,0.9243,0.7342,0.9316,0.9069,0.8365,0.795,0.8572,0.6811,0.8224,0.9364,0.7828,0.6082,0.9509,0.724,0.6239,0.6079,0.6099,0.8578,0.559,0.6216,0.7837,0.5068,0.5491,0.3952,0.5973,0.6778,0.584,0.5174,0.307,0.4891,0.2582,0.5301,0.313,0.2173,0.1596,0.3582,
1.0,0.9988,0.9695,0.9683,0.9683,0.9973,0.9946,0.9883,0.9838,0.9222,0.7314,0.9313,0.9049,0.838,0.7975,0.854,0.6827,0.8252,0.9414,0.7803,0.6055,0.9529,0.7178,0.6189,0.6041,0.6064,0.8532,0.5673,0.6173,0.7748,0.4959,0.5477,0.3827,0.6001,0.6828,0.5892,0.5288,0.311,0.492,0.2625,0.5275,0.3152,0.2035,0.1673,0.355,
1.0,0.9985,0.9693,0.9678,0.9721,0.9975,0.9947,0.9904,0.9851,0.9255,0.7442,0.9345,0.9102,0.8435,0.8072,0.8611,0.6919,0.8309,0.9415,0.7886,0.6207,0.9528,0.7257,0.6328,0.6125,0.6244,0.8564,0.5768,0.6284,0.7847,0.5049,0.5585,0.3921,0.5887,0.6724,0.584,0.508,0.3158,0.4744,0.262,0.5228,0.3136,0.2022,0.164,0.3594,
1.0,0.9985,0.9702,0.9687,0.9698,0.9965,0.9938,0.9902,0.985,0.9308,0.7458,0.934,0.9153,0.8429,0.8068,0.8657,0.6924,0.8299,0.9408,0.7935,0.6168,0.9565,0.7329,0.6249,0.6165,0.6209,0.8614,0.5757,0.6325,0.7928,0.5136,0.554,0.3932,0.6081,0.6715,0.5926,0.5174,0.3197,0.4899,0.2668,0.5228,0.3243,0.2102,0.1601,0.3705,
1.0,0.9989,0.9679,0.9668,0.9672,0.9973,0.9954,0.9906,0.9853,0.926,0.7343,0.9281,0.9096,0.8374,0.7985,0.8552,0.6818,0.8234,0.9364,0.7819,0.6145,0.9487,0.7238,0.622,0.6032,0.6047,0.8529,0.559,0.63,0.7835,0.5094,0.5484,0.398,0.588,0.6734,0.5868,0.5129,0.3207,0.4679,0.2648,0.5273,0.3148,0.2187,0.1647,0.3512,
1.0,0.9989,0.9708,0.9697,0.9682,0.997,0.995,0.9899,0.9845,0.9185,0.7297,0.9342,0.9034,0.838,0.7994,0.8543,0.6817,0.825,0.94,0.7749,0.6047,0.9513,0.7158,0.6201,0.6027,0.6043,0.8524,0.5614,0.6182,0.7742,0.4881,0.5472,0.3776,0.5896,0.6755,0.5744,0.5151,0.3028,0.4752,0.2528,0.5244,0.298,0.1959,0.1548,0.3511,
1.0,0.9989,0.9673,0.9662,0.9683,0.9975,0.995,0.99,0.9839,0.9239,0.7383,0.9296,0.9087,0.8446,0.807,0.8547,0.6915,0.8304,0.9411,0.7865,0.6174,0.9557,0.7236,0.6261,0.6078,0.6213,0.857,0.577,0.6199,0.7798,0.5067,0.5518,0.3806,0.5819,0.6667,0.5836,0.5184,0.3197,0.4819,0.2608,0.5201,0.3074,0.1955,0.155,0.3541,
1.0,0.9987,0.9679,0.9666,0.966,0.9975,0.9947,0.9901,0.9837,0.9198,0.7323,0.9272,0.9035,0.8436,0.8069,0.8485,0.6918,0.8278,0.9363,0.7775,0.6114,0.9514,0.7182,0.6239,0.6039,0.6136,0.8548,0.5725,0.615,0.7767,0.4984,0.5576,0.3857,0.5862,0.6741,0.582,0.5178,0.3159,0.4776,0.2637,0.5286,0.307,0.206,0.1655,0.3509,
1.0,0.9989,0.9671,0.966,0.9701,0.997,0.995,0.9895,0.9834,0.926,0.7294,0.9317,0.9103,0.8328,0.7955,0.8593,0.6799,0.8169,0.934,0.791,0.6059,0.9473,0.7277,0.6162,0.6092,0.606,0.8615,0.5577,0.6285,0.7821,0.5016,0.538,0.39,0.5857,0.6714,0.5853,0.5242,0.3062,0.4805,0.2669,0.5319,0.3134,0.2048,0.1673,0.3592,
1.0,0.9984,0.9686,0.967,0.9663,0.9979,0.9953,0.9903,0.9841,0.924,0.7299,0.9296,0.9104,0.8347,0.7992,0.8557,0.6797,0.8215,0.9425,0.781,0.6084,0.9507,0.7204,0.6184,0.5952,0.6078,0.8566,0.556,0.6248,0.7805,0.494,0.5451,0.3785,0.5913,0.6693,0.5824,0.5137,0.3068,0.4791,0.2566,0.5278,0.3041,0.2033,0.1602,0.3551,
1.0,0.9985,0.97,0.9685,0.9701,0.9969,0.9949,0.9906,0.9857,0.9267,0.7349,0.9336,0.9109,0.8354,0.799,0.8611,0.682,0.8237,0.9438,0.7859,0.6155,0.9536,0.7317,0.6237,0.6054,0.6066,0.8586,0.5601,0.6265,0.7912,0.5134,0.5479,0.3886,0.6002,0.6816,0.5903,0.5217,0.3127,0.4785,0.2566,0.5282,0.3164,0.2103,0.1637,0.3538,
1.0,0.9991,0.9696,0.9687,0.9711,0.9976,0.9959,0.9906,0.9848,0.9233,0.735,0.9344,0.9077,0.837,0.8017,0.8585,0.6858,0.824,0.947,0.7847,0.6127,0.9546,0.7219,0.631,0.6088,0.6207,0.8572,0.5729,0.6188,0.7872,0.5071,0.5585,0.3834,0.5926,0.6829,0.5881,0.5276,0.3106,0.4773,0.26,0.526,0.3052,0.2103,0.1634,0.3504,
1.0,0.9992,0.9688,0.968,0.9707,0.9982,0.9967,0.9922,0.9876,0.9207,0.734,0.9335,0.9065,0.8355,0.7984,0.8561,0.6854,0.8234,0.9376,0.7828,0.6028,0.9561,0.7231,0.6202,0.6104,0.6057,0.8618,0.5652,0.621,0.7808,0.5025,0.5493,0.3977,0.5932,0.6735,0.5761,0.5146,0.3183,0.4747,0.2577,0.5202,0.3095,0.2015,0.1633,0.3589,
1.0,0.9993,0.9685,0.9678,0.9675,0.998,0.9961,0.9909,0.9855,0.9215,0.7344,0.9306,0.9065,0.8413,0.8027,0.8535,0.6854,0.8285,0.9393,0.7766,0.6096,0.9513,0.7176,0.6239,0.6023,0.6128,0.8523,0.5683,0.6253,0.7739,0.4977,0.5577,0.3887,0.589,0.6707,0.575,0.5126,0.3178,0.474,0.2606,0.528,0.3025,0.2022,0.1601,0.3512,
1.0,0.999,0.9686,0.9676,0.9722,0.998,0.996,0.9903,0.9843,0.9274,0.7396,0.9351,0.9122,0.8384,0.8008,0.8631,0.6892,0.8233,0.9427,0.7941,0.6147,0.9516,0.7278,0.625,0.6067,0.621,0.8621,0.5713,0.6213,0.7903,0.5211,0.5507,0.3956,0.5891,0.6773,0.5876,0.5292,0.3204,0.4792,0.2675,0.5289,0.3233,0.2127,0.1686,0.3568,
1.0,0.9985,0.9662,0.9647,0.9715,0.997,0.9943,0.9891,0.984,0.9178,0.7306,0.9323,0.9022,0.8353,0.7954,0.8518,0.676,0.8219,0.9418,0.7771,0.6103,0.9483,0.7156,0.6243,0.6038,0.6102,0.8547,0.5652,0.6166,0.7698,0.4932,0.5481,0.3914,0.5876,0.6781,0.5781,0.5223,0.3222,0.4793,0.2595,0.5283,0.3038,0.2074,0.1692,0.3569,
1.0,0.9987,0.9671,0.9658,0.9666,0.9971,0.9952,0.9894,0.9844,0.9267,0.7382,0.9269,0.9095,0.8401,0.8014,0.8546,0.6836,0.8294,0.9372,0.7813,0.6175,0.9536,0.7384,0.623,0.613,0.613,0.8598,0.5645,0.6225,0.7825,0.4967,0.5452,0.3925,0.5866,0.666,0.5835,0.5197,0.3106,0.4769,0.267,0.5125,0.3095,0.2011,0.1633,0.3508,
1.0,0.9992,0.9669,0.9661,0.9673,0.9976,0.9958,0.9913,0.9881,0.9277,0.7428,0.9286,0.9139,0.8412,0.8053,0.8562,0.689,0.8297,0.9418,0.7835,0.6134,0.9557,0.7278,0.618,0.6045,0.6162,0.8588,0.5677,0.6242,0.7866,0.5125,0.5567,0.3887,0.5956,0.6839,0.5862,0.5199,0.3243,0.4813,0.2683,0.5228,0.3212,0.2178,0.1621,0.3607,
1.0,0.9991,0.9637,0.9628,0.9699,0.9961,0.9941,0.9913,0.9863,0.9204,0.7391,0.927,0.9039,0.8414,0.8054,0.8496,0.6825,0.83,0.946,0.778,0.6084,0.9564,0.7131,0.6169,0.5933,0.6199,0.8496,0.5726,0.6055,0.7791,0.5135,0.5537,0.3787,0.5857,0.6723,0.5775,0.5211,0.3216,0.4765,0.2546,0.5175,0.3132,0.2011,0.1575,0.3577,
1.0,0.9994,0.9699,0.9693,0.9686,0.9978,0.9966,0.9914,0.9862,0.9269,0.7353,0.9336,0.9122,0.8364,0.8006,0.8609,0.688,0.8244,0.941,0.7875,0.6118,0.9533,0.7304,0.6234,0.6076,0.608,0.8604,0.562,0.6274,0.7888,0.5154,0.5492,0.3934,0.5976,0.6779,0.5905,0.5266,0.3179,0.4833,0.2645,0.53,0.3235,0.2124,0.1635,0.3596,
1.0,0.9981,0.9658,0.9639,0.9696,0.9981,0.9952,0.9899,0.9834,0.9246,0.7389,0.9284,0.9099,0.8429,0.8016,0.855,0.6849,0.8281,0.9396,0.7838,0.6185,0.9528,0.7259,0.6274,0.6089,0.6144,0.8604,0.5731,0.627,0.7804,0.5049,0.5511,0.3957,0.59,0.6738,0.5858,0.5164,0.3258,0.4763,0.2638,0.5225,0.3145,0.2072,0.1641,0.3527,
1.0,0.9986,0.9679,0.9665,0.97,0.9974,0.9949,0.9892,0.9854,0.9218,0.742,0.931,0.9041,0.8448,0.8046,0.8535,0.6902,0.8336,0.943,0.7785,0.6114,0.9534,0.7193,0.6248,0.6074,0.6238,0.8563,0.5763,0.6133,0.7788,0.5022,0.5623,0.3862,0.591,0.6821,0.5777,0.5155,0.3155,0.4772,0.2554,0.5288,0.3125,0.2076,0.1633,0.358,
1.0,0.999,0.9677,0.9667,0.9697,0.9976,0.9956,0.9904,0.9852,0.9202,0.7354,0.9321,0.9053,0.8394,0.8019,0.853,0.6882,0.8267,0.9416,0.7832,0.6126,0.9522,0.7197,0.6241,0.6069,0.6166,0.8613,0.577,0.6144,0.7815,0.5015,0.5589,0.3864,0.5937,0.6766,0.5802,0.5235,0.3209,0.4841,0.262,0.5332,0.3097,0.2039,0.1622,0.3565,
1.0,0.9991,0.969,0.9681,0.9706,0.9967,0.9953,0.9903,0.9847,0.9208,0.728,0.9332,0.9044,0.8316,0.7937,0.8556,0.678,0.8192,0.9401,0.7809,0.597,0.9521,0.7162,0.615,0.6058,0.6054,0.8545,0.5587,0.6139,0.7781,0.4994,0.5448,0.3866,0.5944,0.6774,0.5728,0.5156,0.3119,0.482,0.2538,0.5197,0.3066,0.2057,0.1591,0.3525,
1.0,0.9987,0.9657,0.9644,0.9673,0.9974,0.9946,0.9888,0.9834,0.9232,0.7327,0.9269,0.9062,0.8383,0.7971,0.8521,0.6787,0.824,0.9428,0.7769,0.6105,0.9501,0.7205,0.6183,0.6005,0.6115,0.8567,0.5641,0.6177,0.7784,0.5027,0.5486,0.3781,0.581,0.6656,0.5842,0.5228,0.3169,0.4755,0.2594,0.5183,0.3046,0.2014,0.1578,0.3465,
1.0,0.9985,0.9644,0.9629,0.9677,0.9978,0.9956,0.9907,0.9845,0.9236,0.7353,0.9256,0.909,0.8409,0.8,0.8499,0.6883,0.8277,0.9423,0.7826,0.6123,0.9563,0.7235,0.619,0.6003,0.6092,0.8632,0.573,0.6207,0.7784,0.5036,0.5533,0.3846,0.5957,0.6799,0.5836,0.5294,0.3174,0.4892,0.2699,0.5348,0.3077,0.2148,0.163,0.3664,
1.0,0.9991,0.9715,0.9706,0.9706,0.997,0.9955,0.9905,0.9843,0.9216,0.7393,0.9353,0.9043,0.8435,0.8019,0.8576,0.6892,0.8296,0.9417,0.7781,0.6119,0.9522,0.7166,0.6303,0.6074,0.6166,0.8537,0.5747,0.6228,0.7795,0.5032,0.5616,0.3828,0.5929,0.6848,0.5813,0.5241,0.3146,0.4766,0.2573,0.5302,0.3129,0.2082,0.1604,0.3551,
1.0,0.999,0.9684,0.9674,0.9694,0.9974,0.9952,0.9911,0.9862,0.923,0.7358,0.9315,0.9071,0.8405,0.8046,0.8567,0.6865,0.8268,0.9401,0.7806,0.6136,0.9529,0.7253,0.6285,0.6193,0.6168,0.8572,0.5662,0.6288,0.779,0.4947,0.5501,0.3917,0.5943,0.6775,0.5898,0.52,0.3185,0.4791,0.2637,0.524,0.3019,0.2063,0.1658,0.3513,
1.0,0.9993,0.9687,0.968,0.9726,0.9978,0.9962,0.9913,0.9864,0.9215,0.7354,0.9364,0.9072,0.8388,0.8033,0.859,0.6889,0.8253,0.9413,0.788,0.6066,0.9549,0.7219,0.6226,0.6134,0.6152,0.8607,0.5643,0.6233,0.7811,0.5107,0.5516,0.3965,0.6015,0.6812,0.5839,0.5246,0.3143,0.4823,0.2695,0.5298,0.3142,0.2112,0.1675,0.3678,
1.0,0.9985,0.9667,0.9652,0.9688,0.9978,0.9953,0.9906,0.9845,0.9195,0.7213,0.9295,0.9051,0.8309,0.7938,0.8507,0.6777,0.8162,0.939,0.7804,0.6009,0.9532,0.7191,0.6146,0.5992,0.6,0.8581,0.561,0.6167,0.7816,0.5006,0.5437,0.3817,0.5871,0.6742,0.5771,0.5225,0.317,0.4699,0.2536,0.5243,0.3067,0.2051,0.1564,0.3498,
1.0,0.9983,0.9699,0.9682,0.9714,0.9975,0.9942,0.9881,0.983,0.9227,0.7384,0.9352,0.9063,0.841,0.8012,0.8602,0.6804,0.827,0.9425,0.7788,0.6141,0.9513,0.7207,0.6277,0.6089,0.6186,0.8509,0.568,0.6208,0.7751,0.4972,0.556,0.3877,0.5895,0.6721,0.5828,0.5202,0.3122,0.4682,0.2623,0.5104,0.3101,0.2062,0.1656,0.3491,
1.0,0.9988,0.9691,0.9679,0.9695,0.9969,0.995,0.9914,0.9845,0.9247,0.7335,0.9319,0.9091,0.8356,0.7949,0.8573,0.681,0.8219,0.942,0.7823,0.6137,0.9512,0.7246,0.6262,0.6056,0.6115,0.8588,0.5652,0.6201,0.7831,0.5061,0.5536,0.3894,0.5906,0.6813,0.5801,0.5265,0.3142,0.4766,0.2638,0.5303,0.3089,0.2137,0.1649,0.3565,
1.0,0.9993,0.9672,0.9665,0.9682,0.9972,0.9958,0.9916,0.985,0.9238,0.7385,0.9296,0.9081,0.8418,0.8033,0.8547,0.6831,0.8289,0.9411,0.7793,0.6134,0.956,0.7269,0.6244,0.6065,0.6165,0.8557,0.5655,0.6244,0.7802,0.504,0.5581,0.3933,0.5981,0.6806,0.5848,0.5201,0.3184,0.4819,0.2687,0.528,0.3165,0.2133,0.1711,0.3619,
1.0,0.9989,0.972,0.9709,0.973,0.9967,0.9948,0.9905,0.9836,0.9226,0.739,0.9392,0.9072,0.841,0.8033,0.862,0.6849,0.8275,0.9433,0.7831,0.6161,0.9537,0.7267,0.6358,0.6169,0.6227,0.8552,0.5753,0.6175,0.7861,0.5087,0.5629,0.4034,0.5918,0.6799,0.5823,0.5206,0.3225,0.4796,0.2541,0.5278,0.3141,0.2124,0.1696,0.35,
1.0,0.9986,0.9687,0.9673,0.97,0.9971,0.9943,0.9914,0.9855,0.9227,0.7311,0.9328,0.9079,0.8329,0.7951,0.8569,0.6842,0.8181,0.9364,0.7839,0.6011,0.9526,0.7166,0.6101,0.6032,0.6042,0.8616,0.5616,0.6188,0.7818,0.5022,0.5431,0.3843,0.5882,0.666,0.5747,0.5117,0.317,0.4808,0.2528,0.5234,0.3137,0.2028,0.1515,0.3558,
1.0,0.999,0.966,0.965,0.9692,0.9972,0.9956,0.9916,0.9857,0.9264,0.7398,0.9288,0.9113,0.8406,0.8034,0.8558,0.6857,0.8278,0.9415,0.7853,0.612,0.954,0.7211,0.6175,0.6025,0.6199,0.8546,0.5691,0.6221,0.7833,0.5075,0.556,0.3861,0.5871,0.6754,0.587,0.5248,0.3166,0.4673,0.2632,0.5155,0.3123,0.2124,0.1553,0.351,
1.0,0.9985,0.9676,0.9661,0.9712,0.9975,0.995,0.9911,0.9858,0.9273,0.7383,0.9313,0.9119,0.8364,0.7987,0.8598,0.6873,0.824,0.941,0.7918,0.6065,0.9575,0.7226,0.616,0.6087,0.6158,0.8628,0.5709,0.6207,0.7897,0.5143,0.5562,0.3875,0.594,0.684,0.5841,0.5223,0.3265,0.4819,0.2575,0.5346,0.3189,0.2139,0.165,0.3566,
1.0,0.9992,0.9692,0.9684,0.9702,0.9975,0.9954,0.9895,0.9852,0.9251,0.7365,0.9333,0.908,0.8387,0.8017,0.8599,0.6802,0.8268,0.9411,0.7793,0.6097,0.9519,0.7169,0.6217,0.6077,0.6162,0.8476,0.5668,0.6212,0.7804,0.5051,0.5565,0.3869,0.5902,0.6765,0.5796,0.5132,0.3161,0.4736,0.2566,0.5192,0.3084,0.2058,0.1572,0.3506,
1.0,0.9988,0.9685,0.9673,0.9676,0.9978,0.9958,0.991,0.986,0.9235,0.7358,0.9285,0.9076,0.8399,0.8043,0.8524,0.6872,0.8274,0.9451,0.7802,0.616,0.9558,0.7318,0.6282,0.6137,0.6192,0.8553,0.5721,0.6195,0.7867,0.5152,0.5567,0.3993,0.5917,0.6809,0.5879,0.5276,0.3295,0.4773,0.2591,0.5199,0.3165,0.2125,0.1717,0.3527,
1.0,0.9988,0.9685,0.9673,0.9715,0.9973,0.9955,0.9912,0.987,0.9222,0.7381,0.9339,0.9077,0.8369,0.7992,0.856,0.6845,0.8256,0.941,0.7831,0.6051,0.9552,0.7205,0.6185,0.6051,0.6076,0.8597,0.5577,0.6135,0.7775,0.4997,0.5431,0.3902,0.5986,0.6858,0.5863,0.5263,0.3134,0.4837,0.2624,0.5349,0.3054,0.2127,0.1646,0.354,
1.0,0.999,0.9691,0.9681,0.9721,0.9973,0.9953,0.9908,0.984,0.9228,0.7391,0.9343,0.9062,0.8435,0.8049,0.857,0.6892,0.8281,0.9368,0.784,0.6177,0.9508,0.7236,0.6347,0.6176,0.6149,0.8544,0.5695,0.6303,0.7882,0.5096,0.5621,0.3878,0.5935,0.6854,0.5931,0.5196,0.3174,0.4761,0.2677,0.5358,0.3186,0.2164,0.1676,0.3579,
1.0,0.9988,0.9694,0.9682,0.9687,0.9973,0.9955,0.992,0.9877,0.929,0.7391,0.9313,0.9144,0.8357,0.8019,0.861,0.6891,0.8241,0.9408,0.7895,0.6084,0.9537,0.7242,0.6193,0.6039,0.6175,0.859,0.5708,0.6215,0.794,0.5137,0.5595,0.3899,0.5907,0.6826,0.5808,0.5222,0.3236,0.4724,0.2682,0.5275,0.319,0.216,0.1592,0.3545,
1.0,0.9986,0.967,0.9656,0.9698,0.9973,0.9947,0.9904,0.9872,0.9188,0.7401,0.9295,0.9025,0.8439,0.8066,0.8503,0.6857,0.8322,0.9408,0.7717,0.6142,0.9526,0.718,0.6288,0.6099,0.6149,0.8526,0.5665,0.6178,0.7758,0.4932,0.5534,0.3856,0.5925,0.6805,0.5808,0.5176,0.3136,0.4772,0.2598,0.5219,0.2982,0.2043,0.1578,0.3532,
1.0,0.998,0.9654,0.9634,0.9707,0.9972,0.9943,0.9885,0.9826,0.9293,0.7348,0.9292,0.9128,0.832,0.7911,0.8597,0.6705,0.8195,0.9406,0.7872,0.6123,0.9542,0.7317,0.6147,0.6094,0.6158,0.8549,0.5612,0.6251,0.7848,0.5019,0.5382,0.379,0.5843,0.6706,0.5889,0.5214,0.3075,0.4733,0.2538,0.5194,0.306,0.2076,0.1607,0.3436,
1.0,0.9982,0.9664,0.9646,0.9706,0.9979,0.9945,0.9892,0.9837,0.9278,0.7406,0.93,0.912,0.84,0.8011,0.8593,0.681,0.8256,0.9404,0.7861,0.6184,0.953,0.727,0.6212,0.6074,0.6205,0.8556,0.567,0.6239,0.7884,0.5139,0.5503,0.3949,0.5971,0.6771,0.5838,0.5205,0.3226,0.4842,0.2684,0.5237,0.3275,0.216,0.1673,0.3603,
1.0,0.9984,0.9684,0.9668,0.9676,0.9972,0.9947,0.9897,0.9846,0.9228,0.73,0.9293,0.9073,0.8365,0.8003,0.8543,0.6852,0.8246,0.9422,0.7837,0.6058,0.9501,0.7172,0.6147,0.5975,0.6118,0.8583,0.5723,0.6173,0.7817,0.5055,0.5542,0.3851,0.5846,0.6673,0.5747,0.5174,0.318,0.4759,0.2562,0.5212,0.3009,0.2059,0.1568,0.3473,
1.0,0.9993,0.9656,0.9649,0.9705,0.9977,0.9964,0.9922,0.985,0.9236,0.7396,0.9301,0.9096,0.8424,0.8056,0.8554,0.69,0.8263,0.9423,0.7858,0.6203,0.9522,0.7279,0.6298,0.6096,0.6224,0.8647,0.5787,0.6238,0.7897,0.5071,0.5636,0.3909,0.5924,0.6765,0.5903,0.5268,0.323,0.4809,0.2619,0.5261,0.3133,0.2097,0.1707,0.3587,
1.0,0.9986,0.9696,0.9682,0.9671,0.9978,0.9957,0.9913,0.9865,0.9263,0.7303,0.9306,0.9126,0.8323,0.7975,0.8578,0.6789,0.8207,0.9404,0.7817,0.611,0.9542,0.7306,0.6189,0.6063,0.6021,0.8567,0.5497,0.631,0.7806,0.506,0.5404,0.3913,0.5956,0.68,0.5884,0.5256,0.3106,0.4818,0.2639,0.5273,0.3159,0.2129,0.1726,0.3512,
1.0,0.9989,0.9666,0.9655,0.9716,0.9972,0.9953,0.9905,0.9858,0.9184,0.7298,0.9324,0.9034,0.8354,0.7998,0.8531,0.6842,0.8239,0.9415,0.7814,0.6023,0.9538,0.7196,0.618,0.6012,0.6035,0.8564,0.5595,0.6135,0.7773,0.5009,0.5403,0.3783,0.5849,0.6745,0.5806,0.5288,0.3096,0.474,0.2584,0.5301,0.3018,0.2028,0.1678,0.3489,
1.0,0.9984,0.9676,0.966,0.9688,0.9969,0.9944,0.9906,0.9854,0.9217,0.7345,0.9301,0.9064,0.8366,0.8002,0.853,0.6849,0.8238,0.937,0.7841,0.6058,0.9514,0.7197,0.6162,0.6025,0.6066,0.8605,0.5588,0.6102,0.7756,0.4945,0.5354,0.3844,0.5787,0.6696,0.5801,0.5263,0.3077,0.4787,0.255,0.5246,0.3051,0.2009,0.162,0.3524,
1.0,0.999,0.9643,0.9633,0.969,0.9969,0.9955,0.9883,0.9825,0.9222,0.7279,0.9264,0.9036,0.8352,0.7939,0.8501,0.6709,0.8217,0.9396,0.7759,0.602,0.9476,0.7152,0.6095,0.5952,0.6053,0.8489,0.5578,0.6103,0.7764,0.5021,0.5372,0.3829,0.5859,0.6686,0.5754,0.5163,0.3129,0.4784,0.2517,0.5147,0.3086,0.2043,0.1608,0.3462,
1.0,0.9989,0.9667,0.9656,0.9708,0.9962,0.9939,0.9892,0.9838,0.9226,0.7338,0.9309,0.904,0.8375,0.7977,0.855,0.6811,0.8237,0.9418,0.784,0.6152,0.9511,0.7243,0.6247,0.6115,0.6142,0.8538,0.5667,0.6206,0.7787,0.5041,0.547,0.3926,0.5903,0.6746,0.5915,0.5221,0.3184,0.4809,0.2569,0.523,0.3136,0.2099,0.1711,0.3533,
1.0,0.9985,0.967,0.9655,0.9677,0.9971,0.9945,0.9899,0.9845,0.9244,0.7375,0.9281,0.9091,0.8435,0.8044,0.8542,0.6847,0.8308,0.9417,0.7819,0.6181,0.9505,0.7256,0.6283,0.6042,0.6139,0.8527,0.5711,0.6245,0.7788,0.4992,0.5567,0.3913,0.5874,0.6721,0.5853,0.5192,0.3162,0.4724,0.2655,0.5141,0.3046,0.2021,0.1638,0.3514,
1.0,0.9986,0.9703,0.9689,0.9713,0.9972,0.9939,0.9899,0.9861,0.9207,0.7323,0.9341,0.9034,0.8344,0.797,0.8562,0.6838,0.8216,0.9431,0.7831,0.6112,0.954,0.7266,0.6292,0.612,0.6118,0.8578,0.5709,0.6159,0.7852,0.5014,0.5511,0.3867,0.5814,0.674,0.582,0.5268,0.3129,0.471,0.2566,0.5198,0.3009,0.1997,0.1649,0.3428,
1.0,0.9988,0.9673,0.9661,0.971,0.9973,0.9955,0.9918,0.9861,0.9256,0.7423,0.9309,0.91,0.8419,0.8033,0.8576,0.6835,0.8285,0.9392,0.7815,0.6095,0.952,0.7167,0.6196,0.604,0.6187,0.8574,0.5657,0.6122,0.7877,0.5056,0.5534,0.3891,0.5902,0.6727,0.5713,0.5251,0.3205,0.4777,0.2609,0.5223,0.3078,0.2071,0.1687,0.3521,
1.0,0.9987,0.9679,0.9666,0.9702,0.9968,0.9947,0.9894,0.9842,0.9239,0.7332,0.9314,0.9067,0.8362,0.7951,0.8567,0.6752,0.8233,0.9385,0.7785,0.6109,0.9539,0.7292,0.6197,0.6076,0.6087,0.8544,0.5572,0.6156,0.7803,0.4986,0.5445,0.3885,0.5883,0.6779,0.5846,0.5209,0.3063,0.4746,0.2545,0.5219,0.3021,0.2047,0.1654,0.3431,
1.0,0.9988,0.9673,0.9661,0.9694,0.9964,0.9941,0.9889,0.9832,0.9229,0.7358,0.9309,0.906,0.8392,0.8002,0.8551,0.6814,0.8268,0.9434,0.7841,0.6105,0.9536,0.7188,0.6216,0.6082,0.62,0.8532,0.5686,0.6172,0.777,0.4988,0.5566,0.3803,0.5887,0.6884,0.5866,0.5293,0.314,0.4808,0.2557,0.5341,0.3104,0.2118,0.1646,0.3561,
1.0,0.9992,0.9663,0.9655,0.9699,0.9963,0.9945,0.9912,0.9863,0.9253,0.7416,0.9293,0.9084,0.84,0.8023,0.8556,0.6831,0.8278,0.9466,0.7829,0.619,0.9523,0.725,0.6282,0.6111,0.6188,0.8573,0.5723,0.6179,0.7893,0.5086,0.5527,0.3883,0.5886,0.6775,0.5897,0.5235,0.3239,0.4838,0.2638,0.5164,0.3217,0.2102,0.1659,0.358,
1.0,0.9985,0.9704,0.9689,0.9718,0.9981,0.9963,0.9901,0.9838,0.922,0.7324,0.9351,0.9059,0.8367,0.7947,0.8585,0.6788,0.8241,0.9439,0.7781,0.6088,0.9555,0.7218,0.6242,0.6102,0.6087,0.8552,0.56,0.6245,0.7809,0.4964,0.5521,0.3798,0.5927,0.6864,0.5809,0.5184,0.3106,0.4778,0.2519,0.5257,0.3051,0.2063,0.1581,0.3494,
1.0,0.9986,0.9678,0.9664,0.9654,0.9971,0.9945,0.9894,0.9841,0.9265,0.7403,0.9275,0.9104,0.8451,0.8083,0.8548,0.6945,0.8317,0.9383,0.7873,0.6206,0.9541,0.73,0.6244,0.6014,0.6114,0.8636,0.5754,0.6178,0.7843,0.5052,0.5445,0.3838,0.5887,0.6757,0.5805,0.5244,0.3195,0.4884,0.2644,0.5318,0.3144,0.2073,0.1669,0.3641,
1.0,0.9989,0.9648,0.9637,0.9703,0.9967,0.9951,0.9913,0.9847,0.9267,0.7438,0.928,0.91,0.8451,0.8066,0.8557,0.6869,0.832,0.9417,0.7852,0.6204,0.9534,0.724,0.6269,0.6018,0.6219,0.8523,0.571,0.6152,0.7863,0.5144,0.5562,0.3849,0.5851,0.6723,0.5782,0.5176,0.3263,0.4754,0.2596,0.5209,0.3147,0.2118,0.1637,0.3579,
1.0,0.9982,0.9715,0.9697,0.9688,0.9973,0.9948,0.9905,0.985,0.9261,0.7325,0.9331,0.9107,0.8343,0.7962,0.8594,0.6822,0.8213,0.9393,0.7845,0.6127,0.9542,0.7305,0.6223,0.6151,0.6104,0.8563,0.5572,0.6299,0.7799,0.504,0.5481,0.4041,0.5987,0.6747,0.5921,0.5198,0.3155,0.4865,0.262,0.5262,0.3174,0.2064,0.1746,0.3507,
1.0,0.9994,0.9714,0.9708,0.9684,0.9967,0.9955,0.9913,0.9857,0.9251,0.7326,0.9333,0.9086,0.8331,0.7943,0.8592,0.6841,0.8194,0.939,0.7838,0.6003,0.9503,0.7101,0.6124,0.5944,0.6022,0.8566,0.5596,0.6152,0.7826,0.5065,0.5475,0.3781,0.5917,0.6752,0.5703,0.515,0.3198,0.478,0.2548,0.5316,0.3076,0.212,0.16,0.3562,
1.0,0.999,0.9676,0.9666,0.9675,0.997,0.9952,0.9905,0.9847,0.9225,0.7402,0.9289,0.9059,0.8481,0.8098,0.8522,0.6913,0.8344,0.9378,0.7769,0.6125,0.9513,0.7194,0.6244,0.5981,0.614,0.8525,0.571,0.618,0.776,0.5014,0.5551,0.3849,0.5863,0.6726,0.5773,0.5199,0.3152,0.4758,0.2607,0.526,0.311,0.2096,0.1606,0.3568,
1.0,0.9988,0.9691,0.9679,0.9676,0.9971,0.9948,0.9903,0.9841,0.9267,0.7327,0.9309,0.9118,0.8376,0.8001,0.8586,0.6866,0.8243,0.9363,0.7887,0.6119,0.9551,0.7338,0.6192,0.6143,0.6091,0.8633,0.563,0.6225,0.7816,0.5036,0.5401,0.3985,0.5989,0.6756,0.59,0.5215,0.314,0.4891,0.2657,0.5302,0.3172,0.2149,0.1712,0.3596,
1.0,0.999,0.9681,0.9671,0.9711,0.9968,0.9947,0.9902,0.983,0.9208,0.7326,0.9327,0.9041,0.8391,0.8007,0.8554,0.6899,0.8245,0.9388,0.7889,0.6067,0.9509,0.7169,0.6224,0.6048,0.6124,0.8605,0.5771,0.6128,0.7862,0.5072,0.5561,0.3829,0.588,0.6742,0.5706,0.5198,0.3209,0.4738,0.2554,0.5239,0.3086,0.2076,0.1574,0.3517,
1.0,0.9991,0.9686,0.9677,0.9679,0.9968,0.9949,0.9911,0.9853,0.9249,0.7368,0.9291,0.9069,0.8405,0.8019,0.8549,0.6874,0.8272,0.9403,0.7804,0.6114,0.9525,0.7155,0.6197,0.5975,0.6108,0.8528,0.5617,0.6174,0.7793,0.5071,0.5489,0.381,0.5878,0.6776,0.5704,0.5136,0.3171,0.4762,0.2561,0.5287,0.3094,0.2093,0.1591,0.3548,
1.0,0.9989,0.9664,0.9653,0.9698,0.9976,0.9958,0.9912,0.9854,0.9212,0.7299,0.9295,0.9053,0.8315,0.7914,0.8516,0.682,0.8198,0.9416,0.783,0.6014,0.9529,0.7174,0.6135,0.6001,0.6084,0.8646,0.5633,0.6108,0.7818,0.4988,0.5465,0.3899,0.595,0.6728,0.574,0.522,0.319,0.4816,0.2558,0.5311,0.3056,0.2033,0.1656,0.3567,
1.0,0.9993,0.9673,0.9666,0.9714,0.9969,0.9955,0.9909,0.9867,0.922,0.7364,0.9331,0.9059,0.8369,0.8013,0.8571,0.685,0.8248,0.9464,0.7827,0.6118,0.9513,0.7209,0.6245,0.6097,0.6139,0.8607,0.5677,0.622,0.7827,0.5059,0.5495,0.3907,0.6012,0.679,0.5855,0.5201,0.318,0.4807,0.2633,0.5181,0.312,0.2008,0.1636,0.3593,
1.0,0.9994,0.9664,0.9658,0.97,0.9979,0.9967,0.9911,0.9846,0.9264,0.7389,0.932,0.9129,0.8415,0.8025,0.8592,0.6883,0.829,0.9425,0.7872,0.6164,0.9519,0.7293,0.6247,0.6117,0.6209,0.8649,0.5838,0.6261,0.7894,0.5119,0.5617,0.4011,0.5929,0.6754,0.5845,0.5215,0.3311,0.4813,0.2634,0.5264,0.3224,0.2147,0.1666,0.3682,
1.0,0.9984,0.969,0.9674,0.9711,0.9972,0.9947,0.9883,0.9831,0.924,0.7377,0.9338,0.9074,0.8419,0.8027,0.8595,0.6879,0.8306,0.9423,0.7847,0.6171,0.9519,0.7274,0.6307,0.6098,0.6185,0.8569,0.57,0.6209,0.782,0.5085,0.5565,0.3862,0.5873,0.6774,0.5821,0.5233,0.3204,0.475,0.261,0.5331,0.3096,0.2135,0.1652,0.3524,
1.0,0.9986,0.9682,0.9668,0.9706,0.9977,0.9954,0.9901,0.9848,0.9186,0.7387,0.9314,0.9026,0.8453,0.8071,0.8511,0.6925,0.8318,0.941,0.7791,0.6132,0.9516,0.7173,0.6312,0.6109,0.6183,0.8579,0.5776,0.6194,0.7783,0.5006,0.5596,0.3857,0.5875,0.6748,0.5854,0.5257,0.3186,0.4788,0.2662,0.5244,0.3048,0.2073,0.1622,0.352,
1.0,0.9993,0.9676,0.9669,0.9698,0.9969,0.9954,0.9904,0.9851,0.92,0.7391,0.9318,0.9046,0.8439,0.8053,0.8533,0.6938,0.8297,0.9363,0.7855,0.6119,0.9516,0.7213,0.6257,0.6091,0.6073,0.8616,0.5691,0.6227,0.7786,0.4996,0.5493,0.3899,0.5971,0.6789,0.584,0.5189,0.3178,0.4888,0.2667,0.5333,0.3173,0.2145,0.1589,0.3639,
1.0,0.9991,0.9709,0.97,0.9694,0.9971,0.9957,0.9913,0.9835,0.9227,0.736,0.934,0.907,0.841,0.8011,0.8577,0.685,0.8266,0.9406,0.7819,0.6113,0.9531,0.7185,0.6272,0.6064,0.6195,0.8543,0.5671,0.6163,0.7764,0.5023,0.5533,0.3866,0.5922,0.6721,0.5794,0.5182,0.3182,0.4723,0.2574,0.5237,0.3076,0.2012,0.1613,0.3427,
1.0,0.9985,0.9667,0.9652,0.9669,0.9973,0.9942,0.99,0.9854,0.9253,0.7374,0.9267,0.9095,0.8424,0.8039,0.8534,0.6911,0.8279,0.9381,0.7848,0.6118,0.9522,0.7187,0.6183,0.6002,0.615,0.857,0.5752,0.6203,0.7763,0.5049,0.5568,0.3843,0.587,0.6775,0.5863,0.5272,0.3166,0.478,0.2623,0.5328,0.3106,0.2109,0.1645,0.3578,
1.0,0.9991,0.9667,0.9658,0.9711,0.9981,0.9963,0.9905,0.9845,0.9232,0.7381,0.9314,0.9071,0.8427,0.8047,0.8562,0.6918,0.829,0.9381,0.7868,0.6085,0.9529,0.7162,0.6196,0.602,0.6174,0.8596,0.5766,0.6153,0.7861,0.509,0.5475,0.3847,0.582,0.6633,0.5786,0.5207,0.3148,0.4772,0.2546,0.5233,0.3164,0.2071,0.1576,0.354,
1.0,0.9988,0.9671,0.9659,0.9721,0.9965,0.9939,0.9883,0.9828,0.9227,0.7361,0.9332,0.9046,0.8401,0.7999,0.8569,0.6843,0.8259,0.9392,0.7864,0.6075,0.9475,0.7156,0.6205,0.6004,0.6171,0.8587,0.571,0.6104,0.7811,0.4986,0.5532,0.3803,0.5848,0.6723,0.5764,0.5181,0.3128,0.4777,0.2508,0.5303,0.3078,0.2081,0.1602,0.3565,
1.0,0.9987,0.9671,0.9658,0.9706,0.9969,0.9945,0.99,0.9846,0.9241,0.7373,0.9314,0.9083,0.8397,0.8016,0.8568,0.6819,0.8267,0.9417,0.7805,0.6184,0.95,0.7245,0.6306,0.6056,0.6183,0.8538,0.5682,0.62,0.7879,0.5087,0.5529,0.3889,0.5853,0.672,0.588,0.5137,0.3219,0.4736,0.2614,0.522,0.3176,0.2155,0.1658,0.3518,
1.0,0.9991,0.9684,0.9675,0.9699,0.9969,0.995,0.992,0.9869,0.9231,0.7348,0.932,0.9077,0.8358,0.8015,0.8566,0.6794,0.8218,0.9381,0.7781,0.605,0.9498,0.7232,0.618,0.6078,0.6093,0.8532,0.5529,0.6249,0.7822,0.4973,0.5455,0.3864,0.5882,0.6749,0.5836,0.5155,0.3062,0.4712,0.2616,0.5224,0.3048,0.208,0.1613,0.3528,
1.0,0.9988,0.9657,0.9645,0.9694,0.9975,0.9955,0.9919,0.9865,0.9267,0.7377,0.9289,0.9128,0.8378,0.8006,0.8563,0.6828,0.8266,0.9435,0.7856,0.6152,0.9574,0.73,0.6234,0.6107,0.6194,0.8589,0.5719,0.6246,0.7878,0.5074,0.5556,0.3793,0.5885,0.6746,0.588,0.5226,0.3192,0.484,0.2625,0.523,0.3039,0.2016,0.1677,0.3478,
1.0,0.9986,0.9693,0.9679,0.9693,0.9977,0.9958,0.9901,0.9848,0.9265,0.7409,0.9314,0.91,0.8411,0.8027,0.8589,0.6856,0.8297,0.9418,0.7832,0.6122,0.9571,0.7257,0.6229,0.6097,0.6174,0.8544,0.5675,0.6263,0.7852,0.5159,0.5545,0.3903,0.603,0.6893,0.5874,0.5233,0.3229,0.4884,0.2657,0.534,0.3179,0.2165,0.1602,0.3601,
1.0,0.9992,0.9699,0.9691,0.9687,0.9975,0.9957,0.9909,0.9863,0.9225,0.7348,0.9317,0.9059,0.8388,0.8005,0.8555,0.6841,0.827,0.9426,0.7794,0.6074,0.9516,0.7163,0.6228,0.6094,0.6122,0.8541,0.5659,0.6231,0.7762,0.4945,0.5536,0.3916,0.6009,0.6821,0.5802,0.5251,0.3155,0.4889,0.262,0.5305,0.3146,0.2086,0.1682,0.3632,
1.0,0.9994,0.9664,0.9658,0.9658,0.998,0.9963,0.9911,0.985,0.92,0.7308,0.9266,0.9049,0.8389,0.8022,0.8495,0.6858,0.8243,0.9402,0.7778,0.6081,0.952,0.715,0.6189,0.5971,0.6091,0.8574,0.5707,0.6165,0.7736,0.5012,0.554,0.3818,0.59,0.6783,0.5785,0.5188,0.315,0.4736,0.2593,0.527,0.3016,0.2072,0.1624,0.3563,
1.0,0.999,0.968,0.967,0.9724,0.9976,0.9956,0.9905,0.9849,0.9198,0.7323,0.9329,0.903,0.8366,0.7971,0.8545,0.6856,0.8247,0.9424,0.7837,0.6038,0.9556,0.7134,0.6228,0.604,0.6096,0.8569,0.5682,0.6117,0.7828,0.5014,0.5501,0.3814,0.5902,0.6741,0.578,0.5204,0.3076,0.4819,0.2507,0.529,0.313,0.2059,0.1612,0.3565,
1.0,0.9994,0.9692,0.9686,0.9697,0.9981,0.9967,0.9907,0.9825,0.9258,0.7331,0.9318,0.91,0.8358,0.796,0.8589,0.6783,0.8185,0.9378,0.7826,0.6046,0.9513,0.7199,0.6168,0.6018,0.6102,0.8522,0.5562,0.62,0.784,0.5032,0.5441,0.3858,0.5897,0.6788,0.5785,0.516,0.3194,0.4688,0.2512,0.5205,0.3097,0.212,0.1639,0.3439,
1.0,0.9986,0.9693,0.9679,0.9697,0.9974,0.9949,0.9904,0.9836,0.9211,0.7325,0.9331,0.9064,0.8388,0.8004,0.8547,0.6833,0.8238,0.9372,0.7803,0.6065,0.9548,0.7197,0.6171,0.6,0.609,0.8557,0.5612,0.6097,0.7809,0.4992,0.5423,0.3824,0.5873,0.6714,0.5771,0.517,0.3171,0.4731,0.2476,0.5159,0.3061,0.2022,0.1548,0.3506,
1.0,0.9989,0.9665,0.9654,0.9698,0.9971,0.9945,0.9892,0.983,0.9201,0.7304,0.9295,0.9018,0.838,0.7974,0.851,0.6795,0.8226,0.9394,0.7762,0.6065,0.9502,0.7122,0.6187,0.6046,0.6133,0.851,0.5674,0.6126,0.7749,0.5105,0.5553,0.3962,0.5914,0.6787,0.5715,0.5097,0.3193,0.4771,0.2475,0.524,0.3135,0.2129,0.1564,0.35,
1.0,0.999,0.9685,0.9675,0.971,0.9971,0.995,0.9893,0.9831,0.9257,0.7371,0.9339,0.9093,0.8408,0.7999,0.8597,0.6868,0.8267,0.9369,0.7871,0.6123,0.9504,0.7234,0.6227,0.6034,0.6148,0.8567,0.5704,0.6222,0.78,0.4906,0.5527,0.3784,0.5908,0.6714,0.5787,0.5223,0.3115,0.4729,0.2599,0.5268,0.2986,0.2011,0.1632,0.3541,
1.0,0.9987,0.9702,0.9689,0.9719,0.9969,0.995,0.9901,0.9838,0.9281,0.7369,0.9345,0.9103,0.8357,0.7956,0.8643,0.6821,0.8232,0.9401,0.788,0.6065,0.9533,0.7229,0.6173,0.6053,0.6108,0.8582,0.5562,0.6226,0.7867,0.5139,0.5397,0.3895,0.5951,0.6688,0.5837,0.5249,0.3217,0.4871,0.2617,0.5273,0.3218,0.2094,0.1677,0.3556,
1.0,0.9988,0.966,0.9648,0.9697,0.9974,0.9951,0.9889,0.9837,0.9234,0.7325,0.9292,0.9069,0.8355,0.7968,0.8533,0.6787,0.8219,0.9412,0.7801,0.602,0.9502,0.7169,0.6135,0.5965,0.6124,0.8576,0.5603,0.6083,0.7831,0.5067,0.5462,0.3835,0.587,0.6695,0.57,0.5095,0.3126,0.4807,0.2449,0.5197,0.3076,0.2052,0.1592,0.3542,
1.0,0.9988,0.9691,0.9679,0.9672,0.9976,0.9947,0.9886,0.9841,0.92,0.7223,0.9298,0.9023,0.8318,0.7926,0.8514,0.6758,0.8176,0.9391,0.7758,0.6016,0.9522,0.7168,0.6147,0.6035,0.6017,0.8519,0.5634,0.6121,0.7765,0.5067,0.5435,0.3861,0.5875,0.6725,0.5795,0.5203,0.3163,0.4711,0.245,0.5095,0.3099,0.2103,0.1608,0.3428,
1.0,0.9988,0.9698,0.9686,0.9707,0.9973,0.9955,0.9907,0.9843,0.9248,0.7355,0.9329,0.9086,0.8368,0.7985,0.8589,0.6846,0.823,0.9422,0.7854,0.6096,0.9481,0.7139,0.6217,0.6049,0.6145,0.8553,0.5587,0.6238,0.7813,0.5068,0.5491,0.3846,0.5908,0.6832,0.5795,0.5188,0.3139,0.4759,0.2691,0.531,0.3118,0.2121,0.1601,0.3547,
1.0,0.9992,0.9691,0.9683,0.9666,0.9979,0.9966,0.993,0.988,0.9222,0.7376,0.9296,0.9091,0.8421,0.8067,0.8531,0.6892,0.8306,0.9442,0.7779,0.616,0.9573,0.7249,0.628,0.6134,0.6178,0.8609,0.5761,0.6246,0.7853,0.5103,0.565,0.3974,0.5968,0.6832,0.5908,0.524,0.3288,0.4811,0.2645,0.5239,0.3102,0.2049,0.163,0.3584,
1.0,0.9985,0.9685,0.967,0.9729,0.9977,0.9953,0.9915,0.9862,0.9193,0.7328,0.9352,0.9059,0.8344,0.7964,0.8567,0.6789,0.8216,0.9423,0.7796,0.6029,0.9549,0.7185,0.6211,0.6055,0.6081,0.86,0.5607,0.6109,0.7785,0.5026,0.5454,0.3906,0.584,0.6795,0.5745,0.518,0.3183,0.4705,0.2492,0.5202,0.307,0.2026,0.1573,0.3395,
1.0,0.999,0.9647,0.9637,0.9682,0.9965,0.9946,0.9899,0.9856,0.9227,0.7434,0.9269,0.9064,0.8474,0.8115,0.8507,0.6933,0.8358,0.9427,0.7849,0.6178,0.9523,0.7235,0.6274,0.6066,0.6208,0.8557,0.5754,0.6203,0.7755,0.5042,0.5578,0.3785,0.5795,0.6758,0.5889,0.5216,0.3189,0.4822,0.2655,0.5281,0.308,0.2046,0.1614,0.3586,
1.0,0.9983,0.9711,0.9694,0.9713,0.9975,0.9943,0.9894,0.9846,0.9209,0.7341,0.9368,0.9063,0.8365,0.7991,0.8589,0.6833,0.8216,0.9385,0.7838,0.6091,0.95,0.7243,0.6255,0.6163,0.6113,0.8569,0.5631,0.6272,0.7811,0.5011,0.5493,0.3941,0.5978,0.6747,0.5869,0.5167,0.3135,0.4812,0.2594,0.5296,0.3098,0.2083,0.167,0.3483,
1.0,0.9988,0.9677,0.9665,0.9707,0.998,0.9954,0.9892,0.9856,0.9228,0.7399,0.9306,0.9049,0.8439,0.8041,0.8555,0.687,0.8312,0.9408,0.7801,0.6098,0.9545,0.7187,0.6215,0.61,0.6167,0.8544,0.5744,0.6222,0.7803,0.5021,0.5636,0.3816,0.6007,0.683,0.5848,0.5245,0.322,0.4876,0.2613,0.5316,0.3126,0.2114,0.1657,0.3669,
1.0,0.9991,0.9665,0.9656,0.9706,0.9973,0.9952,0.99,0.985,0.9223,0.7317,0.9312,0.9061,0.8357,0.7982,0.8558,0.6791,0.8231,0.9412,0.7827,0.6028,0.9508,0.7156,0.6119,0.6088,0.611,0.8561,0.5669,0.6193,0.7794,0.5062,0.5469,0.3867,0.5947,0.6703,0.5784,0.5176,0.3163,0.4904,0.2613,0.5257,0.318,0.2091,0.1574,0.3543,
1.0,0.9985,0.9679,0.9664,0.9666,0.9968,0.9941,0.9908,0.9859,0.921,0.7345,0.9279,0.9052,0.8404,0.8047,0.8504,0.691,0.8256,0.9389,0.7816,0.6087,0.9515,0.7188,0.6165,0.5968,0.6083,0.8607,0.5684,0.6181,0.7817,0.5032,0.5506,0.3854,0.5931,0.6764,0.5829,0.5237,0.309,0.4859,0.2604,0.5296,0.315,0.2112,0.1656,0.362,
1.0,0.9988,0.9692,0.968,0.9697,0.9979,0.9956,0.9902,0.9857,0.9267,0.7345,0.9315,0.9097,0.8341,0.7971,0.8586,0.6762,0.8222,0.9441,0.7795,0.6048,0.9555,0.7187,0.6178,0.5944,0.6169,0.8471,0.5616,0.6105,0.7888,0.5129,0.5601,0.3856,0.5857,0.6762,0.5769,0.5142,0.3162,0.4707,0.2481,0.5188,0.3118,0.2096,0.1642,0.3461,
1.0,0.9994,0.9684,0.9678,0.9699,0.9972,0.9959,0.9916,0.9873,0.9276,0.7464,0.9334,0.9135,0.8416,0.8088,0.8608,0.6937,0.83,0.941,0.7905,0.6123,0.9526,0.7241,0.6215,0.6023,0.6208,0.8613,0.57,0.6209,0.789,0.5101,0.5523,0.3886,0.5918,0.676,0.5833,0.5261,0.3142,0.4777,0.2668,0.5286,0.317,0.2089,0.1584,0.3544,
1.0,0.999,0.9683,0.9673,0.9726,0.9965,0.9943,0.9906,0.985,0.923,0.7369,0.9351,0.9067,0.838,0.8002,0.859,0.6833,0.8229,0.9404,0.7846,0.6105,0.9526,0.7218,0.6223,0.6052,0.6124,0.8599,0.5662,0.6168,0.782,0.5086,0.5465,0.3987,0.5997,0.6768,0.5816,0.5217,0.3143,0.4879,0.2564,0.5268,0.318,0.2101,0.1708,0.3584,
1.0,0.9989,0.9724,0.9713,0.9692,0.997,0.9945,0.9894,0.9852,0.9166,0.7323,0.9357,0.9,0.8429,0.8067,0.854,0.6929,0.8303,0.939,0.7788,0.6069,0.9541,0.7207,0.6276,0.6122,0.6113,0.8577,0.5701,0.6206,0.7747,0.4925,0.5565,0.3881,0.5933,0.6825,0.5767,0.5267,0.3172,0.4754,0.258,0.5248,0.3026,0.2046,0.1693,0.3576,
1.0,0.9991,0.9658,0.9649,0.972,0.9975,0.9954,0.9919,0.9876,0.9303,0.7509,0.9311,0.915,0.8444,0.8079,0.8628,0.6964,0.8322,0.9481,0.7953,0.6305,0.9524,0.7335,0.6385,0.6158,0.6318,0.8653,0.5826,0.6339,0.7903,0.5161,0.563,0.4009,0.5958,0.6823,0.597,0.5258,0.3286,0.4884,0.2708,0.5323,0.3162,0.2201,0.1659,0.3692,
1.0,0.9996,0.9679,0.9675,0.9722,0.9966,0.9948,0.99,0.9852,0.9255,0.7417,0.9355,0.9093,0.8421,0.8025,0.8631,0.6832,0.829,0.9418,0.783,0.6143,0.954,0.7284,0.627,0.6131,0.6182,0.8538,0.5709,0.6255,0.7826,0.5106,0.554,0.3889,0.5889,0.675,0.5925,0.522,0.3175,0.4862,0.2625,0.5238,0.3146,0.2093,0.1642,0.3532,
1.0,0.9991,0.9661,0.9652,0.9719,0.9976,0.9953,0.9906,0.9862,0.9279,0.752,0.9299,0.9103,0.8476,0.8083,0.8591,0.693,0.8354,0.9402,0.7852,0.6168,0.9544,0.7199,0.6279,0.6003,0.628,0.8528,0.5725,0.6181,0.7829,0.5048,0.5618,0.3843,0.5903,0.6795,0.577,0.518,0.3125,0.4773,0.2635,0.5213,0.3124,0.2087,0.1622,0.3553,
1.0,0.9989,0.965,0.9639,0.9737,0.9974,0.9951,0.9898,0.9848,0.9211,0.7301,0.9332,0.9051,0.8318,0.7956,0.8562,0.6787,0.8184,0.9401,0.7878,0.6061,0.9516,0.7219,0.6201,0.6067,0.6054,0.8567,0.5544,0.6199,0.7825,0.5009,0.5358,0.3879,0.5936,0.6715,0.5901,0.5199,0.3081,0.4811,0.2585,0.5209,0.3124,0.2033,0.1599,0.3553,
1.0,0.9992,0.9661,0.9653,0.9705,0.9984,0.9963,0.9893,0.9846,0.9241,0.7388,0.9296,0.9068,0.8408,0.8009,0.8557,0.6903,0.829,0.9489,0.7886,0.6207,0.9533,0.7255,0.6325,0.6067,0.6222,0.8622,0.5737,0.6181,0.7756,0.4993,0.5564,0.3878,0.588,0.6806,0.5853,0.5256,0.3256,0.4768,0.261,0.5227,0.3015,0.2048,0.1634,0.3553,
1.0,0.9991,0.9688,0.9679,0.9691,0.9967,0.9945,0.9907,0.985,0.9201,0.7333,0.9329,0.9049,0.8398,0.8023,0.8548,0.6879,0.8266,0.9415,0.7798,0.6067,0.9537,0.7142,0.6224,0.6036,0.6126,0.8566,0.5723,0.6152,0.778,0.502,0.5532,0.3812,0.5902,0.6792,0.5778,0.522,0.3162,0.4744,0.2553,0.5255,0.3069,0.2027,0.1557,0.3498,
1.0,0.9991,0.9679,0.967,0.9702,0.9978,0.9958,0.9919,0.9861,0.9242,0.742,0.9325,0.9104,0.8399,0.8026,0.8577,0.6913,0.8262,0.9377,0.7877,0.6133,0.9537,0.7277,0.6215,0.6105,0.6175,0.8625,0.5666,0.6209,0.7842,0.4978,0.5459,0.3873,0.5882,0.6664,0.5874,0.521,0.3069,0.4695,0.2602,0.5205,0.3101,0.2045,0.1573,0.3547,
1.0,0.9985,0.9682,0.9667,0.9681,0.9978,0.9952,0.9901,0.9857,0.9192,0.7309,0.9296,0.9039,0.8378,0.7996,0.8507,0.6881,0.8239,0.9416,0.7804,0.6011,0.9503,0.7059,0.6158,0.5998,0.6123,0.8582,0.5693,0.6161,0.7701,0.4953,0.5545,0.3809,0.5906,0.6811,0.5744,0.5281,0.3148,0.481,0.2621,0.5316,0.3096,0.2065,0.165,0.3521,
1.0,0.9993,0.9642,0.9635,0.9684,0.9973,0.9953,0.9915,0.9863,0.9227,0.737,0.9269,0.9073,0.8396,0.804,0.8515,0.681,0.8257,0.9374,0.7763,0.6118,0.951,0.718,0.6198,0.5985,0.6111,0.8536,0.567,0.6126,0.7831,0.5044,0.5512,0.3892,0.5835,0.668,0.5764,0.5144,0.3158,0.4751,0.258,0.5181,0.3104,0.2099,0.1565,0.3543,
1.0,0.9989,0.9698,0.9687,0.9684,0.9982,0.9962,0.9905,0.9864,0.9212,0.74,0.9318,0.9064,0.8445,0.8086,0.8534,0.6978,0.8334,0.938,0.7824,0.6123,0.9548,0.7212,0.6248,0.6136,0.6143,0.8594,0.5695,0.625,0.7753,0.4985,0.552,0.3911,0.5962,0.6762,0.5831,0.518,0.3225,0.4807,0.2674,0.5281,0.3151,0.2088,0.1594,0.3601,
1.0,0.9994,0.9665,0.9659,0.9671,0.9963,0.995,0.9906,0.9843,0.9165,0.7289,0.9271,0.8991,0.8425,0.8044,0.8449,0.6859,0.8288,0.9428,0.7746,0.6054,0.9501,0.7103,0.6203,0.6037,0.6141,0.8584,0.5721,0.6118,0.7708,0.4912,0.5564,0.3877,0.5931,0.6744,0.5722,0.522,0.3195,0.4788,0.2574,0.522,0.3047,0.195,0.1615,0.3609,
1.0,0.9984,0.9677,0.9661,0.966,0.9966,0.994,0.9898,0.9827,0.9187,0.731,0.9278,0.9031,0.8427,0.8035,0.8483,0.6802,0.8291,0.94,0.7699,0.6152,0.9513,0.7227,0.6239,0.6074,0.6116,0.8538,0.5697,0.6141,0.7749,0.4974,0.5538,0.3893,0.5874,0.6701,0.5778,0.5101,0.3153,0.4817,0.2548,0.5183,0.3075,0.1992,0.1597,0.3538,
1.0,0.999,0.9652,0.9642,0.9667,0.997,0.9955,0.9895,0.9844,0.9263,0.7333,0.9253,0.9097,0.8363,0.7969,0.8525,0.6807,0.8227,0.9351,0.7821,0.6086,0.9484,0.7263,0.6135,0.6005,0.6011,0.8564,0.5581,0.6202,0.7808,0.5048,0.5394,0.3859,0.5837,0.6658,0.5858,0.5205,0.3166,0.4785,0.2639,0.5283,0.3065,0.2005,0.1659,0.3479,
1.0,0.9988,0.9693,0.9681,0.9682,0.9967,0.9945,0.9903,0.9849,0.928,0.7402,0.931,0.9116,0.8409,0.8026,0.8595,0.6846,0.8289,0.9438,0.7818,0.6201,0.9543,0.7308,0.6289,0.6087,0.621,0.8511,0.5654,0.6251,0.7824,0.5094,0.5584,0.3884,0.5882,0.6768,0.5901,0.5175,0.3146,0.4709,0.263,0.5164,0.314,0.2042,0.1565,0.3508,
1.0,0.9989,0.9675,0.9664,0.9708,0.9967,0.9944,0.9902,0.9853,0.9197,0.7352,0.9319,0.9028,0.8412,0.8005,0.8538,0.6794,0.8288,0.94,0.7733,0.6078,0.9517,0.723,0.6219,0.6113,0.6089,0.8516,0.5655,0.6156,0.7783,0.5035,0.5464,0.3855,0.5853,0.6731,0.5805,0.521,0.3205,0.477,0.2608,0.5277,0.3137,0.2076,0.1716,0.3448,
1.0,0.999,0.9711,0.9701,0.972,0.9974,0.9954,0.9912,0.9855,0.9256,0.7421,0.9367,0.9115,0.8417,0.8053,0.8625,0.6909,0.8281,0.9382,0.7878,0.612,0.9538,0.7231,0.627,0.6064,0.6193,0.8567,0.5647,0.621,0.7888,0.5086,0.5527,0.395,0.597,0.679,0.5818,0.5168,0.3156,0.4796,0.2575,0.5279,0.3155,0.2136,0.1673,0.3568,
1.0,0.9991,0.9652,0.9643,0.9722,0.9974,0.9955,0.9903,0.9857,0.9222,0.7368,0.9318,0.9064,0.8357,0.7973,0.8544,0.676,0.8242,0.9436,0.7804,0.6085,0.9531,0.7162,0.6187,0.6061,0.6201,0.8526,0.5676,0.6173,0.7817,0.5033,0.5514,0.3836,0.5863,0.6708,0.5768,0.5213,0.3148,0.4715,0.259,0.5227,0.305,0.2066,0.1634,0.3476,
1.0,0.9982,0.9674,0.9656,0.9668,0.9977,0.9947,0.9882,0.9837,0.9214,0.731,0.927,0.904,0.8415,0.8026,0.849,0.6926,0.8278,0.9379,0.7837,0.6111,0.9474,0.7213,0.6237,0.6048,0.6118,0.8625,0.5718,0.6235,0.779,0.5039,0.5559,0.3929,0.5898,0.6748,0.5769,0.517,0.3194,0.4815,0.2635,0.5338,0.3128,0.2081,0.1613,0.3564,
1.0,0.9988,0.9685,0.9673,0.9677,0.9975,0.9949,0.9899,0.9843,0.9243,0.7337,0.9298,0.9079,0.8384,0.7993,0.8544,0.684,0.8254,0.9427,0.7833,0.6163,0.9534,0.7275,0.6266,0.6114,0.6134,0.8576,0.5693,0.6278,0.7779,0.5051,0.555,0.393,0.6037,0.6796,0.5895,0.5165,0.3178,0.4822,0.2649,0.5249,0.3124,0.2113,0.1589,0.3627,
1.0,0.9989,0.9691,0.968,0.9702,0.9965,0.9945,0.9904,0.9845,0.9226,0.7361,0.9312,0.9043,0.8383,0.8003,0.8544,0.6838,0.8244,0.9418,0.7803,0.6105,0.9523,0.7192,0.6223,0.6049,0.6182,0.8541,0.5656,0.6142,0.7833,0.5044,0.5499,0.3925,0.5905,0.6739,0.5759,0.5237,0.3185,0.4726,0.2559,0.5149,0.3118,0.2082,0.1644,0.3539,
1.0,0.9982,0.967,0.9652,0.9715,0.998,0.9949,0.9892,0.9833,0.9243,0.7332,0.9321,0.909,0.8361,0.7949,0.8569,0.6798,0.82,0.943,0.7844,0.6126,0.9504,0.7219,0.6237,0.6065,0.6152,0.8577,0.5674,0.6245,0.7789,0.5097,0.5509,0.3962,0.5894,0.6731,0.5897,0.5225,0.3202,0.4787,0.2558,0.5192,0.3127,0.2088,0.1629,0.3491,
1.0,0.9989,0.9703,0.9692,0.9708,0.9967,0.9944,0.9908,0.985,0.9245,0.7444,0.9349,0.9092,0.8463,0.8109,0.8603,0.6982,0.8333,0.9397,0.7906,0.6119,0.9554,0.7199,0.6274,0.6102,0.6257,0.8624,0.5803,0.6186,0.7889,0.5042,0.5627,0.3854,0.5963,0.6762,0.5762,0.5252,0.3162,0.4806,0.2639,0.5227,0.3126,0.206,0.1612,0.3591,
1.0,0.9986,0.9659,0.9645,0.9691,0.9976,0.9952,0.9906,0.9856,0.924,0.7352,0.9295,0.9104,0.8382,0.801,0.855,0.6784,0.824,0.9371,0.779,0.6092,0.9496,0.7182,0.6166,0.596,0.6068,0.857,0.5618,0.6146,0.7842,0.5016,0.5403,0.3824,0.5772,0.665,0.5725,0.5128,0.3166,0.4656,0.2542,0.5135,0.3043,0.1975,0.1546,0.3422,
1.0,0.9994,0.9664,0.9658,0.9654,0.9964,0.9952,0.9903,0.9843,0.9216,0.7268,0.925,0.9035,0.8349,0.7949,0.8489,0.6754,0.8223,0.9444,0.774,0.6108,0.9477,0.7232,0.6197,0.6041,0.6083,0.8522,0.5624,0.6197,0.7733,0.4988,0.5505,0.3888,0.5859,0.6784,0.5855,0.5157,0.312,0.4782,0.251,0.5195,0.3153,0.1999,0.163,0.3484,
1.0,0.9992,0.9642,0.9634,0.9698,0.9975,0.9962,0.9919,0.9862,0.92,0.7315,0.9273,0.905,0.8384,0.8022,0.8491,0.6878,0.8241,0.939,0.7846,0.6043,0.9533,0.7146,0.6181,0.605,0.6116,0.8581,0.5757,0.6131,0.7796,0.5088,0.5503,0.3948,0.5838,0.6744,0.5807,0.5215,0.3195,0.476,0.2513,0.5263,0.3124,0.2082,0.1665,0.3535,
1.0,0.9987,0.9666,0.9653,0.9679,0.9974,0.9954,0.9907,0.9863,0.9217,0.7331,0.9286,0.9066,0.8379,0.8005,0.8526,0.6801,0.8247,0.942,0.7775,0.6057,0.9537,0.7216,0.6159,0.6069,0.6126,0.8585,0.5651,0.6156,0.7816,0.5067,0.55,0.3911,0.5963,0.677,0.5844,0.5218,0.3286,0.4917,0.2544,0.5253,0.3169,0.2081,0.1705,0.3591,
1.0,0.999,0.9645,0.9635,0.9709,0.9976,0.9952,0.9913,0.9867,0.9288,0.7407,0.9297,0.914,0.8379,0.8003,0.8593,0.6784,0.8252,0.9441,0.7842,0.6167,0.9522,0.7289,0.6258,0.6066,0.6165,0.8552,0.566,0.626,0.7902,0.5096,0.5541,0.3902,0.5923,0.6766,0.5937,0.5188,0.3136,0.4744,0.2612,0.5191,0.3218,0.211,0.1592,0.3576,
1.0,0.9987,0.9684,0.9671,0.9691,0.9969,0.9948,0.9919,0.9859,0.9304,0.7348,0.9311,0.916,0.8302,0.793,0.8629,0.677,0.8175,0.9412,0.789,0.6089,0.9544,0.7272,0.6144,0.6026,0.6115,0.8555,0.5613,0.6273,0.7882,0.51,0.5429,0.3819,0.5928,0.6796,0.5931,0.5221,0.3071,0.4797,0.2606,0.5339,0.3179,0.2122,0.1587,0.3547,
1.0,0.999,0.9652,0.9642,0.9716,0.997,0.9951,0.9903,0.9832,0.9253,0.7349,0.9311,0.91,0.8357,0.7951,0.8577,0.6792,0.8201,0.937,0.7862,0.6092,0.9509,0.7207,0.6174,0.6014,0.6117,0.86,0.5641,0.6162,0.7821,0.5045,0.5441,0.3847,0.5869,0.6756,0.5815,0.5251,0.314,0.4825,0.2631,0.5322,0.313,0.2083,0.1635,0.3503,
1.0,0.9985,0.9671,0.9656,0.971,0.9973,0.9946,0.9906,0.9857,0.9206,0.7371,0.9323,0.906,0.8408,0.8075,0.8536,0.6861,0.8281,0.9413,0.7835,0.6153,0.9524,0.7229,0.6271,0.6062,0.6183,0.8535,0.5741,0.621,0.7882,0.5151,0.5585,0.3902,0.5864,0.6707,0.5842,0.5202,0.3186,0.4745,0.2601,0.5198,0.3123,0.2101,0.1605,0.3525,
1.0,0.999,0.9683,0.9673,0.9686,0.9965,0.995,0.9918,0.9854,0.9213,0.7339,0.9306,0.906,0.8393,0.7986,0.8533,0.6815,0.8276,0.9401,0.7755,0.6104,0.9524,0.7268,0.6249,0.6147,0.6104,0.858,0.568,0.6272,0.7771,0.4894,0.5535,0.3897,0.5909,0.6759,0.5842,0.5254,0.3093,0.4812,0.2689,0.5252,0.3056,0.2079,0.166,0.3604,
1.0,0.9992,0.9665,0.9657,0.9686,0.9959,0.9936,0.9904,0.9852,0.9276,0.7376,0.9287,0.9098,0.8379,0.7967,0.8578,0.6803,0.8241,0.9361,0.7827,0.6062,0.9519,0.7268,0.6145,0.6017,0.6039,0.8599,0.5641,0.6237,0.7833,0.5067,0.5426,0.3846,0.591,0.6689,0.5783,0.5188,0.3161,0.4797,0.2603,0.5188,0.3148,0.2063,0.1556,0.3551,
1.0,0.9995,0.9704,0.9699,0.9709,0.9974,0.9958,0.9914,0.9871,0.9259,0.7424,0.9349,0.9095,0.8414,0.8063,0.8614,0.6884,0.8293,0.943,0.7833,0.6099,0.9558,0.7234,0.6232,0.6094,0.6194,0.8513,0.5695,0.6195,0.7874,0.5067,0.5556,0.3852,0.5923,0.6786,0.5772,0.5265,0.315,0.4782,0.2626,0.5258,0.3128,0.2105,0.1641,0.3603,
1.0,0.9993,0.9681,0.9674,0.9693,0.9965,0.9953,0.9905,0.9858,0.9242,0.7343,0.9305,0.9062,0.8368,0.8014,0.8557,0.6826,0.825,0.9384,0.7839,0.6032,0.9495,0.7208,0.6175,0.6075,0.6068,0.8574,0.558,0.6257,0.7833,0.4997,0.5459,0.3913,0.6025,0.6743,0.5817,0.5151,0.3085,0.4826,0.2631,0.5279,0.3134,0.2065,0.1593,0.3604,
1.0,0.9985,0.9656,0.9641,0.9695,0.9974,0.9957,0.9915,0.986,0.9222,0.7337,0.9276,0.9073,0.8395,0.8037,0.8522,0.6857,0.8277,0.9468,0.7863,0.6112,0.953,0.7159,0.6202,0.6095,0.6193,0.8592,0.578,0.6173,0.7833,0.5074,0.5527,0.382,0.5873,0.6818,0.5911,0.5309,0.3271,0.4828,0.2611,0.5236,0.3176,0.2083,0.1657,0.3527,
1.0,0.9991,0.966,0.9651,0.9683,0.9971,0.9952,0.9911,0.985,0.9243,0.7345,0.9279,0.9085,0.8368,0.7977,0.8539,0.6825,0.822,0.9365,0.7826,0.6049,0.9521,0.7195,0.6116,0.6009,0.6072,0.8585,0.5617,0.6182,0.7848,0.507,0.5448,0.3863,0.5956,0.6723,0.5811,0.5143,0.3168,0.4857,0.2551,0.529,0.3156,0.2084,0.1554,0.3532,
1.0,0.9991,0.9677,0.9668,0.9699,0.9973,0.9952,0.9894,0.9849,0.925,0.7391,0.9293,0.9055,0.8412,0.8,0.8556,0.6842,0.8284,0.938,0.7794,0.6091,0.9514,0.7217,0.621,0.6073,0.6139,0.8542,0.5658,0.6208,0.7883,0.5076,0.5517,0.388,0.5903,0.674,0.5793,0.5228,0.3198,0.4773,0.2673,0.5258,0.3182,0.2128,0.162,0.3539,
1.0,0.9989,0.97,0.9689,0.9688,0.9961,0.9939,0.9915,0.9863,0.923,0.741,0.932,0.9063,0.843,0.8073,0.8562,0.6885,0.8294,0.9375,0.7786,0.6117,0.9513,0.7206,0.6239,0.612,0.6237,0.855,0.5693,0.6212,0.782,0.5048,0.5621,0.3979,0.5967,0.6783,0.5781,0.5159,0.326,0.4815,0.2638,0.5207,0.3164,0.214,0.165,0.3631,
1.0,0.999,0.9662,0.9652,0.9674,0.9972,0.9954,0.9918,0.9868,0.9235,0.7376,0.9279,0.9085,0.8388,0.8023,0.8523,0.6804,0.8262,0.9436,0.7748,0.6148,0.9496,0.7224,0.6218,0.6063,0.6159,0.8559,0.5699,0.6187,0.7865,0.5026,0.5534,0.3862,0.5876,0.6726,0.5837,0.5186,0.318,0.4713,0.2554,0.5133,0.3104,0.2064,0.1541,0.3513,
1.0,0.9983,0.9682,0.9665,0.9706,0.9978,0.9951,0.99,0.9855,0.9236,0.7375,0.9317,0.9087,0.8378,0.7977,0.8555,0.6845,0.8248,0.9373,0.7832,0.6044,0.9531,0.7184,0.6149,0.602,0.6083,0.8589,0.5638,0.6166,0.7818,0.5012,0.5443,0.3868,0.5874,0.6695,0.5783,0.5294,0.3169,0.4754,0.2641,0.5147,0.3101,0.2093,0.1549,0.3517,
1.0,0.9983,0.9671,0.9654,0.9665,0.997,0.9943,0.9901,0.9853,0.9244,0.7326,0.9275,0.909,0.8391,0.8025,0.8523,0.688,0.8254,0.94,0.7826,0.6117,0.9498,0.723,0.6203,0.604,0.6125,0.8572,0.5715,0.623,0.7816,0.5092,0.5562,0.3853,0.5896,0.673,0.5867,0.5148,0.3188,0.4771,0.2599,0.5244,0.3164,0.2105,0.1566,0.3578,
1.0,0.9992,0.9682,0.9674,0.9722,0.9979,0.9962,0.9909,0.9859,0.9202,0.7316,0.9342,0.9047,0.8345,0.7955,0.8555,0.6818,0.8212,0.9441,0.7815,0.6021,0.9508,0.7186,0.6195,0.6082,0.611,0.8585,0.564,0.6189,0.7809,0.5041,0.5523,0.3942,0.5934,0.6886,0.5797,0.5261,0.3257,0.4809,0.2546,0.5302,0.3143,0.2131,0.1676,0.3569,
1.0,0.9989,0.9675,0.9664,0.971,0.9977,0.9949,0.9916,0.9863,0.9237,0.7413,0.9325,0.9094,0.842,0.8061,0.8577,0.6855,0.8284,0.9426,0.782,0.622,0.9558,0.7215,0.6287,0.611,0.6226,0.8537,0.5721,0.6229,0.7817,0.5053,0.5517,0.3939,0.5902,0.6733,0.5928,0.5232,0.3147,0.4798,0.2628,0.5177,0.3145,0.2083,0.1707,0.3561,
1.0,0.9989,0.9718,0.9707,0.9695,0.9977,0.9948,0.9904,0.986,0.9208,0.7372,0.934,0.9046,0.8424,0.8036,0.8548,0.6916,0.8285,0.9385,0.7813,0.6116,0.9551,0.7223,0.6274,0.6071,0.6098,0.8584,0.5733,0.6189,0.7803,0.5085,0.5582,0.3918,0.5951,0.6829,0.5785,0.5234,0.3214,0.477,0.2584,0.5297,0.3122,0.2087,0.163,0.3605,
1.0,0.9994,0.9681,0.9675,0.9686,0.9975,0.9959,0.9911,0.9851,0.9266,0.7347,0.9308,0.9109,0.838,0.8001,0.8589,0.6809,0.8254,0.9364,0.7826,0.6043,0.9542,0.7231,0.6159,0.6047,0.6112,0.8517,0.5652,0.6233,0.7862,0.5055,0.5544,0.3936,0.5952,0.6747,0.5779,0.514,0.316,0.4802,0.2598,0.5252,0.3133,0.2146,0.161,0.3569,
1.0,0.9988,0.9659,0.9647,0.9671,0.9981,0.9958,0.9919,0.9849,0.9253,0.7281,0.9267,0.9119,0.8322,0.794,0.8528,0.6698,0.817,0.9344,0.7758,0.5963,0.953,0.7151,0.6035,0.5934,0.6003,0.8505,0.551,0.6148,0.7802,0.4935,0.5353,0.3767,0.5861,0.6663,0.5733,0.5085,0.3062,0.4684,0.2539,0.508,0.3075,0.2038,0.1494,0.3458,
1.0,0.9991,0.969,0.9681,0.9672,0.9973,0.9956,0.9916,0.9868,0.9221,0.7301,0.928,0.9051,0.8369,0.8018,0.8522,0.6879,0.8252,0.9439,0.7819,0.6104,0.9544,0.7218,0.6244,0.6049,0.6067,0.8548,0.5654,0.6163,0.7806,0.499,0.5479,0.3886,0.5869,0.6732,0.5806,0.5238,0.3134,0.4818,0.2539,0.5296,0.3061,0.2065,0.1685,0.3521,
1.0,0.9986,0.9699,0.9685,0.9698,0.9972,0.995,0.9911,0.9851,0.9223,0.736,0.9326,0.9076,0.8385,0.7998,0.8571,0.6882,0.826,0.9446,0.7837,0.6147,0.9551,0.7261,0.6309,0.6098,0.613,0.8603,0.5703,0.6256,0.7804,0.5043,0.5547,0.391,0.5915,0.6738,0.5872,0.5255,0.3199,0.4749,0.2638,0.5207,0.3083,0.2074,0.164,0.3564,
1.0,0.9993,0.9667,0.966,0.9694,0.9979,0.9958,0.99,0.9848,0.9249,0.7393,0.9298,0.9087,0.8422,0.8015,0.8555,0.6795,0.8284,0.9364,0.775,0.6136,0.9522,0.7228,0.6227,0.6032,0.6145,0.8496,0.5666,0.6161,0.7832,0.5091,0.5554,0.3944,0.5847,0.6602,0.5778,0.5089,0.3221,0.4721,0.2583,0.5141,0.3064,0.2064,0.1582,0.3456,
1.0,0.9994,0.9665,0.9659,0.9686,0.9966,0.9953,0.9906,0.9844,0.9222,0.7434,0.9297,0.9055,0.8479,0.8114,0.8522,0.6904,0.835,0.9396,0.781,0.6156,0.9533,0.7177,0.6252,0.5959,0.6202,0.8501,0.5695,0.6127,0.781,0.5125,0.5537,0.3854,0.5874,0.6713,0.5785,0.5121,0.3212,0.4775,0.2597,0.5225,0.316,0.2076,0.154,0.3571,
1.0,0.9985,0.9666,0.9651,0.9687,0.9975,0.9954,0.9913,0.9848,0.9232,0.7333,0.9294,0.9095,0.8365,0.7988,0.8534,0.6773,0.8235,0.9405,0.7795,0.6112,0.954,0.7234,0.6192,0.6054,0.6128,0.8568,0.5637,0.6121,0.7799,0.4999,0.5455,0.3885,0.5889,0.6751,0.5806,0.5219,0.3145,0.4781,0.2563,0.5162,0.3161,0.2034,0.1615,0.3542,
1.0,0.9987,0.9668,0.9655,0.9697,0.9973,0.9947,0.9887,0.9831,0.9236,0.7352,0.9298,0.9062,0.8404,0.8012,0.8546,0.6822,0.8262,0.9395,0.7822,0.6135,0.9529,0.7246,0.625,0.6067,0.617,0.851,0.5692,0.6199,0.7807,0.5101,0.5509,0.3863,0.5923,0.6806,0.5875,0.5251,0.3167,0.4742,0.2627,0.5237,0.3119,0.2144,0.1638,0.3503,
1.0,0.9989,0.9681,0.967,0.9708,0.9967,0.9948,0.9907,0.9839,0.9261,0.7375,0.9332,0.9103,0.8394,0.8003,0.8611,0.6844,0.824,0.9402,0.7883,0.6155,0.9517,0.731,0.6271,0.6122,0.6143,0.8576,0.5656,0.6279,0.7837,0.5034,0.5459,0.3908,0.5941,0.6779,0.5898,0.5157,0.3155,0.4888,0.2619,0.5216,0.3158,0.2045,0.1636,0.3629,
1.0,0.999,0.9651,0.9641,0.9704,0.9975,0.9956,0.9904,0.986,0.9253,0.7397,0.9303,0.9101,0.8409,0.803,0.8561,0.6811,0.8287,0.9415,0.7826,0.611,0.9548,0.7231,0.6222,0.6003,0.6126,0.8528,0.5604,0.6176,0.7769,0.4967,0.5442,0.3815,0.5826,0.6753,0.5873,0.5271,0.311,0.4741,0.2673,0.5187,0.3038,0.2059,0.1657,0.3457,
1.0,0.9989,0.9687,0.9676,0.9709,0.997,0.9948,0.9915,0.9869,0.9266,0.7383,0.9322,0.9099,0.8348,0.7984,0.8603,0.6823,0.8222,0.9402,0.7865,0.6044,0.9511,0.7129,0.6157,0.5949,0.6093,0.8533,0.5558,0.6125,0.7842,0.5134,0.5402,0.3814,0.5908,0.6737,0.5728,0.5151,0.3083,0.4737,0.2583,0.5199,0.3132,0.2129,0.1575,0.3511,
1.0,0.9993,0.9666,0.9659,0.9714,0.9981,0.9959,0.9911,0.9859,0.9287,0.7395,0.9328,0.9142,0.8382,0.8021,0.8627,0.6868,0.8239,0.9369,0.7923,0.6138,0.9538,0.7287,0.6183,0.6142,0.6156,0.8607,0.5624,0.6296,0.7885,0.5105,0.544,0.3922,0.5919,0.6694,0.5916,0.5266,0.3224,0.4802,0.2735,0.5218,0.3214,0.2089,0.1658,0.3593,
1.0,0.9994,0.9678,0.9672,0.9697,0.9976,0.9959,0.9905,0.9861,0.9229,0.7397,0.9316,0.9068,0.8427,0.8051,0.8557,0.6868,0.8305,0.9394,0.7809,0.6099,0.9514,0.7158,0.6226,0.6045,0.6128,0.8523,0.568,0.6228,0.7827,0.4967,0.5548,0.3808,0.5988,0.6745,0.5778,0.5103,0.3132,0.4822,0.2565,0.5281,0.3105,0.2072,0.1548,0.3641,
1.0,0.9984,0.9648,0.9632,0.9679,0.9965,0.9936,0.9913,0.9873,0.9266,0.7355,0.9261,0.9114,0.8338,0.7994,0.8551,0.6778,0.8219,0.943,0.7828,0.6108,0.9529,0.7268,0.6152,0.6069,0.6137,0.8566,0.5636,0.6244,0.786,0.5091,0.5452,0.3867,0.5891,0.677,0.5879,0.5258,0.3167,0.4771,0.2665,0.5209,0.3139,0.2063,0.1576,0.3502,
1.0,0.9991,0.9673,0.9664,0.9683,0.9969,0.9952,0.9909,0.9857,0.9251,0.7413,0.9287,0.9087,0.8433,0.8027,0.8536,0.6869,0.8301,0.9391,0.7795,0.6121,0.9512,0.7231,0.6249,0.6032,0.6152,0.8534,0.5738,0.6194,0.7813,0.4998,0.5565,0.3875,0.5893,0.6728,0.5849,0.514,0.3172,0.4806,0.2563,0.5277,0.312,0.2038,0.1691,0.3536,
1.0,0.9988,0.9672,0.966,0.9686,0.9971,0.9953,0.9903,0.9851,0.9238,0.7349,0.9299,0.9075,0.8386,0.8001,0.8552,0.6822,0.8248,0.938,0.782,0.6102,0.9519,0.7271,0.6193,0.606,0.6092,0.8598,0.5643,0.6205,0.7855,0.5095,0.5488,0.3981,0.5988,0.6812,0.5869,0.528,0.3184,0.4857,0.2624,0.5248,0.3213,0.2142,0.1743,0.3634,
1.0,0.9992,0.9679,0.9671,0.9729,0.9969,0.9949,0.991,0.985,0.9198,0.7342,0.934,0.903,0.837,0.7981,0.8535,0.6823,0.8207,0.9389,0.7805,0.607,0.9483,0.719,0.6251,0.603,0.6095,0.8591,0.5632,0.6098,0.7857,0.5108,0.5433,0.3924,0.5887,0.6726,0.5741,0.5156,0.317,0.4775,0.2462,0.5223,0.312,0.2089,0.1636,0.35,
1.0,0.9981,0.9706,0.9687,0.9698,0.9973,0.9946,0.9902,0.9845,0.9234,0.7298,0.9343,0.909,0.8351,0.797,0.8588,0.681,0.8212,0.9385,0.7827,0.6066,0.9517,0.722,0.6181,0.6124,0.607,0.8569,0.5612,0.6286,0.7814,0.5012,0.5482,0.3894,0.5893,0.6731,0.5822,0.5194,0.31,0.4784,0.2597,0.5264,0.3105,0.2105,0.1593,0.3552,
1.0,0.9989,0.9674,0.9663,0.9716,0.9977,0.9956,0.9908,0.9845,0.9244,0.7389,0.9323,0.909,0.841,0.802,0.8581,0.6868,0.826,0.9418,0.7861,0.6123,0.9523,0.7216,0.6267,0.603,0.6161,0.8579,0.5711,0.6229,0.7853,0.5047,0.5583,0.3827,0.5896,0.6754,0.5825,0.5243,0.3129,0.4795,0.2641,0.5294,0.3083,0.2058,0.1654,0.3598,
1.0,0.9992,0.9692,0.9684,0.972,0.9964,0.9949,0.9908,0.9851,0.9269,0.7414,0.9353,0.9107,0.8384,0.8038,0.8631,0.6848,0.8245,0.9407,0.788,0.6164,0.9512,0.7284,0.6281,0.6098,0.6168,0.8541,0.5641,0.6246,0.7888,0.5139,0.5483,0.3957,0.5901,0.6776,0.5887,0.5213,0.3124,0.474,0.2575,0.5213,0.3216,0.2109,0.1694,0.3517,
1.0,0.9995,0.967,0.9665,0.9699,0.9982,0.9969,0.9924,0.9868,0.921,0.7342,0.9319,0.9083,0.8379,0.8051,0.8547,0.6929,0.8259,0.9418,0.7882,0.6101,0.9582,0.7233,0.6229,0.6057,0.6098,0.8626,0.5687,0.6205,0.7826,0.4994,0.5477,0.3845,0.5957,0.6757,0.5815,0.5216,0.3096,0.4827,0.2607,0.5339,0.3091,0.2013,0.1614,0.3634,
1.0,0.9986,0.9702,0.9688,0.97,0.9971,0.9948,0.9883,0.9835,0.9296,0.7366,0.9337,0.9122,0.8357,0.7994,0.8639,0.6861,0.8222,0.9416,0.7932,0.6134,0.9494,0.725,0.619,0.6032,0.6198,0.856,0.569,0.6221,0.791,0.5186,0.5502,0.3926,0.5912,0.6771,0.5869,0.5252,0.3195,0.4821,0.2609,0.5317,0.3237,0.2125,0.167,0.3508,
1.0,0.9988,0.9662,0.965,0.9693,0.9972,0.9954,0.99,0.9838,0.9201,0.7294,0.9283,0.9024,0.8393,0.7957,0.8492,0.6805,0.8263,0.9436,0.7765,0.6089,0.9494,0.7201,0.6249,0.6103,0.6108,0.8549,0.565,0.6234,0.773,0.4975,0.5526,0.3945,0.5934,0.6758,0.5793,0.5224,0.3253,0.4789,0.2627,0.5268,0.3071,0.2061,0.1649,0.3566,
1.0,0.9987,0.9692,0.9679,0.9676,0.9967,0.9946,0.9911,0.9858,0.9244,0.7378,0.9304,0.9092,0.8397,0.8039,0.8565,0.6913,0.8267,0.9413,0.7862,0.6143,0.9539,0.7265,0.623,0.6076,0.6137,0.8624,0.5676,0.619,0.7825,0.5013,0.5486,0.3856,0.5899,0.6733,0.5875,0.5271,0.3167,0.4783,0.2616,0.5229,0.3094,0.203,0.1634,0.3514,
1.0,0.9993,0.9678,0.9671,0.9699,0.9967,0.9949,0.9907,0.9866,0.9257,0.7363,0.9325,0.9099,0.8364,0.8018,0.8604,0.6793,0.8236,0.9409,0.7803,0.6092,0.9532,0.725,0.6212,0.6083,0.6114,0.8534,0.559,0.6189,0.7872,0.5112,0.5503,0.3974,0.5936,0.6755,0.5846,0.5352,0.3145,0.4771,0.2626,0.5199,0.3188,0.2101,0.1771,0.3533,
1.0,0.9985,0.9687,0.9672,0.9686,0.997,0.9945,0.99,0.9851,0.9232,0.733,0.9302,0.9066,0.8366,0.7964,0.8557,0.6798,0.8252,0.9409,0.7773,0.6051,0.9543,0.7233,0.6212,0.6117,0.6123,0.851,0.5674,0.6273,0.7796,0.5007,0.5645,0.3862,0.5965,0.6811,0.5884,0.5229,0.3206,0.4764,0.267,0.5236,0.3104,0.2116,0.1641,0.3598,
1.0,0.9989,0.9669,0.9658,0.9704,0.9967,0.9947,0.9889,0.9841,0.9243,0.7367,0.9299,0.9049,0.84,0.802,0.8556,0.6877,0.8269,0.9405,0.7869,0.607,0.9493,0.7181,0.6208,0.6084,0.6177,0.8565,0.5691,0.6198,0.7829,0.5078,0.553,0.3916,0.5875,0.6764,0.5802,0.526,0.3126,0.4826,0.2613,0.5237,0.3166,0.2116,0.1601,0.3578,
1.0,0.9989,0.9664,0.9653,0.9693,0.9975,0.9956,0.991,0.9849,0.9271,0.7418,0.9296,0.9125,0.8447,0.8037,0.8571,0.688,0.8319,0.9398,0.7825,0.6145,0.9537,0.7222,0.6232,0.5935,0.6126,0.858,0.5692,0.6162,0.7834,0.4993,0.5544,0.3802,0.5921,0.6777,0.58,0.525,0.3185,0.4825,0.264,0.5296,0.3108,0.2048,0.1623,0.3562,
1.0,0.9989,0.9722,0.9711,0.9708,0.9974,0.9955,0.9917,0.9856,0.9259,0.7423,0.9362,0.911,0.8427,0.8034,0.8628,0.6907,0.8292,0.9398,0.7853,0.6134,0.9557,0.7288,0.6255,0.6183,0.6182,0.8621,0.5726,0.6264,0.7856,0.5061,0.5598,0.397,0.596,0.6829,0.5865,0.5241,0.3236,0.477,0.2613,0.5281,0.3115,0.2108,0.17,0.3556,
1.0,0.9985,0.967,0.9655,0.9728,0.9967,0.9946,0.9902,0.9855,0.9199,0.7387,0.9312,0.9015,0.8437,0.8044,0.8521,0.6877,0.8327,0.941,0.7791,0.6101,0.9523,0.7212,0.6279,0.612,0.6181,0.8534,0.5704,0.6144,0.7803,0.5045,0.551,0.3974,0.5876,0.6679,0.5782,0.5119,0.324,0.4783,0.2538,0.5172,0.3159,0.2033,0.166,0.3551,
1.0,0.9989,0.9679,0.9668,0.9708,0.9969,0.9945,0.9902,0.9849,0.9219,0.7412,0.933,0.9059,0.847,0.8103,0.8554,0.6957,0.8328,0.9398,0.7863,0.6147,0.9509,0.7194,0.6288,0.605,0.6216,0.8581,0.582,0.6183,0.7812,0.5081,0.5659,0.3905,0.5907,0.6776,0.5785,0.5232,0.3223,0.4803,0.2659,0.5255,0.3136,0.2045,0.1604,0.3578,
1.0,0.9989,0.968,0.9669,0.967,0.9973,0.9955,0.9905,0.9851,0.9252,0.7284,0.928,0.9086,0.8331,0.7953,0.8539,0.6797,0.8207,0.9439,0.7807,0.6063,0.9498,0.7224,0.6181,0.6063,0.6134,0.8557,0.5655,0.6219,0.7861,0.4988,0.5488,0.3871,0.5941,0.6748,0.5847,0.5221,0.3093,0.4814,0.2552,0.5228,0.3098,0.2019,0.1679,0.3552,
1.0,0.9993,0.9688,0.9681,0.9705,0.9965,0.9949,0.991,0.9844,0.9254,0.7294,0.9344,0.9102,0.8308,0.7929,0.8602,0.6711,0.8169,0.9393,0.7809,0.6037,0.9513,0.7224,0.6161,0.6033,0.6045,0.8545,0.5537,0.624,0.7828,0.5062,0.5426,0.3919,0.5929,0.6772,0.5786,0.5154,0.3117,0.4786,0.2544,0.5291,0.3153,0.2073,0.1635,0.3506,
1.0,0.9993,0.9691,0.9684,0.9699,0.9966,0.9945,0.9901,0.9854,0.9256,0.7315,0.9335,0.9093,0.8328,0.7942,0.8605,0.681,0.8205,0.9445,0.7874,0.6136,0.9506,0.7299,0.6262,0.6112,0.6107,0.8608,0.5688,0.6253,0.7866,0.5014,0.5538,0.389,0.591,0.6772,0.5904,0.5304,0.3086,0.4791,0.2656,0.531,0.3133,0.2133,0.1717,0.3526,
1.0,0.9988,0.9686,0.9674,0.9704,0.9968,0.995,0.9914,0.9857,0.9307,0.7435,0.9318,0.9147,0.8403,0.8049,0.8637,0.6912,0.8276,0.9392,0.793,0.6186,0.9513,0.7319,0.6268,0.6123,0.6151,0.8628,0.5673,0.6329,0.7933,0.5024,0.5447,0.3876,0.5943,0.6702,0.5911,0.5152,0.3149,0.49,0.2703,0.5316,0.3143,0.2075,0.1657,0.3593,
1.0,0.9992,0.967,0.9662,0.9709,0.997,0.9951,0.9915,0.9857,0.9257,0.7431,0.9317,0.9102,0.8443,0.8073,0.8602,0.6912,0.8297,0.9378,0.7884,0.6158,0.9522,0.7233,0.6291,0.6066,0.6199,0.8594,0.5763,0.6244,0.7826,0.5059,0.5596,0.3949,0.5932,0.6766,0.5805,0.5178,0.316,0.4819,0.2663,0.5318,0.3134,0.2111,0.162,0.3646,
1.0,0.999,0.9675,0.9665,0.9704,0.9977,0.996,0.9902,0.9839,0.9233,0.7348,0.9315,0.9078,0.8367,0.7967,0.8562,0.6835,0.8238,0.9407,0.7838,0.6029,0.9516,0.714,0.6166,0.5994,0.6118,0.8577,0.5637,0.6155,0.7812,0.5054,0.5482,0.3802,0.5861,0.6684,0.5762,0.5106,0.3135,0.4753,0.2564,0.525,0.3073,0.2076,0.1598,0.3504,
1.0,0.9986,0.9694,0.968,0.9687,0.9974,0.9946,0.9885,0.9826,0.9226,0.7288,0.9317,0.9056,0.8362,0.797,0.8559,0.681,0.8221,0.9405,0.7815,0.6021,0.9521,0.7172,0.616,0.5961,0.608,0.8552,0.5641,0.6117,0.7847,0.5123,0.546,0.3854,0.5834,0.6729,0.5739,0.52,0.3206,0.4763,0.2543,0.523,0.312,0.2111,0.161,0.351,
1.0,0.9989,0.9683,0.9672,0.9685,0.9977,0.9957,0.9895,0.9835,0.9227,0.7352,0.9303,0.9062,0.8412,0.7998,0.8533,0.6916,0.8288,0.9396,0.7842,0.6134,0.9568,0.7325,0.628,0.6161,0.6144,0.8646,0.5791,0.6257,0.7818,0.5011,0.5632,0.3947,0.5989,0.6777,0.5821,0.5183,0.3165,0.4846,0.2626,0.5327,0.3117,0.2069,0.1615,0.3642,
1.0,0.999,0.9674,0.9664,0.97,0.9984,0.9965,0.9909,0.9861,0.9233,0.7427,0.9318,0.909,0.8453,0.8074,0.8565,0.6872,0.8322,0.9448,0.7779,0.6154,0.9527,0.7171,0.6267,0.6048,0.6228,0.8531,0.5744,0.6209,0.7822,0.4996,0.5637,0.3807,0.5925,0.6835,0.5828,0.5198,0.3186,0.4724,0.2615,0.5257,0.3051,0.2024,0.1641,0.3573,
1.0,0.9982,0.9664,0.9646,0.9661,0.9959,0.9934,0.9905,0.986,0.9226,0.7348,0.9252,0.9053,0.8415,0.8077,0.8486,0.688,0.8288,0.9392,0.7813,0.6115,0.9509,0.7222,0.6213,0.6107,0.6182,0.8568,0.5711,0.6217,0.7835,0.5012,0.5537,0.391,0.593,0.6711,0.5842,0.5235,0.3203,0.4851,0.2636,0.5242,0.3151,0.2043,0.1664,0.361,
1.0,0.9988,0.9661,0.9649,0.9704,0.997,0.9943,0.9901,0.9851,0.9275,0.7367,0.9291,0.9097,0.8363,0.7989,0.8579,0.6829,0.823,0.9378,0.789,0.6073,0.951,0.7265,0.6176,0.6033,0.6105,0.8588,0.5588,0.6239,0.7871,0.5063,0.5417,0.3869,0.5893,0.6657,0.5824,0.5096,0.3155,0.4753,0.2594,0.5168,0.3121,0.2027,0.1569,0.3522,
1.0,0.999,0.9709,0.9699,0.9683,0.9978,0.9961,0.9909,0.985,0.9211,0.7393,0.9327,0.9055,0.8463,0.8066,0.8556,0.6955,0.8336,0.9413,0.7775,0.6127,0.9521,0.7169,0.6309,0.6048,0.6158,0.8563,0.5758,0.6198,0.7787,0.505,0.562,0.392,0.5886,0.6787,0.5791,0.5183,0.3271,0.4802,0.2587,0.5344,0.3126,0.215,0.1646,0.3575,
1.0,0.9985,0.9683,0.9668,0.9681,0.9981,0.9955,0.9896,0.9843,0.9251,0.7327,0.9304,0.9111,0.8376,0.8023,0.857,0.6848,0.825,0.9405,0.7834,0.6062,0.9547,0.72,0.6179,0.6036,0.615,0.8537,0.566,0.6222,0.7852,0.5142,0.5533,0.3851,0.5969,0.6789,0.5806,0.5245,0.325,0.485,0.2648,0.525,0.3185,0.2155,0.1619,0.3593,
1.0,0.9992,0.9674,0.9666,0.9695,0.9979,0.9954,0.9889,0.984,0.9238,0.7363,0.9323,0.9084,0.8418,0.8037,0.8576,0.6908,0.8284,0.9398,0.7864,0.6122,0.9534,0.7248,0.6245,0.6054,0.6163,0.859,0.5741,0.6186,0.7824,0.5112,0.5606,0.3946,0.5947,0.6834,0.5851,0.5291,0.3282,0.4771,0.2654,0.5301,0.3187,0.2133,0.1653,0.3574,
1.0,0.9986,0.9659,0.9645,0.97,0.9968,0.9943,0.9911,0.9857,0.9222,0.7379,0.9292,0.9065,0.8424,0.8043,0.8531,0.6878,0.8296,0.9407,0.7825,0.6109,0.9541,0.7248,0.624,0.6067,0.6098,0.8606,0.5683,0.6195,0.7801,0.4918,0.5502,0.3839,0.5954,0.682,0.5878,0.5268,0.3139,0.489,0.261,0.5267,0.3082,0.2052,0.1654,0.3645,
1.0,0.9989,0.9685,0.9674,0.9672,0.9975,0.9951,0.9911,0.9843,0.9218,0.7304,0.9298,0.9068,0.8357,0.7952,0.8529,0.6805,0.82,0.9364,0.7802,0.6025,0.9543,0.7178,0.6143,0.6044,0.6069,0.8586,0.5689,0.6206,0.7748,0.4996,0.5535,0.389,0.5911,0.6792,0.5795,0.5161,0.3171,0.4772,0.2546,0.5293,0.3076,0.2081,0.162,0.3493,
1.0,0.9984,0.9689,0.9673,0.9687,0.9967,0.9941,0.9893,0.9842,0.9212,0.7369,0.931,0.9041,0.8429,0.8035,0.8525,0.6892,0.8304,0.9423,0.7802,0.6079,0.9553,0.7177,0.6195,0.6032,0.6189,0.8568,0.5737,0.6097,0.7759,0.4969,0.5592,0.3862,0.5926,0.681,0.5778,0.5203,0.3173,0.4765,0.2551,0.5206,0.3059,0.2056,0.159,0.3574,
1.0,0.9992,0.9699,0.9691,0.9664,0.9965,0.9949,0.9895,0.9845,0.9219,0.7341,0.9304,0.9043,0.842,0.8043,0.8539,0.6852,0.8303,0.9395,0.7766,0.6103,0.9488,0.7174,0.6197,0.6003,0.6146,0.8495,0.5688,0.6134,0.7759,0.4996,0.5561,0.3803,0.5779,0.6675,0.5733,0.5202,0.3131,0.4653,0.2646,0.5227,0.3034,0.2085,0.1583,0.3444,
1.0,0.9985,0.9699,0.9684,0.973,0.9971,0.9951,0.992,0.9858,0.9258,0.7436,0.9358,0.9116,0.8412,0.8049,0.8631,0.6913,0.8281,0.9409,0.7888,0.6142,0.9544,0.7233,0.6259,0.609,0.6231,0.8593,0.574,0.625,0.7908,0.5046,0.5599,0.3844,0.5861,0.6791,0.5837,0.5249,0.3212,0.4715,0.2674,0.5292,0.31,0.2114,0.1649,0.3501,
1.0,0.9991,0.9662,0.9653,0.9672,0.9969,0.9955,0.9915,0.9857,0.922,0.73,0.9267,0.9058,0.8371,0.798,0.8482,0.6817,0.8239,0.938,0.7778,0.6066,0.9557,0.7235,0.6147,0.6052,0.6022,0.8556,0.5605,0.6186,0.7772,0.4985,0.5452,0.3855,0.5948,0.6789,0.5909,0.5341,0.3117,0.4873,0.264,0.5278,0.3078,0.2071,0.1702,0.3644,
1.0,0.9989,0.9672,0.9661,0.9709,0.997,0.9945,0.99,0.9839,0.9215,0.7379,0.9304,0.9038,0.8425,0.7985,0.8532,0.6832,0.8263,0.938,0.7756,0.6123,0.9523,0.7162,0.6264,0.6118,0.6169,0.855,0.5742,0.6152,0.7765,0.4968,0.56,0.3917,0.5931,0.68,0.5864,0.519,0.3151,0.4843,0.2534,0.5305,0.316,0.2048,0.1655,0.3601,
1.0,0.9994,0.9677,0.9671,0.966,0.9965,0.9948,0.9904,0.9848,0.9284,0.7429,0.9277,0.9107,0.8471,0.8095,0.8575,0.6905,0.8326,0.9408,0.7835,0.6259,0.9512,0.7301,0.6322,0.6086,0.6223,0.853,0.5734,0.6323,0.7828,0.5097,0.5586,0.3905,0.5923,0.6789,0.5942,0.5194,0.3242,0.4783,0.2708,0.5278,0.3177,0.2128,0.1688,0.3611,
1.0,0.9986,0.9671,0.9657,0.9714,0.9974,0.995,0.9918,0.9849,0.9225,0.7344,0.9317,0.9086,0.8389,0.7992,0.8553,0.688,0.8246,0.9406,0.7831,0.6042,0.9552,0.7201,0.6199,0.606,0.6156,0.8606,0.5752,0.6169,0.7846,0.5038,0.5562,0.3851,0.5866,0.6774,0.5794,0.5238,0.3192,0.4815,0.2559,0.5327,0.3112,0.2131,0.1581,0.3581,
1.0,0.9985,0.9687,0.9672,0.9695,0.9978,0.9955,0.9906,0.9851,0.9254,0.7395,0.932,0.9108,0.8399,0.8052,0.8586,0.6886,0.8265,0.9432,0.7895,0.6166,0.9523,0.722,0.6263,0.6009,0.6177,0.8591,0.5673,0.6215,0.7838,0.5099,0.5484,0.3883,0.5942,0.6746,0.586,0.5274,0.3129,0.4791,0.2598,0.5267,0.3104,0.2079,0.1694,0.3551,
1.0,0.9985,0.9673,0.9658,0.9698,0.9976,0.9951,0.9905,0.986,0.928,0.7402,0.9297,0.912,0.8404,0.8064,0.8584,0.6867,0.8275,0.9395,0.787,0.6116,0.9548,0.7238,0.621,0.6017,0.6151,0.8522,0.5627,0.6203,0.7875,0.5119,0.5497,0.3871,0.5888,0.682,0.5844,0.5196,0.3117,0.4777,0.257,0.5245,0.318,0.2177,0.1612,0.3499,
1.0,0.9986,0.9674,0.966,0.9734,0.998,0.9953,0.9896,0.9832,0.9218,0.7337,0.9343,0.9067,0.8375,0.7984,0.8577,0.682,0.823,0.9414,0.7842,0.6089,0.9551,0.718,0.6255,0.6106,0.6179,0.8522,0.5656,0.6222,0.7786,0.5088,0.5515,0.3892,0.5907,0.6758,0.586,0.5228,0.3146,0.4778,0.2571,0.5261,0.3121,0.2047,0.1651,0.353,
1.0,0.9994,0.9654,0.9648,0.9703,0.9976,0.9959,0.9911,0.9864,0.9201,0.7356,0.9296,0.9042,0.8395,0.801,0.8516,0.6814,0.8271,0.9434,0.7761,0.6064,0.953,0.7161,0.6203,0.6034,0.6141,0.8564,0.5689,0.6152,0.7775,0.5078,0.5522,0.3837,0.5835,0.6782,0.5805,0.5259,0.3248,0.4769,0.2542,0.5297,0.3117,0.2156,0.1599,0.3493,
1.0,0.9988,0.9703,0.9691,0.9693,0.9968,0.9951,0.9915,0.9851,0.9215,0.7367,0.9339,0.9067,0.8412,0.8047,0.8574,0.6861,0.8283,0.9397,0.777,0.6121,0.9532,0.7258,0.6272,0.6116,0.6156,0.8529,0.5667,0.6301,0.782,0.5001,0.56,0.3958,0.594,0.6781,0.5859,0.5218,0.3212,0.4803,0.2675,0.5271,0.3072,0.211,0.1719,0.3516,
1.0,0.9989,0.9697,0.9686,0.9712,0.9977,0.9952,0.9908,0.9844,0.9263,0.7425,0.9329,0.9088,0.8417,0.8017,0.8595,0.6889,0.8278,0.9416,0.7858,0.614,0.9544,0.7244,0.6266,0.6108,0.6272,0.8532,0.5709,0.6242,0.7872,0.507,0.5591,0.3925,0.5944,0.6779,0.584,0.5201,0.318,0.4798,0.2686,0.5258,0.3117,0.2117,0.1668,0.3565,
1.0,0.9989,0.9696,0.9685,0.9681,0.9971,0.9954,0.9896,0.9827,0.9221,0.7299,0.9309,0.9044,0.8385,0.7995,0.8536,0.681,0.8247,0.9391,0.7773,0.6128,0.9503,0.7204,0.6248,0.6037,0.6107,0.8497,0.5607,0.625,0.7786,0.5074,0.552,0.3883,0.5879,0.6764,0.5809,0.5176,0.3234,0.4744,0.2631,0.53,0.3096,0.2113,0.1667,0.3487,
1.0,0.9992,0.9667,0.9659,0.9682,0.997,0.9953,0.9899,0.9844,0.9244,0.7304,0.9298,0.9085,0.8349,0.7978,0.8552,0.678,0.8216,0.9405,0.7836,0.6102,0.953,0.7279,0.6201,0.6029,0.6064,0.8565,0.562,0.6216,0.7864,0.4973,0.5444,0.3815,0.5877,0.6829,0.5893,0.5206,0.3059,0.479,0.258,0.5347,0.3082,0.2098,0.1622,0.3521,
1.0,0.9985,0.97,0.9685,0.9661,0.998,0.9954,0.9884,0.9839,0.9235,0.7327,0.9294,0.9063,0.841,0.8034,0.8539,0.6916,0.8282,0.9437,0.782,0.6142,0.9524,0.7245,0.6238,0.6044,0.6162,0.8583,0.5742,0.6211,0.7823,0.5083,0.5602,0.392,0.5954,0.6825,0.5876,0.5318,0.3235,0.4835,0.2621,0.5264,0.3101,0.2124,0.1731,0.359,
1.0,0.9984,0.9654,0.9638,0.9658,0.9968,0.9946,0.9917,0.9865,0.9227,0.737,0.9243,0.9077,0.8421,0.8041,0.8486,0.6884,0.8306,0.9397,0.779,0.6153,0.9566,0.7246,0.6196,0.605,0.6131,0.8602,0.5727,0.6112,0.7793,0.502,0.5529,0.3934,0.5868,0.6669,0.5813,0.5229,0.3208,0.4749,0.2607,0.5177,0.3101,0.2057,0.1609,0.3485,
1.0,0.9995,0.9681,0.9676,0.9683,0.9971,0.996,0.9917,0.985,0.9243,0.7332,0.9306,0.9089,0.8369,0.7984,0.8567,0.6822,0.8223,0.9384,0.782,0.6077,0.9538,0.7245,0.6172,0.609,0.6102,0.8619,0.5687,0.6149,0.7849,0.502,0.5439,0.3898,0.5863,0.6683,0.5851,0.5258,0.3101,0.4736,0.2584,0.5138,0.3064,0.2058,0.1648,0.3486,
1.0,0.9991,0.9672,0.9663,0.9699,0.997,0.9952,0.9915,0.9866,0.9231,0.7374,0.9305,0.9072,0.8395,0.8042,0.8551,0.6896,0.826,0.9412,0.7852,0.6103,0.9503,0.7202,0.6215,0.6072,0.6129,0.8595,0.5692,0.6247,0.7861,0.5055,0.5537,0.3859,0.5906,0.6795,0.584,0.5212,0.3216,0.4779,0.2592,0.5256,0.3144,0.2045,0.1575,0.3528,
1.0,0.9993,0.9671,0.9664,0.9651,0.9976,0.9955,0.9913,0.9843,0.9279,0.7325,0.9266,0.9124,0.8367,0.7998,0.8557,0.6866,0.8202,0.9355,0.7877,0.6175,0.951,0.7312,0.6202,0.607,0.6123,0.8613,0.5641,0.6343,0.7808,0.503,0.5471,0.3931,0.5915,0.6701,0.5847,0.5082,0.3124,0.4775,0.2685,0.5227,0.3114,0.2027,0.1556,0.3564,
1.0,0.9987,0.9689,0.9676,0.9691,0.9976,0.9953,0.9902,0.9861,0.9259,0.733,0.9308,0.9091,0.8356,0.7983,0.8574,0.6797,0.8244,0.9418,0.7805,0.6064,0.9513,0.7221,0.6191,0.6075,0.611,0.8521,0.5589,0.6273,0.7849,0.5042,0.5478,0.3839,0.5954,0.6775,0.5862,0.5173,0.315,0.4738,0.26,0.521,0.3143,0.2038,0.1537,0.3472,
1.0,0.9985,0.9688,0.9673,0.9696,0.9967,0.9937,0.9914,0.9849,0.9221,0.7364,0.931,0.9066,0.8425,0.806,0.854,0.6877,0.8256,0.9373,0.7815,0.6112,0.9498,0.7176,0.6222,0.5991,0.6151,0.8566,0.5669,0.6121,0.784,0.4982,0.5486,0.3886,0.5851,0.6678,0.5739,0.5181,0.308,0.4727,0.2536,0.5207,0.2999,0.2004,0.1613,0.3524,
1.0,0.9987,0.9679,0.9666,0.9681,0.998,0.9956,0.9897,0.9837,0.9202,0.7329,0.9295,0.9045,0.8429,0.8036,0.8496,0.6863,0.8293,0.9399,0.7775,0.6118,0.9509,0.7265,0.6247,0.6091,0.6107,0.8586,0.5718,0.6225,0.7841,0.4985,0.5552,0.3927,0.599,0.6792,0.5817,0.5205,0.3235,0.481,0.2596,0.5206,0.3142,0.2036,0.1643,0.3578,
1.0,0.9988,0.9685,0.9673,0.97,0.9974,0.9945,0.9906,0.9877,0.9258,0.7429,0.9326,0.9114,0.8405,0.8058,0.8583,0.6899,0.8285,0.9439,0.7872,0.6162,0.9572,0.7264,0.624,0.6067,0.6191,0.8591,0.5717,0.623,0.7876,0.5082,0.559,0.387,0.5983,0.6761,0.5888,0.5314,0.3144,0.4869,0.2727,0.5249,0.3131,0.2015,0.1692,0.3613,
1.0,0.9987,0.968,0.9667,0.97,0.9972,0.9951,0.9908,0.9862,0.9237,0.7357,0.9313,0.9082,0.8389,0.8013,0.8553,0.6833,0.8282,0.9452,0.7784,0.6157,0.9549,0.7295,0.6296,0.6092,0.6118,0.8558,0.5673,0.622,0.7864,0.5001,0.5533,0.3878,0.5998,0.6816,0.5938,0.528,0.3107,0.4829,0.2665,0.5236,0.3115,0.2088,0.1663,0.3569,
1.0,0.9989,0.9647,0.9636,0.9699,0.9979,0.9954,0.9917,0.9859,0.9255,0.7377,0.9274,0.9101,0.8393,0.8026,0.8532,0.6845,0.8247,0.9374,0.7829,0.6168,0.9496,0.7213,0.6237,0.6061,0.6163,0.8531,0.5684,0.6292,0.7818,0.5073,0.5557,0.3846,0.5831,0.6691,0.5874,0.5179,0.314,0.4736,0.2694,0.5207,0.3126,0.2126,0.1626,0.3508,
1.0,0.9987,0.9686,0.9673,0.9702,0.9979,0.9957,0.9894,0.9832,0.9226,0.732,0.9319,0.9063,0.8369,0.7964,0.8544,0.6788,0.8223,0.9398,0.7801,0.6043,0.9551,0.7199,0.6176,0.6025,0.6095,0.8526,0.5595,0.6145,0.7816,0.5046,0.5445,0.3882,0.5889,0.6708,0.5793,0.5213,0.31,0.4821,0.2488,0.5214,0.3122,0.2038,0.1698,0.343,
1.0,0.9983,0.9697,0.968,0.9679,0.998,0.9955,0.9913,0.9857,0.9227,0.7307,0.9316,0.9099,0.8373,0.8,0.8558,0.6818,0.822,0.9364,0.7762,0.6016,0.951,0.7161,0.6132,0.5996,0.607,0.8555,0.5589,0.6229,0.776,0.4943,0.5477,0.3857,0.5923,0.6758,0.5775,0.5128,0.3145,0.4731,0.2511,0.5254,0.3047,0.2072,0.1585,0.3467,
1.0,0.9989,0.9696,0.9685,0.968,0.9977,0.9949,0.9891,0.9824,0.9226,0.7327,0.9317,0.9063,0.8397,0.8036,0.8567,0.6857,0.8247,0.942,0.7803,0.6175,0.9504,0.7243,0.6288,0.6088,0.6148,0.8543,0.5687,0.6244,0.784,0.4976,0.555,0.3855,0.5955,0.6715,0.586,0.5141,0.3182,0.4818,0.2613,0.5242,0.307,0.2033,0.167,0.352,
1.0,0.9994,0.9673,0.9667,0.9699,0.9971,0.995,0.9899,0.9869,0.9208,0.7326,0.9321,0.9048,0.8352,0.7996,0.8542,0.6837,0.8233,0.9433,0.7815,0.6064,0.9507,0.7213,0.6185,0.6034,0.6092,0.8594,0.5671,0.6168,0.7803,0.5033,0.5493,0.3895,0.585,0.6755,0.5796,0.5256,0.3176,0.4743,0.2581,0.5219,0.3073,0.2101,0.1661,0.3485,
1.0,0.9985,0.9653,0.9638,0.9699,0.998,0.9953,0.9905,0.9846,0.9197,0.7343,0.9287,0.9051,0.8397,0.8047,0.8498,0.6847,0.8273,0.9413,0.78,0.611,0.9561,0.7228,0.6234,0.6089,0.6182,0.8568,0.5736,0.6176,0.7849,0.5088,0.5544,0.3874,0.5913,0.6664,0.5812,0.5181,0.3219,0.4846,0.2594,0.5196,0.3162,0.2084,0.1623,0.3591,
1.0,0.9986,0.9637,0.9623,0.9702,0.9986,0.9967,0.9909,0.9862,0.9287,0.7479,0.9266,0.9143,0.8452,0.8077,0.8571,0.6926,0.8333,0.9392,0.7899,0.615,0.9572,0.7272,0.6202,0.6013,0.6218,0.8605,0.5756,0.6187,0.7899,0.5076,0.5532,0.3814,0.5837,0.6742,0.5795,0.5279,0.3173,0.4688,0.2607,0.5177,0.3108,0.2096,0.159,0.3525,
1.0,0.999,0.9666,0.9656,0.9708,0.9977,0.9959,0.9908,0.9865,0.9211,0.7314,0.9307,0.9054,0.8328,0.7937,0.8541,0.6724,0.8218,0.9434,0.7757,0.6051,0.9538,0.7197,0.6203,0.6041,0.6084,0.852,0.5601,0.6152,0.7781,0.4983,0.5465,0.3854,0.5904,0.6785,0.5774,0.5171,0.3109,0.4708,0.2538,0.5183,0.3057,0.2096,0.1599,0.3483,
1.0,0.9985,0.9689,0.9674,0.9696,0.9977,0.9955,0.9914,0.9863,0.9221,0.7325,0.9312,0.9067,0.8362,0.7961,0.8538,0.688,0.8241,0.9434,0.7836,0.6054,0.9554,0.718,0.6196,0.6046,0.6063,0.8629,0.5732,0.6186,0.7836,0.5129,0.5537,0.3868,0.5869,0.6796,0.578,0.5222,0.3161,0.4853,0.2632,0.5269,0.3142,0.2121,0.1556,0.3559,
1.0,0.9988,0.9689,0.9677,0.97,0.9969,0.9947,0.9882,0.9836,0.9236,0.7376,0.9313,0.904,0.8409,0.8,0.856,0.6851,0.8284,0.9421,0.7804,0.6134,0.9494,0.7176,0.6256,0.6083,0.6161,0.8542,0.5723,0.6211,0.7841,0.5067,0.5657,0.3778,0.587,0.6838,0.5821,0.5256,0.3172,0.4789,0.2665,0.5317,0.3103,0.2104,0.1595,0.3526,
1.0,0.9988,0.9682,0.967,0.9727,0.9974,0.9955,0.9911,0.9849,0.9225,0.7373,0.9328,0.9058,0.8381,0.7992,0.8567,0.6829,0.8259,0.942,0.7822,0.6048,0.9534,0.7179,0.625,0.6061,0.6157,0.8557,0.5648,0.6113,0.7832,0.5021,0.5486,0.39,0.5893,0.6684,0.5716,0.5109,0.3128,0.4733,0.2485,0.512,0.3072,0.203,0.1531,0.3494,
1.0,0.9985,0.9661,0.9646,0.9726,0.9979,0.9954,0.9881,0.9822,0.925,0.7451,0.9323,0.9076,0.846,0.8045,0.859,0.6862,0.832,0.9387,0.7841,0.6156,0.9527,0.7241,0.6268,0.6084,0.6225,0.8534,0.571,0.6205,0.784,0.5052,0.556,0.3864,0.5956,0.6796,0.5835,0.5274,0.3232,0.4869,0.2673,0.5299,0.3171,0.2113,0.1707,0.3601,
1.0,0.9984,0.9689,0.9673,0.9702,0.9978,0.995,0.9892,0.9852,0.9234,0.7345,0.9334,0.9091,0.8358,0.8003,0.8585,0.6815,0.8234,0.9415,0.7841,0.6098,0.9536,0.7257,0.6214,0.6048,0.6091,0.8582,0.5677,0.6184,0.7898,0.4984,0.5509,0.383,0.5912,0.6798,0.5786,0.5259,0.3029,0.4812,0.2587,0.5305,0.3105,0.2066,0.1613,0.3591,
1.0,0.9987,0.9658,0.9645,0.9702,0.9971,0.9952,0.9921,0.9863,0.9178,0.7326,0.9283,0.902,0.8417,0.8034,0.8474,0.6856,0.8275,0.9419,0.7741,0.6028,0.9517,0.7109,0.6214,0.5969,0.6091,0.8512,0.5687,0.6127,0.779,0.5,0.5519,0.3836,0.5882,0.6762,0.5747,0.5139,0.3263,0.4753,0.2541,0.5253,0.3027,0.2067,0.1632,0.3574,
1.0,0.9989,0.9655,0.9644,0.9698,0.9974,0.9951,0.9889,0.9817,0.9257,0.7297,0.9285,0.9077,0.8324,0.7909,0.8556,0.6705,0.8173,0.9429,0.7854,0.6141,0.9519,0.728,0.6217,0.6123,0.6187,0.8557,0.5662,0.6252,0.7817,0.5003,0.5476,0.3889,0.5948,0.6763,0.5916,0.5129,0.3132,0.4771,0.2552,0.514,0.3104,0.2004,0.1622,0.35,
1.0,0.9986,0.9687,0.9673,0.9707,0.9974,0.9944,0.9892,0.9834,0.9224,0.7337,0.9337,0.9068,0.8375,0.7969,0.8581,0.6799,0.8225,0.9429,0.7804,0.6126,0.9503,0.7249,0.6287,0.6043,0.6148,0.8585,0.574,0.6199,0.7837,0.5053,0.5583,0.3909,0.5808,0.6734,0.5795,0.5291,0.3125,0.4777,0.2588,0.5266,0.3157,0.2126,0.1641,0.3457,
1.0,0.9982,0.9683,0.9665,0.9703,0.998,0.9955,0.9903,0.9835,0.9227,0.7355,0.9324,0.9088,0.8387,0.8003,0.857,0.6833,0.824,0.9409,0.7826,0.6114,0.9534,0.7224,0.6243,0.6036,0.6138,0.8577,0.5699,0.619,0.7829,0.5004,0.5511,0.3813,0.5815,0.6759,0.5767,0.519,0.3139,0.4725,0.2558,0.5215,0.3022,0.2054,0.1601,0.3464,
1.0,0.9989,0.9699,0.9688,0.9683,0.9983,0.9962,0.9914,0.9857,0.9313,0.7433,0.9326,0.918,0.8424,0.8053,0.8649,0.6893,0.8294,0.939,0.7871,0.6149,0.9579,0.733,0.6205,0.6072,0.6202,0.859,0.5706,0.6283,0.79,0.5082,0.563,0.392,0.5936,0.6835,0.5848,0.5185,0.321,0.4807,0.2645,0.5332,0.3111,0.2108,0.1636,0.3552,
1.0,0.999,0.9648,0.9638,0.9716,0.997,0.9953,0.9918,0.9861,0.9218,0.7355,0.9307,0.9075,0.8363,0.801,0.8541,0.6812,0.8239,0.9438,0.7838,0.6072,0.9539,0.7192,0.6189,0.6075,0.6193,0.8596,0.5665,0.614,0.7823,0.5042,0.5484,0.3865,0.5941,0.6799,0.5782,0.5204,0.3184,0.4879,0.2553,0.5254,0.3158,0.2053,0.1619,0.3598,
1.0,0.998,0.9669,0.9649,0.972,0.9981,0.9953,0.9905,0.9851,0.9231,0.7436,0.9302,0.9067,0.8466,0.8071,0.8547,0.6929,0.8341,0.9374,0.7873,0.6148,0.958,0.7231,0.6252,0.6152,0.6201,0.8583,0.5763,0.6221,0.7826,0.5048,0.5589,0.3971,0.6056,0.678,0.5843,0.5198,0.3166,0.4926,0.2672,0.5252,0.3194,0.2058,0.1668,0.3719,
1.0,0.9987,0.9679,0.9666,0.9702,0.9969,0.9946,0.9905,0.9863,0.9238,0.7374,0.9316,0.9081,0.842,0.807,0.8571,0.6925,0.83,0.9442,0.7887,0.6175,0.9561,0.7314,0.6297,0.6089,0.6193,0.8604,0.5683,0.6204,0.7811,0.4985,0.5514,0.3867,0.5915,0.6832,0.5882,0.5191,0.3146,0.481,0.2604,0.5253,0.3035,0.2073,0.1666,0.3556,
1.0,0.9989,0.9694,0.9683,0.967,0.9966,0.9942,0.9894,0.9843,0.9227,0.7308,0.931,0.9065,0.8391,0.8025,0.8547,0.6852,0.826,0.9389,0.783,0.608,0.9509,0.722,0.6202,0.6094,0.6121,0.8553,0.5693,0.6182,0.7784,0.499,0.553,0.3836,0.5883,0.6701,0.5812,0.5136,0.3194,0.4793,0.256,0.5262,0.3026,0.2036,0.1644,0.353,
1.0,0.9991,0.9651,0.9642,0.9668,0.9977,0.9956,0.991,0.9844,0.9257,0.7348,0.9261,0.9108,0.8401,0.8011,0.853,0.6811,0.824,0.9356,0.7789,0.6005,0.9495,0.7115,0.6063,0.5862,0.6047,0.8566,0.5613,0.6116,0.7822,0.5005,0.5453,0.377,0.5921,0.6648,0.5664,0.5027,0.3127,0.4683,0.2506,0.5137,0.3036,0.2047,0.1403,0.3526,
1.0,0.9992,0.9692,0.9684,0.9689,0.9971,0.9951,0.9898,0.9863,0.9264,0.741,0.9315,0.9089,0.8411,0.8026,0.8598,0.6863,0.8293,0.944,0.782,0.6175,0.9508,0.7325,0.631,0.6213,0.6219,0.8559,0.5727,0.6317,0.7828,0.5053,0.5593,0.3933,0.5993,0.6828,0.5955,0.5268,0.3194,0.4792,0.269,0.5204,0.3132,0.2101,0.1733,0.3557,
1.0,0.9992,0.9684,0.9676,0.9733,0.9977,0.9959,0.991,0.9857,0.9236,0.7365,0.9364,0.9091,0.8366,0.7983,0.8605,0.682,0.8228,0.9364,0.7843,0.6074,0.9524,0.7227,0.6212,0.6042,0.6035,0.8581,0.5553,0.6171,0.7877,0.507,0.5392,0.3895,0.5859,0.6627,0.58,0.5211,0.3129,0.4717,0.2591,0.5151,0.3204,0.2084,0.1617,0.3469,
1.0,0.9982,0.968,0.9662,0.969,0.9973,0.9944,0.9909,0.9846,0.9236,0.7368,0.9295,0.9085,0.8392,0.7996,0.8545,0.688,0.8247,0.9347,0.7826,0.6053,0.9524,0.7178,0.6159,0.6063,0.6091,0.8622,0.5682,0.6225,0.7814,0.4969,0.5467,0.3868,0.5899,0.6704,0.5755,0.5224,0.3137,0.4823,0.2668,0.5321,0.3076,0.2074,0.1648,0.3508,
1.0,0.9989,0.9672,0.9661,0.9699,0.996,0.9935,0.9896,0.9851,0.9242,0.7341,0.9302,0.9056,0.8352,0.7973,0.8561,0.676,0.8225,0.9422,0.7792,0.611,0.9539,0.7249,0.6221,0.6049,0.6131,0.8503,0.5632,0.6184,0.7811,0.5056,0.5504,0.3841,0.5875,0.6688,0.5813,0.5219,0.3127,0.4783,0.2622,0.5196,0.3072,0.2081,0.1625,0.3489,
1.0,0.999,0.968,0.967,0.9687,0.9971,0.9949,0.9903,0.985,0.928,0.7436,0.9294,0.9108,0.8438,0.8056,0.8581,0.6881,0.8321,0.9421,0.7844,0.6196,0.9534,0.73,0.6294,0.6094,0.62,0.8528,0.5742,0.629,0.7866,0.5135,0.564,0.3948,0.5989,0.6791,0.5891,0.5143,0.3287,0.4783,0.2635,0.5267,0.3155,0.2145,0.1652,0.354,
1.0,0.9989,0.9693,0.9682,0.9705,0.9967,0.9945,0.99,0.983,0.9252,0.7417,0.9328,0.9072,0.8451,0.8019,0.8588,0.6877,0.8305,0.9366,0.7814,0.6103,0.9494,0.7141,0.6237,0.5977,0.6159,0.8547,0.5659,0.616,0.777,0.5013,0.5526,0.3828,0.5865,0.6673,0.5653,0.5111,0.3121,0.4822,0.2585,0.5328,0.3077,0.2085,0.1592,0.3529,
1.0,0.9987,0.9678,0.9665,0.9701,0.9954,0.9938,0.989,0.9824,0.9249,0.7383,0.9315,0.9063,0.8448,0.8036,0.8581,0.6819,0.8309,0.9414,0.7812,0.6193,0.9495,0.7236,0.6302,0.606,0.6176,0.8498,0.5746,0.6233,0.7776,0.5064,0.5569,0.3783,0.5833,0.6708,0.5946,0.5197,0.3133,0.479,0.2578,0.5157,0.3096,0.2067,0.166,0.3496,
1.0,0.9993,0.9676,0.9669,0.9698,0.9975,0.9954,0.9911,0.9856,0.9272,0.7336,0.9323,0.9122,0.8331,0.7945,0.8604,0.6764,0.819,0.9414,0.7853,0.6086,0.9527,0.7255,0.6174,0.6044,0.6115,0.8581,0.5663,0.6238,0.7878,0.5091,0.5542,0.3931,0.596,0.6808,0.58,0.5243,0.317,0.4816,0.2586,0.5268,0.3148,0.2122,0.165,0.3553,
1.0,0.9987,0.9661,0.9648,0.9715,0.9975,0.9955,0.9913,0.986,0.9217,0.7438,0.9321,0.9082,0.845,0.8096,0.855,0.6912,0.8324,0.9412,0.7856,0.6139,0.9555,0.7258,0.6254,0.6117,0.6249,0.862,0.5752,0.6122,0.7838,0.5026,0.5536,0.3921,0.5885,0.6739,0.578,0.5335,0.3258,0.4785,0.2599,0.5264,0.3113,0.2059,0.1684,0.3561,
1.0,0.9987,0.9645,0.9632,0.969,0.9979,0.9956,0.9906,0.9852,0.9216,0.7333,0.9267,0.9064,0.8391,0.8007,0.8497,0.6765,0.8256,0.9414,0.7766,0.6103,0.9545,0.7212,0.6205,0.6072,0.6133,0.8506,0.5626,0.6157,0.7806,0.4959,0.5451,0.3871,0.5869,0.6738,0.5818,0.5142,0.3156,0.4703,0.259,0.5097,0.3023,0.2063,0.1549,0.3459,
1.0,0.9984,0.9651,0.9635,0.9693,0.9978,0.9948,0.9903,0.9838,0.9214,0.7275,0.9282,0.9077,0.8311,0.7914,0.8517,0.6725,0.8164,0.9393,0.7784,0.6086,0.953,0.7214,0.6167,0.5992,0.6052,0.8581,0.5545,0.6156,0.7746,0.4952,0.5389,0.3923,0.593,0.67,0.5779,0.5146,0.3037,0.4905,0.2533,0.5252,0.3083,0.1981,0.1621,0.3546,
1.0,0.9988,0.9652,0.964,0.9716,0.9971,0.995,0.9906,0.9843,0.9231,0.7322,0.9299,0.9067,0.8337,0.7942,0.8546,0.6768,0.8188,0.9408,0.7831,0.6069,0.954,0.7242,0.618,0.6057,0.6087,0.8602,0.5591,0.6205,0.7836,0.5057,0.5416,0.3854,0.5909,0.6752,0.5891,0.522,0.3045,0.4829,0.2578,0.5196,0.314,0.2033,0.1618,0.349,
1.0,0.9987,0.9687,0.9674,0.97,0.9973,0.9952,0.9897,0.9833,0.9237,0.7337,0.9331,0.9085,0.8399,0.8007,0.8574,0.6897,0.827,0.9395,0.7891,0.6132,0.9515,0.7216,0.6253,0.6067,0.6097,0.8617,0.574,0.6249,0.7792,0.5014,0.5496,0.3872,0.5872,0.6729,0.5867,0.5239,0.3122,0.4811,0.2636,0.5287,0.3098,0.2067,0.1606,0.3567,
1.0,0.9986,0.9671,0.9657,0.9693,0.9975,0.9953,0.9901,0.9852,0.9234,0.7446,0.9303,0.9081,0.85,0.8134,0.8549,0.6991,0.8383,0.9439,0.788,0.6304,0.9555,0.7312,0.6398,0.6173,0.6287,0.8595,0.5901,0.6331,0.7816,0.5106,0.5657,0.3924,0.5936,0.6791,0.5942,0.5289,0.3243,0.483,0.2769,0.5266,0.3201,0.2105,0.1648,0.3684,
1.0,0.9988,0.9695,0.9683,0.969,0.997,0.9947,0.991,0.9861,0.9236,0.736,0.9318,0.9077,0.8385,0.8018,0.8567,0.6799,0.8256,0.94,0.7769,0.601,0.9507,0.7155,0.6121,0.603,0.6121,0.8534,0.5571,0.617,0.7851,0.503,0.5518,0.3825,0.5903,0.6749,0.5746,0.5157,0.3227,0.4765,0.2591,0.5218,0.3108,0.2032,0.1586,0.3477,
1.0,0.9993,0.9676,0.9669,0.9712,0.9975,0.9957,0.9899,0.9844,0.9221,0.7348,0.9343,0.9066,0.838,0.7983,0.8571,0.6741,0.8261,0.9421,0.7741,0.6067,0.9553,0.7202,0.6196,0.6053,0.6135,0.8499,0.5586,0.6119,0.7763,0.5019,0.5471,0.3859,0.5915,0.6726,0.5772,0.5166,0.3128,0.4801,0.2461,0.5164,0.3113,0.2063,0.1603,0.3493,
1.0,0.9988,0.9638,0.9626,0.9679,0.9965,0.9941,0.9895,0.9859,0.9265,0.7397,0.9239,0.9074,0.8426,0.8017,0.8516,0.6837,0.8305,0.9394,0.7825,0.6126,0.9499,0.7222,0.6153,0.5997,0.6147,0.8549,0.5696,0.6193,0.7782,0.504,0.5485,0.384,0.5902,0.6721,0.5837,0.5209,0.3186,0.4807,0.264,0.5197,0.3131,0.2058,0.1626,0.3581,
1.0,0.9985,0.9673,0.9658,0.9691,0.998,0.9957,0.9887,0.9833,0.9187,0.7307,0.9301,0.9023,0.8392,0.802,0.8499,0.6811,0.8267,0.9418,0.7761,0.6071,0.9515,0.7208,0.6221,0.6085,0.6111,0.855,0.5689,0.6161,0.7828,0.4964,0.552,0.3882,0.5934,0.6766,0.5826,0.5195,0.3141,0.4779,0.2553,0.5173,0.3121,0.2034,0.1625,0.3607,
1.0,0.9985,0.9701,0.9686,0.969,0.9968,0.9943,0.9907,0.9848,0.9264,0.735,0.9315,0.9102,0.837,0.7999,0.8586,0.6854,0.823,0.9396,0.7862,0.6091,0.9515,0.7194,0.6196,0.6024,0.6108,0.855,0.5619,0.6204,0.7822,0.4969,0.5484,0.3846,0.5848,0.6753,0.5795,0.518,0.3122,0.4761,0.2556,0.5256,0.3076,0.2065,0.1646,0.3443,
1.0,0.9986,0.9657,0.9643,0.9705,0.9972,0.9943,0.9901,0.9856,0.921,0.7338,0.9293,0.9048,0.8372,0.7972,0.8529,0.6807,0.8233,0.9392,0.7801,0.6097,0.9479,0.7194,0.6223,0.6009,0.6021,0.8577,0.5569,0.6152,0.7767,0.4897,0.5422,0.3824,0.5841,0.673,0.5777,0.5137,0.3112,0.4759,0.2578,0.5233,0.3004,0.2058,0.1566,0.3431,
1.0,0.999,0.9685,0.9675,0.9733,0.997,0.9952,0.9904,0.9864,0.9275,0.7456,0.9357,0.9109,0.8426,0.806,0.8638,0.6842,0.8294,0.9369,0.7859,0.6161,0.9511,0.7301,0.6272,0.6155,0.6199,0.8541,0.5679,0.6228,0.7921,0.5047,0.5549,0.3894,0.5887,0.6775,0.588,0.512,0.3107,0.4738,0.262,0.522,0.3103,0.2107,0.16,0.348,
1.0,0.9994,0.9683,0.9677,0.9679,0.9977,0.9962,0.993,0.987,0.93,0.7449,0.9321,0.9179,0.843,0.8077,0.8634,0.6914,0.8303,0.94,0.7887,0.6208,0.9543,0.7298,0.6243,0.6062,0.6198,0.8665,0.5757,0.6279,0.7916,0.5028,0.565,0.3904,0.5986,0.6755,0.5812,0.5155,0.3187,0.4885,0.2657,0.5284,0.3156,0.2088,0.1594,0.3654,
1.0,0.9993,0.9694,0.9687,0.9729,0.9972,0.9951,0.9892,0.9851,0.9244,0.7358,0.9357,0.9065,0.8362,0.797,0.8614,0.6846,0.8227,0.9415,0.7859,0.606,0.9517,0.7217,0.6236,0.6118,0.6144,0.8557,0.5652,0.6227,0.7867,0.5128,0.5519,0.3885,0.5966,0.678,0.5857,0.5212,0.3197,0.4885,0.2561,0.5331,0.3156,0.215,0.1687,0.3573,
1.0,0.9985,0.9687,0.9672,0.9692,0.997,0.994,0.9913,0.9867,0.9214,0.7365,0.9315,0.9071,0.8414,0.8062,0.8536,0.686,0.8288,0.9399,0.7796,0.6064,0.9531,0.7175,0.6209,0.5999,0.6106,0.8559,0.5653,0.6152,0.7846,0.5051,0.5515,0.3857,0.5868,0.673,0.5757,0.5132,0.3218,0.4835,0.259,0.5274,0.3109,0.2089,0.1588,0.356,
1.0,0.9988,0.967,0.9658,0.966,0.998,0.9957,0.9908,0.986,0.9218,0.7344,0.9262,0.9066,0.8406,0.8008,0.85,0.6809,0.829,0.9408,0.7721,0.6101,0.9536,0.7151,0.6198,0.5935,0.6094,0.8525,0.562,0.6085,0.7752,0.5034,0.5483,0.3865,0.5845,0.6707,0.5764,0.5177,0.3256,0.4673,0.2563,0.512,0.3086,0.2039,0.1611,0.346,
1.0,0.9989,0.9679,0.9668,0.9686,0.997,0.9953,0.9921,0.9865,0.9241,0.7386,0.9299,0.9093,0.8393,0.8032,0.855,0.6866,0.8268,0.9413,0.7812,0.6105,0.952,0.7195,0.6239,0.5968,0.6121,0.8549,0.5652,0.6156,0.7809,0.5041,0.5516,0.3857,0.5826,0.6728,0.5729,0.5158,0.3108,0.476,0.2581,0.5301,0.3083,0.2082,0.1622,0.3515,
1.0,0.9988,0.9691,0.9679,0.9717,0.9978,0.9959,0.9903,0.9844,0.9227,0.7354,0.9348,0.9077,0.8339,0.7966,0.8584,0.6809,0.8215,0.9424,0.7833,0.6073,0.9516,0.7202,0.6195,0.6012,0.6125,0.858,0.5632,0.6185,0.7848,0.5121,0.5483,0.3952,0.5902,0.6792,0.5775,0.5165,0.3195,0.4863,0.2553,0.5313,0.3188,0.2173,0.1672,0.3525,
1.0,0.9983,0.9667,0.965,0.9681,0.9979,0.9958,0.9898,0.9837,0.9232,0.7313,0.9277,0.9073,0.8367,0.7985,0.8515,0.6853,0.8234,0.9387,0.7843,0.6094,0.9528,0.7266,0.6199,0.6089,0.6114,0.8612,0.5646,0.6233,0.7855,0.5064,0.5489,0.3916,0.5932,0.6777,0.5846,0.5207,0.3161,0.4814,0.2617,0.5239,0.316,0.2093,0.1591,0.3552,
1.0,0.9982,0.9677,0.9659,0.9705,0.9978,0.995,0.9899,0.9842,0.9262,0.7397,0.9304,0.9104,0.8416,0.8019,0.8581,0.6866,0.828,0.9409,0.7839,0.6113,0.9532,0.7239,0.6225,0.6103,0.6149,0.8567,0.5705,0.6311,0.7871,0.5132,0.5629,0.3888,0.5966,0.681,0.5836,0.5235,0.3202,0.4798,0.266,0.526,0.3191,0.2142,0.1603,0.3672,
1.0,0.999,0.9688,0.9678,0.9698,0.9981,0.9964,0.991,0.9847,0.9227,0.7402,0.9305,0.9053,0.8443,0.8036,0.8547,0.6913,0.8306,0.9421,0.7817,0.6135,0.9527,0.7164,0.6284,0.6019,0.6204,0.8576,0.5731,0.6118,0.7807,0.5055,0.5589,0.3816,0.5756,0.6815,0.5784,0.5263,0.3257,0.4622,0.2549,0.527,0.3046,0.2113,0.1638,0.3452,
1.0,0.9989,0.972,0.9709,0.9667,0.9981,0.9963,0.9921,0.9868,0.9267,0.736,0.9316,0.9117,0.8362,0.7959,0.8588,0.6831,0.8242,0.9422,0.7766,0.6097,0.9558,0.7251,0.6215,0.61,0.6118,0.8571,0.5647,0.6235,0.7827,0.5074,0.5497,0.4006,0.5971,0.6714,0.5823,0.5247,0.3151,0.4852,0.2641,0.5186,0.3207,0.2055,0.1717,0.3541,
1.0,0.999,0.9699,0.9689,0.9736,0.9983,0.9963,0.9895,0.9834,0.9254,0.7426,0.9377,0.9106,0.8418,0.8025,0.8644,0.6823,0.8285,0.941,0.7832,0.6159,0.9541,0.7277,0.6294,0.6141,0.6223,0.8517,0.564,0.626,0.7828,0.5023,0.5523,0.3914,0.5887,0.6725,0.5857,0.5157,0.3097,0.4794,0.2629,0.5276,0.3066,0.203,0.1644,0.3491,
1.0,0.9985,0.9695,0.968,0.9681,0.9967,0.9939,0.9894,0.9839,0.9225,0.7316,0.9296,0.9037,0.8396,0.8015,0.8532,0.6848,0.824,0.9368,0.7786,0.6113,0.9502,0.7263,0.6277,0.6089,0.6087,0.852,0.5626,0.6232,0.7793,0.5056,0.5457,0.3962,0.5865,0.6648,0.5816,0.5184,0.3203,0.4737,0.266,0.5183,0.3083,0.207,0.1709,0.345,
1.0,0.9985,0.9689,0.9674,0.968,0.9971,0.995,0.9916,0.9849,0.9213,0.7379,0.9295,0.9064,0.8451,0.8067,0.852,0.6943,0.8325,0.9432,0.7817,0.6155,0.9542,0.7165,0.6263,0.6018,0.6194,0.8583,0.5761,0.6152,0.7755,0.5035,0.5549,0.3891,0.5893,0.6753,0.5797,0.5241,0.3211,0.4741,0.2601,0.5243,0.3058,0.2047,0.1627,0.3555,
1.0,0.9993,0.9685,0.9678,0.9665,0.9972,0.9956,0.9919,0.9859,0.9258,0.735,0.9287,0.9105,0.8395,0.7991,0.8551,0.689,0.8267,0.9391,0.7835,0.605,0.9548,0.7186,0.616,0.5999,0.6068,0.8604,0.5713,0.6177,0.7784,0.4989,0.5505,0.3897,0.5975,0.6729,0.5796,0.5237,0.3168,0.4913,0.2584,0.5334,0.3069,0.2054,0.1631,0.3592,
1.0,0.9987,0.9666,0.9653,0.97,0.9969,0.9943,0.9884,0.9839,0.9223,0.7242,0.931,0.9053,0.8293,0.7898,0.8549,0.6675,0.8152,0.9417,0.779,0.6015,0.9495,0.7216,0.6096,0.5974,0.6021,0.8487,0.5548,0.6151,0.7767,0.4974,0.5395,0.387,0.5879,0.6755,0.5823,0.5169,0.3074,0.4698,0.2505,0.5129,0.3015,0.2001,0.1619,0.342,
1.0,0.999,0.9695,0.9685,0.9684,0.9979,0.9958,0.992,0.9861,0.9246,0.7381,0.9305,0.9097,0.84,0.8034,0.8562,0.6854,0.8257,0.9399,0.7783,0.6156,0.9537,0.7276,0.6287,0.615,0.618,0.8548,0.5666,0.6295,0.7867,0.5139,0.5586,0.3999,0.5947,0.6844,0.5888,0.513,0.3291,0.4729,0.2636,0.5226,0.3207,0.2203,0.1606,0.3601,
1.0,0.9992,0.9676,0.9668,0.9693,0.9968,0.9951,0.9915,0.9851,0.9242,0.7394,0.9312,0.9088,0.8435,0.8065,0.8565,0.6943,0.8298,0.942,0.7895,0.6174,0.9527,0.7219,0.6293,0.598,0.613,0.8626,0.5761,0.6154,0.7874,0.5057,0.5531,0.3861,0.5902,0.6748,0.5864,0.5158,0.3212,0.4747,0.2578,0.5203,0.3102,0.203,0.1617,0.3506,
1.0,0.9993,0.9666,0.9659,0.9714,0.9969,0.9948,0.99,0.9854,0.9231,0.7335,0.9315,0.9056,0.8374,0.7989,0.8554,0.6796,0.8214,0.9367,0.7824,0.6064,0.9472,0.7173,0.6191,0.6014,0.6057,0.8507,0.5594,0.6174,0.7813,0.5054,0.5448,0.3804,0.5774,0.6728,0.5827,0.5152,0.3098,0.4644,0.2538,0.5178,0.3054,0.2033,0.1565,0.3451,
1.0,0.9989,0.9681,0.967,0.9728,0.9977,0.9955,0.9915,0.9871,0.9185,0.7376,0.9335,0.9032,0.8409,0.8063,0.8533,0.6923,0.8294,0.9407,0.7818,0.6001,0.9561,0.7102,0.6187,0.5965,0.611,0.8563,0.5581,0.6073,0.7796,0.5016,0.5439,0.3863,0.5952,0.6765,0.5668,0.5162,0.3107,0.4785,0.253,0.5255,0.3082,0.2054,0.1611,0.3591,
1.0,0.9989,0.9687,0.9676,0.969,0.9978,0.996,0.9927,0.9861,0.9211,0.7335,0.932,0.9083,0.8387,0.8018,0.8542,0.6786,0.8247,0.9388,0.7752,0.6082,0.9548,0.721,0.6225,0.6038,0.6041,0.8534,0.5559,0.6233,0.7794,0.4983,0.5468,0.3861,0.5881,0.6713,0.577,0.5127,0.317,0.4702,0.2564,0.5179,0.2997,0.2029,0.1572,0.3481,
1.0,0.9989,0.9669,0.9658,0.9694,0.9963,0.9939,0.9889,0.9839,0.9261,0.7407,0.9299,0.9076,0.842,0.8044,0.8574,0.6852,0.8274,0.9424,0.785,0.6213,0.9504,0.7283,0.6291,0.6138,0.6195,0.8534,0.5683,0.6289,0.7825,0.5141,0.5535,0.3933,0.5969,0.68,0.5929,0.5234,0.318,0.4852,0.2703,0.5205,0.3229,0.2074,0.1669,0.3625,
1.0,0.9987,0.9676,0.9663,0.9706,0.9969,0.9946,0.9905,0.9849,0.9239,0.7382,0.9309,0.907,0.8405,0.8031,0.8563,0.687,0.8281,0.9402,0.7856,0.6116,0.9542,0.7244,0.6233,0.612,0.6158,0.8565,0.5667,0.6219,0.782,0.5056,0.5505,0.3926,0.5987,0.677,0.5845,0.5171,0.3108,0.4862,0.2642,0.5292,0.3161,0.2095,0.1618,0.3676,
1.0,0.9989,0.9698,0.9687,0.9701,0.998,0.9963,0.9909,0.9853,0.924,0.7359,0.9332,0.9088,0.8369,0.7965,0.858,0.6818,0.8241,0.9401,0.7805,0.6128,0.9523,0.723,0.6234,0.6029,0.6056,0.856,0.5581,0.6256,0.78,0.4978,0.5485,0.3804,0.5893,0.6808,0.5853,0.5129,0.3049,0.4766,0.2621,0.5298,0.3037,0.2086,0.1601,0.3524,
1.0,0.9986,0.966,0.9646,0.972,0.9971,0.9945,0.9888,0.9836,0.9197,0.7356,0.9298,0.901,0.8423,0.7995,0.8507,0.6835,0.8281,0.9393,0.7787,0.6084,0.9495,0.7184,0.6245,0.6067,0.6135,0.8548,0.5717,0.6073,0.7759,0.4957,0.5525,0.3881,0.5848,0.675,0.5776,0.5227,0.3174,0.4786,0.2548,0.5211,0.3071,0.2059,0.1669,0.351,
1.0,0.9992,0.9672,0.9664,0.9696,0.9973,0.9961,0.9922,0.9856,0.9232,0.7346,0.9306,0.9086,0.8366,0.8005,0.8547,0.6827,0.8228,0.9383,0.7833,0.5975,0.955,0.7124,0.6105,0.6066,0.6151,0.8588,0.5661,0.618,0.7807,0.5,0.5488,0.3865,0.6011,0.6789,0.5772,0.5203,0.3147,0.4913,0.2613,0.5274,0.3103,0.2083,0.164,0.3631,
1.0,0.9987,0.967,0.9657,0.9683,0.9973,0.9947,0.99,0.9856,0.9239,0.735,0.9287,0.9077,0.8381,0.8012,0.8533,0.6851,0.8245,0.9405,0.783,0.6092,0.9496,0.7203,0.6174,0.6029,0.6103,0.8556,0.568,0.6212,0.7838,0.5025,0.5452,0.3831,0.59,0.6756,0.5835,0.5172,0.3134,0.4826,0.2597,0.5255,0.313,0.2111,0.158,0.3538,
1.0,0.9986,0.9641,0.9627,0.9677,0.9978,0.996,0.9914,0.9858,0.9283,0.7411,0.9251,0.9143,0.8415,0.8024,0.8543,0.6848,0.8284,0.9406,0.7851,0.6125,0.9554,0.7234,0.6167,0.6026,0.6172,0.8567,0.5685,0.6239,0.7815,0.5038,0.5566,0.3854,0.5918,0.6798,0.5853,0.5207,0.3187,0.4821,0.2612,0.5251,0.3134,0.2094,0.1588,0.3556,
1.0,0.9993,0.9699,0.9692,0.9692,0.9978,0.9958,0.9888,0.983,0.9248,0.7373,0.933,0.9072,0.8415,0.8029,0.8584,0.687,0.8262,0.9362,0.7836,0.6119,0.9513,0.7248,0.6244,0.6104,0.6146,0.8551,0.5624,0.6203,0.7813,0.5036,0.5469,0.3914,0.5958,0.6751,0.5829,0.5094,0.3186,0.4803,0.2589,0.5217,0.3128,0.2117,0.1637,0.3536,
1.0,0.9984,0.9669,0.9653,0.9692,0.9965,0.9937,0.9892,0.9833,0.923,0.7321,0.9303,0.9061,0.8384,0.7971,0.8544,0.6842,0.8244,0.9415,0.7836,0.612,0.9484,0.7202,0.6241,0.6053,0.6071,0.8582,0.5685,0.6268,0.7753,0.4963,0.549,0.3818,0.5894,0.671,0.5947,0.5216,0.3066,0.4793,0.261,0.5311,0.3056,0.2008,0.1624,0.3545,
1.0,0.9986,0.965,0.9636,0.9676,0.9972,0.9946,0.9894,0.9838,0.9275,0.7339,0.9262,0.9108,0.8369,0.7951,0.8559,0.6745,0.8235,0.9425,0.7811,0.6147,0.9509,0.7233,0.6173,0.6004,0.61,0.8521,0.5724,0.6231,0.7805,0.5081,0.5511,0.3896,0.5882,0.67,0.587,0.5173,0.3228,0.4696,0.2586,0.5185,0.3119,0.214,0.1638,0.3464,
1.0,0.9991,0.9676,0.9667,0.97,0.997,0.9947,0.9897,0.9846,0.9248,0.7364,0.931,0.9071,0.84,0.8012,0.8568,0.6821,0.8253,0.9364,0.7829,0.6091,0.9491,0.7222,0.6211,0.6058,0.615,0.8534,0.5643,0.6218,0.7823,0.5022,0.5516,0.3873,0.5929,0.6793,0.5823,0.513,0.319,0.4772,0.2595,0.5255,0.3123,0.2114,0.16,0.3584,
1.0,0.9989,0.9678,0.9667,0.9685,0.9972,0.9944,0.9894,0.984,0.9216,0.7302,0.9296,0.9045,0.8371,0.8003,0.8524,0.6868,0.8242,0.9394,0.781,0.6052,0.9533,0.7204,0.6177,0.5976,0.6079,0.8557,0.5597,0.6156,0.7812,0.5028,0.5489,0.3862,0.598,0.6786,0.5732,0.5188,0.318,0.4836,0.2552,0.5274,0.3124,0.2113,0.163,0.3613,
1.0,0.9988,0.9671,0.9659,0.9704,0.9973,0.9951,0.9913,0.9868,0.9229,0.7397,0.9327,0.9092,0.8424,0.8056,0.8565,0.6845,0.83,0.9425,0.7827,0.6133,0.9571,0.7245,0.6249,0.6098,0.6154,0.8579,0.5781,0.6182,0.7824,0.5127,0.5605,0.3897,0.5894,0.6799,0.5858,0.5232,0.325,0.4742,0.2623,0.5246,0.3177,0.2114,0.16,0.351,
1.0,0.9992,0.9682,0.9674,0.9692,0.998,0.9964,0.9906,0.9852,0.9239,0.7346,0.9318,0.9088,0.8377,0.8017,0.8568,0.686,0.8247,0.9382,0.7867,0.6062,0.9529,0.7186,0.6176,0.599,0.6075,0.8587,0.5609,0.6181,0.7845,0.5139,0.5426,0.3853,0.5832,0.6701,0.5767,0.5193,0.317,0.4752,0.2632,0.5224,0.3104,0.2101,0.1529,0.347,
1.0,0.9988,0.969,0.9678,0.9721,0.9969,0.9947,0.9897,0.9844,0.9242,0.7338,0.9347,0.9081,0.8342,0.7938,0.8603,0.6751,0.8222,0.9422,0.7811,0.607,0.9549,0.7208,0.622,0.6136,0.6154,0.8496,0.5656,0.6243,0.7779,0.5095,0.5516,0.3904,0.5932,0.6818,0.5891,0.5213,0.3144,0.4735,0.2558,0.5216,0.3147,0.216,0.1681,0.3475,
1.0,0.9984,0.9656,0.964,0.9713,0.9978,0.9948,0.9888,0.984,0.9262,0.7425,0.9297,0.9093,0.8438,0.8044,0.8572,0.688,0.83,0.9395,0.7891,0.6145,0.9527,0.7245,0.6241,0.5981,0.6157,0.8588,0.5717,0.6147,0.7887,0.5124,0.5494,0.3856,0.5913,0.6767,0.5849,0.5286,0.3239,0.4782,0.2556,0.5211,0.3142,0.2165,0.1635,0.3579,
1.0,0.999,0.9673,0.9663,0.9669,0.9965,0.9946,0.9895,0.9827,0.9261,0.7361,0.9275,0.9082,0.8411,0.8001,0.8534,0.6871,0.826,0.9388,0.7852,0.6131,0.9501,0.7241,0.6205,0.608,0.6168,0.856,0.5746,0.6274,0.7818,0.5041,0.5575,0.3886,0.5959,0.6737,0.5884,0.5193,0.3184,0.4792,0.2659,0.5264,0.3188,0.2116,0.1609,0.359,
1.0,0.9988,0.9662,0.965,0.9688,0.9966,0.9944,0.9898,0.9851,0.9238,0.7355,0.9286,0.9075,0.8392,0.8018,0.8531,0.68,0.8266,0.9423,0.7802,0.6097,0.9514,0.7218,0.6204,0.6067,0.6165,0.8517,0.5631,0.6226,0.7752,0.4978,0.5523,0.3806,0.5842,0.6792,0.5872,0.5212,0.3118,0.4734,0.2608,0.5205,0.3024,0.2026,0.1648,0.3472,
1.0,0.9994,0.9712,0.9706,0.9689,0.9978,0.9962,0.9909,0.9845,0.9298,0.7448,0.9344,0.9148,0.8422,0.8041,0.8645,0.6903,0.827,0.9406,0.787,0.6166,0.9511,0.7258,0.6233,0.6066,0.6194,0.8603,0.5704,0.6277,0.7927,0.5095,0.5555,0.3938,0.5963,0.6768,0.5857,0.5203,0.3239,0.4837,0.2656,0.5292,0.3213,0.2079,0.1612,0.3597,
1.0,0.9989,0.969,0.9679,0.9665,0.9971,0.9955,0.9921,0.9873,0.9191,0.7302,0.929,0.9043,0.8382,0.8023,0.8502,0.6907,0.8266,0.9399,0.7791,0.6013,0.9528,0.7124,0.6174,0.6012,0.6056,0.8598,0.5735,0.6112,0.7743,0.4961,0.5542,0.3857,0.5833,0.6698,0.5715,0.5295,0.3146,0.4792,0.2628,0.5234,0.3025,0.2065,0.164,0.3535,
1.0,0.9989,0.9662,0.9651,0.9673,0.9973,0.9954,0.9911,0.9868,0.9284,0.7406,0.9261,0.9118,0.8404,0.8041,0.856,0.6883,0.8287,0.9442,0.7843,0.6152,0.9515,0.7247,0.6198,0.5984,0.6186,0.8555,0.5701,0.6183,0.7838,0.5104,0.5529,0.3859,0.5813,0.6748,0.5844,0.5209,0.3175,0.4762,0.2636,0.5247,0.3104,0.2114,0.1616,0.354,
1.0,0.9986,0.9686,0.9672,0.9698,0.9975,0.9953,0.9895,0.9829,0.9238,0.7379,0.9319,0.907,0.8454,0.8059,0.8573,0.6868,0.8306,0.9401,0.7827,0.6158,0.9525,0.7273,0.6284,0.6077,0.6189,0.8553,0.575,0.6248,0.7839,0.5069,0.5594,0.3911,0.5922,0.6787,0.5834,0.5179,0.3213,0.4779,0.2624,0.5297,0.3102,0.2085,0.1675,0.3549,
1.0,0.9986,0.9659,0.9645,0.968,0.997,0.9947,0.9911,0.9856,0.9221,0.7365,0.9279,0.9067,0.8434,0.8065,0.8513,0.6834,0.8302,0.9394,0.7767,0.6113,0.9531,0.7191,0.6232,0.6035,0.6179,0.8537,0.5658,0.6169,0.7766,0.4941,0.5524,0.388,0.5939,0.6783,0.5799,0.5108,0.313,0.4749,0.2546,0.5196,0.3053,0.2039,0.1618,0.3544,
1.0,0.9988,0.9705,0.9693,0.9725,0.9977,0.9957,0.9913,0.9867,0.9258,0.7474,0.9362,0.9101,0.8436,0.8074,0.8623,0.696,0.8312,0.9414,0.7912,0.6163,0.9553,0.7249,0.6307,0.6147,0.6217,0.8613,0.5715,0.6233,0.7865,0.5104,0.5567,0.395,0.5951,0.6781,0.5856,0.5295,0.3214,0.4881,0.2705,0.5303,0.31,0.2088,0.172,0.3598,
1.0,0.9982,0.9698,0.968,0.9657,0.9969,0.9941,0.9896,0.9843,0.9257,0.7357,0.9291,0.9101,0.8394,0.8011,0.8571,0.685,0.8273,0.9398,0.782,0.6128,0.9562,0.7265,0.6224,0.6004,0.6118,0.8581,0.5701,0.625,0.7808,0.5018,0.5533,0.3813,0.5906,0.6717,0.5861,0.5262,0.3146,0.4819,0.2688,0.5254,0.305,0.2051,0.1631,0.3519,
1.0,0.9988,0.9681,0.9669,0.9692,0.9978,0.9959,0.9911,0.9855,0.9247,0.7371,0.9312,0.9104,0.8375,0.8011,0.8572,0.6868,0.8237,0.9368,0.786,0.6066,0.9552,0.7256,0.6171,0.6089,0.611,0.864,0.5601,0.6224,0.7849,0.4972,0.5461,0.3859,0.5914,0.6798,0.583,0.5212,0.3124,0.4849,0.2633,0.534,0.308,0.2119,0.1635,0.361,
1.0,0.999,0.9681,0.9671,0.9701,0.9968,0.9948,0.9911,0.9853,0.9218,0.7431,0.933,0.9069,0.8456,0.807,0.8556,0.693,0.831,0.9403,0.7826,0.6174,0.9525,0.7176,0.6278,0.5994,0.6169,0.86,0.574,0.6192,0.7834,0.5074,0.5569,0.3853,0.5963,0.6764,0.5824,0.523,0.3198,0.48,0.2646,0.5271,0.315,0.2076,0.1614,0.3571,
1.0,0.9988,0.9691,0.9679,0.9696,0.9981,0.9961,0.991,0.9853,0.9224,0.737,0.9322,0.9079,0.8425,0.8064,0.8556,0.6956,0.8287,0.9406,0.7853,0.6118,0.9552,0.7228,0.6264,0.6102,0.6144,0.8621,0.5694,0.6223,0.7833,0.5006,0.5578,0.3828,0.5879,0.6807,0.5858,0.521,0.3159,0.4786,0.2614,0.5283,0.3059,0.2128,0.1598,0.358,
1.0,0.9986,0.9679,0.9665,0.9699,0.9971,0.9949,0.9897,0.9845,0.9266,0.7439,0.9305,0.9096,0.8447,0.8044,0.8577,0.6899,0.8336,0.9439,0.781,0.6207,0.9497,0.7242,0.632,0.6023,0.6212,0.8529,0.5681,0.6153,0.7815,0.5044,0.5499,0.3869,0.5805,0.6686,0.5815,0.52,0.3183,0.475,0.2531,0.5197,0.312,0.2031,0.161,0.3512,
1.0,0.9991,0.967,0.9661,0.9675,0.9981,0.9964,0.9921,0.9865,0.9208,0.7344,0.9285,0.9074,0.8422,0.8057,0.8507,0.6912,0.8277,0.94,0.782,0.6134,0.9552,0.7215,0.6256,0.6103,0.6126,0.8622,0.5748,0.6238,0.7801,0.504,0.5533,0.3878,0.5918,0.6751,0.5904,0.5309,0.3188,0.4841,0.2715,0.5304,0.3091,0.2111,0.1638,0.3592,
1.0,0.9988,0.9658,0.9646,0.9703,0.997,0.9954,0.9909,0.9856,0.9216,0.7356,0.9292,0.9053,0.8375,0.7978,0.8529,0.6819,0.8253,0.9395,0.782,0.6058,0.9536,0.7186,0.618,0.6103,0.6161,0.8576,0.5693,0.6157,0.7785,0.4962,0.5487,0.3854,0.5851,0.671,0.5828,0.5289,0.3144,0.4788,0.2649,0.5166,0.3089,0.2023,0.1674,0.3503,
1.0,0.9986,0.9664,0.965,0.9711,0.996,0.9935,0.9918,0.9863,0.9277,0.7432,0.9315,0.9124,0.8399,0.8033,0.8599,0.6902,0.8276,0.9389,0.7941,0.6135,0.9511,0.7265,0.6207,0.6055,0.6166,0.8643,0.5722,0.6261,0.7914,0.5051,0.553,0.3843,0.5946,0.6718,0.5832,0.5198,0.3096,0.4887,0.2714,0.5324,0.3196,0.211,0.162,0.3619,
1.0,0.9986,0.9671,0.9657,0.9713,0.9969,0.9943,0.9894,0.9841,0.9227,0.7405,0.932,0.9065,0.8436,0.8044,0.8564,0.6867,0.8295,0.9393,0.7818,0.611,0.949,0.7198,0.623,0.603,0.6178,0.8575,0.5685,0.6168,0.7846,0.5039,0.5575,0.3889,0.5844,0.6761,0.5796,0.5217,0.3167,0.4699,0.2608,0.528,0.3143,0.21,0.1595,0.353,
1.0,0.9988,0.9683,0.9671,0.9658,0.9976,0.9955,0.9903,0.9847,0.9265,0.7349,0.9282,0.9113,0.8397,0.8025,0.8553,0.6822,0.8248,0.9395,0.7795,0.6145,0.9519,0.7244,0.6186,0.6081,0.6104,0.8547,0.5653,0.6377,0.7812,0.5051,0.5533,0.3851,0.6052,0.6817,0.591,0.5143,0.3136,0.4825,0.2687,0.5315,0.3126,0.2058,0.1569,0.3602,
1.0,0.9987,0.9691,0.9678,0.9699,0.9969,0.9946,0.9908,0.9853,0.9228,0.7403,0.9306,0.905,0.843,0.8021,0.8545,0.6815,0.8291,0.941,0.7739,0.6147,0.9528,0.7229,0.6303,0.6067,0.6157,0.8473,0.5633,0.6185,0.7789,0.5023,0.5512,0.3806,0.5781,0.6759,0.5838,0.5157,0.3178,0.4618,0.2531,0.5119,0.3048,0.2109,0.1629,0.3332,
1.0,0.999,0.9689,0.9679,0.9719,0.9972,0.995,0.9901,0.985,0.9267,0.7409,0.9346,0.9109,0.8407,0.8034,0.863,0.6883,0.8282,0.9427,0.7887,0.6192,0.9517,0.7282,0.6321,0.6111,0.6203,0.858,0.5693,0.6223,0.7889,0.5115,0.5604,0.3972,0.5941,0.6751,0.5894,0.5241,0.3209,0.4882,0.2686,0.523,0.3199,0.2154,0.1684,0.3525,
1.0,0.9981,0.9679,0.966,0.9709,0.9979,0.995,0.9898,0.9842,0.922,0.7357,0.9321,0.9072,0.8401,0.8009,0.8546,0.6818,0.8268,0.9407,0.7799,0.6116,0.957,0.7251,0.6225,0.6077,0.6148,0.8578,0.5629,0.616,0.7803,0.5071,0.5537,0.3908,0.5898,0.6769,0.5793,0.5257,0.3167,0.4792,0.2605,0.5243,0.3122,0.2089,0.1634,0.3545,
1.0,0.9991,0.9673,0.9664,0.9705,0.997,0.9949,0.9889,0.9829,0.9193,0.7329,0.9326,0.9021,0.8423,0.8026,0.8538,0.6829,0.8268,0.9409,0.7785,0.6114,0.9489,0.7199,0.6286,0.6066,0.6141,0.8535,0.5709,0.6175,0.7759,0.4985,0.5584,0.3828,0.5803,0.6731,0.5755,0.5205,0.3194,0.4714,0.2575,0.5266,0.2963,0.2003,0.1686,0.3494,
1.0,0.9986,0.9673,0.9659,0.9694,0.9981,0.9956,0.9904,0.9844,0.9248,0.7385,0.9292,0.9085,0.8426,0.8008,0.8564,0.6811,0.8283,0.9366,0.7778,0.6114,0.9525,0.7229,0.6239,0.6022,0.612,0.8542,0.5644,0.6195,0.7809,0.4967,0.5529,0.3907,0.5867,0.6737,0.5789,0.5206,0.3145,0.4786,0.2593,0.5257,0.3094,0.2115,0.1696,0.347,
1.0,0.9987,0.9654,0.9641,0.9688,0.9966,0.9944,0.9915,0.986,0.9234,0.7359,0.9266,0.9072,0.8409,0.8029,0.8518,0.6841,0.8276,0.9408,0.7797,0.6048,0.9511,0.7153,0.617,0.6023,0.6165,0.8546,0.573,0.6106,0.7829,0.5062,0.557,0.3787,0.583,0.6694,0.5744,0.5253,0.3236,0.4641,0.2621,0.5161,0.303,0.2045,0.1577,0.3445,
1.0,0.9988,0.9681,0.9669,0.9684,0.9978,0.9956,0.9897,0.984,0.9242,0.7327,0.9307,0.9091,0.839,0.7989,0.8563,0.6849,0.8249,0.9405,0.7825,0.6085,0.9542,0.7221,0.622,0.6065,0.6134,0.8582,0.5659,0.6213,0.7795,0.4983,0.5522,0.3839,0.5981,0.6743,0.5851,0.5291,0.3125,0.4856,0.2611,0.5191,0.307,0.1991,0.1662,0.3522,
1.0,0.9989,0.9674,0.9663,0.9681,0.9973,0.9957,0.9903,0.9839,0.9271,0.7357,0.9288,0.9115,0.839,0.7985,0.857,0.6825,0.8256,0.9395,0.7816,0.6066,0.9517,0.7215,0.614,0.5977,0.614,0.8565,0.5672,0.6185,0.7845,0.5057,0.5548,0.3831,0.5848,0.677,0.5774,0.5252,0.315,0.4706,0.2529,0.527,0.3084,0.2093,0.1551,0.3445,
1.0,0.9994,0.9726,0.972,0.9684,0.9973,0.9957,0.9898,0.9847,0.9254,0.7385,0.9344,0.9075,0.8416,0.8019,0.8602,0.6912,0.8288,0.9403,0.7844,0.6127,0.95,0.725,0.6277,0.6114,0.6162,0.859,0.5725,0.6313,0.7802,0.5015,0.5649,0.3965,0.5964,0.6852,0.5813,0.5176,0.3189,0.4793,0.2642,0.5331,0.3097,0.214,0.1665,0.3622,
1.0,0.9989,0.968,0.9669,0.9728,0.997,0.9947,0.9894,0.985,0.923,0.7397,0.9361,0.9074,0.8414,0.8037,0.8593,0.6879,0.8299,0.9419,0.7868,0.6163,0.9556,0.7289,0.631,0.6147,0.6193,0.8554,0.5702,0.6177,0.7788,0.5035,0.5495,0.3943,0.5927,0.6731,0.5884,0.5305,0.3147,0.4873,0.2638,0.5186,0.3116,0.208,0.1766,0.3559,
1.0,0.9983,0.9684,0.9667,0.971,0.9961,0.9933,0.9895,0.9838,0.9246,0.7401,0.9336,0.9084,0.8428,0.8052,0.8595,0.6885,0.8295,0.9375,0.7891,0.6136,0.9547,0.7242,0.6253,0.607,0.6195,0.8552,0.5706,0.6143,0.7836,0.503,0.5497,0.3881,0.589,0.6695,0.5784,0.5191,0.3123,0.4875,0.2613,0.5239,0.3125,0.2056,0.1653,0.3515,
1.0,0.9991,0.9679,0.967,0.9681,0.9971,0.9956,0.9918,0.9858,0.9184,0.7301,0.9297,0.903,0.8383,0.8033,0.8491,0.6845,0.8263,0.9381,0.7781,0.6035,0.9525,0.7154,0.6172,0.6013,0.6048,0.8556,0.562,0.6145,0.7781,0.4995,0.5507,0.3896,0.5875,0.6664,0.5727,0.5215,0.3185,0.4724,0.2635,0.5247,0.3113,0.2064,0.1624,0.3552,
1.0,0.9991,0.9655,0.9646,0.9671,0.9969,0.9954,0.9915,0.9845,0.9259,0.7408,0.9271,0.9117,0.8457,0.8077,0.8548,0.6894,0.8329,0.9432,0.7828,0.6217,0.955,0.7279,0.628,0.6042,0.6174,0.8581,0.571,0.6233,0.7809,0.5014,0.552,0.3776,0.5894,0.6736,0.5881,0.5205,0.3175,0.4874,0.2663,0.531,0.3103,0.2013,0.1672,0.3543,
1.0,0.9986,0.9675,0.9661,0.969,0.9978,0.9952,0.9898,0.9843,0.9273,0.7398,0.929,0.9106,0.8416,0.8025,0.858,0.6845,0.8274,0.9336,0.782,0.6054,0.9527,0.7247,0.6155,0.6026,0.6109,0.8528,0.5604,0.6208,0.7834,0.5053,0.5491,0.3919,0.5903,0.6673,0.5818,0.515,0.3151,0.4734,0.2627,0.5243,0.3063,0.2071,0.1607,0.3502,
1.0,0.9991,0.9665,0.9656,0.9682,0.9966,0.9947,0.9905,0.9851,0.919,0.7313,0.9282,0.9021,0.8386,0.7995,0.8489,0.6848,0.8257,0.9403,0.7806,0.6056,0.9517,0.7161,0.6207,0.604,0.6074,0.8558,0.5639,0.6168,0.7691,0.4889,0.5464,0.3826,0.5862,0.669,0.5768,0.524,0.3061,0.4835,0.2612,0.5255,0.2986,0.1966,0.1678,0.3582,
1.0,0.9989,0.969,0.9679,0.9688,0.997,0.9951,0.99,0.9844,0.9259,0.7365,0.9315,0.9095,0.8391,0.7996,0.8583,0.6849,0.8258,0.9386,0.7853,0.6057,0.9529,0.7273,0.6162,0.6071,0.612,0.8611,0.5688,0.6194,0.7883,0.5044,0.5519,0.389,0.5969,0.6732,0.5782,0.5225,0.309,0.4812,0.2575,0.5231,0.3098,0.2053,0.1668,0.3561,
1.0,0.9988,0.9673,0.9661,0.9708,0.9983,0.9959,0.99,0.9833,0.9261,0.7387,0.9315,0.9115,0.8387,0.7991,0.8584,0.6799,0.824,0.9377,0.7809,0.6147,0.9511,0.7208,0.6246,0.605,0.6162,0.8511,0.5697,0.626,0.788,0.507,0.5514,0.3856,0.5867,0.6742,0.5815,0.5188,0.311,0.47,0.2608,0.5203,0.3116,0.2113,0.16,0.3497,
1.0,0.9991,0.9672,0.9663,0.9708,0.9978,0.9961,0.9903,0.9845,0.924,0.7396,0.9325,0.9088,0.8414,0.8024,0.8575,0.6893,0.8292,0.9394,0.7885,0.6165,0.9549,0.728,0.627,0.6134,0.6155,0.8612,0.5712,0.6274,0.7828,0.5094,0.5562,0.3904,0.5918,0.6765,0.5928,0.5264,0.316,0.4851,0.2688,0.525,0.3133,0.2052,0.1631,0.36,
1.0,0.9992,0.966,0.9652,0.9699,0.9967,0.9948,0.9909,0.9845,0.9241,0.7382,0.9295,0.9072,0.8427,0.802,0.8554,0.6849,0.8282,0.939,0.7795,0.6175,0.9507,0.7322,0.6281,0.6121,0.6114,0.8575,0.5646,0.627,0.7829,0.4971,0.5481,0.3915,0.5885,0.6715,0.5878,0.5176,0.3154,0.4759,0.2652,0.5165,0.307,0.2079,0.1646,0.35,
1.0,0.9985,0.9695,0.968,0.9684,0.9968,0.994,0.9893,0.985,0.9229,0.7302,0.9316,0.9069,0.8352,0.7972,0.8566,0.6784,0.8228,0.9399,0.7774,0.6068,0.9516,0.723,0.6167,0.6118,0.6096,0.8541,0.5649,0.6201,0.7799,0.5063,0.5524,0.3975,0.5967,0.6814,0.583,0.5213,0.3171,0.4886,0.2612,0.5268,0.3187,0.2097,0.1677,0.3524,
1.0,0.9993,0.9685,0.9678,0.969,0.9963,0.9945,0.9912,0.9858,0.9267,0.7363,0.9308,0.9092,0.8361,0.7997,0.858,0.6872,0.8228,0.9371,0.7892,0.6078,0.9506,0.7215,0.6179,0.6062,0.6128,0.8561,0.5657,0.6248,0.7843,0.4981,0.5523,0.3834,0.5925,0.6722,0.5807,0.5167,0.3048,0.4782,0.2707,0.5319,0.3051,0.2061,0.1614,0.3598,
1.0,0.9991,0.9682,0.9673,0.9721,0.9974,0.9956,0.9914,0.9864,0.9248,0.7418,0.9349,0.9106,0.8406,0.8046,0.8608,0.6872,0.8279,0.9395,0.785,0.6115,0.9502,0.7246,0.6253,0.6077,0.6177,0.8619,0.569,0.6185,0.7884,0.5034,0.5533,0.3974,0.5899,0.6671,0.5778,0.5208,0.3189,0.4795,0.2654,0.5265,0.3079,0.2104,0.1654,0.3549,
1.0,0.9994,0.9653,0.9647,0.9692,0.9974,0.996,0.9904,0.9849,0.9224,0.737,0.9293,0.9067,0.8417,0.8062,0.8533,0.6833,0.8283,0.9419,0.7772,0.6116,0.952,0.7193,0.6227,0.6011,0.6131,0.8498,0.5597,0.6236,0.7781,0.5077,0.5563,0.3873,0.5943,0.6788,0.5836,0.5245,0.3243,0.4773,0.2625,0.5209,0.3125,0.2119,0.1668,0.3605,
1.0,0.9989,0.968,0.9669,0.9695,0.9969,0.9951,0.9921,0.9856,0.9279,0.7433,0.9312,0.9135,0.8416,0.8037,0.8601,0.6902,0.8293,0.9402,0.789,0.6157,0.9545,0.7256,0.6234,0.604,0.6202,0.8599,0.5739,0.6205,0.7854,0.5054,0.5553,0.3834,0.5874,0.6756,0.5824,0.5204,0.3194,0.4772,0.2658,0.5347,0.3067,0.2105,0.1617,0.3524,
1.0,0.9987,0.9663,0.965,0.9697,0.9971,0.9941,0.9904,0.9859,0.9194,0.7271,0.9307,0.9043,0.8335,0.7969,0.8517,0.6746,0.82,0.9363,0.7767,0.6062,0.9549,0.727,0.6169,0.6087,0.6017,0.8534,0.5544,0.6209,0.7751,0.505,0.5369,0.3942,0.5874,0.6695,0.5798,0.52,0.3188,0.4749,0.2594,0.5212,0.3093,0.2064,0.1654,0.3543,
1.0,0.9986,0.9679,0.9665,0.966,0.998,0.996,0.9907,0.9844,0.9264,0.732,0.9257,0.9102,0.836,0.7978,0.8529,0.6788,0.8224,0.9358,0.7773,0.6064,0.9528,0.7253,0.6125,0.6011,0.6073,0.8507,0.5527,0.6162,0.783,0.4972,0.5392,0.3789,0.5786,0.6741,0.5798,0.5127,0.3063,0.4665,0.254,0.527,0.3037,0.209,0.1571,0.3434,
1.0,0.9986,0.9675,0.9661,0.9696,0.9975,0.9948,0.9896,0.985,0.9289,0.7341,0.9295,0.9112,0.8335,0.7951,0.8596,0.6822,0.8193,0.938,0.787,0.605,0.9505,0.7221,0.6131,0.5976,0.6077,0.8564,0.5558,0.6167,0.7875,0.5032,0.5409,0.375,0.5803,0.6721,0.5775,0.5145,0.3038,0.4736,0.2522,0.5297,0.3054,0.2011,0.1578,0.3449,
1.0,0.9988,0.9679,0.9667,0.9655,0.9984,0.9955,0.9887,0.9837,0.9203,0.732,0.9267,0.9034,0.8443,0.8046,0.848,0.6901,0.83,0.938,0.7783,0.6093,0.9534,0.7203,0.6225,0.605,0.6101,0.857,0.5738,0.6246,0.7749,0.4968,0.5602,0.3878,0.5995,0.6794,0.5795,0.5244,0.3185,0.4933,0.2649,0.5316,0.3173,0.2034,0.1681,0.3642,
1.0,0.9986,0.9686,0.9672,0.9677,0.9967,0.9941,0.9904,0.9854,0.9216,0.7277,0.929,0.9046,0.8328,0.791,0.8508,0.6809,0.8203,0.9373,0.7799,0.6058,0.9557,0.7234,0.6154,0.6093,0.6017,0.8573,0.564,0.6135,0.7736,0.4947,0.5505,0.3822,0.5858,0.6735,0.5762,0.5145,0.3132,0.4706,0.2567,0.525,0.2981,0.2015,0.1577,0.3467,
1.0,0.9985,0.9689,0.9674,0.9693,0.9977,0.9956,0.99,0.9845,0.923,0.736,0.9314,0.9078,0.8411,0.8051,0.8557,0.6866,0.8288,0.9404,0.7831,0.6107,0.9558,0.7253,0.6224,0.6129,0.616,0.8593,0.5636,0.6185,0.7821,0.4953,0.5442,0.3807,0.589,0.672,0.5863,0.5184,0.3167,0.4918,0.2552,0.5276,0.3098,0.207,0.167,0.3544,
1.0,0.9991,0.9675,0.9666,0.9679,0.9965,0.9947,0.9912,0.9865,0.9215,0.7337,0.9292,0.9051,0.8399,0.8075,0.8532,0.6888,0.8279,0.9401,0.7843,0.6085,0.9519,0.7198,0.621,0.6016,0.6105,0.8567,0.5616,0.6188,0.7799,0.4958,0.5499,0.3778,0.5939,0.6752,0.583,0.52,0.3046,0.4878,0.2607,0.5386,0.3052,0.2029,0.1638,0.3572,
1.0,0.9991,0.9675,0.9666,0.9647,0.9983,0.9966,0.989,0.9839,0.9208,0.7299,0.928,0.9061,0.8421,0.8042,0.8503,0.682,0.8292,0.9415,0.7735,0.6111,0.9524,0.7202,0.6214,0.6043,0.6121,0.8531,0.5739,0.6203,0.7765,0.4986,0.5607,0.3885,0.5935,0.6752,0.5792,0.5174,0.3199,0.4816,0.2568,0.5205,0.3043,0.1988,0.1617,0.3496,
1.0,0.9991,0.9717,0.9708,0.9717,0.9973,0.9954,0.9922,0.9866,0.9246,0.7461,0.9373,0.91,0.8447,0.8089,0.8628,0.6939,0.8326,0.9463,0.785,0.6251,0.9549,0.7263,0.6387,0.6121,0.6209,0.8591,0.5692,0.6266,0.7837,0.4993,0.5567,0.3919,0.5983,0.6752,0.5927,0.5296,0.3108,0.484,0.2676,0.5213,0.3105,0.2049,0.168,0.3677,
1.0,0.9988,0.9682,0.967,0.9694,0.9976,0.9947,0.9889,0.9849,0.9223,0.7315,0.9313,0.9054,0.8358,0.7969,0.8564,0.681,0.8222,0.9415,0.7821,0.604,0.9511,0.7166,0.6161,0.5999,0.6097,0.8565,0.5612,0.619,0.774,0.5006,0.5465,0.3834,0.5866,0.6782,0.5788,0.5253,0.313,0.4754,0.2602,0.5288,0.3046,0.2079,0.1602,0.3486,
1.0,0.9989,0.968,0.9669,0.9714,0.9976,0.9959,0.9916,0.9863,0.9311,0.7411,0.9331,0.917,0.8354,0.7991,0.8654,0.6807,0.8217,0.941,0.7915,0.6118,0.9523,0.7282,0.6197,0.602,0.6133,0.8602,0.5595,0.6217,0.7923,0.5072,0.5425,0.3906,0.5905,0.6755,0.5877,0.5238,0.3156,0.4793,0.2579,0.5237,0.3161,0.2164,0.1616,0.3547,
1.0,0.9987,0.9654,0.9641,0.9675,0.9976,0.9952,0.9896,0.9841,0.9215,0.7336,0.9258,0.905,0.841,0.8021,0.8492,0.6855,0.8271,0.9396,0.781,0.605,0.951,0.7148,0.6129,0.5976,0.6127,0.8582,0.5713,0.6156,0.778,0.4977,0.5518,0.3859,0.5994,0.6772,0.58,0.5195,0.3163,0.4794,0.252,0.5239,0.3141,0.2075,0.1607,0.3608,
1.0,0.9993,0.9677,0.967,0.97,0.9971,0.9956,0.991,0.985,0.9193,0.7341,0.9308,0.9026,0.8408,0.8041,0.8511,0.6909,0.8256,0.9391,0.7807,0.6066,0.9521,0.719,0.6245,0.6072,0.6079,0.8565,0.5662,0.6176,0.7806,0.5041,0.552,0.3902,0.5912,0.6763,0.5842,0.5238,0.3161,0.485,0.2648,0.5271,0.3119,0.2087,0.1654,0.3588,
1.0,0.9992,0.9669,0.9661,0.9705,0.9974,0.9959,0.99,0.985,0.925,0.7334,0.9328,0.9096,0.8351,0.7954,0.8593,0.6824,0.8224,0.9401,0.7884,0.6028,0.9525,0.7183,0.6113,0.6035,0.6099,0.8577,0.5679,0.6181,0.7793,0.5005,0.548,0.382,0.5858,0.6718,0.5808,0.5183,0.3115,0.4769,0.2572,0.5302,0.3097,0.2037,0.1543,0.3519,
1.0,0.9994,0.969,0.9684,0.9695,0.9974,0.9958,0.9919,0.985,0.9268,0.7388,0.9317,0.9108,0.839,0.8008,0.8593,0.688,0.8243,0.9406,0.7863,0.612,0.9527,0.7231,0.6239,0.6044,0.6138,0.8586,0.5673,0.6223,0.7886,0.5116,0.5515,0.3946,0.5967,0.6767,0.5834,0.5255,0.3227,0.4838,0.2649,0.5309,0.3239,0.2122,0.1641,0.3639,
1.0,0.9987,0.9687,0.9674,0.9682,0.9973,0.9949,0.9899,0.9844,0.9259,0.7377,0.9301,0.9086,0.8407,0.8003,0.8563,0.6789,0.8274,0.9417,0.7753,0.6141,0.9511,0.7223,0.6241,0.6046,0.617,0.8482,0.5644,0.6243,0.7804,0.4971,0.5562,0.3828,0.587,0.6796,0.5872,0.5137,0.3168,0.4697,0.2545,0.5196,0.3089,0.2103,0.1578,0.3504,
1.0,0.9985,0.9701,0.9686,0.9678,0.9968,0.9946,0.9909,0.9847,0.9203,0.7313,0.9296,0.9036,0.8371,0.7964,0.8508,0.6827,0.8234,0.9385,0.7756,0.6009,0.9502,0.7112,0.6183,0.5997,0.6088,0.8552,0.5664,0.6123,0.7785,0.4978,0.5505,0.3873,0.5904,0.6706,0.5677,0.5168,0.3192,0.466,0.2553,0.5209,0.3046,0.2037,0.1608,0.3498,
1.0,0.9982,0.9673,0.9655,0.9666,0.9977,0.9948,0.991,0.9863,0.9265,0.738,0.9268,0.9117,0.8383,0.8016,0.8552,0.6854,0.8271,0.9456,0.7834,0.6079,0.9557,0.718,0.6165,0.5954,0.6205,0.8554,0.5727,0.6129,0.7798,0.5027,0.555,0.3748,0.5873,0.6814,0.5823,0.5191,0.3219,0.4778,0.2524,0.5221,0.3091,0.2094,0.1578,0.3524,
1.0,0.999,0.9647,0.9637,0.9715,0.997,0.9953,0.9915,0.9857,0.9263,0.7345,0.9304,0.9113,0.8341,0.7969,0.857,0.6752,0.8207,0.942,0.7844,0.6106,0.9543,0.7255,0.6197,0.608,0.6143,0.8538,0.566,0.6157,0.7846,0.5137,0.5445,0.3898,0.5837,0.6726,0.5884,0.523,0.3179,0.4758,0.2553,0.5171,0.3164,0.2118,0.1642,0.3399,
1.0,0.9992,0.9679,0.9671,0.9696,0.9974,0.996,0.9911,0.9855,0.923,0.7338,0.9308,0.9068,0.8388,0.8006,0.8558,0.6775,0.8257,0.9367,0.7751,0.6061,0.9522,0.7178,0.6183,0.6017,0.6048,0.8478,0.5515,0.6147,0.7723,0.5005,0.5401,0.3886,0.5786,0.6671,0.5758,0.5086,0.3106,0.4692,0.2543,0.5158,0.3051,0.2035,0.1567,0.3489,
1.0,0.9991,0.9672,0.9663,0.9694,0.9968,0.9953,0.9912,0.9852,0.921,0.7315,0.9308,0.9053,0.8358,0.7996,0.8539,0.6791,0.8219,0.9414,0.779,0.6008,0.9505,0.7125,0.6141,0.599,0.6106,0.8509,0.5635,0.6133,0.78,0.5044,0.5477,0.3796,0.5843,0.678,0.5776,0.5255,0.3161,0.4741,0.2583,0.5239,0.3088,0.2149,0.1643,0.3491,
1.0,0.9985,0.9692,0.9677,0.9698,0.9965,0.9942,0.9901,0.9861,0.9211,0.7427,0.9314,0.9039,0.845,0.8068,0.8536,0.6906,0.8339,0.9427,0.7778,0.6157,0.955,0.7263,0.6297,0.6107,0.619,0.8557,0.5754,0.6172,0.7783,0.5024,0.5565,0.3905,0.5895,0.6844,0.5837,0.5264,0.3213,0.4774,0.2612,0.5257,0.3095,0.2016,0.1708,0.355,
1.0,0.9987,0.9651,0.9638,0.9698,0.9977,0.9952,0.9896,0.9845,0.9213,0.7362,0.9282,0.9049,0.8424,0.8063,0.8521,0.6885,0.8293,0.9427,0.7838,0.612,0.9492,0.7186,0.6222,0.6062,0.6139,0.8591,0.568,0.619,0.7819,0.5019,0.5538,0.3916,0.5921,0.6752,0.58,0.5186,0.3204,0.4801,0.2621,0.524,0.3144,0.2089,0.164,0.3646,
1.0,0.9984,0.9679,0.9663,0.9692,0.9963,0.9936,0.9897,0.9854,0.9227,0.7338,0.9305,0.9064,0.8357,0.7977,0.8529,0.6819,0.8247,0.9472,0.7829,0.6169,0.9532,0.7259,0.6252,0.6075,0.6143,0.8566,0.5692,0.6212,0.7808,0.5058,0.5545,0.3834,0.5945,0.6808,0.5855,0.5227,0.3096,0.482,0.2587,0.53,0.3066,0.2023,0.1688,0.3567,
1.0,0.9988,0.9694,0.9682,0.9676,0.9973,0.9945,0.9893,0.9835,0.9204,0.7305,0.9309,0.9045,0.8388,0.7995,0.8527,0.6807,0.8235,0.9415,0.7773,0.6125,0.9517,0.7213,0.6252,0.6069,0.6082,0.8559,0.5643,0.6207,0.7739,0.4951,0.5528,0.3828,0.5918,0.6828,0.5821,0.5251,0.3104,0.4778,0.2601,0.5247,0.3029,0.2037,0.1638,0.3588,
1.0,0.9987,0.9705,0.9692,0.971,0.9976,0.9947,0.9888,0.984,0.9223,0.7374,0.9338,0.9039,0.8386,0.7971,0.8567,0.6812,0.8253,0.9404,0.7774,0.6121,0.9511,0.7195,0.6239,0.6095,0.6168,0.8504,0.5594,0.6195,0.7742,0.493,0.5477,0.3931,0.5924,0.6758,0.5773,0.5179,0.3113,0.4718,0.258,0.523,0.304,0.2027,0.1688,0.3499,
1.0,0.9992,0.9682,0.9674,0.9682,0.9969,0.9954,0.9907,0.9852,0.9225,0.7331,0.9301,0.9059,0.8372,0.8004,0.8542,0.6808,0.8244,0.9388,0.7784,0.6039,0.9509,0.7165,0.6156,0.5966,0.6075,0.8546,0.5667,0.6131,0.7853,0.501,0.5492,0.3783,0.5898,0.6728,0.5697,0.5116,0.3163,0.4761,0.2502,0.5238,0.3114,0.2063,0.1584,0.3539,
1.0,0.9986,0.9658,0.9644,0.9707,0.9975,0.9953,0.9918,0.9873,0.9231,0.7361,0.929,0.9084,0.8357,0.8008,0.8549,0.6832,0.8232,0.9442,0.783,0.609,0.9559,0.7197,0.6204,0.6081,0.6178,0.8562,0.5648,0.6177,0.7839,0.5082,0.5508,0.3858,0.5906,0.6786,0.5861,0.5241,0.3164,0.4827,0.252,0.523,0.3141,0.2097,0.1657,0.3549,
1.0,0.9992,0.9695,0.9687,0.9686,0.9966,0.9953,0.9905,0.9837,0.9304,0.7404,0.9324,0.9138,0.8385,0.7979,0.8641,0.6819,0.8239,0.9408,0.7889,0.6184,0.9529,0.7308,0.6235,0.6093,0.6159,0.8576,0.5653,0.6264,0.7842,0.5048,0.5485,0.3828,0.5885,0.6745,0.5909,0.5245,0.3096,0.4746,0.2674,0.5174,0.3062,0.2053,0.1601,0.3496,
1.0,0.9993,0.9641,0.9634,0.9694,0.9974,0.996,0.9912,0.9858,0.9216,0.7329,0.9274,0.9057,0.8378,0.7986,0.8523,0.681,0.8258,0.9424,0.7805,0.6107,0.9529,0.7214,0.6221,0.6109,0.6096,0.8565,0.5732,0.621,0.7766,0.5031,0.5461,0.3906,0.5902,0.6714,0.5914,0.5225,0.3218,0.4753,0.2631,0.5178,0.3114,0.1976,0.1639,0.3535,
1.0,0.9984,0.9685,0.9669,0.9692,0.9979,0.9958,0.9911,0.9847,0.927,0.7377,0.9301,0.9123,0.84,0.8007,0.8584,0.6823,0.827,0.9436,0.7815,0.6189,0.9555,0.7291,0.6298,0.6129,0.6177,0.854,0.5667,0.6317,0.7821,0.5061,0.5543,0.3931,0.5958,0.6823,0.5976,0.5234,0.3158,0.4809,0.2694,0.521,0.3155,0.2148,0.1723,0.3545,
1.0,0.9991,0.9683,0.9674,0.9711,0.9971,0.9951,0.9902,0.9859,0.9278,0.7444,0.9338,0.912,0.8431,0.8045,0.8627,0.6886,0.8316,0.9423,0.7883,0.6189,0.9565,0.7303,0.6287,0.6107,0.621,0.8561,0.5736,0.6255,0.7876,0.5133,0.5595,0.3947,0.5958,0.6781,0.5899,0.5303,0.3165,0.4875,0.2715,0.5221,0.3188,0.2088,0.1676,0.3641,
1.0,0.999,0.9712,0.9702,0.9726,0.9971,0.9957,0.9894,0.9822,0.9267,0.7399,0.9362,0.9079,0.8389,0.7975,0.8652,0.6825,0.8249,0.9363,0.7839,0.6079,0.9522,0.7259,0.6232,0.6147,0.6152,0.8543,0.5616,0.6234,0.7884,0.5086,0.549,0.3904,0.5927,0.6713,0.5841,0.518,0.3151,0.4803,0.2632,0.5211,0.32,0.2171,0.1667,0.3469,
1.0,0.9988,0.9649,0.9637,0.9693,0.9973,0.9951,0.9889,0.983,0.9231,0.7322,0.9276,0.9055,0.8374,0.7948,0.8518,0.6759,0.8233,0.939,0.7792,0.6086,0.9533,0.7188,0.6166,0.599,0.609,0.8526,0.5634,0.6139,0.7758,0.5026,0.5489,0.3827,0.5901,0.6791,0.5793,0.523,0.3102,0.4782,0.2584,0.5261,0.3057,0.2062,0.1603,0.3525,
1.0,0.999,0.966,0.965,0.969,0.9976,0.9958,0.9908,0.9839,0.9237,0.7298,0.9282,0.9074,0.8349,0.7955,0.8549,0.6792,0.8207,0.9405,0.7829,0.6097,0.9553,0.7271,0.6239,0.6061,0.6055,0.8552,0.5601,0.6277,0.7781,0.4979,0.5441,0.3882,0.589,0.6791,0.5849,0.5174,0.3068,0.4867,0.2609,0.5318,0.3097,0.206,0.162,0.3559,
1.0,0.999,0.9671,0.9661,0.9689,0.9978,0.9963,0.9928,0.9871,0.9259,0.7398,0.9304,0.9126,0.839,0.8044,0.8568,0.6938,0.8266,0.9407,0.788,0.6064,0.9542,0.72,0.6171,0.6017,0.6194,0.8648,0.5739,0.6148,0.7867,0.5027,0.554,0.3906,0.5891,0.6734,0.5794,0.5208,0.3199,0.4878,0.2598,0.53,0.3151,0.2072,0.165,0.3587,
1.0,0.9992,0.9691,0.9683,0.9691,0.9978,0.9966,0.9918,0.9849,0.9202,0.7363,0.9322,0.9057,0.8436,0.8066,0.854,0.6932,0.8301,0.9407,0.7823,0.6104,0.9544,0.7201,0.6266,0.6113,0.6202,0.8602,0.5786,0.6176,0.7808,0.5076,0.5623,0.3921,0.5839,0.6705,0.5805,0.5243,0.3218,0.4785,0.2549,0.526,0.3121,0.2082,0.1687,0.3578,
1.0,0.9984,0.9676,0.966,0.9695,0.9971,0.9948,0.9897,0.9852,0.9251,0.7401,0.9296,0.9077,0.8426,0.8043,0.8564,0.6932,0.8308,0.942,0.7872,0.614,0.9558,0.7282,0.6242,0.6143,0.6167,0.8621,0.579,0.624,0.786,0.5035,0.5553,0.3858,0.5986,0.6754,0.5895,0.528,0.3193,0.4854,0.2669,0.5287,0.3149,0.2022,0.1655,0.3615,
1.0,0.999,0.9689,0.9679,0.9697,0.9972,0.995,0.9898,0.9836,0.9223,0.7304,0.931,0.9045,0.8358,0.7942,0.8548,0.6793,0.8211,0.9391,0.781,0.607,0.9504,0.7195,0.622,0.6035,0.6081,0.853,0.5594,0.6234,0.7765,0.497,0.5467,0.3929,0.5922,0.6721,0.5802,0.5158,0.3081,0.48,0.2553,0.5314,0.3051,0.2111,0.1613,0.3569,
1.0,0.9988,0.9677,0.9665,0.9711,0.997,0.9948,0.9898,0.9839,0.9262,0.7406,0.9325,0.9092,0.8397,0.801,0.8605,0.6846,0.826,0.9385,0.789,0.6109,0.9537,0.7295,0.6219,0.6141,0.62,0.8575,0.5644,0.6266,0.7819,0.506,0.5446,0.3942,0.5945,0.6651,0.5868,0.5243,0.3085,0.483,0.2648,0.5209,0.315,0.2034,0.1644,0.3595,
1.0,0.9992,0.9711,0.9703,0.9696,0.9971,0.9954,0.9901,0.9847,0.9297,0.7461,0.9336,0.9122,0.8451,0.8088,0.8636,0.6941,0.8328,0.9424,0.7898,0.6165,0.9516,0.7247,0.6285,0.6063,0.6273,0.8551,0.5709,0.6216,0.7892,0.5208,0.5608,0.3985,0.5891,0.6795,0.5847,0.5187,0.3282,0.4751,0.2665,0.5236,0.3207,0.2152,0.1635,0.3502,
1.0,0.9988,0.97,0.9688,0.9704,0.9984,0.9965,0.9908,0.985,0.9268,0.7401,0.9335,0.9119,0.8386,0.7974,0.8606,0.682,0.8265,0.9433,0.7797,0.6141,0.9541,0.7204,0.6249,0.6065,0.6163,0.8542,0.5675,0.623,0.7862,0.5119,0.5554,0.3945,0.589,0.6769,0.5784,0.5187,0.3171,0.4772,0.2568,0.5216,0.3142,0.2086,0.1633,0.3507,
1.0,0.9992,0.968,0.9672,0.9692,0.9971,0.9954,0.9919,0.9877,0.9246,0.7417,0.9312,0.9095,0.8435,0.8081,0.8562,0.6945,0.8297,0.9383,0.784,0.6148,0.9518,0.7275,0.6264,0.6062,0.6134,0.8616,0.5665,0.6188,0.7832,0.5024,0.5492,0.3908,0.5807,0.668,0.5822,0.5205,0.3153,0.4717,0.2647,0.5124,0.3127,0.2012,0.1613,0.3552,
1.0,0.9989,0.9664,0.9653,0.9695,0.9978,0.9953,0.9901,0.9845,0.9246,0.7304,0.9299,0.9092,0.8324,0.792,0.8553,0.6746,0.8178,0.9361,0.779,0.6042,0.9513,0.7237,0.6117,0.6086,0.6041,0.8564,0.5549,0.6211,0.7775,0.4996,0.5359,0.3889,0.5918,0.6679,0.5835,0.5179,0.3112,0.4812,0.261,0.5236,0.3137,0.2092,0.1614,0.3519,
1.0,0.9986,0.966,0.9646,0.9676,0.9972,0.9937,0.9883,0.984,0.923,0.7333,0.9269,0.9049,0.8397,0.8002,0.8509,0.6888,0.8263,0.9418,0.7855,0.6178,0.9489,0.7299,0.625,0.6105,0.6115,0.8616,0.5719,0.6244,0.7779,0.5011,0.5506,0.3888,0.5871,0.6696,0.5889,0.5227,0.3136,0.4804,0.2703,0.5283,0.3085,0.2037,0.1611,0.354,
1.0,0.9987,0.9667,0.9654,0.9736,0.9964,0.9941,0.9904,0.9853,0.9222,0.7352,0.9344,0.9064,0.8343,0.7982,0.8585,0.681,0.8216,0.9388,0.7896,0.6068,0.9543,0.7266,0.6211,0.6104,0.6086,0.8563,0.559,0.6251,0.7806,0.504,0.5405,0.3941,0.5934,0.6772,0.5866,0.5234,0.3072,0.4797,0.2651,0.5289,0.3134,0.2038,0.1677,0.352,
1.0,0.9992,0.9665,0.9657,0.9697,0.9975,0.9956,0.99,0.9858,0.926,0.7398,0.9311,0.9112,0.8404,0.8029,0.8586,0.6889,0.8271,0.9391,0.7895,0.6128,0.9483,0.7272,0.6214,0.6062,0.6144,0.8604,0.5711,0.6282,0.7816,0.4996,0.5574,0.3849,0.5816,0.675,0.586,0.5195,0.3154,0.4665,0.2698,0.5237,0.3038,0.2056,0.1577,0.3548,
1.0,0.9993,0.9685,0.9678,0.9669,0.9971,0.9951,0.9907,0.9858,0.9231,0.7382,0.9297,0.9071,0.8433,0.8081,0.8533,0.6949,0.8305,0.9416,0.7815,0.6159,0.9521,0.7243,0.6274,0.6096,0.6179,0.8592,0.5748,0.6209,0.7814,0.5109,0.555,0.4001,0.5888,0.6702,0.5847,0.5265,0.3276,0.4842,0.2631,0.528,0.3245,0.2141,0.1683,0.3632,
1.0,0.9983,0.9673,0.9656,0.971,0.9975,0.995,0.9908,0.9846,0.9262,0.7422,0.9325,0.9128,0.8417,0.8044,0.8602,0.6895,0.8281,0.9409,0.7892,0.6181,0.9578,0.7342,0.626,0.6134,0.6192,0.8637,0.5696,0.6285,0.7835,0.4976,0.5518,0.3891,0.5993,0.684,0.5878,0.5219,0.3167,0.4846,0.2649,0.5306,0.3134,0.2005,0.1601,0.362,
1.0,0.999,0.9657,0.9647,0.9703,0.9981,0.9958,0.992,0.9874,0.9226,0.7376,0.9304,0.9094,0.838,0.8038,0.8539,0.6818,0.8237,0.9422,0.7813,0.6108,0.9526,0.7105,0.6218,0.593,0.6173,0.854,0.5684,0.6111,0.7814,0.5079,0.5569,0.379,0.5808,0.6817,0.5745,0.5224,0.3237,0.4714,0.26,0.5287,0.306,0.2158,0.1615,0.3457,
1.0,0.9991,0.9659,0.965,0.9683,0.9975,0.996,0.9914,0.9864,0.9221,0.7398,0.9281,0.9067,0.8448,0.8093,0.8524,0.6928,0.832,0.941,0.7839,0.6118,0.9515,0.722,0.6242,0.6066,0.6209,0.8595,0.5796,0.6197,0.7799,0.5051,0.5616,0.3918,0.5915,0.6747,0.579,0.5192,0.3248,0.477,0.2664,0.5305,0.3082,0.2055,0.1649,0.3648,
1.0,0.9991,0.9652,0.9643,0.9711,0.9971,0.9955,0.9895,0.9835,0.9274,0.7441,0.9299,0.91,0.8431,0.8013,0.8589,0.6827,0.83,0.9385,0.7854,0.6131,0.9534,0.7217,0.619,0.6024,0.6197,0.8557,0.5707,0.6192,0.7857,0.5041,0.5522,0.3863,0.5954,0.6775,0.5821,0.5155,0.3125,0.4868,0.2575,0.5315,0.3209,0.2071,0.16,0.3662,
1.0,0.9989,0.9674,0.9663,0.9701,0.9977,0.9955,0.9896,0.9845,0.9221,0.7327,0.9318,0.9064,0.8367,0.7988,0.8542,0.6775,0.8231,0.9413,0.779,0.6057,0.9524,0.7228,0.62,0.608,0.6108,0.8533,0.5639,0.6201,0.7867,0.5106,0.5489,0.393,0.5908,0.6731,0.5853,0.5204,0.319,0.4798,0.2592,0.5155,0.3228,0.2066,0.1641,0.3561,
1.0,0.9995,0.9675,0.967,0.9701,0.9981,0.9968,0.9906,0.9859,0.923,0.733,0.9331,0.9089,0.8334,0.7986,0.8574,0.6853,0.8223,0.9372,0.7872,0.6069,0.955,0.7266,0.6213,0.6118,0.6047,0.8622,0.5601,0.6267,0.7841,0.4946,0.5403,0.3876,0.5989,0.6703,0.5841,0.5192,0.3095,0.4816,0.2646,0.5235,0.3081,0.2038,0.1598,0.3572,
1.0,0.9984,0.9684,0.9668,0.9671,0.997,0.9946,0.9904,0.9838,0.9231,0.7356,0.9289,0.9073,0.8421,0.804,0.8537,0.6837,0.8276,0.9423,0.78,0.6143,0.9541,0.7243,0.6242,0.6083,0.619,0.8569,0.5693,0.6179,0.7792,0.5034,0.5527,0.3913,0.5929,0.6763,0.583,0.5226,0.3251,0.4761,0.2561,0.5228,0.3095,0.2049,0.1658,0.3591,
1.0,0.9991,0.9676,0.9667,0.9683,0.9969,0.9952,0.9907,0.9852,0.9226,0.7329,0.9306,0.9062,0.8367,0.8016,0.8539,0.6804,0.8242,0.9413,0.7789,0.6113,0.9524,0.7239,0.6229,0.6118,0.6154,0.853,0.5611,0.6226,0.7834,0.4987,0.5523,0.3849,0.5905,0.6717,0.582,0.5213,0.3107,0.4743,0.2643,0.5194,0.3064,0.2007,0.162,0.3463,
1.0,0.9992,0.9677,0.9669,0.97,0.997,0.9951,0.9905,0.9855,0.9205,0.7335,0.9306,0.9035,0.8347,0.7959,0.8532,0.6809,0.8217,0.9388,0.7803,0.6029,0.9536,0.7195,0.614,0.6088,0.608,0.8591,0.5597,0.6156,0.7844,0.5019,0.5464,0.3851,0.5951,0.684,0.5813,0.5184,0.3128,0.4808,0.2583,0.5239,0.3165,0.2081,0.1596,0.3502,
1.0,0.9989,0.9655,0.9644,0.9709,0.9977,0.9956,0.9894,0.9856,0.9261,0.7367,0.9287,0.9086,0.837,0.7975,0.8564,0.6794,0.8267,0.9444,0.7839,0.6108,0.9519,0.7235,0.6197,0.6053,0.6169,0.8557,0.5685,0.617,0.7877,0.5032,0.5523,0.3862,0.5865,0.6768,0.5799,0.5196,0.3168,0.4732,0.2568,0.5133,0.3108,0.2058,0.1598,0.355,
1.0,0.9987,0.9702,0.9689,0.9689,0.9977,0.9952,0.9922,0.9877,0.9298,0.7404,0.9323,0.9157,0.8354,0.7991,0.8625,0.684,0.8229,0.9448,0.786,0.609,0.9575,0.7261,0.6204,0.6019,0.6137,0.8579,0.5586,0.624,0.784,0.4977,0.5496,0.385,0.5967,0.6875,0.5884,0.5265,0.3097,0.4849,0.2576,0.5288,0.3061,0.2033,0.169,0.3507,
1.0,0.9983,0.9682,0.9665,0.9707,0.9967,0.9946,0.9906,0.9855,0.9192,0.7309,0.9312,0.9028,0.8361,0.7974,0.8523,0.6848,0.824,0.9392,0.7817,0.5963,0.9512,0.7094,0.6146,0.6046,0.6076,0.8598,0.5693,0.6115,0.7801,0.5017,0.5525,0.3874,0.587,0.6709,0.569,0.5219,0.3202,0.4791,0.2606,0.5292,0.3109,0.2101,0.1629,0.3538,
1.0,0.9986,0.9669,0.9655,0.9662,0.9967,0.9947,0.9898,0.9842,0.9219,0.7291,0.9259,0.9049,0.8349,0.7946,0.8489,0.6746,0.8238,0.9434,0.7742,0.6058,0.9553,0.7189,0.612,0.6045,0.6094,0.8508,0.5613,0.6158,0.7738,0.4994,0.5502,0.3816,0.599,0.6809,0.5815,0.5179,0.3153,0.4824,0.2543,0.5204,0.3086,0.2061,0.1663,0.3512,
1.0,0.999,0.969,0.968,0.9692,0.9969,0.9952,0.992,0.9857,0.9243,0.7369,0.931,0.9089,0.8406,0.8022,0.8554,0.6863,0.8284,0.9432,0.7807,0.6135,0.9535,0.7205,0.6261,0.6085,0.6165,0.8542,0.5684,0.6214,0.7761,0.5023,0.5545,0.3874,0.5872,0.6745,0.5793,0.5206,0.3197,0.4752,0.2642,0.5157,0.3094,0.2067,0.1609,0.3557,
1.0,0.9982,0.9677,0.9659,0.9672,0.9981,0.9956,0.991,0.9851,0.9256,0.739,0.9285,0.9118,0.8421,0.8042,0.8546,0.6887,0.8291,0.9434,0.783,0.6179,0.9551,0.7245,0.6262,0.6045,0.6194,0.8589,0.571,0.6246,0.7789,0.5053,0.5565,0.3824,0.5939,0.6788,0.584,0.5227,0.318,0.4777,0.2616,0.5203,0.3133,0.2064,0.164,0.355,
1.0,0.999,0.9665,0.9655,0.9701,0.9979,0.9963,0.9903,0.9854,0.9236,0.7431,0.9295,0.9073,0.8459,0.8054,0.854,0.6902,0.8345,0.9446,0.7802,0.618,0.9515,0.7179,0.6295,0.6037,0.6233,0.8533,0.5788,0.622,0.7833,0.507,0.5685,0.3895,0.5939,0.6775,0.5884,0.5261,0.3228,0.4763,0.2671,0.5224,0.3105,0.2064,0.1678,0.3571,
1.0,0.9989,0.9699,0.9688,0.9724,0.9971,0.9947,0.9904,0.9854,0.9215,0.7379,0.9352,0.9042,0.8397,0.8006,0.8562,0.6869,0.8261,0.9384,0.7794,0.6078,0.9523,0.7153,0.6239,0.6099,0.6143,0.8527,0.5654,0.617,0.7822,0.5066,0.5553,0.3917,0.596,0.6791,0.5803,0.5135,0.313,0.4826,0.2576,0.5263,0.311,0.2038,0.1618,0.3514,
1.0,0.999,0.9699,0.9689,0.9716,0.9966,0.9947,0.9911,0.9855,0.9233,0.7417,0.9354,0.9077,0.8434,0.8035,0.8588,0.6919,0.8297,0.9385,0.7871,0.6116,0.954,0.7248,0.6251,0.6096,0.6115,0.8592,0.5709,0.6205,0.7833,0.5047,0.5496,0.3878,0.5858,0.6696,0.5813,0.5195,0.3171,0.4778,0.2628,0.5229,0.3096,0.2011,0.1645,0.3568,
1.0,0.9986,0.9658,0.9644,0.9687,0.997,0.9945,0.9899,0.9838,0.9219,0.7332,0.9279,0.9055,0.8392,0.8025,0.8514,0.6863,0.8245,0.9397,0.7845,0.6074,0.9521,0.7183,0.6193,0.5989,0.6138,0.8569,0.5694,0.6123,0.7775,0.5022,0.5443,0.3819,0.5838,0.6686,0.5794,0.5265,0.3134,0.476,0.2586,0.5217,0.3105,0.1993,0.1624,0.3508,
1.0,0.9987,0.9655,0.9642,0.9688,0.9979,0.9955,0.9906,0.9858,0.9201,0.7309,0.9277,0.9054,0.838,0.8005,0.8497,0.6824,0.8249,0.9394,0.7791,0.6064,0.9537,0.7201,0.6168,0.6015,0.6062,0.8602,0.5629,0.611,0.7806,0.5007,0.5444,0.3953,0.5953,0.6772,0.5739,0.5134,0.313,0.4873,0.251,0.5238,0.3123,0.2084,0.1624,0.36,
1.0,0.9992,0.9669,0.9661,0.9689,0.9975,0.9962,0.9909,0.9838,0.9228,0.7333,0.9306,0.9086,0.8388,0.8019,0.8555,0.6834,0.8246,0.9396,0.7817,0.6072,0.9548,0.7202,0.6196,0.6029,0.6074,0.8556,0.561,0.6181,0.7795,0.507,0.5456,0.3866,0.5989,0.6803,0.5826,0.5281,0.3163,0.4846,0.2554,0.5238,0.3157,0.2102,0.1655,0.3591,
1.0,0.9989,0.9725,0.9714,0.9718,0.9973,0.9954,0.9889,0.9849,0.9254,0.7389,0.9373,0.9076,0.8367,0.7996,0.8632,0.6905,0.8249,0.9422,0.7892,0.6149,0.9508,0.7238,0.6264,0.6144,0.6185,0.8551,0.5688,0.6279,0.7879,0.5152,0.5547,0.3965,0.5959,0.6885,0.5868,0.5199,0.3153,0.4836,0.2638,0.5343,0.3209,0.2172,0.1675,0.3528,
1.0,0.9992,0.9695,0.9687,0.9688,0.9971,0.9954,0.9902,0.9858,0.925,0.7405,0.933,0.9092,0.8399,0.8056,0.8588,0.6898,0.8266,0.9429,0.7847,0.6137,0.9515,0.7196,0.6228,0.5929,0.6184,0.8564,0.5658,0.6158,0.7838,0.506,0.5476,0.3791,0.5886,0.6758,0.5811,0.5251,0.3037,0.4711,0.2611,0.5217,0.3101,0.2096,0.1611,0.3552,
1.0,0.9985,0.9688,0.9673,0.9697,0.9977,0.9954,0.9906,0.9862,0.9223,0.7322,0.9313,0.9071,0.8347,0.7993,0.8549,0.6847,0.824,0.9429,0.7809,0.6058,0.9584,0.7205,0.6186,0.6055,0.6136,0.8552,0.5647,0.6187,0.7771,0.5018,0.5465,0.3863,0.5918,0.6795,0.5755,0.518,0.3103,0.4766,0.2569,0.5158,0.3019,0.2011,0.1649,0.3519,
1.0,0.999,0.9685,0.9675,0.9681,0.9975,0.9958,0.9898,0.9844,0.9271,0.7404,0.9301,0.9109,0.8443,0.805,0.8587,0.6848,0.8317,0.9429,0.7806,0.6205,0.95,0.7281,0.63,0.6078,0.62,0.8567,0.573,0.6256,0.7871,0.5084,0.5606,0.3869,0.5899,0.6733,0.588,0.5264,0.3154,0.4642,0.2663,0.5175,0.3085,0.2111,0.1609,0.355,
1.0,0.9988,0.9662,0.965,0.97,0.9971,0.995,0.9905,0.9842,0.9219,0.7254,0.9301,0.9062,0.831,0.794,0.8532,0.6729,0.8172,0.9417,0.7819,0.6044,0.9551,0.7235,0.6145,0.6067,0.6069,0.8545,0.5605,0.6193,0.7822,0.5046,0.5432,0.3856,0.5911,0.6793,0.5855,0.5215,0.3123,0.4814,0.2598,0.5222,0.3121,0.2073,0.1571,0.3523,
1.0,0.999,0.9682,0.9672,0.9686,0.9975,0.9958,0.9914,0.9862,0.9233,0.7389,0.9294,0.9072,0.8421,0.806,0.8532,0.697,0.83,0.9426,0.7857,0.6164,0.952,0.7199,0.6268,0.6061,0.6172,0.8601,0.5689,0.6204,0.78,0.5053,0.5508,0.3921,0.5921,0.6752,0.5864,0.5177,0.3154,0.4813,0.2635,0.5299,0.3161,0.2103,0.1668,0.3628,
1.0,0.9979,0.9672,0.9651,0.9716,0.9964,0.9932,0.9888,0.9828,0.9268,0.7353,0.9315,0.9092,0.8375,0.7967,0.8602,0.6785,0.8249,0.9414,0.7876,0.6131,0.953,0.728,0.6241,0.604,0.6141,0.8567,0.5671,0.6244,0.7866,0.511,0.5498,0.3867,0.5954,0.6735,0.5816,0.5138,0.3186,0.4794,0.2587,0.526,0.3144,0.2078,0.1642,0.3593,
1.0,0.9985,0.9677,0.9662,0.9691,0.9981,0.9962,0.9902,0.9842,0.9202,0.7292,0.9296,0.905,0.836,0.7996,0.8514,0.6848,0.8225,0.9421,0.7813,0.5991,0.9537,0.7104,0.6145,0.5979,0.6095,0.8559,0.5646,0.6164,0.778,0.4977,0.5555,0.379,0.5982,0.6869,0.5719,0.5168,0.312,0.4814,0.2498,0.5334,0.3075,0.2097,0.1578,0.3635,
1.0,0.9988,0.9682,0.967,0.9689,0.9966,0.9939,0.9902,0.985,0.9225,0.7312,0.9309,0.9061,0.8354,0.796,0.855,0.6814,0.821,0.9378,0.7805,0.5996,0.9527,0.7151,0.6131,0.6009,0.6076,0.8551,0.5643,0.6131,0.7789,0.4995,0.5467,0.3744,0.5883,0.6779,0.5799,0.518,0.3153,0.4821,0.2551,0.5309,0.3111,0.2152,0.1606,0.3521,
1.0,0.9987,0.9684,0.9671,0.968,0.9971,0.9944,0.9889,0.9835,0.923,0.7344,0.9288,0.9046,0.8386,0.7983,0.8539,0.6778,0.8249,0.9423,0.7745,0.6114,0.9489,0.7169,0.6225,0.6014,0.6156,0.848,0.5691,0.6217,0.7857,0.514,0.5633,0.3968,0.5903,0.6767,0.5736,0.5135,0.3293,0.4685,0.2552,0.5252,0.3185,0.2193,0.1642,0.3466,
1.0,0.9992,0.969,0.9682,0.9701,0.9974,0.9952,0.9895,0.9838,0.9193,0.7327,0.9323,0.9013,0.8404,0.8007,0.8525,0.6875,0.8259,0.9433,0.7814,0.6081,0.95,0.714,0.6228,0.6021,0.6141,0.8579,0.5698,0.6183,0.7781,0.5069,0.5552,0.3874,0.593,0.6791,0.5766,0.5233,0.3201,0.4814,0.2635,0.5292,0.3129,0.2069,0.1643,0.3528,
1.0,0.9987,0.9655,0.9642,0.9715,0.9971,0.9945,0.9902,0.9862,0.9272,0.7384,0.9302,0.911,0.8369,0.801,0.8576,0.6844,0.8234,0.9395,0.7909,0.6127,0.9509,0.727,0.6204,0.6067,0.6152,0.8572,0.5667,0.6253,0.7849,0.5144,0.5467,0.3884,0.5822,0.6708,0.5905,0.5298,0.3141,0.4794,0.2749,0.5226,0.3176,0.2121,0.1679,0.357,
1.0,0.9991,0.9682,0.9673,0.9719,0.9958,0.9935,0.9899,0.9854,0.9233,0.7382,0.9323,0.9035,0.8387,0.7989,0.8568,0.683,0.8253,0.9421,0.7821,0.6106,0.9548,0.7243,0.6249,0.6091,0.6117,0.8522,0.5646,0.6176,0.779,0.5089,0.5481,0.3864,0.5923,0.6714,0.5778,0.5194,0.3079,0.4739,0.2608,0.5181,0.3074,0.2042,0.1626,0.3553,
1.0,0.9992,0.9671,0.9663,0.9687,0.997,0.9946,0.9898,0.9838,0.9263,0.7301,0.93,0.9088,0.8346,0.7971,0.8582,0.683,0.8197,0.9338,0.7892,0.6048,0.9497,0.7278,0.6159,0.6111,0.6075,0.8597,0.5629,0.623,0.7862,0.4996,0.5456,0.3895,0.5906,0.6658,0.5931,0.5206,0.3145,0.484,0.2626,0.5244,0.3158,0.2073,0.1643,0.3497,
1.0,0.9991,0.9675,0.9666,0.9676,0.9977,0.996,0.9907,0.9847,0.9243,0.7324,0.9278,0.9077,0.8356,0.7964,0.854,0.6812,0.8218,0.9398,0.7817,0.6077,0.9539,0.7258,0.619,0.6099,0.61,0.8551,0.5644,0.6249,0.7793,0.5006,0.5473,0.3885,0.5945,0.6775,0.5836,0.5232,0.3116,0.4795,0.2606,0.5194,0.308,0.2101,0.1662,0.3576,
1.0,0.9988,0.9665,0.9653,0.9671,0.9975,0.9951,0.9898,0.9849,0.9223,0.7303,0.9271,0.9053,0.8368,0.797,0.8517,0.6818,0.8256,0.9417,0.7785,0.6057,0.9562,0.7233,0.6164,0.6065,0.6059,0.8606,0.5722,0.6184,0.7806,0.4982,0.556,0.3875,0.6002,0.6844,0.5789,0.517,0.3258,0.4888,0.2517,0.5301,0.3127,0.2022,0.1611,0.3643,
1.0,0.9987,0.97,0.9687,0.9673,0.9966,0.9941,0.9891,0.9838,0.9228,0.731,0.9301,0.9054,0.8366,0.7963,0.8546,0.6785,0.8237,0.9437,0.7764,0.6056,0.9509,0.7177,0.6193,0.6019,0.6123,0.8531,0.5701,0.6138,0.7808,0.5007,0.5572,0.3864,0.5902,0.6882,0.5754,0.5228,0.3151,0.4787,0.2516,0.5262,0.3028,0.2171,0.1645,0.3475,
1.0,0.9988,0.9657,0.9645,0.9681,0.9967,0.9951,0.99,0.9832,0.9257,0.7327,0.9291,0.9106,0.8379,0.8019,0.8552,0.684,0.8251,0.9445,0.7885,0.6205,0.9517,0.7333,0.6256,0.6098,0.6186,0.8577,0.5756,0.6294,0.7846,0.5115,0.552,0.3879,0.589,0.6754,0.5971,0.5326,0.3237,0.4784,0.275,0.5282,0.3174,0.2096,0.1657,0.3579,
1.0,0.9985,0.967,0.9655,0.9696,0.9971,0.9944,0.9896,0.9838,0.9206,0.7347,0.9302,0.9051,0.8407,0.8019,0.8519,0.6844,0.8262,0.9383,0.7804,0.6073,0.9504,0.7173,0.6169,0.6065,0.6122,0.8565,0.5698,0.6247,0.78,0.5021,0.5552,0.3845,0.5911,0.6721,0.581,0.516,0.3149,0.4785,0.2574,0.5223,0.3126,0.2077,0.1532,0.3554,
1.0,0.9987,0.9678,0.9665,0.9706,0.9972,0.9953,0.9906,0.9843,0.9199,0.7351,0.932,0.9041,0.8408,0.8005,0.8529,0.6839,0.8268,0.9392,0.7777,0.6031,0.9538,0.7159,0.6153,0.6026,0.609,0.8613,0.5617,0.6129,0.7786,0.5017,0.5487,0.3813,0.5949,0.6812,0.5686,0.5223,0.3219,0.4765,0.2592,0.5279,0.3052,0.2114,0.1583,0.3559,
1.0,0.9995,0.9687,0.9682,0.9705,0.9977,0.9966,0.9905,0.9848,0.9249,0.7322,0.9337,0.9084,0.8349,0.7969,0.8593,0.676,0.821,0.9401,0.7805,0.608,0.9498,0.7221,0.6208,0.6055,0.6083,0.8535,0.5564,0.6237,0.7883,0.5043,0.5474,0.3854,0.5887,0.6732,0.585,0.5154,0.3084,0.4751,0.2584,0.5197,0.3131,0.2081,0.1615,0.3479,
1.0,0.9992,0.9647,0.9639,0.9712,0.997,0.9943,0.9902,0.986,0.9207,0.7313,0.9305,0.9048,0.8335,0.799,0.852,0.6767,0.8211,0.9364,0.7814,0.597,0.9532,0.7148,0.6101,0.5991,0.6027,0.8503,0.5576,0.6111,0.7799,0.5013,0.5385,0.3818,0.5893,0.6719,0.5744,0.5178,0.3074,0.4777,0.2585,0.5204,0.3151,0.2144,0.1585,0.3478,
1.0,0.9984,0.9658,0.9642,0.9703,0.9976,0.9955,0.9897,0.9845,0.9239,0.7376,0.9295,0.9084,0.8433,0.8034,0.8547,0.6828,0.8306,0.9419,0.7789,0.6131,0.9518,0.7222,0.6216,0.6042,0.619,0.854,0.5708,0.6198,0.78,0.5057,0.5597,0.3874,0.5875,0.6734,0.5829,0.5205,0.3232,0.4785,0.2597,0.5213,0.3091,0.2066,0.168,0.3543,
1.0,0.9994,0.9671,0.9665,0.9664,0.9967,0.9952,0.9905,0.985,0.9247,0.7373,0.928,0.9082,0.8401,0.8037,0.8537,0.6849,0.8272,0.9391,0.7815,0.6099,0.9526,0.7234,0.6156,0.6014,0.6103,0.8551,0.5627,0.6198,0.7833,0.507,0.5466,0.3817,0.5943,0.6732,0.5844,0.5136,0.3128,0.4763,0.2616,0.5188,0.3158,0.2012,0.1533,0.3612,
1.0,0.9993,0.9698,0.9691,0.9728,0.9977,0.9964,0.9902,0.9843,0.9259,0.7378,0.936,0.9093,0.8374,0.7963,0.8635,0.6796,0.8247,0.9415,0.7817,0.6074,0.9524,0.7182,0.621,0.6039,0.6118,0.8521,0.5613,0.6189,0.7819,0.5012,0.5493,0.3803,0.5847,0.6681,0.5776,0.5178,0.3123,0.473,0.2508,0.5196,0.3047,0.2014,0.1633,0.3436,
1.0,0.9991,0.9685,0.9676,0.9692,0.9978,0.9964,0.9913,0.984,0.9253,0.7363,0.932,0.911,0.8398,0.801,0.8581,0.6841,0.8236,0.9378,0.7835,0.6138,0.9521,0.7218,0.6245,0.6098,0.6155,0.8589,0.5738,0.6243,0.7869,0.5065,0.5562,0.3909,0.5979,0.68,0.5882,0.5204,0.3207,0.483,0.2681,0.5271,0.3117,0.2105,0.1649,0.3577,
1.0,0.9984,0.9684,0.9668,0.9668,0.9969,0.994,0.9883,0.9828,0.9271,0.7363,0.9286,0.9096,0.8426,0.8036,0.8563,0.682,0.8296,0.9385,0.7798,0.614,0.9491,0.7214,0.6212,0.6101,0.6229,0.8489,0.5727,0.6217,0.7799,0.5058,0.5586,0.3931,0.5912,0.6646,0.5812,0.5163,0.3201,0.4717,0.2633,0.5173,0.3125,0.2073,0.1672,0.3508,
1.0,0.9983,0.9658,0.9641,0.9698,0.997,0.9946,0.9909,0.9841,0.9221,0.7313,0.9273,0.9049,0.8377,0.7947,0.8517,0.6731,0.8241,0.9398,0.7725,0.6086,0.9555,0.7236,0.6205,0.6056,0.6041,0.8499,0.5619,0.6197,0.7803,0.5059,0.5525,0.3824,0.5862,0.6809,0.58,0.5217,0.3212,0.4685,0.2568,0.523,0.3082,0.2065,0.1633,0.3486,
1.0,0.9987,0.9681,0.9668,0.9697,0.9977,0.9957,0.992,0.9858,0.9229,0.7378,0.9309,0.9091,0.8402,0.8021,0.8537,0.6782,0.8275,0.9385,0.7726,0.6089,0.9574,0.7242,0.6213,0.6151,0.6174,0.8513,0.5674,0.6209,0.7856,0.4927,0.5608,0.393,0.6014,0.6758,0.5803,0.517,0.3168,0.4823,0.2567,0.5234,0.3091,0.2052,0.1692,0.3608,
1.0,0.9986,0.9665,0.9651,0.9715,0.997,0.9947,0.99,0.9838,0.9246,0.7364,0.9304,0.9072,0.8374,0.7977,0.8551,0.6815,0.8248,0.9423,0.7843,0.6153,0.9516,0.7215,0.6282,0.6068,0.6178,0.8521,0.5644,0.6202,0.7791,0.5056,0.551,0.3816,0.5814,0.6746,0.5866,0.5157,0.3055,0.4712,0.2578,0.5251,0.3067,0.2101,0.1562,0.3476,
1.0,0.9989,0.9687,0.9676,0.9726,0.997,0.9952,0.9914,0.9862,0.9207,0.738,0.934,0.9043,0.8403,0.8038,0.8564,0.6845,0.8269,0.9409,0.7811,0.6042,0.952,0.7144,0.6207,0.6135,0.6211,0.8525,0.5696,0.6172,0.784,0.51,0.5581,0.3993,0.588,0.6789,0.5777,0.5197,0.3214,0.4722,0.2576,0.5205,0.3158,0.2084,0.1682,0.3505,
1.0,0.9986,0.9667,0.9653,0.97,0.9977,0.9956,0.9907,0.9854,0.9261,0.732,0.9296,0.911,0.8325,0.7977,0.8565,0.6801,0.8185,0.9382,0.788,0.5988,0.9512,0.7183,0.6089,0.5991,0.608,0.8534,0.561,0.6179,0.7904,0.5104,0.5511,0.3884,0.5909,0.6723,0.5812,0.5216,0.312,0.472,0.2598,0.5231,0.3141,0.2091,0.163,0.3451,
1.0,0.999,0.9643,0.9633,0.971,0.9978,0.9954,0.9904,0.9867,0.9245,0.736,0.9298,0.9099,0.8332,0.7968,0.8549,0.676,0.8198,0.9401,0.7836,0.6024,0.9513,0.7168,0.6106,0.5955,0.6101,0.8551,0.557,0.6123,0.7828,0.4997,0.5404,0.3793,0.583,0.6726,0.5795,0.5174,0.3062,0.4691,0.2583,0.5196,0.3053,0.2008,0.1605,0.3455,
1.0,0.9985,0.9663,0.9648,0.9696,0.9968,0.994,0.9904,0.986,0.9267,0.7366,0.9293,0.9112,0.8354,0.8022,0.8567,0.6817,0.8228,0.9424,0.7863,0.6088,0.9533,0.723,0.6187,0.6072,0.6188,0.8536,0.5581,0.6225,0.785,0.4992,0.5424,0.385,0.5966,0.6743,0.5904,0.5231,0.2988,0.49,0.261,0.5265,0.3116,0.2021,0.1624,0.36,
1.0,0.9981,0.9642,0.9623,0.9703,0.9979,0.9952,0.9892,0.9826,0.9274,0.7372,0.9277,0.9122,0.8393,0.7989,0.8568,0.6804,0.826,0.9377,0.7869,0.6081,0.9546,0.7262,0.6135,0.6038,0.6138,0.8597,0.5656,0.6157,0.7868,0.5033,0.5485,0.3808,0.5896,0.6695,0.5823,0.5252,0.3188,0.4861,0.2584,0.5242,0.3051,0.206,0.1653,0.349,
1.0,0.9989,0.969,0.9679,0.9677,0.9972,0.9951,0.9904,0.9857,0.9263,0.7309,0.9307,0.9105,0.8338,0.796,0.8573,0.6845,0.8205,0.9406,0.7861,0.6087,0.9518,0.7234,0.6187,0.6032,0.6075,0.8573,0.5658,0.6267,0.7826,0.5088,0.5486,0.3871,0.5987,0.6792,0.587,0.5193,0.3199,0.4748,0.2629,0.5257,0.3136,0.2116,0.1587,0.356,
1.0,0.9992,0.9693,0.9685,0.971,0.997,0.9948,0.9897,0.9852,0.9231,0.7382,0.9342,0.9052,0.8412,0.8035,0.8585,0.6868,0.8267,0.9392,0.7848,0.6118,0.952,0.7234,0.6262,0.6103,0.6162,0.8521,0.5624,0.6171,0.7825,0.512,0.5482,0.3951,0.5891,0.6727,0.5854,0.5214,0.3242,0.4772,0.2629,0.5178,0.3168,0.2099,0.1664,0.3543,
1.0,0.9984,0.9646,0.963,0.9725,0.9968,0.994,0.9898,0.9855,0.9207,0.7351,0.9297,0.9037,0.84,0.8009,0.8523,0.6844,0.8276,0.9412,0.786,0.6095,0.9545,0.7216,0.623,0.6125,0.6133,0.8569,0.5728,0.6206,0.7811,0.5081,0.5523,0.3893,0.5888,0.6753,0.5874,0.5321,0.3193,0.4846,0.2669,0.5251,0.3092,0.2061,0.1655,0.3609,
1.0,0.9988,0.9672,0.966,0.969,0.9967,0.9948,0.9906,0.9857,0.9194,0.7338,0.9313,0.9052,0.8371,0.8005,0.8525,0.6795,0.8243,0.9403,0.7785,0.6074,0.9512,0.7169,0.6181,0.6058,0.6145,0.8567,0.572,0.6125,0.7774,0.5051,0.5542,0.39,0.5862,0.677,0.5785,0.5303,0.32,0.4794,0.2626,0.5318,0.3111,0.2097,0.167,0.3514,
1.0,0.9991,0.9694,0.9685,0.9697,0.9968,0.9953,0.992,0.9865,0.9241,0.7408,0.9317,0.9074,0.8422,0.8053,0.8584,0.6867,0.8299,0.94,0.7842,0.6146,0.9543,0.722,0.627,0.6072,0.6156,0.8538,0.5703,0.6235,0.7885,0.5015,0.5535,0.3889,0.5952,0.673,0.5798,0.5182,0.318,0.4812,0.2673,0.5224,0.3135,0.2103,0.1652,0.3617,
1.0,0.9986,0.9689,0.9675,0.9707,0.9971,0.9945,0.9908,0.9844,0.9242,0.738,0.9319,0.9073,0.8376,0.797,0.8574,0.6829,0.8234,0.9385,0.7829,0.6126,0.957,0.7244,0.6243,0.6147,0.6169,0.8564,0.5704,0.6254,0.7874,0.5125,0.5612,0.3968,0.5995,0.6794,0.5845,0.5182,0.3178,0.4846,0.2651,0.5296,0.3199,0.2117,0.1675,0.358,
1.0,0.9992,0.9697,0.9689,0.9691,0.9966,0.9946,0.9912,0.9855,0.9219,0.7315,0.9323,0.9054,0.8356,0.7976,0.8563,0.6788,0.8204,0.9382,0.7767,0.6106,0.9522,0.7268,0.6239,0.613,0.6039,0.8577,0.5593,0.6256,0.7812,0.5016,0.5436,0.3894,0.5909,0.6813,0.5859,0.5204,0.3149,0.4826,0.2582,0.5346,0.3069,0.2152,0.164,0.3563,
1.0,0.9992,0.9688,0.968,0.9692,0.9971,0.9956,0.9903,0.9844,0.9228,0.736,0.9317,0.9057,0.8391,0.8007,0.8543,0.6872,0.8252,0.9387,0.7842,0.6112,0.9484,0.722,0.6235,0.6049,0.6128,0.8561,0.5588,0.6223,0.7744,0.5009,0.5418,0.3895,0.5834,0.6705,0.5824,0.513,0.3128,0.4814,0.2603,0.5236,0.3097,0.2023,0.1665,0.3483,
1.0,0.9985,0.9665,0.965,0.9688,0.997,0.9946,0.989,0.9837,0.922,0.731,0.9277,0.9047,0.8365,0.7969,0.8503,0.6788,0.8252,0.9433,0.781,0.608,0.9523,0.7203,0.6217,0.6041,0.6142,0.8526,0.568,0.6156,0.7778,0.5102,0.5477,0.3891,0.5933,0.6706,0.5802,0.5155,0.3176,0.4761,0.2523,0.5184,0.3102,0.2013,0.1603,0.3501,
1.0,0.9988,0.9651,0.9639,0.9719,0.9975,0.9957,0.9926,0.9867,0.9239,0.7418,0.931,0.9108,0.843,0.8089,0.8563,0.6893,0.8304,0.9386,0.7852,0.6098,0.9552,0.7204,0.6204,0.6014,0.6159,0.8579,0.5715,0.6163,0.7907,0.5079,0.5536,0.3816,0.5864,0.6743,0.5798,0.5119,0.3189,0.4735,0.2561,0.52,0.3159,0.2123,0.1547,0.3536,
1.0,0.9987,0.9683,0.967,0.9697,0.9974,0.9954,0.9911,0.985,0.9249,0.7438,0.9314,0.9097,0.8464,0.8073,0.857,0.6889,0.8339,0.9393,0.7802,0.6131,0.9572,0.723,0.6263,0.6098,0.6221,0.8549,0.5761,0.6209,0.7882,0.5046,0.5649,0.392,0.6033,0.6822,0.58,0.5217,0.3225,0.4919,0.2667,0.5296,0.3186,0.2097,0.1656,0.3629,
1.0,0.999,0.9678,0.9668,0.9728,0.9962,0.9945,0.9905,0.9862,0.9235,0.7431,0.9336,0.9055,0.8424,0.8041,0.857,0.6859,0.8318,0.9426,0.7821,0.6148,0.9546,0.7266,0.6308,0.6135,0.6195,0.8512,0.5686,0.6207,0.7853,0.5127,0.553,0.3873,0.5873,0.6787,0.589,0.5174,0.3197,0.475,0.257,0.5237,0.3156,0.2074,0.1617,0.3598,
1.0,0.9987,0.9698,0.9685,0.9718,0.9979,0.996,0.9918,0.986,0.9247,0.742,0.9348,0.9099,0.8419,0.8029,0.8607,0.6852,0.8298,0.9419,0.7805,0.6189,0.9585,0.7324,0.631,0.6215,0.6201,0.8537,0.569,0.636,0.7869,0.5174,0.5582,0.4057,0.6011,0.6887,0.5974,0.5285,0.322,0.4884,0.2681,0.5272,0.3305,0.2216,0.1727,0.3691,
1.0,0.9988,0.9659,0.9647,0.9736,0.9976,0.995,0.9897,0.9849,0.9229,0.7372,0.9333,0.9063,0.8385,0.8008,0.857,0.6797,0.8253,0.9409,0.7827,0.6095,0.9519,0.7204,0.6248,0.6063,0.6135,0.8552,0.5608,0.6175,0.7827,0.5032,0.545,0.3929,0.5943,0.6743,0.5815,0.5247,0.3085,0.4804,0.2586,0.5229,0.321,0.204,0.1643,0.3567,
1.0,0.9987,0.9703,0.969,0.969,0.9968,0.9945,0.9913,0.9858,0.9227,0.7306,0.9336,0.9083,0.8319,0.7958,0.857,0.6801,0.819,0.9415,0.7835,0.6087,0.9545,0.7251,0.6201,0.6046,0.6066,0.8609,0.5625,0.6145,0.7866,0.5056,0.5423,0.3918,0.5935,0.681,0.5821,0.5141,0.3157,0.4857,0.2539,0.5255,0.3177,0.2083,0.1638,0.3487,
1.0,0.9986,0.9684,0.967,0.9701,0.9967,0.9945,0.9902,0.9843,0.9157,0.73,0.9314,0.899,0.8413,0.8048,0.8494,0.692,0.8286,0.9429,0.7819,0.6084,0.954,0.7133,0.6264,0.6045,0.614,0.8582,0.572,0.6148,0.7771,0.4915,0.5544,0.3775,0.5941,0.682,0.5791,0.5279,0.3157,0.4825,0.2654,0.5339,0.3052,0.204,0.1622,0.3571,
1.0,0.9988,0.9654,0.9642,0.9701,0.9975,0.9947,0.9898,0.985,0.9252,0.7383,0.9295,0.9088,0.8411,0.8038,0.8568,0.6842,0.8284,0.9416,0.784,0.6099,0.9549,0.7239,0.6212,0.6004,0.6168,0.8529,0.5683,0.6178,0.7801,0.5066,0.5526,0.3864,0.5945,0.6732,0.5833,0.5169,0.3173,0.4786,0.257,0.5246,0.3126,0.2082,0.1574,0.3569,
1.0,0.9982,0.9684,0.9666,0.9709,0.9978,0.9951,0.9884,0.9836,0.9223,0.7415,0.932,0.9059,0.8447,0.8041,0.8535,0.6916,0.8325,0.9392,0.7834,0.6146,0.9553,0.7225,0.6276,0.5982,0.6144,0.8569,0.567,0.6106,0.7798,0.4949,0.5493,0.3762,0.5857,0.6765,0.5776,0.5208,0.3019,0.4765,0.2554,0.5178,0.2987,0.1998,0.152,0.3579,
1.0,0.9986,0.9701,0.9687,0.9702,0.9972,0.9949,0.9897,0.9845,0.9284,0.7428,0.9333,0.9114,0.8418,0.8024,0.8619,0.6893,0.8288,0.9448,0.787,0.6203,0.9496,0.7224,0.631,0.6022,0.6221,0.8525,0.5652,0.6217,0.7839,0.5108,0.5548,0.385,0.5926,0.6764,0.5855,0.5213,0.3186,0.4748,0.2614,0.5257,0.3095,0.2077,0.1673,0.3499,
1.0,0.9989,0.9671,0.966,0.9717,0.9969,0.9949,0.9915,0.986,0.9258,0.732,0.9322,0.9099,0.8316,0.7961,0.8582,0.6791,0.8178,0.9369,0.7877,0.6059,0.9528,0.7282,0.6185,0.6085,0.6076,0.8546,0.5554,0.6244,0.7852,0.5076,0.5426,0.3927,0.583,0.6696,0.584,0.5177,0.3084,0.4768,0.2586,0.5204,0.3167,0.2129,0.1641,0.3428,
1.0,0.9989,0.9698,0.9687,0.9706,0.9958,0.9933,0.9903,0.9856,0.9203,0.7317,0.9336,0.9026,0.836,0.7977,0.8559,0.6835,0.8228,0.9397,0.7798,0.6112,0.9529,0.7267,0.628,0.6188,0.6097,0.854,0.5659,0.6274,0.7742,0.5018,0.5473,0.3971,0.5891,0.6759,0.5922,0.5219,0.3105,0.4833,0.2603,0.5277,0.3112,0.2088,0.1689,0.3521,
1.0,0.9993,0.9674,0.9667,0.9706,0.9975,0.996,0.9923,0.9871,0.922,0.7418,0.9321,0.908,0.8414,0.8043,0.8551,0.6878,0.8283,0.9372,0.7805,0.6091,0.9571,0.7245,0.6223,0.6123,0.6101,0.8573,0.565,0.6258,0.7847,0.5009,0.5554,0.3873,0.6014,0.683,0.5861,0.5183,0.3117,0.4873,0.2642,0.5323,0.317,0.2126,0.1653,0.3678,
1.0,0.9988,0.9669,0.9657,0.9687,0.9978,0.9959,0.9911,0.9861,0.9196,0.7361,0.9293,0.9048,0.8425,0.8055,0.8508,0.6876,0.8301,0.9404,0.7791,0.6107,0.9546,0.719,0.6245,0.6092,0.6124,0.8588,0.5728,0.6213,0.7787,0.4994,0.5589,0.3886,0.5916,0.6752,0.5776,0.5256,0.319,0.4761,0.2682,0.5123,0.3046,0.205,0.16,0.3545,
1.0,0.9988,0.969,0.9678,0.9687,0.997,0.9947,0.9907,0.9862,0.9213,0.7399,0.9301,0.9043,0.8455,0.8078,0.8513,0.6936,0.8326,0.9419,0.7784,0.6086,0.952,0.7135,0.6244,0.5928,0.6142,0.8542,0.5653,0.6151,0.7746,0.504,0.5533,0.3864,0.5894,0.6788,0.5738,0.5168,0.3188,0.4786,0.2533,0.5236,0.308,0.2124,0.1556,0.3582,
1.0,0.9991,0.9668,0.9659,0.9687,0.9976,0.996,0.9918,0.9865,0.9274,0.7364,0.9296,0.9129,0.8376,0.7998,0.8574,0.687,0.8248,0.9399,0.79,0.6175,0.9521,0.7347,0.6228,0.6146,0.6092,0.8633,0.5673,0.6351,0.7851,0.5062,0.5534,0.3969,0.5937,0.6785,0.5928,0.5269,0.3142,0.4828,0.2719,0.5258,0.314,0.2139,0.1648,0.3664,
1.0,0.9991,0.9685,0.9676,0.9717,0.997,0.9949,0.9907,0.9843,0.9251,0.734,0.9327,0.9076,0.8344,0.793,0.859,0.6769,0.8218,0.9413,0.7818,0.6151,0.9559,0.7294,0.6304,0.6168,0.6158,0.854,0.5652,0.6203,0.7836,0.5098,0.5498,0.3936,0.592,0.6729,0.5892,0.5248,0.3156,0.4794,0.2614,0.5235,0.3135,0.211,0.1733,0.34,
1.0,0.9987,0.9667,0.9654,0.971,0.9978,0.9956,0.988,0.9812,0.9266,0.7353,0.9307,0.9082,0.8383,0.797,0.8581,0.6799,0.823,0.9383,0.7855,0.6081,0.9501,0.7164,0.618,0.6013,0.6152,0.8498,0.5638,0.6201,0.7864,0.5115,0.5523,0.3907,0.5942,0.6765,0.5815,0.5184,0.3198,0.4762,0.2649,0.5233,0.321,0.2108,0.1617,0.354,
1.0,0.9983,0.9709,0.9692,0.9715,0.9978,0.9957,0.9897,0.9837,0.9241,0.74,0.9349,0.9086,0.8424,0.8031,0.8611,0.691,0.8299,0.941,0.7857,0.6084,0.9513,0.7131,0.6239,0.598,0.6164,0.8584,0.5713,0.6159,0.7834,0.5057,0.5584,0.3814,0.5858,0.6804,0.566,0.5128,0.3123,0.468,0.2528,0.5315,0.3023,0.2094,0.1567,0.356,
1.0,0.9993,0.9678,0.9671,0.9709,0.9976,0.9959,0.9909,0.9854,0.9279,0.7385,0.9327,0.9126,0.833,0.7939,0.8615,0.6824,0.8194,0.9403,0.7883,0.6076,0.952,0.7234,0.6172,0.6063,0.6119,0.8606,0.561,0.6233,0.787,0.5132,0.545,0.3912,0.5911,0.6747,0.5855,0.5209,0.3163,0.48,0.2582,0.5222,0.3178,0.2163,0.1597,0.3549,
1.0,0.9991,0.9695,0.9686,0.9724,0.9971,0.9953,0.9913,0.9856,0.9239,0.7406,0.9362,0.9088,0.8405,0.8036,0.8614,0.6896,0.8267,0.9419,0.7864,0.6131,0.953,0.7238,0.6294,0.6114,0.6228,0.8592,0.5789,0.6206,0.7911,0.5132,0.5585,0.3906,0.5807,0.6703,0.5803,0.5277,0.3216,0.4738,0.2634,0.5239,0.3108,0.21,0.1659,0.347,
1.0,0.9994,0.9697,0.9691,0.9695,0.9978,0.9963,0.9919,0.9881,0.9214,0.7383,0.9333,0.9073,0.8396,0.8036,0.8552,0.6892,0.8293,0.9439,0.7788,0.6079,0.9574,0.7202,0.6217,0.6099,0.6132,0.861,0.5699,0.6146,0.7801,0.4987,0.5521,0.392,0.5912,0.6762,0.5811,0.5312,0.3093,0.4761,0.2599,0.5166,0.3086,0.2035,0.1572,0.3593,
1.0,0.9988,0.9696,0.9684,0.9726,0.9975,0.9955,0.99,0.9845,0.9239,0.7356,0.936,0.9077,0.834,0.7945,0.8616,0.6821,0.8218,0.9416,0.787,0.6054,0.9543,0.7241,0.6208,0.6114,0.6119,0.8604,0.5653,0.6207,0.7883,0.5072,0.5494,0.3928,0.594,0.6809,0.5835,0.5183,0.3173,0.4826,0.2504,0.5302,0.3096,0.2057,0.1603,0.3481,
1.0,0.9991,0.9686,0.9677,0.9693,0.9979,0.9959,0.9892,0.9841,0.9252,0.7388,0.9319,0.9081,0.8418,0.8036,0.8582,0.6905,0.8291,0.9393,0.7866,0.6112,0.9528,0.7239,0.6226,0.6075,0.6148,0.8586,0.5723,0.6262,0.7843,0.4965,0.556,0.3824,0.6021,0.6786,0.5877,0.5225,0.3086,0.4894,0.2653,0.5284,0.3126,0.206,0.1638,0.3654,
1.0,0.9989,0.9656,0.9645,0.9688,0.9965,0.9949,0.9913,0.9844,0.9234,0.729,0.928,0.9074,0.8324,0.7918,0.855,0.6757,0.8187,0.9406,0.7816,0.6079,0.9521,0.7236,0.6187,0.6025,0.6065,0.8602,0.5608,0.6201,0.7794,0.5027,0.5413,0.3899,0.5883,0.6792,0.5897,0.5279,0.31,0.4823,0.2592,0.5272,0.3178,0.2091,0.1647,0.3455,
1.0,0.9982,0.9687,0.9669,0.9685,0.997,0.9942,0.9889,0.9843,0.9277,0.7423,0.9304,0.9111,0.841,0.8049,0.8591,0.6921,0.8285,0.9423,0.7892,0.6239,0.952,0.7316,0.6285,0.6119,0.6237,0.858,0.5691,0.6311,0.7833,0.5084,0.5564,0.3879,0.5936,0.6776,0.5904,0.5246,0.3075,0.4822,0.2741,0.5284,0.311,0.2081,0.164,0.3579,
1.0,0.9991,0.9668,0.9659,0.9702,0.9982,0.9962,0.9903,0.9849,0.922,0.7345,0.9295,0.9052,0.8399,0.8021,0.8529,0.68,0.8256,0.9381,0.7764,0.6076,0.9547,0.7213,0.6202,0.6105,0.6095,0.8513,0.5572,0.6211,0.7809,0.5032,0.5426,0.3815,0.5905,0.6729,0.5837,0.5268,0.3187,0.4792,0.263,0.5193,0.316,0.211,0.166,0.3604,
1.0,0.9989,0.9715,0.9704,0.9713,0.9967,0.9941,0.9915,0.9855,0.9217,0.7376,0.9356,0.9063,0.8381,0.7977,0.8575,0.6803,0.8238,0.9404,0.7774,0.6091,0.9539,0.7207,0.6258,0.6106,0.6137,0.853,0.5628,0.618,0.7817,0.5041,0.5554,0.3911,0.5918,0.681,0.5802,0.5205,0.32,0.4761,0.2604,0.5266,0.3136,0.2068,0.1684,0.3515,
1.0,0.9986,0.9685,0.9671,0.9675,0.9962,0.9937,0.9902,0.9847,0.9252,0.7329,0.9293,0.9086,0.8374,0.7995,0.8562,0.6829,0.8253,0.9399,0.7848,0.6133,0.9518,0.7264,0.6234,0.6088,0.6092,0.8564,0.5647,0.6279,0.7796,0.4988,0.5496,0.3798,0.5919,0.673,0.5861,0.5156,0.3067,0.4749,0.2626,0.5223,0.3008,0.2039,0.1624,0.3454,
1.0,0.9989,0.9665,0.9654,0.9708,0.9976,0.9955,0.9904,0.9853,0.9232,0.7392,0.9298,0.9063,0.8412,0.8008,0.8535,0.6898,0.8282,0.9433,0.7829,0.6122,0.9537,0.7213,0.6253,0.6051,0.6205,0.8594,0.5752,0.6156,0.7833,0.5111,0.5528,0.3919,0.5915,0.677,0.5801,0.5249,0.328,0.4857,0.2589,0.5287,0.3184,0.2104,0.1751,0.359,
1.0,0.9987,0.968,0.9667,0.9701,0.9967,0.9947,0.9898,0.9832,0.9276,0.7374,0.932,0.9111,0.8383,0.7998,0.8612,0.6773,0.8253,0.9388,0.7819,0.6181,0.9542,0.7348,0.6294,0.6142,0.6167,0.8522,0.5651,0.6287,0.7866,0.5143,0.5504,0.3935,0.588,0.6695,0.593,0.5131,0.3158,0.4776,0.2606,0.515,0.3175,0.2087,0.1619,0.3461,
1.0,0.9988,0.9669,0.9657,0.9718,0.9976,0.9952,0.9917,0.9854,0.9211,0.7357,0.9321,0.9065,0.8373,0.8011,0.856,0.6834,0.8226,0.9428,0.784,0.6096,0.9505,0.7165,0.6238,0.6047,0.6174,0.8614,0.5717,0.6133,0.786,0.4983,0.5517,0.3867,0.5866,0.6715,0.5772,0.516,0.3141,0.4773,0.2519,0.5237,0.3076,0.2077,0.1644,0.3509,
1.0,0.9988,0.9658,0.9646,0.9704,0.997,0.9946,0.9896,0.9845,0.9208,0.7311,0.9292,0.9035,0.8367,0.7952,0.8504,0.6804,0.8234,0.9397,0.7815,0.6059,0.9514,0.7211,0.6179,0.6017,0.6061,0.8571,0.5608,0.6117,0.7794,0.5051,0.5458,0.3816,0.5849,0.6744,0.5811,0.5192,0.312,0.4786,0.2602,0.5231,0.3138,0.2011,0.1596,0.3513,
1.0,0.9993,0.9682,0.9675,0.9684,0.9973,0.9953,0.9898,0.9844,0.9223,0.736,0.9304,0.9052,0.8399,0.8006,0.8534,0.6825,0.8267,0.9374,0.778,0.6113,0.9522,0.7234,0.6226,0.6093,0.6141,0.853,0.5634,0.6184,0.7754,0.4913,0.5474,0.3931,0.5914,0.667,0.5809,0.5215,0.3053,0.4848,0.2611,0.5192,0.3016,0.2014,0.1669,0.3532,
1.0,0.9992,0.9669,0.9661,0.9714,0.9972,0.995,0.9921,0.9861,0.9226,0.738,0.9328,0.9084,0.8394,0.8038,0.8573,0.688,0.825,0.9386,0.7865,0.6101,0.9507,0.7196,0.6257,0.6055,0.6148,0.8592,0.5657,0.6197,0.7817,0.5011,0.5487,0.3929,0.5941,0.6737,0.5862,0.5179,0.3171,0.4879,0.2647,0.5321,0.3162,0.2098,0.1635,0.3636,
1.0,0.999,0.9657,0.9647,0.9663,0.9965,0.9939,0.9895,0.9835,0.9253,0.7352,0.9262,0.9077,0.8421,0.8041,0.8535,0.6874,0.8285,0.9408,0.7854,0.615,0.951,0.7249,0.6215,0.6044,0.6188,0.8583,0.571,0.6226,0.7758,0.5032,0.5487,0.3839,0.5857,0.672,0.5859,0.5217,0.3229,0.4803,0.2612,0.5324,0.3113,0.2121,0.1568,0.3566,
1.0,0.9986,0.9676,0.9662,0.9692,0.998,0.9958,0.9912,0.9855,0.9253,0.738,0.9307,0.912,0.8404,0.8025,0.8576,0.6888,0.8272,0.9432,0.786,0.6104,0.9527,0.7185,0.6195,0.5925,0.6168,0.863,0.5767,0.6124,0.7876,0.5134,0.558,0.393,0.5867,0.6725,0.5697,0.5253,0.3249,0.4748,0.2546,0.525,0.3135,0.2104,0.162,0.3483,
1.0,0.9989,0.9644,0.9633,0.9702,0.9971,0.9953,0.9903,0.984,0.9226,0.7352,0.9274,0.9057,0.841,0.8017,0.8511,0.6866,0.8281,0.9393,0.7849,0.6124,0.9538,0.7235,0.6232,0.603,0.6115,0.858,0.5664,0.6199,0.7816,0.498,0.549,0.3838,0.5952,0.6718,0.5818,0.5127,0.3103,0.4811,0.2604,0.518,0.3065,0.2013,0.152,0.3645,
1.0,0.9993,0.9646,0.9639,0.9708,0.9972,0.9951,0.9903,0.9868,0.9281,0.7401,0.9295,0.9116,0.8388,0.8004,0.858,0.6813,0.8255,0.9418,0.7834,0.6101,0.9506,0.7251,0.6166,0.5978,0.6138,0.8542,0.5633,0.6186,0.787,0.5145,0.5499,0.3826,0.5905,0.6805,0.5864,0.5211,0.3187,0.4748,0.2593,0.5215,0.32,0.2125,0.1632,0.3508,
1.0,0.9984,0.9705,0.9689,0.9704,0.9976,0.9948,0.9904,0.984,0.9243,0.7388,0.9353,0.9103,0.8412,0.804,0.8601,0.6866,0.8261,0.9395,0.7848,0.6097,0.9518,0.719,0.6203,0.5938,0.6141,0.8577,0.5687,0.6139,0.786,0.5046,0.5519,0.3897,0.5871,0.6757,0.5829,0.5254,0.3152,0.4797,0.257,0.5202,0.3118,0.2124,0.159,0.3519,
1.0,0.9991,0.9704,0.9695,0.9682,0.9969,0.9954,0.9923,0.9872,0.926,0.7396,0.9327,0.9119,0.8387,0.8031,0.8594,0.6912,0.8278,0.9425,0.7868,0.6144,0.9564,0.7326,0.6238,0.6153,0.6148,0.8646,0.5696,0.6255,0.7869,0.5045,0.5581,0.3916,0.6014,0.6843,0.586,0.5293,0.3199,0.48,0.2672,0.5279,0.3091,0.2085,0.1716,0.3603,
1.0,0.9988,0.9704,0.9692,0.9697,0.9977,0.9953,0.9908,0.9859,0.924,0.7425,0.9332,0.9086,0.8426,0.8044,0.8581,0.6939,0.8297,0.9401,0.7839,0.6137,0.955,0.7251,0.6255,0.6128,0.6187,0.86,0.5768,0.6314,0.7841,0.5116,0.5613,0.393,0.6005,0.6774,0.5854,0.5132,0.3195,0.4847,0.2652,0.5306,0.3176,0.2167,0.1595,0.3681,
1.0,0.9991,0.9666,0.9657,0.9725,0.9973,0.9959,0.9915,0.9861,0.9219,0.7404,0.9332,0.9074,0.8425,0.8056,0.8565,0.6919,0.8307,0.9413,0.7877,0.6138,0.9511,0.724,0.6266,0.6123,0.6188,0.8631,0.5768,0.6223,0.7879,0.5044,0.5572,0.3938,0.5911,0.6702,0.5843,0.5188,0.3208,0.4871,0.2616,0.5256,0.3099,0.206,0.1678,0.3598,
1.0,0.9982,0.9691,0.9673,0.9681,0.9975,0.9953,0.9903,0.9846,0.9207,0.7284,0.9294,0.9049,0.8339,0.7972,0.8515,0.6833,0.8217,0.9376,0.7803,0.5989,0.9552,0.7197,0.6131,0.6138,0.6051,0.8559,0.5586,0.621,0.7808,0.5071,0.5451,0.3892,0.5991,0.674,0.5834,0.5195,0.3184,0.4812,0.2595,0.5218,0.3202,0.2137,0.1635,0.3548,
1.0,0.9985,0.9688,0.9673,0.9695,0.9966,0.9943,0.9901,0.9856,0.9235,0.732,0.9314,0.9073,0.8361,0.7997,0.856,0.6832,0.8248,0.9393,0.7842,0.6072,0.9533,0.7292,0.622,0.6132,0.6068,0.8568,0.5654,0.6234,0.7834,0.5035,0.5496,0.401,0.5982,0.6752,0.5812,0.521,0.3248,0.4854,0.2595,0.5317,0.3119,0.2064,0.1714,0.3571,
1.0,0.9988,0.9667,0.9655,0.969,0.9971,0.9941,0.9905,0.9862,0.9233,0.7345,0.9296,0.9078,0.837,0.8002,0.8554,0.6837,0.8236,0.944,0.7832,0.6131,0.9509,0.7212,0.6222,0.6027,0.6128,0.8597,0.5687,0.6228,0.7782,0.4962,0.5502,0.3822,0.5838,0.6738,0.5824,0.5249,0.3096,0.4817,0.2627,0.5256,0.3008,0.2021,0.1613,0.3583,
1.0,0.9991,0.9677,0.9668,0.9708,0.9972,0.995,0.9922,0.9871,0.924,0.7355,0.9316,0.9086,0.8362,0.8006,0.856,0.6868,0.8228,0.9453,0.7879,0.6054,0.9568,0.7222,0.6214,0.6047,0.6139,0.8641,0.5658,0.6131,0.7888,0.51,0.5477,0.3828,0.5953,0.6868,0.5879,0.5338,0.318,0.4878,0.255,0.5334,0.3168,0.2069,0.1657,0.3587,
1.0,0.9988,0.965,0.9638,0.971,0.9974,0.9951,0.9913,0.9843,0.9264,0.7365,0.9289,0.9111,0.8372,0.7987,0.8567,0.6826,0.8214,0.936,0.7895,0.6016,0.9521,0.7161,0.6134,0.5986,0.6154,0.8574,0.5683,0.6111,0.784,0.502,0.5525,0.3813,0.5864,0.6754,0.573,0.5137,0.3144,0.474,0.2538,0.5244,0.3043,0.2053,0.1525,0.3516,
1.0,0.9996,0.9694,0.969,0.9711,0.9969,0.9957,0.991,0.9846,0.9251,0.7426,0.9344,0.9078,0.8434,0.8052,0.8612,0.6936,0.8287,0.9354,0.7882,0.6116,0.9492,0.7176,0.6257,0.6069,0.6167,0.8564,0.5672,0.6275,0.7842,0.5049,0.5538,0.3875,0.5985,0.6744,0.5858,0.518,0.3132,0.4839,0.2672,0.5368,0.3158,0.2116,0.168,0.3622,
1.0,0.9993,0.9684,0.9677,0.9678,0.9965,0.9948,0.9904,0.9842,0.9264,0.7403,0.9296,0.9085,0.8419,0.8008,0.8568,0.6863,0.8287,0.9367,0.7846,0.6179,0.9536,0.7311,0.6273,0.6128,0.6147,0.8582,0.5716,0.6252,0.7849,0.5036,0.5547,0.3849,0.5961,0.6775,0.5857,0.508,0.316,0.4851,0.265,0.5263,0.3134,0.2095,0.159,0.3511,
1.0,0.9992,0.9688,0.968,0.968,0.9974,0.9956,0.9906,0.9859,0.925,0.7295,0.9305,0.9083,0.8339,0.7975,0.8572,0.6823,0.8195,0.9378,0.786,0.6087,0.9521,0.7282,0.6198,0.6058,0.6021,0.8571,0.555,0.6261,0.7815,0.4973,0.5362,0.3843,0.5849,0.6726,0.5859,0.5195,0.3067,0.4774,0.2618,0.5239,0.3041,0.208,0.1609,0.3557,
1.0,0.9986,0.9667,0.9653,0.971,0.9973,0.9952,0.9908,0.9852,0.9262,0.7419,0.9322,0.9125,0.8403,0.802,0.8593,0.6871,0.8283,0.9435,0.787,0.6222,0.9553,0.7357,0.6316,0.6198,0.6239,0.8583,0.5738,0.6356,0.7844,0.499,0.5513,0.3841,0.5914,0.6725,0.6025,0.5316,0.3087,0.4819,0.2732,0.5262,0.3085,0.2064,0.174,0.3543,
1.0,0.9986,0.9667,0.9653,0.9698,0.9963,0.994,0.9909,0.9865,0.9298,0.7402,0.929,0.9121,0.8352,0.7954,0.8597,0.6793,0.8243,0.9442,0.7858,0.614,0.9549,0.7296,0.6204,0.6148,0.6154,0.8569,0.5677,0.626,0.7901,0.5121,0.5492,0.3925,0.588,0.6712,0.592,0.5226,0.3246,0.4786,0.2593,0.516,0.3182,0.2072,0.1669,0.3579,
1.0,0.9991,0.9688,0.9679,0.9698,0.9976,0.9956,0.9901,0.9854,0.9246,0.7401,0.9328,0.9087,0.8438,0.8063,0.8594,0.6935,0.8307,0.9426,0.7873,0.6171,0.9548,0.7337,0.6294,0.6114,0.6166,0.8638,0.5772,0.6221,0.7851,0.5067,0.5595,0.3894,0.5894,0.6821,0.5891,0.5235,0.3217,0.4834,0.2638,0.5251,0.3115,0.214,0.1667,0.3542,
1.0,0.9987,0.9665,0.9652,0.9703,0.9977,0.9957,0.9901,0.9856,0.9273,0.7479,0.9304,0.9123,0.8456,0.8087,0.8586,0.6882,0.833,0.9449,0.7844,0.6152,0.9532,0.7189,0.6231,0.5966,0.631,0.8526,0.5723,0.6102,0.7836,0.504,0.5574,0.3765,0.5786,0.6799,0.579,0.5262,0.3178,0.4683,0.2639,0.5226,0.3035,0.2043,0.1667,0.3456,
1.0,0.9987,0.9706,0.9693,0.969,0.9971,0.9945,0.9905,0.9851,0.9313,0.7428,0.9323,0.9149,0.8391,0.8004,0.864,0.6844,0.8246,0.9363,0.7852,0.6147,0.9534,0.7279,0.6203,0.6066,0.6161,0.8557,0.5603,0.6271,0.7878,0.5084,0.5467,0.3867,0.5893,0.6683,0.589,0.5142,0.3156,0.474,0.2643,0.5215,0.313,0.2089,0.1625,0.351,
1.0,0.9987,0.9676,0.9663,0.9714,0.9973,0.995,0.9894,0.9847,0.9231,0.7363,0.933,0.9075,0.8373,0.7988,0.8572,0.6804,0.8248,0.9432,0.7829,0.6134,0.9499,0.722,0.625,0.6109,0.6128,0.8574,0.5628,0.6171,0.7852,0.5073,0.5465,0.395,0.59,0.6708,0.5843,0.5197,0.3245,0.4856,0.2567,0.5191,0.3176,0.2121,0.1665,0.3497,
1.0,0.9987,0.9651,0.9638,0.9701,0.997,0.9948,0.9893,0.9835,0.9234,0.735,0.9278,0.9063,0.8379,0.7973,0.8528,0.678,0.8247,0.9399,0.7787,0.6084,0.9545,0.7265,0.619,0.6036,0.6087,0.8549,0.5615,0.6174,0.7879,0.5074,0.5485,0.381,0.5867,0.6721,0.5813,0.5195,0.3144,0.4795,0.257,0.5189,0.3075,0.2083,0.157,0.3524,
1.0,0.9993,0.9703,0.9696,0.9704,0.9971,0.9952,0.9906,0.9857,0.9217,0.7332,0.9346,0.9054,0.8362,0.7985,0.8573,0.684,0.8227,0.9403,0.7799,0.6113,0.953,0.7259,0.6271,0.6198,0.6128,0.8546,0.5662,0.6285,0.7815,0.503,0.5557,0.3904,0.5885,0.68,0.5877,0.5154,0.3142,0.4697,0.2603,0.5173,0.3027,0.2086,0.1581,0.3499,
1.0,0.999,0.9667,0.9657,0.9714,0.9979,0.9963,0.9931,0.9887,0.9214,0.7398,0.9327,0.9092,0.84,0.8065,0.8561,0.6886,0.8283,0.9445,0.7823,0.6091,0.954,0.7138,0.6233,0.6026,0.6183,0.8565,0.5672,0.6187,0.7799,0.5004,0.5615,0.388,0.5972,0.6854,0.581,0.5253,0.3138,0.4789,0.2634,0.5287,0.3063,0.2048,0.1664,0.3588,
1.0,0.9992,0.9676,0.9668,0.9699,0.9968,0.9953,0.9912,0.9851,0.9215,0.7338,0.9299,0.9034,0.8386,0.7983,0.8531,0.6841,0.8249,0.941,0.7807,0.6097,0.952,0.7228,0.6281,0.6159,0.6157,0.858,0.5689,0.6209,0.7795,0.5017,0.5566,0.399,0.5917,0.6808,0.5826,0.5283,0.321,0.4768,0.2668,0.5258,0.3109,0.2077,0.1751,0.3488,
1.0,0.9996,0.9657,0.9653,0.9669,0.9971,0.9953,0.9895,0.9841,0.9262,0.7323,0.9272,0.9087,0.8356,0.7979,0.8555,0.6803,0.8218,0.9431,0.7847,0.6159,0.9523,0.7296,0.6244,0.6116,0.6099,0.8554,0.5634,0.63,0.7784,0.5048,0.5464,0.391,0.5984,0.6809,0.5975,0.5228,0.3062,0.4871,0.2629,0.5243,0.3163,0.211,0.1597,0.3598,
1.0,0.9988,0.9716,0.9704,0.9718,0.9968,0.9947,0.9899,0.9843,0.928,0.7398,0.9365,0.9106,0.839,0.8002,0.8648,0.6902,0.8254,0.9381,0.7907,0.6099,0.9495,0.7191,0.6226,0.6027,0.6151,0.857,0.5679,0.6209,0.788,0.508,0.5578,0.3903,0.5908,0.6818,0.5759,0.5257,0.3135,0.4749,0.2671,0.5288,0.3111,0.214,0.1639,0.3583,
1.0,0.9986,0.9663,0.9649,0.9697,0.9974,0.9945,0.9899,0.9858,0.9284,0.7366,0.9296,0.9127,0.8366,0.7992,0.8591,0.6778,0.823,0.9417,0.7861,0.6162,0.9507,0.7274,0.622,0.6099,0.6141,0.8535,0.5665,0.6269,0.7843,0.5099,0.544,0.3991,0.5887,0.6724,0.5894,0.5231,0.3164,0.4879,0.2622,0.5278,0.3132,0.2076,0.1686,0.3522,
1.0,0.9995,0.9688,0.9683,0.9681,0.9978,0.9959,0.9901,0.9867,0.9218,0.7327,0.9319,0.907,0.8359,0.7999,0.8548,0.6835,0.8236,0.9418,0.7798,0.605,0.9521,0.7245,0.6195,0.6092,0.608,0.8598,0.564,0.6165,0.783,0.5067,0.5485,0.3932,0.5898,0.6739,0.5834,0.5286,0.3147,0.4798,0.2617,0.5208,0.3085,0.206,0.1656,0.3528,
1.0,0.9985,0.9692,0.9677,0.9691,0.9971,0.9944,0.9899,0.9837,0.9275,0.7403,0.9309,0.9107,0.8427,0.8038,0.8592,0.6854,0.8291,0.9413,0.7834,0.6206,0.9529,0.7261,0.6313,0.6088,0.6201,0.8525,0.5692,0.6318,0.7844,0.5021,0.5601,0.3848,0.5987,0.6853,0.594,0.52,0.3138,0.4797,0.2666,0.5241,0.3086,0.2152,0.16,0.3581,
1.0,0.9992,0.9697,0.9689,0.97,0.9975,0.9951,0.9894,0.9837,0.9262,0.7379,0.9348,0.9111,0.8374,0.7999,0.8611,0.6854,0.8218,0.9391,0.786,0.613,0.9514,0.7306,0.6246,0.6143,0.6194,0.86,0.5682,0.6278,0.7892,0.5047,0.554,0.3888,0.5991,0.6826,0.5903,0.5272,0.3166,0.4906,0.2673,0.5316,0.3249,0.2116,0.1674,0.3609,
1.0,0.9992,0.9685,0.9677,0.9704,0.997,0.9952,0.9902,0.9857,0.9244,0.7334,0.9333,0.908,0.8357,0.7956,0.8593,0.6776,0.8235,0.9407,0.7794,0.6082,0.9534,0.7228,0.6219,0.6125,0.612,0.8539,0.5674,0.6267,0.7802,0.5111,0.5531,0.3921,0.5907,0.6733,0.5816,0.5172,0.3232,0.476,0.2607,0.5227,0.3127,0.2093,0.168,0.3545,
1.0,0.9988,0.9686,0.9674,0.9694,0.9974,0.9956,0.9905,0.9855,0.921,0.7358,0.9321,0.9057,0.8415,0.8049,0.8546,0.6896,0.8299,0.9402,0.7808,0.6128,0.9501,0.7223,0.6271,0.6085,0.612,0.8558,0.5711,0.6237,0.7793,0.5056,0.5563,0.3985,0.5934,0.6748,0.5789,0.5218,0.3263,0.4717,0.265,0.5265,0.3109,0.2124,0.1703,0.3577,
1.0,0.9985,0.9696,0.9681,0.9704,0.9967,0.9943,0.9894,0.9837,0.9203,0.7332,0.9331,0.9032,0.8398,0.8031,0.8552,0.6839,0.827,0.942,0.7799,0.6101,0.9531,0.7232,0.6248,0.6118,0.6138,0.8557,0.5621,0.622,0.7835,0.5125,0.5525,0.3947,0.6016,0.6783,0.5803,0.5207,0.3257,0.489,0.2637,0.528,0.324,0.2157,0.1616,0.3664,
1.0,0.9994,0.9677,0.9671,0.9727,0.9968,0.995,0.9917,0.9865,0.9221,0.7393,0.9353,0.9075,0.8379,0.8013,0.8591,0.6855,0.8247,0.943,0.7874,0.6143,0.9511,0.7182,0.6287,0.6041,0.6171,0.8608,0.5721,0.6129,0.7834,0.5041,0.5519,0.3912,0.5847,0.6736,0.5722,0.519,0.3155,0.4767,0.2548,0.5251,0.3085,0.2003,0.1647,0.3476,
1.0,0.9986,0.9675,0.9661,0.9726,0.9973,0.9951,0.9898,0.9844,0.922,0.7392,0.9336,0.9061,0.8403,0.8014,0.8567,0.6847,0.8277,0.9402,0.7846,0.6046,0.9518,0.7191,0.6235,0.6079,0.6169,0.8597,0.569,0.617,0.7866,0.5059,0.5562,0.3894,0.591,0.6743,0.5752,0.5187,0.3184,0.4804,0.2567,0.5282,0.3159,0.209,0.1629,0.3564,
1.0,0.9986,0.9671,0.9657,0.9702,0.9978,0.9958,0.9898,0.9843,0.9242,0.7382,0.9313,0.9097,0.8406,0.801,0.8563,0.6815,0.8284,0.9442,0.7818,0.6154,0.9547,0.7264,0.6238,0.61,0.6186,0.8558,0.5733,0.6213,0.7861,0.5139,0.5592,0.3935,0.5974,0.6847,0.5874,0.5258,0.3259,0.4793,0.2654,0.5218,0.315,0.2113,0.1667,0.3585,
1.0,0.9987,0.969,0.9677,0.9691,0.9979,0.9952,0.9911,0.9854,0.9228,0.7359,0.9312,0.908,0.8402,0.8034,0.8555,0.687,0.8255,0.9382,0.7818,0.6117,0.9539,0.7262,0.6247,0.6068,0.6105,0.8601,0.5626,0.6243,0.7825,0.5047,0.5521,0.3871,0.5921,0.6813,0.5854,0.5277,0.3137,0.4759,0.2672,0.524,0.3138,0.2165,0.1628,0.3549,
1.0,0.9982,0.9687,0.9669,0.9701,0.9966,0.994,0.9903,0.9845,0.9236,0.738,0.9329,0.9086,0.8398,0.8021,0.8579,0.6883,0.8265,0.9399,0.7869,0.6145,0.954,0.7277,0.6273,0.6094,0.6147,0.8598,0.5735,0.6179,0.7862,0.512,0.5517,0.3925,0.5841,0.6683,0.5837,0.5248,0.3189,0.4774,0.2613,0.5141,0.3139,0.2054,0.1626,0.3506,
1.0,0.9992,0.9695,0.9687,0.9699,0.9972,0.9957,0.9905,0.9857,0.9253,0.7401,0.9327,0.9086,0.8424,0.8058,0.8586,0.6924,0.8296,0.9413,0.7847,0.6143,0.9492,0.7206,0.6275,0.6066,0.6188,0.8559,0.5749,0.6239,0.7864,0.5048,0.5592,0.3871,0.5908,0.6759,0.5826,0.524,0.3166,0.4781,0.2667,0.5273,0.3112,0.2118,0.1626,0.3583,
1.0,0.9992,0.9673,0.9665,0.971,0.9967,0.9954,0.992,0.9848,0.9245,0.7334,0.9317,0.9086,0.8354,0.7976,0.857,0.6781,0.8219,0.9393,0.7824,0.6037,0.9559,0.7166,0.6189,0.6051,0.6141,0.8509,0.5624,0.6159,0.7831,0.5013,0.5458,0.3763,0.5892,0.6752,0.5805,0.5202,0.3168,0.4755,0.2571,0.5227,0.3064,0.2068,0.1604,0.3482,
1.0,0.9992,0.9695,0.9687,0.9716,0.9964,0.9952,0.9899,0.9846,0.9204,0.7356,0.9359,0.9036,0.8409,0.8006,0.8576,0.6851,0.8291,0.9432,0.7785,0.605,0.9512,0.7181,0.6242,0.6059,0.6163,0.8591,0.5745,0.6174,0.7791,0.5022,0.558,0.3938,0.5949,0.6814,0.5758,0.5255,0.3233,0.4789,0.2608,0.5259,0.308,0.2122,0.1679,0.3529,
1.0,0.9992,0.97,0.9692,0.9693,0.9977,0.9959,0.9911,0.985,0.924,0.7337,0.9327,0.9077,0.8387,0.799,0.8576,0.6842,0.8259,0.9388,0.783,0.611,0.9523,0.7236,0.6253,0.608,0.6105,0.857,0.5653,0.62,0.7813,0.4988,0.5499,0.3898,0.591,0.6702,0.5757,0.5191,0.316,0.4768,0.257,0.5298,0.31,0.2055,0.1645,0.3495,
1.0,0.9989,0.9687,0.9676,0.9701,0.9964,0.9943,0.9902,0.985,0.9218,0.7313,0.9333,0.9059,0.8354,0.7989,0.8555,0.6791,0.8204,0.9397,0.78,0.601,0.9513,0.7167,0.6172,0.5981,0.608,0.8515,0.5563,0.6164,0.7791,0.5046,0.5438,0.3897,0.5896,0.6758,0.5825,0.5228,0.3077,0.4745,0.2579,0.5199,0.3123,0.2023,0.1592,0.3559,
1.0,0.9984,0.969,0.9674,0.9685,0.9981,0.9958,0.9894,0.9828,0.9209,0.7317,0.9307,0.9052,0.8406,0.7998,0.8527,0.6862,0.8283,0.9397,0.7803,0.6133,0.955,0.7256,0.6252,0.6159,0.6132,0.8571,0.5708,0.6262,0.7787,0.5019,0.5568,0.3973,0.5966,0.6742,0.582,0.5203,0.3194,0.482,0.2614,0.5251,0.3128,0.2079,0.1659,0.3627,
1.0,0.9982,0.968,0.9662,0.9694,0.9969,0.9945,0.9906,0.9839,0.9237,0.735,0.9306,0.9085,0.8406,0.801,0.8557,0.6873,0.8264,0.9374,0.7851,0.611,0.9552,0.7234,0.6222,0.6038,0.6127,0.8586,0.5659,0.6182,0.7821,0.5035,0.5508,0.3898,0.5834,0.6748,0.5815,0.5215,0.3126,0.4824,0.2604,0.5328,0.3071,0.2116,0.1658,0.3506,
1.0,0.9989,0.9698,0.9687,0.9711,0.9972,0.9949,0.9914,0.9852,0.9257,0.7368,0.9355,0.9116,0.8349,0.7978,0.8626,0.6824,0.8208,0.9417,0.7868,0.6146,0.9504,0.7251,0.6258,0.6127,0.6187,0.8586,0.5709,0.6209,0.7847,0.5058,0.5481,0.4,0.587,0.6688,0.5811,0.52,0.3204,0.4742,0.2559,0.5225,0.3109,0.2098,0.1628,0.3476,
1.0,0.9989,0.968,0.9669,0.9685,0.9971,0.9945,0.9907,0.9853,0.9269,0.7399,0.9309,0.9119,0.8421,0.8026,0.8587,0.6809,0.8284,0.9383,0.7768,0.619,0.9534,0.7269,0.6262,0.603,0.6136,0.8503,0.563,0.6262,0.7819,0.5018,0.5532,0.3817,0.5871,0.6742,0.5909,0.5211,0.3139,0.4791,0.2614,0.5249,0.3065,0.2059,0.1641,0.3456,
1.0,0.9987,0.9663,0.965,0.9708,0.9976,0.9957,0.9906,0.9848,0.9234,0.7371,0.9308,0.9085,0.8405,0.804,0.8556,0.6832,0.8281,0.9345,0.7814,0.6087,0.9555,0.7206,0.6202,0.6069,0.6133,0.8524,0.5641,0.6141,0.7827,0.5094,0.5502,0.3894,0.5828,0.6696,0.5808,0.5199,0.3148,0.482,0.2601,0.5229,0.3156,0.2065,0.1635,0.3532,
1.0,0.9993,0.9699,0.9692,0.9676,0.9978,0.9965,0.9906,0.9851,0.9248,0.7376,0.933,0.9108,0.8406,0.8057,0.86,0.6878,0.8263,0.9453,0.7832,0.6208,0.9515,0.7224,0.6309,0.6021,0.6159,0.8569,0.5745,0.6255,0.784,0.5076,0.5589,0.386,0.5965,0.6862,0.59,0.5197,0.3142,0.4802,0.2602,0.5265,0.3137,0.2101,0.16,0.3568,
1.0,0.999,0.9675,0.9665,0.9679,0.9975,0.9956,0.989,0.9839,0.9232,0.7335,0.9293,0.9058,0.8366,0.7977,0.8543,0.6765,0.8229,0.9432,0.776,0.6118,0.9498,0.7249,0.6222,0.6085,0.6172,0.8489,0.5661,0.6254,0.7806,0.5065,0.554,0.3863,0.587,0.6793,0.5888,0.5247,0.3124,0.4735,0.2597,0.5243,0.3116,0.2134,0.1676,0.3475,
1.0,0.999,0.9664,0.9654,0.9683,0.9969,0.9953,0.9907,0.9859,0.9221,0.7313,0.9288,0.9066,0.8355,0.7991,0.8516,0.679,0.8239,0.9407,0.7795,0.6119,0.9497,0.7262,0.6224,0.6,0.6062,0.8515,0.5586,0.6213,0.7754,0.5016,0.5432,0.3872,0.5786,0.6671,0.5795,0.5105,0.3032,0.4669,0.2579,0.5163,0.3004,0.2004,0.1528,0.3437,
1.0,0.9987,0.9674,0.9661,0.9706,0.9979,0.9953,0.9904,0.9867,0.9242,0.7374,0.9312,0.909,0.8384,0.8029,0.8572,0.6841,0.8265,0.9398,0.7851,0.6022,0.9562,0.72,0.6131,0.5995,0.6138,0.8555,0.5609,0.62,0.7829,0.5037,0.5505,0.3867,0.6036,0.685,0.5766,0.5291,0.3117,0.4899,0.2558,0.5352,0.3209,0.2125,0.1695,0.3667,
1.0,0.9992,0.9668,0.966,0.9682,0.9983,0.9964,0.9908,0.985,0.9218,0.7347,0.9273,0.9046,0.842,0.802,0.8511,0.6878,0.8285,0.9394,0.7786,0.61,0.9539,0.7166,0.6201,0.6045,0.6094,0.8577,0.5679,0.619,0.7824,0.5024,0.5536,0.3851,0.5905,0.6771,0.581,0.5245,0.3153,0.4758,0.2591,0.5288,0.3186,0.2093,0.161,0.3563,
1.0,0.9992,0.9693,0.9685,0.9655,0.9968,0.9953,0.9917,0.9844,0.9218,0.7278,0.9285,0.9064,0.8362,0.7962,0.8519,0.675,0.8221,0.9419,0.7705,0.6111,0.953,0.7213,0.6221,0.6064,0.6092,0.8487,0.5612,0.6235,0.7746,0.4975,0.5559,0.3856,0.5907,0.6812,0.5818,0.5176,0.3162,0.4724,0.2587,0.5232,0.302,0.2068,0.1679,0.349,
1.0,0.9982,0.9677,0.9659,0.9699,0.9965,0.9937,0.9896,0.9832,0.9251,0.7352,0.9307,0.9087,0.8392,0.7993,0.8564,0.6861,0.8265,0.9405,0.7882,0.6116,0.9537,0.7242,0.6208,0.6001,0.612,0.8592,0.5645,0.6176,0.7817,0.504,0.5407,0.3864,0.5901,0.6722,0.579,0.5327,0.3122,0.4751,0.2647,0.5257,0.317,0.2123,0.1644,0.3543,
1.0,0.999,0.9679,0.9669,0.9719,0.9972,0.9954,0.9922,0.9856,0.9198,0.7364,0.933,0.9044,0.84,0.8018,0.8543,0.6892,0.8261,0.9435,0.7852,0.6083,0.9541,0.715,0.6241,0.6067,0.6176,0.8598,0.5727,0.6204,0.7795,0.4993,0.555,0.3844,0.5907,0.6747,0.5798,0.5246,0.313,0.4739,0.2627,0.5222,0.3018,0.2013,0.1605,0.3554,
1.0,0.9993,0.9654,0.9647,0.9705,0.9972,0.9959,0.9923,0.9865,0.9249,0.7352,0.9282,0.9086,0.8347,0.7977,0.8542,0.6827,0.8216,0.9398,0.7854,0.6032,0.9543,0.7193,0.6136,0.6025,0.612,0.8562,0.5613,0.6129,0.7837,0.5132,0.5435,0.3942,0.5901,0.6729,0.5789,0.5273,0.3214,0.484,0.2604,0.527,0.318,0.2163,0.1635,0.3529,
1.0,0.9982,0.9676,0.9658,0.9702,0.9978,0.9946,0.9895,0.9845,0.9246,0.7329,0.931,0.9095,0.8344,0.7957,0.8576,0.6833,0.8212,0.9388,0.7888,0.6052,0.9542,0.7272,0.616,0.6075,0.6077,0.8622,0.5663,0.6203,0.7845,0.5078,0.5503,0.3958,0.5879,0.6732,0.5851,0.5201,0.3154,0.4794,0.256,0.5261,0.3157,0.2083,0.1636,0.3529,
1.0,0.9985,0.9698,0.9683,0.9692,0.9974,0.9954,0.9907,0.9848,0.9244,0.7333,0.9311,0.9079,0.8372,0.7965,0.8563,0.6858,0.8255,0.9423,0.7822,0.6094,0.9542,0.7244,0.6219,0.6131,0.6132,0.8594,0.5643,0.6217,0.7786,0.5068,0.5449,0.3964,0.593,0.6705,0.5851,0.5229,0.3258,0.4877,0.2624,0.5222,0.316,0.2046,0.1684,0.3562,
1.0,0.999,0.9659,0.9649,0.97,0.9969,0.9952,0.9914,0.986,0.9278,0.737,0.9297,0.9125,0.8354,0.7962,0.8597,0.6775,0.8225,0.9412,0.7856,0.6102,0.9504,0.725,0.6202,0.6006,0.6135,0.8556,0.5657,0.6217,0.7891,0.51,0.5503,0.3795,0.5781,0.6707,0.5844,0.5143,0.3099,0.4667,0.2566,0.5181,0.3098,0.2064,0.1574,0.3453,
1.0,0.999,0.9674,0.9664,0.9672,0.9973,0.9954,0.991,0.9846,0.9242,0.7348,0.929,0.9092,0.8378,0.7992,0.8543,0.6829,0.8251,0.9348,0.7797,0.6056,0.9558,0.7215,0.6142,0.6009,0.6047,0.8526,0.5595,0.6234,0.7772,0.5038,0.5458,0.3834,0.5888,0.6686,0.5782,0.5153,0.3133,0.4766,0.2627,0.5198,0.3102,0.2091,0.156,0.3509,
1.0,0.9986,0.9692,0.9678,0.9709,0.9973,0.9954,0.9897,0.984,0.9204,0.7258,0.9335,0.9043,0.8315,0.793,0.8547,0.6706,0.8193,0.9418,0.7751,0.6079,0.9511,0.7214,0.6256,0.6135,0.6051,0.8491,0.5544,0.6291,0.7777,0.5091,0.549,0.3962,0.5941,0.6762,0.5846,0.519,0.3121,0.4693,0.2618,0.5155,0.3056,0.2118,0.1643,0.3436,
1.0,0.999,0.9668,0.9658,0.9677,0.9975,0.9949,0.9892,0.9853,0.9249,0.7349,0.927,0.9061,0.8384,0.801,0.8535,0.6825,0.8248,0.9421,0.7808,0.6133,0.9519,0.7258,0.6259,0.6083,0.6161,0.851,0.5626,0.6234,0.7816,0.5082,0.5503,0.3796,0.5899,0.678,0.5886,0.5198,0.3046,0.4771,0.2642,0.5264,0.3135,0.2072,0.1576,0.3576,
1.0,0.9985,0.9651,0.9636,0.9695,0.9965,0.9941,0.9904,0.9832,0.9217,0.7393,0.9272,0.9048,0.8471,0.8063,0.8504,0.6903,0.8315,0.9363,0.7834,0.6087,0.9515,0.7178,0.6209,0.5986,0.6162,0.8596,0.5734,0.615,0.7831,0.5014,0.5549,0.3833,0.5938,0.6711,0.5719,0.5129,0.3186,0.4841,0.2585,0.5254,0.31,0.2081,0.1566,0.3651,
1.0,0.9987,0.9689,0.9676,0.9708,0.9973,0.9951,0.989,0.9829,0.9198,0.7313,0.9324,0.9021,0.84,0.8016,0.8529,0.6856,0.8263,0.9362,0.7802,0.6082,0.9518,0.7269,0.6259,0.6199,0.6101,0.8566,0.5679,0.6246,0.7837,0.5068,0.5528,0.3948,0.59,0.6721,0.5835,0.5215,0.3194,0.4802,0.265,0.5274,0.3186,0.2106,0.1618,0.3587,
1.0,0.9991,0.9706,0.9697,0.9708,0.9978,0.9956,0.9907,0.9859,0.9212,0.7355,0.9349,0.9056,0.8404,0.8028,0.858,0.6871,0.828,0.9422,0.7793,0.6137,0.954,0.7205,0.6322,0.6083,0.6107,0.8547,0.5696,0.6212,0.7796,0.4984,0.5546,0.3856,0.5879,0.6738,0.5798,0.5191,0.3162,0.4657,0.2648,0.5119,0.3017,0.2025,0.1681,0.3485,
1.0,0.9987,0.9675,0.9662,0.968,0.9977,0.9957,0.9915,0.986,0.9204,0.7436,0.928,0.9054,0.8501,0.8134,0.8504,0.6961,0.8374,0.94,0.7788,0.6133,0.954,0.7203,0.6292,0.6066,0.6171,0.8557,0.5749,0.6203,0.7807,0.4995,0.5615,0.39,0.5912,0.6771,0.5801,0.5207,0.3184,0.4809,0.26,0.5299,0.3096,0.2134,0.163,0.3641,
1.0,0.9985,0.9696,0.9681,0.9714,0.9975,0.9953,0.9899,0.9828,0.9243,0.7309,0.9342,0.9088,0.8364,0.7962,0.8598,0.6812,0.8222,0.9369,0.7842,0.6064,0.9484,0.7211,0.621,0.6052,0.6056,0.858,0.5545,0.6215,0.7857,0.5038,0.5448,0.3888,0.5873,0.6707,0.5773,0.5169,0.3166,0.475,0.2599,0.5243,0.3149,0.2123,0.1625,0.3503,
1.0,0.9987,0.9625,0.9612,0.9711,0.9967,0.9945,0.9891,0.9832,0.9198,0.7327,0.9273,0.9025,0.8408,0.8019,0.8501,0.6837,0.8273,0.9388,0.7849,0.609,0.9518,0.7206,0.6209,0.6026,0.6108,0.8592,0.5697,0.6107,0.7791,0.5068,0.5485,0.3909,0.5843,0.6736,0.5818,0.5284,0.3118,0.4851,0.2651,0.5247,0.3124,0.2082,0.1668,0.3521,
1.0,0.9995,0.9671,0.9666,0.9705,0.9976,0.9961,0.9919,0.9853,0.9221,0.7328,0.9316,0.9074,0.8378,0.8007,0.8547,0.686,0.8206,0.9345,0.7881,0.6022,0.9548,0.721,0.6147,0.5995,0.6027,0.8588,0.5652,0.6202,0.7858,0.5115,0.5432,0.3868,0.5945,0.6788,0.588,0.5275,0.3104,0.4829,0.2632,0.5334,0.3178,0.2124,0.1654,0.3591,
1.0,0.9991,0.9721,0.9712,0.9712,0.9969,0.9952,0.9892,0.9829,0.9244,0.7389,0.9364,0.9063,0.8427,0.8016,0.862,0.6836,0.8292,0.9413,0.7773,0.6178,0.9486,0.7261,0.6338,0.6122,0.6196,0.8517,0.5716,0.6233,0.788,0.5018,0.5582,0.3848,0.593,0.6825,0.5834,0.5117,0.3204,0.4722,0.2584,0.5199,0.3101,0.2107,0.1649,0.3494,
1.0,0.999,0.9624,0.9614,0.9719,0.9975,0.9957,0.9911,0.9854,0.9216,0.7373,0.9276,0.9059,0.8399,0.8027,0.8496,0.6823,0.8263,0.9397,0.7806,0.6101,0.9516,0.7211,0.6176,0.6,0.6104,0.8542,0.5633,0.6108,0.7848,0.505,0.546,0.3855,0.5848,0.6734,0.5777,0.5126,0.309,0.4811,0.2574,0.5231,0.3095,0.2073,0.1562,0.3574,
1.0,0.9991,0.9678,0.9669,0.9678,0.9966,0.9949,0.9915,0.9855,0.9255,0.736,0.9291,0.9093,0.8384,0.7999,0.856,0.6836,0.8243,0.9384,0.7819,0.6145,0.9529,0.7259,0.6221,0.6106,0.6104,0.8592,0.5686,0.628,0.7766,0.5006,0.5491,0.3853,0.591,0.669,0.5911,0.5177,0.3094,0.4819,0.267,0.5211,0.3055,0.2106,0.1629,0.3552,
1.0,0.9986,0.9704,0.969,0.9675,0.9974,0.9947,0.9895,0.9838,0.9224,0.7352,0.9314,0.9061,0.84,0.8024,0.8551,0.6867,0.8268,0.9385,0.7813,0.6086,0.9562,0.7228,0.6204,0.6088,0.6149,0.856,0.5691,0.6198,0.7807,0.5068,0.5544,0.3877,0.5993,0.6685,0.58,0.5172,0.3159,0.4911,0.2662,0.5257,0.3152,0.2019,0.16,0.3601,
1.0,0.9987,0.968,0.9667,0.9694,0.9978,0.9955,0.9893,0.9834,0.9243,0.7269,0.9295,0.9065,0.8271,0.7876,0.855,0.6777,0.8127,0.9385,0.7874,0.5945,0.9494,0.7143,0.6068,0.5977,0.607,0.8584,0.5564,0.6149,0.7828,0.5083,0.5414,0.3868,0.5793,0.6672,0.5733,0.5205,0.3151,0.4731,0.257,0.5275,0.3096,0.2099,0.1558,0.3398,
1.0,0.999,0.9687,0.9677,0.9735,0.9973,0.9951,0.9891,0.9831,0.9197,0.7365,0.9361,0.9026,0.8427,0.8035,0.8581,0.69,0.8289,0.9444,0.784,0.6155,0.9497,0.7168,0.6379,0.6133,0.6237,0.8562,0.5769,0.6248,0.778,0.5014,0.5573,0.3969,0.5994,0.6714,0.579,0.5215,0.3124,0.4864,0.2614,0.5295,0.313,0.2055,0.1679,0.3654,
1.0,0.999,0.9669,0.9659,0.9693,0.997,0.9944,0.9911,0.9857,0.9199,0.7385,0.9298,0.9038,0.8449,0.8065,0.8516,0.6873,0.8308,0.9394,0.7757,0.6073,0.9535,0.713,0.6221,0.6015,0.6179,0.8535,0.5719,0.6103,0.7745,0.4994,0.5556,0.3814,0.5919,0.669,0.5737,0.5157,0.3165,0.4784,0.2528,0.522,0.3056,0.1934,0.1579,0.349,
1.0,0.9989,0.9657,0.9646,0.97,0.9974,0.9956,0.99,0.9849,0.9207,0.734,0.9282,0.903,0.8403,0.7995,0.8502,0.6862,0.8267,0.9411,0.7809,0.6083,0.9529,0.7166,0.6208,0.6048,0.6101,0.858,0.5724,0.6116,0.7768,0.5004,0.5429,0.3849,0.5828,0.6688,0.576,0.5298,0.3109,0.4794,0.2553,0.5217,0.3118,0.1997,0.1618,0.3496,
1.0,0.999,0.9701,0.9691,0.9682,0.9978,0.9962,0.992,0.9868,0.9191,0.7307,0.932,0.9049,0.8364,0.7996,0.8508,0.6892,0.8242,0.9434,0.78,0.6039,0.9564,0.7175,0.6211,0.6062,0.6087,0.8612,0.5702,0.6117,0.7803,0.4987,0.5528,0.3812,0.5824,0.6824,0.5778,0.5242,0.3189,0.4755,0.2559,0.5238,0.3015,0.2018,0.1577,0.35,
1.0,0.9988,0.9669,0.9657,0.971,0.9966,0.9935,0.9902,0.9867,0.923,0.7427,0.9315,0.9065,0.8439,0.8107,0.8561,0.6953,0.8302,0.9412,0.79,0.6117,0.9493,0.7166,0.6231,0.6004,0.6203,0.8584,0.5735,0.62,0.7844,0.5048,0.5548,0.3817,0.5931,0.6737,0.5814,0.5206,0.3139,0.4753,0.2676,0.5221,0.3057,0.2035,0.1551,0.3537,
1.0,0.9987,0.9643,0.963,0.971,0.9969,0.9947,0.9889,0.9822,0.9234,0.7339,0.9285,0.9051,0.8382,0.7971,0.8533,0.6719,0.825,0.9393,0.7767,0.6108,0.9494,0.7195,0.6187,0.6028,0.6143,0.8472,0.5608,0.6174,0.782,0.504,0.5511,0.3882,0.5872,0.6686,0.576,0.5165,0.3171,0.4723,0.2627,0.5158,0.3156,0.2049,0.1651,0.3483,
1.0,0.9986,0.9675,0.9661,0.9683,0.9974,0.9952,0.9895,0.9843,0.925,0.7348,0.9296,0.9095,0.8378,0.7974,0.8555,0.6804,0.8236,0.9391,0.777,0.6076,0.9516,0.7182,0.6144,0.5943,0.6091,0.8554,0.5643,0.612,0.7824,0.5057,0.5492,0.3762,0.5814,0.6746,0.5737,0.5217,0.3119,0.4691,0.2526,0.5242,0.3104,0.2059,0.1583,0.3462,
1.0,0.999,0.9688,0.9678,0.9686,0.9958,0.9935,0.9906,0.9854,0.9258,0.7392,0.9307,0.9084,0.8411,0.8037,0.8579,0.689,0.8266,0.9366,0.786,0.6162,0.9484,0.7276,0.6251,0.6084,0.6124,0.8592,0.5657,0.628,0.785,0.507,0.5502,0.3987,0.5987,0.6769,0.5834,0.5133,0.3113,0.4863,0.2611,0.5327,0.3179,0.2114,0.1665,0.3624,
1.0,0.9994,0.9693,0.9687,0.9671,0.9976,0.9958,0.9905,0.985,0.9182,0.7286,0.9296,0.9018,0.8391,0.8005,0.849,0.6861,0.8252,0.9439,0.7745,0.6108,0.9531,0.716,0.6252,0.6073,0.6104,0.8554,0.5656,0.6161,0.7742,0.4982,0.554,0.3894,0.5977,0.6749,0.5764,0.5275,0.3154,0.4851,0.2617,0.5265,0.3073,0.2034,0.1714,0.3572,
1.0,0.9991,0.9683,0.9674,0.9702,0.9972,0.995,0.9914,0.9864,0.9248,0.7349,0.9335,0.9105,0.8357,0.8003,0.8595,0.6811,0.8228,0.9426,0.7838,0.6099,0.9536,0.7236,0.6232,0.6073,0.6116,0.8565,0.5662,0.6302,0.7851,0.5183,0.552,0.397,0.5945,0.6786,0.5865,0.53,0.3256,0.4833,0.27,0.5277,0.3222,0.2241,0.1685,0.3517,
1.0,0.9988,0.9697,0.9685,0.9727,0.9962,0.9943,0.9898,0.9847,0.9189,0.7337,0.9354,0.9007,0.8404,0.8008,0.8546,0.6853,0.8277,0.9406,0.7796,0.6044,0.9491,0.7142,0.6229,0.6018,0.6102,0.8587,0.5645,0.6149,0.7788,0.4959,0.5494,0.3853,0.5942,0.6771,0.5699,0.5217,0.3144,0.4791,0.2578,0.5259,0.3066,0.2017,0.1654,0.356,
1.0,0.999,0.9666,0.9656,0.9704,0.9975,0.9956,0.9898,0.9833,0.9239,0.7381,0.9319,0.9086,0.8426,0.8031,0.8569,0.6849,0.8287,0.9426,0.7834,0.6154,0.9534,0.7236,0.6266,0.6033,0.6179,0.8567,0.5748,0.6213,0.782,0.5066,0.5563,0.3846,0.5927,0.68,0.5895,0.5319,0.3184,0.489,0.2677,0.5294,0.3181,0.2158,0.1709,0.3614,
1.0,0.9989,0.9703,0.9692,0.9687,0.9971,0.9952,0.9919,0.9858,0.9255,0.7423,0.9326,0.9112,0.8435,0.8081,0.8588,0.6889,0.8315,0.9421,0.7804,0.6254,0.9562,0.735,0.6346,0.6145,0.6192,0.8563,0.5677,0.6314,0.7901,0.5095,0.5577,0.4009,0.6054,0.6792,0.5897,0.5169,0.323,0.4867,0.2655,0.5277,0.3174,0.2094,0.1674,0.3612,
1.0,0.9987,0.9679,0.9666,0.9689,0.998,0.9959,0.9913,0.9862,0.9234,0.7379,0.9315,0.9098,0.8417,0.8051,0.856,0.6824,0.8288,0.9427,0.7779,0.6116,0.9526,0.7205,0.6219,0.5973,0.6096,0.8553,0.561,0.6241,0.7807,0.5002,0.5518,0.3782,0.5913,0.6804,0.5841,0.5174,0.3157,0.4754,0.2678,0.5269,0.3057,0.2022,0.1511,0.3495,
1.0,0.999,0.9655,0.9645,0.9704,0.9974,0.995,0.9906,0.9859,0.9208,0.7352,0.9291,0.9043,0.8382,0.799,0.8526,0.6818,0.8242,0.9397,0.7793,0.6098,0.9515,0.7225,0.6208,0.6089,0.6109,0.8588,0.5652,0.6185,0.7805,0.4958,0.5496,0.3851,0.5874,0.6752,0.5786,0.5233,0.3128,0.4784,0.2647,0.5254,0.3081,0.2004,0.1674,0.3528,
1.0,0.9992,0.9664,0.9656,0.9702,0.9977,0.9954,0.9899,0.9839,0.9266,0.7407,0.9303,0.9097,0.8418,0.8025,0.8578,0.6912,0.8279,0.9419,0.7885,0.6228,0.9503,0.7278,0.6307,0.6098,0.6184,0.8599,0.5705,0.625,0.7828,0.509,0.5459,0.3947,0.5866,0.6693,0.5902,0.5201,0.3133,0.4807,0.2584,0.5205,0.3224,0.2087,0.1617,0.3544,
1.0,0.9986,0.9703,0.9689,0.9708,0.9975,0.9949,0.991,0.9867,0.9242,0.7369,0.9346,0.9101,0.8378,0.8017,0.8601,0.6894,0.8244,0.9407,0.7852,0.6065,0.9519,0.7223,0.6221,0.6064,0.612,0.862,0.5653,0.6222,0.7866,0.5055,0.5522,0.3862,0.5932,0.6736,0.5823,0.5197,0.3147,0.4796,0.2544,0.5308,0.307,0.2063,0.1623,0.3524,
1.0,0.9985,0.9685,0.967,0.9691,0.9986,0.9967,0.9909,0.9853,0.9251,0.7385,0.9304,0.911,0.8368,0.7987,0.8578,0.6863,0.8243,0.9427,0.7834,0.6076,0.952,0.717,0.6166,0.6084,0.6184,0.8588,0.5712,0.6201,0.7888,0.5131,0.5528,0.3965,0.5895,0.6721,0.5831,0.5186,0.3229,0.48,0.2577,0.525,0.3199,0.2163,0.1624,0.3569,
1.0,0.9994,0.9668,0.9662,0.9676,0.9975,0.9963,0.9912,0.9858,0.9218,0.7339,0.9281,0.9059,0.8391,0.8019,0.8513,0.6868,0.8267,0.939,0.7799,0.6025,0.9547,0.7146,0.6163,0.5986,0.6073,0.8542,0.5646,0.6122,0.7779,0.5003,0.5476,0.3844,0.5921,0.6738,0.5791,0.5245,0.3122,0.4848,0.2589,0.5299,0.3072,0.2064,0.1667,0.3558,
1.0,0.9994,0.9661,0.9655,0.9707,0.9974,0.9959,0.9904,0.9847,0.9255,0.7394,0.9308,0.9091,0.8418,0.8061,0.8575,0.6904,0.8296,0.9413,0.7897,0.6176,0.9531,0.7261,0.6274,0.6082,0.6177,0.857,0.5741,0.6207,0.7842,0.5048,0.5567,0.3875,0.5859,0.6765,0.5874,0.5214,0.3157,0.4742,0.2604,0.5308,0.3054,0.2085,0.1622,0.3604,
1.0,0.9989,0.9703,0.9692,0.9721,0.9972,0.9945,0.9883,0.9819,0.9235,0.7385,0.9363,0.906,0.8415,0.8034,0.8617,0.6861,0.8256,0.9379,0.7864,0.6175,0.9491,0.727,0.6337,0.6118,0.6129,0.8551,0.5599,0.6302,0.7828,0.4984,0.5514,0.386,0.5915,0.6796,0.5819,0.5218,0.3054,0.4799,0.271,0.5299,0.3067,0.2003,0.1612,0.3593,
1.0,0.9984,0.9675,0.9659,0.9719,0.9974,0.9947,0.9894,0.9845,0.9215,0.7312,0.9323,0.9048,0.8343,0.7964,0.8555,0.6803,0.8229,0.9427,0.7814,0.6107,0.9535,0.7224,0.6255,0.6049,0.6098,0.8529,0.5589,0.6222,0.7797,0.5115,0.5512,0.3881,0.5809,0.6772,0.5835,0.526,0.314,0.4713,0.2641,0.5261,0.3117,0.2151,0.165,0.3469,
1.0,0.9989,0.9689,0.9678,0.9731,0.9973,0.9955,0.991,0.9853,0.9285,0.74,0.9362,0.9137,0.8372,0.8005,0.8658,0.6865,0.8237,0.944,0.7934,0.6161,0.9529,0.7262,0.627,0.6109,0.6239,0.8588,0.5726,0.6304,0.7897,0.513,0.5574,0.3899,0.5909,0.6863,0.5885,0.5217,0.3144,0.4841,0.2634,0.5345,0.3155,0.2183,0.1706,0.3542,
1.0,0.9992,0.9673,0.9665,0.9719,0.9973,0.9958,0.9917,0.9872,0.9182,0.7346,0.9316,0.9021,0.8369,0.8003,0.8516,0.6837,0.8255,0.9424,0.7796,0.6006,0.9546,0.715,0.6193,0.6088,0.614,0.8549,0.5623,0.6171,0.7804,0.5037,0.5511,0.3856,0.5954,0.6861,0.5811,0.5195,0.3236,0.4726,0.2578,0.5254,0.3087,0.2086,0.1667,0.3526,
1.0,0.9988,0.9686,0.9674,0.9725,0.9973,0.9949,0.9893,0.9843,0.9283,0.7425,0.9346,0.9112,0.8405,0.8012,0.8636,0.6806,0.8271,0.9422,0.7873,0.6197,0.9517,0.7311,0.6311,0.6167,0.6219,0.8513,0.564,0.6328,0.7889,0.5105,0.5582,0.3907,0.5896,0.6769,0.5934,0.5154,0.309,0.4715,0.2658,0.5138,0.3176,0.2123,0.1601,0.356,
1.0,0.9977,0.9687,0.9664,0.9717,0.998,0.9951,0.9875,0.9809,0.9228,0.7377,0.9326,0.9059,0.8449,0.8016,0.8562,0.6834,0.832,0.9425,0.7793,0.6215,0.9575,0.7319,0.6357,0.6183,0.6237,0.8501,0.5719,0.6273,0.7814,0.5066,0.5615,0.3885,0.5901,0.6809,0.5935,0.5222,0.3205,0.4738,0.2628,0.5173,0.312,0.2053,0.1742,0.3465,
1.0,0.9988,0.9677,0.9665,0.9696,0.9977,0.9958,0.99,0.9827,0.9219,0.7295,0.9293,0.9042,0.8365,0.7961,0.8523,0.6855,0.8235,0.9417,0.7841,0.6093,0.9579,0.7285,0.6225,0.6143,0.6109,0.8603,0.5682,0.613,0.7803,0.5035,0.5557,0.389,0.5847,0.681,0.5838,0.5337,0.3198,0.478,0.257,0.5229,0.3094,0.2094,0.167,0.3522,
1.0,0.9988,0.9708,0.9696,0.9715,0.998,0.996,0.9901,0.983,0.9222,0.7365,0.9366,0.9077,0.8429,0.8029,0.8598,0.6936,0.8288,0.9377,0.7877,0.6118,0.953,0.7223,0.6301,0.6078,0.6166,0.8635,0.5767,0.621,0.7851,0.5036,0.559,0.3893,0.5909,0.6749,0.5823,0.5198,0.3171,0.4833,0.2611,0.537,0.3105,0.2124,0.1669,0.3581,
1.0,0.9988,0.9681,0.9669,0.97,0.9971,0.9945,0.9897,0.9844,0.9257,0.7392,0.9306,0.908,0.8405,0.8014,0.8568,0.6864,0.8279,0.9381,0.7861,0.613,0.955,0.7278,0.6232,0.6128,0.6189,0.8548,0.5744,0.6251,0.7899,0.5091,0.5554,0.3926,0.6008,0.6791,0.5829,0.5157,0.3202,0.4775,0.2629,0.522,0.3213,0.2141,0.1633,0.3604,
1.0,0.9982,0.9678,0.966,0.969,0.9967,0.9938,0.9894,0.9846,0.9273,0.7428,0.9297,0.9109,0.8428,0.8025,0.8585,0.6855,0.8305,0.9442,0.782,0.6227,0.9507,0.73,0.6288,0.6092,0.6245,0.8582,0.5736,0.6231,0.7863,0.5099,0.5614,0.3975,0.5919,0.6795,0.5885,0.5171,0.3277,0.4763,0.2578,0.5191,0.3228,0.2124,0.1653,0.3591,
1.0,0.9992,0.9695,0.9687,0.9698,0.9971,0.9948,0.9893,0.9832,0.9263,0.7428,0.9333,0.9092,0.8451,0.8074,0.8611,0.6916,0.8311,0.9381,0.7872,0.6203,0.9535,0.7283,0.6293,0.6147,0.6221,0.8569,0.5745,0.6273,0.7895,0.5149,0.5609,0.3927,0.5938,0.6822,0.5898,0.5256,0.3189,0.4884,0.2697,0.5318,0.322,0.2176,0.165,0.3667,
1.0,0.9989,0.9696,0.9685,0.9683,0.9975,0.995,0.991,0.9835,0.9253,0.7293,0.9324,0.9112,0.8328,0.7962,0.8579,0.6847,0.8172,0.9369,0.7899,0.6047,0.9562,0.7271,0.6161,0.6112,0.6081,0.862,0.5596,0.6251,0.784,0.5057,0.5483,0.3918,0.599,0.68,0.5869,0.5288,0.3172,0.4876,0.2647,0.5306,0.3186,0.2158,0.1665,0.3569,
1.0,0.9985,0.9677,0.9662,0.9688,0.9974,0.9953,0.9895,0.985,0.9206,0.7326,0.9297,0.9043,0.8358,0.7986,0.852,0.679,0.8228,0.9372,0.778,0.6053,0.9509,0.7205,0.6177,0.6084,0.6041,0.8547,0.5586,0.6235,0.7803,0.505,0.5493,0.3836,0.5931,0.6861,0.587,0.5204,0.3138,0.4747,0.2615,0.5291,0.3116,0.2139,0.1603,0.3554,
1.0,0.9983,0.9705,0.9688,0.967,0.9982,0.9956,0.989,0.9833,0.9264,0.735,0.9296,0.9096,0.8364,0.7961,0.8588,0.6899,0.8221,0.9397,0.7879,0.6078,0.9531,0.7158,0.6157,0.6026,0.6149,0.8602,0.5715,0.6201,0.7813,0.5018,0.5537,0.3837,0.5895,0.6838,0.5836,0.5335,0.3125,0.4833,0.2633,0.5315,0.3099,0.2108,0.1644,0.3555,
1.0,0.9987,0.9681,0.9668,0.9699,0.9978,0.9956,0.9907,0.9856,0.9226,0.7369,0.9312,0.9079,0.8395,0.7988,0.8557,0.6812,0.8258,0.9383,0.7764,0.6063,0.9564,0.7215,0.6189,0.6061,0.6115,0.8542,0.5677,0.6162,0.7802,0.5046,0.5545,0.392,0.5933,0.6835,0.5771,0.5156,0.3178,0.4837,0.2542,0.526,0.3143,0.2093,0.162,0.3563,
1.0,0.9986,0.967,0.9656,0.969,0.9972,0.9947,0.9903,0.9846,0.9217,0.738,0.9295,0.9059,0.8461,0.8082,0.8534,0.6863,0.8328,0.9403,0.777,0.6187,0.9541,0.7257,0.6305,0.6082,0.6207,0.8526,0.5725,0.6211,0.775,0.5,0.5551,0.3848,0.5903,0.6801,0.5833,0.5195,0.3229,0.4745,0.2628,0.5198,0.3064,0.2071,0.1636,0.3532,
1.0,0.999,0.9696,0.9686,0.9704,0.9968,0.9952,0.9896,0.9845,0.925,0.7359,0.9329,0.9064,0.8375,0.797,0.8594,0.6767,0.8258,0.9399,0.7761,0.6065,0.9538,0.7217,0.6192,0.6121,0.617,0.8462,0.5633,0.6203,0.7799,0.5162,0.5512,0.4017,0.5972,0.6807,0.5862,0.523,0.3191,0.4845,0.2584,0.5223,0.3188,0.2195,0.175,0.3555,
1.0,0.9994,0.9661,0.9655,0.9678,0.9972,0.9961,0.9909,0.9842,0.9235,0.7301,0.9288,0.9085,0.8367,0.7986,0.8532,0.6772,0.8219,0.9363,0.7807,0.6065,0.9503,0.722,0.614,0.6021,0.6007,0.8559,0.5569,0.6221,0.7798,0.4931,0.5432,0.3864,0.5933,0.6764,0.5838,0.5199,0.3072,0.4758,0.2609,0.5244,0.3164,0.2107,0.1593,0.3625,
1.0,0.9984,0.9665,0.9649,0.9711,0.9963,0.9934,0.9873,0.9807,0.9253,0.7322,0.929,0.9039,0.8388,0.7952,0.8551,0.6824,0.8236,0.935,0.7895,0.611,0.9491,0.7285,0.6212,0.6077,0.6118,0.8562,0.5691,0.622,0.7893,0.5095,0.5507,0.3904,0.5911,0.672,0.5819,0.5151,0.3154,0.4745,0.26,0.5252,0.3168,0.2142,0.154,0.3546,
1.0,0.9989,0.9662,0.9651,0.9723,0.9971,0.9946,0.9903,0.9847,0.9215,0.7379,0.9318,0.9054,0.8402,0.803,0.854,0.6886,0.8267,0.9418,0.786,0.6087,0.9508,0.7152,0.6221,0.6013,0.6181,0.8592,0.5726,0.6146,0.7877,0.5029,0.5502,0.3853,0.5918,0.6725,0.5791,0.529,0.3159,0.4865,0.262,0.5192,0.3145,0.2097,0.1589,0.3615,
1.0,0.9989,0.9694,0.9683,0.9697,0.9969,0.995,0.9897,0.9839,0.9258,0.7419,0.9323,0.9088,0.8431,0.8044,0.8585,0.6948,0.8307,0.9437,0.7899,0.6172,0.9535,0.7243,0.6259,0.6063,0.619,0.8612,0.5767,0.6214,0.7878,0.519,0.5544,0.3899,0.5909,0.6701,0.5838,0.5266,0.324,0.4848,0.2641,0.5264,0.3212,0.2167,0.1611,0.3591,
1.0,0.9993,0.9699,0.9692,0.9682,0.9974,0.996,0.9903,0.9842,0.9226,0.7372,0.9323,0.9062,0.8417,0.8031,0.8564,0.6903,0.8287,0.9429,0.783,0.6165,0.9531,0.7268,0.6309,0.6112,0.6164,0.8597,0.5763,0.6241,0.7809,0.5089,0.5612,0.3957,0.594,0.6791,0.5844,0.5237,0.3204,0.4831,0.2704,0.5294,0.3126,0.2093,0.1699,0.3569,
1.0,0.9991,0.9675,0.9666,0.9706,0.9969,0.9951,0.9891,0.9832,0.9238,0.7359,0.9323,0.9059,0.8383,0.7994,0.8573,0.6783,0.8248,0.9378,0.7809,0.6107,0.9514,0.7248,0.6256,0.6016,0.6098,0.8518,0.5577,0.62,0.7823,0.5054,0.5454,0.3925,0.5855,0.6689,0.5793,0.5142,0.306,0.4744,0.2552,0.5202,0.3113,0.2096,0.1582,0.3481,
1.0,0.9988,0.9677,0.9665,0.9697,0.9978,0.996,0.991,0.9848,0.9238,0.7334,0.9314,0.9095,0.8356,0.7978,0.8571,0.6869,0.8219,0.9418,0.79,0.6056,0.9515,0.7159,0.6166,0.5968,0.6138,0.8614,0.5668,0.6161,0.7803,0.513,0.5479,0.3892,0.5829,0.6741,0.5757,0.5216,0.318,0.4756,0.2547,0.5223,0.3105,0.2099,0.1607,0.3501,
1.0,0.9991,0.9728,0.9719,0.9683,0.9977,0.9955,0.9888,0.983,0.9225,0.7331,0.9342,0.9041,0.8416,0.802,0.8589,0.686,0.827,0.939,0.7791,0.6077,0.953,0.7179,0.6238,0.6037,0.615,0.8527,0.569,0.6172,0.7778,0.5037,0.5574,0.3926,0.5993,0.6904,0.5762,0.5251,0.3193,0.4785,0.2584,0.5324,0.3191,0.2171,0.1697,0.3597,
1.0,0.999,0.9674,0.9664,0.9719,0.9973,0.9954,0.9918,0.9863,0.924,0.7426,0.9333,0.9091,0.8413,0.8059,0.8589,0.6882,0.8273,0.9428,0.7862,0.6199,0.9522,0.7235,0.6336,0.6125,0.622,0.8578,0.5764,0.6206,0.7856,0.511,0.5585,0.393,0.583,0.6746,0.5856,0.5255,0.3211,0.4704,0.2625,0.5191,0.3097,0.2078,0.164,0.3409,
1.0,0.9988,0.9698,0.9686,0.9733,0.9966,0.9948,0.9906,0.9846,0.9212,0.7393,0.9371,0.9054,0.8441,0.8062,0.8588,0.6943,0.8305,0.9413,0.7886,0.6158,0.953,0.7274,0.6368,0.6181,0.618,0.86,0.5758,0.6275,0.783,0.4991,0.557,0.3942,0.6001,0.6828,0.5871,0.5278,0.3212,0.4846,0.2691,0.529,0.3128,0.2117,0.1724,0.366,
1.0,0.9989,0.9696,0.9685,0.9687,0.997,0.9942,0.9898,0.9861,0.9219,0.7314,0.9312,0.904,0.834,0.7982,0.8542,0.6827,0.822,0.9427,0.7821,0.6032,0.9535,0.7176,0.6149,0.6071,0.6111,0.8537,0.5657,0.6121,0.7797,0.5105,0.5489,0.3844,0.5914,0.6781,0.5821,0.5168,0.3215,0.4776,0.251,0.5204,0.3134,0.2088,0.1556,0.3504,
1.0,0.9989,0.9661,0.965,0.9689,0.9974,0.995,0.99,0.9836,0.9228,0.7399,0.9278,0.906,0.849,0.8073,0.8516,0.6923,0.835,0.9386,0.7802,0.6157,0.9556,0.7213,0.6253,0.6065,0.6198,0.8535,0.5745,0.6213,0.7737,0.4975,0.5573,0.3846,0.5863,0.6684,0.5782,0.5193,0.3165,0.4734,0.2585,0.5157,0.3027,0.1948,0.1661,0.3585,
1.0,0.9985,0.9663,0.9648,0.9704,0.9962,0.9941,0.99,0.986,0.9241,0.7328,0.9285,0.9062,0.8368,0.7977,0.8545,0.6811,0.8256,0.9422,0.7806,0.6055,0.9529,0.7201,0.6169,0.6015,0.6044,0.8533,0.5615,0.6161,0.78,0.503,0.5412,0.3812,0.5917,0.6783,0.5857,0.5237,0.3089,0.4849,0.2545,0.5204,0.3195,0.2037,0.161,0.3546,
1.0,0.9978,0.9671,0.9649,0.9724,0.9969,0.9937,0.9906,0.9845,0.9234,0.7383,0.9317,0.9079,0.8397,0.7984,0.8563,0.6824,0.8261,0.9373,0.7843,0.6123,0.9542,0.7249,0.6263,0.6117,0.6119,0.856,0.5665,0.6233,0.7868,0.5043,0.5506,0.3898,0.5927,0.668,0.5852,0.5126,0.3083,0.4887,0.2637,0.5249,0.3132,0.2075,0.1617,0.3598,
1.0,0.9994,0.9675,0.9669,0.9735,0.9977,0.9958,0.9893,0.9833,0.9268,0.7412,0.9349,0.9095,0.8409,0.8,0.862,0.6798,0.8258,0.9408,0.7822,0.6115,0.9498,0.7224,0.6236,0.6068,0.6213,0.8515,0.5671,0.6193,0.7874,0.5104,0.5528,0.3903,0.5898,0.6768,0.5866,0.5194,0.3215,0.4791,0.2571,0.5225,0.3134,0.2126,0.1695,0.3543,
1.0,0.999,0.9709,0.9699,0.9715,0.9973,0.9951,0.9902,0.9843,0.9258,0.7389,0.9341,0.9073,0.839,0.7982,0.8611,0.684,0.8254,0.9419,0.785,0.6115,0.9534,0.7248,0.6258,0.6145,0.6197,0.8538,0.5681,0.6227,0.7874,0.516,0.5612,0.3891,0.5943,0.6767,0.5872,0.5256,0.3084,0.4772,0.259,0.5223,0.3146,0.2162,0.1629,0.3565,
1.0,0.9993,0.9677,0.967,0.9663,0.9975,0.9956,0.9905,0.9849,0.9234,0.7282,0.9284,0.9076,0.8346,0.7977,0.8526,0.681,0.8211,0.9397,0.7812,0.6103,0.953,0.7269,0.6193,0.6046,0.6063,0.8569,0.5645,0.6182,0.7812,0.5059,0.5503,0.3919,0.5853,0.6841,0.5844,0.5219,0.3193,0.4735,0.2568,0.5294,0.3125,0.2156,0.1622,0.3515,
1.0,0.9988,0.969,0.9678,0.9678,0.9979,0.9958,0.9914,0.9865,0.9224,0.7368,0.9289,0.9072,0.8417,0.8054,0.8508,0.6934,0.8293,0.9396,0.7799,0.61,0.9546,0.7188,0.6247,0.6067,0.6163,0.856,0.5654,0.6225,0.7726,0.5003,0.5519,0.3968,0.6009,0.6803,0.5826,0.5203,0.3215,0.4813,0.2683,0.5305,0.3053,0.2067,0.1657,0.3577,
1.0,0.9988,0.9706,0.9694,0.9699,0.9985,0.9961,0.9902,0.9849,0.9239,0.7369,0.9347,0.9098,0.8384,0.8011,0.8603,0.6851,0.8248,0.942,0.7819,0.6179,0.9527,0.7244,0.6314,0.61,0.6162,0.8568,0.5664,0.6287,0.784,0.5076,0.5548,0.392,0.5949,0.6762,0.5884,0.521,0.3148,0.479,0.2618,0.5296,0.3093,0.2105,0.1703,0.3529,
1.0,0.9982,0.9665,0.9647,0.9723,0.9973,0.9944,0.9888,0.9833,0.924,0.7336,0.9321,0.9072,0.836,0.7981,0.8577,0.6761,0.8213,0.939,0.7823,0.6086,0.9496,0.7219,0.6229,0.6105,0.6141,0.8528,0.5668,0.6184,0.7872,0.5016,0.5518,0.3942,0.5943,0.6707,0.585,0.5214,0.3129,0.4836,0.2566,0.5178,0.3162,0.2068,0.171,0.3559,
1.0,0.9989,0.9667,0.9656,0.9707,0.9974,0.9952,0.9899,0.9853,0.9259,0.7402,0.9312,0.9096,0.8406,0.8062,0.8578,0.6925,0.8298,0.9406,0.7912,0.6135,0.9547,0.7272,0.6248,0.6099,0.6171,0.8585,0.568,0.6263,0.7863,0.4999,0.5493,0.3801,0.5916,0.6804,0.5857,0.527,0.3146,0.487,0.2678,0.5318,0.3141,0.2163,0.1651,0.3592,
1.0,0.9989,0.9652,0.9641,0.9695,0.9974,0.9954,0.989,0.9839,0.9226,0.7378,0.9278,0.9054,0.8419,0.8035,0.8519,0.6853,0.8299,0.9396,0.7798,0.6096,0.9514,0.7196,0.6208,0.6009,0.6163,0.852,0.5638,0.6136,0.778,0.4985,0.5446,0.383,0.5947,0.6693,0.5814,0.5206,0.3126,0.4802,0.2626,0.5124,0.3078,0.1998,0.1624,0.351,
1.0,0.9987,0.9656,0.9643,0.9694,0.9979,0.9962,0.9906,0.9847,0.9256,0.7356,0.9294,0.9116,0.8369,0.7993,0.8558,0.681,0.824,0.9413,0.7857,0.611,0.9536,0.7239,0.6193,0.6017,0.6139,0.8591,0.5656,0.6218,0.7848,0.5053,0.5495,0.3833,0.5953,0.6765,0.5877,0.523,0.3084,0.4835,0.268,0.5256,0.3107,0.2074,0.1655,0.3567,
1.0,0.9989,0.9685,0.9674,0.9691,0.9967,0.9949,0.9901,0.9846,0.9238,0.7376,0.931,0.907,0.8404,0.8026,0.8566,0.6834,0.8267,0.9368,0.7813,0.6108,0.9525,0.7224,0.622,0.6043,0.6134,0.8522,0.5631,0.6202,0.7789,0.4971,0.5494,0.3843,0.5924,0.6823,0.581,0.5164,0.3082,0.4691,0.2605,0.5222,0.306,0.2032,0.1608,0.3489,
1.0,0.999,0.9698,0.9688,0.9675,0.9968,0.9949,0.9909,0.9858,0.9279,0.7394,0.9303,0.9109,0.8392,0.8011,0.8598,0.6827,0.825,0.9387,0.7799,0.6103,0.9504,0.7233,0.6189,0.5994,0.6119,0.8525,0.5656,0.6236,0.7873,0.5108,0.5545,0.3882,0.5843,0.6717,0.5824,0.5166,0.318,0.4722,0.2583,0.5198,0.3167,0.2146,0.1604,0.3527,
1.0,0.9983,0.9685,0.9668,0.9698,0.9971,0.9942,0.9902,0.9844,0.923,0.7352,0.9314,0.9075,0.8378,0.7988,0.8553,0.686,0.8236,0.9413,0.7841,0.6136,0.9525,0.7229,0.6234,0.6059,0.6128,0.8595,0.571,0.618,0.7804,0.5038,0.5512,0.3895,0.5861,0.6667,0.5804,0.5191,0.3143,0.4785,0.262,0.5177,0.3081,0.1985,0.1653,0.3528,
1.0,0.999,0.9677,0.9667,0.9684,0.9978,0.9952,0.9886,0.9843,0.9213,0.7324,0.9293,0.9034,0.8406,0.8005,0.8511,0.6865,0.8282,0.9399,0.78,0.6123,0.9522,0.7267,0.6259,0.615,0.6138,0.8569,0.5691,0.6217,0.7757,0.4918,0.5471,0.3889,0.5944,0.6761,0.5848,0.5206,0.3176,0.4867,0.2623,0.5258,0.3094,0.2028,0.1697,0.3628,
1.0,0.9988,0.9663,0.9651,0.9703,0.9971,0.9954,0.991,0.9858,0.9231,0.7431,0.9315,0.9094,0.8442,0.8102,0.8557,0.692,0.8328,0.9413,0.7855,0.6106,0.9511,0.7205,0.6224,0.5957,0.6175,0.8607,0.5686,0.6139,0.7882,0.5088,0.5517,0.3863,0.5901,0.6661,0.577,0.5246,0.3166,0.4804,0.2605,0.5201,0.31,0.2058,0.1619,0.3553,
1.0,0.9988,0.9677,0.9665,0.97,0.9976,0.9952,0.9894,0.9832,0.917,0.7311,0.9309,0.9004,0.8396,0.7974,0.8495,0.6748,0.8254,0.9388,0.7706,0.6071,0.9527,0.7186,0.6227,0.6151,0.6119,0.8508,0.5642,0.6207,0.7745,0.5002,0.5527,0.3921,0.5929,0.6737,0.577,0.5109,0.3206,0.4783,0.2513,0.5195,0.3084,0.208,0.1622,0.3566,
1.0,0.9983,0.9654,0.9637,0.968,0.9973,0.994,0.9867,0.9817,0.923,0.7389,0.9271,0.9051,0.8471,0.8063,0.8517,0.69,0.8328,0.9405,0.7839,0.6165,0.9491,0.7166,0.624,0.5968,0.6204,0.8525,0.5788,0.6151,0.7715,0.4962,0.5555,0.3793,0.5834,0.671,0.5835,0.5266,0.3147,0.4763,0.2634,0.5192,0.3046,0.2002,0.1655,0.3441,
1.0,0.9987,0.9664,0.9651,0.9694,0.9975,0.9949,0.9883,0.9834,0.9261,0.7398,0.9283,0.9073,0.8426,0.7981,0.8559,0.6864,0.8298,0.941,0.7832,0.6177,0.9525,0.727,0.6261,0.6044,0.6123,0.8563,0.5649,0.625,0.7763,0.5049,0.5506,0.3892,0.597,0.6759,0.5898,0.5275,0.3169,0.4837,0.2668,0.5242,0.3135,0.2117,0.1617,0.3583,
1.0,0.9991,0.9695,0.9686,0.9704,0.9978,0.9959,0.9916,0.9849,0.9308,0.7367,0.9338,0.9161,0.8339,0.7967,0.8656,0.6802,0.8202,0.937,0.7892,0.609,0.9529,0.7252,0.6157,0.6047,0.6094,0.8571,0.5579,0.6318,0.795,0.5067,0.5438,0.3838,0.5962,0.6684,0.5789,0.5155,0.3055,0.4808,0.265,0.5198,0.3152,0.2141,0.1578,0.3569,
1.0,0.9995,0.9671,0.9666,0.9716,0.9981,0.9968,0.9919,0.9847,0.9268,0.7387,0.9327,0.9123,0.8382,0.8002,0.8615,0.6828,0.8237,0.9388,0.789,0.6062,0.953,0.7202,0.6204,0.6029,0.6189,0.859,0.5654,0.6203,0.7841,0.4968,0.5494,0.3843,0.5891,0.6747,0.5852,0.5238,0.3108,0.4771,0.2618,0.5322,0.3078,0.2091,0.1596,0.3561,
1.0,0.9992,0.9664,0.9656,0.9717,0.9969,0.9945,0.9914,0.9874,0.925,0.7429,0.9329,0.9106,0.8406,0.8072,0.8593,0.6899,0.828,0.9417,0.7892,0.6169,0.952,0.7254,0.625,0.6071,0.6177,0.8606,0.5708,0.6208,0.7906,0.508,0.5483,0.3889,0.5854,0.668,0.5872,0.5233,0.3136,0.4824,0.2666,0.5276,0.3182,0.205,0.1661,0.3517,
1.0,0.9985,0.9663,0.9648,0.9694,0.9971,0.9946,0.9888,0.982,0.926,0.7346,0.9291,0.9093,0.8379,0.7966,0.8565,0.6776,0.8241,0.9401,0.7823,0.6065,0.9535,0.7201,0.6144,0.5988,0.6171,0.8527,0.5665,0.6145,0.7811,0.501,0.5495,0.3777,0.5848,0.6721,0.5785,0.5141,0.3097,0.474,0.2495,0.5208,0.3014,0.2029,0.161,0.341,
1.0,0.9992,0.9692,0.9684,0.9682,0.997,0.9956,0.9899,0.9838,0.9219,0.731,0.9318,0.9049,0.8379,0.8001,0.855,0.6789,0.8248,0.9411,0.7765,0.607,0.9484,0.7165,0.6194,0.5964,0.6076,0.8516,0.5565,0.6206,0.7792,0.4999,0.5469,0.379,0.5915,0.6701,0.5835,0.5259,0.3106,0.4728,0.2605,0.5243,0.3106,0.2139,0.1667,0.3512,
1.0,0.9992,0.9682,0.9674,0.9706,0.9974,0.9957,0.9917,0.9869,0.9226,0.7363,0.9329,0.9082,0.8395,0.8027,0.8567,0.6836,0.8265,0.9388,0.7789,0.6104,0.9569,0.7255,0.6207,0.6075,0.6089,0.8532,0.5627,0.6207,0.7827,0.5105,0.5466,0.3964,0.5928,0.6784,0.5854,0.5276,0.317,0.484,0.2611,0.5311,0.3163,0.2103,0.1731,0.3581,
1.0,0.999,0.9684,0.9674,0.9713,0.998,0.9953,0.99,0.9845,0.9255,0.7378,0.9338,0.9102,0.8379,0.7998,0.8616,0.6812,0.8232,0.9403,0.7842,0.6136,0.9548,0.7257,0.6277,0.6128,0.6192,0.8537,0.5661,0.6254,0.7839,0.5021,0.5555,0.3852,0.5963,0.6814,0.5896,0.5243,0.3131,0.4822,0.268,0.5262,0.3123,0.2125,0.1682,0.3543,
1.0,0.9988,0.9684,0.9672,0.9719,0.9962,0.9937,0.9902,0.9852,0.9259,0.735,0.9333,0.9085,0.8347,0.7982,0.8604,0.6801,0.8207,0.9392,0.7858,0.6087,0.9503,0.7257,0.6229,0.6064,0.6108,0.853,0.5566,0.6232,0.7863,0.5115,0.5418,0.3814,0.5831,0.6728,0.5835,0.5114,0.3145,0.469,0.2625,0.5212,0.3102,0.2102,0.1538,0.3435,
1.0,0.9992,0.9698,0.969,0.9715,0.9975,0.996,0.9908,0.9855,0.9306,0.7398,0.9341,0.9143,0.8329,0.7932,0.8656,0.6821,0.8206,0.9392,0.7919,0.6138,0.9525,0.7291,0.6232,0.6114,0.6123,0.8573,0.5622,0.6305,0.7895,0.511,0.5473,0.3872,0.58,0.6719,0.5864,0.52,0.3115,0.4677,0.2687,0.5224,0.3068,0.2059,0.1631,0.3452,
1.0,0.9992,0.9677,0.9669,0.9647,0.9972,0.9951,0.9905,0.9841,0.9203,0.7211,0.9256,0.9031,0.8314,0.794,0.8477,0.6797,0.817,0.9402,0.7783,0.6002,0.9492,0.715,0.6093,0.5954,0.6031,0.8582,0.5599,0.6105,0.775,0.505,0.5424,0.3867,0.5915,0.6796,0.5767,0.5149,0.3231,0.4773,0.2475,0.5329,0.3129,0.21,0.1503,0.3477,
1.0,0.9992,0.966,0.9652,0.9721,0.9975,0.9952,0.9915,0.9874,0.926,0.743,0.9328,0.9114,0.8395,0.8015,0.8603,0.6776,0.8259,0.9413,0.7795,0.6084,0.9525,0.7168,0.6217,0.6002,0.6153,0.8504,0.5581,0.6187,0.782,0.5015,0.5457,0.3798,0.5877,0.6756,0.5764,0.5157,0.3105,0.4748,0.254,0.5193,0.311,0.2055,0.1633,0.3489,
1.0,0.999,0.969,0.968,0.9666,0.9964,0.9943,0.9907,0.9848,0.9274,0.735,0.9286,0.91,0.8382,0.8025,0.8562,0.6905,0.8258,0.9386,0.7892,0.6065,0.9519,0.7196,0.6141,0.5987,0.6103,0.8553,0.5688,0.6243,0.7838,0.5072,0.5528,0.382,0.5894,0.6736,0.5816,0.5304,0.3114,0.4794,0.2702,0.5326,0.3138,0.2053,0.1617,0.3537,
1.0,0.9989,0.9677,0.9666,0.9688,0.9969,0.9945,0.9899,0.9832,0.9244,0.732,0.9286,0.906,0.8368,0.7979,0.8539,0.6815,0.8213,0.9406,0.7844,0.6056,0.9503,0.7185,0.6187,0.606,0.6175,0.8551,0.5738,0.6131,0.7858,0.5031,0.5573,0.3886,0.5817,0.6715,0.5763,0.5174,0.3157,0.4697,0.2522,0.5156,0.3051,0.2014,0.1605,0.3482,
1.0,0.9989,0.9679,0.9668,0.9697,0.9967,0.9945,0.9911,0.9854,0.9279,0.7377,0.932,0.9129,0.8378,0.7986,0.861,0.6796,0.8254,0.9389,0.7819,0.6126,0.9536,0.7261,0.6193,0.5984,0.608,0.852,0.5632,0.6249,0.7876,0.5133,0.5492,0.3852,0.5808,0.6698,0.5843,0.5233,0.3138,0.4657,0.2638,0.5178,0.3193,0.2148,0.1577,0.3442,
1.0,0.9988,0.971,0.9698,0.9725,0.9974,0.9951,0.9895,0.9838,0.9232,0.7372,0.9355,0.9051,0.8392,0.7972,0.8602,0.6867,0.8261,0.9464,0.7833,0.6153,0.952,0.7239,0.6322,0.6125,0.6201,0.8554,0.5698,0.6247,0.7825,0.5136,0.5617,0.3965,0.5899,0.6771,0.589,0.5171,0.3236,0.4688,0.2535,0.5208,0.3131,0.2117,0.1666,0.3479,
1.0,0.9985,0.9707,0.9692,0.9696,0.9966,0.9943,0.9905,0.9837,0.9241,0.7343,0.9335,0.9082,0.8386,0.8001,0.8584,0.685,0.8246,0.9383,0.783,0.606,0.9525,0.7223,0.6199,0.6041,0.6135,0.8569,0.5631,0.6129,0.7828,0.4973,0.5434,0.3882,0.5828,0.6728,0.5779,0.5192,0.306,0.4713,0.25,0.5172,0.3132,0.206,0.1587,0.3557,
1.0,0.9989,0.9679,0.9668,0.9704,0.9969,0.9946,0.9908,0.9863,0.9218,0.7389,0.9329,0.9065,0.8413,0.8031,0.8569,0.684,0.8292,0.9446,0.7784,0.6166,0.9504,0.718,0.6283,0.6055,0.6139,0.8557,0.5697,0.6195,0.7778,0.4996,0.5539,0.3924,0.59,0.6731,0.58,0.5268,0.3162,0.4793,0.2612,0.5174,0.3054,0.2,0.171,0.3509,
1.0,0.9991,0.9695,0.9686,0.9709,0.9971,0.9956,0.9909,0.9838,0.9247,0.7367,0.9337,0.9087,0.8389,0.797,0.8588,0.6775,0.8256,0.9411,0.7768,0.6148,0.952,0.724,0.6284,0.6093,0.614,0.8506,0.5628,0.6212,0.7812,0.495,0.5469,0.3894,0.5868,0.6725,0.5859,0.5139,0.3072,0.471,0.2506,0.5126,0.3123,0.2002,0.1662,0.3422,
1.0,0.9989,0.9699,0.9688,0.9691,0.9966,0.995,0.99,0.9841,0.9254,0.7327,0.9333,0.9093,0.8373,0.7966,0.8599,0.68,0.825,0.9433,0.7832,0.6108,0.9495,0.7219,0.6205,0.6067,0.6123,0.8554,0.569,0.6235,0.7792,0.5028,0.5516,0.387,0.5842,0.6716,0.5831,0.5201,0.3193,0.47,0.2581,0.528,0.3093,0.2032,0.1634,0.3456,
1.0,0.9987,0.9663,0.965,0.9703,0.9969,0.9944,0.9899,0.9852,0.9245,0.7336,0.9303,0.9083,0.835,0.7981,0.8556,0.6764,0.8224,0.9422,0.7834,0.6125,0.9517,0.7222,0.6234,0.5977,0.6063,0.8531,0.5585,0.6194,0.7816,0.5118,0.5416,0.391,0.5858,0.6715,0.5809,0.5209,0.3084,0.4789,0.2626,0.5212,0.3113,0.204,0.1614,0.3506,
1.0,0.9985,0.965,0.9635,0.9712,0.998,0.9957,0.991,0.9857,0.9194,0.7326,0.9285,0.9041,0.8358,0.797,0.8494,0.6788,0.8232,0.9378,0.7765,0.6036,0.9498,0.7165,0.6164,0.6052,0.6055,0.8543,0.5571,0.6156,0.7814,0.4989,0.5457,0.3874,0.5841,0.6673,0.5741,0.5095,0.3125,0.4753,0.2526,0.5215,0.3073,0.2097,0.1636,0.3488,
1.0,0.9985,0.9678,0.9663,0.9694,0.9969,0.9942,0.9893,0.9847,0.9241,0.7381,0.9301,0.9066,0.8403,0.801,0.8563,0.6866,0.8273,0.9478,0.7823,0.6171,0.9537,0.7195,0.628,0.5961,0.6221,0.8585,0.5801,0.6127,0.7814,0.5178,0.5618,0.3892,0.5879,0.6802,0.5811,0.5338,0.3223,0.4842,0.2584,0.5255,0.3153,0.2145,0.163,0.3556,
1.0,0.9981,0.9685,0.9666,0.9722,0.9965,0.9932,0.9881,0.9839,0.9245,0.7382,0.9349,0.908,0.8392,0.8039,0.8607,0.6839,0.8264,0.9422,0.7885,0.6135,0.9478,0.7206,0.6266,0.603,0.62,0.8514,0.5675,0.6211,0.785,0.509,0.5552,0.3916,0.5879,0.68,0.5826,0.5189,0.3141,0.472,0.2591,0.5299,0.3162,0.2174,0.1678,0.3539,
1.0,0.9985,0.9673,0.9658,0.9713,0.9983,0.9955,0.9899,0.9845,0.9245,0.7403,0.9316,0.9092,0.8412,0.8022,0.8577,0.6831,0.8271,0.9408,0.7815,0.6205,0.9521,0.7277,0.6292,0.6052,0.6138,0.8554,0.565,0.6268,0.7868,0.5084,0.551,0.3975,0.5977,0.6784,0.5822,0.5155,0.3112,0.4819,0.2635,0.5266,0.3124,0.2078,0.1688,0.3563,
1.0,0.9991,0.9669,0.966,0.9688,0.9979,0.9959,0.9904,0.985,0.9266,0.7379,0.9299,0.9112,0.8394,0.8025,0.8586,0.6879,0.8272,0.9453,0.7886,0.6143,0.9516,0.7225,0.6248,0.6057,0.6242,0.8593,0.5752,0.6233,0.7872,0.5072,0.5622,0.393,0.5959,0.6716,0.5856,0.5233,0.3162,0.4845,0.2674,0.522,0.3114,0.2096,0.1576,0.3641,
1.0,0.9993,0.9685,0.9678,0.9701,0.9988,0.997,0.9909,0.9862,0.9188,0.7324,0.9317,0.9044,0.8366,0.8002,0.8511,0.6856,0.8239,0.9416,0.7778,0.6022,0.9557,0.7143,0.6198,0.6003,0.6085,0.8566,0.561,0.6151,0.7799,0.4968,0.5554,0.3835,0.5978,0.6855,0.5715,0.5241,0.3094,0.4868,0.2605,0.5254,0.3046,0.2038,0.1642,0.3545,
1.0,0.9988,0.9691,0.9679,0.969,0.997,0.9946,0.9897,0.9845,0.9246,0.7392,0.9319,0.9071,0.8436,0.804,0.857,0.684,0.8324,0.938,0.7779,0.6129,0.9546,0.7262,0.6255,0.6133,0.6163,0.8538,0.5669,0.624,0.7817,0.5022,0.5556,0.3896,0.6015,0.6738,0.5835,0.5141,0.3174,0.4809,0.2599,0.5268,0.3172,0.2091,0.1632,0.3593,
1.0,0.9987,0.969,0.9677,0.9712,0.9969,0.9945,0.9906,0.9845,0.9235,0.7288,0.9338,0.9073,0.8325,0.7942,0.858,0.6855,0.8181,0.9401,0.7896,0.6102,0.9545,0.7234,0.6234,0.6029,0.6088,0.8609,0.5626,0.6201,0.7811,0.5025,0.5437,0.3883,0.5939,0.6762,0.5857,0.527,0.309,0.4792,0.2583,0.5263,0.3113,0.2121,0.1637,0.3605,
1.0,0.999,0.9691,0.9681,0.9665,0.998,0.9959,0.9915,0.986,0.9212,0.7385,0.93,0.9077,0.8428,0.8073,0.8538,0.6915,0.8298,0.9393,0.7797,0.6108,0.9547,0.7227,0.6209,0.6074,0.6135,0.861,0.5688,0.6217,0.7788,0.4989,0.5588,0.3901,0.5947,0.6726,0.5802,0.517,0.3226,0.4799,0.2663,0.5215,0.3077,0.2031,0.1622,0.3574,
1.0,0.999,0.9695,0.9685,0.9691,0.9976,0.9956,0.9907,0.9852,0.9239,0.7342,0.9328,0.9089,0.8368,0.8021,0.8577,0.6861,0.8244,0.9397,0.7843,0.6087,0.9551,0.7234,0.621,0.5986,0.6091,0.856,0.5574,0.615,0.7827,0.4966,0.5441,0.3795,0.5835,0.6741,0.5797,0.5238,0.2984,0.4789,0.259,0.5246,0.3045,0.1996,0.1612,0.349,
1.0,0.9987,0.9685,0.9672,0.9684,0.9965,0.9941,0.99,0.9851,0.9194,0.7291,0.9311,0.9035,0.8386,0.8007,0.8514,0.6806,0.8255,0.9363,0.7759,0.5998,0.9501,0.7153,0.6133,0.5999,0.6035,0.8521,0.5625,0.6129,0.7759,0.4965,0.5447,0.3835,0.5828,0.674,0.5744,0.5236,0.309,0.4791,0.2549,0.5264,0.3104,0.2044,0.1536,0.3485,
1.0,0.9989,0.9685,0.9674,0.9706,0.9969,0.9944,0.9893,0.9845,0.924,0.7419,0.9325,0.9064,0.8439,0.8056,0.8576,0.6935,0.8297,0.943,0.7854,0.6183,0.9495,0.7178,0.6324,0.6088,0.6227,0.8559,0.5788,0.6217,0.7828,0.5038,0.5637,0.3805,0.5835,0.6818,0.5829,0.5243,0.3154,0.4772,0.2636,0.5348,0.3073,0.2063,0.1639,0.3509,
1.0,0.999,0.9673,0.9663,0.9698,0.9981,0.9963,0.9905,0.9847,0.9209,0.7309,0.9311,0.9059,0.8373,0.7991,0.8529,0.6832,0.8235,0.9384,0.782,0.609,0.9556,0.7245,0.6227,0.6028,0.6036,0.8585,0.5624,0.6202,0.7792,0.503,0.5414,0.3927,0.5961,0.6709,0.5789,0.5231,0.3128,0.4787,0.2591,0.5217,0.3065,0.2081,0.1613,0.3593,
1.0,0.9989,0.9687,0.9676,0.971,0.9968,0.995,0.9914,0.9855,0.9225,0.7376,0.9317,0.9054,0.841,0.8032,0.8543,0.685,0.8277,0.9398,0.7784,0.6051,0.9529,0.7186,0.6209,0.6039,0.6124,0.8545,0.5558,0.6164,0.783,0.5084,0.5471,0.3942,0.5904,0.6743,0.5754,0.5149,0.322,0.4779,0.2563,0.5192,0.3156,0.2057,0.161,0.3525,
1.0,0.9994,0.9683,0.9677,0.9704,0.9976,0.9963,0.9918,0.9863,0.9224,0.739,0.9325,0.9072,0.8399,0.8011,0.8546,0.69,0.8274,0.9455,0.783,0.6167,0.957,0.727,0.6337,0.6152,0.6164,0.8603,0.5724,0.6222,0.7774,0.5022,0.5511,0.3964,0.5955,0.6822,0.5904,0.5264,0.3125,0.4932,0.2578,0.5339,0.3139,0.201,0.171,0.3627,
1.0,0.9985,0.9693,0.9678,0.9719,0.9978,0.9955,0.9884,0.9838,0.9198,0.7295,0.9352,0.9038,0.8337,0.7925,0.8553,0.6795,0.822,0.9396,0.7806,0.6026,0.9494,0.7188,0.6181,0.6087,0.6051,0.86,0.5606,0.6199,0.7777,0.4959,0.5425,0.3904,0.5927,0.6749,0.5779,0.5248,0.3062,0.4794,0.2568,0.5266,0.3053,0.2058,0.1604,0.3491,
1.0,0.9993,0.9687,0.968,0.9732,0.998,0.9965,0.9916,0.9859,0.9221,0.7384,0.9348,0.9068,0.839,0.8009,0.8574,0.6874,0.8248,0.9399,0.7822,0.6055,0.9503,0.7165,0.6259,0.6038,0.6121,0.8576,0.5595,0.6182,0.7844,0.5003,0.5496,0.3857,0.5918,0.6828,0.5749,0.5205,0.3122,0.4772,0.2587,0.5293,0.3072,0.2124,0.1598,0.3548,
1.0,0.9991,0.9708,0.9699,0.9699,0.9967,0.9948,0.9904,0.9853,0.9189,0.7299,0.9347,0.9025,0.8363,0.7987,0.8559,0.6812,0.8219,0.9407,0.778,0.6081,0.9496,0.7181,0.6226,0.6087,0.6048,0.8566,0.56,0.6225,0.7765,0.4998,0.5521,0.3896,0.597,0.6791,0.5789,0.518,0.3094,0.4804,0.2616,0.5331,0.3064,0.2128,0.162,0.3524,
1.0,0.999,0.9676,0.9666,0.9711,0.997,0.9951,0.9903,0.9847,0.9217,0.7399,0.9325,0.9056,0.8436,0.8061,0.8545,0.6874,0.8294,0.9389,0.7828,0.6147,0.9496,0.7232,0.6268,0.6102,0.6157,0.8549,0.5669,0.6215,0.7812,0.5018,0.5496,0.3911,0.5908,0.6759,0.5863,0.5244,0.3173,0.4786,0.2677,0.5211,0.3122,0.2083,0.1684,0.356,
1.0,0.9987,0.9682,0.9669,0.9658,0.9979,0.995,0.9891,0.9852,0.9219,0.7335,0.9277,0.9062,0.8397,0.8032,0.8502,0.6898,0.8273,0.9413,0.7798,0.601,0.9522,0.7161,0.6082,0.5985,0.6124,0.8594,0.5742,0.6118,0.7823,0.5021,0.5506,0.3796,0.5917,0.6719,0.5731,0.5263,0.3196,0.4787,0.2564,0.526,0.3145,0.2066,0.1551,0.352,
1.0,0.9988,0.9684,0.9672,0.9674,0.9974,0.9951,0.9908,0.9853,0.9302,0.7418,0.9301,0.9151,0.8416,0.8037,0.8613,0.6861,0.8277,0.9387,0.7833,0.6116,0.9541,0.7208,0.6154,0.6003,0.6171,0.8546,0.5649,0.6248,0.7835,0.5055,0.5558,0.3801,0.5947,0.6777,0.5856,0.5181,0.3128,0.4784,0.2608,0.5264,0.3098,0.2152,0.1577,0.3614,
1.0,0.9988,0.9666,0.9654,0.9686,0.997,0.9951,0.9909,0.9853,0.9278,0.7362,0.9285,0.9115,0.8374,0.7974,0.8572,0.6745,0.8255,0.9421,0.7787,0.6133,0.9553,0.7289,0.6207,0.6009,0.6074,0.8518,0.5619,0.6214,0.7872,0.5099,0.5512,0.3855,0.5896,0.6801,0.5827,0.5227,0.3175,0.4744,0.2572,0.5237,0.3142,0.2135,0.1653,0.351,
1.0,0.9989,0.9645,0.9634,0.9677,0.9973,0.9951,0.9909,0.9867,0.9225,0.7329,0.9256,0.907,0.8356,0.798,0.8493,0.6794,0.8233,0.938,0.7779,0.6042,0.9541,0.7222,0.6103,0.6012,0.6065,0.8556,0.5618,0.6149,0.7804,0.5004,0.5483,0.3824,0.5842,0.6769,0.5794,0.5254,0.3091,0.4728,0.2565,0.5283,0.3096,0.2103,0.1585,0.3529,
1.0,0.9988,0.9683,0.9671,0.9712,0.9979,0.9956,0.9908,0.9844,0.9214,0.739,0.9343,0.9081,0.8409,0.8019,0.857,0.6823,0.827,0.9395,0.779,0.6132,0.9547,0.725,0.625,0.6064,0.6087,0.8566,0.5638,0.6197,0.7844,0.5019,0.549,0.3897,0.5887,0.6673,0.5761,0.5132,0.3186,0.4698,0.2596,0.5145,0.3066,0.2061,0.1622,0.3488,
1.0,0.9988,0.9681,0.9669,0.9679,0.9976,0.9954,0.9896,0.9836,0.9279,0.7349,0.9299,0.9113,0.836,0.7973,0.8587,0.6874,0.8216,0.9421,0.7893,0.6066,0.9523,0.7151,0.6139,0.5915,0.6143,0.8622,0.5726,0.6124,0.7852,0.5055,0.5577,0.3803,0.5894,0.6789,0.5738,0.5302,0.3184,0.4776,0.2607,0.5243,0.3142,0.2125,0.1601,0.3548,
1.0,0.9984,0.9681,0.9665,0.9697,0.9977,0.9949,0.9897,0.9833,0.9208,0.7371,0.9313,0.9055,0.8429,0.8027,0.8535,0.6846,0.8287,0.9371,0.7769,0.6138,0.9544,0.7244,0.6267,0.6123,0.6125,0.8558,0.5651,0.6221,0.7802,0.4983,0.5575,0.3883,0.5973,0.6766,0.5839,0.5065,0.3151,0.4848,0.2552,0.5275,0.3076,0.2103,0.1624,0.3598,
1.0,0.9986,0.9656,0.9642,0.9698,0.9974,0.9952,0.9894,0.9839,0.9263,0.7398,0.9296,0.9101,0.8404,0.801,0.8571,0.6824,0.827,0.9393,0.7858,0.6095,0.9483,0.7126,0.6177,0.5901,0.6141,0.8545,0.5644,0.6114,0.7806,0.4994,0.5485,0.3817,0.588,0.6706,0.5736,0.5134,0.3154,0.4713,0.255,0.5239,0.3031,0.2056,0.1578,0.3486,
1.0,0.999,0.967,0.966,0.9706,0.9971,0.9942,0.9912,0.986,0.9241,0.7402,0.9312,0.9084,0.84,0.8037,0.8564,0.686,0.8255,0.94,0.7836,0.609,0.95,0.719,0.622,0.5965,0.6165,0.855,0.5645,0.6155,0.7825,0.5044,0.5493,0.3834,0.5799,0.6702,0.5718,0.5113,0.3112,0.4669,0.253,0.5223,0.3079,0.2062,0.1564,0.3513,
1.0,0.9987,0.968,0.9667,0.9708,0.9981,0.996,0.9915,0.986,0.928,0.7414,0.9324,0.9146,0.8394,0.805,0.8619,0.6867,0.8263,0.94,0.7893,0.6135,0.9521,0.7202,0.6212,0.6006,0.6126,0.8578,0.5639,0.6212,0.7865,0.5007,0.5451,0.3827,0.5884,0.6782,0.5816,0.518,0.3127,0.4735,0.2601,0.5236,0.3096,0.2083,0.1534,0.3509,
1.0,0.999,0.9661,0.9651,0.9679,0.9973,0.9951,0.989,0.9844,0.9194,0.7309,0.9277,0.9023,0.8389,0.7982,0.8477,0.6793,0.8266,0.944,0.7759,0.6084,0.9477,0.71,0.6207,0.5993,0.6116,0.8555,0.5711,0.612,0.7705,0.4948,0.5537,0.3767,0.5878,0.6739,0.5832,0.5235,0.3104,0.4731,0.258,0.5188,0.3043,0.1981,0.1589,0.3503,
1.0,0.9991,0.9702,0.9693,0.9703,0.9975,0.996,0.9918,0.9861,0.9226,0.7338,0.9336,0.9074,0.8356,0.7971,0.8574,0.685,0.8228,0.9382,0.7824,0.6019,0.9556,0.7218,0.6191,0.6082,0.6092,0.8602,0.5601,0.614,0.781,0.5003,0.5469,0.3872,0.592,0.6713,0.5788,0.5238,0.313,0.4827,0.2554,0.5271,0.3046,0.208,0.1653,0.3584,
1.0,0.9988,0.967,0.9658,0.9698,0.998,0.9954,0.9909,0.9871,0.9183,0.7295,0.9298,0.9033,0.8336,0.7978,0.8484,0.6805,0.8209,0.9434,0.7745,0.6025,0.9521,0.7141,0.6175,0.6014,0.6109,0.8523,0.563,0.6128,0.7775,0.506,0.556,0.3858,0.5827,0.679,0.5754,0.5173,0.3129,0.4704,0.2532,0.5296,0.3063,0.2098,0.161,0.3507,
1.0,0.9985,0.9703,0.9688,0.9666,0.9977,0.995,0.9906,0.9858,0.9248,0.7381,0.9288,0.9084,0.8409,0.8042,0.854,0.6882,0.8279,0.9389,0.7787,0.6156,0.9538,0.7235,0.6269,0.608,0.6179,0.8516,0.5708,0.6228,0.7819,0.5052,0.559,0.3847,0.5855,0.6768,0.5817,0.514,0.3177,0.4758,0.2587,0.5304,0.3053,0.2055,0.1623,0.3448,
1.0,0.9991,0.9676,0.9667,0.9712,0.9979,0.9961,0.9895,0.9847,0.9211,0.7358,0.9327,0.9047,0.8395,0.8017,0.8553,0.6865,0.8264,0.9459,0.7846,0.6123,0.9527,0.7186,0.6242,0.6078,0.6189,0.8578,0.5723,0.6152,0.7778,0.5081,0.5508,0.3864,0.5885,0.6796,0.5819,0.5326,0.3211,0.4735,0.2658,0.5212,0.3062,0.2109,0.166,0.3518,
1.0,0.9986,0.9661,0.9647,0.968,0.9981,0.9955,0.9907,0.9856,0.9227,0.7333,0.9269,0.9072,0.8401,0.8021,0.8506,0.6804,0.8268,0.9416,0.7741,0.6138,0.9544,0.7242,0.6227,0.6098,0.6115,0.8526,0.568,0.6218,0.7818,0.4994,0.5543,0.3846,0.5933,0.6763,0.5846,0.5159,0.3176,0.4685,0.2596,0.5178,0.301,0.21,0.1603,0.3485,
1.0,0.9991,0.9667,0.9658,0.9707,0.9976,0.996,0.9917,0.9852,0.9213,0.7291,0.93,0.905,0.8334,0.795,0.8536,0.6758,0.8193,0.9385,0.7782,0.602,0.95,0.7206,0.6154,0.6092,0.6032,0.8543,0.5547,0.6246,0.783,0.495,0.5464,0.3912,0.5992,0.6778,0.5789,0.5133,0.3142,0.4804,0.2618,0.5276,0.3088,0.2023,0.1695,0.3547,
1.0,0.9991,0.9657,0.9648,0.9697,0.9964,0.9942,0.9915,0.9872,0.9245,0.7398,0.9288,0.9086,0.8419,0.8075,0.8554,0.684,0.8293,0.9429,0.781,0.6173,0.9527,0.7248,0.6275,0.6084,0.6156,0.8519,0.5675,0.6263,0.7814,0.5017,0.5546,0.3733,0.5823,0.6785,0.5957,0.5258,0.3094,0.4726,0.2682,0.5263,0.3055,0.2074,0.167,0.359,
1.0,0.9986,0.9678,0.9664,0.9682,0.9975,0.9949,0.9908,0.9844,0.9221,0.7368,0.9287,0.9062,0.8448,0.8052,0.8518,0.6878,0.8302,0.9386,0.7773,0.6106,0.9538,0.7167,0.6244,0.6041,0.6144,0.8538,0.5664,0.6233,0.7743,0.4944,0.5569,0.3814,0.5921,0.6805,0.5782,0.5217,0.3195,0.4715,0.2643,0.524,0.3077,0.2013,0.1614,0.357,
1.0,0.9987,0.9707,0.9694,0.9708,0.9972,0.9948,0.9914,0.9853,0.925,0.7396,0.9331,0.9083,0.8402,0.8039,0.8602,0.6922,0.8233,0.9361,0.7855,0.6074,0.9484,0.719,0.6214,0.6033,0.6126,0.8584,0.5593,0.6215,0.7872,0.5068,0.5512,0.3901,0.5864,0.6755,0.5805,0.5254,0.3181,0.4728,0.2587,0.5282,0.3088,0.2183,0.1622,0.3497,
1.0,0.9993,0.9692,0.9685,0.9688,0.9967,0.9952,0.9918,0.9856,0.9262,0.7369,0.9323,0.911,0.8378,0.7993,0.8593,0.6825,0.8238,0.9389,0.7823,0.6108,0.9528,0.7275,0.6207,0.6089,0.6136,0.8554,0.5657,0.6247,0.7858,0.5009,0.5564,0.3886,0.5871,0.682,0.5851,0.5277,0.3157,0.4792,0.268,0.5295,0.3075,0.2147,0.1647,0.3525,
1.0,0.9991,0.9685,0.9676,0.9668,0.9973,0.9951,0.9895,0.9848,0.9214,0.7346,0.9294,0.9045,0.8414,0.8034,0.8514,0.6847,0.8285,0.942,0.7742,0.6087,0.9541,0.7171,0.6215,0.59,0.6074,0.8533,0.5602,0.6107,0.7718,0.4979,0.5446,0.3759,0.5846,0.6782,0.5809,0.526,0.3062,0.4808,0.2533,0.5291,0.3024,0.2051,0.1592,0.3486,
1.0,0.9988,0.966,0.9648,0.9728,0.9977,0.9957,0.9901,0.9848,0.9204,0.733,0.9337,0.9059,0.836,0.7984,0.8567,0.6838,0.8222,0.9405,0.7877,0.6047,0.9512,0.7222,0.6222,0.6059,0.6077,0.8635,0.5684,0.6122,0.7826,0.5,0.5398,0.39,0.5824,0.6715,0.5753,0.5214,0.3136,0.4886,0.2528,0.5317,0.3097,0.2014,0.1616,0.3557,
1.0,0.9987,0.9668,0.9655,0.9704,0.9971,0.9947,0.9887,0.9835,0.9233,0.7363,0.9305,0.9058,0.8407,0.7983,0.8549,0.6831,0.8285,0.9447,0.7805,0.6188,0.9532,0.7276,0.6318,0.6154,0.6195,0.8544,0.5736,0.6218,0.7729,0.5019,0.5553,0.3903,0.5845,0.6706,0.5887,0.5218,0.3115,0.4794,0.2552,0.5224,0.3064,0.204,0.1655,0.3505,
1.0,0.9988,0.9671,0.9659,0.9735,0.998,0.9959,0.99,0.9842,0.9193,0.7325,0.9334,0.9032,0.8394,0.8003,0.8531,0.6885,0.8256,0.9354,0.7836,0.6055,0.9516,0.7217,0.6258,0.6089,0.6085,0.8589,0.564,0.6171,0.7827,0.4997,0.5475,0.3938,0.5898,0.6735,0.5748,0.5157,0.3089,0.4807,0.2578,0.5297,0.3061,0.2069,0.1685,0.3556,
1.0,0.9985,0.9682,0.9667,0.9655,0.9966,0.9938,0.9898,0.9845,0.9222,0.7331,0.9263,0.9046,0.8393,0.7994,0.85,0.6824,0.8246,0.9384,0.7748,0.6122,0.9518,0.7232,0.6231,0.6048,0.6052,0.8541,0.5586,0.6197,0.7716,0.4899,0.5412,0.378,0.5835,0.6745,0.5806,0.5192,0.306,0.4726,0.2572,0.5157,0.2978,0.2018,0.1603,0.3512,
1.0,0.9991,0.9666,0.9657,0.9691,0.9972,0.9957,0.9915,0.986,0.9312,0.7402,0.9295,0.9162,0.8367,0.7974,0.8621,0.682,0.8241,0.942,0.7884,0.6126,0.9524,0.7263,0.617,0.6012,0.6111,0.8585,0.5649,0.629,0.788,0.5064,0.5478,0.3729,0.5858,0.6713,0.589,0.5131,0.3039,0.4771,0.2619,0.5197,0.3099,0.2049,0.1526,0.3533,
1.0,0.9995,0.9695,0.969,0.9696,0.998,0.9962,0.9901,0.9848,0.9322,0.7471,0.9332,0.9156,0.8443,0.8058,0.8657,0.6942,0.8308,0.9385,0.7915,0.6219,0.9518,0.7291,0.6303,0.61,0.6254,0.8592,0.58,0.6255,0.7878,0.5157,0.5596,0.3898,0.5887,0.6806,0.5918,0.5226,0.3201,0.4799,0.2644,0.5301,0.322,0.2161,0.1632,0.359,
1.0,0.9991,0.9693,0.9684,0.9689,0.9963,0.994,0.9912,0.9852,0.9201,0.7341,0.9326,0.9043,0.8397,0.8002,0.8549,0.6862,0.8244,0.9384,0.7781,0.6049,0.9487,0.7157,0.622,0.602,0.6111,0.8598,0.5716,0.6162,0.7775,0.5001,0.5543,0.385,0.5799,0.6657,0.5716,0.525,0.3159,0.4749,0.2608,0.5268,0.3054,0.2026,0.1624,0.3551,
1.0,0.9993,0.9668,0.9661,0.9697,0.9974,0.9962,0.9913,0.9841,0.9265,0.7395,0.9304,0.9112,0.843,0.8083,0.8584,0.6895,0.83,0.9399,0.7879,0.6127,0.9542,0.7252,0.6237,0.6066,0.62,0.8573,0.5735,0.62,0.793,0.5129,0.5533,0.3863,0.5932,0.6688,0.5765,0.5152,0.3227,0.4834,0.264,0.5188,0.3168,0.2143,0.1617,0.363,
1.0,0.9993,0.9682,0.9675,0.9689,0.9968,0.9952,0.9916,0.9864,0.9183,0.7329,0.9308,0.9024,0.8412,0.8044,0.8507,0.6871,0.8282,0.9427,0.7754,0.6079,0.9509,0.7148,0.6269,0.6033,0.6094,0.8534,0.5639,0.6186,0.7735,0.4962,0.5524,0.3901,0.5864,0.6775,0.5785,0.5202,0.3155,0.4689,0.257,0.5198,0.3052,0.1978,0.1616,0.3545,
1.0,0.9994,0.9693,0.9687,0.9687,0.9962,0.9944,0.9903,0.9841,0.9241,0.7378,0.9325,0.9069,0.8399,0.8005,0.8578,0.6864,0.8249,0.9404,0.786,0.617,0.9506,0.7243,0.6264,0.6018,0.6128,0.8599,0.568,0.6187,0.7768,0.5001,0.5496,0.3888,0.59,0.6761,0.5827,0.5187,0.3139,0.4806,0.2595,0.5238,0.3108,0.2031,0.1616,0.3609,
1.0,0.9988,0.9673,0.9661,0.9693,0.9977,0.9962,0.9923,0.9862,0.9237,0.736,0.931,0.9108,0.8382,0.7976,0.8559,0.6845,0.8256,0.9436,0.7824,0.6108,0.9541,0.719,0.6223,0.6061,0.6172,0.8618,0.5774,0.6186,0.7774,0.4992,0.5635,0.386,0.589,0.676,0.5823,0.5243,0.3206,0.4777,0.2599,0.5356,0.2978,0.2014,0.1708,0.3494,
1.0,0.9988,0.9688,0.9676,0.9697,0.9972,0.9952,0.991,0.9852,0.9229,0.7316,0.9322,0.9079,0.8346,0.7983,0.8576,0.6786,0.8216,0.941,0.7791,0.6067,0.9541,0.7232,0.6162,0.6074,0.61,0.8552,0.5622,0.6221,0.7829,0.4995,0.5471,0.3856,0.5884,0.6766,0.5805,0.5246,0.3138,0.4806,0.2588,0.5287,0.3079,0.2083,0.1659,0.353,
1.0,0.9991,0.967,0.9661,0.97,0.9973,0.996,0.9922,0.9876,0.923,0.735,0.9305,0.9083,0.8327,0.7988,0.8555,0.6822,0.821,0.9432,0.7831,0.6076,0.9552,0.7212,0.6208,0.6036,0.6117,0.8592,0.5607,0.6168,0.7825,0.5039,0.5457,0.3882,0.594,0.6793,0.5826,0.5272,0.3136,0.4848,0.2562,0.5197,0.3093,0.2024,0.1667,0.3575,
1.0,0.9989,0.969,0.9679,0.968,0.9968,0.9947,0.9911,0.9865,0.9222,0.7364,0.9308,0.9069,0.84,0.8026,0.8531,0.6866,0.8276,0.9398,0.7793,0.6112,0.9533,0.7226,0.6234,0.6115,0.6141,0.8572,0.5653,0.6181,0.7746,0.4996,0.5474,0.3884,0.5859,0.6796,0.5808,0.5196,0.3217,0.4788,0.2529,0.5276,0.3093,0.2061,0.1625,0.3538,
1.0,0.9987,0.9662,0.9649,0.9683,0.9976,0.9953,0.9894,0.9841,0.9196,0.7342,0.9272,0.9026,0.841,0.802,0.849,0.6844,0.8273,0.94,0.7753,0.6104,0.9514,0.7207,0.6231,0.608,0.6155,0.8545,0.5739,0.6187,0.7805,0.4909,0.5556,0.383,0.5902,0.6791,0.5831,0.5224,0.3125,0.488,0.2573,0.5221,0.3088,0.2061,0.1683,0.3566,
1.0,0.9991,0.9679,0.967,0.9701,0.9979,0.9965,0.9899,0.9844,0.9253,0.7409,0.932,0.9095,0.8449,0.8088,0.8597,0.6947,0.8317,0.9398,0.7883,0.6116,0.9525,0.7187,0.6233,0.6004,0.6128,0.8581,0.5639,0.6235,0.7801,0.5062,0.5441,0.3819,0.5952,0.6821,0.5855,0.5274,0.3142,0.4864,0.2634,0.5323,0.3206,0.2133,0.1605,0.3696,
1.0,0.9984,0.9671,0.9655,0.9699,0.9977,0.995,0.9901,0.985,0.9245,0.7403,0.9309,0.9099,0.8436,0.8043,0.8558,0.6818,0.8308,0.9402,0.7787,0.6144,0.953,0.7277,0.6237,0.6113,0.6192,0.853,0.5724,0.6246,0.7822,0.5048,0.5551,0.3854,0.5842,0.6738,0.5843,0.5101,0.3214,0.4761,0.2597,0.5238,0.3074,0.2064,0.1618,0.3471,
1.0,0.9992,0.9657,0.9649,0.9712,0.9977,0.9954,0.9895,0.9848,0.929,0.7399,0.9308,0.9117,0.8387,0.7997,0.8613,0.6878,0.8257,0.9407,0.794,0.6166,0.9526,0.7284,0.6255,0.6119,0.6215,0.8582,0.5726,0.6234,0.7833,0.5145,0.5483,0.3948,0.5875,0.6708,0.5964,0.517,0.32,0.4858,0.2561,0.5214,0.3221,0.2097,0.1647,0.3563,
1.0,0.9987,0.9652,0.9639,0.9691,0.9961,0.9936,0.9898,0.9851,0.9253,0.7339,0.9267,0.907,0.835,0.7958,0.8532,0.6786,0.8223,0.9416,0.7839,0.6069,0.9505,0.726,0.617,0.6115,0.6094,0.8581,0.5604,0.6264,0.7867,0.5,0.5457,0.3869,0.5929,0.6749,0.583,0.5137,0.3108,0.4902,0.2627,0.5261,0.3106,0.2073,0.1609,0.36,
1.0,0.999,0.9685,0.9675,0.9697,0.9965,0.9944,0.991,0.9857,0.9286,0.7414,0.9304,0.9114,0.84,0.8009,0.8601,0.6886,0.827,0.9406,0.7863,0.6123,0.9498,0.7212,0.6205,0.6012,0.6172,0.8565,0.5681,0.6192,0.7883,0.5039,0.5527,0.3881,0.592,0.6773,0.5802,0.5233,0.3129,0.4874,0.2604,0.5367,0.3203,0.2092,0.1624,0.3601,
1.0,0.9986,0.9673,0.9659,0.9721,0.9976,0.9945,0.9896,0.9855,0.9216,0.7366,0.9315,0.9046,0.8396,0.8018,0.8544,0.6856,0.8272,0.9439,0.7799,0.6057,0.9539,0.716,0.619,0.6027,0.6159,0.8545,0.5667,0.613,0.7801,0.5067,0.5488,0.3901,0.5959,0.6737,0.5791,0.52,0.3166,0.4831,0.2556,0.522,0.313,0.2087,0.1663,0.3541,
1.0,0.9989,0.9717,0.9706,0.9704,0.9971,0.9956,0.993,0.9871,0.9259,0.7405,0.9359,0.9129,0.8384,0.8036,0.8622,0.6849,0.8277,0.9438,0.7825,0.6084,0.9561,0.7199,0.6187,0.6018,0.6198,0.8583,0.569,0.613,0.7904,0.5139,0.5567,0.3993,0.5928,0.6703,0.5709,0.5216,0.3233,0.481,0.2545,0.5233,0.3218,0.2139,0.1607,0.3585,
1.0,0.9988,0.9693,0.9681,0.9697,0.9972,0.995,0.9895,0.9846,0.9231,0.7336,0.9328,0.907,0.8378,0.8008,0.8567,0.6815,0.8248,0.941,0.7812,0.6031,0.9519,0.7134,0.6167,0.6013,0.6106,0.8512,0.5698,0.6109,0.7847,0.5091,0.5551,0.3868,0.5923,0.6779,0.5778,0.523,0.3177,0.4768,0.2576,0.5152,0.3196,0.2093,0.162,0.3512,
1.0,0.9985,0.9719,0.9704,0.968,0.9964,0.9935,0.9894,0.9837,0.9211,0.733,0.9324,0.9031,0.8399,0.7984,0.8541,0.685,0.8263,0.9384,0.78,0.6044,0.9497,0.7149,0.6201,0.6063,0.6103,0.8558,0.5675,0.6175,0.7773,0.5024,0.5545,0.3857,0.5965,0.6744,0.5747,0.521,0.3199,0.4837,0.2603,0.5327,0.3129,0.2081,0.1618,0.3552,
1.0,0.9985,0.9679,0.9664,0.9704,0.9962,0.9942,0.9894,0.9822,0.9223,0.7257,0.9318,0.9048,0.8331,0.7933,0.855,0.6755,0.8193,0.94,0.783,0.603,0.95,0.7198,0.6177,0.6037,0.6106,0.856,0.559,0.6146,0.7762,0.4985,0.5421,0.3855,0.5871,0.6727,0.5764,0.5179,0.316,0.4746,0.2467,0.5175,0.3036,0.209,0.1602,0.3457,
1.0,0.9989,0.9637,0.9626,0.9682,0.9965,0.9946,0.9903,0.9832,0.9254,0.7339,0.9253,0.9081,0.8365,0.7982,0.8514,0.6801,0.8214,0.9386,0.7844,0.608,0.9503,0.7199,0.6116,0.5946,0.6122,0.8535,0.5576,0.6163,0.7786,0.4983,0.5407,0.374,0.5827,0.6694,0.5851,0.5231,0.3041,0.4723,0.261,0.5171,0.299,0.1982,0.159,0.3463,
1.0,0.999,0.9668,0.9658,0.9719,0.9974,0.9948,0.9885,0.9829,0.9208,0.7265,0.9324,0.9033,0.8312,0.7893,0.8543,0.6684,0.8164,0.9382,0.7771,0.6052,0.9525,0.7227,0.6177,0.6111,0.6057,0.8508,0.5607,0.6188,0.7807,0.5048,0.5426,0.3896,0.5834,0.6658,0.5805,0.5192,0.3175,0.4806,0.2529,0.5247,0.3083,0.1998,0.1676,0.3512,
1.0,0.9986,0.9664,0.965,0.9705,0.9983,0.9962,0.9897,0.9839,0.9228,0.7343,0.9302,0.9072,0.8376,0.7977,0.8554,0.6834,0.8241,0.9419,0.7851,0.6127,0.9541,0.7247,0.6244,0.6054,0.6137,0.8572,0.5657,0.6195,0.7815,0.5122,0.5514,0.3976,0.5921,0.6779,0.582,0.5214,0.3142,0.488,0.2592,0.5257,0.3182,0.2104,0.1638,0.3556,
1.0,0.9991,0.9671,0.9662,0.9725,0.9982,0.9965,0.9922,0.986,0.9199,0.7387,0.9328,0.9057,0.8396,0.8012,0.8534,0.6858,0.8265,0.9377,0.7818,0.6088,0.959,0.7223,0.6249,0.6099,0.6089,0.8592,0.5636,0.6113,0.781,0.5002,0.5422,0.3891,0.5871,0.6689,0.5794,0.5183,0.3119,0.4764,0.2599,0.5173,0.3033,0.2013,0.1592,0.3478,
1.0,0.9987,0.9665,0.9652,0.9702,0.9976,0.9957,0.9904,0.9853,0.9161,0.7321,0.9298,0.9001,0.8387,0.8022,0.8475,0.6823,0.8279,0.9437,0.7756,0.6001,0.9513,0.7093,0.6168,0.6013,0.6125,0.8531,0.569,0.6086,0.7787,0.4969,0.5509,0.3916,0.5983,0.6771,0.5712,0.5169,0.3195,0.4791,0.2549,0.5175,0.3173,0.2084,0.16,0.3596,
1.0,0.9989,0.9639,0.9628,0.973,0.9975,0.9953,0.9883,0.9833,0.9229,0.7423,0.9308,0.905,0.8444,0.802,0.8571,0.683,0.8306,0.94,0.7827,0.6138,0.9518,0.7234,0.6251,0.6125,0.621,0.8558,0.5729,0.6235,0.781,0.5074,0.5568,0.3909,0.5949,0.678,0.5866,0.5248,0.3205,0.4772,0.2677,0.5202,0.3197,0.2077,0.1584,0.3559,
1.0,0.9991,0.9704,0.9695,0.9712,0.9973,0.9953,0.9895,0.9845,0.9242,0.7382,0.9347,0.9063,0.8391,0.8012,0.8594,0.6869,0.8261,0.9381,0.7856,0.612,0.9554,0.7277,0.6262,0.615,0.6138,0.8567,0.5674,0.6238,0.7835,0.5163,0.5523,0.395,0.5962,0.6824,0.5861,0.5158,0.3146,0.4828,0.2598,0.5291,0.3222,0.2162,0.1622,0.3567,
1.0,0.9993,0.9671,0.9664,0.9702,0.9983,0.9967,0.99,0.9859,0.9267,0.7422,0.9305,0.9099,0.8409,0.8023,0.859,0.6891,0.83,0.9429,0.7861,0.6182,0.9541,0.7287,0.6278,0.6163,0.6195,0.8582,0.5654,0.63,0.7843,0.51,0.5537,0.3928,0.5983,0.6793,0.5948,0.5211,0.3136,0.4863,0.2655,0.5279,0.3175,0.2058,0.162,0.3618,
1.0,0.9989,0.9671,0.966,0.9716,0.9983,0.9964,0.9918,0.9853,0.9262,0.7412,0.9324,0.9128,0.8397,0.8001,0.8592,0.682,0.8266,0.9433,0.7811,0.6142,0.9567,0.7232,0.6222,0.6069,0.6205,0.8595,0.5756,0.622,0.7906,0.5168,0.5565,0.3854,0.5965,0.6774,0.5822,0.5251,0.3244,0.48,0.2604,0.5218,0.3203,0.2141,0.1612,0.3526,
1.0,0.9984,0.9667,0.9651,0.9717,0.9965,0.9938,0.99,0.9855,0.9279,0.7486,0.9317,0.9116,0.8459,0.8091,0.8616,0.6944,0.8345,0.9407,0.7924,0.6176,0.9547,0.7308,0.624,0.6087,0.6228,0.864,0.5735,0.6238,0.7897,0.5111,0.5523,0.3929,0.5922,0.6709,0.5869,0.5295,0.3162,0.4864,0.2664,0.5261,0.3205,0.2061,0.1665,0.3597,
1.0,0.9989,0.9668,0.9657,0.9669,0.9975,0.9957,0.9911,0.9857,0.9235,0.7347,0.9279,0.9093,0.8397,0.8033,0.8534,0.6879,0.8278,0.9383,0.7832,0.6064,0.9514,0.7177,0.6152,0.6051,0.6114,0.8632,0.5687,0.6191,0.7827,0.4978,0.5495,0.3829,0.5888,0.668,0.5771,0.5218,0.3198,0.4826,0.2603,0.5232,0.3082,0.2088,0.1615,0.356,
1.0,0.9994,0.9708,0.9702,0.9697,0.9975,0.9963,0.9921,0.9858,0.9256,0.7383,0.9339,0.9098,0.8394,0.8033,0.8598,0.6912,0.8264,0.9374,0.7869,0.6078,0.9545,0.7201,0.6215,0.6074,0.6143,0.8569,0.5636,0.6239,0.7852,0.4988,0.5524,0.3831,0.6028,0.6874,0.5815,0.5206,0.3066,0.4777,0.2636,0.5327,0.3082,0.2125,0.158,0.3575,
1.0,0.9989,0.9656,0.9645,0.969,0.9972,0.9949,0.9901,0.9852,0.9185,0.7344,0.9274,0.9014,0.84,0.8009,0.8472,0.6807,0.8275,0.9422,0.7727,0.6095,0.9543,0.7228,0.623,0.6069,0.6119,0.8519,0.5643,0.6176,0.7761,0.4976,0.5532,0.3885,0.5938,0.6826,0.5868,0.521,0.3143,0.478,0.2595,0.5189,0.3049,0.2045,0.1688,0.3589,
1.0,0.9989,0.97,0.9689,0.9701,0.998,0.9962,0.9909,0.9859,0.9191,0.7361,0.9335,0.904,0.8407,0.8061,0.8536,0.6854,0.828,0.9441,0.7728,0.6178,0.9528,0.7227,0.6298,0.6142,0.6155,0.8541,0.5659,0.6276,0.7838,0.5091,0.5585,0.3995,0.5988,0.6779,0.5837,0.5221,0.3162,0.474,0.263,0.522,0.3119,0.2099,0.1675,0.3541,
1.0,0.9987,0.9685,0.9672,0.9693,0.9978,0.9961,0.99,0.9845,0.9204,0.7265,0.9313,0.9049,0.8328,0.7943,0.8537,0.676,0.8206,0.934,0.7763,0.595,0.9515,0.7122,0.6104,0.6014,0.6005,0.8526,0.5499,0.6164,0.7775,0.4952,0.5414,0.3827,0.5953,0.6766,0.5766,0.5166,0.306,0.4819,0.2532,0.5264,0.3118,0.2049,0.1631,0.3554,
1.0,0.9986,0.9687,0.9673,0.9702,0.9972,0.9948,0.9918,0.9865,0.9243,0.7346,0.9329,0.9109,0.8349,0.7978,0.8578,0.683,0.823,0.9399,0.7831,0.6073,0.9561,0.7277,0.6204,0.6077,0.604,0.8615,0.5628,0.6233,0.7878,0.4977,0.551,0.3892,0.5969,0.6757,0.5824,0.5183,0.3042,0.4806,0.2619,0.5209,0.3126,0.2058,0.1611,0.3532,
1.0,0.9989,0.9671,0.966,0.9703,0.9966,0.9948,0.9903,0.9845,0.924,0.7411,0.931,0.9077,0.8423,0.803,0.8564,0.6862,0.8294,0.9412,0.7845,0.6116,0.9509,0.7183,0.6233,0.6052,0.6162,0.8561,0.5757,0.6216,0.7821,0.5042,0.5585,0.382,0.5867,0.6745,0.5814,0.52,0.3209,0.4786,0.2631,0.5249,0.3059,0.2071,0.161,0.354,
1.0,0.999,0.9697,0.9687,0.9701,0.9978,0.9954,0.9904,0.9852,0.9198,0.7268,0.9341,0.9046,0.8323,0.7979,0.8555,0.6797,0.8193,0.9418,0.7814,0.6093,0.9533,0.7278,0.6243,0.6195,0.6075,0.8557,0.562,0.63,0.7811,0.5025,0.5458,0.3911,0.5927,0.6767,0.59,0.5244,0.3172,0.4766,0.2636,0.5246,0.3115,0.2038,0.1681,0.3454,
1.0,0.9985,0.9687,0.9672,0.9712,0.9977,0.9954,0.9916,0.9858,0.9264,0.7417,0.9321,0.9112,0.8392,0.8017,0.8594,0.6899,0.8259,0.9428,0.7885,0.6141,0.955,0.7256,0.6263,0.6109,0.6192,0.862,0.5725,0.6265,0.79,0.5162,0.561,0.3912,0.5885,0.6765,0.5809,0.5197,0.3157,0.481,0.2641,0.5211,0.3156,0.2216,0.1649,0.3626,
1.0,0.9987,0.9679,0.9666,0.9694,0.9967,0.9946,0.9898,0.9843,0.9225,0.7389,0.9313,0.9057,0.844,0.8053,0.8549,0.685,0.831,0.941,0.7802,0.6106,0.9515,0.7142,0.6215,0.594,0.6118,0.8485,0.569,0.6195,0.777,0.5077,0.5571,0.3809,0.5852,0.6758,0.5763,0.5209,0.3156,0.4779,0.2628,0.532,0.3029,0.2114,0.1644,0.3583,
1.0,0.9988,0.9697,0.9685,0.969,0.9983,0.9967,0.9904,0.9837,0.9255,0.7399,0.9325,0.9107,0.8412,0.8046,0.8595,0.6892,0.8283,0.9431,0.7869,0.6174,0.9544,0.7232,0.6276,0.607,0.6216,0.8589,0.5675,0.62,0.7831,0.5116,0.5533,0.3879,0.591,0.6742,0.5836,0.5288,0.3175,0.476,0.265,0.5175,0.3086,0.2036,0.1647,0.3485,
1.0,0.9991,0.9644,0.9635,0.9694,0.9974,0.9953,0.991,0.9856,0.9235,0.7393,0.927,0.9073,0.8421,0.8038,0.8526,0.6834,0.829,0.9393,0.7806,0.6138,0.9524,0.7265,0.6239,0.6078,0.6153,0.8555,0.5674,0.624,0.781,0.5079,0.546,0.3869,0.5841,0.6726,0.5861,0.5174,0.3144,0.4774,0.2575,0.522,0.3148,0.2058,0.1635,0.3554,
1.0,0.9991,0.9657,0.9648,0.9721,0.998,0.9963,0.9912,0.9869,0.9247,0.7397,0.9308,0.9093,0.8378,0.8014,0.8565,0.6859,0.8259,0.9417,0.7858,0.611,0.9519,0.7211,0.6226,0.6072,0.6174,0.8572,0.5701,0.62,0.7872,0.514,0.5543,0.3996,0.5909,0.6764,0.5851,0.5268,0.3219,0.4784,0.2635,0.5198,0.3215,0.2165,0.1689,0.3576,
1.0,0.9991,0.967,0.9661,0.9707,0.9972,0.9956,0.9914,0.9857,0.9221,0.7384,0.9316,0.9076,0.8408,0.8049,0.8564,0.6914,0.8273,0.9432,0.7871,0.6115,0.9504,0.7201,0.6265,0.6078,0.6155,0.8627,0.5713,0.6227,0.7825,0.5029,0.5536,0.3919,0.5944,0.6774,0.5819,0.5245,0.3191,0.482,0.2649,0.5289,0.3059,0.2052,0.167,0.357,
1.0,0.9991,0.9661,0.9652,0.9673,0.9971,0.9954,0.9925,0.9877,0.9223,0.73,0.9283,0.9087,0.8342,0.8008,0.8514,0.684,0.8223,0.9422,0.7826,0.6087,0.9549,0.7247,0.6185,0.6105,0.6128,0.861,0.5669,0.6163,0.7803,0.5008,0.5511,0.3901,0.5924,0.6748,0.5856,0.5209,0.313,0.4746,0.2609,0.5202,0.3094,0.2134,0.1652,0.3467,
1.0,0.9992,0.9668,0.966,0.9703,0.9972,0.9955,0.9908,0.9863,0.9213,0.7341,0.9294,0.904,0.8371,0.7987,0.8511,0.6831,0.8245,0.9405,0.7792,0.606,0.9522,0.72,0.6178,0.6093,0.6123,0.8532,0.5683,0.614,0.7842,0.503,0.5534,0.3913,0.5856,0.675,0.5789,0.5262,0.3201,0.4715,0.2618,0.52,0.309,0.2105,0.1677,0.3542,
1.0,0.9982,0.9697,0.9679,0.969,0.9969,0.9942,0.9901,0.9854,0.926,0.7421,0.9319,0.9105,0.8427,0.8094,0.8586,0.6935,0.8304,0.9386,0.7898,0.6161,0.9484,0.7246,0.6275,0.6057,0.6221,0.8591,0.5692,0.6216,0.7888,0.5,0.5544,0.3882,0.591,0.6676,0.5762,0.5102,0.315,0.4822,0.264,0.5221,0.3128,0.1991,0.1661,0.3551,
1.0,0.9994,0.9688,0.9682,0.9726,0.9976,0.9956,0.9906,0.9854,0.9212,0.7321,0.9355,0.906,0.8337,0.797,0.8586,0.6839,0.8205,0.9402,0.7847,0.6063,0.9517,0.717,0.624,0.6077,0.6125,0.8541,0.5695,0.6133,0.7831,0.5014,0.5539,0.3887,0.5815,0.671,0.5763,0.5127,0.3085,0.4821,0.25,0.5325,0.3075,0.2135,0.1646,0.3499,
1.0,0.9983,0.9671,0.9654,0.9682,0.9975,0.9947,0.9895,0.9839,0.9168,0.7258,0.9278,0.9001,0.8359,0.7962,0.8457,0.6759,0.8228,0.9403,0.7711,0.6064,0.9488,0.7148,0.6189,0.6093,0.6074,0.8517,0.5642,0.6172,0.7723,0.4844,0.5499,0.3843,0.5881,0.6625,0.5769,0.5145,0.3106,0.4776,0.2539,0.5136,0.2947,0.1945,0.1642,0.3499,
1.0,0.9989,0.9686,0.9675,0.9682,0.9975,0.9951,0.9911,0.9867,0.925,0.7388,0.9299,0.9097,0.8403,0.8038,0.8577,0.6915,0.8276,0.9407,0.7852,0.6122,0.9538,0.7241,0.6204,0.6108,0.6182,0.8584,0.5704,0.6218,0.7796,0.4975,0.5542,0.3893,0.5892,0.6768,0.5862,0.5178,0.3139,0.4842,0.2551,0.525,0.3108,0.2021,0.1669,0.3588,
1.0,0.9994,0.9673,0.9667,0.9715,0.9977,0.9961,0.9906,0.9842,0.9242,0.7407,0.934,0.91,0.8399,0.8016,0.8589,0.6809,0.8254,0.9355,0.7819,0.6136,0.9514,0.726,0.6242,0.6087,0.6088,0.8546,0.5593,0.6284,0.7872,0.4973,0.5482,0.3838,0.5899,0.6729,0.5815,0.5166,0.3113,0.4765,0.2698,0.5189,0.3099,0.2131,0.1561,0.3543,
1.0,0.9988,0.9684,0.9672,0.9682,0.9973,0.9948,0.9897,0.9852,0.9238,0.7379,0.9288,0.906,0.8423,0.8031,0.8528,0.6868,0.8306,0.9436,0.7763,0.6155,0.9542,0.7261,0.6282,0.6086,0.6147,0.8527,0.5683,0.6255,0.7805,0.5051,0.5549,0.3836,0.5907,0.6788,0.5894,0.5273,0.3185,0.4746,0.27,0.522,0.3122,0.2059,0.1653,0.3548,
1.0,0.9985,0.968,0.9665,0.9699,0.9968,0.9948,0.991,0.9852,0.9216,0.7336,0.9312,0.9059,0.8369,0.7981,0.8538,0.6812,0.8238,0.9408,0.7797,0.6049,0.9511,0.7171,0.6192,0.6067,0.6118,0.8593,0.563,0.6144,0.78,0.4975,0.5503,0.3869,0.5892,0.6788,0.5798,0.5256,0.3123,0.4814,0.2569,0.5276,0.3125,0.2077,0.1643,0.3578,
1.0,0.9988,0.9679,0.9667,0.9727,0.9973,0.9954,0.9906,0.9846,0.9238,0.7408,0.9336,0.9076,0.8415,0.8024,0.8594,0.6874,0.8288,0.9422,0.7861,0.6161,0.9528,0.7207,0.63,0.6043,0.6147,0.8559,0.5702,0.6216,0.7844,0.5178,0.5597,0.39,0.5901,0.6815,0.5829,0.5212,0.3259,0.4799,0.2676,0.5307,0.3167,0.2103,0.1639,0.348,
1.0,0.9985,0.9649,0.9634,0.9691,0.9973,0.9952,0.9904,0.9831,0.922,0.7314,0.9273,0.9068,0.8377,0.7985,0.8513,0.6793,0.8237,0.9387,0.7826,0.6118,0.9559,0.7265,0.6218,0.6087,0.6093,0.8563,0.5635,0.6165,0.7798,0.4988,0.543,0.3902,0.5864,0.6697,0.5871,0.5221,0.3121,0.4786,0.2539,0.5163,0.3087,0.2033,0.1689,0.3486,
1.0,0.9988,0.9677,0.9665,0.9723,0.9974,0.9953,0.9903,0.9835,0.9252,0.7346,0.9336,0.9094,0.8356,0.7934,0.8608,0.6798,0.8203,0.939,0.7871,0.6093,0.9488,0.7201,0.623,0.607,0.613,0.8593,0.5615,0.6241,0.7811,0.4963,0.544,0.3827,0.5843,0.6742,0.5865,0.5236,0.3054,0.4738,0.266,0.5298,0.3073,0.2075,0.1652,0.3509,
1.0,0.9991,0.9688,0.9679,0.9665,0.9969,0.995,0.9915,0.9854,0.9278,0.7386,0.9305,0.9132,0.8393,0.8018,0.8593,0.6851,0.826,0.9403,0.7854,0.6147,0.9549,0.7279,0.6205,0.6068,0.6155,0.8594,0.5681,0.6242,0.7806,0.5056,0.5501,0.3901,0.5898,0.6721,0.5891,0.521,0.3149,0.4802,0.2614,0.5251,0.3126,0.2135,0.1646,0.356,
1.0,0.9987,0.9641,0.9628,0.9682,0.9974,0.9954,0.9913,0.9854,0.9219,0.7301,0.9257,0.9063,0.8362,0.7982,0.8488,0.6805,0.8218,0.941,0.7787,0.6103,0.9517,0.7181,0.6189,0.6061,0.6103,0.8561,0.5641,0.62,0.7759,0.4961,0.5466,0.3871,0.5888,0.6786,0.5863,0.5212,0.3136,0.4837,0.2618,0.527,0.3063,0.2087,0.1694,0.3506,
1.0,0.9984,0.968,0.9664,0.9716,0.9976,0.9945,0.9902,0.9859,0.9242,0.7419,0.9324,0.9081,0.8418,0.8023,0.8576,0.6837,0.8296,0.9398,0.781,0.6069,0.9526,0.7175,0.6194,0.6107,0.6217,0.8559,0.5682,0.6215,0.7815,0.5,0.5537,0.3856,0.5916,0.673,0.5758,0.5132,0.3178,0.4832,0.2604,0.5213,0.3083,0.2078,0.1561,0.3561,
1.0,0.9992,0.967,0.9662,0.9663,0.9972,0.9954,0.9914,0.9852,0.9244,0.7373,0.9275,0.9091,0.8423,0.8026,0.8528,0.6843,0.828,0.9397,0.7772,0.6104,0.9536,0.7199,0.6165,0.5977,0.6145,0.8571,0.57,0.6177,0.7789,0.4967,0.5572,0.3815,0.5958,0.6742,0.5787,0.5193,0.315,0.4808,0.261,0.521,0.3049,0.2017,0.1614,0.3584,
1.0,0.9988,0.9671,0.9659,0.9688,0.9975,0.9959,0.9897,0.9839,0.927,0.7399,0.9288,0.9099,0.8413,0.7996,0.8563,0.682,0.828,0.9378,0.7817,0.6094,0.9487,0.7186,0.618,0.6017,0.6147,0.8524,0.5651,0.6227,0.7803,0.4947,0.5497,0.3803,0.5935,0.6722,0.5811,0.5132,0.3104,0.4773,0.2574,0.5244,0.3138,0.2074,0.1632,0.3565,
1.0,0.9987,0.9684,0.9671,0.9692,0.9979,0.9957,0.9899,0.9851,0.9234,0.7374,0.9312,0.9085,0.8409,0.8031,0.857,0.6844,0.8278,0.9399,0.7774,0.6135,0.9535,0.7231,0.6259,0.6027,0.6106,0.8551,0.562,0.6194,0.778,0.5001,0.5472,0.3876,0.5855,0.6785,0.58,0.5162,0.3154,0.4747,0.2543,0.5275,0.3102,0.2069,0.1645,0.3528,
1.0,0.9992,0.9667,0.9659,0.9683,0.9974,0.996,0.9932,0.9871,0.9213,0.735,0.9291,0.908,0.8392,0.8019,0.8515,0.6835,0.8268,0.9441,0.7783,0.6092,0.9556,0.7169,0.6217,0.604,0.615,0.8566,0.5684,0.6178,0.7801,0.4946,0.555,0.3842,0.595,0.676,0.5801,0.519,0.3189,0.4825,0.2635,0.5205,0.3056,0.208,0.1633,0.3587,
1.0,0.9991,0.9645,0.9636,0.9712,0.9979,0.9961,0.9916,0.9862,0.9227,0.7406,0.93,0.9086,0.841,0.8056,0.8535,0.6905,0.8275,0.941,0.7893,0.6175,0.9567,0.728,0.627,0.6158,0.62,0.8603,0.5771,0.6251,0.7801,0.5049,0.5529,0.3969,0.593,0.6862,0.5881,0.5283,0.3142,0.4893,0.2714,0.531,0.3165,0.211,0.1674,0.3609,
1.0,0.9992,0.9671,0.9663,0.9706,0.9983,0.9967,0.9897,0.9846,0.9273,0.7419,0.9316,0.9112,0.8421,0.8033,0.8601,0.6838,0.8292,0.9397,0.7834,0.6239,0.9512,0.7345,0.6312,0.6156,0.6185,0.8544,0.5674,0.6353,0.7897,0.5062,0.5544,0.3964,0.6021,0.6765,0.5952,0.522,0.3177,0.4872,0.2745,0.5282,0.3177,0.2142,0.1732,0.3671,
1.0,0.9988,0.9664,0.9652,0.971,0.9966,0.9942,0.9898,0.9856,0.9236,0.7397,0.9318,0.9076,0.8409,0.8032,0.8565,0.6807,0.829,0.9394,0.7817,0.61,0.9516,0.7233,0.6214,0.6049,0.6137,0.8559,0.5685,0.6172,0.786,0.5032,0.5458,0.3768,0.5825,0.6625,0.5847,0.5154,0.31,0.4755,0.2619,0.5144,0.3074,0.1974,0.1534,0.3468,
1.0,0.9991,0.9634,0.9625,0.9718,0.997,0.995,0.9909,0.9848,0.9202,0.7369,0.9291,0.9048,0.8391,0.7996,0.8502,0.6809,0.8233,0.9391,0.7798,0.6087,0.9507,0.7186,0.619,0.6007,0.6088,0.8553,0.5638,0.6148,0.7804,0.493,0.541,0.3816,0.5889,0.6734,0.5809,0.5154,0.3099,0.4762,0.2524,0.5178,0.3028,0.2011,0.1598,0.3489,
1.0,0.9989,0.9667,0.9656,0.9694,0.9975,0.9953,0.99,0.9848,0.9229,0.7381,0.9294,0.9062,0.8419,0.8052,0.8543,0.6917,0.8295,0.9408,0.784,0.6119,0.9531,0.7117,0.6225,0.6007,0.6193,0.8545,0.5663,0.6156,0.77,0.4948,0.5511,0.3786,0.5904,0.677,0.5757,0.5265,0.3094,0.478,0.26,0.522,0.3001,0.1999,0.1597,0.3581,
1.0,0.9991,0.9647,0.9638,0.9702,0.9975,0.995,0.9906,0.9852,0.9203,0.735,0.928,0.9041,0.8408,0.8026,0.8501,0.684,0.8259,0.9379,0.7772,0.6109,0.9527,0.7202,0.6251,0.6021,0.6088,0.8539,0.565,0.6156,0.7818,0.4982,0.547,0.3844,0.593,0.6747,0.5778,0.5202,0.3149,0.4776,0.2595,0.5247,0.3108,0.2088,0.1663,0.3491,
1.0,0.999,0.9661,0.9651,0.9703,0.9968,0.9946,0.9901,0.986,0.9218,0.739,0.9308,0.9058,0.8418,0.8053,0.8544,0.6863,0.8299,0.9394,0.779,0.6082,0.9519,0.7158,0.6183,0.6049,0.6151,0.8509,0.5638,0.6189,0.7728,0.4911,0.55,0.3849,0.5937,0.672,0.5863,0.5212,0.3039,0.4786,0.264,0.5228,0.3011,0.2036,0.1627,0.3574,
1.0,0.9982,0.9681,0.9663,0.9697,0.9979,0.995,0.9893,0.9845,0.9264,0.7316,0.9299,0.9095,0.8326,0.7946,0.8574,0.6794,0.8205,0.9407,0.7857,0.6079,0.9554,0.7228,0.6162,0.6044,0.6125,0.856,0.5598,0.6153,0.782,0.5072,0.536,0.3839,0.5862,0.6704,0.58,0.5171,0.3138,0.4813,0.2499,0.5227,0.3076,0.2106,0.1618,0.3529,
1.0,0.9987,0.9694,0.9681,0.9711,0.9975,0.9956,0.9912,0.9856,0.9265,0.7394,0.9348,0.9122,0.8383,0.8003,0.8623,0.6823,0.8256,0.9397,0.7846,0.6086,0.9551,0.7228,0.6197,0.6086,0.6129,0.8534,0.56,0.6216,0.7817,0.5083,0.5461,0.3894,0.5928,0.6733,0.5842,0.5199,0.3062,0.4822,0.2604,0.5292,0.3171,0.2054,0.1611,0.3495,
1.0,0.9989,0.9677,0.9666,0.9714,0.9972,0.9953,0.9905,0.9851,0.9275,0.7425,0.9327,0.9117,0.8389,0.8025,0.8597,0.6885,0.8274,0.9401,0.7896,0.6109,0.9557,0.7278,0.6203,0.6097,0.623,0.8567,0.5671,0.6224,0.7849,0.5105,0.5502,0.3917,0.593,0.6766,0.5847,0.524,0.3166,0.4833,0.261,0.5238,0.324,0.2135,0.1719,0.3535,
1.0,0.9991,0.9658,0.9649,0.9704,0.9973,0.9955,0.9904,0.9859,0.9204,0.7326,0.9296,0.9039,0.8377,0.7999,0.8517,0.6831,0.8248,0.9399,0.7809,0.6054,0.9511,0.7188,0.6177,0.6077,0.6104,0.8607,0.5704,0.6156,0.7835,0.5079,0.5501,0.391,0.5853,0.6751,0.5815,0.5196,0.3198,0.4743,0.2584,0.5229,0.3154,0.2084,0.1579,0.3561,
1.0,0.999,0.9663,0.9653,0.9705,0.9967,0.9943,0.9905,0.9856,0.923,0.7381,0.9306,0.9068,0.8375,0.8018,0.8541,0.686,0.8233,0.9429,0.7847,0.6145,0.9511,0.7227,0.6241,0.6042,0.6164,0.853,0.5607,0.6227,0.7756,0.5036,0.5448,0.3895,0.5853,0.6783,0.587,0.5256,0.3097,0.4741,0.2671,0.5203,0.3113,0.2079,0.1678,0.3555,
1.0,0.9987,0.9691,0.9678,0.9664,0.9987,0.9965,0.9911,0.9852,0.9222,0.7329,0.9293,0.9087,0.8399,0.8002,0.852,0.6848,0.8274,0.9404,0.778,0.6097,0.956,0.7206,0.6191,0.602,0.6085,0.8606,0.568,0.6221,0.7792,0.4943,0.5538,0.3881,0.602,0.6789,0.5794,0.5148,0.3152,0.4864,0.2538,0.5275,0.3054,0.205,0.1589,0.358,
1.0,0.9993,0.9685,0.9678,0.9715,0.9979,0.9962,0.9908,0.986,0.9214,0.7367,0.9344,0.9069,0.8385,0.8036,0.8563,0.6859,0.8251,0.9421,0.782,0.6146,0.9501,0.7202,0.6303,0.6095,0.6163,0.8564,0.5661,0.6231,0.7812,0.5006,0.5479,0.389,0.5913,0.6713,0.5813,0.521,0.3118,0.4721,0.2629,0.5174,0.3052,0.1991,0.166,0.3529,
1.0,0.9992,0.9659,0.9651,0.9709,0.9978,0.9959,0.9921,0.9877,0.9228,0.7415,0.9316,0.9099,0.8406,0.8045,0.8562,0.6912,0.8283,0.9412,0.786,0.6139,0.9529,0.721,0.6257,0.6058,0.611,0.8633,0.5704,0.6203,0.7795,0.4978,0.5477,0.387,0.587,0.6671,0.5862,0.5221,0.3173,0.4838,0.2634,0.5283,0.3073,0.2077,0.1624,0.3632,
1.0,0.9986,0.9698,0.9684,0.9693,0.9967,0.9938,0.9905,0.9869,0.9249,0.7339,0.9333,0.9101,0.8341,0.7989,0.8587,0.6862,0.822,0.9436,0.7869,0.6094,0.9538,0.7264,0.6203,0.61,0.6145,0.8618,0.5693,0.6221,0.7855,0.5089,0.5545,0.3859,0.5981,0.6849,0.5897,0.5238,0.3138,0.4873,0.2585,0.5378,0.3132,0.2169,0.1693,0.3586,
1.0,0.9994,0.9667,0.9661,0.9693,0.9973,0.9958,0.9914,0.9847,0.9289,0.7373,0.93,0.913,0.8357,0.7949,0.8602,0.6791,0.8208,0.9363,0.7847,0.6088,0.9531,0.7226,0.617,0.602,0.6105,0.8527,0.5591,0.629,0.7806,0.5022,0.5443,0.3812,0.5924,0.6744,0.5849,0.519,0.3115,0.4822,0.2674,0.5308,0.3099,0.2078,0.169,0.3549,
1.0,0.9992,0.9651,0.9643,0.9689,0.9973,0.9951,0.9906,0.9848,0.9247,0.7336,0.9276,0.9085,0.8392,0.8001,0.854,0.6862,0.8238,0.9386,0.7855,0.6079,0.9497,0.7201,0.6169,0.6023,0.6098,0.862,0.5671,0.6182,0.7799,0.5017,0.5437,0.3835,0.591,0.6716,0.5794,0.5167,0.3136,0.4829,0.2577,0.5241,0.3163,0.2109,0.153,0.3601,
1.0,0.9985,0.9655,0.964,0.969,0.9966,0.9941,0.9904,0.9859,0.9259,0.7373,0.928,0.9098,0.8398,0.8036,0.8562,0.6818,0.8292,0.9446,0.7847,0.6128,0.9542,0.723,0.6202,0.6054,0.6193,0.8517,0.5721,0.6218,0.784,0.5152,0.5563,0.3903,0.597,0.6778,0.5928,0.5323,0.3214,0.4771,0.2645,0.5274,0.3227,0.2195,0.171,0.3598,
1.0,0.9991,0.9703,0.9694,0.9649,0.9969,0.9954,0.9901,0.9839,0.9267,0.731,0.9299,0.91,0.8375,0.799,0.8567,0.6792,0.8243,0.9436,0.78,0.6077,0.9524,0.7201,0.6143,0.5958,0.6125,0.8546,0.5663,0.6194,0.7848,0.5077,0.5565,0.3817,0.5958,0.6792,0.5772,0.5252,0.3148,0.4802,0.2609,0.5246,0.311,0.2065,0.1619,0.3504,
1.0,0.9988,0.9684,0.9672,0.9703,0.9976,0.9953,0.9898,0.9849,0.9191,0.7335,0.9308,0.9016,0.8418,0.8029,0.8513,0.6897,0.8296,0.9428,0.7794,0.6067,0.9551,0.7175,0.6243,0.6079,0.614,0.8575,0.5753,0.6168,0.7815,0.5072,0.5625,0.3883,0.598,0.6842,0.5748,0.5174,0.3231,0.4807,0.2585,0.527,0.3143,0.2132,0.1625,0.3642,
1.0,0.9989,0.9684,0.9673,0.9716,0.9973,0.9949,0.9883,0.9844,0.9235,0.7335,0.9343,0.9063,0.8369,0.7994,0.8582,0.6848,0.8252,0.9423,0.786,0.6094,0.9527,0.7283,0.624,0.6141,0.6135,0.8556,0.5638,0.6222,0.7785,0.5033,0.5453,0.3921,0.5898,0.6737,0.5857,0.5211,0.3087,0.4783,0.2593,0.5273,0.3051,0.2028,0.1628,0.3482,
1.0,0.9988,0.9683,0.9671,0.9729,0.9975,0.9955,0.9896,0.985,0.9239,0.7387,0.9348,0.9078,0.8394,0.8019,0.858,0.684,0.8285,0.9442,0.7834,0.6109,0.9547,0.7225,0.6263,0.6076,0.6193,0.8495,0.5698,0.6159,0.789,0.519,0.5526,0.3835,0.5907,0.6809,0.5842,0.5262,0.3192,0.4835,0.2584,0.528,0.3234,0.213,0.1667,0.3546,
1.0,0.9984,0.9685,0.9669,0.9679,0.998,0.9954,0.9904,0.9852,0.9231,0.7375,0.9302,0.9089,0.8435,0.8047,0.8541,0.687,0.831,0.9427,0.7804,0.6149,0.9536,0.7222,0.6234,0.6073,0.6166,0.8584,0.58,0.6221,0.7803,0.4982,0.5606,0.3856,0.5899,0.676,0.5841,0.5152,0.3175,0.4849,0.2556,0.5295,0.3061,0.2069,0.1628,0.3609,
1.0,0.9989,0.9663,0.9652,0.97,0.9973,0.995,0.9895,0.985,0.9255,0.7367,0.9306,0.909,0.838,0.7994,0.8573,0.6818,0.8243,0.938,0.7842,0.6095,0.9502,0.7221,0.6153,0.6037,0.6096,0.854,0.5627,0.6259,0.7834,0.4991,0.5484,0.3787,0.5856,0.6716,0.5852,0.52,0.305,0.4785,0.2719,0.5254,0.3069,0.2043,0.1555,0.3543,
1.0,0.9989,0.967,0.9659,0.9694,0.9978,0.9958,0.9898,0.9839,0.9195,0.7266,0.9297,0.9032,0.8335,0.7918,0.8513,0.6796,0.8209,0.9394,0.779,0.5971,0.954,0.7183,0.612,0.6029,0.606,0.8609,0.5651,0.6096,0.779,0.5001,0.552,0.3917,0.5917,0.6766,0.5738,0.5184,0.3156,0.4833,0.2482,0.5251,0.3106,0.2141,0.156,0.3589,
1.0,0.998,0.9691,0.9671,0.9708,0.9968,0.9939,0.9899,0.9846,0.9198,0.7323,0.9319,0.9034,0.8389,0.8013,0.8538,0.6857,0.8268,0.9423,0.7826,0.6102,0.9542,0.7198,0.6261,0.6062,0.6118,0.8563,0.5702,0.6156,0.7804,0.5017,0.5565,0.3916,0.5958,0.677,0.5759,0.5307,0.3163,0.4806,0.2646,0.523,0.3089,0.205,0.1699,0.3605,
1.0,0.9987,0.9698,0.9685,0.97,0.9987,0.9962,0.9901,0.9849,0.9235,0.7321,0.9326,0.9077,0.8319,0.7918,0.8565,0.681,0.819,0.9406,0.7832,0.6073,0.9545,0.7227,0.6208,0.6118,0.611,0.8602,0.5686,0.6239,0.7895,0.5177,0.5525,0.3961,0.5989,0.6803,0.5784,0.5126,0.3249,0.4762,0.2554,0.5272,0.3199,0.2161,0.1588,0.3517,
1.0,0.999,0.9659,0.9649,0.969,0.9969,0.9948,0.9912,0.9859,0.9233,0.7362,0.9289,0.908,0.8383,0.8009,0.8537,0.6791,0.8245,0.9395,0.7795,0.6096,0.9502,0.7223,0.6187,0.6045,0.6112,0.8571,0.5621,0.6197,0.7844,0.5052,0.5473,0.3864,0.5887,0.6723,0.5856,0.5216,0.3268,0.4774,0.2583,0.5225,0.3181,0.2058,0.166,0.3497,
1.0,0.9984,0.9655,0.9639,0.971,0.9967,0.9943,0.9888,0.9833,0.9189,0.7316,0.9293,0.9012,0.8362,0.7942,0.8497,0.6762,0.8237,0.9419,0.7773,0.6055,0.9502,0.7183,0.6175,0.6073,0.612,0.8552,0.5688,0.6162,0.7744,0.4963,0.5461,0.3859,0.5956,0.6734,0.5786,0.5166,0.3172,0.4792,0.2555,0.5253,0.3094,0.1969,0.1617,0.3537,
1.0,0.9986,0.968,0.9666,0.9706,0.9968,0.9947,0.99,0.9834,0.9224,0.7356,0.9318,0.9061,0.838,0.7985,0.8556,0.6859,0.824,0.9383,0.785,0.6111,0.9533,0.7261,0.6238,0.6167,0.6144,0.8621,0.5675,0.6231,0.7833,0.5035,0.5494,0.3972,0.6013,0.6768,0.5841,0.5234,0.3162,0.4912,0.264,0.5265,0.3137,0.2087,0.1672,0.3623,
1.0,0.9985,0.9697,0.9682,0.9671,0.9964,0.9939,0.9899,0.9849,0.9254,0.7321,0.9301,0.9083,0.8353,0.7956,0.8576,0.679,0.8228,0.942,0.7763,0.6115,0.9516,0.7231,0.6183,0.605,0.6131,0.8526,0.5643,0.623,0.7801,0.5088,0.5556,0.3926,0.5907,0.6815,0.5805,0.5167,0.3214,0.477,0.2524,0.532,0.3107,0.218,0.1688,0.3504,
1.0,0.9991,0.9693,0.9684,0.9709,0.9954,0.9932,0.9903,0.985,0.9247,0.7416,0.9335,0.906,0.8435,0.8045,0.8589,0.6893,0.8289,0.9381,0.7836,0.6174,0.949,0.7232,0.6295,0.6104,0.616,0.8561,0.5702,0.6213,0.7791,0.5031,0.5558,0.3894,0.5913,0.674,0.5883,0.5223,0.3144,0.4805,0.2711,0.5232,0.3059,0.2025,0.1652,0.3528,
1.0,0.9981,0.9661,0.9642,0.9703,0.9965,0.9939,0.9889,0.9816,0.9214,0.7332,0.9286,0.9034,0.8407,0.8003,0.8518,0.6806,0.8258,0.938,0.7791,0.6074,0.952,0.7233,0.62,0.608,0.6127,0.8543,0.5634,0.617,0.7816,0.5016,0.5448,0.3923,0.5924,0.6689,0.5808,0.5172,0.3136,0.4804,0.2552,0.5138,0.3129,0.2045,0.1626,0.3568,
1.0,0.999,0.9671,0.9661,0.9681,0.9976,0.9958,0.9911,0.9851,0.9254,0.7431,0.9292,0.9108,0.8439,0.8072,0.856,0.6927,0.8313,0.9422,0.7853,0.6239,0.9531,0.7313,0.6329,0.6117,0.6259,0.8592,0.5794,0.6245,0.7857,0.5096,0.5583,0.3967,0.5909,0.6751,0.5872,0.525,0.3218,0.4752,0.272,0.5217,0.3155,0.2044,0.1693,0.3503,
1.0,0.9988,0.97,0.9688,0.9682,0.997,0.9946,0.9895,0.9844,0.9188,0.732,0.9315,0.9017,0.8395,0.8013,0.8525,0.6913,0.8262,0.9373,0.7825,0.6079,0.9491,0.7216,0.6258,0.6109,0.6052,0.8626,0.5685,0.6263,0.7793,0.4953,0.5527,0.3954,0.5998,0.6727,0.5769,0.5169,0.3175,0.4918,0.2677,0.531,0.3144,0.2057,0.1623,0.3593,
1.0,0.9986,0.9654,0.964,0.9695,0.9975,0.995,0.9904,0.9842,0.926,0.7355,0.9279,0.9101,0.8369,0.7968,0.8553,0.6788,0.823,0.938,0.7846,0.6092,0.955,0.7212,0.6151,0.5964,0.6135,0.8578,0.5638,0.6159,0.7849,0.5075,0.5493,0.3797,0.5835,0.67,0.5733,0.5159,0.3118,0.4704,0.2584,0.5204,0.3079,0.2113,0.1493,0.3436,
1.0,0.9989,0.9688,0.9677,0.9717,0.9977,0.9954,0.99,0.9861,0.9228,0.7417,0.9342,0.907,0.8434,0.8057,0.858,0.6897,0.8322,0.9465,0.784,0.6132,0.9575,0.7216,0.6285,0.6115,0.6236,0.8589,0.5766,0.6203,0.7829,0.5074,0.5685,0.3883,0.6033,0.6901,0.5897,0.5263,0.3165,0.4847,0.2627,0.5292,0.3152,0.2073,0.1615,0.3698,
1.0,0.9983,0.9658,0.9641,0.9678,0.9969,0.994,0.9873,0.9802,0.9239,0.7342,0.9273,0.9062,0.8413,0.7979,0.8532,0.68,0.8264,0.9397,0.7814,0.6139,0.9482,0.7175,0.622,0.5954,0.6127,0.8526,0.5713,0.6155,0.7776,0.5019,0.549,0.3757,0.5816,0.665,0.582,0.5221,0.3173,0.4738,0.2549,0.5217,0.3075,0.1969,0.1643,0.3442,
1.0,0.9989,0.9712,0.9701,0.9686,0.9975,0.9951,0.9915,0.9852,0.9239,0.7372,0.9335,0.9096,0.843,0.8062,0.8595,0.6891,0.8281,0.9382,0.7821,0.6141,0.9522,0.7248,0.629,0.6067,0.6131,0.8543,0.5683,0.6253,0.7818,0.4998,0.5589,0.3913,0.5944,0.6752,0.5873,0.5203,0.3144,0.479,0.2619,0.5256,0.3101,0.2068,0.1683,0.3563,
1.0,0.9986,0.9665,0.9651,0.9705,0.9975,0.9953,0.991,0.9846,0.9259,0.7332,0.9297,0.9105,0.8358,0.7988,0.8569,0.6798,0.822,0.9387,0.7861,0.6064,0.9525,0.7217,0.618,0.5996,0.6061,0.853,0.5578,0.6181,0.7858,0.5041,0.5386,0.382,0.5843,0.6717,0.5877,0.5186,0.3093,0.47,0.2579,0.5118,0.3129,0.2043,0.1536,0.3517,
1.0,0.9988,0.9665,0.9653,0.9686,0.9978,0.9952,0.9911,0.9868,0.9229,0.7405,0.9281,0.9074,0.8447,0.8048,0.8527,0.6859,0.8318,0.9398,0.7768,0.6161,0.956,0.7221,0.6249,0.6053,0.6137,0.8545,0.5702,0.6218,0.7769,0.4968,0.5587,0.3865,0.601,0.6801,0.5832,0.5298,0.315,0.4793,0.2704,0.5228,0.2997,0.208,0.1679,0.3597,
1.0,0.999,0.9676,0.9666,0.9682,0.9968,0.995,0.9884,0.9821,0.9239,0.7303,0.9289,0.9048,0.8379,0.797,0.8552,0.6783,0.825,0.9416,0.7779,0.6082,0.951,0.7224,0.6192,0.6093,0.6147,0.8543,0.5687,0.6231,0.7825,0.5099,0.5508,0.3894,0.5911,0.6693,0.5842,0.5164,0.3164,0.4782,0.2538,0.5195,0.3169,0.2028,0.1581,0.3558,
1.0,0.9989,0.9691,0.968,0.9698,0.9976,0.9951,0.9897,0.9846,0.9229,0.7413,0.9324,0.9061,0.8458,0.8044,0.8559,0.6898,0.8324,0.9412,0.7786,0.6149,0.9523,0.7249,0.629,0.6133,0.6197,0.8576,0.577,0.6228,0.7793,0.4991,0.5541,0.3883,0.5855,0.672,0.5825,0.5224,0.3216,0.4784,0.2598,0.5272,0.3097,0.2014,0.1645,0.3507,
1.0,0.9989,0.967,0.9659,0.9708,0.9977,0.9959,0.9903,0.985,0.9256,0.7331,0.9309,0.909,0.8331,0.7952,0.8578,0.6743,0.8202,0.9415,0.7822,0.6065,0.9539,0.7205,0.6146,0.6055,0.607,0.8516,0.5592,0.6216,0.7843,0.5176,0.5454,0.3836,0.5833,0.6762,0.5838,0.516,0.317,0.4744,0.2543,0.5244,0.313,0.2119,0.16,0.3443,
1.0,0.9984,0.9675,0.9659,0.9699,0.9978,0.9954,0.9887,0.9828,0.9255,0.7341,0.9303,0.9084,0.838,0.7981,0.8573,0.6803,0.8237,0.9451,0.7843,0.6162,0.9517,0.7255,0.6277,0.6028,0.6189,0.8543,0.5654,0.6205,0.7843,0.5014,0.5525,0.384,0.5913,0.6815,0.5859,0.5241,0.3091,0.4808,0.2557,0.5276,0.3064,0.2025,0.1709,0.3523,
1.0,0.9989,0.9695,0.9684,0.9694,0.9977,0.995,0.9892,0.9844,0.925,0.7355,0.9332,0.9087,0.8369,0.7988,0.8589,0.683,0.8234,0.942,0.7868,0.6163,0.9528,0.7297,0.6272,0.609,0.6133,0.8591,0.5674,0.6247,0.7813,0.5077,0.5539,0.3902,0.5936,0.6818,0.5884,0.5273,0.3162,0.4753,0.2669,0.5268,0.3094,0.2066,0.1664,0.3535,
1.0,0.9985,0.9647,0.9632,0.9688,0.9977,0.9953,0.989,0.9838,0.9251,0.7423,0.9269,0.9086,0.8446,0.801,0.8536,0.6791,0.8305,0.9408,0.7775,0.6225,0.9516,0.7257,0.6289,0.609,0.6191,0.8544,0.5709,0.6224,0.7825,0.5015,0.5602,0.3847,0.588,0.6775,0.585,0.5093,0.3168,0.4784,0.2598,0.5303,0.3054,0.2083,0.1583,0.352,
1.0,0.9991,0.9695,0.9686,0.9681,0.9967,0.9945,0.9905,0.9864,0.9221,0.7352,0.9307,0.9045,0.8383,0.8015,0.854,0.6906,0.825,0.9391,0.7831,0.607,0.9541,0.7242,0.6213,0.6057,0.6088,0.8596,0.5708,0.6183,0.784,0.5074,0.5513,0.3861,0.5872,0.6791,0.5815,0.5317,0.3112,0.4847,0.2598,0.5318,0.3127,0.2133,0.1686,0.3536,
1.0,0.9986,0.9664,0.965,0.9705,0.9968,0.9944,0.9883,0.9829,0.9269,0.7431,0.9307,0.909,0.8435,0.8039,0.8593,0.6861,0.8299,0.9403,0.787,0.6161,0.95,0.7207,0.6207,0.5997,0.6219,0.8581,0.5714,0.6155,0.7836,0.5134,0.5516,0.3854,0.5858,0.6727,0.5826,0.5224,0.3201,0.4728,0.2643,0.5211,0.3159,0.2079,0.156,0.349,
1.0,0.9986,0.9698,0.9684,0.9707,0.9975,0.9955,0.9898,0.9841,0.9225,0.7288,0.9334,0.9061,0.8328,0.7952,0.8574,0.6783,0.8198,0.9423,0.7816,0.6084,0.9527,0.7238,0.6231,0.6171,0.6097,0.8535,0.5653,0.6284,0.7869,0.5075,0.5535,0.393,0.6015,0.6801,0.5849,0.5152,0.3147,0.4807,0.2572,0.5237,0.3127,0.2042,0.1642,0.3551,
1.0,0.9987,0.9675,0.9662,0.9708,0.9971,0.9943,0.9891,0.9839,0.9225,0.7343,0.9313,0.9048,0.8392,0.7991,0.8538,0.6905,0.826,0.9396,0.7882,0.6073,0.9518,0.7196,0.6211,0.6046,0.6118,0.8613,0.5725,0.6211,0.7826,0.5079,0.5583,0.3811,0.5919,0.6801,0.5805,0.5221,0.3104,0.4876,0.2653,0.5342,0.3195,0.2144,0.1642,0.3655,
1.0,0.999,0.9649,0.9639,0.9713,0.9966,0.9947,0.9912,0.9856,0.925,0.7422,0.9293,0.9085,0.8429,0.8053,0.856,0.6832,0.8301,0.9398,0.7823,0.6162,0.953,0.7273,0.6279,0.6141,0.6169,0.8522,0.5672,0.6287,0.7858,0.5032,0.552,0.3838,0.5944,0.6763,0.5879,0.5134,0.3153,0.4841,0.2703,0.5223,0.31,0.2097,0.1622,0.3532,
1.0,0.9984,0.9671,0.9655,0.9675,0.997,0.9945,0.9898,0.9833,0.919,0.7331,0.9276,0.9026,0.8433,0.8009,0.8476,0.6804,0.8299,0.9396,0.772,0.6062,0.9552,0.7197,0.619,0.6027,0.609,0.8517,0.5635,0.6147,0.7723,0.4929,0.5522,0.3859,0.5944,0.6661,0.5752,0.5154,0.3099,0.4738,0.2559,0.5131,0.3038,0.1994,0.1571,0.3554,
1.0,0.9986,0.9678,0.9664,0.9694,0.9978,0.9954,0.9889,0.984,0.9249,0.7392,0.9328,0.9108,0.8402,0.8024,0.8598,0.6835,0.8282,0.9393,0.7845,0.6169,0.9531,0.7281,0.6226,0.6132,0.6165,0.8558,0.5679,0.6291,0.7794,0.5055,0.5505,0.389,0.5928,0.6712,0.5864,0.5136,0.3108,0.486,0.2639,0.5261,0.312,0.2018,0.1615,0.3554,
1.0,0.9988,0.9678,0.9666,0.9688,0.9969,0.9946,0.9897,0.9835,0.9247,0.7372,0.9278,0.906,0.8417,0.7995,0.8529,0.6864,0.8276,0.9396,0.7821,0.6167,0.9524,0.7257,0.6288,0.6085,0.6142,0.8511,0.5719,0.6232,0.7829,0.5017,0.5569,0.3845,0.5868,0.672,0.5819,0.5191,0.3158,0.4816,0.2624,0.5277,0.3117,0.2099,0.1704,0.3471,
1.0,0.9984,0.9697,0.9681,0.9701,0.9975,0.995,0.9901,0.9841,0.9207,0.7325,0.9327,0.905,0.8427,0.8039,0.8556,0.6889,0.8273,0.9377,0.7818,0.6087,0.9524,0.7185,0.6259,0.6107,0.6124,0.8545,0.566,0.6242,0.7774,0.5024,0.5594,0.386,0.5916,0.6818,0.5833,0.5218,0.3123,0.4739,0.2649,0.5261,0.3011,0.2067,0.1654,0.3521,
1.0,0.9987,0.9666,0.9653,0.9718,0.9971,0.9949,0.991,0.9854,0.9241,0.7394,0.9316,0.9081,0.8373,0.7972,0.8583,0.6804,0.8245,0.9395,0.7825,0.6078,0.9549,0.7235,0.6206,0.6014,0.6051,0.8542,0.5578,0.6204,0.7833,0.5089,0.5427,0.384,0.5816,0.6706,0.5852,0.5199,0.3079,0.4752,0.2609,0.5162,0.3165,0.2078,0.1591,0.3513,
1.0,0.9986,0.9668,0.9654,0.9687,0.9965,0.9939,0.9895,0.985,0.925,0.7369,0.9278,0.9064,0.8387,0.8002,0.854,0.6806,0.8271,0.9442,0.7802,0.6165,0.953,0.7251,0.6268,0.6019,0.6155,0.8531,0.5668,0.6162,0.7836,0.5091,0.5531,0.3865,0.5862,0.6772,0.5817,0.5224,0.3123,0.476,0.2588,0.5181,0.3083,0.2098,0.1585,0.35,
1.0,0.9985,0.9696,0.9681,0.9689,0.9976,0.9955,0.9891,0.9834,0.9213,0.727,0.9306,0.9039,0.8324,0.7915,0.8531,0.6741,0.8191,0.9431,0.7755,0.6051,0.9524,0.7229,0.6179,0.6048,0.6016,0.8522,0.555,0.6213,0.7744,0.4972,0.5428,0.3871,0.5965,0.679,0.5883,0.5217,0.3051,0.4822,0.2534,0.5238,0.3069,0.2093,0.1678,0.3557,
1.0,0.9991,0.9685,0.9676,0.9699,0.997,0.9952,0.9904,0.9856,0.9171,0.7272,0.9319,0.9003,0.8365,0.7995,0.8504,0.6821,0.8232,0.9429,0.7758,0.6044,0.9526,0.7139,0.6237,0.6016,0.6071,0.8542,0.5663,0.6134,0.7755,0.5056,0.5527,0.3846,0.5884,0.6826,0.5759,0.5252,0.3169,0.4737,0.2524,0.5242,0.3127,0.2079,0.1674,0.351,
1.0,0.9989,0.968,0.9669,0.9702,0.9975,0.9954,0.9895,0.9839,0.927,0.7398,0.9316,0.9098,0.8413,0.802,0.8603,0.6854,0.8272,0.9382,0.7884,0.616,0.9534,0.7312,0.6255,0.6071,0.6132,0.8576,0.5642,0.6224,0.7877,0.5123,0.548,0.39,0.5907,0.6749,0.5833,0.5204,0.3114,0.4869,0.2643,0.5271,0.3213,0.2101,0.1667,0.3604,
1.0,0.9989,0.9686,0.9675,0.97,0.9981,0.996,0.9908,0.9858,0.9168,0.7275,0.9319,0.9013,0.8337,0.7981,0.8493,0.6826,0.8214,0.944,0.776,0.6017,0.9562,0.7127,0.6193,0.6134,0.6118,0.8567,0.5636,0.6103,0.7769,0.4935,0.5475,0.385,0.6018,0.6798,0.5802,0.5274,0.3112,0.4838,0.252,0.5278,0.3122,0.2065,0.167,0.3553,
1.0,0.9991,0.9658,0.9649,0.9689,0.997,0.995,0.9912,0.9872,0.9241,0.7384,0.9284,0.9086,0.8374,0.8021,0.8537,0.6862,0.8268,0.9417,0.7861,0.6131,0.9523,0.724,0.6233,0.6079,0.6107,0.8565,0.5696,0.6299,0.7847,0.505,0.554,0.379,0.5909,0.6703,0.59,0.521,0.315,0.4878,0.2705,0.531,0.3129,0.2073,0.1541,0.3598,
1.0,0.9988,0.9672,0.966,0.9704,0.998,0.9959,0.9899,0.9837,0.9234,0.7356,0.9308,0.9071,0.8372,0.7976,0.8553,0.6812,0.8241,0.9387,0.7821,0.6095,0.9538,0.7201,0.6198,0.6003,0.6106,0.8533,0.5614,0.6133,0.7765,0.5072,0.5408,0.3894,0.5786,0.6625,0.5723,0.5203,0.3136,0.4703,0.259,0.5188,0.3052,0.2076,0.1562,0.3454,
1.0,0.9994,0.97,0.9694,0.97,0.9968,0.9952,0.9915,0.9858,0.9244,0.7385,0.9341,0.9085,0.8408,0.8038,0.8604,0.6846,0.8272,0.9381,0.7815,0.6122,0.9552,0.7297,0.627,0.6219,0.6157,0.8553,0.5668,0.6337,0.7829,0.5008,0.5543,0.3983,0.6028,0.6783,0.5914,0.5246,0.3152,0.4854,0.2693,0.5261,0.3136,0.2125,0.1721,0.3611,
1.0,0.9992,0.9669,0.9661,0.9695,0.9981,0.9961,0.9909,0.9847,0.9227,0.7367,0.9297,0.9071,0.8387,0.7989,0.8543,0.6829,0.8245,0.9376,0.7808,0.6125,0.9556,0.7253,0.6236,0.6132,0.6096,0.8586,0.5611,0.6242,0.7795,0.4958,0.5435,0.3837,0.5941,0.672,0.5885,0.5208,0.3114,0.4766,0.2594,0.5239,0.3011,0.2036,0.1669,0.36,
1.0,0.9991,0.9707,0.9698,0.9731,0.9974,0.9953,0.9886,0.9829,0.9223,0.7407,0.9377,0.9048,0.8434,0.8052,0.8619,0.6915,0.8286,0.9406,0.7864,0.6114,0.9502,0.7208,0.6314,0.6077,0.6229,0.8538,0.5714,0.6227,0.7844,0.5094,0.5606,0.3923,0.5896,0.6806,0.5801,0.52,0.3176,0.4768,0.2599,0.5314,0.3129,0.2136,0.1676,0.3518,
1.0,0.9987,0.9665,0.9652,0.9682,0.9967,0.9947,0.9915,0.9855,0.9255,0.7347,0.9293,0.9109,0.8372,0.8024,0.856,0.6788,0.8241,0.9389,0.782,0.6112,0.9545,0.7243,0.6123,0.6103,0.6132,0.8536,0.5655,0.6225,0.7841,0.5028,0.5508,0.38,0.5862,0.6698,0.5861,0.5194,0.3101,0.4718,0.2594,0.5199,0.3091,0.2044,0.1638,0.351,
1.0,0.9988,0.9684,0.9672,0.97,0.9983,0.9966,0.9904,0.984,0.9247,0.7401,0.931,0.9089,0.8444,0.8052,0.8574,0.6948,0.8314,0.9423,0.7906,0.6173,0.9525,0.7262,0.6283,0.6165,0.6221,0.864,0.578,0.6259,0.7884,0.5056,0.558,0.3909,0.5913,0.6783,0.5891,0.5249,0.3258,0.4852,0.2723,0.5295,0.3177,0.2101,0.1644,0.3641,
1.0,0.9993,0.9677,0.967,0.9684,0.9976,0.9956,0.9898,0.9834,0.9256,0.7335,0.9292,0.9074,0.8395,0.7984,0.8559,0.6843,0.8236,0.9339,0.785,0.6104,0.9502,0.7252,0.6214,0.6099,0.6072,0.8558,0.5625,0.6258,0.7814,0.499,0.5458,0.39,0.5877,0.669,0.5837,0.5129,0.3088,0.4809,0.2582,0.5266,0.3091,0.2091,0.1609,0.3507,
1.0,0.9993,0.9696,0.9689,0.9702,0.9978,0.9964,0.991,0.9858,0.9289,0.7453,0.933,0.9126,0.8439,0.8068,0.8623,0.6896,0.8312,0.9367,0.7845,0.6138,0.9543,0.7299,0.6262,0.6128,0.6251,0.8554,0.5708,0.6161,0.7894,0.5102,0.5502,0.3952,0.5856,0.6638,0.5796,0.5102,0.3179,0.4754,0.2566,0.5097,0.3108,0.2005,0.1661,0.349,
1.0,0.9992,0.9664,0.9656,0.9721,0.9976,0.9963,0.9931,0.9866,0.9267,0.7379,0.9327,0.9134,0.8341,0.7956,0.8603,0.6739,0.8216,0.9431,0.7836,0.612,0.9554,0.7306,0.6218,0.6154,0.6147,0.8584,0.57,0.6215,0.792,0.5145,0.5509,0.4011,0.5949,0.6826,0.587,0.5187,0.3247,0.4817,0.2627,0.5267,0.32,0.2178,0.1681,0.3533,
1.0,0.999,0.9699,0.9689,0.9723,0.9966,0.9943,0.9904,0.9865,0.926,0.7483,0.9352,0.9078,0.8439,0.8064,0.8626,0.695,0.8323,0.9406,0.7884,0.6117,0.9549,0.726,0.6274,0.609,0.6215,0.8566,0.5717,0.6214,0.7842,0.5093,0.5543,0.395,0.5965,0.6781,0.5847,0.5287,0.3156,0.4835,0.266,0.5302,0.3174,0.2096,0.17,0.3639,
1.0,0.9984,0.9692,0.9676,0.9677,0.9957,0.9929,0.9917,0.9862,0.9237,0.7303,0.9292,0.9073,0.8343,0.7956,0.8539,0.6766,0.8217,0.9404,0.7744,0.6065,0.9551,0.7259,0.6189,0.6085,0.6038,0.8529,0.5543,0.6225,0.7734,0.4989,0.5411,0.3885,0.5937,0.6785,0.5815,0.5188,0.3121,0.4773,0.2526,0.5229,0.3096,0.206,0.1591,0.3563,
1.0,0.9984,0.9651,0.9635,0.9681,0.9972,0.9946,0.9895,0.9854,0.9241,0.7314,0.9264,0.9076,0.8377,0.7993,0.8517,0.6817,0.8259,0.9436,0.7815,0.614,0.9504,0.726,0.6261,0.6056,0.6146,0.8564,0.5672,0.6246,0.7743,0.4996,0.5487,0.3885,0.5847,0.6737,0.5855,0.5215,0.3118,0.4775,0.2639,0.5286,0.3045,0.2073,0.1674,0.3462,
1.0,0.9987,0.9677,0.9664,0.9688,0.9971,0.9945,0.99,0.9857,0.9258,0.7364,0.9307,0.91,0.8387,0.8019,0.8588,0.6831,0.8257,0.9406,0.785,0.6122,0.9518,0.7274,0.6209,0.6081,0.6139,0.8613,0.5686,0.6242,0.7866,0.5128,0.549,0.3973,0.5934,0.6702,0.584,0.5196,0.318,0.4886,0.265,0.5246,0.3179,0.2043,0.1649,0.3595,
1.0,0.9987,0.9654,0.9641,0.9699,0.9971,0.9951,0.9898,0.9844,0.9269,0.7419,0.9295,0.9112,0.8438,0.8068,0.8587,0.6889,0.8323,0.9437,0.7895,0.6261,0.9519,0.7295,0.6318,0.6096,0.6258,0.8583,0.5778,0.6248,0.7845,0.5014,0.556,0.3863,0.5786,0.6741,0.5892,0.522,0.3155,0.4804,0.2671,0.5232,0.3075,0.2058,0.1624,0.357,
1.0,0.9987,0.9677,0.9664,0.9664,0.9978,0.9954,0.9903,0.9841,0.9236,0.7298,0.9273,0.9079,0.8373,0.8005,0.8529,0.6828,0.8243,0.9397,0.7815,0.605,0.9509,0.7195,0.6165,0.6011,0.6062,0.8574,0.5615,0.6214,0.7797,0.4962,0.5438,0.3787,0.587,0.67,0.5824,0.5177,0.3101,0.4771,0.2553,0.5238,0.314,0.2035,0.1538,0.3496,
1.0,0.9991,0.9701,0.9692,0.9719,0.9983,0.9964,0.9894,0.9832,0.9272,0.7413,0.9358,0.9112,0.839,0.8024,0.8633,0.6877,0.8247,0.9381,0.7909,0.6116,0.952,0.723,0.6236,0.6016,0.6147,0.855,0.5583,0.628,0.7887,0.5037,0.5457,0.3855,0.5968,0.6827,0.5808,0.5214,0.3051,0.483,0.2686,0.534,0.3163,0.2134,0.162,0.3669,
1.0,0.9986,0.9695,0.9681,0.9702,0.997,0.9944,0.9899,0.9854,0.926,0.736,0.9328,0.9096,0.8376,0.8002,0.8583,0.6871,0.8252,0.9429,0.7879,0.6116,0.953,0.7254,0.623,0.6115,0.6167,0.8589,0.5652,0.6249,0.7857,0.5091,0.5501,0.3955,0.5984,0.6785,0.5837,0.5152,0.3131,0.4867,0.2577,0.5245,0.3207,0.2113,0.1643,0.3647,
1.0,0.9991,0.9687,0.9678,0.9706,0.9973,0.9951,0.9893,0.985,0.9223,0.7362,0.9329,0.9056,0.8397,0.8017,0.8563,0.6883,0.8273,0.9396,0.7876,0.6171,0.9494,0.7265,0.6271,0.6227,0.6201,0.8599,0.5733,0.6277,0.7792,0.4977,0.5542,0.3932,0.5947,0.6738,0.5895,0.5196,0.3195,0.4801,0.2663,0.5317,0.3076,0.208,0.1695,0.3535,
1.0,0.9988,0.9688,0.9676,0.9673,0.9975,0.9952,0.9895,0.985,0.9242,0.7339,0.9295,0.9077,0.8378,0.8012,0.8549,0.6801,0.8234,0.9402,0.7786,0.6055,0.9508,0.7199,0.6141,0.6033,0.6097,0.8555,0.5609,0.6239,0.7807,0.5062,0.5491,0.3819,0.5908,0.6824,0.5778,0.5196,0.3099,0.4767,0.2561,0.5283,0.3095,0.2092,0.1532,0.3527,
1.0,0.9989,0.9717,0.9706,0.9693,0.9975,0.9954,0.99,0.9844,0.9242,0.7417,0.9339,0.9078,0.8446,0.807,0.8582,0.6939,0.8302,0.9384,0.7851,0.6122,0.9537,0.7207,0.6255,0.6043,0.6135,0.8584,0.5646,0.6189,0.7803,0.5036,0.5459,0.3795,0.5891,0.673,0.5819,0.5177,0.306,0.4801,0.2545,0.526,0.3089,0.2066,0.1609,0.3568,
1.0,0.9988,0.968,0.9668,0.9722,0.9973,0.9952,0.9901,0.9833,0.922,0.7333,0.9334,0.9056,0.8374,0.797,0.8573,0.6821,0.8221,0.9394,0.7854,0.5984,0.9486,0.7107,0.6157,0.6037,0.6149,0.8592,0.5686,0.6105,0.7829,0.5037,0.5475,0.3913,0.5864,0.6734,0.5721,0.5171,0.3259,0.4827,0.2483,0.528,0.3152,0.2049,0.1604,0.3524,
1.0,0.9992,0.9686,0.9678,0.9674,0.9966,0.9952,0.9909,0.9845,0.9242,0.7335,0.9305,0.9081,0.8383,0.8008,0.8559,0.6817,0.8245,0.941,0.7807,0.612,0.95,0.7221,0.6238,0.6051,0.6131,0.8558,0.5679,0.6243,0.7784,0.494,0.5559,0.3845,0.5908,0.6749,0.5835,0.5271,0.3107,0.4755,0.2685,0.5243,0.2981,0.2056,0.1686,0.3538,
1.0,0.9989,0.9678,0.9667,0.9708,0.9971,0.995,0.9902,0.9851,0.9235,0.7399,0.9307,0.9056,0.8428,0.8019,0.8562,0.6873,0.8298,0.9405,0.781,0.6082,0.951,0.7144,0.6246,0.603,0.6121,0.8557,0.5656,0.6084,0.7818,0.4975,0.5507,0.3839,0.5833,0.6598,0.572,0.5099,0.3115,0.4797,0.2503,0.5093,0.3041,0.2024,0.155,0.3536,
1.0,0.9993,0.9678,0.9671,0.9664,0.9982,0.9963,0.991,0.9842,0.9232,0.7341,0.9278,0.9075,0.8413,0.8002,0.8511,0.6858,0.8259,0.9373,0.7773,0.606,0.9511,0.7164,0.6172,0.5995,0.6112,0.8573,0.5711,0.6194,0.7821,0.5026,0.5594,0.3899,0.5913,0.6715,0.5771,0.519,0.3203,0.4794,0.2579,0.5303,0.3116,0.208,0.1567,0.3544,
1.0,0.9987,0.9676,0.9663,0.9684,0.9977,0.9955,0.9892,0.9833,0.9234,0.7361,0.9293,0.9073,0.8421,0.8029,0.8538,0.6886,0.827,0.9374,0.7842,0.6096,0.9503,0.721,0.6201,0.6035,0.6116,0.8604,0.5649,0.616,0.7829,0.5005,0.5437,0.3821,0.5904,0.6729,0.5858,0.524,0.3095,0.4813,0.2658,0.5225,0.316,0.203,0.1551,0.3575,
1.0,0.9986,0.9702,0.9688,0.9691,0.9971,0.9948,0.9907,0.9852,0.9232,0.7354,0.9336,0.9081,0.8367,0.7985,0.8573,0.6834,0.8225,0.9405,0.7807,0.603,0.9551,0.7188,0.6137,0.6053,0.6155,0.8564,0.5685,0.6174,0.7825,0.5102,0.559,0.3835,0.5942,0.6848,0.5783,0.5259,0.3221,0.4879,0.2545,0.5363,0.3162,0.2117,0.1699,0.3548,
1.0,0.9992,0.9706,0.9698,0.9707,0.9967,0.9948,0.9907,0.9853,0.9216,0.7352,0.9347,0.9044,0.8379,0.8007,0.8574,0.6879,0.8246,0.9389,0.7841,0.6109,0.952,0.7224,0.6295,0.6134,0.6148,0.8571,0.57,0.6243,0.7801,0.4982,0.5509,0.3956,0.5866,0.6708,0.5814,0.5229,0.3058,0.4752,0.2655,0.5232,0.3035,0.2023,0.17,0.3501,
1.0,0.9993,0.9648,0.9641,0.9688,0.9972,0.9954,0.9908,0.9862,0.9242,0.7351,0.9271,0.9071,0.8374,0.802,0.8528,0.685,0.8254,0.9404,0.7837,0.6093,0.9547,0.7239,0.6175,0.6031,0.61,0.8556,0.563,0.6196,0.7829,0.5062,0.5503,0.3875,0.5913,0.6684,0.5799,0.5305,0.3136,0.4747,0.2683,0.5177,0.3094,0.205,0.164,0.3573,
1.0,0.9988,0.9675,0.9663,0.9678,0.9971,0.9951,0.9899,0.9838,0.9246,0.7301,0.9278,0.9074,0.8368,0.7976,0.8536,0.6821,0.8235,0.9398,0.7805,0.6026,0.9539,0.7215,0.6135,0.6057,0.6095,0.8574,0.5635,0.6196,0.7843,0.5049,0.5518,0.389,0.6006,0.6796,0.5808,0.5235,0.314,0.4813,0.2628,0.5292,0.3186,0.2075,0.162,0.3606,
1.0,0.9994,0.9668,0.9662,0.9675,0.9982,0.9965,0.9905,0.9833,0.9259,0.7362,0.9287,0.9108,0.8403,0.7995,0.8557,0.6823,0.8254,0.9352,0.7817,0.607,0.9485,0.7244,0.6173,0.6021,0.6088,0.8584,0.5631,0.6268,0.7823,0.4959,0.5496,0.3871,0.5876,0.6641,0.5813,0.5107,0.3114,0.4768,0.2599,0.526,0.3063,0.2101,0.1562,0.3499,
1.0,0.9995,0.9667,0.9662,0.9704,0.997,0.995,0.9904,0.9865,0.9242,0.7451,0.9307,0.9061,0.844,0.8055,0.8564,0.6808,0.831,0.9407,0.7752,0.619,0.9505,0.725,0.6291,0.6134,0.6201,0.8492,0.5659,0.6207,0.7815,0.5047,0.555,0.3955,0.5854,0.6721,0.5816,0.5171,0.3244,0.4753,0.2632,0.514,0.3123,0.2066,0.1649,0.3502,
1.0,0.999,0.9677,0.9667,0.9721,0.9972,0.9954,0.9914,0.9856,0.9243,0.7303,0.9343,0.9097,0.8302,0.7922,0.8596,0.6818,0.8165,0.943,0.7913,0.6054,0.9534,0.723,0.6164,0.6081,0.6098,0.8626,0.5636,0.6167,0.7821,0.5066,0.5389,0.3879,0.5953,0.6766,0.5855,0.5251,0.3123,0.4863,0.2599,0.5354,0.3137,0.2017,0.1644,0.3517,
1.0,0.9995,0.9675,0.967,0.9699,0.9973,0.9957,0.991,0.9856,0.9256,0.7293,0.9317,0.9093,0.8302,0.7918,0.8588,0.672,0.817,0.9403,0.7822,0.6099,0.953,0.7254,0.6181,0.6078,0.6,0.8533,0.5534,0.6324,0.7804,0.5092,0.5393,0.3875,0.5908,0.6805,0.5927,0.5237,0.3101,0.4795,0.2674,0.5209,0.3183,0.208,0.1683,0.3503,
1.0,0.999,0.9685,0.9675,0.9688,0.9969,0.9946,0.991,0.9853,0.9212,0.7352,0.9315,0.9054,0.8431,0.8057,0.8547,0.6858,0.8293,0.9389,0.778,0.6101,0.9533,0.7198,0.6234,0.6062,0.612,0.8541,0.5676,0.6199,0.7804,0.5079,0.5564,0.3948,0.5931,0.6727,0.5743,0.5053,0.3237,0.4751,0.2536,0.5263,0.3117,0.2129,0.1565,0.3601,
1.0,0.9995,0.9667,0.9662,0.9685,0.9972,0.9962,0.9903,0.9852,0.9229,0.7358,0.9293,0.9057,0.8404,0.8056,0.8538,0.6871,0.8294,0.9423,0.7837,0.6154,0.9528,0.7295,0.628,0.6068,0.6137,0.8554,0.5663,0.6231,0.7836,0.4993,0.5457,0.3815,0.5886,0.6721,0.5847,0.5284,0.3131,0.4715,0.2653,0.5138,0.3062,0.2039,0.1697,0.3544,
1.0,0.9993,0.9669,0.9662,0.9683,0.997,0.9954,0.9917,0.9865,0.9251,0.7395,0.9284,0.9091,0.8398,0.8005,0.8556,0.6839,0.8273,0.9424,0.7799,0.6199,0.9538,0.7277,0.6284,0.6106,0.6177,0.8567,0.5701,0.6263,0.7807,0.5045,0.5584,0.3916,0.5902,0.6817,0.5963,0.525,0.3197,0.4834,0.2662,0.5348,0.3065,0.2113,0.1709,0.3605,
1.0,0.9988,0.9645,0.9633,0.9718,0.9964,0.9938,0.9897,0.9839,0.9191,0.732,0.9296,0.9014,0.8382,0.8009,0.8497,0.6858,0.8242,0.9353,0.7841,0.6025,0.9501,0.7149,0.6192,0.6045,0.609,0.856,0.5665,0.6075,0.7763,0.4962,0.5408,0.3843,0.5843,0.6649,0.5764,0.5266,0.3089,0.4741,0.2578,0.5142,0.3058,0.2034,0.1636,0.3495,
1.0,0.999,0.9698,0.9688,0.9717,0.998,0.9961,0.9913,0.9857,0.9284,0.7474,0.9343,0.9135,0.8452,0.8066,0.8635,0.6905,0.8323,0.9404,0.7867,0.6198,0.9531,0.7264,0.632,0.6064,0.6215,0.8552,0.5678,0.6298,0.7878,0.5095,0.5587,0.3892,0.5922,0.6781,0.5894,0.5173,0.319,0.4758,0.2678,0.5259,0.3152,0.2133,0.1613,0.3546,
1.0,0.9988,0.9696,0.9684,0.9694,0.9968,0.9946,0.9906,0.9848,0.9202,0.735,0.9316,0.9036,0.8415,0.802,0.8539,0.6863,0.8281,0.9413,0.777,0.6058,0.952,0.7169,0.6225,0.6084,0.6143,0.8562,0.5729,0.6198,0.7794,0.4959,0.5587,0.3873,0.5913,0.68,0.5816,0.5221,0.3202,0.478,0.2532,0.531,0.3081,0.2112,0.1691,0.3539,
1.0,0.9988,0.9668,0.9656,0.973,0.9971,0.9946,0.9914,0.9874,0.92,0.7412,0.933,0.9045,0.8403,0.8059,0.8559,0.687,0.8281,0.9428,0.7812,0.6054,0.9554,0.7144,0.6232,0.604,0.6145,0.8512,0.5669,0.614,0.7848,0.5053,0.5561,0.3877,0.5891,0.6832,0.5791,0.5221,0.3149,0.4778,0.2558,0.5272,0.3135,0.2133,0.161,0.3582,
1.0,0.9989,0.967,0.9659,0.9709,0.9977,0.9957,0.9908,0.9848,0.9214,0.7324,0.931,0.9058,0.8375,0.8006,0.8543,0.6845,0.8238,0.9378,0.7816,0.6036,0.9497,0.7082,0.6188,0.5923,0.6059,0.8517,0.556,0.6105,0.7729,0.4958,0.5408,0.3779,0.5798,0.6714,0.574,0.512,0.3059,0.4707,0.2485,0.5193,0.3012,0.2085,0.1568,0.3461,
1.0,0.9987,0.9663,0.965,0.9701,0.9973,0.9949,0.9894,0.9844,0.9273,0.7359,0.929,0.91,0.8381,0.8002,0.8579,0.6785,0.8252,0.9424,0.782,0.6098,0.9527,0.7232,0.6196,0.6034,0.6174,0.8508,0.5675,0.6201,0.7909,0.5149,0.5561,0.3901,0.5958,0.6715,0.5866,0.5234,0.3305,0.4742,0.2609,0.5137,0.32,0.214,0.1656,0.3504,
1.0,0.999,0.9685,0.9675,0.9706,0.9966,0.9945,0.9903,0.9852,0.9211,0.7338,0.9326,0.9037,0.84,0.8029,0.855,0.6938,0.8283,0.9425,0.7883,0.6063,0.9546,0.7186,0.6231,0.6084,0.6101,0.8613,0.5712,0.616,0.7814,0.5022,0.5513,0.3841,0.596,0.6759,0.5811,0.5229,0.3132,0.4834,0.2624,0.5266,0.3107,0.2031,0.1579,0.3675,
1.0,0.999,0.9675,0.9665,0.9714,0.9973,0.9949,0.9902,0.9859,0.9253,0.7399,0.9329,0.9091,0.8389,0.8015,0.8586,0.6832,0.8269,0.9432,0.782,0.6149,0.952,0.7205,0.6221,0.6005,0.6158,0.8522,0.5596,0.6187,0.7839,0.5074,0.5456,0.3813,0.5917,0.6699,0.5795,0.5212,0.3201,0.4735,0.2618,0.5207,0.3085,0.2046,0.1648,0.3501,
1.0,0.9989,0.9634,0.9623,0.9664,0.9976,0.9954,0.9895,0.9827,0.9216,0.7325,0.9239,0.9052,0.843,0.8019,0.8475,0.6819,0.8275,0.9391,0.7784,0.6176,0.9528,0.7242,0.6257,0.6049,0.6107,0.8535,0.5738,0.6204,0.776,0.4936,0.5517,0.3826,0.5873,0.671,0.5878,0.5182,0.3078,0.4807,0.2595,0.517,0.3039,0.2036,0.1587,0.3559,
1.0,0.9991,0.9684,0.9675,0.9678,0.9975,0.9953,0.9911,0.9863,0.9232,0.7301,0.9293,0.9074,0.8376,0.7995,0.8535,0.6892,0.8249,0.9405,0.7815,0.6094,0.954,0.722,0.6239,0.6037,0.6052,0.8602,0.56,0.623,0.777,0.5041,0.5467,0.3873,0.5947,0.6796,0.5866,0.5223,0.3187,0.4904,0.2697,0.5414,0.3119,0.2102,0.1648,0.3662,
1.0,0.9994,0.966,0.9654,0.9716,0.9977,0.9958,0.9922,0.9883,0.9239,0.7382,0.9305,0.9086,0.837,0.801,0.8563,0.6877,0.8244,0.9417,0.7849,0.6041,0.955,0.7205,0.6174,0.6056,0.6139,0.8618,0.5681,0.6164,0.7895,0.5086,0.5532,0.3847,0.5896,0.6831,0.5801,0.5243,0.3226,0.4786,0.26,0.5277,0.3067,0.2142,0.1613,0.3596,
1.0,0.999,0.9676,0.9666,0.973,0.9971,0.9949,0.991,0.9872,0.9239,0.7406,0.9349,0.9087,0.8376,0.8009,0.8609,0.6853,0.825,0.9388,0.7849,0.6033,0.9525,0.7157,0.6156,0.6107,0.6165,0.8573,0.568,0.6182,0.7779,0.4974,0.5508,0.3875,0.5904,0.6751,0.5782,0.5238,0.3161,0.4814,0.2618,0.5299,0.3078,0.2046,0.1679,0.3524,
1.0,0.9991,0.966,0.9651,0.9665,0.9964,0.9944,0.9899,0.984,0.9272,0.7354,0.9266,0.9108,0.8392,0.8011,0.8546,0.6798,0.8246,0.9418,0.7823,0.6179,0.9479,0.7235,0.6205,0.5966,0.6106,0.8536,0.5635,0.621,0.7826,0.5059,0.5465,0.3846,0.5883,0.6725,0.5787,0.5132,0.3201,0.4768,0.261,0.5212,0.3127,0.2049,0.1599,0.3519,
1.0,0.9993,0.964,0.9633,0.9669,0.9978,0.9959,0.9906,0.9836,0.9288,0.728,0.925,0.9131,0.8314,0.7931,0.855,0.6716,0.8152,0.9387,0.7834,0.6061,0.9519,0.722,0.6096,0.5955,0.6054,0.8522,0.5579,0.6186,0.7862,0.5132,0.5436,0.3796,0.5825,0.6686,0.5783,0.5119,0.3115,0.471,0.2585,0.514,0.3056,0.2052,0.1528,0.3429,
1.0,0.9989,0.9688,0.9677,0.9691,0.9973,0.9953,0.9911,0.9868,0.9217,0.7333,0.9316,0.9067,0.8355,0.7977,0.8542,0.6827,0.8233,0.9399,0.7795,0.6021,0.9536,0.7154,0.6145,0.6016,0.604,0.8602,0.5579,0.6121,0.7756,0.4979,0.5412,0.3863,0.5915,0.6733,0.5761,0.5132,0.3106,0.4803,0.2517,0.5235,0.3043,0.2032,0.1605,0.3538,
1.0,0.9989,0.9687,0.9676,0.9718,0.9966,0.9943,0.9911,0.9869,0.9182,0.7378,0.9341,0.9027,0.8415,0.8053,0.8532,0.6857,0.8299,0.9427,0.7769,0.6094,0.9548,0.7199,0.6278,0.6094,0.6101,0.8577,0.5671,0.6119,0.7811,0.5009,0.5498,0.3895,0.5931,0.6789,0.5802,0.5331,0.3134,0.4794,0.2591,0.5195,0.3092,0.1979,0.1667,0.353,
1.0,0.9988,0.9674,0.9662,0.9723,0.9978,0.9957,0.9894,0.9831,0.9213,0.7324,0.9324,0.9037,0.8362,0.7991,0.8547,0.682,0.8241,0.9388,0.7834,0.6071,0.9543,0.7194,0.6229,0.605,0.6103,0.8549,0.5643,0.618,0.7873,0.5093,0.549,0.3847,0.5878,0.6726,0.5767,0.5141,0.3109,0.4734,0.2603,0.5169,0.3137,0.2101,0.1576,0.3537,
1.0,0.9992,0.9697,0.9689,0.9719,0.9976,0.9956,0.9901,0.9847,0.9241,0.7465,0.9347,0.9074,0.8459,0.8077,0.8592,0.6905,0.832,0.9339,0.7831,0.6083,0.9503,0.7179,0.622,0.6042,0.6196,0.8536,0.5677,0.6184,0.7845,0.4997,0.5554,0.393,0.5925,0.6761,0.569,0.5156,0.3121,0.476,0.2588,0.525,0.3155,0.2104,0.1599,0.3609,
1.0,0.9986,0.9665,0.9651,0.9702,0.9974,0.9947,0.9905,0.9813,0.9212,0.7269,0.9302,0.9054,0.8374,0.7954,0.8522,0.6808,0.8194,0.9379,0.7853,0.6069,0.9498,0.7151,0.6201,0.6052,0.6106,0.8591,0.5678,0.6203,0.776,0.4996,0.5498,0.3887,0.5914,0.672,0.5764,0.5186,0.3181,0.4831,0.2567,0.5323,0.3088,0.2041,0.1562,0.348,
1.0,0.9993,0.9686,0.9679,0.9681,0.9976,0.9962,0.9922,0.988,0.9198,0.734,0.931,0.906,0.8388,0.8033,0.8519,0.6893,0.8275,0.9444,0.7798,0.6074,0.9509,0.7148,0.6243,0.6027,0.6088,0.8584,0.5694,0.6162,0.7786,0.5045,0.553,0.3923,0.5862,0.6721,0.581,0.5255,0.3223,0.4732,0.2564,0.5233,0.3091,0.201,0.1588,0.3506,
1.0,0.9991,0.9678,0.9669,0.9712,0.9964,0.9947,0.9906,0.985,0.9217,0.7366,0.9337,0.9058,0.8388,0.8012,0.8567,0.684,0.8262,0.9399,0.7842,0.6097,0.9524,0.7217,0.6208,0.6059,0.6153,0.8564,0.5698,0.6189,0.7796,0.4997,0.5522,0.3828,0.582,0.6752,0.5795,0.5172,0.3176,0.4754,0.2583,0.5275,0.3071,0.2067,0.1622,0.3513,
1.0,0.9985,0.967,0.9655,0.9695,0.9976,0.995,0.9893,0.9845,0.9176,0.729,0.9293,0.901,0.8358,0.7965,0.8484,0.677,0.8231,0.9424,0.7729,0.6024,0.9562,0.7168,0.6181,0.613,0.6102,0.8527,0.5696,0.6104,0.7776,0.505,0.5541,0.3896,0.5972,0.6759,0.5745,0.5231,0.3253,0.4724,0.2522,0.5184,0.3144,0.2039,0.1672,0.3479,
1.0,0.999,0.9688,0.9678,0.9693,0.9979,0.996,0.9904,0.9844,0.9252,0.7369,0.933,0.9108,0.8398,0.8011,0.8588,0.6829,0.826,0.9377,0.781,0.6132,0.9541,0.7253,0.6241,0.6083,0.6096,0.8516,0.5613,0.6266,0.7765,0.5016,0.5486,0.3893,0.5895,0.6795,0.5898,0.5208,0.3123,0.4813,0.2636,0.5235,0.3161,0.211,0.1647,0.354,
1.0,0.9989,0.9664,0.9653,0.9664,0.9976,0.9959,0.9892,0.9832,0.9203,0.7252,0.9268,0.9035,0.8329,0.7938,0.8497,0.673,0.8194,0.9386,0.7731,0.6028,0.9511,0.718,0.6123,0.5996,0.6033,0.8519,0.5506,0.6159,0.7723,0.4902,0.5373,0.3826,0.587,0.6692,0.5827,0.5195,0.3094,0.4772,0.2561,0.5135,0.3052,0.1962,0.1625,0.3458,
1.0,0.9986,0.9662,0.9648,0.9687,0.9963,0.9945,0.9914,0.9868,0.9216,0.7375,0.9283,0.9059,0.842,0.8051,0.8517,0.6877,0.832,0.9462,0.781,0.608,0.9554,0.7171,0.6217,0.6076,0.6196,0.8581,0.5778,0.6163,0.7749,0.5039,0.5562,0.3861,0.5892,0.6751,0.5829,0.5201,0.3218,0.4826,0.2602,0.5189,0.3095,0.2012,0.1588,0.353,
1.0,0.9994,0.9669,0.9663,0.9714,0.9962,0.9948,0.9922,0.9882,0.9227,0.745,0.9319,0.907,0.8441,0.8101,0.8559,0.6873,0.8324,0.941,0.7799,0.6074,0.953,0.7145,0.6213,0.5972,0.6159,0.8503,0.5648,0.6106,0.7823,0.5087,0.5511,0.3846,0.5844,0.6719,0.5772,0.5233,0.3165,0.4701,0.2609,0.5146,0.3092,0.2081,0.1609,0.347,
1.0,0.999,0.9673,0.9663,0.9705,0.9974,0.9949,0.9909,0.9863,0.925,0.7402,0.9314,0.909,0.8395,0.8008,0.8585,0.6759,0.8263,0.9401,0.7774,0.6166,0.9507,0.7242,0.6287,0.6046,0.61,0.8504,0.5573,0.6214,0.7813,0.5048,0.5415,0.3908,0.591,0.6638,0.5871,0.5121,0.3184,0.4739,0.2595,0.5085,0.313,0.2077,0.1575,0.3463,
1.0,0.999,0.9662,0.9652,0.9722,0.9975,0.9957,0.9888,0.9834,0.921,0.7312,0.9316,0.9029,0.8367,0.7954,0.8546,0.6781,0.8249,0.9432,0.7794,0.6093,0.9519,0.7233,0.6269,0.6094,0.6131,0.8537,0.5671,0.6219,0.7811,0.4992,0.553,0.384,0.5866,0.6738,0.5846,0.5293,0.3094,0.4774,0.2603,0.5215,0.3093,0.2023,0.1675,0.348,
1.0,0.9989,0.9687,0.9676,0.9665,0.9974,0.9952,0.989,0.9828,0.9223,0.7299,0.9283,0.9046,0.839,0.7973,0.8519,0.6814,0.8253,0.9434,0.7789,0.6088,0.9522,0.7174,0.6214,0.6018,0.6109,0.8522,0.5745,0.612,0.7781,0.5064,0.5533,0.3886,0.5941,0.6778,0.5756,0.5186,0.3192,0.4849,0.2507,0.525,0.3124,0.2056,0.1648,0.3508,
1.0,0.9993,0.9674,0.9667,0.969,0.997,0.9954,0.9908,0.9856,0.9238,0.7374,0.9291,0.9068,0.8394,0.8027,0.8535,0.6934,0.8251,0.9373,0.7847,0.6092,0.9527,0.7198,0.6235,0.6004,0.6105,0.8585,0.5655,0.6184,0.7825,0.5105,0.5445,0.3893,0.589,0.672,0.5776,0.5272,0.3134,0.4787,0.2645,0.5218,0.3134,0.2072,0.1688,0.3528,
1.0,0.9995,0.9683,0.9678,0.9738,0.9962,0.9947,0.9915,0.9862,0.9226,0.735,0.9362,0.906,0.8346,0.7982,0.859,0.6821,0.822,0.9417,0.7843,0.608,0.9511,0.7218,0.6263,0.607,0.6147,0.856,0.5627,0.6064,0.785,0.4998,0.5435,0.3924,0.5825,0.6659,0.5744,0.5181,0.305,0.4762,0.2492,0.5213,0.3086,0.2065,0.165,0.3478,
1.0,0.9991,0.9668,0.9659,0.9692,0.997,0.9948,0.9909,0.9861,0.9271,0.7384,0.9279,0.9092,0.838,0.7997,0.8556,0.6837,0.824,0.9447,0.7858,0.6141,0.952,0.7194,0.6201,0.6002,0.6227,0.8551,0.5732,0.6118,0.7854,0.5083,0.5591,0.3813,0.5865,0.6802,0.5822,0.5341,0.3232,0.4757,0.2634,0.525,0.3057,0.2108,0.1685,0.3501,
1.0,0.9988,0.9704,0.9692,0.9731,0.9976,0.9955,0.9917,0.9851,0.9248,0.7408,0.9372,0.9101,0.8418,0.8024,0.8629,0.6952,0.8283,0.939,0.7922,0.6106,0.9547,0.7233,0.6266,0.6152,0.6148,0.8648,0.5772,0.6244,0.7887,0.5108,0.5587,0.399,0.5947,0.6768,0.5816,0.5309,0.326,0.4893,0.2714,0.5319,0.3202,0.2168,0.1694,0.3599,
1.0,0.9986,0.9639,0.9625,0.9685,0.9973,0.9949,0.9914,0.9865,0.924,0.7348,0.9265,0.9108,0.8367,0.7998,0.8528,0.6873,0.8245,0.9438,0.789,0.6112,0.9521,0.7233,0.6185,0.5987,0.608,0.8678,0.5687,0.6198,0.7837,0.5163,0.5438,0.3848,0.5849,0.6721,0.5873,0.5317,0.3225,0.478,0.2634,0.5291,0.317,0.2132,0.1573,0.3557,
1.0,0.9985,0.9657,0.9642,0.9702,0.9973,0.9943,0.9907,0.9859,0.9229,0.7345,0.9296,0.9082,0.8351,0.7986,0.8544,0.6827,0.8219,0.9431,0.784,0.6073,0.9549,0.7191,0.6177,0.5986,0.6133,0.858,0.5694,0.6146,0.7818,0.5017,0.5488,0.3766,0.5803,0.6826,0.5823,0.5305,0.3082,0.4741,0.2586,0.5301,0.3057,0.2105,0.1638,0.3489,
1.0,0.9986,0.968,0.9666,0.9713,0.9962,0.9942,0.9912,0.9844,0.9259,0.7443,0.9351,0.9127,0.8451,0.8089,0.8612,0.6882,0.8304,0.9407,0.788,0.6227,0.9567,0.7353,0.6313,0.618,0.6249,0.8602,0.5752,0.63,0.7847,0.5013,0.5552,0.3896,0.599,0.6859,0.5965,0.5281,0.3147,0.4885,0.2694,0.5283,0.3042,0.2078,0.1738,0.3645,
1.0,0.999,0.9644,0.9634,0.9677,0.9974,0.9957,0.9901,0.9842,0.9275,0.7401,0.9247,0.9103,0.8419,0.7981,0.8535,0.678,0.8279,0.9393,0.7774,0.6186,0.9493,0.728,0.6242,0.6071,0.6079,0.8528,0.5599,0.6272,0.7809,0.4952,0.5476,0.385,0.5908,0.6728,0.5894,0.5105,0.319,0.481,0.2628,0.5184,0.31,0.2049,0.1603,0.3564,
1.0,0.9988,0.9649,0.9637,0.9717,0.9978,0.9958,0.9898,0.9835,0.9265,0.74,0.9297,0.9102,0.8403,0.8015,0.8575,0.6863,0.8265,0.9412,0.7911,0.6122,0.9503,0.7209,0.6213,0.6059,0.6217,0.8581,0.5714,0.6228,0.784,0.5135,0.5472,0.3941,0.5857,0.6701,0.5802,0.5172,0.318,0.4784,0.2628,0.5267,0.3158,0.2112,0.1547,0.3596,
1.0,0.9992,0.97,0.9692,0.9677,0.9969,0.996,0.9912,0.9837,0.9241,0.7298,0.9306,0.9075,0.8361,0.7945,0.8557,0.6766,0.8223,0.9389,0.7776,0.6032,0.9507,0.7197,0.6162,0.5989,0.6013,0.8525,0.5582,0.6165,0.7798,0.4979,0.5456,0.3843,0.5873,0.6728,0.5789,0.5192,0.3138,0.4775,0.2562,0.5269,0.3119,0.2036,0.1679,0.3456,
1.0,0.9986,0.9673,0.9659,0.9714,0.9967,0.9944,0.9903,0.9841,0.9256,0.7379,0.9319,0.9099,0.8382,0.8002,0.8588,0.6798,0.8238,0.9404,0.7838,0.6112,0.9518,0.7254,0.6231,0.6065,0.608,0.8567,0.5559,0.6223,0.7865,0.5036,0.5381,0.388,0.5951,0.6741,0.5852,0.524,0.312,0.4814,0.2646,0.514,0.3214,0.2122,0.1608,0.3597,
1.0,0.9984,0.9663,0.9647,0.9714,0.997,0.9944,0.9906,0.987,0.9292,0.7474,0.9311,0.9137,0.8413,0.8048,0.8611,0.6848,0.8301,0.9412,0.7868,0.6183,0.955,0.7301,0.6232,0.6032,0.6182,0.8542,0.5695,0.6225,0.794,0.5215,0.5558,0.3957,0.5957,0.6719,0.5901,0.5186,0.3215,0.4888,0.2679,0.526,0.3245,0.2176,0.1632,0.3639,
1.0,0.9986,0.9682,0.9668,0.9723,0.9976,0.9955,0.991,0.9858,0.9198,0.7379,0.9339,0.9051,0.8406,0.8042,0.8552,0.6895,0.8282,0.9449,0.7855,0.6108,0.9531,0.7163,0.6247,0.6052,0.6199,0.8591,0.5698,0.6159,0.7772,0.506,0.5551,0.3936,0.5917,0.6835,0.5786,0.5286,0.319,0.4834,0.2628,0.5352,0.3093,0.2103,0.1692,0.3564,
1.0,0.9992,0.9686,0.9678,0.9715,0.9977,0.9961,0.9918,0.9871,0.9315,0.7432,0.9345,0.9184,0.8358,0.8011,0.8667,0.6822,0.8235,0.9423,0.7894,0.6156,0.9495,0.7302,0.6243,0.6137,0.6219,0.8584,0.5629,0.6358,0.7943,0.5089,0.5493,0.3923,0.5986,0.6733,0.5913,0.516,0.3198,0.4754,0.2664,0.5175,0.3203,0.2148,0.1569,0.359,
1.0,0.999,0.9706,0.9696,0.97,0.9971,0.995,0.9912,0.9864,0.9219,0.7372,0.9346,0.9061,0.839,0.8022,0.8568,0.6891,0.8274,0.9433,0.7832,0.6093,0.9514,0.7164,0.6274,0.6089,0.6199,0.8614,0.5722,0.6156,0.7835,0.4982,0.5574,0.3948,0.597,0.6765,0.5765,0.5171,0.3206,0.4759,0.2579,0.5208,0.3115,0.2067,0.1638,0.353,
1.0,0.9989,0.9678,0.9667,0.9722,0.9978,0.996,0.9914,0.986,0.9297,0.7444,0.9318,0.9133,0.8398,0.8026,0.8624,0.6908,0.8267,0.9365,0.7931,0.6096,0.9551,0.7259,0.6202,0.6133,0.613,0.8589,0.5671,0.6286,0.7951,0.5096,0.5463,0.3875,0.6024,0.6733,0.5866,0.5162,0.3142,0.4884,0.2673,0.5311,0.3198,0.2108,0.1649,0.3709,
1.0,0.9989,0.9666,0.9655,0.9704,0.9969,0.9943,0.9902,0.9854,0.925,0.7342,0.9309,0.9084,0.8366,0.7991,0.8575,0.6867,0.8229,0.9405,0.7901,0.6143,0.9482,0.7283,0.6237,0.6178,0.6128,0.8621,0.5686,0.6342,0.7812,0.5004,0.5478,0.3938,0.5912,0.6722,0.5955,0.5297,0.317,0.4879,0.273,0.5301,0.3126,0.2111,0.1746,0.3577,
1.0,0.9985,0.9677,0.9662,0.9712,0.9974,0.9952,0.9891,0.9821,0.9217,0.7381,0.9316,0.9042,0.8458,0.8065,0.855,0.6887,0.8303,0.9388,0.7827,0.6138,0.9523,0.7236,0.63,0.6146,0.6206,0.8537,0.5763,0.625,0.7853,0.5016,0.5653,0.3863,0.6,0.6832,0.5898,0.5186,0.3202,0.4773,0.2631,0.5269,0.3123,0.2113,0.1676,0.3574,
1.0,0.9987,0.9676,0.9663,0.9726,0.9976,0.9955,0.9917,0.9874,0.9265,0.7446,0.9323,0.9104,0.8392,0.8037,0.8599,0.6843,0.8275,0.9426,0.7808,0.6173,0.9535,0.7258,0.6281,0.6028,0.6175,0.8488,0.5602,0.6177,0.7886,0.5126,0.5451,0.3876,0.5793,0.6716,0.5808,0.5162,0.3128,0.4749,0.2544,0.516,0.3177,0.208,0.1611,0.3502,
1.0,0.999,0.9661,0.9651,0.9708,0.9982,0.996,0.9901,0.9843,0.9208,0.7317,0.9298,0.9045,0.8371,0.7991,0.8522,0.6853,0.824,0.9419,0.7827,0.6082,0.953,0.7134,0.6227,0.6095,0.6139,0.8529,0.5685,0.6251,0.7761,0.5104,0.555,0.3911,0.599,0.6826,0.5844,0.5257,0.3156,0.4848,0.264,0.5321,0.3192,0.2138,0.1643,0.3567,
1.0,0.999,0.9689,0.9679,0.9722,0.9974,0.9948,0.99,0.9843,0.9235,0.7359,0.9353,0.9075,0.8393,0.7988,0.8592,0.6839,0.825,0.9367,0.7858,0.6085,0.9531,0.7254,0.6247,0.6077,0.6115,0.8595,0.5635,0.6156,0.7825,0.5069,0.5451,0.3896,0.5881,0.6666,0.5726,0.5077,0.3237,0.4815,0.2517,0.5196,0.3097,0.2072,0.162,0.3511,
1.0,0.9988,0.9662,0.965,0.9695,0.9976,0.9957,0.9921,0.9867,0.9248,0.735,0.9288,0.9099,0.8361,0.798,0.8545,0.6755,0.8224,0.9454,0.7747,0.6127,0.9556,0.7274,0.6226,0.6152,0.6174,0.8512,0.57,0.6249,0.7879,0.5201,0.5547,0.3936,0.5879,0.6758,0.5897,0.5318,0.3302,0.4731,0.2652,0.511,0.318,0.2048,0.1733,0.3502,
1.0,0.9989,0.9677,0.9666,0.9671,0.9971,0.9951,0.9895,0.9834,0.9233,0.7324,0.9286,0.9068,0.8392,0.8004,0.8527,0.6856,0.8263,0.9421,0.7834,0.6089,0.9521,0.7221,0.6168,0.5986,0.613,0.8576,0.568,0.615,0.7813,0.5063,0.5522,0.3789,0.5893,0.6764,0.5787,0.5279,0.3161,0.4719,0.257,0.523,0.308,0.2075,0.1617,0.3519,
1.0,0.9989,0.9684,0.9673,0.9688,0.9976,0.9948,0.9914,0.9874,0.9186,0.7416,0.9313,0.9048,0.8472,0.8124,0.8525,0.6925,0.8338,0.9423,0.7743,0.6163,0.9516,0.7193,0.6313,0.6112,0.6201,0.8581,0.5789,0.6221,0.7842,0.5018,0.5703,0.3928,0.5972,0.6775,0.5791,0.5173,0.3299,0.4767,0.2607,0.5245,0.3113,0.2087,0.1615,0.361,
1.0,0.9998,0.9692,0.969,0.9703,0.9969,0.995,0.991,0.9856,0.9232,0.7365,0.934,0.9068,0.8397,0.8037,0.8576,0.6886,0.8261,0.9414,0.7844,0.6172,0.9529,0.729,0.6316,0.6163,0.6162,0.8572,0.5666,0.6256,0.781,0.5092,0.552,0.4002,0.5976,0.6747,0.5877,0.5228,0.322,0.4789,0.2647,0.5233,0.3137,0.212,0.1643,0.3552,
1.0,0.9992,0.9708,0.97,0.9718,0.9971,0.9953,0.9906,0.9868,0.9258,0.7458,0.9354,0.9085,0.8436,0.8055,0.8621,0.6973,0.832,0.9413,0.7908,0.6144,0.9528,0.7226,0.6276,0.6078,0.6205,0.8607,0.5742,0.621,0.7854,0.5019,0.5564,0.3864,0.5933,0.6815,0.5801,0.5247,0.3143,0.48,0.2667,0.5316,0.308,0.2105,0.1722,0.3572,
1.0,0.9995,0.9652,0.9647,0.9732,0.9969,0.9955,0.9915,0.9857,0.9243,0.7388,0.9324,0.9082,0.8374,0.8011,0.8569,0.6862,0.8236,0.9367,0.7922,0.5997,0.9503,0.7151,0.6122,0.5989,0.6171,0.8599,0.5686,0.6057,0.7849,0.5042,0.5447,0.3844,0.5825,0.6666,0.5742,0.5228,0.3151,0.4722,0.2538,0.5255,0.3087,0.2115,0.163,0.3492,
1.0,0.9994,0.9679,0.9673,0.9661,0.9972,0.9958,0.9906,0.9841,0.9259,0.7353,0.9281,0.9096,0.8366,0.7991,0.8557,0.6835,0.8229,0.9399,0.782,0.6124,0.9525,0.7246,0.6173,0.6013,0.6109,0.8558,0.5617,0.6219,0.7834,0.5077,0.5453,0.388,0.5915,0.6765,0.5821,0.5247,0.3123,0.4915,0.2618,0.5354,0.3183,0.2078,0.1682,0.3536,
1.0,0.9982,0.968,0.9662,0.9685,0.9965,0.9941,0.9915,0.9869,0.9235,0.734,0.9274,0.9066,0.8382,0.7998,0.8515,0.6896,0.8265,0.9415,0.7832,0.6012,0.9532,0.7141,0.6133,0.604,0.6118,0.8582,0.57,0.6109,0.7789,0.5086,0.5524,0.3856,0.5874,0.6744,0.5773,0.5291,0.3193,0.4767,0.2586,0.5295,0.3078,0.2104,0.164,0.3487,
1.0,0.999,0.9654,0.9644,0.9687,0.9973,0.9953,0.9902,0.9841,0.9214,0.7333,0.9289,0.9063,0.8416,0.7987,0.8518,0.6822,0.8264,0.9403,0.7797,0.6112,0.9524,0.7206,0.6224,0.5993,0.6033,0.8614,0.5667,0.6208,0.7707,0.4964,0.5485,0.3825,0.5897,0.6829,0.5871,0.5317,0.3129,0.4804,0.2665,0.5317,0.3063,0.2121,0.1594,0.3624,
1.0,0.9984,0.9644,0.9628,0.9689,0.9972,0.9947,0.9911,0.9851,0.9246,0.7344,0.9263,0.9096,0.8347,0.7958,0.8524,0.6783,0.8219,0.9415,0.7823,0.6125,0.9545,0.7255,0.6217,0.608,0.6129,0.8552,0.5668,0.6212,0.7814,0.5097,0.5511,0.3902,0.5844,0.669,0.5889,0.5193,0.3146,0.4789,0.2606,0.5236,0.3091,0.205,0.163,0.3453,
1.0,0.9988,0.9676,0.9664,0.9684,0.9978,0.996,0.9899,0.9846,0.9215,0.7311,0.9284,0.9043,0.8372,0.7959,0.8517,0.6764,0.8252,0.9414,0.7726,0.604,0.9522,0.7162,0.6181,0.5979,0.6087,0.85,0.5612,0.6096,0.7757,0.4971,0.5476,0.3831,0.5828,0.6732,0.575,0.5145,0.319,0.4733,0.2491,0.5164,0.3092,0.2086,0.1639,0.3421,
1.0,0.9991,0.9682,0.9673,0.9711,0.998,0.9961,0.99,0.9846,0.9223,0.741,0.9329,0.9062,0.8443,0.8035,0.8574,0.6854,0.8311,0.9417,0.7772,0.616,0.9528,0.7217,0.6298,0.6059,0.615,0.8533,0.5709,0.619,0.7783,0.5008,0.5555,0.3856,0.5899,0.6791,0.5815,0.5118,0.3194,0.4746,0.2533,0.5294,0.3084,0.2116,0.1638,0.3478,
1.0,0.9988,0.9642,0.963,0.9713,0.9973,0.9952,0.9906,0.9852,0.9239,0.7445,0.9274,0.9065,0.8465,0.8039,0.8523,0.6869,0.8332,0.9396,0.7812,0.6109,0.9527,0.7175,0.622,0.6005,0.6167,0.8533,0.5713,0.614,0.7809,0.4971,0.5567,0.3704,0.5752,0.6673,0.576,0.5236,0.3142,0.4631,0.2603,0.5178,0.2951,0.1998,0.1567,0.3474,
1.0,0.999,0.9715,0.9705,0.9694,0.997,0.9951,0.989,0.9838,0.9227,0.732,0.9337,0.9038,0.8363,0.7956,0.8565,0.6827,0.8246,0.9421,0.7791,0.6087,0.9537,0.7227,0.6248,0.607,0.6137,0.8524,0.5669,0.6163,0.779,0.5063,0.5564,0.3938,0.5902,0.6772,0.5804,0.5252,0.3138,0.4737,0.2549,0.5194,0.3106,0.2087,0.1666,0.3474,
1.0,0.9994,0.9673,0.9667,0.9702,0.9968,0.9941,0.9886,0.9855,0.9257,0.7344,0.9303,0.9057,0.8351,0.7964,0.8577,0.6826,0.8223,0.9418,0.7864,0.6058,0.9495,0.7154,0.6167,0.6037,0.6127,0.8516,0.5677,0.6187,0.7784,0.5037,0.5471,0.3795,0.5801,0.6711,0.5807,0.5166,0.3083,0.4673,0.2522,0.5162,0.3062,0.2029,0.1516,0.3447,
1.0,0.9989,0.9653,0.9642,0.9706,0.9969,0.9953,0.9908,0.9839,0.9206,0.737,0.9291,0.9049,0.8425,0.8028,0.8513,0.685,0.8289,0.942,0.7818,0.6118,0.9533,0.7213,0.6248,0.6064,0.6183,0.8592,0.5781,0.6139,0.7813,0.5066,0.5603,0.3939,0.5933,0.6688,0.5781,0.5205,0.3195,0.4784,0.2582,0.5138,0.3096,0.2028,0.1594,0.3616,
1.0,0.9988,0.9703,0.9691,0.9713,0.9978,0.9959,0.9913,0.9854,0.9256,0.7375,0.9344,0.9101,0.8385,0.7978,0.8607,0.6826,0.8253,0.9399,0.7828,0.6122,0.9547,0.7272,0.6274,0.6171,0.6175,0.8568,0.5648,0.6283,0.7867,0.5071,0.5551,0.3861,0.594,0.6821,0.588,0.5131,0.3168,0.4771,0.2597,0.5268,0.3107,0.2061,0.1648,0.3584,
1.0,0.9989,0.9683,0.9672,0.9675,0.9972,0.9949,0.9894,0.9836,0.9244,0.7316,0.9295,0.9073,0.8389,0.7993,0.8543,0.6868,0.8251,0.9395,0.7838,0.6094,0.9487,0.7199,0.6205,0.6012,0.6091,0.8597,0.5678,0.6183,0.7803,0.5049,0.553,0.3917,0.5928,0.6708,0.5765,0.5087,0.3187,0.4805,0.2539,0.5245,0.3129,0.2073,0.156,0.3527,
1.0,0.9986,0.9652,0.9638,0.973,0.996,0.9935,0.9906,0.9847,0.9233,0.7418,0.931,0.9065,0.8431,0.8043,0.856,0.6873,0.8305,0.9426,0.7848,0.6111,0.9511,0.7195,0.6252,0.6055,0.6218,0.8573,0.5734,0.6144,0.7842,0.5044,0.5513,0.3861,0.5908,0.6724,0.5811,0.5251,0.3155,0.4858,0.2597,0.5231,0.3114,0.2145,0.1617,0.3605,
1.0,0.9991,0.9658,0.9649,0.9695,0.9972,0.9957,0.9901,0.9832,0.9253,0.7323,0.9283,0.9083,0.8342,0.7909,0.8538,0.6778,0.8207,0.9444,0.7832,0.615,0.9525,0.7248,0.6238,0.6014,0.612,0.8538,0.5642,0.6223,0.7782,0.5047,0.5481,0.3908,0.5915,0.6796,0.5864,0.5276,0.3135,0.4744,0.2628,0.5256,0.3079,0.2042,0.172,0.3529,
1.0,0.9982,0.9705,0.9687,0.9703,0.9977,0.9946,0.9902,0.9836,0.9253,0.73,0.9334,0.91,0.8331,0.7949,0.8599,0.6774,0.8181,0.9429,0.7858,0.6081,0.9558,0.7202,0.621,0.6029,0.6131,0.8565,0.5657,0.6192,0.7854,0.5154,0.5554,0.3857,0.5942,0.6881,0.5851,0.5298,0.3165,0.476,0.2566,0.5246,0.3131,0.2088,0.1575,0.3469,
1.0,0.999,0.9698,0.9688,0.9708,0.9969,0.9953,0.9909,0.9854,0.9256,0.7434,0.9344,0.9095,0.8446,0.8049,0.8611,0.689,0.8316,0.9406,0.7828,0.6139,0.9541,0.7221,0.6266,0.6025,0.6135,0.8565,0.5653,0.6171,0.7808,0.4942,0.5453,0.3785,0.583,0.6749,0.5753,0.5146,0.3114,0.4715,0.2551,0.5193,0.2989,0.2087,0.1531,0.3483,
1.0,0.9992,0.9668,0.966,0.9699,0.9978,0.9959,0.9902,0.9858,0.9223,0.737,0.9286,0.9042,0.8402,0.8003,0.8529,0.6847,0.8282,0.9425,0.7797,0.609,0.9505,0.7133,0.6217,0.6,0.6144,0.8523,0.5663,0.6169,0.7735,0.495,0.5512,0.3797,0.5877,0.6737,0.5775,0.51,0.3127,0.4677,0.2571,0.5188,0.2981,0.2034,0.1571,0.3514,
1.0,0.9992,0.9682,0.9674,0.9716,0.9975,0.996,0.9914,0.9852,0.9287,0.7482,0.9331,0.913,0.8469,0.8108,0.8636,0.6975,0.8332,0.9391,0.7929,0.6223,0.953,0.7253,0.6323,0.6058,0.6197,0.8579,0.5722,0.6291,0.7942,0.5188,0.5562,0.3851,0.594,0.6779,0.5884,0.5243,0.3187,0.4808,0.273,0.5301,0.3211,0.2164,0.1659,0.3586,
1.0,0.9988,0.9665,0.9653,0.9689,0.9975,0.9956,0.9906,0.9842,0.9255,0.7389,0.9293,0.9099,0.8422,0.8054,0.8564,0.6868,0.8297,0.9401,0.7847,0.6122,0.952,0.718,0.6191,0.5999,0.6177,0.8544,0.5694,0.6292,0.7847,0.4982,0.5623,0.3787,0.5931,0.6855,0.5817,0.5224,0.3165,0.4754,0.2696,0.5275,0.3097,0.2085,0.1617,0.3609,
1.0,0.9991,0.9663,0.9654,0.9714,0.9975,0.996,0.9915,0.9871,0.9253,0.7424,0.9312,0.9098,0.8402,0.8028,0.858,0.6874,0.8287,0.9425,0.7846,0.6189,0.9505,0.7266,0.6288,0.6129,0.6144,0.8576,0.5699,0.6321,0.7841,0.5087,0.5511,0.3898,0.5852,0.6727,0.5948,0.5184,0.3183,0.4757,0.2677,0.5224,0.3124,0.2133,0.1681,0.3586,
1.0,0.9984,0.967,0.9654,0.97,0.9968,0.9939,0.9899,0.9841,0.9225,0.7309,0.9298,0.9055,0.8357,0.7973,0.8549,0.6758,0.8206,0.9406,0.7783,0.6082,0.9514,0.7228,0.6203,0.6028,0.6106,0.8518,0.5606,0.6134,0.7797,0.5014,0.5452,0.391,0.5844,0.6708,0.5808,0.5221,0.3131,0.4781,0.2534,0.5216,0.3044,0.1965,0.1707,0.3482,
1.0,0.9987,0.9679,0.9666,0.9697,0.9973,0.9954,0.9889,0.9827,0.9249,0.7387,0.9305,0.9078,0.8438,0.8041,0.8564,0.6864,0.8301,0.9414,0.7831,0.6128,0.9523,0.7224,0.6269,0.5991,0.6132,0.8557,0.5615,0.6137,0.7834,0.5038,0.5481,0.3858,0.5919,0.6681,0.5791,0.5201,0.311,0.4818,0.2518,0.5218,0.3085,0.2035,0.1625,0.3551,
1.0,0.9988,0.9701,0.9689,0.9678,0.9976,0.9948,0.9893,0.9851,0.9272,0.7334,0.9312,0.9106,0.8366,0.7975,0.8605,0.6798,0.8231,0.9357,0.7815,0.6045,0.9504,0.7259,0.6161,0.6083,0.6017,0.8565,0.5606,0.628,0.7847,0.4954,0.546,0.3821,0.5981,0.6699,0.5824,0.5222,0.3117,0.4769,0.2689,0.519,0.3067,0.2019,0.167,0.3453,
1.0,0.9987,0.969,0.9677,0.9695,0.998,0.9961,0.992,0.9861,0.9208,0.7375,0.9305,0.905,0.8444,0.807,0.8527,0.6958,0.8325,0.9399,0.7833,0.6117,0.9587,0.7196,0.627,0.6104,0.6119,0.8607,0.5689,0.6227,0.7813,0.5049,0.5548,0.3923,0.5981,0.681,0.5805,0.5249,0.3141,0.4788,0.2666,0.5248,0.3163,0.2122,0.1571,0.3633,
1.0,0.9989,0.9703,0.9692,0.9699,0.9968,0.9948,0.9896,0.9837,0.9185,0.7387,0.9341,0.9021,0.8496,0.8114,0.8533,0.6944,0.8349,0.9368,0.7791,0.6139,0.9493,0.717,0.6303,0.6118,0.6202,0.8549,0.5762,0.6169,0.7769,0.5042,0.5581,0.3901,0.5884,0.6706,0.5759,0.5164,0.3199,0.4757,0.2646,0.5201,0.311,0.2,0.1673,0.3546,
1.0,0.9987,0.9649,0.9636,0.9709,0.9964,0.994,0.9909,0.9859,0.9237,0.7438,0.929,0.9074,0.8437,0.806,0.854,0.6846,0.8315,0.9386,0.782,0.6065,0.9527,0.7145,0.6189,0.5968,0.6171,0.8521,0.5673,0.6073,0.776,0.4954,0.5449,0.3783,0.5864,0.6662,0.5722,0.5155,0.3064,0.4803,0.2496,0.5171,0.3063,0.2018,0.1559,0.3562,
1.0,0.9991,0.9682,0.9673,0.9699,0.9975,0.9953,0.9909,0.9867,0.9215,0.7377,0.9319,0.9062,0.8407,0.8046,0.8553,0.6889,0.8276,0.94,0.7809,0.6099,0.951,0.7203,0.6253,0.6082,0.6174,0.8572,0.5702,0.628,0.779,0.5049,0.5548,0.3916,0.5888,0.6743,0.5798,0.5173,0.322,0.4797,0.2674,0.5279,0.3096,0.2093,0.1599,0.3571,
1.0,0.9992,0.968,0.9672,0.97,0.9974,0.9956,0.9893,0.9838,0.926,0.7419,0.9323,0.9094,0.8428,0.8038,0.859,0.6849,0.8295,0.9427,0.7823,0.6241,0.9543,0.734,0.635,0.616,0.6243,0.8525,0.5728,0.6232,0.785,0.5062,0.5576,0.3916,0.5932,0.6739,0.5961,0.5274,0.3157,0.4816,0.265,0.5177,0.3162,0.1997,0.1736,0.3515,
1.0,0.9991,0.9666,0.9657,0.9684,0.9971,0.9952,0.992,0.9861,0.9264,0.7336,0.9296,0.9128,0.8337,0.7984,0.8572,0.6736,0.8198,0.9407,0.7797,0.611,0.9568,0.7271,0.6187,0.5987,0.6109,0.8509,0.5575,0.6191,0.7839,0.5054,0.5487,0.379,0.5857,0.6834,0.5804,0.5207,0.3105,0.4743,0.2595,0.5243,0.3083,0.2056,0.1637,0.3454,
1.0,0.9992,0.9677,0.9669,0.9683,0.9969,0.9954,0.9902,0.9839,0.9234,0.7423,0.9297,0.9068,0.848,0.8058,0.8541,0.685,0.8344,0.9371,0.776,0.6127,0.9525,0.724,0.624,0.6075,0.6182,0.8508,0.5753,0.6176,0.7787,0.498,0.5584,0.3883,0.586,0.6681,0.5749,0.5175,0.3254,0.4725,0.2673,0.5152,0.3034,0.2017,0.1693,0.3476,
1.0,0.9991,0.9665,0.9656,0.968,0.9974,0.996,0.9906,0.9836,0.9222,0.7295,0.9282,0.9065,0.8363,0.7956,0.851,0.6791,0.8225,0.9408,0.7785,0.6093,0.9537,0.7243,0.6191,0.6017,0.6033,0.8568,0.5589,0.6164,0.7786,0.5071,0.5439,0.3895,0.5922,0.6802,0.5773,0.5141,0.3242,0.4826,0.2532,0.5255,0.319,0.2047,0.1557,0.3486,
1.0,0.9993,0.97,0.9693,0.9703,0.9979,0.9963,0.9915,0.9852,0.9201,0.7322,0.935,0.906,0.8377,0.8037,0.8563,0.6907,0.8228,0.9397,0.7864,0.6067,0.9555,0.7222,0.6259,0.6099,0.6119,0.859,0.5676,0.6235,0.7799,0.5102,0.5521,0.3857,0.58,0.6844,0.5816,0.5239,0.3238,0.4716,0.2569,0.5313,0.307,0.2125,0.1644,0.3446,
1.0,0.9981,0.9642,0.9623,0.9676,0.9973,0.9947,0.9886,0.9835,0.9206,0.7362,0.9242,0.9032,0.8437,0.8043,0.8466,0.6841,0.8303,0.9414,0.7772,0.6146,0.9507,0.7214,0.6253,0.6042,0.6128,0.854,0.5685,0.6174,0.7787,0.5036,0.5525,0.3863,0.5849,0.6682,0.5839,0.5292,0.3188,0.4677,0.2628,0.5182,0.3121,0.2015,0.1639,0.3508,
1.0,0.9983,0.9633,0.9616,0.9717,0.9977,0.9953,0.9909,0.9864,0.9252,0.7418,0.9288,0.9112,0.8404,0.8063,0.8553,0.6843,0.8288,0.9437,0.7863,0.6114,0.9549,0.7226,0.6184,0.6018,0.6224,0.8587,0.5654,0.6133,0.7859,0.51,0.5508,0.3816,0.5808,0.6772,0.5884,0.5281,0.3193,0.4764,0.2617,0.5218,0.3146,0.2161,0.1635,0.3442,
1.0,0.9991,0.9658,0.9649,0.969,0.9972,0.9953,0.9897,0.9839,0.9235,0.7339,0.9281,0.9064,0.8404,0.7995,0.852,0.6812,0.8275,0.9415,0.7798,0.6058,0.9506,0.7173,0.617,0.6008,0.6135,0.8528,0.5643,0.6102,0.7707,0.4954,0.5465,0.3867,0.5901,0.675,0.5835,0.5221,0.3135,0.4749,0.2607,0.5173,0.3047,0.2055,0.1608,0.3533,
1.0,0.9987,0.9664,0.9651,0.9692,0.9969,0.9949,0.9913,0.9853,0.9244,0.731,0.9292,0.9093,0.8322,0.796,0.8554,0.6858,0.8184,0.9391,0.7932,0.6109,0.9541,0.7287,0.62,0.6079,0.6078,0.8621,0.5653,0.6258,0.7835,0.5033,0.5419,0.3864,0.5872,0.6758,0.5906,0.5233,0.3079,0.484,0.2626,0.5341,0.3126,0.2079,0.1665,0.3611,
1.0,0.9994,0.9693,0.9687,0.9696,0.9973,0.9961,0.9916,0.9856,0.9207,0.7367,0.9327,0.905,0.8424,0.8056,0.8555,0.6883,0.8305,0.9403,0.7776,0.6107,0.9545,0.72,0.63,0.6098,0.6119,0.8526,0.5694,0.6244,0.7793,0.5024,0.5549,0.3891,0.5915,0.6707,0.586,0.516,0.3141,0.4753,0.2564,0.5191,0.3092,0.2054,0.1614,0.3526,
1.0,0.9991,0.9721,0.9712,0.9702,0.9977,0.9959,0.9911,0.9855,0.9202,0.7334,0.9345,0.9034,0.8387,0.7993,0.8549,0.6908,0.8261,0.9414,0.7809,0.6038,0.9541,0.7107,0.6226,0.6018,0.6075,0.8567,0.5602,0.6131,0.7755,0.4961,0.5497,0.3851,0.5925,0.6783,0.5743,0.5189,0.3087,0.4803,0.2536,0.5303,0.303,0.212,0.1623,0.3552,
1.0,0.9992,0.9678,0.967,0.9682,0.9977,0.9961,0.9913,0.9837,0.9262,0.7381,0.9284,0.9094,0.8411,0.7991,0.8546,0.6845,0.8266,0.9393,0.7809,0.605,0.9561,0.7196,0.6159,0.6047,0.6208,0.851,0.5714,0.6132,0.7841,0.503,0.5579,0.3874,0.5894,0.6673,0.5744,0.5162,0.321,0.473,0.2518,0.5134,0.3117,0.2038,0.1577,0.3473,
1.0,0.9984,0.9697,0.9681,0.9684,0.9981,0.9954,0.9899,0.9847,0.928,0.7381,0.9306,0.912,0.8377,0.8002,0.8596,0.6846,0.8246,0.9392,0.7847,0.6147,0.9563,0.7321,0.6225,0.6158,0.6148,0.8564,0.5604,0.6279,0.7904,0.508,0.5516,0.384,0.5924,0.6828,0.5885,0.5217,0.3075,0.4843,0.2638,0.5317,0.3196,0.217,0.1648,0.3612,
1.0,0.9993,0.9682,0.9675,0.9687,0.9971,0.9953,0.9909,0.9863,0.9247,0.7381,0.9312,0.9086,0.8399,0.8036,0.8566,0.6837,0.827,0.9396,0.7803,0.6096,0.9522,0.7248,0.6221,0.6057,0.6136,0.8539,0.5608,0.6236,0.7788,0.4975,0.5485,0.3866,0.5919,0.6742,0.5852,0.5197,0.3127,0.483,0.2637,0.5257,0.31,0.211,0.1614,0.3568,
1.0,0.9987,0.9672,0.9659,0.9671,0.9972,0.9949,0.9899,0.9851,0.9188,0.7328,0.9278,0.9025,0.8433,0.8057,0.8479,0.6886,0.8295,0.9393,0.7796,0.6169,0.9505,0.7219,0.6309,0.6061,0.608,0.8568,0.5715,0.6216,0.7782,0.5042,0.5598,0.3959,0.5907,0.6739,0.5889,0.5205,0.3237,0.4771,0.268,0.5269,0.3097,0.2137,0.1612,0.3559,
1.0,0.9987,0.9631,0.9618,0.9721,0.9975,0.9957,0.992,0.9847,0.9247,0.7447,0.9286,0.9107,0.8446,0.8067,0.8532,0.6927,0.8307,0.9412,0.7903,0.6205,0.9524,0.7208,0.6303,0.6022,0.6221,0.8604,0.5784,0.6189,0.7892,0.5035,0.557,0.38,0.5873,0.665,0.5862,0.5208,0.3214,0.4712,0.2691,0.5229,0.3103,0.2043,0.1604,0.3522,
1.0,0.999,0.9675,0.9665,0.9719,0.9977,0.9954,0.9903,0.9848,0.9204,0.7342,0.933,0.9052,0.8386,0.8023,0.8554,0.6852,0.8251,0.94,0.7822,0.6056,0.9556,0.7154,0.62,0.6029,0.6128,0.856,0.5644,0.616,0.784,0.5093,0.5476,0.3816,0.5918,0.6827,0.5788,0.5157,0.3166,0.48,0.2512,0.5294,0.317,0.2119,0.1566,0.358,
1.0,0.9989,0.9662,0.9651,0.9681,0.9972,0.9955,0.9919,0.985,0.9197,0.7346,0.9285,0.9061,0.8436,0.8067,0.8502,0.6867,0.8299,0.9442,0.7782,0.61,0.955,0.7217,0.6265,0.6065,0.6203,0.8605,0.5802,0.6151,0.783,0.4982,0.5634,0.3828,0.5991,0.6806,0.5816,0.5284,0.323,0.4765,0.2606,0.5179,0.3042,0.2078,0.161,0.3568,
1.0,0.9982,0.9659,0.9641,0.9691,0.9979,0.9945,0.9891,0.9817,0.9233,0.7288,0.9277,0.9072,0.8377,0.7972,0.8518,0.6796,0.8217,0.938,0.7792,0.6103,0.9485,0.7212,0.6231,0.608,0.614,0.8529,0.5665,0.6192,0.7807,0.4998,0.548,0.3914,0.5848,0.6661,0.5814,0.5138,0.3148,0.4705,0.2603,0.5158,0.3089,0.2055,0.163,0.3423,
1.0,0.9992,0.9682,0.9674,0.971,0.9965,0.9938,0.9903,0.9853,0.9202,0.7299,0.9336,0.9032,0.8366,0.7993,0.8545,0.6792,0.8213,0.9372,0.7778,0.6028,0.9497,0.716,0.6204,0.6015,0.6059,0.8523,0.5589,0.6139,0.7752,0.4947,0.5463,0.3904,0.5871,0.6707,0.5718,0.515,0.3048,0.473,0.2538,0.5202,0.3053,0.1983,0.16,0.3521,
1.0,0.9992,0.9651,0.9643,0.9706,0.9977,0.9954,0.99,0.9854,0.9259,0.742,0.929,0.9092,0.8416,0.802,0.8576,0.6807,0.8292,0.9436,0.7814,0.618,0.9541,0.7255,0.6261,0.6092,0.6238,0.8544,0.5727,0.6205,0.783,0.5018,0.5589,0.3881,0.5917,0.676,0.5831,0.5202,0.3194,0.4806,0.2586,0.5265,0.3079,0.2064,0.1649,0.3528,
1.0,0.999,0.9674,0.9664,0.9702,0.9977,0.9959,0.9909,0.9862,0.9249,0.7367,0.9312,0.9092,0.8361,0.7985,0.8581,0.6825,0.8233,0.9412,0.7822,0.6058,0.9505,0.7171,0.6169,0.6046,0.6179,0.8573,0.5651,0.6176,0.7804,0.4992,0.551,0.3874,0.5861,0.6762,0.5831,0.5239,0.3161,0.4793,0.2632,0.5261,0.3082,0.2052,0.1671,0.3504,
1.0,0.9984,0.9685,0.9669,0.969,0.997,0.9941,0.9898,0.9848,0.9231,0.7333,0.931,0.9077,0.8363,0.7996,0.8552,0.6812,0.8232,0.9384,0.7826,0.6042,0.954,0.72,0.616,0.6052,0.611,0.8558,0.5628,0.617,0.7853,0.508,0.5489,0.3886,0.5952,0.6738,0.5833,0.5153,0.3173,0.4814,0.2531,0.5209,0.3195,0.204,0.1612,0.3505,
1.0,0.999,0.9674,0.9664,0.9697,0.998,0.9961,0.9909,0.9852,0.9225,0.7355,0.931,0.9078,0.837,0.8003,0.8551,0.6841,0.8232,0.9398,0.7835,0.6098,0.9579,0.7259,0.6201,0.6174,0.6148,0.8591,0.5688,0.6237,0.7843,0.5068,0.5536,0.3958,0.6042,0.6817,0.5923,0.5255,0.3159,0.4844,0.2617,0.5267,0.3178,0.2076,0.1723,0.3611,
1.0,0.9988,0.9671,0.9659,0.9692,0.9973,0.9953,0.9914,0.985,0.9232,0.7319,0.9305,0.9089,0.8359,0.7997,0.8558,0.6772,0.8219,0.9432,0.7805,0.6069,0.9529,0.7178,0.6195,0.5978,0.6162,0.8544,0.5652,0.6199,0.7862,0.5082,0.5591,0.3805,0.5965,0.6823,0.5834,0.518,0.3196,0.4776,0.2564,0.5279,0.3115,0.2089,0.1658,0.353,
1.0,0.9988,0.9686,0.9674,0.9715,0.998,0.9961,0.9907,0.9851,0.9221,0.7339,0.9334,0.9068,0.8374,0.7989,0.8574,0.6908,0.8261,0.9407,0.7882,0.6055,0.9531,0.7186,0.621,0.6104,0.6134,0.8627,0.5672,0.6253,0.7806,0.4945,0.5533,0.3916,0.5976,0.6771,0.5751,0.5196,0.3148,0.4876,0.2596,0.5356,0.3119,0.2104,0.1677,0.3683,
1.0,0.9988,0.9639,0.9627,0.9706,0.9976,0.995,0.9889,0.9833,0.9231,0.7301,0.9275,0.9054,0.8341,0.7915,0.8526,0.6704,0.8202,0.9378,0.7774,0.6054,0.9477,0.7228,0.6144,0.6069,0.6067,0.852,0.5614,0.6193,0.7797,0.5015,0.5444,0.3894,0.5797,0.6684,0.5786,0.5126,0.3183,0.474,0.2546,0.5223,0.3035,0.2122,0.1644,0.3419,
1.0,0.9987,0.9652,0.9639,0.9726,0.9976,0.9953,0.9905,0.9846,0.9207,0.7372,0.9304,0.905,0.8401,0.8026,0.8527,0.685,0.8266,0.9425,0.7841,0.6113,0.9532,0.7199,0.6244,0.6154,0.6227,0.8601,0.5744,0.6142,0.7836,0.5036,0.5541,0.3917,0.5908,0.673,0.5777,0.5173,0.3203,0.4861,0.259,0.5209,0.3154,0.2035,0.1673,0.3571,
1.0,0.9987,0.9696,0.9683,0.9718,0.9971,0.9951,0.9913,0.986,0.9226,0.7358,0.9343,0.9071,0.838,0.801,0.8571,0.6844,0.8256,0.9416,0.7818,0.609,0.9539,0.7207,0.6242,0.6106,0.6144,0.8568,0.5659,0.6141,0.7854,0.5107,0.5495,0.3922,0.5863,0.6769,0.5803,0.5216,0.3275,0.4702,0.2581,0.5228,0.3155,0.2155,0.1643,0.3489,
1.0,0.999,0.9675,0.9665,0.9682,0.9972,0.9952,0.9895,0.9845,0.9234,0.7371,0.9289,0.9059,0.8411,0.8038,0.853,0.6848,0.828,0.938,0.7795,0.6148,0.9523,0.7269,0.6236,0.6118,0.6153,0.8543,0.5707,0.6232,0.7845,0.5094,0.557,0.3914,0.5831,0.6671,0.5816,0.5108,0.3179,0.4767,0.2599,0.52,0.3122,0.2077,0.1575,0.3525,
1.0,0.9986,0.9669,0.9655,0.9694,0.9972,0.9944,0.9905,0.986,0.9247,0.7371,0.9295,0.9085,0.8382,0.8015,0.8545,0.6863,0.8261,0.9405,0.7831,0.6109,0.9531,0.7215,0.6184,0.6016,0.6114,0.8586,0.5616,0.6141,0.7833,0.5014,0.542,0.3836,0.5882,0.6708,0.5774,0.5131,0.3075,0.4769,0.2524,0.5147,0.3089,0.2031,0.1547,0.3494,
1.0,0.9991,0.9707,0.9698,0.9676,0.9972,0.9955,0.9903,0.9846,0.9249,0.7332,0.9327,0.9094,0.8391,0.7998,0.859,0.6796,0.8245,0.9391,0.7777,0.6105,0.9512,0.7222,0.6222,0.6083,0.6075,0.8504,0.5598,0.6284,0.7728,0.4977,0.5548,0.3882,0.5977,0.683,0.5871,0.5234,0.3124,0.4699,0.2625,0.5295,0.3089,0.2071,0.1714,0.3506,
1.0,0.9984,0.9691,0.9675,0.9709,0.9975,0.9952,0.9904,0.9835,0.925,0.7353,0.9327,0.9089,0.8367,0.7967,0.8585,0.6774,0.8223,0.9372,0.778,0.6072,0.9529,0.7241,0.6221,0.6034,0.61,0.8538,0.5556,0.6229,0.783,0.5035,0.5439,0.3892,0.5924,0.6765,0.5784,0.519,0.3062,0.4797,0.2561,0.5236,0.3136,0.2102,0.1633,0.3512,
1.0,0.9992,0.9674,0.9666,0.97,0.9983,0.997,0.9911,0.9853,0.9212,0.7334,0.9304,0.9049,0.837,0.796,0.852,0.6833,0.8256,0.9452,0.7784,0.6081,0.9539,0.7201,0.6259,0.6086,0.6132,0.8566,0.5682,0.6194,0.7754,0.4977,0.5497,0.3905,0.5902,0.6784,0.5826,0.5243,0.3147,0.4829,0.2594,0.5283,0.2994,0.2026,0.1678,0.3483,
1.0,0.9993,0.9687,0.968,0.9712,0.9976,0.9963,0.9931,0.9882,0.9203,0.7347,0.933,0.9056,0.8374,0.8032,0.8557,0.686,0.8257,0.94,0.7822,0.6093,0.9568,0.7277,0.6284,0.6139,0.6054,0.8566,0.5624,0.6234,0.785,0.5045,0.5466,0.3911,0.583,0.6729,0.5814,0.5194,0.3108,0.472,0.263,0.5181,0.3101,0.2047,0.1621,0.3489,
1.0,0.9989,0.9702,0.9691,0.9733,0.9967,0.9949,0.9911,0.9853,0.921,0.7358,0.9373,0.9055,0.8373,0.7998,0.8594,0.685,0.8228,0.9401,0.7843,0.6088,0.9521,0.7225,0.6277,0.6156,0.615,0.8579,0.5666,0.6229,0.7849,0.5076,0.5541,0.3956,0.5946,0.6843,0.5822,0.5197,0.3203,0.4852,0.2613,0.5246,0.3182,0.2104,0.1626,0.3603,
1.0,0.9989,0.9664,0.9653,0.9669,0.9982,0.9959,0.9903,0.9856,0.9238,0.7344,0.9266,0.9087,0.84,0.8038,0.8532,0.6904,0.8286,0.9421,0.786,0.6158,0.9543,0.7234,0.6244,0.6026,0.6158,0.8642,0.5779,0.6209,0.7831,0.5016,0.5526,0.3845,0.5874,0.6679,0.5819,0.5241,0.3177,0.4798,0.2666,0.5222,0.3143,0.2038,0.1634,0.3586,
1.0,0.999,0.97,0.969,0.9692,0.9974,0.995,0.9914,0.9864,0.9263,0.7408,0.9333,0.9118,0.8408,0.8059,0.8607,0.6919,0.8271,0.9423,0.7876,0.6167,0.9548,0.728,0.6284,0.6118,0.6257,0.8597,0.5731,0.6255,0.7881,0.5164,0.5665,0.4011,0.6008,0.6887,0.5873,0.5313,0.322,0.4833,0.2699,0.5328,0.3238,0.2198,0.1723,0.365,
1.0,0.9987,0.966,0.9647,0.9693,0.997,0.9942,0.99,0.9852,0.9245,0.7365,0.9281,0.9073,0.8409,0.8046,0.8537,0.6841,0.827,0.9404,0.7835,0.6045,0.9476,0.7108,0.6138,0.5949,0.6181,0.851,0.5671,0.6137,0.7825,0.4992,0.5546,0.3792,0.5892,0.6692,0.576,0.5125,0.3109,0.4771,0.2628,0.5201,0.3058,0.2067,0.1606,0.3555,
1.0,0.9985,0.9662,0.9647,0.9681,0.9974,0.9944,0.9892,0.9847,0.9213,0.733,0.9274,0.9042,0.8393,0.7996,0.8506,0.6832,0.8264,0.9396,0.7777,0.6064,0.9507,0.7199,0.6175,0.6024,0.6061,0.8603,0.5666,0.6137,0.7811,0.4997,0.5484,0.3864,0.5884,0.6714,0.578,0.5221,0.3224,0.4777,0.2587,0.5321,0.3139,0.2104,0.16,0.3542,
1.0,0.9986,0.9689,0.9675,0.9726,0.9978,0.9952,0.99,0.9841,0.9191,0.7346,0.9351,0.9035,0.8403,0.8015,0.8552,0.6803,0.8266,0.9405,0.7742,0.6096,0.9534,0.7174,0.6276,0.6057,0.6125,0.849,0.563,0.6152,0.782,0.5012,0.5495,0.3907,0.587,0.6746,0.575,0.5125,0.3117,0.4756,0.2515,0.5165,0.3098,0.2019,0.1656,0.3462,
1.0,0.9992,0.968,0.9672,0.9687,0.997,0.9953,0.9906,0.9847,0.9232,0.7354,0.9303,0.9062,0.8396,0.8021,0.8547,0.6819,0.826,0.9409,0.7817,0.6065,0.9498,0.7167,0.6186,0.595,0.6148,0.8555,0.5664,0.6141,0.78,0.4983,0.5509,0.3796,0.5859,0.678,0.5718,0.5213,0.3148,0.4786,0.2586,0.5278,0.3045,0.2069,0.1635,0.3616,
1.0,0.9987,0.9669,0.9656,0.9704,0.9973,0.9949,0.9911,0.9863,0.9232,0.7376,0.9293,0.9073,0.8425,0.8029,0.8536,0.686,0.8303,0.9445,0.7795,0.6115,0.9558,0.7204,0.6256,0.6032,0.6157,0.8559,0.5738,0.6117,0.7846,0.5113,0.5608,0.3854,0.5913,0.6751,0.5842,0.5236,0.322,0.4783,0.2577,0.5244,0.3187,0.2125,0.1637,0.3585,
1.0,0.9987,0.9676,0.9663,0.973,0.9981,0.9958,0.9899,0.9848,0.927,0.7409,0.9335,0.9105,0.8384,0.8006,0.8614,0.6868,0.8267,0.9441,0.7908,0.6125,0.9521,0.7219,0.6246,0.6039,0.6222,0.8574,0.5731,0.6207,0.7883,0.5032,0.5502,0.3844,0.59,0.679,0.582,0.5171,0.3119,0.4868,0.2551,0.5284,0.3161,0.2054,0.1669,0.3584,
1.0,0.9982,0.9691,0.9673,0.968,0.9978,0.9949,0.9896,0.9837,0.9222,0.7352,0.9306,0.9072,0.8399,0.8001,0.8548,0.6882,0.8262,0.9395,0.7808,0.6168,0.9543,0.7245,0.6265,0.6123,0.6178,0.8588,0.573,0.6258,0.7765,0.4987,0.5548,0.3929,0.5889,0.6777,0.5846,0.5266,0.3183,0.478,0.2677,0.5297,0.305,0.2077,0.1685,0.3505,
1.0,0.999,0.9676,0.9666,0.9689,0.9971,0.9949,0.9917,0.9863,0.9204,0.7371,0.9291,0.9039,0.8436,0.8077,0.8502,0.692,0.8303,0.941,0.7806,0.609,0.9559,0.7175,0.6257,0.6015,0.6152,0.8568,0.5707,0.6092,0.778,0.5037,0.5533,0.3972,0.5895,0.6743,0.5757,0.5217,0.3251,0.4829,0.2566,0.5251,0.314,0.2073,0.1654,0.3588,
1.0,0.9995,0.9647,0.9642,0.9695,0.9972,0.9961,0.9919,0.9866,0.9264,0.7387,0.9282,0.9114,0.837,0.7982,0.8562,0.6801,0.8247,0.9406,0.7828,0.6144,0.9564,0.7308,0.6226,0.6154,0.6156,0.8547,0.5673,0.6317,0.7839,0.5077,0.5494,0.3931,0.5987,0.6745,0.5973,0.5172,0.3136,0.4884,0.2619,0.5187,0.3179,0.2072,0.1622,0.3566,
1.0,0.9986,0.97,0.9686,0.9705,0.9973,0.9944,0.9871,0.9827,0.9198,0.7265,0.9341,0.9013,0.8344,0.794,0.8559,0.6789,0.8208,0.9411,0.7812,0.6013,0.9518,0.717,0.6185,0.6047,0.6065,0.8539,0.5566,0.6152,0.7701,0.4893,0.5448,0.3839,0.5926,0.6808,0.5796,0.5258,0.3112,0.4749,0.2535,0.522,0.2981,0.2023,0.1662,0.3416,
1.0,0.9983,0.9677,0.966,0.9703,0.9977,0.995,0.9906,0.9863,0.9213,0.7371,0.9307,0.9063,0.8418,0.8038,0.8535,0.6891,0.8293,0.9383,0.7805,0.6126,0.953,0.7259,0.6256,0.6102,0.6115,0.8613,0.5704,0.6178,0.782,0.4993,0.5539,0.3915,0.5832,0.6714,0.5794,0.5246,0.3152,0.4739,0.2609,0.5235,0.3062,0.2078,0.1644,0.3485,
1.0,0.999,0.9675,0.9665,0.9695,0.9969,0.9948,0.991,0.9858,0.9261,0.742,0.932,0.9115,0.8425,0.8056,0.8596,0.6859,0.8296,0.9413,0.7856,0.6143,0.9527,0.7258,0.6216,0.6079,0.617,0.8576,0.5741,0.6192,0.7848,0.503,0.5527,0.3848,0.5885,0.6702,0.5833,0.5272,0.3186,0.4736,0.2629,0.5202,0.3108,0.2034,0.1577,0.3521,
1.0,0.9992,0.9697,0.9689,0.9713,0.9968,0.9954,0.9907,0.9852,0.926,0.7391,0.9352,0.9096,0.8411,0.8041,0.8619,0.6852,0.828,0.9453,0.7864,0.6137,0.9546,0.7207,0.6267,0.6087,0.6185,0.8534,0.565,0.6248,0.7847,0.5139,0.5554,0.383,0.5884,0.6855,0.5845,0.5223,0.3132,0.4821,0.264,0.5291,0.312,0.2161,0.1568,0.3558,
1.0,0.9989,0.9693,0.9682,0.9689,0.9973,0.995,0.9899,0.9854,0.9241,0.7401,0.9318,0.9075,0.8423,0.8038,0.8569,0.6861,0.83,0.9427,0.778,0.6127,0.9481,0.7152,0.6255,0.6055,0.6185,0.8521,0.5689,0.6236,0.7785,0.4944,0.562,0.3843,0.5958,0.6819,0.5843,0.5177,0.3136,0.4789,0.2626,0.531,0.3108,0.2144,0.1656,0.3588,
1.0,0.999,0.9642,0.9632,0.9713,0.9984,0.9964,0.9902,0.9847,0.9244,0.7317,0.9275,0.9067,0.833,0.7913,0.853,0.6749,0.8194,0.9381,0.7837,0.6038,0.956,0.7239,0.6135,0.6023,0.6038,0.8561,0.5532,0.6173,0.7823,0.5028,0.5319,0.3815,0.5909,0.6696,0.5814,0.5206,0.3058,0.4861,0.2609,0.5287,0.3113,0.2105,0.165,0.3592,
1.0,0.9987,0.9705,0.9692,0.9705,0.9972,0.9947,0.9908,0.985,0.926,0.7439,0.9345,0.9112,0.8428,0.804,0.8611,0.691,0.8287,0.9384,0.7868,0.6174,0.9492,0.7252,0.6288,0.6086,0.6193,0.8608,0.5688,0.6256,0.788,0.5073,0.5553,0.3951,0.5896,0.6667,0.5797,0.5178,0.318,0.4791,0.2656,0.5274,0.3165,0.2059,0.1653,0.3497,
1.0,0.9989,0.9658,0.9647,0.9673,0.9978,0.9962,0.9895,0.9835,0.9234,0.7289,0.9257,0.9063,0.8367,0.7934,0.8493,0.6782,0.8242,0.9412,0.7766,0.605,0.9549,0.7186,0.6144,0.601,0.6079,0.8546,0.5654,0.614,0.7771,0.4973,0.5505,0.3816,0.5917,0.6711,0.5778,0.5238,0.3112,0.4818,0.257,0.52,0.3037,0.1938,0.1618,0.3552,
1.0,0.9989,0.9632,0.9621,0.9694,0.9979,0.9959,0.9897,0.9839,0.9243,0.7362,0.9249,0.9071,0.8354,0.7967,0.8516,0.6792,0.8225,0.9445,0.7852,0.6147,0.9521,0.7229,0.6231,0.6007,0.6173,0.8568,0.5622,0.6206,0.7809,0.5001,0.55,0.3821,0.5899,0.684,0.5884,0.5269,0.3079,0.4762,0.2647,0.5256,0.31,0.2149,0.1592,0.3491,
1.0,0.9991,0.9664,0.9655,0.9717,0.9975,0.9955,0.9906,0.9846,0.9227,0.7382,0.9327,0.9082,0.8395,0.803,0.8573,0.6928,0.8252,0.9392,0.7935,0.6087,0.9518,0.7151,0.6185,0.598,0.6112,0.8661,0.5697,0.6131,0.7835,0.5113,0.5434,0.3884,0.5862,0.6719,0.5785,0.5258,0.3208,0.4866,0.2595,0.5356,0.3158,0.2136,0.1573,0.3598,
1.0,0.999,0.9688,0.9678,0.9687,0.997,0.9948,0.9905,0.9848,0.9261,0.7368,0.9321,0.9112,0.8391,0.8008,0.8589,0.6851,0.8254,0.9418,0.7843,0.6193,0.9526,0.7294,0.6297,0.6079,0.6178,0.8586,0.5741,0.6284,0.786,0.5121,0.5568,0.389,0.5852,0.6722,0.588,0.5218,0.3186,0.4759,0.2645,0.5228,0.31,0.2083,0.1695,0.3473,
1.0,0.9987,0.9686,0.9673,0.9713,0.9967,0.9947,0.992,0.986,0.9195,0.7385,0.9334,0.9043,0.8419,0.804,0.8547,0.694,0.8291,0.9413,0.7873,0.6094,0.9534,0.717,0.6249,0.609,0.6154,0.8637,0.577,0.6156,0.7793,0.4955,0.5544,0.3798,0.5842,0.6769,0.5788,0.521,0.3095,0.4739,0.2618,0.525,0.3019,0.1962,0.1546,0.3543,
1.0,0.9987,0.9698,0.9685,0.968,0.9975,0.9948,0.9878,0.9828,0.9224,0.7389,0.9308,0.9042,0.8483,0.8097,0.8548,0.6942,0.8342,0.9396,0.7837,0.6153,0.951,0.7178,0.6307,0.6023,0.6177,0.8524,0.5733,0.6208,0.7777,0.5064,0.5592,0.3832,0.5868,0.6749,0.5778,0.5167,0.3178,0.4748,0.2578,0.5218,0.3102,0.2103,0.1608,0.3526,
1.0,0.9989,0.9678,0.9667,0.9714,0.9982,0.9959,0.9895,0.9846,0.9223,0.7349,0.9333,0.9071,0.8384,0.8025,0.8567,0.6915,0.8254,0.9384,0.7894,0.6085,0.9533,0.7243,0.6244,0.6107,0.6107,0.862,0.5689,0.6219,0.7827,0.5068,0.5474,0.3872,0.5921,0.6778,0.5852,0.5242,0.3064,0.4846,0.2622,0.5313,0.3146,0.2095,0.1601,0.3578,
1.0,0.9991,0.9663,0.9654,0.9734,0.9968,0.9948,0.9911,0.9855,0.9261,0.7453,0.9337,0.9103,0.8424,0.8051,0.8599,0.6851,0.8304,0.9407,0.7859,0.62,0.953,0.7301,0.6326,0.618,0.626,0.8577,0.5698,0.6238,0.7928,0.5087,0.558,0.3995,0.5908,0.6721,0.5829,0.5159,0.3156,0.4812,0.2663,0.5236,0.3144,0.2084,0.1705,0.3604,
1.0,0.9983,0.9666,0.9649,0.9688,0.9971,0.9941,0.9886,0.9834,0.924,0.7345,0.9285,0.9076,0.8401,0.8009,0.8536,0.6828,0.8265,0.9397,0.783,0.6073,0.9529,0.72,0.6145,0.5982,0.6121,0.854,0.5661,0.6161,0.7802,0.5006,0.5489,0.3806,0.5935,0.6817,0.5837,0.5236,0.3199,0.4765,0.2566,0.5274,0.3052,0.2084,0.1604,0.3529,
1.0,0.9993,0.9696,0.9689,0.9697,0.9975,0.9961,0.9914,0.9857,0.9229,0.7338,0.9342,0.9086,0.8377,0.8008,0.8585,0.6853,0.8263,0.9365,0.7838,0.6071,0.9537,0.7267,0.6199,0.6157,0.606,0.8571,0.5674,0.6265,0.7854,0.5066,0.5527,0.3947,0.594,0.6725,0.5872,0.5232,0.3194,0.4815,0.2706,0.529,0.3158,0.2212,0.1639,0.3631,
1.0,0.9991,0.9686,0.9677,0.9713,0.9969,0.995,0.9908,0.9851,0.9238,0.7378,0.9321,0.9062,0.8394,0.799,0.8564,0.6913,0.8256,0.9405,0.7871,0.6072,0.9526,0.7217,0.6242,0.6104,0.6164,0.8597,0.5693,0.6196,0.7779,0.4926,0.5499,0.3846,0.5897,0.6752,0.5778,0.5178,0.3104,0.4833,0.2558,0.5307,0.2973,0.2001,0.1596,0.3562,
1.0,0.9989,0.9675,0.9664,0.9721,0.997,0.9946,0.9902,0.986,0.9211,0.7355,0.934,0.9057,0.8377,0.801,0.8564,0.6844,0.8256,0.9405,0.7836,0.6074,0.9519,0.7228,0.6229,0.6107,0.611,0.8612,0.5664,0.6195,0.7843,0.5041,0.5538,0.3964,0.5955,0.6754,0.5773,0.5178,0.3158,0.4866,0.2572,0.5301,0.3192,0.2116,0.1631,0.3582,
1.0,0.9987,0.9695,0.9682,0.9709,0.9968,0.9944,0.9916,0.9871,0.9232,0.7415,0.9337,0.9081,0.8413,0.8061,0.8583,0.6904,0.8282,0.9404,0.7836,0.6163,0.9518,0.7208,0.6295,0.6107,0.6197,0.8577,0.5728,0.6195,0.7867,0.5021,0.5603,0.392,0.5906,0.6725,0.5808,0.5185,0.3162,0.4817,0.2607,0.5226,0.3085,0.2056,0.1661,0.3572,
1.0,0.9993,0.9676,0.9669,0.9705,0.9973,0.9958,0.9926,0.987,0.9235,0.737,0.9341,0.9111,0.837,0.8007,0.8589,0.6784,0.8231,0.9413,0.7781,0.6059,0.9539,0.7189,0.62,0.5952,0.6063,0.8545,0.5624,0.6183,0.7847,0.5131,0.5486,0.3905,0.5872,0.6811,0.5785,0.5303,0.3233,0.4757,0.2567,0.5273,0.3176,0.2161,0.1655,0.3502,
1.0,0.999,0.9653,0.9643,0.9718,0.9975,0.9956,0.9905,0.9846,0.9241,0.7408,0.9307,0.9081,0.8413,0.8035,0.8555,0.6894,0.8269,0.9357,0.788,0.6129,0.9503,0.7225,0.6261,0.6028,0.613,0.8583,0.5656,0.6215,0.7811,0.4968,0.5479,0.3827,0.5859,0.6705,0.5777,0.5111,0.3043,0.4734,0.2612,0.5261,0.3041,0.2023,0.1599,0.3541,
1.0,0.9992,0.9654,0.9646,0.9705,0.9974,0.9954,0.9918,0.9854,0.92,0.7325,0.9309,0.9063,0.8365,0.7983,0.852,0.6826,0.8215,0.9414,0.7828,0.6105,0.9533,0.7223,0.6237,0.6047,0.6095,0.8607,0.5702,0.6176,0.7791,0.4999,0.5478,0.3857,0.588,0.6719,0.581,0.529,0.3161,0.4765,0.2613,0.5257,0.3036,0.2029,0.1669,0.3559,
1.0,0.9985,0.9669,0.9654,0.9731,0.9975,0.9951,0.9898,0.9846,0.9224,0.7379,0.9331,0.9061,0.84,0.8015,0.857,0.6819,0.8268,0.9366,0.7822,0.6029,0.9503,0.7172,0.6189,0.6048,0.6135,0.8512,0.5647,0.6127,0.7868,0.4985,0.5577,0.3915,0.5895,0.6763,0.5697,0.5173,0.3168,0.4777,0.2548,0.5263,0.3145,0.2061,0.1704,0.3529,
1.0,0.999,0.9648,0.9638,0.9698,0.9979,0.9958,0.9909,0.9854,0.9254,0.7419,0.928,0.9097,0.8412,0.8039,0.8558,0.6892,0.8294,0.9412,0.7888,0.6147,0.9553,0.721,0.6224,0.5942,0.6149,0.8602,0.5724,0.6167,0.7912,0.5131,0.5539,0.3865,0.5922,0.6767,0.5788,0.5187,0.319,0.4891,0.2652,0.5349,0.3195,0.2118,0.1599,0.3687,
1.0,0.9989,0.9688,0.9677,0.9683,0.9976,0.9952,0.9887,0.983,0.9234,0.7336,0.9312,0.9069,0.84,0.8018,0.8557,0.6847,0.8256,0.9386,0.7831,0.6085,0.9511,0.7189,0.6192,0.6087,0.6128,0.8552,0.5695,0.6197,0.7805,0.5003,0.5511,0.385,0.5882,0.6724,0.581,0.5226,0.3124,0.4817,0.2585,0.5215,0.3113,0.2072,0.1557,0.353,
1.0,0.9993,0.9657,0.965,0.9721,0.9983,0.9966,0.9914,0.9854,0.9234,0.745,0.9305,0.9078,0.8448,0.8059,0.854,0.6856,0.8304,0.9368,0.7781,0.6062,0.9545,0.7133,0.6179,0.6046,0.619,0.8534,0.5703,0.61,0.7913,0.5193,0.5587,0.3905,0.5962,0.6777,0.5735,0.5184,0.329,0.4826,0.2557,0.5217,0.3268,0.2133,0.1602,0.3594,
1.0,0.9992,0.9661,0.9653,0.9716,0.9974,0.995,0.9882,0.983,0.9252,0.7354,0.9303,0.9056,0.839,0.7979,0.8571,0.6811,0.8251,0.9389,0.7866,0.608,0.9509,0.721,0.6175,0.6093,0.6139,0.8561,0.5661,0.6175,0.7807,0.5003,0.5439,0.3881,0.593,0.668,0.5823,0.5247,0.3165,0.4816,0.2587,0.5234,0.3162,0.2058,0.165,0.353,
1.0,0.9989,0.9683,0.9672,0.9707,0.9973,0.9954,0.9914,0.9858,0.9259,0.7399,0.9331,0.9116,0.8397,0.8022,0.8597,0.6858,0.8271,0.9412,0.7874,0.6175,0.9562,0.731,0.6293,0.6134,0.6143,0.8574,0.57,0.6258,0.7839,0.505,0.5516,0.3935,0.595,0.6777,0.5909,0.5235,0.3241,0.4854,0.266,0.5237,0.3178,0.2022,0.1686,0.3632,
1.0,0.9988,0.9698,0.9686,0.9696,0.9978,0.9955,0.9907,0.9857,0.9196,0.733,0.9337,0.9055,0.837,0.8011,0.8552,0.6907,0.8242,0.9413,0.7833,0.6055,0.9526,0.7172,0.6196,0.6039,0.6085,0.8629,0.5688,0.6213,0.7788,0.5005,0.5479,0.3829,0.588,0.6805,0.5826,0.5284,0.3131,0.4816,0.2681,0.5366,0.3095,0.2123,0.1633,0.3521,
1.0,0.9989,0.9675,0.9664,0.9673,0.9974,0.9958,0.9914,0.986,0.9256,0.7313,0.9271,0.9094,0.8353,0.7979,0.8534,0.6844,0.8243,0.9434,0.782,0.6069,0.9535,0.7216,0.6196,0.5992,0.6069,0.8564,0.5612,0.6166,0.7799,0.5045,0.5435,0.3881,0.5889,0.6761,0.5793,0.5194,0.3153,0.4823,0.2588,0.531,0.3072,0.2089,0.1664,0.3537,
1.0,0.9989,0.9659,0.9648,0.9715,0.998,0.9963,0.9904,0.9836,0.925,0.7375,0.9312,0.9099,0.8371,0.7972,0.8573,0.6763,0.8225,0.9399,0.7806,0.6099,0.9524,0.7228,0.6206,0.6017,0.615,0.8534,0.5604,0.6165,0.789,0.5002,0.5497,0.3797,0.5846,0.6727,0.5801,0.5129,0.3099,0.4775,0.2543,0.5202,0.3073,0.2027,0.1577,0.3469,
1.0,0.9985,0.9674,0.9659,0.9708,0.9977,0.9956,0.9904,0.9851,0.924,0.7383,0.9309,0.9078,0.8402,0.8021,0.855,0.691,0.8265,0.9425,0.7873,0.6152,0.95,0.7212,0.6259,0.6028,0.6132,0.8593,0.5726,0.6211,0.7876,0.5144,0.5554,0.3883,0.5879,0.678,0.5824,0.5163,0.3153,0.4811,0.2604,0.5328,0.3124,0.2148,0.1624,0.3638,
1.0,0.9985,0.966,0.9645,0.9712,0.9972,0.9947,0.99,0.9835,0.9229,0.7394,0.9313,0.908,0.8449,0.8079,0.8555,0.6884,0.8312,0.9424,0.7859,0.6169,0.9541,0.724,0.6284,0.6045,0.6215,0.8572,0.5753,0.6122,0.7853,0.5096,0.5587,0.3887,0.5893,0.6756,0.5856,0.52,0.3207,0.4895,0.2542,0.5274,0.3161,0.2086,0.1695,0.3614,
1.0,0.9988,0.9682,0.967,0.9702,0.9967,0.9945,0.9899,0.9849,0.9237,0.742,0.9303,0.9054,0.8418,0.8022,0.8551,0.685,0.8288,0.9418,0.7791,0.6176,0.9503,0.7224,0.6299,0.6068,0.6192,0.8495,0.5687,0.6229,0.7782,0.5014,0.5548,0.3881,0.5965,0.6863,0.5916,0.5256,0.3108,0.4771,0.2666,0.5239,0.3148,0.2168,0.1708,0.3555,
1.0,0.9993,0.9658,0.9651,0.9706,0.9982,0.9967,0.991,0.9844,0.9282,0.742,0.9306,0.914,0.8418,0.8038,0.8596,0.6857,0.8282,0.9399,0.7867,0.6168,0.953,0.728,0.623,0.5996,0.6147,0.8598,0.5702,0.6246,0.7929,0.5002,0.552,0.3793,0.5933,0.6751,0.5836,0.521,0.3121,0.4748,0.2702,0.5197,0.3174,0.2031,0.162,0.3617,
1.0,0.9993,0.9673,0.9666,0.9693,0.997,0.9955,0.9897,0.9839,0.9222,0.7352,0.93,0.9042,0.8412,0.8013,0.8546,0.6887,0.8289,0.9424,0.7836,0.613,0.9522,0.7227,0.6258,0.6081,0.6161,0.8586,0.5767,0.6125,0.7815,0.4982,0.5611,0.3899,0.5898,0.6687,0.5753,0.5225,0.3129,0.4725,0.2581,0.5189,0.3045,0.1975,0.1578,0.3512,
1.0,0.9999,0.9692,0.9691,0.972,0.9961,0.9947,0.9913,0.9863,0.9271,0.7463,0.9361,0.9101,0.844,0.8063,0.8644,0.6872,0.8307,0.9348,0.7854,0.6115,0.952,0.7272,0.6241,0.6058,0.6139,0.8535,0.5667,0.6191,0.7899,0.5005,0.5518,0.3866,0.5871,0.6715,0.5782,0.52,0.3118,0.4814,0.2649,0.521,0.3131,0.2141,0.1679,0.3573,
1.0,0.9986,0.9687,0.9673,0.9669,0.9971,0.9951,0.9899,0.9857,0.921,0.7304,0.9284,0.9045,0.8372,0.7992,0.8506,0.6886,0.8247,0.9406,0.7813,0.6012,0.9524,0.717,0.6155,0.5988,0.605,0.8623,0.5637,0.6139,0.7766,0.4986,0.5477,0.3859,0.5988,0.6804,0.581,0.5291,0.3122,0.4866,0.259,0.5319,0.3036,0.2111,0.166,0.353,
1.0,0.9987,0.9679,0.9666,0.9666,0.9979,0.9953,0.9892,0.9846,0.9269,0.7356,0.9288,0.9115,0.8395,0.8038,0.8572,0.6836,0.8267,0.9397,0.7816,0.6108,0.9518,0.7224,0.6177,0.5976,0.6127,0.8503,0.5611,0.6214,0.7793,0.5058,0.5466,0.3847,0.5923,0.675,0.5851,0.5196,0.3165,0.4778,0.2622,0.5225,0.3159,0.2104,0.1607,0.3555,
1.0,0.9988,0.9664,0.9652,0.9692,0.9973,0.9945,0.9901,0.987,0.929,0.7431,0.9279,0.9121,0.8405,0.8026,0.8579,0.682,0.8296,0.9415,0.7809,0.6225,0.9543,0.7382,0.6289,0.6138,0.6146,0.8514,0.5619,0.6284,0.7861,0.5104,0.5512,0.3966,0.589,0.6741,0.5936,0.5136,0.3125,0.4739,0.2633,0.5121,0.3207,0.2091,0.1609,0.3534,
1.0,0.999,0.9669,0.9659,0.9704,0.9967,0.995,0.9896,0.9844,0.9235,0.7432,0.9314,0.9066,0.8484,0.8105,0.856,0.6958,0.836,0.9426,0.7867,0.6204,0.9505,0.7249,0.6299,0.6089,0.6263,0.8605,0.5848,0.619,0.7846,0.5116,0.562,0.3935,0.58,0.6738,0.5843,0.524,0.3308,0.4787,0.2686,0.527,0.3172,0.2104,0.1658,0.3625,
1.0,0.9991,0.969,0.9681,0.9682,0.9982,0.9961,0.9904,0.9847,0.9262,0.7374,0.9311,0.9118,0.8409,0.8041,0.8586,0.69,0.827,0.9364,0.7859,0.6113,0.9546,0.7248,0.6235,0.6097,0.6136,0.8591,0.5733,0.625,0.7863,0.498,0.5523,0.3855,0.5905,0.6712,0.5859,0.5188,0.3106,0.4814,0.2618,0.5225,0.3109,0.2074,0.1603,0.356,
1.0,0.9985,0.9727,0.9712,0.9705,0.9973,0.995,0.9901,0.986,0.9261,0.7357,0.9359,0.9096,0.836,0.7989,0.8627,0.6833,0.8254,0.945,0.7834,0.6084,0.9531,0.7205,0.6204,0.6137,0.6203,0.8551,0.5723,0.6253,0.7894,0.5094,0.5619,0.3883,0.5965,0.6817,0.5824,0.5221,0.3208,0.4771,0.2598,0.5244,0.3112,0.2115,0.1649,0.3514,
1.0,0.9986,0.9665,0.9651,0.9672,0.9958,0.9938,0.9906,0.9856,0.9218,0.7326,0.9272,0.905,0.838,0.8009,0.8509,0.6837,0.8251,0.9373,0.7794,0.6074,0.9508,0.7225,0.6167,0.5955,0.6037,0.8554,0.5578,0.609,0.7779,0.4988,0.5429,0.3855,0.5795,0.6643,0.5714,0.5169,0.3074,0.4719,0.2544,0.5172,0.3041,0.2036,0.159,0.3486,
1.0,0.9987,0.9709,0.9696,0.9704,0.9975,0.9951,0.992,0.9873,0.925,0.7385,0.9352,0.9113,0.8399,0.8051,0.861,0.6905,0.8287,0.9432,0.7872,0.6124,0.96,0.726,0.6257,0.6091,0.6117,0.8561,0.5645,0.62,0.7862,0.5114,0.5505,0.387,0.5946,0.6794,0.5869,0.5238,0.3179,0.4847,0.2599,0.5281,0.3144,0.2129,0.1661,0.3575,
1.0,0.9989,0.9678,0.9667,0.9692,0.9973,0.9954,0.9897,0.9843,0.9229,0.7393,0.9309,0.9066,0.8423,0.805,0.8544,0.6843,0.8281,0.9387,0.7793,0.6107,0.9473,0.716,0.6199,0.5985,0.6124,0.8486,0.5604,0.616,0.7802,0.5054,0.5461,0.3844,0.5817,0.6662,0.5779,0.5164,0.31,0.4707,0.258,0.5216,0.307,0.2034,0.161,0.3436,
1.0,0.9986,0.9681,0.9667,0.9692,0.9979,0.9958,0.9894,0.984,0.9209,0.729,0.9303,0.9043,0.8368,0.7995,0.8523,0.6885,0.8251,0.9439,0.7869,0.6103,0.9533,0.7255,0.6249,0.611,0.6102,0.8641,0.5669,0.6199,0.7793,0.5098,0.5483,0.3931,0.5929,0.676,0.5881,0.528,0.3179,0.4823,0.2626,0.5213,0.3128,0.2077,0.1669,0.3605,
1.0,0.9989,0.9655,0.9644,0.9695,0.9973,0.9953,0.9902,0.9851,0.9251,0.7349,0.9287,0.9092,0.8353,0.7959,0.8557,0.6766,0.8226,0.9401,0.7809,0.6033,0.9528,0.719,0.6095,0.5944,0.6044,0.854,0.5599,0.6163,0.7806,0.5031,0.5427,0.3823,0.5894,0.676,0.58,0.5208,0.3163,0.4801,0.2537,0.5238,0.3109,0.2061,0.1655,0.3535,
1.0,0.9991,0.9688,0.9679,0.9712,0.9968,0.9952,0.9908,0.9841,0.9238,0.7332,0.933,0.9065,0.8353,0.7948,0.8576,0.682,0.8218,0.9356,0.787,0.6046,0.9515,0.7249,0.6193,0.6124,0.6088,0.8587,0.5633,0.6218,0.7861,0.5068,0.5481,0.4011,0.5907,0.6737,0.5762,0.5218,0.3202,0.4777,0.2616,0.5259,0.3151,0.2097,0.1662,0.3483,
1.0,0.9986,0.9659,0.9645,0.9713,0.9974,0.9949,0.9902,0.9825,0.9222,0.7328,0.9304,0.9062,0.8373,0.7973,0.8541,0.6805,0.8213,0.9401,0.7844,0.6105,0.9527,0.7235,0.6241,0.6013,0.6105,0.8589,0.5613,0.6161,0.7814,0.4965,0.5457,0.387,0.5905,0.6789,0.5809,0.5142,0.3084,0.4827,0.2567,0.5298,0.3095,0.2007,0.1592,0.3556,
1.0,0.9986,0.9683,0.9669,0.9704,0.9971,0.9951,0.9907,0.984,0.9237,0.7373,0.9317,0.908,0.8397,0.8007,0.8562,0.6889,0.8264,0.9423,0.7865,0.6139,0.953,0.7173,0.6262,0.6055,0.6185,0.8582,0.5757,0.6199,0.7816,0.5014,0.5546,0.3797,0.5939,0.6816,0.5816,0.5224,0.3118,0.4873,0.2582,0.5296,0.3122,0.2104,0.1627,0.3635,
1.0,0.9985,0.9708,0.9693,0.969,0.9967,0.9941,0.9898,0.9857,0.9285,0.7388,0.9336,0.9114,0.8397,0.7996,0.8637,0.6832,0.8274,0.9421,0.784,0.6183,0.9529,0.7307,0.6256,0.6081,0.6148,0.8559,0.5664,0.6264,0.7859,0.5101,0.5542,0.387,0.5937,0.6767,0.5856,0.5236,0.321,0.47,0.2648,0.5225,0.3113,0.2103,0.163,0.3498,
1.0,0.9992,0.967,0.9662,0.9712,0.9969,0.9952,0.9917,0.987,0.9234,0.7375,0.9327,0.9086,0.8364,0.8006,0.8577,0.6808,0.8231,0.9394,0.7835,0.6049,0.9526,0.7209,0.619,0.6041,0.6114,0.858,0.5605,0.6164,0.7792,0.5059,0.5447,0.3902,0.5885,0.6734,0.5761,0.5163,0.3169,0.4787,0.2575,0.5216,0.311,0.2037,0.1625,0.3511,
1.0,0.9989,0.9682,0.9671,0.9673,0.9979,0.9957,0.9917,0.986,0.9237,0.7344,0.9289,0.9091,0.8383,0.8003,0.8532,0.6882,0.8258,0.942,0.782,0.6109,0.9567,0.7228,0.6213,0.6073,0.6151,0.8594,0.5755,0.6234,0.7831,0.5066,0.5563,0.3863,0.5897,0.6727,0.5815,0.5188,0.3162,0.4803,0.26,0.5243,0.3112,0.2051,0.1544,0.3577,
1.0,0.9985,0.9697,0.9682,0.9705,0.9979,0.995,0.9891,0.9844,0.9221,0.7401,0.9339,0.9069,0.8439,0.8057,0.8557,0.6885,0.8312,0.943,0.7806,0.6206,0.95,0.7252,0.6342,0.6059,0.6185,0.8563,0.5749,0.6237,0.7847,0.5064,0.5613,0.3868,0.5893,0.6817,0.5862,0.5242,0.3162,0.4787,0.2631,0.5313,0.3049,0.2122,0.1602,0.3544,
1.0,0.9984,0.9647,0.9631,0.9723,0.997,0.9949,0.9898,0.9834,0.9188,0.7335,0.93,0.9018,0.8387,0.7982,0.8505,0.6869,0.8273,0.9396,0.7838,0.6085,0.9566,0.7226,0.622,0.62,0.6171,0.8628,0.5766,0.6161,0.7829,0.5015,0.5516,0.3976,0.599,0.6621,0.573,0.5115,0.3267,0.4946,0.2581,0.5248,0.3113,0.1997,0.1617,0.3625,
1.0,0.9994,0.9661,0.9655,0.9725,0.9976,0.9962,0.9909,0.9868,0.9255,0.7427,0.9317,0.9091,0.842,0.8071,0.8577,0.689,0.8304,0.9448,0.7877,0.6118,0.9549,0.7222,0.6259,0.6043,0.6213,0.8561,0.5767,0.614,0.7896,0.5156,0.5535,0.3885,0.584,0.677,0.5862,0.5235,0.3244,0.4708,0.2587,0.5236,0.3125,0.2161,0.1602,0.3475,
1.0,0.999,0.9674,0.9664,0.97,0.9979,0.9953,0.9911,0.9861,0.9245,0.7354,0.9304,0.9087,0.8351,0.7985,0.8566,0.684,0.8208,0.9406,0.7864,0.6074,0.951,0.7206,0.6202,0.6036,0.6127,0.8604,0.5661,0.6202,0.7854,0.5067,0.5505,0.3947,0.5905,0.6796,0.5789,0.5236,0.3211,0.4805,0.2652,0.5233,0.3124,0.2139,0.1674,0.3514,
1.0,0.9989,0.9655,0.9644,0.9686,0.9973,0.9952,0.9907,0.9845,0.9223,0.7371,0.9277,0.9066,0.8416,0.8029,0.851,0.6857,0.8273,0.9387,0.7804,0.6128,0.9551,0.7249,0.6216,0.6054,0.6112,0.8588,0.5686,0.6227,0.7819,0.4998,0.5567,0.3815,0.5962,0.6736,0.5827,0.524,0.3113,0.478,0.2693,0.5214,0.3083,0.2036,0.1582,0.3579,
1.0,0.9992,0.9662,0.9654,0.9671,0.9978,0.996,0.9922,0.9863,0.9204,0.7357,0.9272,0.9065,0.8403,0.8011,0.8491,0.6848,0.8274,0.9367,0.7743,0.6084,0.9526,0.7207,0.6207,0.6004,0.607,0.8569,0.5666,0.6151,0.7733,0.4845,0.5473,0.3798,0.5808,0.6736,0.5753,0.5121,0.3153,0.4652,0.2548,0.5278,0.2957,0.2008,0.1605,0.3429,
1.0,0.9991,0.97,0.9691,0.9715,0.9975,0.9955,0.9908,0.9866,0.9261,0.7327,0.9352,0.9107,0.833,0.7955,0.8632,0.6797,0.8211,0.9371,0.7867,0.5982,0.9554,0.7214,0.6123,0.6011,0.6028,0.8574,0.5551,0.6179,0.7864,0.5143,0.5461,0.39,0.6003,0.683,0.5784,0.5168,0.3159,0.479,0.2539,0.5257,0.3196,0.2157,0.1587,0.3485,
1.0,0.999,0.9705,0.9695,0.972,0.9965,0.9943,0.9906,0.9865,0.9239,0.7432,0.9361,0.9073,0.8431,0.8071,0.8618,0.6946,0.8311,0.9424,0.787,0.6091,0.9543,0.719,0.6277,0.6111,0.6224,0.8594,0.5743,0.6267,0.7832,0.5045,0.5584,0.3815,0.5978,0.6886,0.5884,0.5265,0.3128,0.4802,0.2646,0.534,0.3106,0.211,0.1594,0.366,
1.0,0.9995,0.9711,0.9706,0.9677,0.9975,0.9966,0.9917,0.9854,0.9275,0.7345,0.9332,0.9129,0.8347,0.7988,0.8619,0.6849,0.8219,0.9413,0.7876,0.6164,0.953,0.7318,0.6273,0.6175,0.6123,0.859,0.564,0.636,0.7879,0.5153,0.5516,0.4043,0.6055,0.6849,0.6016,0.5279,0.3182,0.4907,0.272,0.5343,0.3262,0.2213,0.1722,0.3615,
1.0,0.9982,0.9677,0.9659,0.9681,0.9984,0.9958,0.9908,0.9847,0.9225,0.7406,0.927,0.9071,0.8475,0.8105,0.8511,0.6929,0.834,0.942,0.7793,0.6093,0.9559,0.7138,0.6215,0.5975,0.6225,0.8517,0.5736,0.6115,0.7813,0.5039,0.5604,0.387,0.5916,0.6801,0.5774,0.5172,0.3229,0.4689,0.2547,0.5147,0.3112,0.2065,0.1602,0.3563,
1.0,0.9994,0.9679,0.9673,0.9676,0.9966,0.9952,0.9907,0.9864,0.9275,0.7399,0.9305,0.9123,0.8414,0.8063,0.8582,0.688,0.8284,0.9429,0.7861,0.6194,0.9499,0.7296,0.6265,0.6083,0.6205,0.8563,0.5701,0.6238,0.7848,0.5128,0.5498,0.3989,0.5867,0.674,0.5908,0.5304,0.3257,0.4791,0.2699,0.5176,0.3153,0.2107,0.1705,0.3535,
1.0,0.999,0.965,0.964,0.9692,0.9978,0.9958,0.9913,0.9838,0.9169,0.7293,0.9283,0.9025,0.8411,0.8034,0.8473,0.6808,0.8235,0.9358,0.7742,0.6006,0.9541,0.7164,0.616,0.6001,0.6042,0.8558,0.5632,0.6177,0.78,0.4991,0.5518,0.3825,0.5932,0.6714,0.5774,0.5103,0.3208,0.4848,0.2543,0.5267,0.3103,0.2065,0.1605,0.3631,
1.0,0.9991,0.9694,0.9685,0.9677,0.997,0.9956,0.9905,0.9831,0.9229,0.7304,0.9311,0.9064,0.8386,0.7968,0.8553,0.6804,0.8256,0.9426,0.7788,0.6066,0.9505,0.7181,0.6225,0.6061,0.6148,0.8568,0.5721,0.6168,0.7794,0.5026,0.553,0.3936,0.5951,0.6726,0.5737,0.5182,0.3235,0.4801,0.257,0.5241,0.3098,0.2065,0.1642,0.3541,
1.0,0.9984,0.9674,0.9658,0.9676,0.9974,0.9953,0.9905,0.9843,0.9255,0.7348,0.9296,0.9117,0.8374,0.7982,0.8558,0.6822,0.8248,0.9374,0.7833,0.6142,0.9542,0.7317,0.622,0.6084,0.6086,0.8607,0.5608,0.6275,0.7795,0.5018,0.5447,0.3895,0.5894,0.6746,0.5905,0.5228,0.3114,0.4776,0.2664,0.5228,0.3048,0.2108,0.1608,0.3475,
1.0,0.999,0.9685,0.9675,0.9672,0.9973,0.9956,0.9923,0.9861,0.9214,0.7293,0.929,0.9071,0.8357,0.7987,0.8519,0.6816,0.8218,0.9414,0.7777,0.6102,0.9532,0.7217,0.6232,0.6035,0.6096,0.8565,0.566,0.6174,0.7783,0.5003,0.5447,0.3896,0.5828,0.676,0.5771,0.5203,0.3109,0.4771,0.2553,0.5303,0.3074,0.202,0.1617,0.3518,
1.0,0.9989,0.9652,0.9641,0.9706,0.9977,0.9953,0.9913,0.9845,0.9222,0.7391,0.9288,0.9073,0.8423,0.8052,0.8527,0.6852,0.8269,0.9354,0.7814,0.6124,0.9531,0.7197,0.6228,0.6007,0.6135,0.8521,0.5617,0.6174,0.7812,0.506,0.544,0.3872,0.5826,0.6676,0.5724,0.5092,0.312,0.4737,0.2583,0.5219,0.3063,0.2049,0.1601,0.3525,
1.0,0.9989,0.9705,0.9694,0.9674,0.9974,0.9954,0.9924,0.9867,0.9256,0.7403,0.9314,0.9112,0.8422,0.8075,0.8573,0.6938,0.8288,0.9389,0.7836,0.6152,0.9551,0.7201,0.6249,0.6008,0.6127,0.8583,0.5677,0.6191,0.7869,0.5013,0.5528,0.3853,0.5928,0.6816,0.5819,0.5202,0.3143,0.484,0.263,0.5321,0.3124,0.2127,0.1628,0.3611,
1.0,0.9984,0.9667,0.9651,0.9718,0.9972,0.9949,0.9885,0.9823,0.9243,0.7324,0.931,0.9062,0.8349,0.7905,0.8566,0.6756,0.8207,0.9425,0.7825,0.6098,0.9511,0.7215,0.6222,0.6044,0.6063,0.8566,0.5625,0.6189,0.7793,0.5076,0.5434,0.3824,0.5958,0.6811,0.5893,0.5223,0.3102,0.485,0.2573,0.5241,0.3163,0.2092,0.1634,0.3584,
1.0,0.9982,0.9683,0.9665,0.9706,0.9978,0.9954,0.9907,0.9856,0.92,0.7366,0.9317,0.9057,0.8411,0.806,0.8533,0.6883,0.829,0.9414,0.7812,0.6023,0.9515,0.7109,0.6198,0.6007,0.6123,0.8559,0.566,0.6185,0.7828,0.5022,0.5523,0.3847,0.5961,0.6759,0.5767,0.5139,0.3149,0.4812,0.2625,0.5282,0.3118,0.2067,0.1592,0.3619,
1.0,0.9985,0.9698,0.9683,0.9694,0.9974,0.9947,0.9899,0.985,0.9235,0.7393,0.9309,0.9066,0.8406,0.8022,0.8558,0.6863,0.8274,0.9387,0.779,0.6123,0.951,0.7204,0.6245,0.6039,0.614,0.8537,0.5589,0.6208,0.7773,0.4966,0.5487,0.3863,0.5938,0.6775,0.5765,0.5123,0.3112,0.4792,0.2593,0.5284,0.3062,0.2049,0.1644,0.3593,
1.0,0.9991,0.9651,0.9642,0.9707,0.9977,0.9956,0.9921,0.9873,0.9239,0.7379,0.929,0.9086,0.839,0.805,0.8552,0.6849,0.8262,0.9436,0.7842,0.6128,0.9567,0.7259,0.6265,0.6129,0.6181,0.8584,0.5688,0.6183,0.792,0.5207,0.5561,0.3975,0.5882,0.6784,0.5921,0.5324,0.3295,0.4818,0.2696,0.5172,0.3274,0.2114,0.1625,0.3577,
1.0,0.9982,0.9692,0.9674,0.9695,0.997,0.9944,0.9902,0.9842,0.9166,0.7286,0.9329,0.9021,0.8385,0.8029,0.8513,0.6882,0.8254,0.9416,0.7814,0.6036,0.9527,0.7133,0.6205,0.5955,0.6047,0.8567,0.5642,0.6185,0.7762,0.503,0.5514,0.3807,0.5923,0.6803,0.5798,0.524,0.3111,0.4818,0.2519,0.5338,0.3081,0.208,0.1615,0.3581,
1.0,0.9993,0.9684,0.9677,0.9683,0.997,0.9946,0.9904,0.9865,0.9199,0.7323,0.9311,0.9037,0.8385,0.8013,0.852,0.6825,0.8246,0.9408,0.7759,0.6108,0.9522,0.7219,0.6256,0.6076,0.6061,0.8567,0.5635,0.6176,0.7765,0.4956,0.5486,0.3841,0.5851,0.6763,0.5812,0.5206,0.3134,0.477,0.2576,0.5228,0.3017,0.2014,0.1636,0.3468,
1.0,0.9987,0.966,0.9647,0.9681,0.997,0.9947,0.9879,0.9823,0.9185,0.7309,0.9282,0.9007,0.8408,0.8018,0.8474,0.6823,0.8287,0.9408,0.7762,0.6139,0.9511,0.7253,0.6247,0.6142,0.6167,0.8527,0.5687,0.6162,0.7719,0.4906,0.5492,0.3894,0.5898,0.671,0.5826,0.5178,0.3142,0.4768,0.2563,0.5195,0.3039,0.1934,0.1612,0.3534,
1.0,0.9995,0.9667,0.9662,0.9709,0.9977,0.9966,0.9903,0.9832,0.9192,0.7378,0.9309,0.9024,0.8442,0.8022,0.8511,0.6842,0.8305,0.9361,0.7745,0.6074,0.9554,0.7184,0.6236,0.6046,0.6103,0.8518,0.5615,0.6198,0.7779,0.5028,0.5538,0.3873,0.6014,0.6819,0.5817,0.5214,0.3161,0.4841,0.2653,0.5265,0.3155,0.2086,0.1696,0.3666,
1.0,0.999,0.9683,0.9673,0.9723,0.9972,0.9954,0.9908,0.9851,0.9225,0.7398,0.9342,0.9062,0.8444,0.8075,0.8578,0.6923,0.8322,0.9436,0.7851,0.6149,0.9539,0.7224,0.6323,0.6078,0.6185,0.8547,0.5759,0.618,0.7855,0.5148,0.5574,0.3933,0.5869,0.6724,0.5844,0.5257,0.3212,0.4739,0.2614,0.5178,0.316,0.2067,0.1636,0.3567,
1.0,0.9987,0.9686,0.9673,0.9708,0.997,0.9947,0.9899,0.9836,0.9199,0.73,0.934,0.9041,0.8357,0.7944,0.8547,0.6807,0.8217,0.9431,0.7808,0.6091,0.9513,0.7201,0.6214,0.6091,0.6072,0.8619,0.5661,0.6167,0.7777,0.4977,0.5457,0.3943,0.5961,0.6773,0.5851,0.5301,0.3152,0.4914,0.2604,0.5251,0.311,0.2063,0.171,0.3562,
1.0,0.9988,0.9668,0.9656,0.9688,0.9972,0.9946,0.9899,0.9846,0.9208,0.7333,0.9282,0.9038,0.8409,0.8033,0.8502,0.6862,0.8268,0.9363,0.7791,0.6025,0.951,0.714,0.6158,0.598,0.6113,0.8547,0.5701,0.6135,0.7793,0.4997,0.5545,0.385,0.5874,0.68,0.5715,0.5076,0.3132,0.4811,0.2501,0.5313,0.3104,0.2119,0.1573,0.3567,
1.0,0.9985,0.968,0.9665,0.9702,0.997,0.9949,0.9908,0.9836,0.9288,0.7365,0.9314,0.9134,0.837,0.7963,0.8616,0.679,0.8228,0.9392,0.7861,0.6149,0.954,0.7319,0.6243,0.6062,0.6112,0.8571,0.5675,0.6292,0.7892,0.517,0.5504,0.3876,0.5831,0.676,0.5847,0.517,0.3162,0.4772,0.2604,0.5301,0.3174,0.2145,0.1609,0.3467,
1.0,0.9993,0.9633,0.9626,0.9664,0.997,0.9957,0.9914,0.9856,0.9239,0.7338,0.9241,0.9089,0.8385,0.8021,0.8494,0.6808,0.825,0.9436,0.7795,0.609,0.9535,0.7214,0.6153,0.6013,0.6186,0.8579,0.577,0.6119,0.7855,0.5003,0.5541,0.3847,0.5881,0.6767,0.5805,0.5262,0.3169,0.4838,0.2546,0.5206,0.3064,0.2022,0.1667,0.352,
1.0,0.9993,0.9667,0.966,0.9708,0.9977,0.996,0.992,0.9863,0.9214,0.7434,0.9315,0.906,0.8448,0.8086,0.8541,0.689,0.8304,0.9361,0.778,0.609,0.9533,0.7186,0.6234,0.6071,0.6244,0.8556,0.5739,0.612,0.7863,0.5042,0.5626,0.3929,0.588,0.6706,0.568,0.5106,0.3265,0.4749,0.2545,0.524,0.3067,0.2165,0.157,0.3553,
1.0,0.9987,0.97,0.9687,0.9724,0.9981,0.9959,0.9901,0.9843,0.9232,0.7374,0.9346,0.9066,0.8368,0.7969,0.8586,0.6817,0.8238,0.9429,0.7798,0.6099,0.9543,0.7211,0.626,0.6097,0.6156,0.8525,0.5629,0.6257,0.787,0.5005,0.5579,0.3861,0.599,0.6896,0.5859,0.5231,0.3163,0.4752,0.2626,0.5257,0.3118,0.2128,0.1678,0.3561,
1.0,0.9989,0.9699,0.9688,0.9696,0.9967,0.9947,0.9889,0.9819,0.9224,0.7256,0.9331,0.9044,0.8326,0.7905,0.8568,0.6737,0.8171,0.9408,0.7794,0.6023,0.9509,0.717,0.6155,0.6062,0.6087,0.8559,0.5634,0.6085,0.7789,0.4994,0.5447,0.3818,0.5885,0.6804,0.5779,0.5195,0.3085,0.4816,0.2445,0.5217,0.3099,0.2071,0.1602,0.3501,
1.0,0.9992,0.9686,0.9678,0.9713,0.9973,0.9953,0.9925,0.9875,0.9229,0.7424,0.9349,0.9098,0.8419,0.8054,0.8588,0.6901,0.83,0.9442,0.7845,0.6177,0.9545,0.723,0.6275,0.608,0.6172,0.8594,0.5786,0.6233,0.787,0.5045,0.5612,0.3847,0.5901,0.6798,0.5847,0.5211,0.3196,0.4718,0.2632,0.5294,0.3077,0.2105,0.1624,0.3528,
1.0,0.9994,0.9676,0.967,0.9683,0.9982,0.9975,0.993,0.9883,0.9215,0.7338,0.9317,0.9096,0.8337,0.8004,0.8544,0.6827,0.8231,0.9418,0.7804,0.5968,0.9562,0.7103,0.6073,0.5955,0.6078,0.8579,0.5571,0.611,0.7767,0.5024,0.5434,0.3806,0.5931,0.6874,0.5773,0.5254,0.3125,0.4835,0.2539,0.5321,0.31,0.2058,0.1587,0.3489,
1.0,0.9989,0.9698,0.9687,0.9687,0.9975,0.9955,0.9911,0.9858,0.9244,0.7382,0.9311,0.9076,0.8397,0.8009,0.8564,0.6879,0.8271,0.94,0.7816,0.6105,0.9568,0.7225,0.6235,0.6093,0.6154,0.8537,0.5688,0.626,0.7793,0.5081,0.5592,0.3884,0.5894,0.6826,0.5826,0.5164,0.3181,0.477,0.2579,0.5271,0.3096,0.2074,0.1648,0.3581,
1.0,0.9992,0.9684,0.9676,0.9688,0.9976,0.9956,0.9888,0.9836,0.9265,0.743,0.9315,0.9096,0.8451,0.8055,0.8572,0.6919,0.8306,0.9375,0.7859,0.6183,0.9487,0.7228,0.6264,0.6006,0.6209,0.8529,0.5688,0.6195,0.7812,0.4987,0.5509,0.3822,0.5838,0.67,0.5852,0.5264,0.3151,0.4706,0.2687,0.5216,0.3062,0.2036,0.1657,0.3489,
1.0,0.999,0.9667,0.9657,0.9697,0.9978,0.9955,0.9905,0.9847,0.9233,0.7347,0.93,0.9079,0.8384,0.7982,0.8545,0.6784,0.8245,0.9393,0.7788,0.6128,0.952,0.7269,0.6242,0.6119,0.6124,0.8551,0.5686,0.6267,0.7818,0.4963,0.5562,0.3961,0.5938,0.6676,0.5852,0.5204,0.3157,0.4725,0.2636,0.5221,0.3029,0.208,0.1652,0.3493,
1.0,0.9996,0.9689,0.9685,0.9724,0.9965,0.9956,0.9927,0.9866,0.9219,0.7451,0.9358,0.9063,0.8481,0.8103,0.8584,0.6894,0.8366,0.944,0.7799,0.6117,0.9553,0.7147,0.6287,0.6,0.6241,0.8556,0.5788,0.6072,0.784,0.5061,0.568,0.3894,0.5985,0.6816,0.5706,0.5265,0.3265,0.4742,0.2538,0.5247,0.3125,0.2104,0.1662,0.3558,
1.0,0.9987,0.9678,0.9665,0.9696,0.9979,0.996,0.9907,0.9856,0.9167,0.7339,0.9319,0.9028,0.8417,0.8052,0.8504,0.6889,0.8306,0.9447,0.7772,0.6143,0.9538,0.7224,0.6313,0.6164,0.6153,0.8603,0.576,0.6222,0.7778,0.5045,0.56,0.3974,0.5955,0.6766,0.5847,0.5268,0.3287,0.4795,0.2615,0.523,0.3095,0.2049,0.1683,0.357,
1.0,0.9987,0.9654,0.9641,0.9686,0.9986,0.9962,0.9886,0.9827,0.9273,0.7369,0.9285,0.9126,0.8408,0.8003,0.8575,0.6807,0.8272,0.9402,0.786,0.6195,0.9498,0.7327,0.6251,0.6017,0.6164,0.8593,0.567,0.6244,0.7828,0.5019,0.5516,0.3966,0.5895,0.6768,0.5816,0.5157,0.3203,0.4734,0.2673,0.5241,0.3122,0.2067,0.1635,0.3515,
1.0,0.9991,0.9683,0.9674,0.9708,0.9977,0.9955,0.99,0.9852,0.9242,0.7404,0.9316,0.9068,0.8432,0.8049,0.8574,0.6891,0.831,0.9394,0.7837,0.6151,0.9523,0.7233,0.6299,0.6096,0.6147,0.8548,0.5671,0.6261,0.78,0.5038,0.5462,0.3887,0.5936,0.6703,0.5787,0.5198,0.3192,0.4762,0.2654,0.5113,0.3106,0.2085,0.1621,0.3574,
1.0,0.9995,0.9688,0.9683,0.9693,0.9967,0.995,0.9912,0.9861,0.923,0.7418,0.9305,0.9048,0.8461,0.8079,0.8552,0.6889,0.8336,0.9405,0.7772,0.6138,0.9536,0.721,0.6289,0.612,0.6157,0.8486,0.5675,0.6261,0.7779,0.5079,0.5527,0.3896,0.5946,0.6659,0.5857,0.5196,0.3223,0.4783,0.2691,0.5207,0.3164,0.205,0.171,0.3596,
1.0,0.999,0.9649,0.9639,0.9671,0.9979,0.9956,0.9903,0.9868,0.921,0.7337,0.9261,0.9057,0.8403,0.8073,0.8489,0.6849,0.829,0.9435,0.7805,0.6096,0.9509,0.7202,0.6205,0.5959,0.6117,0.8566,0.5697,0.6154,0.7848,0.512,0.5543,0.3851,0.5889,0.6756,0.5795,0.5257,0.323,0.4708,0.2578,0.5247,0.3116,0.2086,0.1672,0.3507,
1.0,0.9987,0.97,0.9687,0.9711,0.9961,0.993,0.9887,0.9838,0.9241,0.744,0.9347,0.9061,0.8439,0.805,0.8594,0.6856,0.8297,0.9404,0.7807,0.6186,0.9523,0.7217,0.6275,0.6086,0.622,0.851,0.565,0.6229,0.78,0.5068,0.5543,0.3905,0.5955,0.68,0.587,0.5233,0.3175,0.4845,0.2587,0.5241,0.3184,0.2114,0.1658,0.3557,
1.0,0.9995,0.9707,0.9702,0.9715,0.9983,0.9971,0.9921,0.9863,0.9252,0.7407,0.9352,0.91,0.8401,0.8004,0.8611,0.6922,0.8272,0.9423,0.7854,0.6087,0.9533,0.7184,0.6254,0.6069,0.6171,0.8615,0.5741,0.6217,0.7862,0.5044,0.5583,0.3855,0.5935,0.6849,0.5821,0.5234,0.3186,0.4806,0.2623,0.5359,0.3144,0.2089,0.1608,0.3573,
1.0,0.9989,0.9678,0.9667,0.97,0.9972,0.9953,0.9906,0.9846,0.9251,0.7385,0.9312,0.9094,0.8407,0.8024,0.8573,0.6875,0.8278,0.9402,0.787,0.6111,0.9531,0.7238,0.6224,0.6056,0.6146,0.8606,0.5663,0.6191,0.7873,0.5008,0.5511,0.3838,0.5984,0.6783,0.5796,0.5181,0.3134,0.483,0.26,0.5281,0.3113,0.2072,0.1646,0.3638,
1.0,0.9989,0.963,0.9619,0.9699,0.9976,0.9957,0.991,0.9853,0.9283,0.7423,0.9256,0.9119,0.8427,0.8039,0.8539,0.682,0.8304,0.9377,0.7833,0.6107,0.9554,0.7215,0.617,0.5986,0.6162,0.8523,0.5622,0.6177,0.7903,0.5101,0.5522,0.3785,0.5952,0.672,0.5805,0.5172,0.3167,0.4745,0.2627,0.5188,0.3189,0.2056,0.1572,0.3574,
1.0,0.9995,0.9701,0.9696,0.9653,0.9979,0.9963,0.9906,0.9849,0.9254,0.7352,0.9294,0.9088,0.8411,0.8014,0.8557,0.691,0.8277,0.941,0.7817,0.6058,0.955,0.7239,0.6165,0.6054,0.613,0.8637,0.5727,0.6206,0.7807,0.5038,0.5593,0.3938,0.6002,0.6777,0.5771,0.5197,0.3205,0.4819,0.2567,0.5291,0.3147,0.2021,0.1586,0.3628,
1.0,0.9991,0.9691,0.9682,0.9708,0.9965,0.9942,0.9912,0.9855,0.9202,0.7337,0.9339,0.9042,0.8384,0.8022,0.8551,0.6863,0.8244,0.9375,0.7852,0.6065,0.9511,0.7168,0.6236,0.6066,0.6105,0.8556,0.5672,0.6149,0.778,0.4958,0.5454,0.3849,0.576,0.6648,0.5783,0.5194,0.3095,0.4712,0.2536,0.5224,0.2978,0.2029,0.1634,0.3462,
1.0,0.999,0.9703,0.9693,0.9709,0.9977,0.9949,0.99,0.9863,0.9204,0.738,0.9344,0.9041,0.8399,0.8004,0.8561,0.6834,0.8271,0.9419,0.7774,0.6055,0.9524,0.7152,0.6226,0.6006,0.6128,0.8571,0.5627,0.6117,0.7798,0.4996,0.5509,0.3887,0.5946,0.6783,0.5738,0.5135,0.3167,0.4748,0.2487,0.5204,0.3133,0.203,0.1547,0.3544,
1.0,0.999,0.9659,0.9649,0.969,0.9986,0.9966,0.9912,0.9861,0.9231,0.7316,0.929,0.909,0.8351,0.7984,0.8528,0.6823,0.8227,0.9447,0.7838,0.6114,0.9571,0.7242,0.6207,0.6025,0.6111,0.8594,0.5678,0.6231,0.7853,0.5098,0.5584,0.3862,0.597,0.69,0.5875,0.5217,0.3252,0.4737,0.2611,0.529,0.3168,0.2139,0.163,0.3611,
1.0,0.9985,0.9703,0.9688,0.9711,0.9978,0.9951,0.9901,0.9862,0.9254,0.7439,0.9348,0.9105,0.8424,0.8075,0.8612,0.6927,0.8302,0.9404,0.7881,0.6112,0.953,0.7181,0.6247,0.6011,0.62,0.859,0.5716,0.6143,0.7849,0.5036,0.5549,0.388,0.5909,0.6747,0.5755,0.5247,0.3071,0.4795,0.259,0.5239,0.3054,0.1992,0.1656,0.3523,
1.0,0.9981,0.9674,0.9655,0.9713,0.9971,0.9941,0.9898,0.9848,0.9238,0.7341,0.9305,0.9068,0.8361,0.7944,0.8547,0.6803,0.8217,0.9386,0.782,0.6038,0.9514,0.7218,0.6173,0.6038,0.6057,0.8584,0.5649,0.6193,0.781,0.4969,0.545,0.3825,0.5934,0.6713,0.5762,0.5232,0.3045,0.4787,0.2614,0.5239,0.3005,0.201,0.1607,0.3532,
1.0,0.9992,0.9655,0.9647,0.9692,0.9978,0.9956,0.9897,0.9838,0.9229,0.7344,0.9285,0.9059,0.8372,0.7972,0.8534,0.6771,0.822,0.9383,0.7778,0.6031,0.9535,0.7197,0.6115,0.6033,0.6103,0.8556,0.5613,0.6125,0.7806,0.498,0.5458,0.3859,0.5954,0.676,0.5741,0.5173,0.3101,0.4903,0.2482,0.5279,0.3042,0.2048,0.163,0.3572,
1.0,0.9985,0.9695,0.968,0.9724,0.9973,0.9954,0.992,0.987,0.924,0.7397,0.9336,0.908,0.8401,0.8022,0.8588,0.6946,0.829,0.9392,0.7886,0.6105,0.9541,0.7231,0.6259,0.6128,0.6124,0.8641,0.5727,0.6223,0.789,0.5063,0.5472,0.3937,0.5904,0.6711,0.58,0.5215,0.3185,0.4852,0.2619,0.5218,0.3164,0.2114,0.1633,0.3618,
1.0,0.9989,0.9668,0.9657,0.9713,0.9968,0.9946,0.9911,0.9842,0.9227,0.7345,0.9324,0.9075,0.8379,0.7991,0.8559,0.6768,0.8232,0.937,0.7805,0.6103,0.9517,0.7203,0.6209,0.6085,0.6139,0.8516,0.5674,0.6204,0.7857,0.5067,0.5541,0.3874,0.5836,0.6681,0.5772,0.5211,0.3185,0.4755,0.2627,0.5218,0.3124,0.2088,0.169,0.348,
1.0,0.9984,0.967,0.9654,0.9681,0.9975,0.994,0.9891,0.9859,0.9213,0.7334,0.9279,0.9045,0.839,0.8012,0.8504,0.6859,0.8259,0.9425,0.7813,0.6112,0.9527,0.7224,0.6214,0.6086,0.612,0.863,0.5713,0.6192,0.7805,0.5005,0.5551,0.3845,0.5981,0.6838,0.5833,0.5318,0.3164,0.4936,0.2651,0.5351,0.3123,0.2073,0.1682,0.366,
1.0,0.9991,0.9682,0.9673,0.9689,0.9974,0.9959,0.9918,0.9857,0.9246,0.7365,0.9309,0.9095,0.8392,0.802,0.8568,0.6888,0.8256,0.9397,0.7846,0.6115,0.9506,0.7218,0.6225,0.6008,0.6116,0.8615,0.5704,0.6178,0.7826,0.4956,0.5512,0.3863,0.5882,0.671,0.5822,0.5164,0.3119,0.4795,0.256,0.5293,0.304,0.2085,0.1607,0.3516,
1.0,0.9991,0.9643,0.9634,0.9699,0.9969,0.995,0.9914,0.9861,0.93,0.7413,0.9292,0.9157,0.8364,0.8017,0.8601,0.6806,0.8227,0.9392,0.7928,0.6136,0.9529,0.7273,0.6148,0.6003,0.6148,0.8588,0.5609,0.6182,0.7862,0.5065,0.5378,0.3793,0.5863,0.6735,0.5883,0.5213,0.3109,0.4754,0.2645,0.5267,0.3109,0.2052,0.1586,0.3565,
1.0,0.9989,0.9664,0.9653,0.9693,0.9964,0.9942,0.9907,0.984,0.9203,0.7366,0.9296,0.9042,0.8412,0.801,0.8515,0.6854,0.8278,0.9379,0.7805,0.6124,0.9526,0.7201,0.6228,0.6079,0.6144,0.8535,0.5748,0.6193,0.7768,0.4941,0.5573,0.3776,0.5882,0.6721,0.5831,0.5158,0.3109,0.4719,0.2617,0.5281,0.3016,0.2067,0.1654,0.3471,
1.0,0.9985,0.9709,0.9694,0.9693,0.9962,0.9936,0.9896,0.9847,0.9201,0.737,0.9345,0.9036,0.843,0.8045,0.8551,0.6892,0.8306,0.9417,0.7795,0.6154,0.9519,0.7268,0.631,0.6143,0.6151,0.8562,0.5724,0.6246,0.7742,0.499,0.5544,0.3943,0.595,0.6716,0.5909,0.5247,0.3169,0.4831,0.269,0.5236,0.309,0.2023,0.1666,0.3629,
1.0,0.9984,0.9671,0.9655,0.9664,0.9972,0.995,0.9908,0.9847,0.9263,0.735,0.9264,0.9109,0.8398,0.8005,0.8541,0.6849,0.8261,0.941,0.783,0.6129,0.954,0.7235,0.621,0.5995,0.6106,0.8594,0.5716,0.6231,0.7816,0.5079,0.5503,0.3871,0.5941,0.6738,0.5862,0.5211,0.314,0.4787,0.2657,0.5276,0.3144,0.2092,0.1597,0.3619,
1.0,0.9993,0.9688,0.9681,0.9697,0.9963,0.9941,0.9902,0.9844,0.9239,0.7343,0.9319,0.9061,0.8363,0.7995,0.8568,0.6877,0.821,0.9384,0.7891,0.608,0.9491,0.7159,0.6215,0.6029,0.6117,0.8577,0.5665,0.618,0.7799,0.502,0.5506,0.3827,0.5926,0.6776,0.5794,0.5217,0.304,0.4834,0.2627,0.5259,0.3124,0.2084,0.1603,0.3519,
1.0,0.9983,0.9684,0.9667,0.9723,0.9979,0.9954,0.991,0.9869,0.9227,0.7427,0.9338,0.9082,0.8424,0.8052,0.8592,0.6886,0.8317,0.9402,0.7835,0.6121,0.9559,0.724,0.6258,0.6123,0.6178,0.8572,0.5673,0.6213,0.7832,0.506,0.5556,0.3997,0.5919,0.6841,0.5879,0.5164,0.3238,0.4889,0.2612,0.5314,0.3246,0.2133,0.1652,0.3604,
1.0,0.9987,0.9734,0.9721,0.9716,0.9975,0.9949,0.9894,0.9848,0.9193,0.7305,0.9396,0.9044,0.8328,0.7939,0.8592,0.6745,0.82,0.9436,0.7739,0.6095,0.9521,0.7218,0.6273,0.6145,0.6115,0.8544,0.561,0.6227,0.7811,0.5074,0.5567,0.3976,0.6051,0.6951,0.5825,0.5247,0.3195,0.4772,0.2547,0.5309,0.3205,0.2146,0.1655,0.353,
1.0,0.9986,0.9652,0.9638,0.969,0.9973,0.9951,0.9893,0.9844,0.9271,0.7343,0.9282,0.9111,0.8359,0.7974,0.8562,0.6779,0.8243,0.9374,0.7851,0.6023,0.9514,0.7248,0.6078,0.6012,0.6081,0.855,0.5596,0.6254,0.7846,0.5084,0.5472,0.3826,0.5994,0.6798,0.5848,0.5141,0.3148,0.48,0.2621,0.5361,0.3189,0.2167,0.1595,0.3555,
1.0,0.9986,0.9685,0.9671,0.9713,0.9973,0.9945,0.9893,0.9855,0.9231,0.7362,0.9325,0.9059,0.8396,0.8031,0.8575,0.6885,0.8282,0.943,0.7854,0.6033,0.952,0.7208,0.6182,0.6091,0.6178,0.8599,0.5718,0.6195,0.7883,0.5031,0.5561,0.388,0.5976,0.6763,0.5831,0.525,0.3178,0.4849,0.2592,0.5206,0.3126,0.2029,0.1631,0.3596,
1.0,0.9989,0.9709,0.9698,0.9704,0.9974,0.9962,0.992,0.9861,0.9227,0.7406,0.9352,0.9089,0.8428,0.8075,0.8592,0.6916,0.8308,0.9389,0.7853,0.6111,0.9544,0.7259,0.6245,0.6106,0.6134,0.8601,0.5635,0.6245,0.787,0.5081,0.5551,0.3906,0.6005,0.6834,0.5816,0.5187,0.3234,0.4869,0.2663,0.5369,0.315,0.2104,0.1611,0.3625,
1.0,0.9989,0.9681,0.967,0.9725,0.9976,0.9955,0.9902,0.9842,0.9203,0.736,0.9338,0.9039,0.8402,0.801,0.8551,0.6858,0.8273,0.9386,0.7811,0.6097,0.9526,0.7241,0.6307,0.6121,0.6128,0.8544,0.5605,0.6234,0.7812,0.4959,0.5491,0.3899,0.591,0.6751,0.5755,0.5124,0.3126,0.4714,0.2659,0.5185,0.309,0.207,0.1661,0.3524,
1.0,0.9989,0.9668,0.9657,0.9666,0.997,0.9948,0.9894,0.9828,0.9232,0.7327,0.9264,0.9064,0.8394,0.8015,0.8507,0.6804,0.8252,0.9382,0.7793,0.6129,0.9519,0.7246,0.619,0.606,0.6161,0.8509,0.5625,0.6195,0.778,0.5019,0.5483,0.3878,0.5912,0.6753,0.5808,0.5153,0.3179,0.4821,0.2645,0.5235,0.3104,0.2104,0.1613,0.3536,
1.0,0.9984,0.9669,0.9653,0.9704,0.997,0.9947,0.9889,0.9816,0.9206,0.74,0.9299,0.9031,0.848,0.8046,0.8513,0.6866,0.8325,0.9366,0.7763,0.6106,0.9518,0.7167,0.6238,0.6014,0.6182,0.851,0.5724,0.614,0.7763,0.4973,0.5586,0.3821,0.592,0.6724,0.5731,0.522,0.3178,0.4712,0.2573,0.5249,0.3028,0.2052,0.1628,0.3485,
1.0,0.9987,0.9702,0.9689,0.9722,0.9971,0.9945,0.9912,0.9866,0.9268,0.7399,0.9353,0.9111,0.8369,0.8007,0.8635,0.6902,0.8239,0.9413,0.7924,0.6075,0.9556,0.7224,0.6212,0.6043,0.6161,0.8625,0.5682,0.6154,0.7912,0.5118,0.5426,0.3819,0.5862,0.6694,0.575,0.5299,0.3133,0.4716,0.2604,0.5109,0.3178,0.2091,0.155,0.3517,
1.0,0.9985,0.9689,0.9674,0.9737,0.9976,0.995,0.9876,0.9822,0.931,0.7416,0.9353,0.9126,0.8369,0.7956,0.8674,0.6772,0.8226,0.9394,0.7906,0.6166,0.9471,0.7292,0.6274,0.6077,0.622,0.8499,0.5603,0.6288,0.7902,0.5134,0.5467,0.3905,0.5872,0.6717,0.5829,0.5153,0.3111,0.4727,0.2568,0.5206,0.3116,0.2149,0.1648,0.344,
1.0,0.9981,0.9679,0.966,0.9716,0.9979,0.9951,0.9892,0.9843,0.9251,0.7399,0.9313,0.9081,0.843,0.8028,0.8578,0.6854,0.8293,0.9386,0.7837,0.6142,0.9537,0.7262,0.626,0.6158,0.6208,0.8565,0.5718,0.6241,0.7859,0.5014,0.5534,0.3839,0.5908,0.6734,0.5888,0.521,0.3158,0.4742,0.2607,0.5192,0.3069,0.2038,0.165,0.3554,
1.0,0.9988,0.9708,0.9696,0.9689,0.9981,0.9959,0.9896,0.983,0.9254,0.733,0.9332,0.9098,0.8368,0.7962,0.86,0.6807,0.8225,0.9413,0.7823,0.6178,0.9525,0.7283,0.6286,0.6075,0.6076,0.8586,0.5616,0.6293,0.7855,0.5082,0.5465,0.3906,0.5947,0.6797,0.5879,0.518,0.3174,0.4726,0.2566,0.5182,0.308,0.2055,0.162,0.3522,
1.0,0.9989,0.9676,0.9665,0.9711,0.9974,0.9959,0.9912,0.9858,0.9212,0.7376,0.9328,0.9062,0.8405,0.8026,0.8555,0.6827,0.8289,0.943,0.7786,0.6228,0.9535,0.7315,0.6366,0.6195,0.6195,0.8522,0.5722,0.6284,0.784,0.5081,0.5585,0.3974,0.5946,0.6813,0.5891,0.517,0.3226,0.4756,0.2662,0.5191,0.3067,0.205,0.1689,0.3569,
1.0,0.9993,0.9675,0.9668,0.9689,0.9978,0.9965,0.9905,0.9844,0.9231,0.7282,0.9297,0.9069,0.8336,0.7944,0.855,0.6772,0.821,0.9395,0.7807,0.6042,0.9523,0.7211,0.615,0.6066,0.6072,0.8552,0.5571,0.6177,0.778,0.5007,0.5381,0.3899,0.5921,0.6743,0.5816,0.5152,0.3118,0.4793,0.2587,0.5208,0.3158,0.2044,0.1629,0.3555,
1.0,0.9992,0.9663,0.9655,0.965,0.9972,0.9951,0.991,0.9851,0.9275,0.734,0.9257,0.9119,0.8354,0.7958,0.8537,0.6822,0.8202,0.9392,0.7838,0.6164,0.9536,0.7288,0.6197,0.6062,0.6104,0.8587,0.5646,0.6262,0.7802,0.4996,0.5482,0.3802,0.5899,0.6758,0.5907,0.5199,0.3104,0.4849,0.2655,0.5329,0.308,0.2046,0.1589,0.352,
1.0,0.9988,0.97,0.9688,0.969,0.9982,0.9957,0.9896,0.9852,0.9191,0.7347,0.9323,0.9035,0.8416,0.8031,0.8529,0.6875,0.8287,0.9424,0.7735,0.6074,0.9518,0.7103,0.6236,0.603,0.6126,0.8508,0.5648,0.6184,0.7709,0.4926,0.5527,0.3847,0.5976,0.6799,0.5777,0.5213,0.3093,0.4764,0.2545,0.5254,0.3059,0.2084,0.1606,0.3548,
1.0,0.9989,0.9681,0.967,0.9651,0.998,0.996,0.9908,0.9851,0.9241,0.7281,0.9279,0.9103,0.8345,0.7976,0.8536,0.6797,0.8204,0.9409,0.778,0.6096,0.9506,0.7238,0.6189,0.5996,0.6078,0.8555,0.5586,0.6221,0.7772,0.5029,0.548,0.3923,0.5842,0.6765,0.5831,0.5144,0.3153,0.4761,0.2565,0.5274,0.3075,0.2075,0.156,0.3473,
1.0,0.999,0.9713,0.9703,0.9696,0.9972,0.9956,0.9913,0.9859,0.923,0.7393,0.9343,0.9067,0.8419,0.8026,0.8577,0.6906,0.8293,0.9418,0.7795,0.6115,0.952,0.7181,0.627,0.6099,0.6168,0.8592,0.5764,0.6242,0.7816,0.5044,0.5601,0.388,0.5948,0.6816,0.5773,0.5248,0.3192,0.481,0.268,0.5282,0.3165,0.2118,0.1628,0.3587,
1.0,0.9991,0.9709,0.97,0.9683,0.9978,0.9964,0.9916,0.9866,0.9245,0.7403,0.9335,0.9104,0.842,0.8058,0.8593,0.6898,0.8299,0.9389,0.7814,0.6091,0.9543,0.7225,0.6225,0.6011,0.6103,0.8608,0.5651,0.6212,0.7827,0.5058,0.5448,0.3927,0.5895,0.6728,0.5781,0.5173,0.3223,0.4811,0.2586,0.5277,0.3118,0.2054,0.1618,0.3562,
1.0,0.9989,0.9696,0.9685,0.9712,0.9976,0.9958,0.9914,0.9858,0.9191,0.7336,0.9344,0.9046,0.8384,0.8001,0.8548,0.6827,0.8259,0.9409,0.7772,0.6071,0.958,0.7245,0.6244,0.6153,0.6143,0.858,0.5679,0.6184,0.7804,0.5022,0.5576,0.4008,0.6015,0.6862,0.5817,0.5197,0.3194,0.4762,0.2516,0.5215,0.308,0.2137,0.1605,0.3524,
1.0,0.9987,0.9651,0.9638,0.9725,0.9973,0.9956,0.9912,0.9844,0.9227,0.7383,0.9304,0.9065,0.8405,0.8007,0.8554,0.6817,0.8276,0.9392,0.7841,0.6103,0.9523,0.7212,0.6219,0.6055,0.6127,0.8592,0.5688,0.6195,0.7895,0.5065,0.5524,0.3911,0.59,0.6684,0.5754,0.5164,0.3141,0.4874,0.2531,0.5223,0.3175,0.2104,0.1603,0.365,
1.0,0.9985,0.9687,0.9672,0.9706,0.9972,0.9951,0.9898,0.9838,0.924,0.7371,0.933,0.908,0.84,0.8003,0.8585,0.687,0.8256,0.9378,0.7846,0.613,0.953,0.7257,0.6244,0.612,0.6107,0.8586,0.5666,0.6224,0.7832,0.5026,0.5521,0.387,0.5906,0.6778,0.5859,0.5218,0.3148,0.4733,0.2595,0.529,0.3085,0.2093,0.1657,0.3504,
1.0,0.999,0.97,0.969,0.9688,0.9978,0.9957,0.9899,0.9836,0.9255,0.7353,0.9331,0.91,0.8371,0.7981,0.8598,0.682,0.8239,0.9414,0.782,0.619,0.9538,0.7332,0.6284,0.6175,0.6148,0.8552,0.5616,0.6325,0.7775,0.5008,0.5486,0.3955,0.5949,0.6744,0.593,0.5182,0.3131,0.4805,0.2662,0.5314,0.313,0.2062,0.1685,0.3561,
1.0,0.9979,0.9663,0.9642,0.9712,0.9978,0.9949,0.9896,0.9843,0.923,0.7299,0.9296,0.9069,0.8354,0.7965,0.8532,0.6786,0.822,0.9422,0.7824,0.6067,0.9525,0.7168,0.6188,0.5991,0.6094,0.856,0.5622,0.6117,0.7819,0.5054,0.5454,0.3922,0.5884,0.6798,0.5817,0.5267,0.3127,0.4802,0.2544,0.5249,0.3196,0.2073,0.1659,0.3545,
1.0,0.9986,0.9665,0.9651,0.9709,0.9975,0.9953,0.992,0.9856,0.9257,0.7443,0.9295,0.9106,0.8432,0.8056,0.8574,0.6978,0.8292,0.9397,0.7933,0.6148,0.9545,0.7245,0.6265,0.608,0.6191,0.8661,0.5734,0.6249,0.7908,0.5078,0.5511,0.3917,0.5973,0.6733,0.5826,0.5251,0.3123,0.49,0.2713,0.5328,0.3192,0.2108,0.1613,0.3677,
1.0,0.9993,0.9691,0.9684,0.9694,0.9982,0.9959,0.9894,0.9845,0.9214,0.7385,0.9323,0.905,0.8438,0.8034,0.8556,0.6882,0.8298,0.9351,0.7798,0.6048,0.9531,0.7196,0.6196,0.6057,0.6103,0.8555,0.5675,0.6192,0.7741,0.4968,0.5528,0.3897,0.593,0.6777,0.5805,0.5212,0.3118,0.4803,0.2626,0.5325,0.3081,0.2123,0.1638,0.3622,
1.0,0.9992,0.9698,0.969,0.9687,0.9976,0.9954,0.9897,0.9866,0.9247,0.7478,0.9314,0.9074,0.8492,0.8129,0.8571,0.6974,0.8366,0.943,0.7841,0.6226,0.9529,0.7253,0.6338,0.6154,0.6258,0.8555,0.5803,0.629,0.7823,0.5117,0.5623,0.3971,0.5974,0.6836,0.595,0.5284,0.3193,0.4796,0.267,0.5271,0.3165,0.2072,0.1726,0.3638,
1.0,0.9985,0.9664,0.9649,0.9711,0.9974,0.9953,0.9896,0.9847,0.9256,0.7351,0.931,0.909,0.8373,0.8001,0.858,0.6854,0.8261,0.9419,0.7901,0.6057,0.9531,0.7187,0.6171,0.6016,0.6144,0.8565,0.5637,0.6184,0.785,0.5009,0.5453,0.3813,0.5928,0.6783,0.5851,0.5328,0.3102,0.4788,0.2619,0.5215,0.3088,0.2085,0.1636,0.3561,
1.0,0.9986,0.97,0.9686,0.9697,0.9974,0.9951,0.9888,0.9838,0.9225,0.7339,0.9333,0.9063,0.8388,0.8011,0.8567,0.6875,0.8259,0.9355,0.7837,0.5994,0.9511,0.7166,0.6127,0.6032,0.6092,0.857,0.5643,0.6101,0.7802,0.5031,0.5434,0.388,0.5907,0.6687,0.5691,0.5192,0.3153,0.4814,0.2541,0.525,0.3126,0.2088,0.162,0.3532,
1.0,0.9992,0.9694,0.9686,0.9689,0.9975,0.9957,0.9901,0.9863,0.9237,0.7382,0.9333,0.9087,0.8392,0.8024,0.8576,0.6898,0.8286,0.9439,0.7847,0.6113,0.9508,0.7201,0.623,0.6079,0.6184,0.862,0.5699,0.6202,0.7783,0.4948,0.5535,0.3888,0.6003,0.679,0.5829,0.5214,0.3158,0.4936,0.2643,0.5307,0.3171,0.2044,0.1651,0.3665,
1.0,0.999,0.9649,0.9639,0.9692,0.9972,0.9945,0.9901,0.986,0.9232,0.7417,0.9276,0.9065,0.8456,0.8059,0.8529,0.6874,0.8323,0.9389,0.7771,0.6108,0.9568,0.7225,0.6207,0.6056,0.6164,0.86,0.5735,0.6153,0.7833,0.5044,0.5569,0.3825,0.5921,0.675,0.5814,0.5269,0.3247,0.4816,0.2615,0.5218,0.318,0.2048,0.164,0.3613,
1.0,0.9992,0.9658,0.965,0.9683,0.9972,0.9954,0.9911,0.9851,0.9247,0.7337,0.9279,0.9086,0.8361,0.7967,0.8542,0.6808,0.822,0.938,0.7828,0.6093,0.9554,0.7265,0.6178,0.6077,0.6083,0.859,0.5644,0.6197,0.7823,0.5014,0.5443,0.3864,0.5879,0.6649,0.5822,0.5113,0.3135,0.4871,0.2566,0.5258,0.3095,0.1956,0.1627,0.3551,
1.0,0.9994,0.9676,0.967,0.9714,0.9973,0.9957,0.9911,0.9863,0.9283,0.748,0.9331,0.9127,0.8434,0.8076,0.8618,0.6898,0.8306,0.9367,0.7876,0.6162,0.9506,0.7221,0.6243,0.6031,0.6187,0.8518,0.5697,0.6244,0.7884,0.5171,0.5506,0.3905,0.587,0.6739,0.5866,0.5216,0.3253,0.4762,0.2718,0.5257,0.3248,0.2167,0.1711,0.3524,
1.0,0.999,0.968,0.967,0.9697,0.997,0.9946,0.9908,0.9863,0.9297,0.7435,0.9302,0.9126,0.8408,0.8029,0.8606,0.6893,0.828,0.9381,0.7868,0.6121,0.9525,0.724,0.6199,0.6025,0.6173,0.8544,0.5643,0.622,0.7878,0.5064,0.5542,0.3845,0.5849,0.6682,0.5777,0.5177,0.3149,0.4773,0.2598,0.5252,0.3137,0.2125,0.159,0.357,
1.0,0.9994,0.9695,0.9689,0.9707,0.9971,0.9954,0.99,0.9835,0.9235,0.7391,0.9338,0.9064,0.8442,0.8066,0.8583,0.6938,0.8279,0.9394,0.7874,0.6152,0.9481,0.722,0.63,0.6121,0.623,0.8562,0.5792,0.6249,0.7847,0.513,0.5621,0.3954,0.5889,0.6781,0.5873,0.5207,0.328,0.4784,0.2631,0.5314,0.3165,0.2093,0.164,0.3588,
1.0,0.9988,0.9713,0.9701,0.9715,0.9966,0.9944,0.9899,0.9844,0.9196,0.7336,0.9358,0.9023,0.8386,0.7991,0.8569,0.6861,0.8241,0.9384,0.7792,0.6027,0.9484,0.7168,0.6238,0.606,0.6078,0.8536,0.5623,0.6208,0.7785,0.4959,0.5497,0.3869,0.5849,0.679,0.5799,0.5243,0.3049,0.4695,0.2594,0.5212,0.3042,0.209,0.1627,0.3464,
1.0,0.9987,0.9679,0.9666,0.9689,0.998,0.9957,0.9908,0.9855,0.92,0.7351,0.9302,0.9048,0.8399,0.8007,0.8525,0.6832,0.8268,0.9423,0.7748,0.6083,0.9528,0.7176,0.6232,0.6099,0.6133,0.8578,0.5676,0.6176,0.7765,0.4912,0.5532,0.3852,0.5923,0.67,0.5759,0.5129,0.315,0.473,0.2532,0.5142,0.3025,0.2014,0.1598,0.3513,
1.0,0.9989,0.9676,0.9665,0.9689,0.9979,0.9957,0.9893,0.9851,0.9202,0.7385,0.9307,0.9044,0.842,0.8037,0.8524,0.6903,0.8299,0.9459,0.782,0.6166,0.9532,0.7247,0.6327,0.6082,0.6187,0.8572,0.5764,0.6152,0.777,0.4985,0.5595,0.3893,0.587,0.6797,0.5842,0.5361,0.3156,0.481,0.2663,0.5279,0.3087,0.2023,0.1716,0.3558,
1.0,0.9987,0.9638,0.9625,0.9708,0.9972,0.9946,0.9909,0.9859,0.9295,0.7425,0.9278,0.9144,0.8399,0.8011,0.858,0.6785,0.8266,0.9377,0.7849,0.6145,0.9552,0.7286,0.6182,0.6032,0.6191,0.852,0.5665,0.6169,0.7887,0.5165,0.5514,0.3887,0.583,0.674,0.5858,0.5158,0.3255,0.4752,0.2584,0.5162,0.3198,0.2168,0.1593,0.3447,
1.0,0.999,0.9663,0.9653,0.9691,0.9972,0.9953,0.9911,0.9838,0.9277,0.7336,0.9285,0.9113,0.835,0.795,0.8578,0.6812,0.8213,0.9386,0.7889,0.6123,0.955,0.7297,0.6187,0.6044,0.6105,0.8591,0.5617,0.6227,0.7812,0.5034,0.5431,0.3874,0.5854,0.6699,0.5886,0.5173,0.3084,0.4776,0.2599,0.5285,0.3055,0.2095,0.1609,0.3501,
1.0,0.9989,0.9668,0.9657,0.9688,0.996,0.9937,0.9894,0.9849,0.9205,0.728,0.93,0.9039,0.8333,0.7954,0.8508,0.6771,0.8206,0.9458,0.7796,0.6072,0.9486,0.7208,0.6185,0.6094,0.6115,0.8567,0.5697,0.6142,0.7789,0.5071,0.548,0.3911,0.584,0.6679,0.5812,0.5224,0.3248,0.4789,0.25,0.5215,0.31,0.2003,0.1653,0.3494,
1.0,0.9987,0.9717,0.9704,0.97,0.9971,0.9949,0.991,0.9847,0.9216,0.7291,0.9354,0.9069,0.8335,0.7956,0.8575,0.6841,0.8197,0.9421,0.7829,0.6054,0.9545,0.723,0.6223,0.6144,0.6164,0.8568,0.5658,0.6224,0.7764,0.5039,0.5541,0.3962,0.5987,0.6829,0.5848,0.5247,0.3124,0.4825,0.2579,0.5318,0.3139,0.2088,0.1685,0.3601,
1.0,0.9992,0.9685,0.9677,0.9689,0.9964,0.9949,0.9903,0.9839,0.9261,0.736,0.9317,0.9094,0.8377,0.7994,0.8584,0.6787,0.8246,0.9419,0.7818,0.6178,0.951,0.7288,0.6256,0.6146,0.6169,0.8498,0.568,0.6333,0.7838,0.5081,0.5561,0.3932,0.592,0.6737,0.5907,0.5213,0.3142,0.4812,0.2692,0.5221,0.3173,0.2106,0.1721,0.358,
1.0,0.9988,0.9664,0.9652,0.9694,0.9962,0.9934,0.9886,0.9833,0.9219,0.7365,0.9295,0.9035,0.8426,0.8021,0.8536,0.6854,0.829,0.9385,0.7824,0.6129,0.9477,0.7195,0.6242,0.6081,0.6162,0.8569,0.5774,0.6187,0.7783,0.5022,0.5574,0.3873,0.5867,0.6764,0.5775,0.5218,0.3202,0.4808,0.2649,0.5374,0.3099,0.2141,0.1673,0.3558,
1.0,0.999,0.9688,0.9678,0.9696,0.9969,0.9948,0.9907,0.9853,0.9225,0.7375,0.9315,0.9053,0.8418,0.805,0.8558,0.6861,0.8285,0.939,0.7812,0.6142,0.954,0.7223,0.6267,0.6035,0.6102,0.8514,0.5609,0.6183,0.7784,0.5065,0.5425,0.3855,0.5946,0.6717,0.5786,0.5141,0.3107,0.484,0.2607,0.5256,0.3136,0.2058,0.1738,0.3618,
1.0,0.9994,0.9668,0.9662,0.9708,0.9968,0.9956,0.9921,0.9854,0.9257,0.7404,0.9323,0.9108,0.8393,0.8014,0.8588,0.686,0.827,0.942,0.7891,0.6141,0.9549,0.7237,0.6228,0.6063,0.6234,0.8608,0.5783,0.6196,0.7864,0.502,0.5574,0.3878,0.5882,0.6698,0.5805,0.5234,0.3174,0.4832,0.2609,0.5239,0.3055,0.2,0.168,0.3545,
1.0,0.9985,0.9683,0.9668,0.9708,0.9978,0.9949,0.99,0.9864,0.919,0.731,0.9327,0.9034,0.8359,0.7982,0.8529,0.6843,0.8232,0.9414,0.7788,0.6055,0.9544,0.7226,0.6223,0.6153,0.6074,0.8604,0.5643,0.6224,0.7756,0.4978,0.5441,0.3862,0.5898,0.6783,0.5859,0.5252,0.3098,0.4771,0.2557,0.5288,0.3129,0.2068,0.1625,0.3515,
1.0,0.9989,0.9661,0.965,0.9682,0.9975,0.9953,0.9895,0.9846,0.92,0.7328,0.9268,0.9028,0.8406,0.7982,0.8479,0.6823,0.8267,0.9402,0.7745,0.6088,0.9528,0.7182,0.6189,0.6004,0.6062,0.8536,0.5629,0.6097,0.7709,0.4919,0.5465,0.3849,0.5853,0.6711,0.5798,0.5224,0.3084,0.4702,0.2586,0.5166,0.2997,0.1964,0.1623,0.3534,
1.0,0.9991,0.9676,0.9667,0.9682,0.9977,0.9959,0.9889,0.9843,0.9261,0.732,0.9293,0.9094,0.8344,0.7947,0.8568,0.6795,0.8228,0.9419,0.7836,0.6106,0.9536,0.7279,0.6206,0.6048,0.6064,0.8525,0.5549,0.6228,0.7777,0.4999,0.5402,0.3829,0.5927,0.667,0.5914,0.5271,0.3044,0.4833,0.2632,0.525,0.3063,0.2004,0.171,0.3513,
1.0,0.9987,0.9712,0.9699,0.9676,0.9977,0.9954,0.9904,0.9847,0.9222,0.7283,0.9322,0.9068,0.8327,0.793,0.8562,0.6745,0.8176,0.9404,0.7732,0.605,0.9528,0.7167,0.6186,0.6064,0.6071,0.8514,0.5651,0.6165,0.7812,0.5063,0.5565,0.397,0.6011,0.684,0.5798,0.5206,0.3175,0.4742,0.2568,0.5188,0.3122,0.2077,0.1682,0.3487,
1.0,0.9993,0.9667,0.966,0.9699,0.997,0.9953,0.9905,0.9839,0.9239,0.7406,0.9313,0.9083,0.8446,0.8057,0.8571,0.6847,0.8299,0.9379,0.7826,0.6191,0.9519,0.7294,0.6312,0.6111,0.6179,0.8549,0.573,0.6247,0.7841,0.5012,0.5542,0.3859,0.5858,0.6809,0.5884,0.5169,0.3265,0.4778,0.264,0.5272,0.3037,0.2111,0.1658,0.3485,
1.0,0.9984,0.9679,0.9663,0.9684,0.9975,0.9952,0.9898,0.9836,0.9208,0.7269,0.9301,0.9053,0.8339,0.7941,0.8524,0.6795,0.8211,0.9363,0.7813,0.6048,0.9544,0.7229,0.6145,0.6089,0.6001,0.8612,0.5578,0.6251,0.7768,0.5018,0.5406,0.3819,0.5922,0.6743,0.5829,0.5207,0.3148,0.479,0.2619,0.5318,0.3107,0.2051,0.1582,0.352,
1.0,0.9993,0.968,0.9673,0.9686,0.9973,0.9958,0.9905,0.9862,0.9176,0.7356,0.9304,0.9011,0.8437,0.8051,0.8487,0.6866,0.8325,0.9414,0.772,0.6075,0.9521,0.7165,0.6239,0.6066,0.6111,0.8524,0.5682,0.6129,0.7758,0.4956,0.555,0.3873,0.5939,0.6784,0.5752,0.5163,0.3214,0.4861,0.2568,0.526,0.3046,0.2029,0.1626,0.3593,
1.0,0.9989,0.9653,0.9642,0.9696,0.9969,0.9948,0.9898,0.9845,0.9236,0.7397,0.9287,0.9075,0.8428,0.803,0.8545,0.6854,0.8299,0.9388,0.7844,0.6088,0.9509,0.7215,0.6174,0.6043,0.6143,0.8588,0.5704,0.6159,0.7815,0.4999,0.5513,0.384,0.5896,0.6729,0.58,0.52,0.3195,0.478,0.2578,0.5231,0.3118,0.2063,0.1612,0.3593,
1.0,0.9995,0.9681,0.9676,0.9694,0.9981,0.9965,0.9928,0.9872,0.922,0.7384,0.9323,0.9094,0.8378,0.8035,0.8558,0.6878,0.8245,0.942,0.7835,0.6103,0.9554,0.7154,0.6196,0.6008,0.6133,0.8604,0.5671,0.6148,0.7825,0.5058,0.5521,0.3884,0.5946,0.6826,0.5786,0.5209,0.3212,0.4862,0.2542,0.5307,0.3121,0.2118,0.1628,0.3558,
1.0,0.9991,0.9687,0.9678,0.9686,0.9974,0.9956,0.9907,0.9846,0.9227,0.7311,0.9305,0.9065,0.8344,0.795,0.8536,0.6819,0.8211,0.9392,0.781,0.6113,0.9552,0.7267,0.6218,0.6138,0.6088,0.8547,0.5607,0.6272,0.7775,0.498,0.5444,0.3865,0.5915,0.6732,0.5915,0.525,0.3053,0.481,0.2625,0.5238,0.3094,0.1999,0.1645,0.3517,
1.0,0.9987,0.9705,0.9692,0.9698,0.9961,0.9937,0.9903,0.9845,0.9235,0.735,0.9347,0.9075,0.8399,0.802,0.8593,0.6864,0.8259,0.9443,0.7842,0.6144,0.9487,0.7187,0.6283,0.6074,0.6183,0.8572,0.5733,0.6226,0.7802,0.5079,0.566,0.3927,0.5954,0.6771,0.5791,0.517,0.3245,0.4718,0.2584,0.5284,0.3056,0.2122,0.1665,0.3476,
1.0,0.9993,0.9701,0.9694,0.9696,0.9976,0.9961,0.9924,0.9857,0.9238,0.7357,0.935,0.9104,0.8391,0.8036,0.8591,0.6886,0.8246,0.9373,0.7851,0.6103,0.9545,0.7237,0.6246,0.6037,0.6068,0.8609,0.5605,0.6273,0.7823,0.497,0.5458,0.3886,0.5959,0.676,0.5797,0.5163,0.3041,0.4844,0.262,0.5292,0.3084,0.2106,0.1627,0.3627,
1.0,0.9987,0.9654,0.9641,0.9723,0.9977,0.9953,0.9892,0.9818,0.9252,0.7374,0.9304,0.9077,0.8397,0.7999,0.8571,0.6778,0.8252,0.938,0.7843,0.6125,0.9541,0.7197,0.623,0.5959,0.6169,0.8518,0.561,0.6104,0.7872,0.5089,0.5452,0.3835,0.5809,0.6639,0.5728,0.5171,0.3124,0.4756,0.2596,0.5201,0.3133,0.209,0.1668,0.3474,
1.0,0.9991,0.9687,0.9678,0.9687,0.9967,0.9941,0.9897,0.9846,0.9246,0.7385,0.9319,0.9076,0.8431,0.8049,0.8586,0.6847,0.8283,0.9401,0.7779,0.6167,0.9502,0.7234,0.6282,0.6096,0.6203,0.8511,0.5722,0.6281,0.7803,0.5037,0.5659,0.3894,0.5997,0.6819,0.5818,0.5276,0.3138,0.4786,0.2713,0.5231,0.3123,0.209,0.1677,0.3554,
1.0,0.9995,0.9683,0.9678,0.9699,0.9983,0.997,0.9898,0.9847,0.9289,0.7373,0.9322,0.912,0.8376,0.7977,0.8621,0.6799,0.8262,0.9442,0.7846,0.6165,0.9546,0.7291,0.6251,0.6099,0.6116,0.8529,0.561,0.6227,0.7827,0.5149,0.5428,0.3948,0.5917,0.667,0.5924,0.5206,0.3199,0.4811,0.263,0.5113,0.3205,0.2034,0.1664,0.352,
1.0,0.9992,0.9675,0.9667,0.9708,0.9976,0.9959,0.9906,0.9853,0.928,0.736,0.9322,0.912,0.833,0.7933,0.8609,0.6743,0.8198,0.9368,0.7829,0.6057,0.9552,0.7264,0.61,0.6071,0.6088,0.8534,0.5539,0.6165,0.7834,0.5078,0.5385,0.3881,0.5871,0.6767,0.585,0.517,0.3092,0.4734,0.2546,0.5172,0.3199,0.2111,0.1595,0.3449,
1.0,0.9992,0.9679,0.9671,0.9678,0.9971,0.9962,0.9918,0.9869,0.9232,0.7312,0.9289,0.9076,0.8346,0.7947,0.8528,0.681,0.8239,0.9433,0.7784,0.5992,0.9544,0.7194,0.6141,0.6029,0.6056,0.8608,0.5669,0.6175,0.7819,0.5041,0.5488,0.3865,0.5902,0.6811,0.5823,0.5285,0.3246,0.4793,0.2541,0.5301,0.3171,0.2112,0.161,0.358,
1.0,0.9996,0.9679,0.9675,0.9675,0.9972,0.9953,0.9903,0.9861,0.923,0.7281,0.9304,0.907,0.8331,0.7994,0.8538,0.6829,0.8177,0.9372,0.7828,0.6005,0.9465,0.7147,0.6105,0.5978,0.6048,0.8561,0.5566,0.6203,0.7825,0.51,0.547,0.3929,0.5973,0.6843,0.5804,0.5144,0.3188,0.4845,0.2566,0.535,0.3194,0.2221,0.1612,0.3596,
1.0,0.9983,0.9725,0.9708,0.9689,0.9966,0.9938,0.989,0.9844,0.9281,0.7412,0.9339,0.9101,0.8433,0.8043,0.8624,0.6987,0.8312,0.9398,0.7916,0.6069,0.9521,0.7158,0.6205,0.602,0.6209,0.8594,0.576,0.6154,0.7825,0.5102,0.5592,0.3797,0.5866,0.6751,0.5723,0.5173,0.323,0.4779,0.2557,0.5329,0.3111,0.2092,0.159,0.3581,
1.0,0.999,0.9681,0.9671,0.9695,0.998,0.9959,0.991,0.9863,0.9285,0.7389,0.931,0.9139,0.8357,0.7977,0.8597,0.6821,0.8221,0.9412,0.7853,0.6033,0.9509,0.7186,0.6122,0.5937,0.614,0.8572,0.5629,0.6152,0.7869,0.5099,0.5543,0.3844,0.5885,0.6811,0.5754,0.5142,0.3154,0.4715,0.253,0.5209,0.3128,0.2155,0.1574,0.3505,
1.0,0.9986,0.9695,0.9681,0.9705,0.9975,0.995,0.9898,0.9841,0.9247,0.7402,0.9336,0.909,0.8435,0.8069,0.8591,0.6895,0.8299,0.9422,0.7848,0.6184,0.9488,0.7245,0.6282,0.6086,0.6223,0.8579,0.5673,0.624,0.7818,0.4996,0.5531,0.3901,0.589,0.6735,0.5825,0.5242,0.3132,0.479,0.2693,0.5285,0.3036,0.2072,0.1679,0.3545,
1.0,0.9976,0.9658,0.9634,0.9698,0.9977,0.9935,0.9872,0.9825,0.9233,0.7332,0.9272,0.9048,0.8395,0.7992,0.8522,0.6832,0.8267,0.9402,0.7834,0.6073,0.954,0.7193,0.6185,0.6058,0.6165,0.8549,0.5682,0.6177,0.7808,0.4981,0.5561,0.3809,0.5913,0.6837,0.5819,0.5261,0.3103,0.4844,0.2541,0.5258,0.314,0.2108,0.166,0.3549,
1.0,0.9988,0.9693,0.9681,0.97,0.9977,0.9952,0.9894,0.9853,0.9204,0.7346,0.933,0.904,0.8403,0.8005,0.8552,0.6833,0.8271,0.9441,0.777,0.6152,0.9473,0.7192,0.6283,0.6115,0.6151,0.8542,0.5735,0.6256,0.7745,0.5011,0.5598,0.3928,0.5951,0.6815,0.5899,0.5289,0.3244,0.4767,0.2703,0.5269,0.3043,0.2114,0.1696,0.3526,
1.0,0.9991,0.9676,0.9667,0.968,0.9972,0.9953,0.9911,0.9857,0.9238,0.7281,0.9294,0.9083,0.8309,0.7936,0.8554,0.6784,0.8187,0.938,0.7818,0.6051,0.9539,0.7215,0.6166,0.6067,0.6018,0.8557,0.558,0.6223,0.7819,0.5066,0.546,0.3915,0.5946,0.6764,0.5841,0.5198,0.3121,0.4845,0.2661,0.5264,0.3222,0.2163,0.1656,0.3588,
1.0,0.999,0.9689,0.9679,0.9679,0.9973,0.996,0.9912,0.985,0.9191,0.7254,0.9308,0.9049,0.834,0.7972,0.8521,0.6741,0.8222,0.9433,0.771,0.6044,0.9555,0.719,0.6187,0.6033,0.6042,0.8509,0.559,0.619,0.7745,0.5004,0.544,0.3795,0.5886,0.6792,0.5799,0.522,0.3128,0.4755,0.2525,0.5216,0.3047,0.2094,0.1596,0.3488,
1.0,0.9992,0.9668,0.966,0.9695,0.9966,0.9947,0.9911,0.9859,0.9269,0.7423,0.929,0.9094,0.8416,0.8045,0.8569,0.6868,0.829,0.9425,0.7847,0.6092,0.9549,0.7136,0.6189,0.5925,0.6188,0.852,0.5736,0.6048,0.7865,0.5142,0.5589,0.3779,0.582,0.6777,0.5782,0.5235,0.3248,0.4719,0.2487,0.5187,0.3139,0.209,0.1621,0.3506,
1.0,0.9989,0.9684,0.9673,0.9707,0.9971,0.9947,0.9902,0.9855,0.9209,0.7369,0.9329,0.9044,0.8378,0.8013,0.8538,0.6875,0.8256,0.9417,0.7829,0.6086,0.9512,0.7178,0.6224,0.6043,0.6205,0.8552,0.5723,0.6136,0.7822,0.5033,0.5611,0.381,0.5869,0.6777,0.5754,0.5245,0.3168,0.4652,0.2635,0.5239,0.3057,0.2132,0.161,0.3464,
1.0,0.9987,0.9656,0.9643,0.9693,0.9971,0.9946,0.9905,0.9847,0.9245,0.7341,0.9277,0.9081,0.837,0.7992,0.8542,0.6797,0.8219,0.9386,0.7824,0.6084,0.9559,0.7274,0.6181,0.6111,0.6138,0.8561,0.5658,0.6211,0.7858,0.5108,0.5527,0.3902,0.597,0.6768,0.5877,0.5234,0.3158,0.4828,0.2624,0.5219,0.3216,0.2111,0.1637,0.356,
1.0,0.9992,0.9694,0.9686,0.9705,0.9974,0.9955,0.9909,0.9852,0.9272,0.742,0.9345,0.9114,0.8422,0.8037,0.8627,0.689,0.8283,0.9377,0.7861,0.6046,0.9533,0.716,0.6151,0.6031,0.6182,0.8551,0.5728,0.6183,0.7871,0.5074,0.56,0.3851,0.5953,0.6788,0.5778,0.5139,0.318,0.4829,0.2547,0.527,0.3164,0.2107,0.1558,0.3586,
1.0,0.9989,0.9681,0.967,0.9697,0.9977,0.9958,0.9896,0.9834,0.9238,0.7317,0.9312,0.9073,0.8352,0.7952,0.8557,0.6828,0.8214,0.9367,0.7825,0.6045,0.9503,0.721,0.6126,0.6133,0.6091,0.8579,0.5604,0.6293,0.7804,0.4981,0.5489,0.3927,0.595,0.67,0.5838,0.5204,0.3165,0.4786,0.2634,0.5261,0.3125,0.2089,0.1602,0.3548,
1.0,0.999,0.9699,0.9689,0.9682,0.9966,0.9944,0.9918,0.9861,0.9225,0.7348,0.9313,0.907,0.841,0.8033,0.8547,0.6926,0.8275,0.9375,0.7834,0.6053,0.955,0.7191,0.6205,0.6098,0.6098,0.8581,0.5738,0.6228,0.7827,0.5059,0.5568,0.3898,0.5904,0.6697,0.5767,0.5157,0.3205,0.4845,0.2577,0.5218,0.3136,0.204,0.1598,0.3621,
1.0,0.9986,0.9665,0.9651,0.9698,0.9968,0.9947,0.9909,0.985,0.925,0.7436,0.9293,0.9088,0.8468,0.81,0.8555,0.6911,0.8347,0.9419,0.7847,0.6155,0.955,0.7225,0.6237,0.6054,0.6211,0.8562,0.574,0.6141,0.7868,0.511,0.5589,0.3903,0.5911,0.6752,0.5805,0.5231,0.3219,0.4826,0.2646,0.5218,0.3171,0.21,0.1611,0.359,
1.0,0.9994,0.9674,0.9668,0.9711,0.9971,0.9957,0.9916,0.9871,0.9249,0.746,0.9318,0.9084,0.8429,0.8059,0.8579,0.6854,0.831,0.9418,0.7802,0.6133,0.9539,0.7223,0.6248,0.6101,0.622,0.8514,0.57,0.6214,0.784,0.5062,0.5565,0.3876,0.5882,0.6817,0.586,0.5186,0.3114,0.4736,0.2586,0.5243,0.3111,0.2099,0.1619,0.3553,
1.0,0.9989,0.9663,0.9652,0.9701,0.9979,0.996,0.9905,0.9858,0.9243,0.7378,0.9291,0.9079,0.8406,0.8007,0.8533,0.6867,0.8285,0.9407,0.7842,0.6097,0.9524,0.7238,0.6218,0.6058,0.6128,0.8584,0.5688,0.6165,0.7812,0.5088,0.5522,0.3906,0.5852,0.6704,0.5837,0.5219,0.3186,0.4748,0.2609,0.5209,0.3181,0.2045,0.1611,0.3543,
1.0,0.9987,0.9655,0.9642,0.9701,0.9974,0.9948,0.989,0.9842,0.9227,0.7335,0.9296,0.906,0.839,0.7978,0.8543,0.6778,0.8248,0.9428,0.7789,0.6128,0.9484,0.7209,0.6226,0.6032,0.6096,0.8552,0.5614,0.6203,0.7754,0.5076,0.5445,0.3892,0.5823,0.6617,0.5845,0.5247,0.3154,0.4793,0.2565,0.522,0.3099,0.2036,0.1649,0.3453,
1.0,0.9992,0.9665,0.9657,0.9686,0.9975,0.9958,0.9912,0.985,0.9251,0.7393,0.9301,0.911,0.8411,0.802,0.8567,0.6813,0.8288,0.9448,0.7794,0.6225,0.952,0.7329,0.6305,0.6078,0.6194,0.8583,0.5708,0.6278,0.7861,0.5055,0.5599,0.3947,0.5932,0.6842,0.5915,0.5282,0.3211,0.4828,0.266,0.5291,0.3215,0.2107,0.1697,0.3607,
1.0,0.9986,0.9666,0.9652,0.9693,0.9967,0.9941,0.9906,0.9861,0.924,0.7342,0.9291,0.9074,0.8373,0.7989,0.8539,0.6795,0.8231,0.9412,0.7802,0.6102,0.9498,0.7231,0.62,0.6055,0.6104,0.8561,0.5663,0.6213,0.7849,0.5128,0.5514,0.3961,0.5879,0.6828,0.5876,0.5203,0.3223,0.4782,0.2593,0.525,0.3163,0.2078,0.1614,0.3554,
1.0,0.9988,0.967,0.9658,0.9673,0.9973,0.9949,0.9899,0.9853,0.9224,0.7316,0.9277,0.906,0.8385,0.8015,0.8517,0.6888,0.8244,0.9372,0.785,0.6087,0.9515,0.726,0.6196,0.6069,0.6056,0.8608,0.5643,0.6285,0.7775,0.5022,0.5488,0.3866,0.5903,0.6758,0.584,0.522,0.3138,0.4885,0.2679,0.5389,0.3092,0.2079,0.1595,0.3674,
1.0,0.9992,0.9701,0.9693,0.9742,0.9969,0.9954,0.9913,0.9856,0.9261,0.7439,0.9374,0.9101,0.8385,0.8002,0.8655,0.6826,0.8245,0.9392,0.785,0.6097,0.9506,0.7193,0.6247,0.6047,0.6136,0.8525,0.5606,0.6169,0.7848,0.5079,0.5463,0.3819,0.5799,0.6738,0.5793,0.5068,0.3136,0.4638,0.2551,0.5195,0.3064,0.2088,0.1552,0.3436,
1.0,0.9995,0.9695,0.969,0.9705,0.997,0.996,0.9905,0.9852,0.9224,0.7381,0.933,0.9047,0.84,0.8009,0.8574,0.6881,0.8275,0.9419,0.7838,0.6111,0.9514,0.723,0.628,0.6069,0.615,0.8575,0.5692,0.6196,0.7823,0.5003,0.5561,0.3913,0.5877,0.677,0.5836,0.5318,0.3144,0.4734,0.2625,0.5184,0.3078,0.2052,0.1718,0.3579,
1.0,0.9989,0.9688,0.9677,0.9661,0.997,0.9949,0.9913,0.9843,0.923,0.7341,0.9293,0.9086,0.8406,0.8029,0.8524,0.6843,0.8262,0.9372,0.7766,0.6108,0.9531,0.7202,0.6177,0.596,0.6067,0.8514,0.5628,0.6222,0.7772,0.4952,0.5503,0.3802,0.5909,0.6757,0.578,0.5184,0.3118,0.4746,0.2667,0.5247,0.307,0.2128,0.1624,0.3521,
1.0,0.999,0.9661,0.9651,0.9709,0.9974,0.9955,0.9905,0.9851,0.9261,0.7417,0.931,0.9108,0.8418,0.8051,0.8583,0.684,0.8287,0.9366,0.784,0.6057,0.9543,0.7208,0.614,0.6061,0.6162,0.8548,0.5657,0.6196,0.7871,0.5023,0.5534,0.3905,0.5964,0.6668,0.5787,0.5129,0.314,0.4834,0.2582,0.5164,0.3143,0.2043,0.1597,0.3565,
1.0,0.9989,0.9659,0.9648,0.9699,0.9973,0.9947,0.9914,0.9864,0.9207,0.7371,0.9299,0.9057,0.8411,0.8053,0.8521,0.6876,0.8276,0.9422,0.7841,0.6165,0.95,0.7202,0.6295,0.6008,0.6111,0.859,0.5669,0.6169,0.7777,0.5024,0.55,0.3837,0.5778,0.6732,0.5789,0.5228,0.3161,0.4738,0.2641,0.5231,0.3064,0.2075,0.1583,0.345,
1.0,0.9992,0.966,0.9652,0.9684,0.9973,0.9954,0.9909,0.9864,0.9233,0.7364,0.9283,0.9078,0.8393,0.8026,0.8531,0.6905,0.8274,0.9407,0.7856,0.614,0.9533,0.7251,0.621,0.6043,0.6084,0.8601,0.5688,0.6238,0.7808,0.4991,0.5444,0.3825,0.5979,0.6744,0.5892,0.5279,0.3044,0.4831,0.2724,0.5278,0.312,0.2056,0.1651,0.3655,
1.0,0.9991,0.9688,0.9679,0.9704,0.9967,0.9952,0.9917,0.9862,0.9228,0.7401,0.9311,0.9052,0.843,0.8074,0.8541,0.6904,0.831,0.9425,0.7816,0.6168,0.9531,0.7242,0.6313,0.6127,0.6183,0.8554,0.5685,0.6196,0.7878,0.5085,0.5519,0.39,0.5896,0.6728,0.5788,0.5138,0.3213,0.4828,0.2597,0.5192,0.3176,0.1984,0.1652,0.3556,
1.0,0.9986,0.9676,0.9662,0.9714,0.9973,0.9946,0.9904,0.9859,0.9265,0.7421,0.9324,0.9111,0.8399,0.8017,0.8602,0.6804,0.8276,0.9398,0.7816,0.6158,0.9518,0.7247,0.6256,0.6112,0.617,0.8532,0.5699,0.6297,0.7879,0.5152,0.5528,0.3939,0.5899,0.6692,0.5922,0.515,0.3239,0.4747,0.2634,0.5122,0.3219,0.2124,0.1592,0.3504,
1.0,0.9987,0.9677,0.9664,0.9658,0.9966,0.9943,0.9901,0.9833,0.9201,0.7235,0.9269,0.9039,0.8354,0.7943,0.8487,0.6743,0.8204,0.9361,0.7707,0.6005,0.9506,0.7142,0.6103,0.5986,0.6003,0.8549,0.5603,0.6169,0.7712,0.5,0.5417,0.3854,0.5824,0.6661,0.57,0.5144,0.3137,0.4795,0.2498,0.5251,0.3091,0.2036,0.1567,0.3516,
1.0,0.9981,0.9681,0.9662,0.9706,0.9977,0.9948,0.9886,0.9833,0.9215,0.7276,0.9322,0.9052,0.834,0.7954,0.8544,0.6759,0.8211,0.94,0.782,0.607,0.9493,0.7202,0.6205,0.6044,0.6054,0.8558,0.5606,0.6225,0.7808,0.5001,0.5422,0.3932,0.5927,0.6747,0.5781,0.5243,0.3125,0.4829,0.2598,0.5234,0.3139,0.2075,0.1638,0.3502,
1.0,0.9992,0.9694,0.9686,0.9685,0.9975,0.9954,0.9881,0.9833,0.9251,0.736,0.9315,0.9068,0.8401,0.7986,0.8577,0.6759,0.8265,0.9435,0.7744,0.6164,0.9524,0.7291,0.6279,0.6115,0.6156,0.8484,0.5651,0.6241,0.7787,0.5071,0.5597,0.3952,0.596,0.6816,0.5921,0.5203,0.3231,0.4759,0.2594,0.5202,0.3112,0.2077,0.1686,0.3556,
1.0,0.9991,0.9666,0.9657,0.9704,0.997,0.9948,0.99,0.9852,0.925,0.7392,0.931,0.9086,0.8397,0.8018,0.8571,0.6833,0.8274,0.9444,0.7838,0.6163,0.9527,0.7258,0.6268,0.6044,0.6171,0.8578,0.5731,0.6213,0.7866,0.5055,0.5582,0.3828,0.5938,0.6743,0.5823,0.5247,0.3151,0.4772,0.2636,0.5218,0.3079,0.1984,0.16,0.3508,
1.0,0.9991,0.9668,0.9659,0.9735,0.9972,0.9952,0.991,0.9853,0.9296,0.7431,0.9333,0.9126,0.8385,0.8002,0.8639,0.6823,0.8239,0.9401,0.7893,0.6152,0.9503,0.7256,0.6214,0.6084,0.6204,0.855,0.5659,0.6267,0.7946,0.5134,0.5547,0.3973,0.5978,0.6816,0.5905,0.5217,0.3209,0.4789,0.2689,0.53,0.3263,0.2187,0.1657,0.3585,
1.0,0.9988,0.9666,0.9654,0.9705,0.9977,0.9958,0.9905,0.9848,0.9267,0.7418,0.9308,0.9118,0.843,0.8064,0.8593,0.6839,0.8307,0.9426,0.7846,0.6197,0.9513,0.7254,0.6301,0.6052,0.6195,0.8512,0.5658,0.6207,0.7834,0.5025,0.5504,0.3891,0.5858,0.6722,0.5815,0.5129,0.3165,0.4765,0.2588,0.5228,0.309,0.2152,0.164,0.3496,
1.0,0.9985,0.966,0.9645,0.9681,0.9973,0.9947,0.9891,0.9832,0.9269,0.7307,0.9277,0.9108,0.8338,0.7951,0.8555,0.6796,0.8196,0.9442,0.7881,0.6134,0.9515,0.7287,0.6198,0.6071,0.6161,0.8571,0.5672,0.6269,0.779,0.5024,0.5482,0.3829,0.5909,0.6883,0.5895,0.5206,0.31,0.487,0.2569,0.5348,0.3121,0.2145,0.1606,0.3565,
1.0,0.9993,0.9678,0.9671,0.9703,0.9971,0.9954,0.9917,0.9867,0.925,0.7394,0.9308,0.9082,0.8403,0.8031,0.8568,0.6842,0.8275,0.9415,0.7819,0.614,0.954,0.7274,0.6271,0.6086,0.6135,0.8539,0.5613,0.6229,0.7834,0.5096,0.5422,0.3917,0.5908,0.674,0.5888,0.5223,0.3101,0.4761,0.2634,0.5183,0.3162,0.2057,0.1631,0.356,
1.0,0.9983,0.9693,0.9676,0.9723,0.9979,0.995,0.9887,0.9849,0.9208,0.7411,0.9338,0.9032,0.8469,0.8108,0.8552,0.6972,0.8358,0.9416,0.7853,0.619,0.9539,0.7226,0.6361,0.6146,0.6211,0.8536,0.5766,0.6279,0.7836,0.5093,0.5593,0.3938,0.592,0.6792,0.5871,0.5233,0.3195,0.4766,0.2638,0.5251,0.3178,0.215,0.1654,0.3577,
1.0,0.9987,0.9668,0.9655,0.9724,0.9974,0.9945,0.9901,0.9852,0.9245,0.7353,0.9317,0.9072,0.8345,0.7975,0.858,0.6757,0.8218,0.9399,0.7817,0.6071,0.9538,0.7213,0.6197,0.6074,0.6131,0.8518,0.5576,0.6165,0.7849,0.5083,0.5439,0.3889,0.5868,0.6712,0.5849,0.5199,0.314,0.4765,0.2582,0.5209,0.3174,0.2083,0.1663,0.3461,
1.0,0.9988,0.9682,0.967,0.9686,0.9974,0.9953,0.9905,0.9853,0.9234,0.7316,0.9313,0.9081,0.8372,0.8024,0.8552,0.6823,0.8235,0.9389,0.781,0.6101,0.9508,0.7227,0.62,0.6029,0.6084,0.853,0.5662,0.6221,0.7863,0.509,0.5502,0.3895,0.5883,0.6749,0.5821,0.516,0.3145,0.4775,0.2573,0.525,0.3142,0.2083,0.1659,0.3519,
1.0,0.9992,0.9686,0.9678,0.971,0.998,0.9963,0.991,0.984,0.9258,0.7389,0.9338,0.9113,0.8393,0.7998,0.8593,0.6823,0.8254,0.9399,0.7852,0.6164,0.9533,0.7279,0.6264,0.6053,0.6155,0.8573,0.5679,0.6191,0.788,0.5073,0.5482,0.3883,0.5888,0.671,0.5788,0.5214,0.314,0.4794,0.2631,0.5238,0.3117,0.2111,0.1615,0.3473,
1.0,0.9989,0.9686,0.9675,0.9727,0.9972,0.9943,0.9892,0.9845,0.9221,0.7413,0.936,0.9066,0.8434,0.8065,0.8593,0.6875,0.8283,0.9397,0.7852,0.6093,0.9484,0.7175,0.6257,0.6063,0.6192,0.8565,0.5694,0.6158,0.7846,0.5074,0.5568,0.3926,0.5864,0.671,0.5796,0.5221,0.3127,0.4722,0.2608,0.5215,0.3154,0.2081,0.1601,0.3587,
1.0,0.999,0.9685,0.9675,0.9687,0.9971,0.9952,0.9903,0.9858,0.9212,0.7304,0.9312,0.9053,0.8364,0.7997,0.8532,0.6825,0.8231,0.9414,0.7794,0.6036,0.9525,0.7162,0.6169,0.6042,0.6055,0.8546,0.562,0.6177,0.7801,0.5068,0.5511,0.3917,0.6,0.6837,0.5817,0.523,0.3069,0.4882,0.2568,0.5254,0.3172,0.2103,0.1607,0.3584,
1.0,0.9984,0.9687,0.9671,0.9676,0.9976,0.9952,0.9897,0.9835,0.9245,0.7423,0.9291,0.9088,0.8464,0.81,0.8542,0.6962,0.8324,0.9394,0.7872,0.6159,0.9519,0.7173,0.6252,0.5967,0.6189,0.8618,0.5747,0.6107,0.7848,0.5063,0.5566,0.3818,0.5927,0.672,0.5805,0.529,0.314,0.4768,0.2634,0.5243,0.3122,0.2066,0.1644,0.3517,
1.0,0.9985,0.9684,0.9669,0.9698,0.9973,0.9951,0.9905,0.984,0.9258,0.7369,0.9325,0.9113,0.8391,0.8006,0.8588,0.684,0.8232,0.9401,0.7851,0.6139,0.9517,0.7245,0.6253,0.6052,0.6149,0.8562,0.5705,0.6224,0.7862,0.5103,0.555,0.3866,0.5823,0.6703,0.583,0.5242,0.3148,0.4652,0.2586,0.5213,0.3091,0.2022,0.1616,0.344,
1.0,0.9985,0.9663,0.9648,0.9668,0.998,0.9954,0.9908,0.9841,0.9204,0.7337,0.9262,0.906,0.8405,0.8014,0.8479,0.6856,0.8262,0.9392,0.7767,0.6091,0.9542,0.7204,0.617,0.6021,0.6147,0.8597,0.5706,0.6165,0.7813,0.5018,0.557,0.3839,0.5828,0.6719,0.5763,0.5154,0.3195,0.4767,0.2535,0.5251,0.306,0.2064,0.1562,0.353,
1.0,0.999,0.9684,0.9674,0.9699,0.9975,0.9955,0.9904,0.9861,0.9253,0.7375,0.9319,0.9092,0.8382,0.8019,0.8583,0.6858,0.8249,0.9437,0.7837,0.6144,0.9516,0.7284,0.6272,0.6061,0.61,0.8588,0.5658,0.6248,0.7889,0.508,0.5484,0.3889,0.5927,0.6818,0.5897,0.5214,0.3128,0.4901,0.2567,0.534,0.3212,0.2089,0.1639,0.3645,
1.0,0.9981,0.9675,0.9656,0.9672,0.9972,0.9943,0.9905,0.9862,0.9203,0.7281,0.9284,0.9053,0.8335,0.7975,0.8505,0.6782,0.822,0.942,0.7752,0.6047,0.9548,0.7201,0.6179,0.6033,0.6069,0.8552,0.5627,0.6144,0.7793,0.5034,0.5523,0.3872,0.5864,0.6767,0.578,0.524,0.3123,0.478,0.2555,0.5301,0.31,0.207,0.1653,0.3514,
1.0,0.9992,0.9662,0.9654,0.9714,0.9973,0.9954,0.9905,0.9847,0.9253,0.7448,0.9314,0.9092,0.8432,0.8045,0.8586,0.6856,0.8293,0.9395,0.7837,0.617,0.9528,0.7281,0.6298,0.6094,0.6209,0.856,0.5724,0.6216,0.7892,0.5069,0.5563,0.3893,0.5898,0.6743,0.5814,0.5295,0.3186,0.4789,0.2716,0.5263,0.3155,0.2071,0.1707,0.3482,
1.0,0.9994,0.9657,0.9651,0.971,0.9975,0.9958,0.9911,0.9859,0.9218,0.7345,0.9298,0.9055,0.8377,0.8005,0.8526,0.6806,0.825,0.9407,0.7784,0.6076,0.9545,0.7218,0.6204,0.6087,0.6133,0.8525,0.5572,0.6143,0.7773,0.4952,0.54,0.3916,0.5866,0.6677,0.5786,0.5194,0.3127,0.4798,0.2547,0.5212,0.311,0.2029,0.1676,0.3604,
